x,y,imputed,ind,men,men_1ind,men_5ind,men_coll,men_fmp,men_mais,men_pauv,men_prop,men_surf
0,0,1,2,0.7,0.2,0,0.1,0,0.6,0.1,0.4,75.7
2,0,1,8.5,3.7,1,0.2,0.9,0.3,2.8,0.3,2.6,383.7
3,0,1,16,6.9,1.9,0.4,1.7,0.5,5.2,0.5,4.9,722.2
4,0,1,1,0.4,0.1,0,0.1,0,0.3,0,0.3,45.1
10,0,1,15,4.9,0.6,0.6,1.2,0,3.7,0,4,590.5
22,0,1,1,0.3,0,0,0,0,0.3,0,0.3,45.5
30,0,1,4,1.3,0.3,0.1,0,0.2,1.3,0,1.2,179.3
33,0,1,3,1.1,0.1,0,0.2,0.1,0.9,0.1,0.9,114.2
34,0,1,20,7.4,0.5,0.3,1.1,0.8,6.3,0.5,5.8,761.3
36,0,1,6,2.2,0.4,0.2,0,0,2.2,0.1,1.7,245.1
37,0,1,13,4.8,0.9,0.3,0,0,4.8,0.2,3.6,530.9
39,0,1,17,6.3,1.1,0.4,0,0,6.3,0.2,4.7,694.3
40,0,1,18,6.6,1.2,0.5,0,0,6.6,0.2,5,735.2
47,0,1,4,1.7,0.6,0.1,0.1,0,1.6,0.1,1.6,198.2
48,0,1,8,3.4,1.2,0.2,0.2,0.1,3.2,0.2,3.2,396.4
49,0,1,5,2.1,0.8,0.1,0.1,0.1,2,0.1,2,247.8
53,0,1,4,1.6,0.4,0.1,0,0.1,1.6,0.1,1.3,180.7
56,0,1,5,1.9,0.5,0.2,0,0.1,1.9,0.2,1.4,202.4
64,0,1,11,3.9,0.4,0.5,0.2,0.5,3.7,0.7,3.6,517.1
65,0,1,7,2.5,0.2,0.3,0.1,0.3,2.4,0.5,2.3,329.1
66,0,1,10,4.3,1.2,0.2,0,0.2,4.3,0.3,3.8,505.9
67,0,1,1,0.4,0.1,0,0,0,0.4,0,0.4,50.6
68,0,0,44,16,3,2,1,1,15,0,16,1620
69,0,1,14,6,1.6,0.3,0,0.3,6,0.4,5.3,708.3
70,0,1,7,3,0.8,0.1,0,0.1,3,0.2,2.7,354.1
73,0,1,4,1.4,0.2,0,0.1,0.1,1.3,0.1,1.2,157.8
74,0,1,3,1.1,0.1,0,0.1,0.1,1,0,0.9,118.4
78,0,1,3,1,0.1,0.1,0,0.1,1,0,0.7,110.9
83,0,1,8,2.9,0.2,0.2,0,0.2,2.9,0.2,2.7,306.3
84,0,0,50.5,18,1,0,0,3,18,0,17,2079
85,0,0,51,18,2,1,3,2,15,0,17,2015
86,0,0,29,11,2,0,1,2,10,1,11,1288
87,0,0,44,17,5,1,6,0,11,1,11,1925
88,0,1,2,0.8,0.3,0,0.1,0.1,0.7,0,0.7,94.3
91,0,1,4,1.5,0.3,0.1,0,0.2,1.5,0.1,1.4,182.3
94,0,1,4,1.5,0.3,0.1,0,0.2,1.5,0.1,1.4,182.3
100,0,1,6,2.5,0.6,0,1,0.6,1.5,0.2,1.9,260.8
107,0,1,9,3.6,0.8,0.3,0,0.2,3.6,0,3.6,399.6
108,0,1,18,7.2,1.5,0.7,0,0.4,7.2,0,7.2,799.2
109,0,1,16,6.4,1.3,0.6,0,0.4,6.4,0,6.4,710.4
111,0,1,10,3.5,0.8,0.2,0,0,3.5,0.2,3.1,422.5
112,0,1,1,0.4,0.1,0,0,0,0.4,0,0.3,42.3
124,0,1,3,1.2,0.2,0.2,0.3,0,0.9,0,1,118.1
125,0,0,74.5,29,7,3,0,2,29,1,27,3190
126,0,0,60,23,2,1,0,3,23,0,23,2937
127,0,0,34,14,6,2,2,0,12,1,9,1328
0,1,1,1,0.3,0.1,0,0,0,0.3,0,0.2,37.9
1,1,1,11,4.8,1.3,0.3,1.2,0.4,3.6,0.4,3.4,496.5
3,1,1,3,1.3,0.4,0.1,0.3,0.1,1,0.1,0.9,135.4
4,1,1,15,6.5,1.8,0.4,1.7,0.5,4.8,0.5,4.6,677.1
5,1,1,8,3.5,1,0.2,0.9,0.3,2.6,0.3,2.5,361.1
6,1,1,13,4.2,0.5,0.5,1,0,3.2,0,3.4,511.8
8,1,1,2,0.7,0.1,0.1,0.2,0,0.5,0,0.5,78.7
9,1,1,6,2,0.2,0.2,0.5,0,1.5,0,1.6,236.2
10,1,1,1,0.3,0,0,0.1,0,0.2,0,0.3,39.4
12,1,1,4,2,0.6,0,0.3,0.2,1.7,0.6,1.1,223.6
29,1,1,4,1.3,0.3,0.1,0,0.2,1.3,0,1.2,179.3
37,1,1,14,5.2,0.9,0.4,0,0,5.2,0.2,3.9,571.8
38,1,1,1,0.4,0.1,0,0,0,0.4,0,0.3,40.8
47,1,1,4,1.7,0.6,0.1,0.1,0,1.6,0.1,1.6,198.2
48,1,1,3,1.3,0.4,0.1,0.1,0,1.2,0.1,1.2,148.7
49,1,1,5,2.1,0.8,0.1,0.1,0.1,2,0.1,2,247.8
53,1,1,12,4.9,1.3,0.3,0.2,0.3,4.7,0.2,3.8,542.1
62,1,1,5.5,2,0.2,0.3,0.1,0.3,1.9,0.4,1.8,258.5
68,1,1,2,0.9,0.2,0,0,0,0.9,0.1,0.8,101.2
69,1,1,12,5.2,1.4,0.3,0,0.3,5.2,0.4,4.5,607.1
70,1,1,6,2.6,0.7,0.1,0,0.1,2.6,0.2,2.3,303.5
72,1,1,2,0.7,0.1,0,0,0.1,0.7,0,0.6,78.9
73,1,1,2,0.7,0.1,0,0,0.1,0.7,0,0.6,78.9
81,1,1,2,0.7,0.1,0.1,0,0.1,0.7,0.1,0.7,76.6
83,1,1,8,2.9,0.2,0.2,0,0.2,2.9,0.2,2.7,306.3
84,1,0,84,28,2,4,6,7,22,2,21,3129
85,1,0,66.5,20,2,3,2,0,18,0,16,2128
86,1,0,34.5,13,3,0,0,1,13,1,11,1202
87,1,1,14,5.6,1.9,0,0.9,0.5,4.7,0,5.1,660.3
94,1,1,13,5,1.1,0.4,0,0.5,5,0.3,4.6,592.4
107,1,1,3,1.2,0.3,0.1,0,0.1,1.2,0,1.2,133.2
108,1,1,7,2.8,0.6,0.3,0,0.2,2.8,0,2.8,310.8
109,1,1,8,3.2,0.7,0.3,0,0.2,3.2,0,3.2,355.2
124,1,1,2,0.8,0.2,0.1,0.2,0,0.6,0,0.7,78.7
125,1,0,87,34,8,4,0,6,34,0,29,3755
126,1,0,76,25,5,5,0,1,25,0,24,2691
127,1,0,115,49,15,3,24,9,25,6,20,4384
3,2,1,12,5.2,1.4,0.3,1.3,0.4,3.9,0.4,3.7,541.7
4,2,0,50,17,3,2,0,1,17,0,16,1943
5,2,1,4,1.7,0.5,0.1,0.4,0.1,1.3,0.1,1.2,180.6
6,2,0,51,19,3,1,2,1,17,1,17,1887
7,2,1,10,3.3,0.4,0.4,0.8,0,2.5,0,2.7,393.7
16,2,1,5,2.2,0.2,0,0,0.6,2.2,0,2.1,288.7
18,2,1,2,0.9,0.1,0,0,0.2,0.9,0,0.8,115.5
22,2,1,5,1.7,0.1,0.1,0,0.1,1.7,0.1,1.6,227.7
23,2,1,10,3.5,0.3,0.1,0,0.3,3.5,0.3,3.2,455.3
37,2,1,4,1.5,0.3,0.1,0,0,1.5,0.1,1.1,163.4
53,2,1,8,3.3,0.8,0.2,0.1,0.2,3.2,0.1,2.5,361.4
54,2,1,15,6.1,1.6,0.4,0.2,0.4,5.9,0.2,4.7,677.6
55,2,1,4,1.6,0.4,0.1,0,0.1,1.6,0.1,1.3,180.7
57,2,1,12,4.6,1.1,0.6,0,0.3,4.6,0.6,3.4,485.7
58,2,1,5,1.9,0.5,0.2,0,0.1,1.9,0.2,1.4,202.4
70,2,1,7,3,0.8,0.1,0,0.1,3,0.2,2.7,354.1
71,2,1,2,0.7,0.1,0,0,0.1,0.7,0,0.6,78.9
72,2,1,20,7.2,0.8,0.2,0.5,0.6,6.7,0.3,6.2,789.1
73,2,1,25,9,1,0.2,0.6,0.8,8.4,0.4,7.8,986.3
74,2,1,11,4,0.4,0.1,0.3,0.3,3.7,0.2,3.4,434
76,2,1,16,5.3,0.6,0.4,0,0.4,5.3,0.2,3.8,591.7
81,2,0,36,11,1,1,0,1,11,1,10,1338
82,2,0,30,11,3,2,0,1,11,1,10,1085
83,2,0,137,50,10,3,19,2,31,4,39,4295
84,2,0,109,34,4,5,0,1,34,0,32,3500
85,2,0,34.5,11,0,0,0,3,11,1,11,1558
86,2,1,3,1.2,0.4,0,0.2,0.1,1,0,1.1,141.5
89,2,1,3,1.2,0.4,0,0.2,0.1,1,0,1.1,141.5
99,2,1,7,2.9,0.7,0,1.2,0.7,1.7,0.2,2.2,304.3
100,2,1,10.5,4.4,1.1,0,1.8,1.1,2.6,0.4,3.3,456.5
101,2,1,5,2,0.3,0.1,0,0.3,2,0,2,245.5
105,2,1,1,0.4,0.1,0,0,0.1,0.4,0,0.4,49.1
106,2,1,7,2.8,0.6,0.3,0,0.2,2.8,0,2.8,310.8
124,2,1,8,3.1,0.6,0.4,0.8,0,2.3,0,2.7,314.9
125,2,0,75,35,9,1,8,6,27,1,27,3637
126,2,1,25,10.2,3,0.7,2.6,1.3,7.6,0.7,7.4,931.3
127,2,0,52.5,31,15,0,15,5,16,5,13,2748
1,3,1,7,3,0.8,0.2,0.8,0.2,2.2,0.2,2.1,316
3,3,0,114,33,0,5,0,6,33,1,28,4010
4,3,0,117.5,48,10,3,8,7,40,1,43,4582
5,3,0,96.5,35,6,3,4,3,31,0,28,3349
6,3,0,89.5,36,5,0,9,11,27,2,24,3557
12,3,1,9.5,4.9,1.3,0,0.9,0.4,4,1.3,2.7,531.1
13,3,1,5,2.6,0.7,0,0.5,0.2,2.1,0.7,1.4,279.5
17,3,1,2,0.9,0.1,0,0,0.2,0.9,0,0.8,115.5
18,3,1,14,6.1,0.7,0,0,1.7,6.1,0,5.8,808.2
19,3,1,6,2.6,0.3,0,0,0.7,2.6,0,2.5,346.4
21,3,1,6,2.1,0.2,0.1,0,0.2,2.1,0.2,1.9,273.2
23,3,1,4,1.4,0.1,0.1,0,0.1,1.4,0.1,1.3,182.1
31,3,1,2,0.7,0.1,0,0.1,0.1,0.6,0.1,0.6,76.1
32,3,1,17,6.3,0.4,0.2,0.9,0.7,5.4,0.4,4.9,647.1
44,3,1,5,1.7,0.4,0.4,0.1,0.2,1.6,0.2,1.4,174.9
45,3,1,2,0.7,0.1,0.2,0,0.1,0.7,0.1,0.6,69.9
46,3,1,20,8.5,3,0.5,0.5,0.2,8,0.5,8,991
47,3,1,4,1.7,0.6,0.1,0.1,0,1.6,0.1,1.6,198.2
54,3,1,11,4.5,1.2,0.3,0.2,0.3,4.3,0.1,3.5,496.9
55,3,1,13,5.3,1.4,0.3,0.2,0.3,5.1,0.2,4.1,587.2
57,3,1,2,0.8,0.2,0.1,0,0,0.8,0.1,0.6,81
58,3,1,6,2.3,0.6,0.3,0,0.1,2.3,0.3,1.7,242.9
61,3,1,5,1.8,0.2,0.2,0.1,0.2,1.7,0.3,1.6,235
62,3,1,2,0.7,0.1,0.1,0,0.1,0.7,0.1,0.7,94
69,3,1,18,7.8,2.1,0.4,0,0.4,7.8,0.6,6.8,910.6
70,3,1,2,0.9,0.2,0,0,0,0.9,0.1,0.8,101.2
71,3,1,8,2.9,0.3,0.1,0.2,0.2,2.7,0.1,2.5,315.6
72,3,1,16,5.8,0.6,0.1,0.4,0.5,5.4,0.2,5,631.2
73,3,1,26,9.3,1,0.2,0.6,0.8,8.7,0.4,8.1,1025.8
74,3,1,3,1.1,0.1,0,0.1,0.1,1,0,0.9,118.4
79,3,1,4,1.3,0.2,0.1,0,0.1,1.3,0.1,1,147.9
80,3,0,49.5,16,3,3,4,2,12,0,12,1597
81,3,0,61,27,10,2,7,2,20,1,21,2562
82,3,0,56.5,19,0,2,0,1,19,1,19,1974
83,3,0,76,25,2,4,0,3,25,0,25,2485
84,3,1,20.5,7.5,0.5,0.5,0,0.5,7.5,0.5,6.9,784.9
96,3,1,5,2.1,0.5,0,0.9,0.5,1.2,0.2,1.6,217.4
101,3,1,4,1.6,0.2,0.1,0,0.2,1.6,0,1.6,196.4
103,3,1,20,8.1,1.1,0.5,0,1.1,8.1,0,8.1,982.2
105,3,1,5,2,0.3,0.1,0,0.3,2,0,2,245.5
106,3,1,6,2.4,0.5,0.2,0,0.1,2.4,0,2.4,266.4
109,3,1,9,3.6,0.8,0.3,0,0.2,3.6,0,3.6,399.6
111,3,1,4,1.4,0.3,0.1,0,0,1.4,0.1,1.3,169
123,3,1,22,8.5,1.7,1.1,2.3,0,6.2,0,7.3,865.9
124,3,0,105.5,41,6,4,2,2,39,3,37,3938
125,3,0,48,18,4,3,4,3,14,1,12,1569
127,3,1,8,3.3,1,0.2,0.8,0.4,2.5,0.2,2.4,298
1,4,1,8,3.5,1,0.2,0.9,0.3,2.6,0.3,2.5,361.1
2,4,1,24,10.4,2.9,0.6,2.6,0.8,7.8,0.8,7.4,1083.4
3,4,0,148,43,4,11,10,4,33,1,30,4766
4,4,0,67,28,9,3,2,0,26,1,26,3023
5,4,0,104,41,7,4,4,5,37,0,35,4057
6,4,0,54,23,8,0,0,0,23,1,21,2770
10,4,1,2,0.7,0.1,0.1,0.2,0,0.5,0,0.5,78.7
12,4,1,3,1.5,0.4,0,0.3,0.1,1.2,0.4,0.8,167.7
17,4,1,11,4.8,0.5,0,0,1.3,4.8,0,4.6,635
19,4,1,1,0.4,0,0,0,0.1,0.4,0,0.4,57.7
22,4,1,20,6.9,0.5,0.3,0,0.5,6.9,0.5,6.4,910.7
23,4,1,4,1.4,0.1,0.1,0,0.1,1.4,0.1,1.3,182.1
24,4,1,6,2.1,0.2,0.1,0,0.2,2.1,0.2,1.9,273.2
25,4,1,19,6.6,0.5,0.3,0,0.5,6.6,0.5,6.1,865.1
30,4,1,6,2,0.4,0.1,0,0.3,2,0,1.7,268.9
31,4,1,20,7.4,0.5,0.3,1.1,0.8,6.3,0.5,5.8,761.3
32,4,1,9,3.3,0.2,0.1,0.5,0.4,2.8,0.2,2.6,342.6
34,4,1,1,0.4,0,0,0.1,0,0.3,0,0.3,38.1
35,4,1,4,1.5,0.1,0.1,0.2,0.2,1.3,0.1,1.2,152.3
38,4,1,3,1.1,0.2,0.1,0,0,1.1,0,0.8,122.5
44,4,1,5,1.7,0.4,0.4,0.1,0.2,1.6,0.2,1.4,174.9
45,4,1,1,0.3,0.1,0.1,0,0,0.3,0,0.3,35
46,4,1,8,3.4,1.2,0.2,0.2,0.1,3.2,0.2,3.2,396.4
47,4,1,10,4.2,1.5,0.2,0.2,0.1,4,0.2,4,495.5
48,4,1,6,2.5,0.9,0.1,0.1,0.1,2.4,0.1,2.4,297.3
49,4,1,1,0.4,0.2,0,0,0,0.4,0,0.4,49.6
50,4,1,2,0.9,0.3,0,0.1,0,0.8,0,0.8,99.1
54,4,1,3,1.2,0.3,0.1,0,0.1,1.2,0,0.9,135.5
55,4,1,6,2.4,0.6,0.2,0.1,0.2,2.3,0.1,1.9,271
56,4,1,4,1.5,0.4,0.2,0,0.1,1.5,0.2,1.1,161.9
58,4,1,3,1.1,0.3,0.1,0,0.1,1.1,0.1,0.9,121.4
60,4,1,5,1.9,0.5,0.2,0,0.1,1.9,0.2,1.4,202.4
61,4,1,2,0.7,0.1,0.1,0,0.1,0.7,0.1,0.7,94
65,4,1,3,1.1,0.1,0.1,0.1,0.1,1,0.2,1,141
67,4,1,6,2.6,0.7,0.1,0,0.1,2.6,0.2,2.3,303.5
68,4,1,8,3.5,0.9,0.2,0,0.2,3.5,0.3,3,404.7
69,4,1,2,0.9,0.2,0,0,0,0.9,0.1,0.8,101.2
72,4,1,6,2.2,0.2,0,0.2,0.2,2,0.1,1.9,236.7
73,4,0,46,19,4,0,0,0,19,0,17,2312
74,4,0,79,27,5,4,14,1,13,1,21,2652
75,4,0,30,18,10,0,6,0,12,3,15,1640
76,4,1,2.5,0.8,0.1,0.1,0,0.1,0.8,0,0.6,92.5
77,4,1,17,5.6,0.7,0.5,0,0.5,5.6,0.2,4.1,628.7
78,4,1,33,10.9,1.3,0.9,0,0.9,10.9,0.4,7.9,1220.3
79,4,0,89.5,28,2,3,0,1,28,1,28,3060
80,4,0,54,22,5,2,1,1,21,1,19,2345
81,4,0,144,60,17,2,36,14,24,5,23,4842
82,4,0,79,26,3,1,0,2,26,1,25,2950
83,4,0,30,11,2,0,1,1,10,1,8,1132
86,4,1,3,1.2,0.4,0,0.2,0.1,1,0,1.1,141.5
90,4,1,5,2,0.7,0,0.3,0.2,1.7,0,1.8,235.8
102,4,0,46,20,9,1,4,0,16,0,20,1954
103,4,1,2,0.8,0.1,0.1,0,0.1,0.8,0,0.8,98.2
116,4,1,5,1.8,0.3,0.1,0,0.1,1.8,0.1,1.5,194.6
122,4,0,32,12,2,0,4,2,8,0,10,1046
123,4,0,134,57,19,5,18,3,39,3,37,5023
124,4,0,39,17,3,1,0,1,17,0,17,1711
125,4,1,4,1.5,0.3,0.2,0.4,0,1.1,0,1.3,157.4
126,4,1,5,2,0.6,0.1,0.5,0.3,1.5,0.1,1.5,186.3
127,4,0,74,30,6,1,0,0,30,2,25,2876
0,5,1,23,8.4,1.2,0.7,1.4,1.2,7,0,6.8,1059.4
1,5,0,40.5,17,3,0,2,1,15,1,16,1667
2,5,0,66,26,4,0,0,1,26,2,24,2887
3,5,0,97.5,40,10,3,10,5,30,0,32,4148
4,5,0,240.5,102,38,7,62,16,40,17,28,7628
5,5,0,46,20,6,0,4,0,16,2,14,1868
6,5,0,122.5,47,7,3,4,2,43,2,38,4505
7,5,0,73.5,28,5,1,11,5,17,2,22,2769
8,5,1,48,18.5,2.5,1.7,0.8,5.9,17.7,0,14.3,1916.6
12,5,1,12,4.9,1.5,0.5,1.2,0.2,3.7,0.2,4.2,432.7
13,5,0,38.5,13,2,3,0,1,13,3,9,1659
16,5,1,8,3.6,0.9,0.3,0.1,0.1,3.5,0.1,3.1,423.7
17,5,1,23,10.3,2.6,0.9,0.3,0.3,10,0.3,8.8,1218.3
21,5,1,4,1.6,0.3,0.1,0.6,0.1,1,0.1,1.1,168.2
22,5,1,13,5.1,0.9,0.2,1.8,0.5,3.3,0.4,3.5,546.6
25,5,1,9,3.5,0.7,0.2,1.2,0.3,2.3,0.2,2.4,378.4
29,5,1,5,2.1,0.4,0.1,0.5,0.2,1.6,0.3,1.7,227.1
31,5,1,2,0.7,0.1,0,0,0.1,0.7,0,0.6,89.6
38,5,1,3,1,0.2,0.3,0,0.1,1,0.1,0.8,104.9
51,5,1,6,2.2,0.4,0.2,0.1,0.1,2.1,0.1,1.7,316.1
52,5,1,1,0.4,0.1,0,0,0,0.4,0,0.3,52.7
53,5,1,5,1.8,0.3,0.2,0.1,0.1,1.7,0.1,1.4,263.4
71,5,1,10,3.9,0.7,0.2,0,0.3,3.9,0.1,3.6,488.7
72,5,1,21,8.1,1.5,0.4,0,0.5,8.1,0.1,7.5,1026.3
73,5,1,20,7.7,1.4,0.4,0,0.5,7.7,0.1,7.2,977.4
74,5,0,63,20,2,2,7,2,13,0,19,1962
75,5,0,72,30,8,0,9,2,21,2,28,3005
76,5,0,145.5,61,17,4,32,10,29,4,44,5356
77,5,0,52,24,6,1,4,3,20,3,21,2184
78,5,1,12,4,0.3,0.5,0,0.2,4,0,3.8,467
79,5,0,51,17,4,3,1,2,16,1,16,2038
80,5,1,2,0.7,0.1,0.1,0,0,0.7,0,0.6,77.8
81,5,0,66,24,6,2,0,4,24,2,22,2977
82,5,1,26,8.9,1.6,0.8,0.4,0.8,8.5,1.2,8.1,1206.5
83,5,1,3,1,0.2,0.1,0,0.1,1,0.1,0.9,139.2
84,5,1,7,2.4,0.4,0.2,0.1,0.2,2.3,0.3,2.2,324.8
88,5,1,5,1.9,0.4,0.2,0,0.2,1.9,0.1,1.8,227.9
91,5,1,4,1.5,0.3,0.1,0,0.2,1.5,0.1,1.4,182.3
93,5,1,4,1.5,0.3,0.1,0,0.2,1.5,0.1,1.4,182.3
95,5,1,14,5.4,1.2,0.5,0,0.6,5.4,0.4,4.9,638
96,5,1,4,1.6,0.2,0.2,0,0.1,1.6,0.2,1.4,197.4
98,5,1,9,3.5,0.5,0.4,0,0.3,3.5,0.4,3.2,444.1
102,5,1,6,2.1,0.2,0.2,0.1,0.5,2,0.1,1.8,255.2
103,5,1,21,7.4,0.8,0.8,0.5,1.8,6.9,0.5,6.1,893.3
105,5,1,15,5.3,0.5,0.5,0.4,1.3,4.9,0.4,4.4,638
115,5,1,3,1.1,0.2,0.2,0,0.1,1.1,0,1,144.6
117,5,1,6,2.2,0.4,0.1,0.1,0.1,2.1,0.1,1.8,233.6
118,5,1,23,8.5,1.4,0.5,0.3,0.5,8.2,0.3,6.8,895.4
119,5,0,40,14,2,0,0,1,14,0,13,1700
122,5,0,57.5,17,2,3,4,2,13,0,15,1603
123,5,0,309,123,36,9,75,24,48,20,68,9852
124,5,0,206,84,29,9,72,11,12,14,11,6482
125,5,0,35,13,3,1,13,0,0,1,0,1113
126,5,1,16,5.1,1.5,1.5,0.7,0.4,4.4,0.7,2.9,546.9
127,5,0,150.5,56,13,7,2,9,54,6,43,5121
0,6,1,15,5.5,0.8,0.5,0.9,0.8,4.6,0,4.5,690.9
1,6,0,50,17,2,1,4,3,13,2,11,1660
2,6,0,31,11,2,2,0,0,11,0,11,1113
3,6,0,117,42,5,6,13,5,29,0,30,4423
4,6,0,235.5,113,44,6,69,26,44,8,53,9579
5,6,0,207,80,19,5,33,17,47,5,42,7396
6,6,0,152.5,61,11,3,0,3,61,3,59,6108
7,6,0,77,29,6,3,0,0,29,1,28,3072
8,6,0,97,37,5,0,2,2,35,1,34,4025
12,6,1,19,7.8,2.3,0.8,2,0.4,5.8,0.4,6.6,685.2
13,6,1,8,3.3,1,0.3,0.8,0.2,2.5,0.2,2.8,288.5
17,6,1,2,0.9,0.2,0.1,0,0,0.9,0,0.8,105.9
18,6,1,9,4,1,0.3,0.1,0.1,3.9,0.1,3.4,476.7
20,6,1,5,2.2,0.6,0.2,0,0.1,2.2,0.1,1.9,264.8
21,6,1,2,0.8,0.1,0,0.3,0.1,0.5,0.1,0.5,84.1
22,6,1,2,0.8,0.1,0,0.3,0.1,0.5,0.1,0.5,84.1
25,6,1,19,7.4,1.4,0.3,2.6,0.7,4.8,0.5,5.2,798.9
26,6,1,4,1.7,0.3,0.1,0.4,0.1,1.3,0.2,1.3,181.7
27,6,1,1,0.4,0.1,0,0.1,0,0.3,0.1,0.3,45.4
28,6,1,4,1.7,0.3,0.1,0.4,0.1,1.3,0.2,1.3,181.7
31,6,1,5,1.7,0.3,0.1,0,0.2,1.7,0,1.4,224.1
32,6,1,3,1,0.2,0.1,0,0.1,1,0,0.9,134.5
49,6,1,3,1.1,0.2,0.1,0,0,1.1,0,0.8,158
54,6,1,13,4.7,0.8,0.5,0.2,0.2,4.5,0.2,3.7,684.8
67,6,1,3,1.1,0.2,0.1,0.1,0.2,1,0.2,1.1,148.6
70,6,1,12,4.6,0.6,0.4,0.4,0.6,4.2,0.6,4.3,594.4
72,6,1,15,5.8,1.1,0.3,0,0.4,5.8,0.1,5.4,733
75,6,1,10,3.9,0.7,0.2,0,0.3,3.9,0.1,3.6,488.7
76,6,1,35,11.7,1,1.5,0,0.5,11.7,0,11.2,1362.1
77,6,0,59,23,2,2,0,1,23,0,23,2317
78,6,0,28,11,0,0,0,3,11,0,11,1455
79,6,1,17,5.7,0.5,0.7,0,0.2,5.7,0,5.4,661.6
81,6,0,50.5,16,1,1,0,4,16,1,15,1806
82,6,1,2,0.7,0.1,0.1,0,0.1,0.7,0.1,0.6,92.8
83,6,1,7,2.4,0.4,0.2,0.1,0.2,2.3,0.3,2.2,324.8
97,6,1,13,5.1,0.8,0.6,0,0.5,5.1,0.6,4.6,641.5
98,6,1,8,3.1,0.5,0.4,0,0.3,3.1,0.4,2.9,394.8
103,6,1,7,2.5,0.3,0.3,0.2,0.6,2.3,0.2,2,297.8
118,6,1,10,3.7,0.6,0.2,0.1,0.2,3.6,0.1,3,389.3
122,6,1,7,2.1,0,0.2,0.4,0.4,1.7,0,1.7,204.9
123,6,0,199,82,19,5,25,16,57,4,60,7230
124,6,0,154,65,23,6,35,9,30,9,30,5341
125,6,1,9,2.7,0,0.2,0.5,0.5,2.2,0,2.2,263.4
126,6,0,119,57,24,2,26,5,31,1,46,5064
127,6,0,156,62,20,3,12,3,50,3,58,5516
0,7,1,4,1.5,0.2,0.1,0.3,0.2,1.2,0,1.2,184.2
2,7,1,20,7.7,1.3,1.3,0,0.6,7.7,0,7.7,968.4
3,7,1,7,2.7,0.5,0.5,0,0.2,2.7,0,2.7,338.9
4,7,0,93,35,6,3,14,5,21,1,18,3214
5,7,0,62.5,22,4,3,2,2,20,1,16,2925
6,7,0,122,59,25,1,0,5,59,4,34,5036
7,7,0,186,77,20,4,39,18,38,6,31,6418
8,7,0,100.5,36,4,4,7,5,29,1,29,3784
13,7,1,8,3.3,1,0.3,0.8,0.2,2.5,0.2,2.8,288.5
20,7,1,8,3.6,0.9,0.3,0.1,0.1,3.5,0.1,3.1,423.7
21,7,1,7,2.7,0.5,0.1,0.9,0.3,1.8,0.2,1.9,294.3
23,7,1,3,1.2,0.2,0.1,0.4,0.1,0.8,0.1,0.8,126.1
24,7,1,8,3.1,0.6,0.1,1.1,0.3,2,0.2,2.2,336.4
25,7,1,3,1.2,0.2,0.1,0.4,0.1,0.8,0.1,0.8,126.1
30,7,1,2,0.8,0.2,0,0.2,0.1,0.6,0.1,0.7,90.9
39,7,1,8.5,2.9,0.6,0.8,0.1,0.4,2.8,0.4,2.4,297.2
40,7,1,2,0.7,0.1,0.2,0,0.1,0.7,0.1,0.6,69.9
48,7,1,2,0.7,0.1,0.1,0,0,0.7,0,0.6,105.4
52,7,1,2,0.7,0.1,0.1,0,0,0.7,0,0.6,105.4
53,7,1,32,11.5,2.1,1.2,0.4,0.4,11.1,0.4,9,1685.7
54,7,1,9,3.2,0.6,0.3,0.1,0.1,3.1,0.1,2.5,474.1
55,7,1,1,0.4,0.1,0,0,0,0.4,0,0.3,52.7
65,7,1,4,1.4,0.1,0.2,0,0.2,1.4,0.3,1.3,188
68,7,1,35,13.3,1.8,1.2,1.2,1.8,12.1,1.8,12.7,1733.7
69,7,1,3,1.1,0.2,0.1,0.1,0.2,1,0.2,1.1,148.6
72,7,1,14,5.4,1,0.3,0,0.4,5.4,0.1,5,684.2
73,7,1,9,3.5,0.6,0.2,0,0.2,3.5,0.1,3.2,439.8
74,7,1,3,1.2,0.2,0.1,0,0.1,1.2,0,1.1,146.6
75,7,1,1,0.4,0.1,0,0,0,0.4,0,0.4,48.9
76,7,1,2,0.7,0.1,0.1,0,0,0.7,0,0.6,77.8
89,7,1,6,2.3,0.5,0.2,0,0.3,2.3,0.2,2.1,273.4
92,7,1,5,1.9,0.4,0.2,0,0.2,1.9,0.1,1.8,227.9
94,7,1,8,3.1,0.7,0.3,0,0.3,3.1,0.2,2.8,364.6
95,7,1,7,2.7,0.6,0.2,0,0.3,2.7,0.2,2.5,319
97,7,1,2,0.8,0.1,0.1,0,0.1,0.8,0.1,0.7,98.7
98,7,1,2,0.8,0.1,0.1,0,0.1,0.8,0.1,0.7,98.7
101,7,1,5,1.8,0.2,0.2,0.1,0.4,1.7,0.1,1.5,212.7
117,7,0,77.5,28,7,2,13,3,15,3,18,2508
124,7,0,48,13,1,4,0,1,13,0,10,1269
125,7,0,241.5,96,27,9,70,25,26,23,23,7418
126,7,0,240,92,18,11,0,13,92,9,85,8773
127,7,0,26,13,4,0,0,0,13,0,13,1496
2,8,1,4,1.5,0.3,0.3,0,0.1,1.5,0,1.5,193.7
3,8,0,45,17,1,0,0,1,17,1,16,1800
4,8,0,46.5,16,2,2,0,0,16,1,16,2035
5,8,0,80,27,1,1,3,3,24,0,22,3442
6,8,0,97.5,32,2,4,0,3,32,1,31,3647
7,8,0,127,43,5,4,4,5,39,1,29,4214
8,8,0,48,22,7,0,14,1,8,1,15,1935
9,8,1,4,1.5,0.2,0.1,0,0.5,1.5,0,1.2,159.7
20,8,1,5,2.2,0.6,0.2,0,0.1,2.2,0.1,1.9,264.8
23,8,1,13,5.1,0.9,0.2,1.8,0.5,3.3,0.4,3.5,546.6
24,8,0,27,14,7,1,11,1,3,4,5,938
25,8,1,13.5,5.3,1,0.2,1.9,0.5,3.4,0.4,3.7,567.6
28,8,1,19.5,8.1,1.7,0.3,2,0.7,6.1,1,6.4,885.8
29,8,1,8,3.3,0.7,0.1,0.8,0.3,2.5,0.4,2.6,363.4
33,8,1,1,0.3,0.1,0,0,0,0.3,0,0.3,44.8
37,8,1,2,0.7,0.1,0.2,0,0.1,0.7,0.1,0.6,69.9
38,8,1,13.5,4.6,1,1.2,0.2,0.6,4.4,0.6,3.8,472.1
40,8,1,5,1.7,0.4,0.4,0.1,0.2,1.6,0.2,1.4,174.9
58,8,1,2,0.7,0.1,0.1,0,0.1,0.7,0.1,0.7,94
70,8,1,5,1.9,0.3,0.2,0.2,0.3,1.7,0.3,1.8,247.7
73,8,1,14,5.4,1,0.3,0,0.4,5.4,0.1,5,684.2
74,8,1,4,1.5,0.3,0.1,0,0.1,1.5,0,1.4,195.5
75,8,0,38,14,2,1,2,1,12,0,13,1604
79,8,1,4,1.3,0.1,0.2,0,0.1,1.3,0,1.3,155.7
81,8,1,2.5,0.9,0.2,0.1,0.1,0.1,0.8,0.1,0.8,116
82,8,1,9,3.1,0.6,0.3,0.2,0.3,2.9,0.4,2.8,417.6
91,8,1,6,2.3,0.5,0.2,0,0.3,2.3,0.2,2.1,273.4
92,8,1,1,0.4,0.1,0,0,0,0.4,0,0.4,45.6
93,8,1,6,2.3,0.5,0.2,0,0.3,2.3,0.2,2.1,273.4
98,8,1,3,1.2,0.2,0.1,0,0.1,1.2,0.1,1.1,148
99,8,1,25,9.8,1.5,1.2,0,0.9,9.8,1.2,8.9,1233.6
103,8,1,10,3.5,0.4,0.4,0.2,0.9,3.3,0.2,2.9,425.4
107,8,1,7,2.5,0.5,0.1,0,0,2.5,0.1,2.2,295.8
109,8,1,3,1.1,0.2,0.1,0,0,1.1,0.1,0.9,126.8
115,8,1,32.5,11.4,2,2,0,0.7,11.4,0,10.7,1566.7
116,8,0,38.5,16,3,0,1,1,15,0,10,1432
117,8,1,11,4.1,0.7,0.3,0.2,0.3,3.9,0.1,3.3,428.2
118,8,0,34,12,0,1,0,1,12,1,12,1596
119,8,1,5,1.8,0.3,0.1,0,0.1,1.8,0.1,1.5,194.6
121,8,1,15,4.5,0,0.4,0.8,0.8,3.7,0,3.6,439.1
122,8,1,6,1.8,0,0.2,0.3,0.3,1.5,0,1.5,175.6
123,8,0,62,19,2,4,0,3,19,1,5,1808
124,8,0,100.5,38,7,3,0,7,38,3,28,3469
125,8,0,153,53,10,8,13,6,40,2,47,4692
126,8,1,12,3.8,1.1,1.1,0.5,0.3,3.3,0.5,2.2,410.2
3,9,0,40.5,13,2,1,0,0,13,0,13,1490
4,9,0,69,23,1,2,0,1,23,0,23,2501
5,9,0,82.5,30,2,2,0,2,30,1,28,3703
6,9,0,87,27,0,2,0,2,27,1,23,3291
7,9,1,2,0.8,0.1,0.1,0,0.2,0.8,0,0.6,79.9
9,9,1,3,1.2,0.2,0.1,0.1,0.4,1.1,0,0.9,119.8
15,9,1,2,0.8,0.2,0.1,0.2,0,0.6,0,0.7,72.1
16,9,1,1,0.4,0.1,0,0,0,0.4,0,0.4,53
19,9,1,10.5,4.7,1.2,0.4,0.1,0.1,4.6,0.1,4,556.2
20,9,1,7,3.1,0.8,0.3,0.1,0.1,3,0.1,2.7,370.8
22,9,1,8,3.1,0.6,0.1,1.1,0.3,2,0.2,2.2,336.4
24,9,0,27,13,7,1,12,0,1,0,12,1014
25,9,1,6,2.3,0.4,0.1,0.8,0.2,1.5,0.2,1.6,252.3
26,9,1,3,1.3,0.3,0.1,0.3,0.1,1,0.2,1,136.3
27,9,1,10,4.2,0.9,0.2,1.1,0.3,3.1,0.5,3.3,454.3
29,9,1,1,0.4,0.1,0,0.1,0,0.3,0.1,0.3,45.4
32,9,1,6,2,0.4,0.1,0,0.3,2,0,1.7,268.9
33,9,1,14,4.7,0.9,0.3,0,0.6,4.7,0,4,627.5
37,9,1,16,5.4,1.2,1.4,0.2,0.7,5.2,0.7,4.5,559.5
38,9,1,5,1.7,0.4,0.4,0.1,0.2,1.6,0.2,1.4,174.9
53,9,1,4,1.4,0.3,0.2,0,0.1,1.4,0.1,1.1,210.7
57,9,1,4,1.4,0.1,0.2,0,0.2,1.4,0.3,1.3,188
61,9,1,4,1.4,0.1,0.2,0,0.2,1.4,0.3,1.3,188
62,9,1,4,1.4,0.1,0.2,0,0.2,1.4,0.3,1.3,188
63,9,1,8,2.9,0.3,0.4,0.1,0.4,2.8,0.5,2.6,376.1
73,9,1,1,0.4,0.1,0,0,0,0.4,0,0.4,48.9
74,9,1,15,5.8,1.1,0.3,0,0.4,5.8,0.1,5.4,733
75,9,1,16,6.2,1.2,0.3,0,0.4,6.2,0.1,5.8,781.9
81,9,1,8,2.7,0.5,0.2,0.1,0.2,2.6,0.4,2.5,371.2
91,9,1,20,7.7,1.7,0.7,0,0.8,7.7,0.5,7.1,911.4
92,9,1,8,3.1,0.7,0.3,0,0.3,3.1,0.2,2.8,364.6
94,9,1,4,1.5,0.3,0.1,0,0.2,1.5,0.1,1.4,182.3
98,9,1,18,7.1,1.1,0.9,0,0.6,7.1,0.9,6.4,888.2
99,9,0,33.5,15,4,1,3,1,12,1,14,1661
104,9,1,14,5,0.5,0.5,0.4,1.2,4.6,0.3,4.1,595.5
105,9,1,4,1.4,0.1,0.1,0.1,0.3,1.3,0.1,1.2,170.1
106,9,1,10,3.5,0.8,0.2,0,0,3.5,0.2,3.1,422.5
107,9,1,12,4.2,0.9,0.2,0,0,4.2,0.2,3.8,507.1
108,9,1,4,1.4,0.3,0.1,0,0,1.4,0.1,1.3,169
115,9,1,13,4.6,0.8,0.8,0,0.3,4.6,0,4.3,626.7
116,9,1,16,5.9,1,0.4,0.2,0.4,5.7,0.2,4.8,622.9
117,9,1,6,2.2,0.4,0.1,0.1,0.1,2.1,0.1,1.8,233.6
118,9,0,46,19,4,0,2,0,17,1,15,1736
119,9,1,2,0.7,0.1,0,0,0,0.7,0,0.6,77.9
121,9,0,127.5,45,6,6,0,11,45,5,18,3875
122,9,0,225,70,11,15,1,11,69,12,30,6427
123,9,0,404,134,31,29,80,30,54,40,9,11124
0,10,1,10,3.5,0.4,0.4,0.4,0.3,3.1,0.3,2.3,378.6
1,10,1,11,3.7,0.2,0.5,0.2,0.3,3.5,0.1,3.3,467.5
2,10,1,4,1.3,0.1,0.2,0.1,0.1,1.2,0,1.2,170
4,10,1,21,7,0.4,1,0.4,0.6,6.6,0.2,6.2,892.4
5,10,0,63,25,1,0,0,1,25,0,25,3040
6,10,0,34,16,4,0,3,0,13,0,15,1760
13,10,1,1,0.5,0.1,0,0.1,0,0.4,0,0.4,51.3
14,10,1,10,4.5,1.3,0,0.6,0.2,3.9,0.2,4,513.2
15,10,1,2,0.9,0.3,0,0.1,0,0.8,0,0.8,102.6
18,10,1,3,1.1,0.1,0.1,0,0.1,1.1,0.1,1.1,119.3
19,10,0,30,12,3,0,1,1,11,0,10,1386
20,10,0,90.5,60,38,0,55,0,5,2,2,4047
22,10,0,45,13,0,1,0,0,13,0,13,1579
23,10,0,51,18,1,2,0,3,18,2,16,1935
24,10,0,53,17,0,1,0,0,17,0,16,1878
25,10,1,11.5,4.1,0.6,0.3,0.3,0.4,3.8,0.1,3.9,477.8
29,10,1,4,1.7,0.5,0.1,0.1,0.2,1.6,0.3,1.4,183.8
32,10,1,10,3.5,0.4,0.2,0.2,0.3,3.3,0.2,3.2,461
33,10,1,1,0.4,0,0,0,0,0.4,0,0.3,46.1
34,10,1,4,1.4,0.2,0.1,0.1,0.1,1.3,0.1,1.3,184.4
35,10,1,15,5.3,0.6,0.4,0.3,0.5,5,0.2,4.8,691.5
36,10,1,24,9.4,1.5,0.5,0,0.4,9.4,0.1,8.5,1142.5
37,10,0,32,11,3,2,5,2,6,1,5,1478
39,10,1,1,0.4,0.1,0,0,0,0.4,0,0.4,47.6
43,10,1,20,7.3,0.9,1.1,0.7,0.7,6.6,0,6.4,907.4
48,10,1,10.5,3.1,0.3,0.5,0.3,0.2,2.8,0.2,3.1,436.2
49,10,1,4.5,1.3,0.1,0.2,0.1,0.1,1.2,0.1,1.3,186.9
57,10,1,11,3.9,0.8,0.3,0,0.4,3.9,0.1,3.6,449.9
59,10,1,6,2.2,0.4,0.2,0,0.2,2.2,0.1,1.9,245.4
60,10,1,7,2.5,0.5,0.2,0,0.2,2.5,0.1,2.3,286.3
62,10,1,11,4.2,1.1,0,0.8,0.3,3.4,0,3.1,575.7
79,10,1,8,2.2,0,0.5,0,0.2,2.2,0.1,2.1,294.6
80,10,1,5,1.4,0,0.3,0,0.1,1.4,0.1,1.3,184.1
92,10,1,3,1.1,0.3,0.1,0.1,0,1,0,1,150.3
96,10,1,2,0.8,0.2,0.1,0,0.1,0.8,0.1,0.7,86.7
97,10,1,26,10.4,3.1,1,0,0.7,10.4,0.7,8.9,1127.3
98,10,1,12.5,5,1.5,0.5,0,0.3,5,0.3,4.3,542
99,10,1,9,3.6,1.1,0.3,0,0.3,3.6,0.3,3.1,390.2
102,10,1,3,1.1,0,0.1,0,0.1,1.1,0,1.1,127
103,10,1,3,1.1,0,0.1,0,0.1,1.1,0,1.1,127
105,10,1,17,6,0,0.3,0,0.6,6,0,6,719.4
106,10,1,15,5,1,0.9,0,0.4,5,0.1,4.5,501.3
108,10,1,12,4,0.8,0.7,0,0.3,4,0.1,3.6,401.1
114,10,1,7.5,2.9,0.3,0.3,0.5,0,2.4,0,2.4,316.1
115,10,1,9,3.5,0.3,0.3,0.6,0,2.9,0,2.8,379.3
118,10,1,10,3.1,0.9,1.1,0.7,0.2,2.4,0,2.7,489.1
121,10,0,51.5,12,1,8,0,1,12,1,8,1010
122,10,0,143.5,51,11,8,0,4,51,6,40,4666
123,10,0,91,37,13,3,28,10,9,9,2,2681
125,10,1,2,0.7,0.1,0.1,0,0.1,0.7,0,0.6,78.2
127,10,0,54,23,9,2,23,6,0,6,0,1346
2,11,1,2,0.7,0,0.1,0.1,0.1,0.6,0,0.6,85
3,11,1,3,1,0.1,0.1,0.1,0.1,0.9,0,0.9,127.5
14,11,0,31,14,7,0,8,0,6,0,6,1405
15,11,1,5,2.3,0.7,0,0.3,0.1,2,0.1,2,256.6
19,11,0,29,11,2,2,2,0,9,1,10,1244
21,11,1,8,2.9,0.4,0.2,0.3,0.3,2.6,0.1,2.7,332.4
22,11,0,87,26,1,2,0,0,26,0,26,3082
23,11,1,10,3.6,0.5,0.2,0.3,0.3,3.3,0.1,3.4,415.5
29,11,1,3,1.3,0.4,0.1,0.1,0.1,1.2,0.2,1.1,137.9
30,11,1,4,1.7,0.5,0.1,0.1,0.2,1.6,0.3,1.4,183.8
31,11,1,4.5,1.6,0.2,0.1,0.1,0.1,1.5,0.1,1.4,207.5
32,11,1,3,1.1,0.1,0.1,0.1,0.1,1,0,1,138.3
33,11,0,53.5,22,6,2,6,2,16,2,16,2488
34,11,0,37,12,1,2,0,1,12,1,11,1455
35,11,0,40,18,5,1,1,3,17,0,12,2255
36,11,0,63.5,33,17,0,19,3,14,6,15,2958
37,11,0,52,22,5,0,0,3,22,1,19,2953
38,11,1,24,9.4,1.5,0.5,0,0.4,9.4,0.1,8.5,1142.5
39,11,1,22.5,8.8,1.4,0.5,0,0.4,8.8,0.1,7.9,1071.1
43,11,0,58,24,4,1,4,3,20,0,19,2721
44,11,1,8,2.9,0.4,0.4,0.3,0.3,2.6,0,2.5,363
47,11,1,17.5,5.2,0.5,0.8,0.5,0.3,4.7,0.3,5.2,727
48,11,1,18,5.3,0.5,0.8,0.5,0.3,4.8,0.3,5.3,747.7
56,11,1,4,1.4,0.3,0.1,0,0.1,1.4,0,1.3,163.6
57,11,1,8,2.9,0.5,0.2,0,0.3,2.9,0.1,2.6,327.2
59,11,1,4,1.4,0.3,0.1,0,0.1,1.4,0,1.3,163.6
66,11,1,3,1,0.1,0.1,0,0.1,1,0.1,1,146.9
92,11,1,15,5.7,1.5,0.6,0.4,0.2,5.3,0,5.2,751.5
93,11,0,43.5,16,2,1,0,3,16,0,16,1835
94,11,1,17,6.5,1.7,0.6,0.4,0.2,6.1,0,5.9,851.7
95,11,1,17,6.5,1.7,0.6,0.4,0.2,6.1,0,5.9,851.7
96,11,0,21,13,7,0,8,2,5,1,5,757
97,11,1,19,7.6,2.3,0.7,0,0.5,7.6,0.5,6.5,823.8
98,11,0,78,38,14,1,1,13,37,6,0,2492
99,11,1,6,2.4,0.7,0.2,0,0.2,2.4,0.2,2.1,260.1
100,11,1,5,2,0.6,0.2,0,0.1,2,0.1,1.7,216.8
105,11,1,9,3.2,0,0.2,0,0.3,3.2,0,3.2,380.9
106,11,1,4,1.3,0.3,0.2,0,0.1,1.3,0,1.2,133.7
107,11,1,7,2.4,0.5,0.4,0,0.2,2.4,0.1,2.1,234
108,11,0,40.5,15,3,1,0,2,15,0,14,1422
111,11,1,6,2.3,0.2,0.2,0.4,0,1.9,0,1.9,252.8
112,11,0,1296,456,62,50,0,57,456,19,433,42632
114,11,1,2,0.8,0.1,0.1,0.2,0,0.6,0,0.6,84.3
115,11,1,4,1.5,0.1,0.1,0.3,0,1.2,0,1.3,168.6
118,11,1,8,2.5,0.7,0.9,0.5,0.2,2,0,2.1,391.3
119,11,1,1,0.3,0.1,0.1,0.1,0,0.2,0,0.3,48.9
124,11,1,4,1.4,0.3,0.3,0,0.2,1.4,0,1.3,156.4
125,11,1,6,2.1,0.4,0.4,0,0.2,2.1,0,1.9,234.5
126,11,1,59,17,1.8,4.5,0,1.8,17,2.7,15.2,2001.5
127,11,0,214.5,107,45,3,88,20,19,8,38,7117
0,12,1,5,1.8,0.2,0.2,0.2,0.1,1.6,0.1,1.1,189.3
2,12,1,20.5,6.9,0.4,1,0.4,0.6,6.5,0.2,6.1,871.2
3,12,1,2,0.7,0,0.1,0.1,0.1,0.6,0,0.6,85
14,12,0,38,18,7,0,15,3,3,1,15,1432
19,12,0,81.5,39,12,1,33,7,6,3,28,2929
20,12,0,113.5,54,23,2,40,6,14,3,27,3912
21,12,0,44,18,6,3,2,1,16,0,17,1855
22,12,0,50,20,3,2,0,3,20,0,20,2259
27,12,1,1,0.4,0.1,0,0,0,0.4,0.1,0.4,46
30,12,1,8,3.5,1,0.2,0.2,0.4,3.3,0.6,2.9,367.6
31,12,1,4,1.4,0.2,0.1,0.1,0.1,1.3,0.1,1.3,184.4
32,12,1,12,4.2,0.5,0.3,0.2,0.4,4,0.2,3.8,553.2
33,12,0,55.5,22,6,3,3,2,19,4,11,2107
34,12,0,54,21,2,0,0,2,21,0,19,2677
35,12,0,169,72,18,5,59,14,13,2,46,5423
36,12,0,93,29,1,3,3,2,26,0,27,3314
37,12,0,64.5,26,6,2,3,3,23,2,23,3114
38,12,0,34,15,4,1,0,1,15,0,15,1565
39,12,1,4,1.6,0.2,0.1,0,0.1,1.6,0,1.4,190.4
42,12,1,11,4,0.5,0.6,0.4,0.4,3.6,0,3.5,499.1
43,12,1,20,7.3,0.9,1.1,0.7,0.7,6.6,0,6.4,907.4
44,12,1,33,12,1.5,1.8,1.2,1.2,10.8,0,10.5,1497.3
45,12,0,43,15,2,3,0,0,15,1,15,2454
46,12,0,30,11,2,0,0,0,11,0,11,1304
47,12,0,54,18,1,2,1,0,17,0,17,2528
48,12,1,17,5,0.5,0.8,0.5,0.3,4.5,0.3,5,706.2
56,12,1,3,1.1,0.2,0.1,0,0.1,1.1,0,1,122.7
57,12,1,7,2.5,0.5,0.2,0,0.2,2.5,0.1,2.3,286.3
65,12,1,4,1.5,0.4,0,0.3,0.1,1.2,0,1.1,209.3
66,12,1,2,0.7,0.1,0.1,0,0,0.7,0,0.7,98
67,12,1,6,2.1,0.3,0.3,0,0.1,2.1,0.1,2,293.8
85,12,1,8,2.9,0.5,0.2,0.3,0.2,2.6,0.3,2.6,414.3
86,12,1,1,0.3,0,0.1,0,0,0.3,0,0.3,37.3
92,12,1,2,0.8,0.2,0.1,0.1,0,0.7,0,0.7,100.2
93,12,0,27,13,3,0,0,0,13,0,12,1399
94,12,0,52,24,7,1,8,5,16,1,16,2285
95,12,0,282,147,76,3,78,19,69,20,56,10188
96,12,0,197.5,85,25,3,44,14,41,4,58,7447
97,12,0,75.5,34,11,2,15,5,19,2,28,2953
98,12,0,125,52,12,2,28,1,24,2,33,4900
99,12,0,56.5,26,9,0,0,1,26,0,25,2648
100,12,0,50.5,25,6,0,0,2,25,1,24,2432
101,12,1,13.5,4.8,0,0.2,0,0.5,4.8,0,4.8,571.3
106,12,0,32.5,12,2,0,0,1,12,0,11,1235
107,12,0,40.5,23,8,0,12,5,11,1,20,1925
108,12,0,30.5,12,2,0,2,2,10,0,9,1180
109,12,1,3,1,0.2,0.2,0,0.1,1,0,0.9,100.3
111,12,0,34,14,4,1,0,1,14,0,14,1180
112,12,0,51,20,2,1,0,0,20,2,18,1970
113,12,0,27,16,8,0,12,2,4,2,11,1177
114,12,0,55,24,7,1,3,0,21,1,21,2340
118,12,1,7,2.2,0.6,0.8,0.5,0.2,1.7,0,1.9,342.4
119,12,1,5,1.6,0.4,0.6,0.4,0.1,1.2,0,1.3,244.6
124,12,1,33,11.7,2.1,2.1,0,1.3,11.7,0,10.4,1289.9
125,12,0,108.5,33,3,6,0,1,33,2,29,3409
126,12,0,109,49,13,1,16,1,33,2,35,4161
127,12,0,268,160,93,5,152,16,8,11,74,10758
0,13,0,24,12,7,1,11,1,1,1,2,717
1,13,1,5,1.7,0.1,0.2,0.1,0.1,1.6,0,1.5,212.5
3,13,1,5,1.7,0.1,0.2,0.1,0.1,1.6,0,1.5,212.5
4,13,1,8,2.7,0.2,0.4,0.2,0.2,2.5,0.1,2.4,340
12,13,1,4,1.8,0.5,0,0.2,0.1,1.6,0.1,1.6,205.3
13,13,1,4,1.8,0.5,0,0.2,0.1,1.6,0.1,1.6,205.3
14,13,0,29,11,1,0,1,0,10,0,10,1334
15,13,1,1,0.5,0.1,0,0.1,0,0.4,0,0.4,51.3
18,13,1,16,5.9,0.8,0.4,0,0.4,5.9,0.4,5.9,636.1
19,13,0,58,21,2,1,1,1,20,1,20,2185
20,13,0,127.5,53,18,3,34,13,19,3,28,4453
21,13,0,44,15,2,1,2,3,13,1,13,1691
22,13,0,66,26,4,1,2,3,24,3,23,2781
23,13,1,18,6.5,1,0.4,0.6,0.6,5.9,0.1,6.1,747.8
27,13,1,2,0.9,0.2,0,0.1,0.1,0.8,0.1,0.7,91.9
32,13,1,25,8.8,1,0.6,0.4,0.8,8.4,0.4,8,1152.5
33,13,0,54.5,21,4,2,3,2,18,1,18,2387
34,13,1,24,8.4,0.9,0.6,0.4,0.7,8,0.4,7.7,1106.4
35,13,0,80,26,3,3,0,0,26,1,23,2925
36,13,0,53.5,22,6,1,2,5,20,1,18,2255
37,13,0,79,28,2,3,2,0,26,0,27,3323
38,13,0,35,11,0,2,0,0,11,0,11,1468
39,13,1,24,9.4,1.5,0.5,0,0.4,9.4,0.1,8.5,1142.5
40,13,1,15,5.9,0.9,0.3,0,0.2,5.9,0.1,5.3,714
42,13,0,48,15,0,3,0,3,15,2,15,2233
43,13,1,4,1.5,0.2,0.2,0.2,0.1,1.3,0,1.3,181.5
44,13,0,51,20,2,0,0,0,20,1,20,2531
45,13,0,73.5,25,1,2,3,3,22,1,22,3270
46,13,0,37,11,0,1,0,0,11,0,11,1485
48,13,0,39,14,3,2,0,1,14,1,13,1711
51,13,1,5,2.1,0.7,0.2,0.5,0.2,1.6,0.1,1.4,233.7
54,13,1,5,2.1,0.7,0.2,0.5,0.2,1.6,0.1,1.4,233.7
55,13,1,7,2.9,0.9,0.3,0.7,0.3,2.2,0.1,2,327.2
56,13,1,32,11.5,2.2,0.8,0,1.1,11.5,0.3,10.4,1308.7
57,13,1,18,6.5,1.2,0.5,0,0.6,6.5,0.2,5.8,736.2
60,13,1,9,3.2,0.6,0.2,0,0.3,3.2,0.1,2.9,368.1
66,13,1,14,4.9,0.7,0.7,0,0.3,4.9,0.3,4.6,685.6
67,13,1,2,0.7,0.1,0.1,0,0,0.7,0,0.7,98
68,13,1,3,1,0.1,0.1,0,0.1,1,0.1,1,146.9
69,13,1,5,1.8,0.2,0.2,0,0.1,1.8,0.1,1.6,244.9
82,13,1,28,10,1.8,0.6,0.9,0.6,9.1,0.9,9.1,1449.9
83,13,0,22.5,12,3,0,0,2,12,0,9,1493
84,13,1,8,2.9,0.5,0.2,0.3,0.2,2.6,0.3,2.6,414.3
90,13,1,40,11.3,0.6,2.4,0,1.8,11.3,0.6,10.7,1491.9
91,13,1,21,8,2.1,0.8,0.5,0.3,7.5,0,7.3,1052.1
92,13,0,34,11,1,0,3,0,8,0,7,1224
93,13,0,124.5,53,18,1,10,9,43,3,43,5150
94,13,0,193,97,38,4,33,22,64,9,52,7727
95,13,0,185,104,52,1,76,16,28,11,29,7604
96,13,0,149,61,17,6,24,8,37,5,36,5531
97,13,0,135.5,58,19,4,32,10,26,4,36,5028
98,13,0,63,26,5,2,0,0,26,0,25,2725
99,13,0,118.5,37,4,7,0,1,37,1,37,3708
100,13,0,107,44,6,3,3,4,41,2,39,4461
101,13,1,8,2.8,0,0.1,0,0.3,2.8,0,2.8,338.5
107,13,0,28.5,11,2,1,0,1,11,1,11,1055
108,13,0,45,17,4,2,2,0,15,0,15,1606
110,13,1,35,11.8,2.4,2.1,0,0.9,11.8,0.3,10.6,1169.8
111,13,0,76.5,27,4,2,2,3,25,2,26,2496
112,13,0,66,30,4,1,0,5,30,0,28,2730
113,13,0,334,142,48,12,107,36,35,11,35,11159
114,13,0,51,28,15,0,28,10,0,8,0,1867
119,13,1,14,4.4,1.2,1.6,1,0.3,3.4,0,3.7,684.8
122,13,1,10,3.5,0.6,0.6,0,0.4,3.5,0,3.2,390.9
123,13,0,62,28,6,0,0,2,28,2,27,2768
124,13,0,112.5,39,7,4,0,1,39,0,35,3802
125,13,0,77,24,3,5,4,1,20,3,19,2463
126,13,0,88,29,2,4,4,9,25,5,23,2744
127,13,0,341,186,86,4,147,31,39,29,51,11887
0,14,0,82,30,5,2,5,2,25,0,23,3666
1,14,1,19,6.4,0.4,0.9,0.4,0.5,6,0.2,5.6,807.5
2,14,1,4,1.3,0.1,0.2,0.1,0.1,1.2,0,1.2,170
12,14,1,2,0.9,0.3,0,0.1,0,0.8,0,0.8,102.6
13,14,1,5,2.3,0.7,0,0.3,0.1,2,0.1,2,256.6
15,14,1,19,8.6,2.5,0,1.1,0.4,7.5,0.4,7.5,975.1
16,14,1,4,1.5,0.2,0.1,0,0.1,1.5,0.1,1.5,159
19,14,1,18,6.6,0.9,0.4,0,0.4,6.6,0.4,6.6,715.6
20,14,0,64.5,22,1,2,0,2,22,0,22,2663
21,14,1,24,8.7,1.3,0.6,0.8,0.8,7.9,0.2,8.1,997.1
22,14,1,34,12.3,1.9,0.8,1.1,1.1,11.2,0.3,11.5,1412.5
23,14,1,10,3.6,0.5,0.2,0.3,0.3,3.3,0.1,3.4,415.5
32,14,1,2,0.7,0.1,0,0,0.1,0.7,0,0.6,92.2
33,14,1,3,1.1,0.1,0.1,0.1,0.1,1,0,1,138.3
34,14,1,21,7.4,0.8,0.5,0.3,0.7,7.1,0.3,6.7,968.1
35,14,0,28,13,4,0,0,0,13,0,12,1506
36,14,1,17,6.7,1,0.4,0,0.3,6.7,0.1,6,809.3
37,14,0,72.5,23,1,5,0,1,23,0,20,2610
38,14,1,4,1.6,0.2,0.1,0,0.1,1.6,0,1.4,190.4
39,14,1,30,11.7,1.8,0.7,0,0.5,11.7,0.2,10.6,1428.1
40,14,1,16,6.3,1,0.4,0,0.3,6.3,0.1,5.6,761.7
41,14,1,17,6.2,0.8,0.9,0.6,0.6,5.6,0,5.4,771.3
42,14,0,77,31,5,1,8,3,23,1,18,3299
43,14,0,215,97,41,5,87,7,10,4,53,7121
44,14,0,84.5,32,7,2,12,3,20,3,25,3386
45,14,0,76.5,30,3,2,6,5,24,1,24,2850
46,14,0,69,23,3,2,2,0,21,1,22,2940
47,14,0,32,11,1,0,0,0,11,0,10,1353
48,14,0,67,23,4,4,0,2,23,0,20,2683
49,14,0,53.5,21,4,3,4,3,17,2,16,2256
50,14,0,53.5,16,1,3,0,2,16,0,15,2231
51,14,0,44,14,0,0,0,1,14,1,14,1910
52,14,1,8,3.3,1,0.3,0.8,0.3,2.5,0.1,2.2,374
53,14,0,33,12,2,1,3,2,9,1,11,1442
54,14,1,19.5,8,2.6,0.7,1.8,0.7,6.2,0.4,5.5,911.6
55,14,1,5,2.1,0.7,0.2,0.5,0.2,1.6,0.1,1.4,233.7
59,14,1,7,2.5,0.5,0.2,0,0.2,2.5,0.1,2.3,286.3
60,14,1,1,0.4,0.1,0,0,0,0.4,0,0.3,40.9
61,14,1,4,1.5,0.4,0,0.3,0.1,1.2,0,1.1,209.3
62,14,1,2,0.8,0.2,0,0.2,0.1,0.6,0,0.6,104.7
63,14,1,5,1.9,0.5,0,0.4,0.1,1.5,0,1.4,261.7
64,14,1,1,0.4,0.1,0,0.1,0,0.3,0,0.3,52.3
65,14,1,12,4.6,1.2,0,0.9,0.3,3.7,0,3.4,628
66,14,1,3,1,0.1,0.1,0,0.1,1,0.1,1,146.9
75,14,1,2,0.7,0.1,0.1,0,0,0.7,0,0.7,98
82,14,1,24,8.6,1.6,0.5,0.8,0.5,7.8,0.8,7.8,1242.8
83,14,1,7,2.5,0.5,0.2,0.2,0.2,2.3,0.2,2.3,362.5
84,14,1,14,5,0.9,0.3,0.4,0.3,4.6,0.5,4.6,725
85,14,1,3,1.1,0.2,0.1,0.1,0.1,1,0.1,1,155.3
89,14,1,26,7.4,0.4,1.6,0,1.2,7.4,0.4,7,969.8
90,14,0,174,59,10,6,8,6,51,6,43,5601
91,14,0,93,47,18,2,26,7,21,3,35,3885
92,14,1,6,2.3,0.6,0.2,0.2,0.1,2.1,0,2.1,300.6
93,14,0,91.5,35,8,3,4,6,31,2,29,3142
94,14,0,106,39,5,3,1,6,38,0,34,3894
95,14,0,304,139,45,5,127,46,12,23,18,10703
96,14,1,28,11.2,3.4,1,0,0.8,11.2,0.8,9.6,1214
97,14,0,95,44,13,1,0,3,44,2,44,4079
98,14,0,71,33,10,1,0,1,33,0,29,3475
99,14,0,74.5,24,1,2,0,1,24,0,21,2768
100,14,0,43,22,5,0,0,0,22,1,21,2304
104,14,1,3,1.1,0,0.1,0,0.1,1.1,0,1.1,127
106,14,1,2,0.7,0.1,0.1,0,0.1,0.7,0,0.6,66.8
107,14,0,36,13,2,2,0,1,13,1,13,1900
109,14,1,15,5,1,0.9,0,0.4,5,0.1,4.5,501.3
110,14,1,23,7.7,1.6,1.4,0,0.6,7.7,0.2,6.9,768.7
111,14,0,38,13,2,1,0,0,13,1,12,1404
112,14,0,194.5,86,29,7,70,21,16,18,12,6471
113,14,0,104,49,20,3,22,4,27,3,31,4113
114,14,0,57,31,16,0,21,5,10,6,8,2051
121,14,1,24,8.5,1.5,1.5,0,0.9,8.5,0,7.6,938.1
122,14,0,178,68,11,5,0,6,68,1,67,6102
123,14,0,145.5,53,12,8,17,6,36,10,36,4512
124,14,0,137,54,14,7,5,3,49,1,46,5114
125,14,0,142,44,4,6,3,7,41,3,33,3975
126,14,0,259.5,120,49,7,91,20,29,17,43,8636
127,14,0,160,62,15,6,34,13,28,8,25,5045
0,15,0,73,19,0,3,0,0,19,0,18,2130
1,15,1,2,0.8,0.2,0,0.1,0,0.7,0.1,0.8,95.3
5,15,1,3,1.2,0.4,0,0.1,0.1,1.1,0.1,1.2,142.9
6,15,1,6,2.3,0.3,0.3,0.7,0.3,1.6,0.2,1.6,252.1
13,15,1,1,0.4,0.1,0,0.1,0,0.3,0.1,0.3,40.4
20,15,1,9,2.7,0.1,0.4,0,0.1,2.7,0.1,2.7,363.9
21,15,1,7,2.5,0.4,0.2,0.2,0.2,2.3,0.1,2.4,290.8
33,15,1,14,5.3,0.7,0.4,0.6,0.4,4.7,0.5,4,578.9
34,15,1,24,9,1.2,0.6,0.9,0.6,8.1,0.9,6.9,992.4
35,15,1,1,0.4,0.1,0,0.1,0,0.3,0,0.3,41.4
37,15,1,4,1.6,0.4,0.1,0.3,0.2,1.3,0.1,1.3,169.3
38,15,1,12,4.7,1.1,0.2,0.9,0.7,3.8,0.2,3.8,507.9
39,15,1,17,6.6,1.5,0.3,1.2,1,5.4,0.3,5.4,719.5
40,15,1,15.5,6,1.4,0.3,1.1,0.9,4.9,0.3,4.9,656
41,15,1,30,8.9,0.7,1.8,0.2,0.4,8.7,0,8,1406.2
42,15,0,86,39,13,1,6,5,33,4,30,4145
43,15,0,38,17,7,2,7,1,10,0,10,1866
44,15,0,128,52,11,1,34,10,18,0,30,4831
45,15,0,115.5,63,28,0,45,12,18,5,18,4951
46,15,0,55,23,5,0,4,2,19,0,17,2958
47,15,1,23,8.1,0.6,0.6,0,0.6,8.1,0.2,7.5,1128.5
48,15,0,57,21,4,1,0,0,21,0,21,2770
49,15,0,27,12,2,0,0,0,12,0,10,1443
63,15,1,9,3.4,0.4,0.2,0,0.2,3.4,0.2,2.6,445.8
64,15,1,2,0.7,0.1,0,0,0,0.7,0,0.6,99.1
68,15,1,6,2.5,0.6,0.1,0.2,0.1,2.3,0.1,2.3,292.3
70,15,1,4,1.7,0.4,0.1,0.2,0,1.5,0.1,1.5,194.9
74,15,1,3,1.1,0.2,0.1,0,0.1,1.1,0.1,1.1,144.3
83,15,1,10,4.9,1.9,0.2,0.9,0.4,4,0.9,3.6,508.9
88,15,1,18,5.5,1,1,2.1,1,3.4,0.7,3.8,616.2
89,15,0,101.5,44,11,1,20,3,24,1,39,3954
90,15,0,67.5,28,5,2,0,1,28,1,28,2895
91,15,1,18,6,0.7,0.9,0,0.5,6,0,5.8,591.9
92,15,1,8,2.7,0.3,0.4,0,0.2,2.7,0,2.6,263.1
93,15,1,14,4.7,0.5,0.7,0,0.4,4.7,0,4.5,460.4
94,15,0,66.5,30,6,2,5,3,25,1,24,2986
95,15,0,138.5,58,15,4,0,6,58,4,33,4991
96,15,1,5,1.5,0.1,0.2,0,0,1.5,0.1,1.5,182.8
97,15,0,85,31,3,1,0,1,31,1,30,3404
98,15,0,111.5,35,2,4,0,0,35,2,35,3979
99,15,1,37,11.5,0.5,1.6,0,0,11.5,0.5,11.5,1352.8
100,15,1,2,0.6,0,0.1,0,0,0.6,0,0.6,73.1
102,15,1,1,0.4,0.1,0,0,0,0.4,0,0.3,41.8
103,15,1,6,2.2,0.6,0,0.2,0.2,2,0.2,1.8,250.8
107,15,1,15,6.1,1.3,0.5,0,0.5,6.1,0,5.3,590.5
108,15,1,11,4.4,1,0.4,0,0.4,4.4,0,3.9,433.1
109,15,1,17,6.9,1.5,0.6,0,0.6,6.9,0,6,669.3
110,15,0,85.5,50,23,0,36,11,14,0,31,3258
111,15,0,84,31,7,1,0,3,31,2,24,3169
112,15,0,105,50,19,3,17,2,33,1,41,4295
113,15,1,3,1.2,0.2,0.1,0,0.1,1.2,0.1,1,113.3
114,15,0,47,18,2,3,2,1,16,1,15,1686
121,15,0,104.5,38,6,3,0,1,38,2,36,3528
122,15,0,203.5,74,11,8,0,9,74,0,71,6634
123,15,0,403.5,127,25,29,115,20,12,39,27,9857
124,15,0,532.5,229,83,27,222,26,7,55,83,16077
125,15,0,116,45,13,5,5,4,40,2,34,4079
126,15,0,135.5,52,10,4,22,8,30,7,34,4888
127,15,0,116,34,2,7,0,1,34,2,33,3339
0,16,0,137,39,2,7,0,6,39,4,26,3912
1,16,0,54,18,0,1,0,1,18,0,16,1918
3,16,1,5,1.9,0.6,0,0.1,0.1,1.8,0.2,1.9,238.2
4,16,1,1,0.4,0.1,0,0,0,0.4,0,0.4,47.6
5,16,1,3,1.2,0.4,0,0.1,0.1,1.1,0.1,1.2,142.9
13,16,1,6,2.3,0.6,0.2,0.3,0.2,2,0.3,1.9,242.6
14,16,1,11,4.1,1,0.3,0.6,0.4,3.5,0.6,3.4,444.7
16,16,1,1,0.3,0,0,0,0,0.3,0,0.3,40.4
18,16,1,7,2.1,0.1,0.3,0,0.1,2.1,0.1,2.1,283
21,16,1,3,1.1,0.2,0.1,0.1,0.1,1,0,1,124.6
31,16,1,7,2.6,0.4,0.2,0.3,0.2,2.3,0.3,2,289.5
32,16,1,2,0.8,0.1,0.1,0.1,0.1,0.7,0.1,0.6,82.7
33,16,0,25.5,11,3,0,6,2,5,0,5,917
36,16,1,6,2.3,0.5,0.1,0.4,0.3,1.9,0.1,1.9,253.9
37,16,1,13.5,5.2,1.2,0.2,1,0.8,4.2,0.2,4.3,571.4
38,16,1,13.5,5.2,1.2,0.2,1,0.8,4.2,0.2,4.3,571.4
41,16,0,61,22,1,1,0,2,22,1,22,2607
42,16,0,99.5,33,2,7,0,3,33,0,32,3987
43,16,0,75,23,2,6,0,2,23,0,23,3024
44,16,0,71.5,35,13,0,31,5,4,1,22,2988
45,16,0,131,56,17,1,31,10,25,2,30,5801
46,16,0,29.5,11,2,1,0,1,11,2,10,1587
47,16,1,24,8.4,0.7,0.7,0,0.7,8.4,0.2,7.8,1177.6
48,16,0,58,24,7,2,5,1,19,0,17,2853
49,16,0,47,14,0,3,0,0,14,1,14,1999
50,16,1,23,8.1,0.6,0.6,0,0.6,8.1,0.2,7.5,1128.5
51,16,1,4,1.6,0.5,0.1,0.4,0.1,1.2,0.1,1.1,187
63,16,1,16,6,0.7,0.4,0,0.4,6,0.4,4.6,792.6
66,16,1,3,1.2,0.3,0.1,0.1,0,1.1,0,1.1,146.2
67,16,1,30,12.4,3,0.7,1,0.3,11.4,0.5,11.4,1461.5
68,16,1,2,0.8,0.2,0,0.1,0,0.7,0,0.8,97.4
69,16,1,6,2.5,0.6,0.1,0.2,0.1,2.3,0.1,2.3,292.3
70,16,1,3,1.2,0.3,0.1,0.1,0,1.1,0,1.1,146.2
71,16,1,1,0.4,0.1,0,0,0,0.4,0,0.4,48.1
74,16,1,6,2.3,0.4,0.2,0,0.1,2.3,0.1,2.2,288.7
76,16,1,3,0.8,0,0.2,0,0.1,0.8,0,0.8,110.5
77,16,1,4,1.1,0,0.3,0,0.1,1.1,0.1,1.1,147.3
80,16,1,4,1.1,0,0.3,0,0.1,1.1,0.1,1.1,147.3
83,16,1,1,0.5,0.2,0,0.1,0,0.4,0.1,0.4,50.9
84,16,1,3,1.5,0.6,0.1,0.3,0.1,1.2,0.3,1.1,152.7
89,16,1,14,4.3,0.8,0.8,1.6,0.8,2.7,0.5,3,479.2
90,16,0,46,14,1,2,4,0,10,3,5,1344
91,16,1,5,1.7,0.2,0.3,0,0.1,1.7,0,1.6,164.4
93,16,1,8,2.7,0.3,0.4,0,0.2,2.7,0,2.6,263.1
94,16,0,57,21,7,4,0,1,21,1,19,1867
95,16,0,45,16,4,2,0,1,16,0,8,1509
97,16,1,18,5.6,0.3,0.8,0,0,5.6,0.3,5.6,658.1
98,16,1,9,2.8,0.1,0.4,0,0,2.8,0.1,2.8,329.1
102,16,1,8,3,0.8,0,0.3,0.3,2.7,0.3,2.4,334.4
103,16,1,9,3.4,0.9,0,0.3,0.3,3.1,0.3,2.7,376.2
108,16,0,34,11,1,2,2,2,9,1,9,1009
109,16,0,82,30,7,5,7,4,23,1,21,2869
110,16,0,126.5,59,23,3,56,13,3,14,5,4305
111,16,0,51,22,5,0,0,1,22,1,21,1991
112,16,1,33,13.2,2.5,0.8,0,0.8,13.2,0.8,11.5,1246.6
121,16,0,77.5,26,1,2,0,4,26,1,25,2394
122,16,0,132,64,30,4,43,3,21,7,20,4137
123,16,0,154.5,66,32,12,39,10,27,8,17,4815
124,16,1,3,1,0.3,0.3,0,0.1,1,0,0.6,90.8
125,16,0,48.5,23,9,1,2,3,21,0,18,2073
126,16,0,75.5,32,7,1,2,3,30,0,24,3258
127,16,0,65,23,5,3,0,0,23,1,23,2455
0,17,0,190.5,67,8,4,11,14,56,7,30,5843
1,17,0,243,106,36,5,47,11,59,3,70,8204
2,17,1,34,13.2,4.2,0,0.7,0.7,12.5,1.4,13.2,1619.5
3,17,0,146,56,10,4,10,6,46,1,49,5846
4,17,1,1,0.4,0.1,0,0,0,0.4,0,0.4,47.6
5,17,0,38,12,2,3,0,1,12,3,10,1308
7,17,1,6,2.3,0.3,0.3,0.7,0.3,1.6,0.2,1.6,252.1
9,17,1,10,3.8,0.5,0.4,1.2,0.4,2.6,0.3,2.6,420.1
10,17,1,18.5,7,1,0.8,2.2,0.8,4.8,0.6,4.8,777.2
11,17,1,3,1.1,0.3,0.1,0.1,0.1,1,0.2,0.9,121.3
13,17,1,17,6.4,1.6,0.5,0.9,0.7,5.5,0.9,5.2,687.3
14,17,0,70,25,2,1,1,0,24,1,25,2827
15,17,1,3,1.1,0.3,0.1,0.1,0.1,1,0.2,0.9,121.3
16,17,1,4,1.2,0.1,0.2,0,0.1,1.2,0.1,1.2,161.7
17,17,1,2,0.6,0,0.1,0,0,0.6,0,0.6,80.9
18,17,1,16,4.8,0.3,0.8,0,0.3,4.8,0.3,4.8,646.9
19,17,1,24,7.2,0.4,1.1,0,0.4,7.2,0.4,7.2,970.3
26,17,1,3,1.3,0.4,0.1,0.1,0.1,1.2,0.2,1.1,137.9
27,17,1,3,1.3,0.4,0.1,0.1,0.1,1.2,0.2,1.1,137.9
30,17,1,4.5,2,0.5,0.1,0.1,0.2,1.9,0.3,1.6,206.8
31,17,1,13,4.9,0.7,0.3,0.5,0.3,4.4,0.5,3.7,537.6
32,17,1,1.5,0.6,0.1,0,0.1,0,0.5,0.1,0.4,62
33,17,1,3,1.1,0.2,0.1,0.1,0.1,1,0.1,0.9,124.1
38,17,1,5,1.9,0.4,0.1,0.3,0.3,1.6,0.1,1.6,211.6
40,17,1,28,10.9,2.5,0.5,2,1.6,8.9,0.5,8.8,1185.1
41,17,0,51,18,1,4,0,1,18,0,17,2101
42,17,0,69.5,28,6,2,1,5,27,1,25,3095
43,17,1,40,11.9,0.9,2.4,0.3,0.6,11.6,0,10.7,1875
44,17,1,19,5.6,0.4,1.1,0.1,0.3,5.5,0,5.1,890.6
45,17,0,67,27,8,3,6,1,21,0,21,3466
46,17,0,112,34,1,5,0,1,34,0,33,4572
47,17,0,72,24,3,1,0,3,24,1,23,3320
48,17,0,37,11,1,1,0,0,11,0,11,1845
49,17,1,12,4.2,0.3,0.3,0,0.3,4.2,0.1,3.9,588.8
50,17,1,13,4.6,0.4,0.4,0,0.4,4.6,0.1,4.2,637.8
64,17,1,2.5,0.9,0.1,0.1,0,0.1,0.9,0.1,0.7,123.8
66,17,1,15,6.2,1.5,0.3,0.5,0.2,5.7,0.2,5.7,730.8
67,17,1,18,7.5,1.8,0.4,0.6,0.2,6.9,0.3,6.9,876.9
68,17,1,3,1.2,0.3,0.1,0.1,0,1.1,0,1.1,146.2
69,17,1,14,5.8,1.4,0.3,0.5,0.2,5.3,0.2,5.3,682.1
70,17,1,8,3.3,0.8,0.2,0.3,0.1,3,0.1,3,389.7
72,17,1,7,2.7,0.4,0.2,0,0.1,2.7,0.1,2.6,336.8
73,17,1,6,2.3,0.4,0.2,0,0.1,2.3,0.1,2.2,288.7
74,17,1,15,5.7,1,0.5,0,0.3,5.7,0.3,5.6,721.7
75,17,1,5,1.9,0.3,0.2,0,0.1,1.9,0.1,1.9,240.6
76,17,1,7,2,0,0.5,0,0.2,2,0.1,1.9,257.8
77,17,1,2,0.6,0,0.1,0,0.1,0.6,0,0.5,73.7
83,17,1,15,7.3,2.9,0.3,1.3,0.6,6,1.3,5.4,763.4
88,17,1,1,0.3,0.1,0.1,0.1,0.1,0.2,0,0.2,34.2
89,17,1,1,0.3,0.1,0.1,0.1,0.1,0.2,0,0.2,34.2
90,17,1,6,1.8,0.3,0.3,0.7,0.3,1.1,0.2,1.3,205.4
94,17,1,25,8.3,1,1.3,0,0.6,8.3,0,8,822.1
95,17,0,38,15,4,2,0,4,15,0,15,1561
102,17,1,5.5,2.1,0.6,0,0.2,0.2,1.9,0.2,1.7,229.9
108,17,1,8,3.2,0.7,0.3,0,0.3,3.2,0,2.8,314.9
111,17,1,4,1.6,0.3,0.1,0,0.1,1.6,0.1,1.4,151.1
122,17,1,25,8.1,2.3,2.3,0,1.2,8.1,0,4.7,756.4
123,17,0,170.5,52,6,11,0,5,52,5,33,5046
124,17,0,129,64,26,2,51,9,13,6,32,4122
125,17,0,92,35,8,4,0,1,35,0,31,2977
126,17,0,83,28,4,5,4,1,24,3,22,2731
127,17,1,30,9.2,0,1.2,1.2,0.6,8,0.6,8,897.6
0,18,0,86.5,33,9,4,6,4,27,1,24,3092
1,18,0,118,52,16,3,24,0,28,4,41,4912
2,18,0,123.5,54,17,2,25,3,29,4,39,4775
3,18,0,72,28,9,3,2,1,26,0,25,2883
4,18,0,46.5,19,8,4,6,1,13,0,17,1798
5,18,0,111.5,44,9,3,29,8,15,5,17,4200
6,18,1,13,4.9,0.7,0.6,1.5,0.6,3.4,0.4,3.4,546.1
7,18,1,24,9.1,1.3,1,2.9,1,6.2,0.8,6.2,1008.3
8,18,1,11,4.2,0.6,0.5,1.3,0.5,2.9,0.4,2.9,462.1
11,18,0,96,29,2,7,0,3,29,2,29,3645
12,18,1,17.5,6.6,1.6,0.5,1,0.7,5.6,0.9,5.4,707.5
13,18,0,88,35,7,3,10,4,25,2,29,3719
14,18,0,77,37,16,2,16,3,21,2,22,3234
15,18,1,16,6,1.5,0.4,0.9,0.6,5.1,0.9,4.9,646.9
19,18,0,46,16,2,1,0,1,16,0,16,1810
20,18,0,51,21,6,0,0,1,21,0,20,2232
30,18,1,3,1.3,0.4,0.1,0.1,0.1,1.2,0.2,1.1,137.9
39,18,1,2,0.8,0.2,0,0.2,0.1,0.6,0,0.6,84.6
40,18,1,3,1.2,0.3,0,0.2,0.2,1,0,0.9,127
43,18,0,270.5,108,20,7,0,9,108,3,103,10239
44,18,1,14,4.1,0.3,0.8,0.1,0.2,4,0,3.7,656.2
45,18,0,83.5,36,11,3,6,6,30,2,19,3682
46,18,0,66.5,22,3,1,6,0,16,2,14,2887
47,18,0,52,14,1,3,0,0,14,0,14,2140
48,18,1,13,4.6,0.4,0.4,0,0.4,4.6,0.1,4.2,637.8
57,18,1,13,4.9,0.6,0.3,0,0.3,4.9,0.3,3.7,644
65,18,1,2,0.7,0.1,0,0,0,0.7,0,0.6,99.1
66,18,1,12,5,1.2,0.3,0.4,0.1,4.6,0.2,4.6,584.6
69,18,1,6,2.5,0.6,0.1,0.2,0.1,2.3,0.1,2.3,292.3
70,18,1,5,2.1,0.5,0.1,0.2,0.1,1.9,0.1,1.9,243.6
71,18,1,3,1.1,0.2,0.1,0,0.1,1.1,0.1,1.1,144.3
73,18,1,6,2.3,0.4,0.2,0,0.1,2.3,0.1,2.2,288.7
74,18,1,19.5,7.4,1.2,0.6,0,0.4,7.4,0.4,7.2,938.3
80,18,1,26,7.3,0,1.7,0,0.7,7.3,0.3,6.9,957.5
82,18,1,3,1.5,0.6,0.1,0.3,0.1,1.2,0.3,1.1,152.7
83,18,0,29,11,2,1,2,1,9,1,8,1090
84,18,1,2,1,0.4,0,0.2,0.1,0.8,0.2,0.7,101.8
88,18,0,32,11,2,0,5,1,6,1,6,890
89,18,1,10,3.1,0.6,0.6,1.2,0.6,1.9,0.4,2.1,342.3
90,18,1,2,0.6,0.1,0.1,0.2,0.1,0.4,0.1,0.4,68.5
108,18,1,4,1.6,0.4,0.1,0,0.1,1.6,0,1.4,157.5
110,18,1,2,0.8,0.2,0.1,0,0.1,0.8,0,0.7,78.7
122,18,0,42,11,0,4,0,1,11,0,11,1181
123,18,0,87.5,38,9,1,9,2,29,2,32,3329
124,18,0,90.5,35,5,1,0,2,35,0,32,3350
125,18,0,51,18,5,2,0,0,18,1,17,2036
0,19,0,84.5,38,14,1,25,4,13,2,21,2546
1,19,0,208,100,46,7,69,9,31,3,61,7896
2,19,0,102,56,26,0,41,9,15,2,29,4711
3,19,0,324.5,148,51,7,134,20,14,8,49,10461
4,19,0,206.5,80,14,8,0,5,80,3,76,8462
5,19,0,50,19,3,1,2,2,17,1,17,1857
6,19,0,27,15,7,0,7,0,8,3,11,1595
7,19,1,4,1.5,0.2,0.2,0.5,0.2,1,0.1,1,168
11,19,0,99,26,0,5,0,0,26,1,26,3164
12,19,0,106,41,8,3,1,1,40,1,41,4234
13,19,0,353.5,172,62,10,150,37,22,19,47,11781
14,19,0,301,151,66,4,62,16,89,10,91,11504
15,19,0,166,80,32,2,58,11,22,3,45,6291
18,19,0,274.5,114,26,6,106,23,8,1,86,9338
19,19,0,128,46,4,6,0,3,46,2,34,4653
20,19,0,102.5,35,7,2,0,3,35,0,34,3542
22,19,1,2,0.7,0.1,0,0.1,0.1,0.6,0,0.7,83.1
30,19,1,6,2.6,0.7,0.1,0.1,0.3,2.5,0.4,2.2,275.7
34,19,1,5,1.9,0.3,0.1,0.2,0.1,1.7,0.2,1.4,206.8
35,19,1,6.5,2.4,0.3,0.2,0.2,0.2,2.2,0.3,1.9,268.8
38,19,1,2,0.8,0.2,0,0.2,0.1,0.6,0,0.6,84.6
39,19,1,2,0.8,0.2,0,0.2,0.1,0.6,0,0.6,84.6
43,19,0,99,43,11,2,0,7,43,0,41,3853
44,19,1,11,3.3,0.2,0.7,0.1,0.2,3.2,0,2.9,515.6
45,19,1,21,6.2,0.5,1.2,0.1,0.3,6.1,0,5.6,984.4
47,19,0,39,19,6,0,6,1,13,2,14,1998
65,19,1,1,0.4,0,0,0,0,0.4,0,0.3,49.5
66,19,1,17,7,1.7,0.4,0.5,0.2,6.5,0.3,6.5,828.2
67,19,1,3,1.2,0.3,0.1,0.1,0,1.1,0,1.1,146.2
69,19,1,12,5,1.2,0.3,0.4,0.1,4.6,0.2,4.6,584.6
70,19,1,14,5.8,1.4,0.3,0.5,0.2,5.3,0.2,5.3,682.1
75,19,1,23,8.8,1.5,0.7,0,0.5,8.8,0.5,8.5,1106.7
76,19,1,16,4.5,0,1.1,0,0.4,4.5,0.2,4.3,589.2
80,19,0,30,12,1,1,0,2,12,0,11,1840
81,19,1,11,5.4,2.1,0.2,0.9,0.5,4.5,0.9,4,559.8
83,19,1,2,1,0.4,0,0.2,0.1,0.8,0.2,0.7,101.8
122,19,1,15,4.9,1.4,1.4,0,0.7,4.9,0,2.8,453.8
123,19,0,83.5,28,4,4,1,1,27,1,20,2895
124,19,0,75,22,2,6,0,0,22,3,21,2009
1,20,0,31,17,7,0,7,2,10,0,8,1359
2,20,0,115,45,9,3,13,3,32,4,36,4228
3,20,0,37.5,11,2,2,0,1,11,0,10,1368
4,20,0,57.5,25,7,1,17,2,8,2,17,2202
5,20,0,73.5,28,6,2,5,5,23,1,21,2620
6,20,1,23,8.5,1.5,1.1,1.1,0.6,7.4,0.2,7.2,862.1
7,20,1,10,3.7,0.7,0.5,0.5,0.2,3.2,0.1,3.1,374.8
9,20,1,22,8.1,1.4,1.1,1.1,0.5,7,0.2,6.9,824.6
10,20,1,18,6.6,1.2,0.9,0.9,0.4,5.7,0.1,5.6,674.7
11,20,0,40.5,20,8,0,9,1,11,2,15,1682
12,20,0,60,24,2,2,0,2,24,0,23,2313
13,20,0,34,14,5,1,2,0,12,0,10,1401
14,20,0,300,157,71,5,124,34,33,21,40,10946
15,20,0,92.5,48,21,1,38,10,10,2,32,3438
16,20,1,11.5,4.3,0.9,0.6,1.2,0.4,3.1,0.2,3.5,453.8
17,20,1,6,2.3,0.5,0.3,0.6,0.2,1.7,0.1,1.8,236.8
18,20,0,186,86,32,6,71,10,15,5,23,5593
19,20,1,28,10.5,2.3,1.4,2.8,0.9,7.7,0.6,8.5,1104.9
20,20,0,98,33,2,3,0,3,33,0,32,3210
21,20,1,3,1.2,0.1,0.1,0.3,0.1,0.9,0,0.9,136.2
22,20,1,3,1.2,0.1,0.1,0.3,0.1,0.9,0,0.9,136.2
25,20,1,2,0.8,0.1,0.1,0.2,0.1,0.6,0,0.6,90.8
30,20,1,5,1.9,0.6,0.2,0.2,0.1,1.7,0.6,1.3,224.6
39,20,1,2,0.9,0.2,0.1,0.1,0.1,0.8,0,0.6,109.8
47,20,1,19,7.3,1.2,0.3,0.8,1,6.5,0.3,6.8,887.2
48,20,1,9,3.4,0.5,0.2,0.4,0.5,3,0.2,3.2,420.3
50,20,1,9,3.4,0.5,0.2,0.4,0.5,3,0.2,3.2,420.3
51,20,0,50.5,18,4,4,8,0,10,1,9,2025
66,20,1,1,0.4,0.1,0,0,0,0.4,0.1,0.4,41.7
68,20,1,14,5.6,1,0.2,0.2,0,5.4,0.8,5.4,583.9
69,20,0,76.5,33,7,2,3,2,30,2,30,3325
70,20,1,24,9.7,1.7,0.3,0.4,0,9.3,1.3,9.3,1001
74,20,1,6,2.4,0.7,0.2,0.1,0.2,2.3,0,2.3,256.1
76,20,1,10,3.2,0.2,0.5,0.2,0.3,3,0.2,2.6,405
80,20,1,30,9.7,0.7,1.5,0.8,1,8.9,0.7,7.7,1215.1
81,20,1,13,4.3,0.6,0.6,0.4,0.2,3.9,0,3.5,485.9
82,20,1,11.5,3.8,0.5,0.5,0.3,0.2,3.5,0,3.1,429.9
83,20,1,21.5,7.2,1,1,0.7,0.3,6.5,0,5.9,803.6
84,20,1,2,0.7,0.1,0.1,0.1,0,0.6,0,0.5,74.8
112,20,1,3,1.2,0.3,0,0.1,0.1,1.1,0,1,127.9
124,20,1,15,5.1,0.6,1,1,0.3,4.1,0.6,2.9,537.8
1,21,1,15,5.4,2.1,0.7,1.6,0.1,3.8,0.4,4,560.6
3,21,1,1,0.4,0.1,0,0.1,0,0.3,0,0.3,37.4
4,21,1,17,6.2,2.3,0.8,1.9,0.2,4.3,0.5,4.5,635.3
6,21,1,4,1.5,0.3,0.2,0.2,0.1,1.3,0,1.2,149.9
7,21,1,19,7,1.2,0.9,0.9,0.5,6.1,0.2,5.9,712.2
10,21,1,26,9.6,1.7,1.3,1.3,0.6,8.3,0.2,8.1,974.6
11,21,0,67,28,7,2,2,0,26,2,28,2834
12,21,0,68,24,4,3,0,1,24,0,21,2426
13,21,0,147.5,56,12,6,12,7,44,6,36,5542
14,21,0,327.5,160,66,10,129,28,31,17,53,11834
15,21,0,209,83,21,9,38,12,45,8,38,6932
16,21,1,17,6.4,1.4,0.9,1.7,0.5,4.7,0.3,5.2,670.9
17,21,1,17,6.4,1.4,0.9,1.7,0.5,4.7,0.3,5.2,670.9
18,21,0,50,20,2,2,6,4,14,2,13,2146
19,21,0,47.5,17,2,2,4,3,13,0,13,1891
20,21,0,101,30,2,5,0,1,30,0,30,3250
21,21,0,109,39,7,2,6,1,33,2,35,3941
23,21,1,10,4,0.5,0.5,1.1,0.5,2.9,0.2,2.9,454.1
24,21,1,16,6.3,0.8,0.8,1.8,0.8,4.5,0.3,4.6,726.6
28,21,1,1,0.4,0.1,0,0.1,0,0.3,0.1,0.3,44.9
31,21,1,10,3.8,1.2,0.5,0.5,0.2,3.3,1.2,2.6,449.2
38,21,1,1,0.4,0.1,0,0,0.1,0.4,0,0.3,54.9
44,21,1,1,0.4,0.1,0.1,0,0,0.4,0,0.3,51
45,21,1,12,4.4,1,0.8,0,0,4.4,0.2,3.4,611.6
46,21,1,26,9.9,1.6,0.5,1.1,1.4,8.8,0.5,9.3,1214.1
48,21,1,4,1.5,0.2,0.1,0.2,0.2,1.3,0.1,1.4,186.8
60,21,1,2,0.7,0,0,0.1,0,0.6,0,0.6,81.2
61,21,1,3,1,0.1,0.1,0.1,0.1,0.9,0,0.9,121.8
66,21,1,3,1.2,0.2,0,0,0,1.2,0.2,1.2,125.1
67,21,1,4,1.6,0.3,0.1,0.1,0,1.5,0.2,1.6,166.8
69,21,0,41,18,3,0,0,3,18,0,18,1936
70,21,0,89,35,11,2,12,2,23,4,25,3111
71,21,0,117,40,3,1,0,5,40,0,40,3957
72,21,1,5,2,0.6,0.2,0.1,0.2,1.9,0,1.9,213.4
73,21,1,5,2,0.6,0.2,0.1,0.2,1.9,0,1.9,213.4
74,21,0,49,16,1,2,0,2,16,2,15,1879
75,21,0,36,14,3,1,0,1,14,0,13,1625
76,21,1,8,2.6,0.2,0.4,0.2,0.3,2.4,0.2,2,324
79,21,1,5,1.6,0.1,0.2,0.1,0.2,1.5,0.1,1.3,202.5
80,21,0,34,12,3,3,0,1,12,1,10,1403
81,21,0,84,28,2,1,0,2,28,1,27,3114
82,21,0,85,24,2,7,0,2,24,1,19,2811
83,21,0,113.5,41,7,5,8,3,33,1,34,4146
84,21,1,3,1,0.1,0.1,0.1,0,0.9,0,0.8,112.1
106,21,1,11,4.2,0.3,0,1.1,1,3.1,0.3,2.4,547.9
111,21,1,3,1.2,0.3,0,0.1,0.1,1.1,0,1,127.9
1,22,1,30,10.9,4.1,1.5,3.2,0.3,7.7,0.9,7.9,1121.2
6,22,0,80,30,5,3,7,5,23,0,21,3268
7,22,0,30.5,18,11,0,10,1,8,1,8,1579
8,22,0,90.5,30,3,2,2,2,28,0,25,3316
9,22,0,76.5,29,7,4,0,2,29,0,28,3390
10,22,0,44,18,4,0,0,0,18,0,16,1980
11,22,1,11.5,4.6,0.9,0.3,0,0.7,4.6,0.9,4.1,533.8
12,22,1,21,8.4,1.6,0.6,0,1.2,8.4,1.6,7.5,974.7
13,22,0,111,38,5,5,6,2,32,2,31,4105
14,22,0,294.5,137,46,4,72,18,65,3,64,11099
15,22,0,51,17,2,2,4,0,13,0,16,1857
18,22,1,14,5.3,1.1,0.7,1.4,0.4,3.9,0.3,4.3,552.5
19,22,0,125.5,48,9,3,1,3,47,0,45,4974
20,22,0,172.5,64,8,2,0,6,64,1,60,6344
21,22,0,34,12,1,0,0,0,12,0,9,1189
22,22,1,2,0.8,0.1,0.1,0.2,0.1,0.6,0,0.6,90.8
24,22,1,8,3.2,0.4,0.4,0.9,0.4,2.3,0.1,2.3,363.3
26,22,1,3,1.1,0.4,0.1,0.1,0.1,1,0.4,0.8,134.8
28,22,1,6,2.3,0.7,0.3,0.3,0.1,2,0.7,1.6,269.5
38,22,1,4,1.7,0.4,0.2,0.1,0.2,1.6,0,1.2,219.7
42,22,1,19,6.9,1.5,1.2,0,0,6.9,0.3,5.4,968.4
44,22,1,2,0.7,0.2,0.1,0,0,0.7,0,0.6,101.9
45,22,1,15,5.5,1.2,1,0,0,5.5,0.2,4.3,764.5
46,22,1,14,5.4,0.9,0.2,0.6,0.7,4.8,0.2,5,653.7
48,22,0,33,12,1,1,4,2,8,1,8,1370
49,22,1,17,6.5,1,0.3,0.7,0.9,5.8,0.3,6.1,793.8
52,22,1,7,2.7,0.5,0.2,0.2,0.7,2.5,0.7,2.2,307.5
53,22,1,2.5,1,0.2,0.1,0.1,0.3,0.9,0.3,0.8,109.8
54,22,1,3,1.2,0.2,0.1,0.1,0.3,1.1,0.3,0.9,131.8
55,22,1,7,2.7,0.5,0.2,0.2,0.7,2.5,0.7,2.2,307.5
57,22,1,5,1.6,0.1,0.1,0.1,0.1,1.5,0,1.5,203
58,22,1,2,0.7,0,0,0.1,0,0.6,0,0.6,81.2
62,22,1,3,1,0.1,0.1,0.1,0.1,0.9,0,0.9,121.8
66,22,1,1,0.4,0.1,0,0,0,0.4,0.1,0.4,41.7
69,22,1,18,7.2,1.2,0.2,0.2,0,7,1,7,750.8
70,22,0,126,45,7,2,2,1,43,0,43,4364
71,22,0,155,57,11,5,0,4,57,4,54,5408
72,22,1,1,0.4,0.1,0,0,0,0.4,0,0.4,42.7
73,22,0,155,55,10,7,8,5,47,2,21,4885
74,22,0,97.5,37,10,3,10,5,27,4,29,3447
75,22,0,84,33,9,3,7,1,26,1,24,3594
76,22,1,29,9.3,0.7,1.4,0.7,1,8.6,0.7,7.4,1174.6
77,22,1,5,1.6,0.1,0.2,0.1,0.2,1.5,0.1,1.3,202.5
78,22,1,9,2.9,0.2,0.4,0.2,0.3,2.7,0.2,2.3,364.5
79,22,0,30,13,5,2,0,0,13,2,13,1622
80,22,0,57,20,0,1,0,1,20,0,20,2235
81,22,0,127,50,6,3,0,9,50,3,36,4755
82,22,0,73,26,4,3,0,2,26,0,22,2872
83,22,0,35.5,11,1,2,2,2,9,0,10,972
112,22,1,2,0.8,0.2,0,0.1,0.1,0.7,0,0.7,85.2
114,22,1,4,1.7,0.4,0,0.2,0.1,1.5,0,1.4,170.5
115,22,1,7,2.9,0.7,0,0.2,0.2,2.7,0,2.4,298.3
4,23,0,58,18,1,3,0,1,18,0,16,2072
5,23,0,143,48,8,5,13,4,35,2,33,5027
6,23,0,127,54,15,2,10,5,44,3,37,5486
7,23,0,86.5,33,5,2,17,6,16,3,21,3113
8,23,0,80,32,8,0,5,4,27,2,28,3529
9,23,0,90,35,4,1,0,2,35,1,28,4827
10,23,0,60,18,1,3,0,0,18,0,18,2019
13,23,0,64,27,6,1,13,4,14,1,14,2499
14,23,0,122,49,13,3,26,7,23,5,22,4626
15,23,0,29,11,2,1,2,0,9,0,9,1174
19,23,1,5,1.9,0.4,0.3,0.5,0.2,1.4,0.1,1.5,197.3
20,23,0,39,13,0,1,0,1,13,0,12,1475
21,23,0,212,70,10,6,0,8,70,2,56,6842
22,23,1,14,5.6,0.7,0.7,1.6,0.7,4,0.2,4,635.8
30,23,1,2,0.8,0.2,0.1,0.1,0,0.7,0.2,0.5,89.8
31,23,1,8,3,0.9,0.4,0.4,0.2,2.6,0.9,2.1,359.3
37,23,1,1,0.4,0.1,0,0,0.1,0.4,0,0.3,54.9
38,23,1,7,3,0.7,0.3,0.3,0.4,2.7,0,2.1,384.5
39,23,1,14,6,1.4,0.5,0.5,0.8,5.5,0,4.1,768.9
40,23,1,19,8.2,1.9,0.7,0.7,1.1,7.5,0,5.6,1043.5
42,23,1,3,1.1,0.2,0.2,0,0,1.1,0,0.9,152.9
45,23,1,11,4,0.9,0.7,0,0,4,0.2,3.1,560.7
46,23,1,2,0.8,0.1,0,0.1,0.1,0.7,0,0.7,93.4
48,23,1,5,1.9,0.3,0.1,0.2,0.3,1.7,0.1,1.8,233.5
49,23,1,2,0.8,0.1,0,0.1,0.1,0.7,0,0.7,93.4
53,23,1,8,3.1,0.6,0.3,0.3,0.8,2.8,0.8,2.5,351.4
70,23,1,7,2.8,0.5,0.1,0.1,0,2.7,0.4,2.7,292
71,23,1,22,8.8,2.7,0.8,0.4,0.8,8.4,0,8.4,938.9
72,23,0,27,13,3,0,7,3,6,0,10,1200
73,23,0,83.5,29,3,2,0,2,29,0,28,3047
74,23,1,18.5,7.4,2.3,0.6,0.3,0.6,7.1,0,7.1,789.5
75,23,0,84,52,29,0,43,7,9,4,29,3569
76,23,0,89.5,41,19,3,13,5,28,6,18,3353
77,23,0,46,20,6,0,0,2,20,0,18,2436
78,23,0,107.5,37,6,3,4,7,33,1,26,3815
79,23,0,180,63,10,6,1,6,62,3,61,6020
80,23,0,92.5,33,2,2,0,2,33,0,33,3284
81,23,0,164,51,6,9,0,7,51,4,19,4419
82,23,1,9,3,0.4,0.4,0.3,0.1,2.7,0,2.5,336.4
123,23,1,11,3.7,0.5,0.7,0.7,0.2,3,0.5,2.1,394.4
124,23,1,7,2.4,0.3,0.4,0.5,0.1,1.9,0.3,1.3,251
4,24,1,12,4.4,1.6,0.6,1.3,0.1,3.1,0.4,3.2,448.5
5,24,1,14,5.1,1.9,0.7,1.5,0.1,3.6,0.4,3.7,523.2
6,24,0,99,34,7,4,4,5,30,2,24,3938
7,24,0,137.5,56,13,3,32,5,24,2,30,4239
8,24,0,130.5,63,19,1,42,15,21,4,28,5610
9,24,0,140.5,69,33,3,41,2,28,4,44,5810
10,24,0,117.5,41,5,4,0,2,41,0,36,4688
11,24,1,17,6.8,1.3,0.5,0,1,6.8,1.3,6,789.1
12,24,1,15,6,1.1,0.4,0,0.9,6,1.1,5.3,696.2
13,24,1,3,1.2,0.2,0.1,0,0.2,1.2,0.2,1.1,139.2
14,24,0,83,29,10,6,6,5,23,3,17,2690
15,24,0,38,11,0,1,3,1,8,0,8,1300
22,24,0,30,13,5,1,6,0,7,1,11,1300
23,24,1,2,0.8,0.1,0.1,0.2,0.1,0.6,0,0.6,90.8
24,24,1,3,1.2,0.1,0.1,0.3,0.1,0.9,0,0.9,136.2
27,24,1,5.5,2.1,0.6,0.3,0.3,0.1,1.8,0.6,1.4,247
38,24,1,3,1.3,0.3,0.1,0.1,0.2,1.2,0,0.9,164.8
49,24,1,8,3.1,0.5,0.1,0.4,0.4,2.7,0.1,2.9,373.6
55,24,1,1,0.4,0.1,0,0,0.1,0.4,0.1,0.3,43.9
72,24,0,36,13,3,2,3,1,10,0,8,1161
73,24,0,47,20,6,0,0,2,20,1,18,1838
74,24,0,76,28,8,4,2,1,26,0,27,2997
75,24,0,147.5,74,38,3,61,8,13,7,46,4898
76,24,0,101,51,23,0,38,7,13,0,34,4087
77,24,0,112,37,8,6,0,2,37,0,35,3966
78,24,0,85.5,26,2,3,0,1,26,0,25,2909
79,24,0,26,11,2,0,0,1,11,0,9,1200
80,24,1,25,8.1,0.6,1.2,0.6,0.8,7.5,0.6,6.4,1012.6
81,24,1,6,2,0.3,0.3,0.2,0.1,1.8,0,1.6,224.3
90,24,1,5,1.9,0.3,0.1,0.9,0.4,1,0.3,0.7,157
113,24,1,10,4.1,1,0,0.3,0.3,3.8,0,3.4,426.2
2,25,1,1,0.4,0.1,0,0.1,0,0.3,0,0.3,37.4
4,25,1,2,0.7,0.3,0.1,0.2,0,0.5,0.1,0.5,74.7
5,25,1,10,3.6,1.4,0.5,1.1,0.1,2.5,0.3,2.6,373.7
6,25,0,29,12,2,1,0,2,12,0,12,1782
7,25,0,56.5,23,4,2,9,5,14,3,6,2335
8,25,0,108.5,43,10,5,21,8,22,3,22,3961
9,25,1,19,6.9,1.1,1.1,0,0.3,6.9,0,6.7,881.2
10,25,1,16.5,6,1,1,0,0.2,6,0,5.8,765.3
11,25,1,11,4.6,1.1,0.3,0.6,0.5,4,0.3,3.2,439.2
15,25,1,5,2.1,0.5,0.1,0.3,0.2,1.8,0.1,1.5,199.6
21,25,1,14,5.4,1,0,1.6,1.6,3.8,0.6,3,533.8
22,25,1,21,8.1,1.5,0,2.4,2.4,5.7,0.9,4.5,800.7
23,25,1,2.5,1,0.2,0,0.3,0.3,0.7,0.1,0.5,95.3
24,25,1,19.5,7.5,1.4,0,2.2,2.2,5.3,0.8,4.2,743.5
25,25,1,8,3.1,0.6,0,0.9,0.9,2.2,0.3,1.7,305
26,25,1,18,6.5,1,0.8,0.8,0.3,5.7,0.3,4.7,758.1
27,25,1,4,1.4,0.2,0.2,0.1,0.1,1.3,0.1,1,168.5
28,25,1,10,3.6,0.6,0.4,0.4,0.1,3.2,0.1,2.6,421.2
29,25,1,2,0.7,0.1,0.1,0.1,0,0.6,0,0.5,84.2
55,25,1,6,2.1,0.1,0.1,0,0.1,2.1,0.1,2,221
65,25,1,2,0.6,0,0,0,0,0.6,0,0.6,66.2
67,25,1,3,1.5,0.8,0.1,0.5,0.2,1,0.2,1,131.8
72,25,1,13,5.7,1.2,0.2,0.9,0.2,4.8,0.2,4.5,530.7
73,25,0,77.5,31,8,2,16,8,15,0,6,2413
74,25,0,130,50,16,2,23,3,27,2,38,4384
75,25,0,29.5,13,1,0,2,2,11,0,13,1370
76,25,1,16,6.4,1.4,0.7,0,0,6.4,0.2,6,711.6
77,25,1,48,19.3,4.3,2.1,0,0,19.3,0.7,17.9,2134.9
78,25,1,1,0.4,0.1,0,0,0,0.4,0,0.4,44.5
112,25,1,1,0.4,0,0,0.1,0.1,0.3,0,0.2,49.8
113,25,1,14,5.3,0.3,0,1.3,1.3,4,0.3,3,697.3
114,25,1,3,1.1,0.1,0,0.3,0.3,0.8,0.1,0.6,149.4
116,25,1,12,5.1,1.9,0.6,0.7,0,4.4,0,3.8,521.1
6,26,0,58,21,2,0,0,0,21,0,18,2089
7,26,0,139,49,13,9,8,6,41,3,29,4896
8,26,0,83,39,14,1,21,9,18,3,15,3628
9,26,1,2,0.7,0.1,0.1,0,0,0.7,0,0.7,92.8
10,26,1,3,1.1,0.2,0.2,0,0,1.1,0,1.1,139.1
11,26,1,4,1.7,0.4,0.1,0.2,0.2,1.5,0.1,1.2,159.7
12,26,1,6,2.5,0.6,0.2,0.3,0.3,2.2,0.2,1.8,239.5
13,26,1,2,0.8,0.2,0.1,0.1,0.1,0.7,0.1,0.6,79.8
14,26,1,15,6.2,1.6,0.4,0.8,0.7,5.4,0.4,4.4,598.9
22,26,0,48.5,15,0,2,7,4,8,2,7,1612
28,26,0,20,16,12,0,13,1,3,1,11,964
29,26,1,11,4,0.6,0.5,0.5,0.2,3.5,0.2,2.9,463.3
64,26,1,25,7.4,0.6,0.4,0,0.2,7.4,0.2,7.4,827.1
65,26,0,46.5,17,4,3,1,2,16,0,12,1769
66,26,0,67,21,1,4,3,2,18,1,20,2339
67,26,0,91,38,13,3,9,1,29,1,35,3621
68,26,0,75,25,2,3,4,2,21,1,25,2521
69,26,1,1,0.5,0.2,0,0.2,0.1,0.3,0.1,0.3,43.9
71,26,1,8,3.5,0.7,0.1,0.6,0.1,2.9,0.1,2.8,326.6
72,26,1,6.5,2.9,0.6,0.1,0.5,0.1,2.4,0.1,2.3,265.4
73,26,0,73.5,26,6,5,20,7,6,2,0,1702
113,26,1,9,3.4,0.2,0,0.8,0.9,2.6,0.2,1.9,448.3
114,26,1,4,1.5,0.1,0,0.4,0.4,1.1,0.1,0.9,199.2
116,26,1,20,8.4,3.2,1.1,1,0,7.4,0,6.3,868.4
6,27,1,8,2.9,0.5,0.5,0,0.1,2.9,0,2.8,371
7,27,0,63,25,3,1,1,1,24,0,24,2566
8,27,0,53.5,19,4,3,6,2,13,2,16,2028
9,27,1,13,4.7,0.8,0.8,0,0.2,4.7,0,4.6,602.9
10,27,1,5,1.8,0.3,0.3,0,0.1,1.8,0,1.8,231.9
13,27,1,6,2.5,0.6,0.2,0.3,0.3,2.2,0.2,1.8,239.5
14,27,1,23,9.5,2.4,0.7,1.3,1.1,8.2,0.7,6.7,918.3
15,27,1,10,4.2,1,0.3,0.6,0.5,3.6,0.3,2.9,399.2
16,27,1,5,1.9,0.4,0,0.6,0.6,1.3,0.2,1.1,190.6
28,27,1,18,6.5,1,0.8,0.8,0.3,5.7,0.3,4.7,758.1
29,27,1,4,1.4,0.2,0.2,0.1,0.1,1.3,0.1,1,168.5
41,27,1,2,0.9,0.1,0,0.5,0.3,0.4,0.2,0.3,88.6
43,27,1,8,3.7,0.5,0,2.2,1.2,1.5,0.7,1.2,354.2
61,27,1,31,9.1,0.7,0.5,0,0.2,9.1,0.2,9.1,1025.6
62,27,1,27,8,0.6,0.4,0,0.2,8,0.2,8,893.3
63,27,1,8,2.4,0.2,0.1,0,0.1,2.4,0.1,2.4,264.7
64,27,0,49,16,0,1,0,1,16,0,15,1965
65,27,0,106,32,1,4,4,2,28,2,29,3853
66,27,0,114.5,36,4,5,0,2,36,0,34,4082
67,27,0,60,25,7,1,0,0,25,1,23,2480
68,27,0,53,24,5,0,0,0,24,1,22,2466
71,27,1,17,7.5,1.6,0.3,1.3,0.3,6.2,0.3,5.9,694
116,27,1,6,2.5,0.9,0.3,0.3,0,2.2,0,1.9,260.5
123,27,1,14,4.8,0.6,0.9,0.9,0.3,3.9,0.6,2.7,501.9
8,28,1,2,0.7,0.1,0.1,0,0,0.7,0,0.7,92.8
9,28,0,66,22,2,3,1,2,21,1,20,2456
10,28,0,54,17,2,4,0,1,17,0,13,1802
11,28,1,6,2.5,0.6,0.2,0.3,0.3,2.2,0.2,1.8,239.5
28,28,1,2,0.7,0.1,0.1,0.1,0,0.6,0,0.5,84.2
41,28,1,2,0.9,0.1,0,0.5,0.3,0.4,0.2,0.3,88.6
42,28,1,13.5,6.2,0.8,0,3.7,2.1,2.5,1.2,2.1,597.7
51,28,1,3,1.1,0.1,0.1,0,0.1,1.1,0.1,1,110.5
52,28,1,23,8.2,0.4,0.4,0,0.4,8.2,0.4,7.8,847.1
53,28,0,82,27,3,6,0,2,27,0,26,2428
54,28,1,6,2.1,0.1,0.1,0,0.1,2.1,0.1,2,221
60,28,1,25,8.1,0.6,0.6,0.6,0.6,7.5,0,7.5,1015
61,28,0,140,42,2,4,10,4,32,2,36,4629
62,28,0,124,45,8,1,31,3,14,2,40,3710
63,28,0,106,35,5,2,1,0,34,0,32,3799
64,28,0,83,30,1,1,5,6,25,0,25,3653
65,28,0,82.5,36,10,1,15,4,21,1,21,3311
66,28,0,77.5,32,9,3,6,3,26,1,22,3608
67,28,0,37,15,4,0,2,0,13,0,13,1595
68,28,0,42,15,3,2,0,0,15,1,15,1871
69,28,1,5,2.5,1.2,0.2,0.9,0.4,1.6,0.4,1.6,219.6
71,28,1,7,3.1,0.6,0.1,0.5,0.1,2.6,0.1,2.4,285.8
76,28,1,1,0.4,0.1,0,0,0,0.4,0,0.4,44.5
77,28,1,1,0.4,0.1,0,0,0,0.4,0,0.4,44.5
92,28,1,13,5,0.8,0.3,2.5,1.1,2.5,0.8,1.9,408.3
93,28,1,6,2.3,0.4,0.1,1.1,0.5,1.2,0.4,0.9,188.4
104,28,1,7,2.5,0.5,0.2,0,0.5,2.5,0,1.9,351.4
105,28,1,2,0.7,0.2,0.1,0,0.2,0.7,0,0.6,100.4
9,29,0,48,16,4,4,1,1,15,2,13,1933
10,29,0,80,28,6,2,2,3,26,1,26,3132
11,29,0,58,27,7,1,2,3,25,0,24,2520
12,29,1,18,7.5,1.9,0.5,1,0.8,6.5,0.5,5.3,718.6
33,29,1,2,0.8,0.2,0.1,0.1,0,0.7,0.2,0.5,89.8
43,29,1,7,3.2,0.4,0,1.9,1.1,1.3,0.6,1.1,309.9
51,29,0,180.5,62,4,5,0,9,62,4,54,5768
52,29,0,87.5,35,4,2,1,1,34,1,35,3404
53,29,0,116,41,7,3,0,1,41,1,39,3986
54,29,1,21,7.5,0.4,0.4,0,0.4,7.5,0.4,7.1,773.4
60,29,0,39,14,2,0,11,2,3,0,13,1286
61,29,1,33,9.7,0.8,0.5,0,0.3,9.7,0.3,9.7,1091.8
62,29,1,3,0.9,0.1,0,0,0,0.9,0,0.9,99.3
63,29,0,64,19,0,2,0,2,19,0,19,2279
64,29,0,147,62,20,4,28,14,34,8,21,5038
65,29,0,180,81,25,4,44,18,37,3,48,7663
66,29,0,144,49,10,4,14,4,35,4,41,5173
67,29,1,1,0.5,0.2,0,0.2,0.1,0.3,0.1,0.3,43.9
68,29,1,18,9,4.5,0.6,3.2,1.3,5.8,1.3,5.8,790.7
75,29,1,3,1.3,0.3,0.1,0.2,0.1,1.1,0.1,1,122.5
92,29,1,8,3.1,0.5,0.2,1.5,0.7,1.6,0.5,1.2,251.2
102,29,0,28,11,1,1,0,0,11,1,8,1310
104,29,1,24,8.5,1.8,0.6,0,1.8,8.5,0,6.7,1204.9
105,29,1,6.5,2.3,0.5,0.2,0,0.5,2.3,0,1.8,326.3
127,29,1,1,0.4,0.1,0,0,0,0.4,0,0.3,38.4
11,30,1,6,2.2,0.4,0.3,0.6,0.2,1.6,0.2,1.4,228.2
15,30,1,1,0.4,0.1,0.1,0.1,0,0.3,0,0.2,38
29,30,1,2,1,0.3,0,0,0,1,0,1,109.1
30,30,1,2,1,0.3,0,0,0,1,0,1,109.1
31,30,1,1,0.5,0.1,0,0,0,0.5,0,0.5,49.5
50,30,0,196,65,10,14,0,13,65,9,19,5537
51,30,0,133,49,10,8,3,2,46,2,39,4486
52,30,0,130.5,49,4,2,0,2,49,0,46,5186
53,30,0,129.5,44,6,5,8,4,36,2,39,4777
54,30,1,10,3.7,0.3,0.3,0.7,0,3,0.3,2.7,446
63,30,1,26,8.4,0,1.5,0,0.4,8.4,0,8,1040
64,30,1,29,9.4,0,1.7,0,0.4,9.4,0,9,1160
65,30,0,81,35,6,2,0,4,35,0,34,3740
66,30,0,82,31,5,2,2,2,29,0,29,3773
67,30,1,4,1.5,0.3,0.1,0.1,0.1,1.4,0.1,1.3,189.4
68,30,1,2,0.8,0.2,0.1,0.1,0,0.7,0,0.7,94.7
69,30,1,8,3.1,0.7,0.3,0.2,0.2,2.9,0.2,2.7,378.9
70,30,1,3,1.2,0.3,0.1,0.1,0.1,1.1,0.1,1,142.1
74,30,1,7,2.3,0.6,0.4,0.5,0.3,1.8,0,1.1,205.9
92,30,1,2,0.7,0.1,0.2,0,0,0.7,0,0.7,70.5
100,30,0,66.5,20,2,3,0,1,20,1,19,2117
101,30,0,73.5,28,6,3,0,3,28,1,27,2965
102,30,0,114,42,7,5,10,4,32,2,35,4204
103,30,0,40.5,15,3,0,0,1,15,0,14,1620
104,30,1,16.5,6.5,1,0.7,0.5,0.5,6,0.2,6.2,688.3
109,30,1,1,0.4,0.2,0,0.1,0,0.3,0.1,0.3,44.9
110,30,1,4,1.7,0.8,0.2,0.5,0.1,1.2,0.2,1.1,179.4
111,30,1,1,0.4,0.2,0,0.1,0,0.3,0.1,0.3,44.9
126,30,1,5,1.8,0.2,0.1,0.1,0.2,1.7,0.1,1.8,204.1
127,30,1,19,6.9,0.6,0.4,0.4,0.8,6.5,0.4,6.7,775.6
0,31,1,4,1.4,0.3,0.2,0.5,0.1,0.9,0.2,0.9,165
11,31,1,16,5.8,1.1,0.9,1.5,0.4,4.3,0.4,3.6,608.6
12,31,1,1,0.4,0.1,0.1,0.1,0,0.3,0,0.2,38
30,31,1,10,5.2,1.6,0,0,0,5.2,0,4.8,545.6
43,31,1,4,1.2,0.3,0.1,0.6,0.3,0.6,0.3,0.8,130
49,31,0,46,16,1,2,0,2,16,0,16,1739
50,31,1,45,15.4,1.3,0.6,0,1.9,15.4,0,15.4,1618.7
51,31,0,75,28,6,2,2,0,26,2,23,2914
52,31,0,163,62,8,6,0,4,62,1,58,6109
53,31,0,119,44,8,4,2,2,42,1,39,4826
54,31,0,39,13,1,2,0,1,13,0,13,1631
55,31,0,31,13,2,0,0,0,13,0,13,1607
63,31,0,38,14,1,1,2,3,12,0,11,1603
64,31,0,99.5,36,4,3,1,2,35,1,34,4269
65,31,0,97,37,9,3,4,0,33,0,34,3587
66,31,0,94,34,6,4,0,2,34,0,32,4174
67,31,1,6,2.3,0.5,0.2,0.1,0.1,2.2,0.1,2,284.2
69,31,1,8.5,3.3,0.7,0.3,0.2,0.2,3.1,0.2,2.9,402.6
70,31,1,2,0.8,0.2,0.1,0.1,0,0.7,0,0.7,94.7
73,31,1,3,1,0.2,0.2,0.2,0.1,0.8,0,0.5,88.2
74,31,1,4,1.3,0.3,0.3,0.3,0.2,1,0,0.6,117.7
75,31,1,4,1.3,0.3,0.3,0.3,0.2,1,0,0.6,117.7
89,31,1,7,2.3,0.3,0.5,0,0.1,2.3,0,2.3,246.6
100,31,1,4,1.6,0.3,0.1,0.8,0.2,0.8,0,0.5,138.9
101,31,0,47,15,0,1,0,1,15,1,15,1822
102,31,0,125,45,8,4,5,4,40,1,35,4818
103,31,0,70,27,8,4,7,4,20,3,19,2543
104,31,0,67,28,4,1,1,1,27,0,27,2780
105,31,1,7,2.7,0.4,0.3,0.2,0.2,2.5,0.1,2.6,292
106,31,1,3,1.3,0.6,0.1,0.4,0.1,0.9,0.2,0.8,134.6
108,31,1,20,8.5,4.2,0.8,2.6,0.6,5.9,1.1,5.4,897.2
125,31,1,11,4.1,0.3,0,0,0.6,4.1,0,4.1,463.2
126,31,1,15,5.4,0.5,0.3,0.3,0.6,5.1,0.3,5.3,612.3
127,31,1,30.5,11.1,0.9,0.6,0.7,1.3,10.4,0.6,10.7,1245
0,32,1,19,6.7,1.3,1.2,2.2,0.5,4.5,0.8,4.3,783.7
12,32,1,8,2.9,0.5,0.4,0.8,0.2,2.1,0.2,1.8,304.3
30,32,1,11,5.7,1.8,0,0,0,5.7,0,5.3,600.2
31,32,0,34,16,5,2,0,0,16,1,15,1713
32,32,0,46,18,3,2,0,0,18,0,15,1850
33,32,0,76,29,2,2,0,4,29,0,28,2857
34,32,1,25,11.5,1.9,0,0,1,11.5,1,11.5,1238.5
48,32,1,19,6.5,0.5,0.3,0,0.8,6.5,0,6.5,683.5
49,32,0,138.5,46,3,4,0,3,46,1,43,4455
50,32,0,43,18,5,1,0,1,18,2,16,1734
51,32,0,73.5,27,4,3,2,5,25,1,24,2650
52,32,0,78,37,16,2,11,3,26,2,22,3535
53,32,0,78,32,9,1,11,2,21,3,24,2948
54,32,1,5,1.8,0.2,0.2,0.3,0,1.5,0.2,1.3,223
55,32,0,93,32,3,2,0,1,32,0,30,3693
56,32,1,10,5.5,3,0.5,0,0,5.5,0.5,5,621
59,32,1,7,3.8,2.1,0.3,0,0,3.8,0.3,3.5,434.7
64,32,0,32,13,3,0,0,0,13,0,13,1494
65,32,0,103.5,36,6,4,2,4,34,1,32,3930
66,32,0,65,22,5,3,0,1,22,2,21,3306
67,32,0,31,12,4,1,0,0,12,0,11,1588
69,32,1,13,5,1.1,0.5,0.3,0.3,4.7,0.3,4.4,615.7
70,32,1,5,1.9,0.4,0.2,0.1,0.1,1.8,0.1,1.7,236.8
72,32,1,5,1.7,0.4,0.3,0.4,0.2,1.3,0,0.8,147.1
73,32,1,1,0.3,0.1,0.1,0.1,0,0.2,0,0.2,29.4
74,32,1,1,0.3,0.1,0.1,0.1,0,0.2,0,0.2,29.4
100,32,1,14,5.5,1.1,0.3,2.7,0.6,2.8,0,1.7,486
101,32,0,99,35,7,3,4,4,31,2,32,3587
102,32,0,103,44,14,1,9,3,35,4,36,4173
103,32,0,60,25,9,0,8,1,17,3,22,2663
104,32,0,46,19,5,0,5,0,14,0,16,1677
107,32,1,17,7.2,3.6,0.7,2.2,0.5,5,1,4.5,762.6
125,32,0,38,11,3,3,1,0,10,1,10,1344
126,32,0,59,18,2,4,0,0,18,1,16,2194
127,32,0,52,22,6,2,6,2,16,1,14,2370
0,33,1,3,1.1,0.2,0.2,0.4,0.1,0.7,0.1,0.7,123.7
12,33,1,9,3.2,0.6,0.5,0.8,0.2,2.4,0.2,2,342.4
13,33,1,2,0.7,0.1,0.1,0.2,0.1,0.5,0.1,0.5,76.1
31,33,0,66.5,23,4,1,3,1,20,0,20,2795
32,33,0,65,26,6,1,2,0,24,0,22,2842
33,33,0,190,62,8,9,0,3,62,1,58,6384
34,33,0,170.5,61,9,5,0,6,61,0,61,6331
35,33,0,79,28,5,1,0,0,28,1,26,2922
38,33,1,4,1.2,0.3,0.1,0.6,0.3,0.6,0.3,0.8,130
47,33,1,6,2.1,0.2,0.1,0,0.3,2.1,0,2.1,215.8
48,33,0,74.5,24,2,4,0,4,24,0,24,2323
49,33,0,123,48,7,1,0,0,48,1,44,4495
50,33,0,130.5,48,11,6,17,1,31,1,40,4092
51,33,0,102,38,7,4,2,4,36,0,34,3948
52,33,0,188,54,4,11,13,9,41,5,34,5825
53,33,0,66,23,3,1,7,1,16,2,15,2268
54,33,1,15,5.5,0.5,0.5,1,0,4.5,0.5,4,669
55,33,0,183.5,62,13,10,44,19,18,10,17,4948
56,33,0,51,16,1,3,1,1,15,1,15,2031
57,33,1,1,0.6,0.3,0,0,0,0.6,0,0.5,62.1
59,33,1,2,1.1,0.6,0.1,0,0,1.1,0.1,1,124.2
64,33,1,7,2.3,0,0.4,0,0.1,2.3,0,2.2,280
65,33,1,6,1.9,0,0.4,0,0.1,1.9,0,1.9,240
66,33,1,11.5,4.4,1,0.4,0.3,0.3,4.1,0.3,3.9,544.7
69,33,1,8,3.1,0.7,0.3,0.2,0.2,2.9,0.2,2.7,378.9
73,33,1,2,0.7,0.2,0.1,0.2,0.1,0.5,0,0.3,58.8
100,33,1,28.5,11.3,2.3,0.6,5.6,1.1,5.7,0,3.4,989.3
101,33,0,31,13,2,1,0,2,13,0,12,1393
102,33,0,72,27,5,0,3,2,24,1,25,3091
103,33,0,61,24,8,4,11,6,13,3,14,2342
104,33,1,10,3.9,0.6,0.5,0.3,0.3,3.6,0.2,3.8,417.1
105,33,0,36,13,2,0,4,2,9,2,8,1245
106,33,1,6,2.5,1.3,0.3,0.7,0.2,1.8,0.3,1.6,269.2
107,33,1,1,0.4,0.2,0,0.1,0,0.3,0.1,0.3,44.9
108,33,1,12,5.1,2.5,0.5,1.5,0.3,3.6,0.7,3.2,538.3
125,33,1,26.5,9.9,0.7,0,0,1.4,9.9,0,9.9,1115.8
126,33,0,55,18,3,3,0,2,18,0,18,1981
127,33,0,88,35,7,0,14,7,21,2,21,3117
0,34,1,10,3.5,0.7,0.6,1.1,0.3,2.4,0.4,2.3,412.5
12,34,1,9,3.2,0.6,0.5,0.8,0.2,2.4,0.2,2,342.4
13,34,1,6,2.2,0.4,0.3,0.6,0.2,1.6,0.2,1.4,228.2
15,34,1,2,0.7,0.1,0.1,0.2,0.1,0.5,0.1,0.5,76.1
31,34,0,61,30,8,0,11,3,19,1,21,2902
32,34,0,120,35,3,10,0,2,35,4,30,3564
33,34,0,228.5,93,19,3,0,13,93,5,87,8190
34,34,0,92,38,9,2,2,3,36,2,34,3561
35,34,0,90,35,6,4,0,2,35,1,35,3387
47,34,0,71,25,2,1,0,3,25,0,25,2285
48,34,0,166,64,12,4,3,3,61,5,60,6129
49,34,0,138,47,5,5,0,3,47,0,43,4920
50,34,0,76,30,2,2,1,1,29,2,30,3047
51,34,0,97.5,34,2,5,0,3,34,0,32,3626
52,34,0,122.5,41,7,5,7,3,34,0,28,4493
53,34,0,264,102,32,10,92,14,10,14,27,7308
54,34,0,382,186,93,14,180,24,6,27,27,11309
55,34,0,388,175,66,9,144,35,31,15,51,13230
56,34,0,33,12,0,1,0,3,12,0,8,1080
68,34,1,4,1.5,0.3,0.1,0.1,0.1,1.4,0.1,1.3,189.4
69,34,1,8,3.1,0.7,0.3,0.2,0.2,2.9,0.2,2.7,378.9
100,34,1,4,1.6,0.3,0.1,0.8,0.2,0.8,0,0.5,138.9
101,34,1,18,7,1.1,0.8,0.5,0.5,6.5,0.3,6.8,750.9
102,34,0,56,26,7,1,3,3,23,3,22,2581
103,34,1,4,1.6,0.2,0.2,0.1,0.1,1.5,0.1,1.5,166.9
104,34,1,11,4.3,0.7,0.5,0.3,0.3,4,0.2,4.1,458.9
105,34,0,57,21,4,0,5,3,16,1,14,2296
106,34,1,1,0.4,0.2,0,0.1,0,0.3,0.1,0.3,44.9
126,34,1,24,8.7,0.7,0.5,0.5,1,8.2,0.5,8.5,979.6
127,34,0,38.5,18,5,0,4,5,14,1,14,1779
0,35,1,23,7.6,1.2,1.5,0,0.6,7.6,0.3,7,1006.2
1,35,1,10,3.7,0.9,0.6,0.8,0.3,2.9,0.3,2.9,439.5
11,35,1,3,0.9,0.2,0.3,0.1,0,0.8,0.1,0.7,82.6
13,35,1,4,1.2,0.2,0.4,0.1,0,1.1,0.1,1,110.2
15,35,1,23,6.8,1.4,2.6,0.6,0.3,6.2,0.9,5.7,633.5
29,35,1,20,7.3,1.3,0.3,1.3,0.7,6,0,7.3,822
30,35,1,39,14.3,2.6,0.7,2.6,1.3,11.7,0,14.3,1602.9
31,35,0,133.5,37,6,13,35,7,2,8,3,3121
32,35,0,74,32,12,3,11,1,21,4,18,2571
33,35,0,98.5,39,8,4,0,0,39,2,37,3809
34,35,0,108.5,40,4,1,2,0,38,1,38,4091
35,35,0,99,41,6,2,0,5,41,1,39,4057
36,35,1,19,5.9,1.4,0.5,2.7,1.4,3.2,1.4,3.6,617.5
37,35,1,11,3.4,0.8,0.3,1.6,0.8,1.8,0.8,2.1,357.5
47,35,0,124.5,48,6,3,0,5,48,2,48,4624
48,35,0,207,62,8,14,7,7,55,8,35,5482
49,35,0,112,41,7,5,1,4,40,1,37,4051
50,35,0,95,33,0,4,1,6,32,0,33,3693
51,35,0,126,42,3,7,2,6,40,0,38,4598
52,35,0,153.5,47,4,8,8,6,39,2,29,4722
53,35,0,474.5,222,85,11,198,29,24,15,109,15179
54,35,0,152.5,61,18,7,34,14,27,10,16,4773
55,35,0,169,101,69,5,83,3,18,3,24,5993
56,35,0,88.5,34,5,3,0,6,34,0,31,3387
57,35,0,49,19,1,1,0,1,19,0,18,1930
58,35,1,1,0.4,0.1,0.1,0.1,0,0.3,0,0.3,41.9
64,35,1,2,0.7,0.1,0.1,0.1,0.1,0.6,0,0.5,102
65,35,1,1,0.4,0.1,0,0.1,0,0.3,0,0.2,51
67,35,1,9,3,0.7,0.6,0.7,0.4,2.3,0,1.4,264.7
73,35,1,5,1.7,0.4,0.3,0.4,0.2,1.3,0,0.8,147.1
75,35,1,3,1,0.2,0.2,0.2,0.1,0.8,0,0.5,88.2
102,35,1,31,14,5.2,0,0.7,0.7,13.3,1.5,12.5,1431.2
104,35,1,1,0.5,0.2,0,0,0,0.5,0,0.4,46.2
127,35,1,22,9.7,3.9,1.1,3.6,1.1,6.1,0.4,6.1,961.2
0,36,0,359.5,113,26,21,96,16,17,14,94,10353
1,36,1,9,3.4,0.8,0.5,0.8,0.3,2.6,0.3,2.6,395.5
11,36,1,11,3.3,0.7,1.2,0.3,0.1,3,0.4,2.7,303
12,36,1,15,4.4,0.9,1.7,0.3,0.2,4.1,0.6,3.7,413.1
14,36,0,129.5,51,13,5,46,21,5,15,4,3708
15,36,0,196,85,22,6,80,20,5,22,27,6175
16,36,1,7,3,0.5,0,0.6,0.5,2.4,0.5,2.2,304.8
17,36,1,8,3.4,0.6,0,0.6,0.6,2.8,0.6,2.5,348.3
27,36,1,1,0.4,0.1,0,0.1,0,0.3,0,0.4,41.1
28,36,0,60,18,4,6,2,0,16,1,2,1681
29,36,0,225.5,77,12,9,0,5,77,2,67,6820
30,36,0,311,143,55,9,119,29,24,21,23,9637
31,36,0,660,311,126,15,311,44,0,31,209,21627
32,36,0,94,40,16,6,22,9,18,6,17,3529
33,36,0,285.5,136,55,7,111,15,25,3,71,9079
34,36,0,103,39,6,4,0,1,39,3,36,3980
35,36,0,124,44,7,7,0,3,44,3,39,4148
36,36,0,320.5,116,27,11,88,20,28,13,56,9065
37,36,0,89,33,8,4,33,8,0,10,0,2275
46,36,1,2,0.8,0.1,0,0.1,0,0.7,0,0.7,76.8
47,36,0,78,29,6,2,2,1,27,3,29,3098
48,36,0,115,40,8,6,10,5,30,3,33,3864
49,36,0,214.5,75,13,5,0,7,75,2,73,6909
50,36,0,100.5,36,4,3,2,1,34,0,33,3468
51,36,0,421.5,173,35,6,0,9,173,5,165,15210
52,36,0,164,61,14,4,37,13,24,8,24,5312
53,36,0,223.5,99,35,8,82,22,17,9,35,7195
54,36,0,339,121,26,14,49,33,72,27,27,9916
55,36,0,125.5,58,25,4,39,2,19,2,31,4303
56,36,0,62,25,6,1,0,1,25,3,24,2587
57,36,0,111,44,10,3,3,3,41,4,35,3834
58,36,0,55,22,6,3,4,3,18,1,15,2206
65,36,1,6,2.2,0.4,0.2,0.2,0.2,2,0,1.4,306
67,36,1,13,4.3,1,0.8,1,0.6,3.3,0,2.1,382.4
74,36,1,5,1.7,0.4,0.3,0.4,0.2,1.3,0,0.8,147.1
75,36,1,1,0.3,0.1,0.1,0.1,0,0.2,0,0.2,29.4
0,37,1,30,9.9,1.5,1.9,0,0.8,9.9,0.4,9.1,1312.4
1,37,0,50,15,1,3,0,1,15,1,15,2019
2,37,1,7,2.6,0.6,0.4,0.6,0.2,2,0.2,2,307.6
3,37,1,14.5,5.4,1.2,0.8,1.2,0.4,4.2,0.4,4.2,637.3
11,37,0,36,15,4,0,2,0,13,0,11,1349
12,37,0,93,33,8,5,1,2,32,7,29,3321
13,37,0,55,18,7,5,9,1,9,3,13,1493
14,37,0,228,99,38,10,81,16,18,19,31,6674
15,37,0,345.5,156,57,10,143,40,13,36,30,10539
16,37,0,182,67,17,10,55,14,12,15,30,4906
17,37,0,432,158,41,25,139,33,19,32,19,12840
28,37,0,189.5,62,3,9,0,6,62,2,42,6195
29,37,0,222,74,7,13,0,7,74,1,52,7020
30,37,0,500.5,202,65,23,179,43,23,29,61,13839
31,37,0,349.5,169,60,6,169,40,0,20,89,10284
32,37,0,73,27,7,2,3,5,24,1,23,3211
33,37,0,88,25,2,4,0,1,25,0,25,2806
34,37,0,122,45,8,4,21,2,24,3,24,4390
35,37,0,130,47,9,6,4,3,43,2,40,4896
36,37,0,101,32,2,3,0,3,32,0,29,3684
38,37,1,4,1.2,0.3,0.1,0.6,0.3,0.6,0.3,0.8,130
46,37,1,13,5,0.7,0,0.3,0,4.7,0,4.5,499.4
47,37,1,10,3.8,0.5,0,0.2,0,3.6,0,3.5,384.2
49,37,0,91,32,3,2,0,3,32,5,28,3044
50,37,0,178,68,14,6,0,6,68,5,57,6024
51,37,0,117,37,6,6,8,1,29,3,32,3426
52,37,0,189,86,31,5,56,10,30,5,57,7404
53,37,0,246,95,21,7,37,15,58,8,52,7656
54,37,0,108,39,8,7,34,7,5,4,21,2945
55,37,0,200,68,9,8,34,14,34,7,29,5557
56,37,0,113.5,40,7,7,1,4,39,0,36,3770
57,37,0,88,38,5,3,0,2,38,0,37,3735
58,37,0,86,38,10,3,2,2,36,1,36,3990
59,37,0,85.5,26,3,8,0,5,26,2,14,2468
60,37,1,4,1.4,0.4,0.2,0.2,0,1.2,0.1,1.3,167.8
62,37,1,8,2.9,0.5,0.3,0.3,0.3,2.6,0,1.9,408
65,37,1,6,2.2,0.4,0.2,0.2,0.2,2,0,1.4,306
76,37,1,6,2.3,0.4,0.1,1.1,0.5,1.2,0.4,0.9,188.4
94,37,1,5,2.1,0.5,0.2,0,0.2,2.1,0.1,2,205.8
95,37,1,10,4.1,1,0.4,0,0.4,4.1,0.2,3.9,411.6
99,37,1,4,1.6,0.6,0.2,0.1,0.1,1.5,0,1.6,183.7
102,37,1,7,3.2,1.2,0,0.2,0.2,3,0.3,2.8,323.2
0,38,1,6,2,0.3,0.4,0,0.2,2,0.1,1.8,262.5
1,38,1,30,11.2,2.6,1.7,2.6,0.9,8.6,0.9,8.6,1318.5
2,38,1,9.5,3.5,0.8,0.5,0.8,0.3,2.7,0.3,2.7,417.5
3,38,1,14,5.2,1.2,0.8,1.2,0.4,4,0.4,4,615.3
4,38,1,23.5,8.8,2,1.3,2,0.7,6.8,0.7,6.7,1032.8
11,38,1,15,4.4,0.9,1.7,0.3,0.2,4.1,0.6,3.7,413.1
12,38,0,163,56,12,4,8,6,48,1,48,5447
13,38,0,137,48,11,9,22,3,26,8,34,4061
14,38,0,231.5,79,19,15,69,15,10,26,10,5396
15,38,0,73,30,9,2,6,2,24,4,26,2870
16,38,0,139,79,40,2,58,8,21,10,44,5670
17,38,0,84,36,13,4,10,4,26,4,21,2469
18,38,0,328,133,44,12,133,24,0,37,42,9184
19,38,0,83,36,13,4,33,5,3,7,4,2521
28,38,0,33,15,4,1,0,1,15,0,15,1559
29,38,0,105,41,6,3,0,5,41,3,40,4384
30,38,0,159,59,6,6,0,2,59,1,57,5528
31,38,0,215,76,19,13,24,14,52,12,35,5720
32,38,0,180.5,75,23,5,37,7,38,3,58,6064
33,38,0,162,48,4,10,1,2,47,2,41,5294
34,38,0,141,51,3,3,0,4,51,1,47,5211
35,38,0,118.5,44,5,4,2,4,42,1,41,4184
36,38,0,111.5,40,4,3,0,4,40,1,34,4507
47,38,1,2,0.8,0.1,0,0.1,0,0.7,0,0.7,76.8
50,38,0,56.5,17,3,3,0,1,17,0,17,1651
51,38,0,93,31,2,4,4,2,27,1,25,3179
52,38,0,47.5,19,3,0,5,1,14,2,11,1651
53,38,0,82,26,1,5,2,3,24,0,23,2697
54,38,0,121,43,8,6,13,8,30,6,19,3649
55,38,0,79,32,7,2,5,2,27,2,24,3571
56,38,1,30,10.8,3.3,1.7,1.6,0,9.2,0.8,10,1258.3
57,38,0,40,15,1,1,0,3,15,0,9,1645
58,38,0,28,14,5,1,0,1,14,0,12,1536
59,38,0,24,11,4,0,4,1,7,0,8,919
65,38,1,7,2.6,0.5,0.2,0.2,0.2,2.4,0,1.6,357
78,38,1,9,3.4,0.6,0.2,1.7,0.8,1.7,0.6,1.3,282.6
88,38,1,2,0.7,0.1,0.2,0,0,0.7,0,0.7,70.5
90,38,1,38,12.7,1.5,3,0,0.7,12.7,0,12.7,1338.9
91,38,1,28,11.5,2.7,1.1,0,1.1,11.5,0.5,11,1152.4
94,38,0,69,23,3,3,0,1,23,0,20,2243
95,38,0,71,22,0,4,2,0,20,0,21,2053
96,38,0,37,18,2,0,1,1,17,0,17,2089
97,38,1,23,9.1,3.6,1.2,0.6,0.6,8.5,0,9.1,1056.2
100,38,1,11,4.3,1.7,0.6,0.3,0.3,4,0,4.3,505.1
113,38,1,2,0.8,0.4,0.1,0.2,0.1,0.6,0.1,0.5,89.7
114,38,1,3,1.3,0.6,0.1,0.4,0.1,0.9,0.2,0.8,134.6
0,39,1,2,0.7,0.1,0.1,0,0.1,0.7,0,0.6,87.5
1,39,0,261.5,95,27,16,77,14,18,14,19,7285
2,39,1,10,3.7,0.9,0.6,0.8,0.3,2.9,0.3,2.9,439.5
3,39,1,2,0.7,0.2,0.1,0.1,0.1,0.6,0.1,0.6,87.9
4,39,0,83,34,8,1,4,1,30,2,31,4009
5,39,1,10,3.7,0.9,0.6,0.8,0.3,2.9,0.3,2.9,439.5
6,39,1,13,4.7,0.9,0.7,1.2,0.3,3.5,0.3,2.9,494.5
7,39,1,2,0.7,0.1,0.1,0.2,0.1,0.5,0.1,0.5,76.1
11,39,1,10,3,0.6,1.1,0.3,0.1,2.7,0.4,2.5,275.4
12,39,0,194.5,71,18,13,56,10,15,17,15,5239
13,39,0,207,81,34,12,66,11,15,23,19,5787
14,39,0,129,53,16,3,42,11,11,9,16,3532
15,39,0,56.5,21,8,4,4,1,17,1,18,2010
16,39,0,84.5,32,6,2,1,6,31,0,24,3690
17,39,0,121,56,27,3,27,4,29,13,25,4245
18,39,0,132,58,18,6,36,15,22,8,24,4606
19,39,0,73,28,8,4,1,1,27,0,23,2550
20,39,0,56,19,2,3,0,2,19,0,19,1774
21,39,1,11,4.7,0.8,0,0.9,0.8,3.8,0.8,3.4,478.9
29,39,0,51,19,5,4,2,0,17,1,16,2110
30,39,0,127,49,10,6,0,1,49,2,47,5479
31,39,0,72,28,3,2,1,3,27,1,26,3025
32,39,0,129.5,50,15,6,25,5,25,2,37,4334
33,39,0,172,62,10,5,7,7,55,0,44,6207
34,39,0,242,85,16,10,26,5,59,3,69,7107
35,39,0,98.5,39,8,2,0,2,39,3,37,4084
36,39,0,69,27,4,0,0,1,27,0,24,2966
50,39,1,28,10.7,1.5,0,0.5,0,10.2,0,9.7,1075.7
51,39,0,124,37,4,7,0,2,37,2,35,4212
52,39,0,108,33,2,6,0,3,33,1,30,4182
53,39,0,83,30,6,2,4,3,26,2,24,2949
54,39,0,105.5,46,11,3,0,6,46,0,45,4496
55,39,0,84,30,4,1,3,3,27,0,26,3225
56,39,0,50,17,2,2,0,0,17,0,16,1952
60,39,1,1,0.4,0.1,0.1,0.1,0,0.3,0,0.3,41.9
88,39,1,2,0.7,0.1,0.2,0,0,0.7,0,0.7,70.5
89,39,0,76,27,4,2,2,2,25,1,27,2608
90,39,0,96,39,11,4,0,1,39,3,38,3677
91,39,0,77.5,31,3,1,1,4,30,4,29,2825
93,39,1,8,3.3,0.8,0.3,0,0.3,3.3,0.2,3.1,329.3
94,39,0,127.5,46,6,4,0,7,46,2,46,4574
95,39,0,92,38,9,3,4,5,34,5,34,3969
96,39,0,62,25,2,1,0,1,25,0,24,2536
102,39,1,1,0.5,0.2,0,0,0,0.5,0,0.4,46.2
104,39,1,2,0.9,0.3,0,0,0,0.9,0.1,0.8,92.3
0,40,0,318,141,52,11,133,32,8,21,8,9677
1,40,0,70.5,25,3,1,24,6,1,4,0,1740
2,40,1,15,5.2,0.9,0.9,1.2,0.6,4,0,3.5,613.3
3,40,1,3,1,0.2,0.2,0.2,0.1,0.8,0,0.7,122.7
4,40,0,42,14,2,3,1,0,13,1,12,1626
5,40,1,11,3.8,0.6,0.6,0.8,0.4,3,0,2.5,449.7
12,40,1,12,4.8,1.2,0.6,2.1,0.2,2.7,0.6,3.1,471.9
13,40,0,366.5,154,52,11,124,24,30,20,107,12062
14,40,0,89.5,29,4,4,0,4,29,4,24,2585
15,40,1,19,7.5,2,1,3.3,0.3,4.2,1,4.9,747.2
16,40,0,95.5,39,11,2,10,2,29,2,29,3982
17,40,0,63,28,9,1,2,2,26,2,27,2689
18,40,0,58,25,6,2,3,3,22,0,19,2360
19,40,1,7,3.7,1.5,0.3,0.9,0.3,2.8,1.5,1.2,283
20,40,1,6,3.1,1.3,0.3,0.8,0.3,2.3,1.3,1,242.6
21,40,1,7,2.6,0.4,0.3,0,0.1,2.6,0.1,2.3,289.5
30,40,1,1,0.4,0.1,0,0.1,0,0.3,0,0.3,38.9
31,40,0,80.5,33,5,2,7,8,26,2,23,3366
32,40,0,144.5,63,22,7,56,11,7,3,42,5196
33,40,0,104.5,35,5,6,1,5,34,0,30,3291
34,40,0,117,50,14,6,19,3,31,0,38,4262
35,40,0,97.5,36,6,3,8,6,28,2,26,3349
36,40,0,119,45,7,2,0,5,45,1,43,4448
51,40,1,16,5.6,0.9,0.7,0.4,0.2,5.2,1.1,4.7,548.8
52,40,0,43,13,2,1,1,0,12,0,9,1503
55,40,0,75,26,4,4,1,4,25,1,22,2928
56,40,0,96,27,2,6,0,1,27,1,25,3068
60,40,1,17,4.5,0.4,1.1,1.9,0.4,2.6,1.5,3.8,459.8
87,40,1,14,4.4,0.5,0.7,0.5,0,3.9,0,3.9,511.6
88,40,0,58.5,20,2,2,0,2,20,3,18,2327
89,40,0,106,39,8,5,2,1,37,2,33,4149
90,40,0,90.5,34,4,1,0,2,34,1,32,3489
91,40,0,34,13,4,3,0,1,13,1,13,1562
93,40,1,19,6.8,0.8,0.5,0,1.6,6.8,0.3,5.4,851.7
94,40,0,37,13,1,1,0,0,13,0,12,1347
95,40,0,39,16,4,2,3,1,13,0,15,1816
96,40,0,75.5,33,11,2,10,4,23,3,26,3098
97,40,1,23,7.6,2,1.6,1,0.3,6.6,1.3,5.9,838.8
99,40,1,7,2.3,0.6,0.5,0.3,0.1,2,0.4,1.8,255.3
111,40,1,2,0.9,0.3,0.1,0.2,0.1,0.7,0.1,0.7,80.7
114,40,0,48.5,23,8,1,7,5,16,1,11,2197
115,40,1,38,16.6,6.2,1.4,4.2,2.1,12.4,1.4,12.4,1532.4
116,40,1,2,0.7,0.1,0.1,0,0.1,0.7,0.1,0.7,79.5
0,41,0,59.5,24,5,2,21,3,3,1,22,2055
1,41,0,159,56,7,8,0,4,56,0,55,5648
2,41,0,39.5,13,3,2,2,1,11,1,6,1257
3,41,0,294,152,68,2,150,25,2,6,99,11067
4,41,0,40,17,2,0,1,2,16,1,16,1937
12,41,1,3,1.2,0.3,0.2,0.5,0.1,0.7,0.2,0.8,118
13,41,0,328,142,54,12,138,22,4,25,64,10728
14,41,1,1,0.4,0.1,0.1,0.2,0,0.2,0.1,0.3,39.3
15,41,1,16,6.3,1.7,0.8,2.7,0.3,3.6,0.8,4.1,629.2
16,41,0,110,37,3,3,2,3,35,2,28,3896
17,41,0,22,11,5,1,0,1,11,1,11,1009
18,41,1,8,4.2,1.7,0.3,1.1,0.3,3.1,1.7,1.4,323.5
31,41,1,2,0.7,0,0.1,0,0,0.7,0,0.7,73
32,41,0,68,29,9,2,1,2,28,2,25,2908
33,41,0,244,96,26,6,66,17,30,11,52,8151
34,41,0,111,39,3,3,0,5,39,1,33,3763
35,41,0,60.5,21,3,3,3,2,18,2,21,2447
36,41,1,9,3.4,0.5,0.1,0.7,0.4,2.7,0.6,2.2,328
37,41,1,4,1.5,0.2,0.1,0.3,0.2,1.2,0.3,1,145.8
52,41,0,28.5,13,4,0,0,1,13,1,10,1144
53,41,1,1,0.3,0.1,0,0,0,0.3,0.1,0.3,34.3
54,41,1,12,4.2,0.7,0.6,0.3,0.1,3.9,0.8,3.5,411.6
55,41,0,42,16,3,3,2,0,14,3,13,1618
56,41,1,19,5.1,0.4,1.3,2.1,0.4,3,1.7,4.2,513.8
85,41,1,11,3.2,0.1,0.6,0.1,0.1,3.1,0.1,2.6,401.9
86,41,1,8.5,2.7,0.3,0.4,0.3,0,2.4,0,2.4,310.6
87,41,1,8,2.5,0.3,0.4,0.3,0,2.2,0,2.2,292.4
88,41,1,30,9.4,1,1.5,1,0,8.4,0,8.4,1096.4
89,41,0,86,30,5,4,1,5,29,1,28,2888
90,41,0,133,48,7,4,0,1,48,0,47,5575
91,41,1,27,9.6,1.2,0.8,0,2.3,9.6,0.4,7.7,1210.4
93,41,1,9,3.2,0.4,0.3,0,0.8,3.2,0.1,2.6,403.5
94,41,0,63,23,2,2,2,0,21,1,20,2377
95,41,0,34,15,5,1,3,1,12,1,10,1763
96,41,1,16,5.3,1.4,1.1,0.7,0.2,4.6,0.9,4.1,583.5
97,41,1,2,0.7,0.2,0.1,0.1,0,0.6,0.1,0.5,72.9
115,41,0,72,23,2,1,0,0,23,0,21,2639
116,41,0,59.5,21,6,3,0,1,21,1,18,2469
117,41,1,6,2.2,0.4,0.2,0,0.2,2.2,0.2,2,238.5
0,42,0,63,19,2,3,3,1,16,1,15,2665
1,42,0,38.5,14,1,1,0,4,14,0,13,1714
2,42,0,157.5,75,29,1,44,14,31,10,29,6301
3,42,0,209,106,50,6,93,13,13,8,50,8099
4,42,0,64,25,6,3,2,3,23,2,23,2499
5,42,1,21,7.3,1.2,1.2,1.6,0.8,5.7,0,4.8,858.6
13,42,1,6,2.4,0.6,0.3,1,0.1,1.4,0.3,1.6,236
14,42,0,38,31,26,0,31,2,0,5,5,682
16,42,0,62,23,4,1,1,0,22,1,18,2591
17,42,0,102,46,16,1,35,9,11,6,19,3326
18,42,1,2,1,0.4,0.1,0.2,0.1,0.8,0.4,0.3,80.9
31,42,1,7,2.3,0.2,0.5,0,0.2,2.3,0.2,2.3,255.3
32,42,0,105.5,40,5,4,0,3,40,0,35,3911
33,42,0,133.5,49,6,3,2,8,47,1,42,5226
34,42,0,52,19,3,3,0,0,19,0,18,1798
38,42,1,15,5.7,0.8,0.2,1.2,0.6,4.5,1,3.6,546.7
39,42,1,4,1.5,0.2,0.1,0.3,0.2,1.2,0.3,1,145.8
48,42,1,2,0.8,0.2,0.1,0.5,0.2,0.3,0.1,0.3,79.4
49,42,1,10,3.9,0.8,0.3,2.3,1.1,1.6,0.3,1.3,396.8
50,42,1,18,7.1,1.4,0.5,4.3,1.9,2.8,0.5,2.4,714.3
51,42,0,52.5,19,4,3,5,2,14,1,15,2022
52,42,0,85.5,26,1,6,0,1,26,3,24,2667
53,42,0,30,12,3,0,2,0,10,1,9,1274
54,42,1,9,3.1,0.5,0.4,0.2,0.1,2.9,0.6,2.6,308.7
55,42,1,11,3.8,0.6,0.5,0.2,0.1,3.6,0.8,3.2,377.3
57,42,1,1,0.3,0,0.1,0.1,0,0.2,0.1,0.2,27
65,42,1,8,2.1,0.2,0.5,0.9,0.2,1.2,0.7,1.8,216.4
84,42,1,19,5.5,0.2,1.1,0.2,0.2,5.3,0.2,4.6,694.2
85,42,0,99.5,26,0,6,0,0,26,1,26,3583
86,42,0,49,15,2,2,0,0,15,1,14,2055
87,42,0,55,20,2,2,7,1,13,0,17,2167
88,42,0,56,19,2,3,4,4,15,3,18,2127
89,42,0,60,25,4,1,0,1,25,0,23,2723
90,42,0,45.5,18,1,1,0,3,18,2,16,2123
91,42,0,53.5,21,5,1,4,3,17,0,19,2334
92,42,1,11,3.9,0.5,0.3,0,0.9,3.9,0.2,3.1,493.1
93,42,0,45,15,2,2,0,0,15,1,15,1623
94,42,0,28,11,2,0,0,1,11,0,10,1125
95,42,1,4,1.4,0.2,0.1,0,0.3,1.4,0.1,1.1,179.3
115,42,1,4,1.7,0.7,0.1,0.4,0.2,1.3,0.1,1.3,161.3
116,42,1,18.5,6.7,1.2,0.7,0,0.7,6.7,0.7,6.2,735.3
117,42,0,32,11,0,0,4,3,7,2,7,1000
118,42,1,4,1.4,0.3,0.2,0,0.2,1.4,0.2,1.3,159
0,43,0,58,25,8,2,7,1,18,0,22,2482
1,43,0,267,125,45,5,97,12,28,7,97,11684
2,43,0,335,164,68,8,147,23,17,10,66,11451
3,43,0,218.5,90,33,12,66,12,24,11,29,7152
4,43,0,91,40,10,1,4,4,36,0,39,4386
5,43,0,48,18,4,3,8,1,10,0,11,2329
6,43,1,1,0.4,0.1,0,0.2,0,0.2,0,0.3,39.4
15,43,1,1,0.4,0.1,0.1,0.2,0,0.2,0.1,0.3,39.3
16,43,0,134,66,33,4,56,5,10,5,37,4783
17,43,0,692,281,105,28,269,50,12,61,41,19532
18,43,0,117,41,8,5,0,2,41,2,33,3697
19,43,0,68.5,23,3,3,0,1,23,0,21,2438
20,43,0,91.5,27,3,3,0,2,27,4,23,2952
21,43,0,115,30,1,8,0,1,30,2,25,3267
22,43,1,11,4.1,0.7,0.5,0,0.2,4.1,0.2,3.7,454.9
30,43,1,23,8.8,1.7,0.6,1.4,0.6,7.4,0.8,6.3,895.5
31,43,0,75,26,3,3,2,1,24,2,24,2950
32,43,0,42,20,8,1,3,2,17,3,18,2085
38,43,1,6,2.3,0.3,0.1,0.5,0.2,1.8,0.4,1.5,218.7
39,43,1,4,1.5,0.2,0.1,0.3,0.2,1.2,0.3,1,145.8
40,43,1,21,7.9,1.1,0.3,1.7,0.9,6.2,1.4,5.1,765.4
47,43,1,8,3.2,0.6,0.2,1.9,0.8,1.3,0.2,1.1,317.5
48,43,0,132,32,1,15,0,5,32,8,14,2961
49,43,0,232,70,6,11,5,11,65,3,54,6665
50,43,0,106,34,4,7,3,2,31,2,26,3657
51,43,0,84,29,4,4,2,4,27,3,25,3077
52,43,0,148,47,10,11,29,5,18,5,18,4348
53,43,0,153,45,6,6,1,3,44,5,42,4568
54,43,0,69,25,6,3,1,1,24,2,23,2598
55,43,1,22,7.7,1.3,1,0.5,0.3,7.2,1.5,6.4,754.7
84,43,0,42,17,4,1,0,0,17,0,15,1955
85,43,0,80,28,3,2,0,2,28,1,27,3244
86,43,0,81,30,4,3,0,4,30,3,25,3611
87,43,0,98,36,3,3,2,3,34,0,33,4423
88,43,0,71.5,28,7,4,9,6,19,0,21,2868
90,43,0,67,26,6,2,8,3,18,3,17,2521
91,43,0,88.5,40,16,2,19,8,21,2,25,3343
96,43,1,7,2.3,0.6,0.5,0.3,0.1,2,0.4,1.8,255.3
97,43,1,3,1,0.3,0.2,0.1,0,0.9,0.2,0.8,109.4
116,43,1,9,3.3,0.6,0.4,0,0.4,3.3,0.4,3,357.7
117,43,0,35.5,17,6,0,0,2,17,2,13,1597
118,43,0,67,29,9,2,7,4,22,2,23,2953
119,43,1,12.5,4.5,0.8,0.5,0,0.5,4.5,0.5,4.2,496.8
122,43,1,4,1.5,0.1,0,0.2,0,1.3,0.1,1.5,153.3
0,44,0,60.5,23,4,3,4,4,19,0,17,2401
1,44,0,106,36,3,5,2,2,34,3,33,4155
2,44,0,170,81,28,4,48,9,33,3,51,6491
3,44,0,118.5,54,18,2,35,5,19,2,42,4795
4,44,1,2,0.7,0.1,0.1,0.2,0.1,0.5,0,0.5,81.8
5,44,0,22,11,3,0,7,0,4,1,7,1168
6,44,1,13,5.7,1.9,0.4,3.4,0.4,2.3,0,3.8,512
16,44,0,139.5,51,9,5,34,7,17,9,27,3799
17,44,0,206,100,43,3,65,15,35,12,59,7023
18,44,0,326.5,137,47,13,114,20,23,16,53,9746
19,44,0,154,42,4,9,0,1,42,3,39,4560
20,44,0,150.5,45,3,8,0,4,45,1,44,4487
21,44,0,163,42,1,12,0,2,42,2,41,4434
22,44,1,30,11.2,1.9,1.2,0,0.6,11.2,0.6,10,1240.6
30,44,1,2,0.8,0.1,0,0.1,0,0.7,0.1,0.6,77.9
31,44,0,204,108,61,5,69,6,39,5,59,7230
32,44,1,24,8,0.6,1.7,0,0.6,8,0.6,8,875.4
33,44,1,9,3,0.2,0.6,0,0.2,3,0.2,3,328.3
39,44,1,1,0.4,0.1,0,0.1,0,0.3,0.1,0.2,36.4
40,44,1,3,1.1,0.2,0,0.2,0.1,0.9,0.2,0.7,109.3
47,44,0,87.5,29,3,4,1,2,28,3,26,2387
48,44,0,53.5,22,7,3,0,4,22,2,21,2228
49,44,0,294.5,123,46,14,110,16,13,11,55,8173
50,44,0,125,44,6,4,2,4,42,0,36,4659
51,44,0,73,22,3,7,0,2,22,2,19,2504
52,44,0,102.5,32,10,5,12,5,20,4,22,2700
53,44,0,36,12,3,3,2,0,10,1,12,1133
54,44,1,6,2.1,0.3,0.3,0.1,0.1,2,0.4,1.7,205.8
55,44,1,9,3.1,0.5,0.4,0.2,0.1,2.9,0.6,2.6,308.7
80,44,1,14,4,0.1,0.8,0.1,0.1,3.9,0.1,3.4,511.5
81,44,1,31,8.9,0.3,1.8,0.3,0.3,8.6,0.3,7.5,1132.7
82,44,0,35,11,0,2,2,0,9,0,9,1356
83,44,1,29,8.4,0.3,1.7,0.3,0.3,8.1,0.3,7,1059.6
84,44,0,175.5,59,7,6,7,8,52,0,53,6057
85,44,0,95,29,3,7,1,1,28,0,27,3651
86,44,0,98,34,5,3,4,3,30,1,27,3975
87,44,0,56,27,9,0,3,4,24,1,17,2643
88,44,0,133,46,10,7,15,8,31,2,29,4484
89,44,0,99,50,23,0,24,9,26,7,34,4042
90,44,0,159,80,36,4,58,9,22,2,46,5885
91,44,0,141,63,22,5,38,7,25,2,33,4904
92,44,0,90.5,36,10,2,0,4,36,1,34,3034
115,44,1,11,4.8,1.8,0.4,1.2,0.6,3.6,0.4,3.6,443.6
117,44,0,52.5,19,4,4,1,4,18,1,15,1737
118,44,0,35,12,2,1,0,2,12,2,11,1406
119,44,1,22.5,8.2,1.5,0.9,0,0.9,8.2,0.9,7.6,894.3
122,44,1,34,12.5,0.9,0,1.8,0,10.7,0.9,12.5,1302.7
0,45,0,81,36,7,1,2,1,34,1,32,3791
1,45,0,119,43,8,5,4,3,39,6,38,4476
2,45,0,194,68,16,9,44,8,24,12,23,6563
3,45,0,73,30,9,4,6,0,24,1,23,3104
4,45,1,18,6.8,1.1,0.9,0.4,0.6,6.4,0.2,6.2,893.4
5,45,1,8,3,0.5,0.4,0.2,0.3,2.8,0.1,2.7,397.1
16,45,0,34,11,2,2,2,1,9,1,10,1070
17,45,0,114,46,11,3,1,1,45,4,44,4580
18,45,0,88,36,9,4,1,5,35,3,32,3160
19,45,0,100,32,3,3,0,2,32,2,29,3530
20,45,0,116,36,5,6,0,4,36,3,32,3835
21,45,0,170.5,51,5,13,0,4,51,2,45,5191
22,45,1,18.5,6.8,0.9,0.3,0,0.6,6.8,0.6,6.5,667.6
30,45,1,6.5,2.5,0.5,0,0.2,0.4,2.3,0.4,1.8,239.3
31,45,1,7,2.7,0.5,0.2,0.4,0.2,2.3,0.3,1.9,272.5
32,45,1,3,1.1,0.2,0.1,0.2,0.1,0.9,0.1,0.8,116.8
38,45,1,1,0.4,0.1,0,0.1,0,0.3,0.1,0.2,36.4
39,45,1,4,1.5,0.2,0.1,0.3,0.2,1.2,0.3,1,145.8
42,45,1,2,0.8,0.3,0.1,0.2,0.1,0.6,0.1,0.5,74.1
43,45,1,8,3.3,1.4,0.2,0.9,0.2,2.4,0.6,2.1,296.6
47,45,1,26,8.9,0.8,1.6,0,1.6,8.9,0,8.9,907.6
48,45,0,64,13,0,6,0,5,13,9,1,526
49,45,0,219,77,19,12,59,16,18,8,25,5312
50,45,0,49,13,0,3,0,0,13,1,12,1207
51,45,1,23,6.7,0.5,1.7,1.5,0.5,5.2,0.5,5.7,648.5
52,45,0,67,18,1,4,0,1,18,0,18,1970
53,45,0,39,13,3,1,1,2,12,0,11,1229
54,45,0,52,16,3,4,2,0,14,2,13,1444
55,45,0,35,12,1,3,1,1,11,2,10,1150
65,45,1,12,4.1,0.7,0.7,0.6,0.4,3.5,0.3,3.2,446.4
66,45,0,53.5,21,3,1,2,1,19,0,16,2126
67,45,1,2,0.8,0.2,0,0.1,0.1,0.7,0.1,0.5,74.7
79,45,1,2,0.8,0,0,0,0,0.8,0,0.8,101.5
80,45,1,20,8.1,0,0,0,0,8.1,0,8.1,1015.2
81,45,0,95.5,33,4,4,6,4,27,0,33,3901
82,45,0,112,39,7,4,3,4,36,1,37,4919
83,45,0,113,38,5,3,0,1,38,0,37,4494
84,45,0,138,48,2,0,0,3,48,1,48,5303
85,45,0,104,32,4,5,0,1,32,0,31,3989
86,45,0,30,13,1,0,0,2,13,0,12,1510
87,45,1,7,2.2,0.2,0.4,0.6,0.1,1.6,0.1,1.5,257.4
88,45,0,29.5,12,1,1,0,1,12,0,11,1336
89,45,0,221.5,99,32,6,53,18,46,7,55,8150
90,45,0,228.5,112,40,3,98,20,14,16,41,7299
91,45,0,95.5,46,21,4,33,5,13,3,31,3944
92,45,1,56,22.5,6.8,3.4,12.3,4.8,10.2,3.4,15,2033.8
94,45,1,1,0.4,0.1,0.1,0.2,0.1,0.2,0.1,0.3,36.3
97,45,1,5,1.6,0.4,0.4,0.2,0.1,1.4,0.3,1.3,182.4
104,45,1,5,1.6,0.4,0.4,0.2,0.1,1.4,0.3,1.3,182.4
114,45,1,6,2.1,0.2,0.1,0,0.5,2.1,0.2,1.8,241.2
115,45,0,64.5,23,3,2,0,2,23,1,21,2624
116,45,0,38,16,5,1,5,1,11,1,15,1648
117,45,0,48,22,9,3,1,3,21,2,18,2137
118,45,1,12,5.6,0.9,0,1.4,0.9,4.2,0.5,3.3,535.5
122,45,1,25,10,2.3,0.9,3.1,2,6.9,0.6,6.3,980.9
123,45,0,37,12,1,0,2,0,10,0,10,1589
124,45,0,30,13,4,0,1,0,12,0,9,1358
0,46,0,49,21,5,0,0,0,21,0,21,2538
1,46,0,76.5,28,2,2,2,3,26,0,27,3434
2,46,0,96,41,8,1,4,3,37,1,39,4543
3,46,0,61,30,8,0,8,6,22,2,18,3243
4,46,0,33,11,1,1,4,2,7,0,10,1030
5,46,1,7,2.7,0.4,0.3,0.2,0.2,2.5,0.1,2.4,347.4
6,46,0,37,17,5,0,8,0,9,2,13,1440
16,46,0,46,21,6,1,11,2,10,1,18,2453
17,46,0,100.5,42,12,4,0,5,42,1,39,3815
18,46,0,82,30,5,6,2,1,28,1,28,2743
19,46,0,161,56,12,7,14,3,42,3,49,5021
20,46,0,170,56,5,8,0,3,56,5,53,6006
21,46,0,75,22,2,6,2,2,20,3,19,2284
22,46,1,4,1.5,0.2,0.1,0,0.1,1.5,0.1,1.4,144.3
30,46,1,1,0.4,0.1,0,0,0.1,0.4,0.1,0.3,36.8
31,46,1,10,3.8,0.7,0.2,0.6,0.2,3.2,0.4,2.8,389.3
32,46,1,1.5,0.6,0.1,0,0.1,0,0.5,0.1,0.4,58.4
41,46,1,4,1.6,0.7,0.1,0.4,0.1,1.2,0.3,1.1,148.3
43,46,1,21,8.6,3.5,0.6,2.4,0.6,6.2,1.5,5.6,778.5
44,46,1,11,4.5,1.9,0.3,1.2,0.3,3.3,0.8,2.9,407.8
45,46,1,7,2.9,1.2,0.2,0.8,0.2,2.1,0.5,1.9,259.5
46,46,0,26,11,4,1,3,1,8,1,9,1074
49,46,1,6,2.1,0.2,0.4,0,0.4,2.1,0,2.1,209.4
52,46,0,122.5,45,10,6,11,6,34,4,37,3788
53,46,0,56.5,23,6,2,0,5,23,7,10,2022
54,46,1,26,7.5,0.6,2,1.7,0.6,5.8,0.6,6.4,733
55,46,1,34,9.9,0.7,2.6,2.2,0.7,7.7,0.7,8.4,958.6
58,46,1,1,0.4,0.1,0,0.1,0,0.3,0,0.3,41.6
59,46,1,19,6.9,1.1,0.4,0.7,0.7,6.2,0,6.2,790.7
60,46,1,16,5.8,0.9,0.3,0.6,0.6,5.2,0,5.2,665.8
61,46,0,34,11,2,1,0,2,11,0,10,1376
62,46,1,23,7.9,1.3,1.3,1.3,0.8,6.6,0.5,6.1,855.6
63,46,0,57,22,3,2,0,1,22,0,20,2437
64,46,0,61,24,3,1,0,0,24,0,24,2271
65,46,0,77,29,3,2,5,1,24,0,24,3135
66,46,0,97.5,39,8,3,14,5,25,1,32,3763
67,46,1,2,0.8,0.2,0,0.1,0.1,0.7,0.1,0.5,74.7
78,46,1,11,4.4,0,0,0,0,4.4,0,4.4,558.3
79,46,0,53,17,0,1,0,1,17,0,17,2261
80,46,0,76.5,27,5,2,5,3,22,0,27,3650
81,46,0,69.5,26,4,3,4,3,22,3,23,2970
82,46,0,89,32,7,5,9,7,23,1,22,3637
83,46,0,121.5,41,9,5,9,4,32,3,27,4515
84,46,0,68,29,5,1,0,2,29,0,29,3147
85,46,0,79,32,7,3,4,1,28,1,27,3366
86,46,1,8,2.5,0.3,0.4,0.7,0.2,1.8,0.2,1.7,294.2
87,46,0,86,25,1,3,0,1,25,0,24,2500
88,46,0,65.5,31,13,0,1,2,30,0,30,3221
89,46,0,115,50,16,3,24,4,26,1,38,4842
90,46,0,194.5,93,37,4,68,16,25,8,39,6867
91,46,0,125,42,5,5,16,11,26,4,23,3981
92,46,1,16,6.4,2,1,3.5,1.4,2.9,1,4.3,581.1
114,46,1,19,6.7,0.5,0.3,0,1.6,6.7,0.5,5.6,763.7
115,46,1,42,14.8,1.2,0.6,0,3.5,14.8,1.2,12.4,1688.3
116,46,0,51.5,25,8,0,7,5,18,2,14,2178
117,46,0,41,16,3,1,0,2,16,1,14,1975
118,46,1,6,2.8,0.5,0,0.7,0.5,2.1,0.2,1.6,267.8
120,46,1,7.5,3.5,0.6,0,0.9,0.6,2.6,0.3,2.1,334.7
121,46,1,11,4.4,1,0.4,1.4,0.9,3,0.3,2.8,431.6
122,46,0,40,16,5,2,2,0,14,1,14,2064
123,46,0,79,28,5,1,4,0,24,1,22,3004
124,46,0,52,22,5,0,0,3,22,0,21,2175
125,46,0,57,20,2,0,0,0,20,1,19,2339
0,47,0,43,12,0,2,0,0,12,0,12,1712
1,47,0,75,25,1,2,0,0,25,1,23,2979
2,47,0,80,31,3,1,2,3,29,0,30,3471
3,47,0,269,80,8,16,21,16,59,12,18,7577
4,47,0,49,21,7,1,2,2,19,3,17,2140
5,47,1,12,4.5,0.7,0.6,0.3,0.4,4.2,0.1,4.1,595.6
6,47,0,26,14,7,0,13,0,1,0,10,1015
15,47,1,15,6.6,2.2,0.4,4,0.4,2.6,0,4.4,590.7
16,47,0,22,13,8,1,4,1,9,2,7,1019
17,47,0,61,24,4,2,1,3,23,0,21,2338
18,47,0,111,43,8,3,1,3,42,1,41,4041
19,47,0,90,34,5,3,1,1,33,0,33,3378
20,47,0,115,47,12,2,4,4,43,2,42,4427
21,47,1,16,5.9,0.8,0.3,0,0.5,5.9,0.5,5.6,577.3
31,47,1,4,1.5,0.3,0.1,0.2,0.1,1.3,0.1,1.1,155.7
35,47,1,3,1.1,0.2,0.1,0.2,0.1,0.9,0.1,0.8,116.8
36,47,1,2,0.8,0.1,0,0.2,0.1,0.6,0.1,0.5,72.9
44,47,1,14,5.7,2.4,0.4,1.6,0.4,4.1,1,3.7,519
45,47,0,89,29,5,4,2,4,27,2,25,2507
46,47,0,125.5,47,8,4,12,0,35,1,42,4132
49,47,0,345.5,134,48,23,134,20,0,32,42,9476
50,47,0,197.5,92,46,9,88,21,4,36,4,5579
51,47,0,46,14,2,2,2,3,12,1,12,1303
52,47,0,71,22,3,4,10,4,12,5,13,1909
55,47,1,2,0.6,0,0.2,0.1,0,0.5,0,0.5,56.4
62,47,1,2,0.7,0.1,0.1,0.1,0.1,0.6,0,0.5,74.4
63,47,0,35,12,2,0,0,0,12,0,6,1381
64,47,0,84,30,8,1,6,2,24,0,8,3422
65,47,0,76,31,8,4,11,4,20,1,27,3391
66,47,0,113.5,48,8,1,26,7,22,3,30,3943
67,47,1,16,6,1.3,0.3,0.7,0.7,5.3,0.7,4,597.3
78,47,0,83,26,1,3,0,1,26,1,26,3751
79,47,0,106,37,4,7,0,1,37,1,36,4519
80,47,0,112,34,1,1,0,1,34,0,32,4266
81,47,0,62,25,8,3,0,1,25,0,24,3181
82,47,1,17,6.3,0.4,0,0,0,6.3,0,5.9,631.2
83,47,1,29,10.7,0.6,0,0,0,10.7,0,10.1,1076.8
84,47,0,116,41,7,4,2,3,39,1,40,4104
85,47,0,153.5,68,16,1,7,7,61,6,61,6119
86,47,0,66.5,20,2,4,2,2,18,0,15,2396
87,47,0,113,47,7,2,17,9,30,6,38,4147
88,47,0,103,40,12,2,8,2,32,2,39,4455
89,47,0,132.5,54,17,5,30,8,24,4,36,4757
90,47,0,39.5,15,2,2,1,1,14,0,14,1431
91,47,1,1,0.4,0.1,0.1,0.2,0.1,0.2,0.1,0.3,36.3
92,47,1,5,2,0.6,0.3,1.1,0.4,0.9,0.3,1.3,181.6
121,47,1,16,6.4,1.5,0.5,2,1.3,4.4,0.4,4,627.7
122,47,0,59,23,5,1,7,0,16,4,20,2802
123,47,1,9.5,3.8,0.9,0.3,1.2,0.8,2.6,0.2,2.4,372.7
124,47,0,46.5,17,2,1,0,2,17,0,16,1771
125,47,0,56.5,21,4,1,0,2,21,0,21,2446
126,47,0,42,14,1,0,0,1,14,0,14,1694
0,48,0,53,20,4,2,5,1,15,1,19,2301
1,48,1,15,5.7,0.9,0.7,0.4,0.5,5.3,0.2,5.1,744.5
2,48,1,2,0.8,0.1,0.1,0.1,0.1,0.7,0,0.7,99.3
3,48,1,11,4.2,0.7,0.5,0.3,0.4,3.9,0.1,3.8,546
4,48,0,44,15,3,3,0,3,15,1,15,1543
16,48,0,80,31,7,1,6,3,25,2,25,3133
17,48,0,112,43,9,4,1,4,42,1,39,4276
18,48,0,66,24,5,4,8,1,16,3,12,2104
19,48,0,37,11,0,2,0,1,11,1,11,1024
20,48,0,42,14,1,2,0,1,14,1,14,1292
21,48,1,21,7.8,1.1,0.4,0,0.7,7.8,0.7,7.4,757.8
29,48,1,29,11.1,2.4,0,0.8,1.6,10.3,1.6,7.9,1067.8
30,48,0,40,13,2,2,0,0,13,0,10,1623
31,48,1,2,0.8,0.1,0,0.1,0,0.7,0.1,0.6,77.9
32,48,1,3,1.1,0.2,0.1,0.2,0.1,0.9,0.1,0.8,116.8
45,48,0,264,107,37,12,106,22,1,27,1,6751
46,48,0,31,15,6,0,8,2,7,2,6,1162
47,48,0,560.5,236,88,26,222,24,14,34,152,17639
48,48,0,307.5,146,66,12,146,11,0,12,98,10410
49,48,0,677.5,238,74,45,220,45,18,95,25,18707
50,48,0,209.5,84,30,13,53,11,31,18,29,6058
51,48,0,1008.5,412,119,31,409,40,3,28,350,32192
55,48,0,200.5,89,39,9,89,11,0,19,9,6727
63,48,1,5,1.7,0.3,0.3,0.3,0.2,1.4,0.1,1.3,186
64,48,1,2,0.7,0.1,0.1,0.1,0.1,0.6,0,0.5,74.4
65,48,1,31,10.7,1.7,1.7,1.7,1,9,0.7,8.3,1153.2
66,48,0,79,25,4,3,4,4,21,2,20,2849
67,48,1,28,10.5,2.3,0.6,1.2,1.2,9.3,1.2,7,1045.3
78,48,1,8,3.2,0,0,0,0,3.2,0,3.2,406.1
79,48,0,41,15,3,1,0,2,15,0,15,1746
80,48,1,11,4.4,0,0,0,0,4.4,0,4.4,558.3
81,48,0,55,20,3,2,0,1,20,0,20,2518
82,48,0,42,17,3,0,0,0,17,0,17,2094
83,48,0,118.5,57,26,2,45,8,12,3,23,4572
84,48,0,178.5,75,23,3,21,9,54,1,59,6159
85,48,0,149.5,60,15,3,25,10,35,1,37,5277
86,48,0,117,62,26,0,42,9,20,4,31,4316
87,48,1,28.5,9,0.9,1.5,2.4,0.6,6.6,0.6,6,1048.1
88,48,0,35,14,6,1,0,0,14,0,14,1748
89,48,0,85,22,1,8,0,0,22,0,22,3043
90,48,0,57,25,12,3,22,0,3,0,4,2405
91,48,1,3,1.2,0.4,0.2,0.7,0.3,0.5,0.2,0.8,109
115,48,1,4,1.4,0.1,0.1,0,0.3,1.4,0.1,1.2,160.8
122,48,0,67,26,5,3,3,5,23,2,19,2720
123,48,0,63,22,0,0,2,1,20,1,21,2253
124,48,0,50,22,6,1,3,2,19,1,18,2019
125,48,0,42.5,13,1,1,0,1,13,1,11,1438
0,49,0,59,21,3,1,0,2,21,1,19,2268
1,49,0,53,18,1,1,0,1,18,1,18,1930
2,49,1,11.5,4.4,0.7,0.5,0.3,0.4,4.1,0.1,3.9,570.8
3,49,0,75,28,6,3,6,0,22,0,26,2863
4,49,0,235.5,94,28,6,86,20,8,12,38,6866
15,49,1,5,2.2,0.7,0.1,1.3,0.1,0.9,0,1.5,196.9
16,49,1,20,8.4,1.9,0,2.6,1.9,5.8,0,4.5,805.2
17,49,1,9,3.8,0.9,0,1.2,0.9,2.6,0,2,362.3
18,49,1,2,0.8,0.2,0,0.2,0.2,0.6,0,0.5,80.5
29,49,0,70,23,4,3,0,1,23,2,18,2311
30,49,0,115.5,45,11,5,10,3,35,3,40,4355
31,49,1,20,7.7,1.4,0.5,1.2,0.5,6.5,0.7,5.5,778.7
32,49,1,4,1.5,0.3,0.1,0.2,0.1,1.3,0.1,1.1,155.7
45,49,1,4,1.6,0.7,0.1,0.4,0.1,1.2,0.3,1.1,148.3
46,49,0,492.5,200,77,21,200,33,0,39,37,14164
47,49,0,217.5,113,58,9,106,14,7,19,33,6799
48,49,0,231,101,39,13,90,10,11,13,54,6853
49,49,0,417,184,81,16,153,15,31,18,79,12788
50,49,0,255,80,13,18,52,10,28,10,38,6396
51,49,1,8,2.3,0.2,0.6,0.5,0.2,1.8,0.2,2,225.5
52,49,0,1273,486,154,68,486,115,0,191,2,34127
54,49,0,2028.5,729,220,142,729,131,0,247,1,55728
55,49,0,256,105,33,13,102,21,3,17,3,8330
56,49,0,96,34,5,3,2,1,32,1,33,3327
57,49,1,16,5.8,0.9,0.3,0.6,0.6,5.2,0,5.2,665.8
64,49,1,9,3.1,0.5,0.5,0.5,0.3,2.6,0.2,2.4,334.8
65,49,1,6,2.1,0.3,0.3,0.3,0.2,1.8,0.1,1.6,223.2
66,49,0,58,16,0,3,0,1,16,1,14,1913
77,49,1,10,4,0,0,0,0,4,0,4,507.6
78,49,0,60.5,17,0,3,0,1,17,0,16,1827
79,49,0,111,42,6,3,3,1,39,2,37,4491
80,49,0,69.5,25,3,3,2,1,23,1,24,2927
81,49,0,77,33,10,2,8,1,25,1,25,3580
82,49,0,80,34,8,0,5,3,29,1,28,3626
83,49,0,313,149,61,5,125,27,24,8,69,11089
84,49,0,185.5,87,39,8,76,13,11,8,22,6115
85,49,0,84.5,39,11,0,36,13,3,2,14,3058
86,49,0,68,24,2,2,0,1,24,0,23,2481
87,49,1,10,3.1,0.3,0.5,0.8,0.2,2.3,0.2,2.1,367.7
89,49,1,35,11,1.1,1.8,2.9,0.7,8.1,0.7,7.3,1287.1
90,49,1,7,2.2,0.2,0.4,0.6,0.1,1.6,0.1,1.5,257.4
122,49,1,15,6,1.4,0.5,1.9,1.2,4.1,0.3,3.8,588.5
123,49,0,49,16,0,2,0,1,16,0,16,1738
124,49,0,64.5,24,3,3,0,2,24,2,23,2919
125,49,1,11,4.4,1,0.4,1.4,0.9,3,0.3,2.8,431.6
0,50,1,11,3.5,1,0.7,0.2,0.3,3.3,0.9,2.9,350.4
1,50,1,4,1.6,0.2,0,0.4,0.2,1.2,0.2,1.1,148.9
2,50,1,21,8.2,1,0.2,2.2,1,6,1,5.5,781.7
3,50,0,98.5,44,12,2,19,3,25,1,36,3350
4,50,0,155,69,23,3,22,7,47,4,65,6080
15,50,1,2,0.8,0.2,0.1,0,0,0.8,0.1,0.7,74.7
16,50,0,54,19,4,3,2,2,17,3,18,1698
17,50,0,39.5,13,3,2,0,0,13,1,12,1395
28,50,1,7,2.4,0.3,0,0.3,0.3,2.1,0.3,1.9,242.9
29,50,0,44,13,1,3,1,2,12,1,11,1076
30,50,0,71,30,6,1,7,2,23,2,26,2909
31,50,0,67,21,3,5,5,2,16,3,19,2245
32,50,1,17,6.2,1.5,1.2,1.9,1.2,4.3,0.4,3.1,552.5
37,50,1,1,0.4,0.2,0.1,0,0,0.4,0,0.3,37.7
46,50,0,482,211,88,17,210,27,1,30,115,14457
47,50,0,548,248,91,18,233,30,15,39,98,15412
48,50,0,325,169,80,3,160,21,9,8,104,11158
49,50,0,235.5,108,38,9,106,18,2,16,52,8691
50,50,1,5,1.9,0.3,0,1.9,0.3,0,0,0,184.3
52,50,0,189,57,14,17,57,9,0,16,0,4917
54,50,0,361,171,50,3,171,25,0,20,66,14551
55,50,0,345.5,129,41,20,129,26,0,25,1,10226
56,50,0,95,37,5,2,0,5,37,3,36,3631
57,50,0,41,15,0,1,0,2,15,0,15,1399
59,50,1,5,1.5,0.1,0.5,0.1,0,1.4,0,1,144.8
65,50,1,8,2.9,0.6,0.4,0.8,0,2.1,0,1.7,374.1
77,50,0,52,17,1,1,0,2,17,0,17,2238
78,50,0,113.5,34,1,3,0,1,34,0,30,4064
79,50,0,126,38,2,5,2,1,36,0,38,4317
80,50,0,134,44,6,4,1,2,43,1,42,4315
81,50,0,106,45,16,3,17,7,28,1,32,4065
82,50,0,141.5,50,7,2,7,8,43,3,41,5254
83,50,0,199.5,80,16,7,32,10,48,2,47,6569
84,50,0,117.5,51,14,1,29,10,22,1,30,4553
85,50,0,54.5,18,2,3,0,1,18,0,17,1957
124,50,0,49,17,2,1,7,4,10,0,11,1718
125,50,1,17,5.4,0,0.4,1.4,0,4,0,3.1,559.7
0,51,0,32,12,2,1,4,2,8,0,9,1212
1,51,0,269,98,27,15,98,24,0,30,1,7170
2,51,0,22,14,7,0,14,2,0,0,9,921
3,51,0,176.5,64,18,12,40,14,24,11,34,5315
4,51,0,154,50,6,7,1,4,49,2,46,5114
15,51,1,7,2.7,0.6,0.3,0,0.1,2.7,0.4,2.4,261.6
16,51,0,129.5,38,4,9,1,6,37,5,8,3239
17,51,1,6,2.5,0.5,0.2,0.2,0.3,2.3,0.3,2.2,224.3
18,51,0,115.5,48,17,2,47,6,1,2,41,3450
19,51,1,2,0.8,0.2,0.1,0,0.1,0.8,0.1,0.7,74.8
21,51,1,6,1.8,0.1,0.4,1.7,0.4,0.1,0.6,0,151.6
22,51,0,773,254,59,57,254,32,0,92,172,20815
23,51,1,5,1.5,0.1,0.3,1.4,0.3,0.1,0.5,0,126.3
26,51,1,4,1.4,0.2,0,0.2,0.2,1.2,0.2,1.1,138.8
27,51,1,5,1.8,0.2,0,0.3,0.2,1.5,0.2,1.4,173.5
28,51,0,30,11,2,2,0,1,11,0,10,1041
29,51,0,150,50,12,9,6,0,44,4,44,4576
30,51,0,132,47,14,9,15,3,32,5,36,4680
31,51,0,146,55,13,5,21,6,34,3,42,5130
32,51,0,133,45,7,10,6,7,39,3,38,4882
34,51,1,24,8.7,2.2,1.6,2.7,1.6,6,0.5,4.4,780
37,51,1,2,0.8,0.3,0.2,0.1,0,0.7,0.1,0.6,75.3
38,51,1,1,0.4,0.2,0.1,0,0,0.4,0,0.3,37.7
39,51,1,6,2.3,1,0.6,0.2,0,2.1,0.2,1.7,225.9
42,51,1,3,1,0.2,0.2,0.2,0.1,0.8,0.1,0.7,102.9
46,51,0,447.5,205,89,20,203,26,2,22,125,13360
47,51,0,324,147,60,10,141,17,6,23,41,10559
48,51,0,522.5,199,64,32,197,32,2,46,89,13243
49,51,0,370,170,69,10,170,19,0,21,50,10546
50,51,1,24,9.1,1.7,0,9.1,1.7,0,0,0,884.7
51,51,0,381,141,40,23,141,21,0,20,63,9570
52,51,0,1520.5,499,121,115,499,108,0,164,0,39114
53,51,0,201.5,123,80,4,120,9,3,23,55,5803
54,51,1,2,0.6,0.1,0.1,0,0,0.6,0,0.4,58.6
55,51,0,315,176,107,12,176,11,0,23,14,11113
56,51,1,8,2.3,0.2,0.8,0.2,0,2.1,0,1.6,231.6
59,51,1,1,0.3,0,0.1,0,0,0.3,0,0.2,29
77,51,1,7,1.8,0,0.5,0.2,0,1.6,0,1,222
78,51,0,45,13,0,0,0,2,13,1,12,1394
79,51,0,92.5,34,9,3,26,1,8,4,3,2688
80,51,1,15,3.9,0,1.1,0.4,0,3.5,0,2.1,475.8
81,51,0,154.5,62,15,1,45,17,17,4,39,5220
82,51,0,102,31,6,5,1,5,30,1,30,3806
83,51,0,40,16,2,1,0,1,16,0,15,1813
84,51,0,57,16,0,3,2,1,14,1,14,1865
85,51,1,7,2.9,0.9,0,0.9,0.3,2,0.2,1.4,270.4
86,51,1,20,6.9,0.7,0.3,1.4,0.3,5.5,0.3,5.5,663.1
0,52,0,22,11,7,1,6,2,5,5,5,492
1,52,0,69,19,4,5,0,1,19,10,18,1585
2,52,0,124,46,10,4,5,1,41,0,41,4348
3,52,0,64,24,5,4,4,2,20,2,19,2045
4,52,0,316,116,22,14,44,8,72,17,71,9761
5,52,1,13,5.1,0.6,0.1,1.4,0.6,3.7,0.6,3.4,483.9
15,52,1,101,38.6,9.2,3.7,0,1.8,38.6,5.5,34.9,3774.6
16,52,0,430,111,6,38,46,16,65,35,61,10454
17,52,0,658,238,60,44,185,25,53,37,194,17540
18,52,1,28,11.7,2.3,0.8,0.8,1.6,10.9,1.6,10.1,1046.9
19,52,0,146,56,16,8,0,4,56,3,54,4795
20,52,0,43.5,13,2,3,0,0,13,1,13,1098
22,52,0,178.5,67,20,10,67,7,0,24,42,4791
23,52,0,2550,851,228,185,851,173,0,416,1,67058
24,52,0,874.5,328,114,61,328,40,0,79,233,25659
25,52,1,3,0.9,0.1,0.2,0.8,0.2,0.1,0.3,0,75.8
26,52,0,34,14,6,2,3,0,11,0,13,1416
28,52,1,2,0.7,0.1,0,0.1,0.1,0.6,0.1,0.6,69.4
29,52,0,55,18,2,3,1,2,17,3,15,1672
30,52,0,208.5,60,5,18,5,7,55,5,54,5860
31,52,0,181,54,5,14,10,5,44,5,49,5024
32,52,0,708.5,254,68,39,253,68,1,102,3,17227
38,52,1,12,4.6,2.1,1.2,0.4,0,4.2,0.4,3.3,451.9
41,52,1,6,2.1,0.3,0.3,0.5,0.2,1.6,0.2,1.4,205.9
42,52,1,6,2.1,0.3,0.3,0.5,0.2,1.6,0.2,1.4,205.9
43,52,1,7,2.4,0.4,0.4,0.6,0.2,1.8,0.2,1.7,240.2
44,52,1,3,1,0.2,0.2,0.2,0.1,0.8,0.1,0.7,102.9
45,52,0,162,111,77,1,97,8,14,9,29,5955
46,52,0,111.5,49,21,5,42,6,7,3,42,3638
47,52,0,1049,375,103,59,375,41,0,91,203,24554
48,52,0,369.5,126,31,25,126,10,0,33,85,8832
49,52,0,785.5,328,118,40,328,50,0,73,67,22525
50,52,0,309,165,78,4,162,19,3,7,88,10632
51,52,0,129,53,12,3,47,8,6,4,7,3700
52,52,0,364.5,208,114,3,208,20,0,21,22,10601
53,52,0,780.5,247,50,63,247,55,0,85,0,19392
55,52,0,133.5,67,25,1,67,4,0,4,63,5504
56,52,0,52.5,20,4,3,0,2,20,2,18,1948
57,52,0,88,34,6,3,0,3,34,2,32,3435
58,52,0,32,11,3,1,0,0,11,1,11,1251
66,52,1,7,2.1,0.1,0.3,0.3,0.4,1.8,0.2,1.9,301.3
67,52,1,4,1.2,0.1,0.2,0.2,0.3,1,0.1,1.1,172.2
68,52,1,23,6.9,0.4,1.1,1.1,1.5,5.8,0.7,6.2,990.1
80,52,1,9,2.3,0,0.6,0.2,0,2.1,0,1.3,285.5
81,52,1,14,5.8,1.7,0,1.7,0.7,4.1,0.3,2.7,540.9
82,52,0,30,11,3,1,2,2,9,2,10,1577
83,52,1,8,3.3,1,0,1,0.4,2.3,0.2,1.6,309.1
85,52,0,78,35,13,3,2,2,33,3,33,3289
86,52,0,99.5,39,9,2,0,5,39,4,36,4096
87,52,1,28,9.7,1,0.5,2,0.5,7.7,0.5,7.7,928.3
0,53,1,22,7.1,2.1,1.3,0.4,0.6,6.7,1.9,5.8,700.8
1,53,0,45,13,1,2,0,2,13,4,10,1088
2,53,0,105,34,5,6,1,2,33,9,34,3016
3,53,1,24,9.3,1.1,0.3,2.5,1.1,6.8,1.1,6.3,893.3
4,53,0,108,33,4,9,0,4,33,0,30,3169
5,53,1,25.5,9.9,1.2,0.3,2.6,1.2,7.3,1.2,6.7,949.2
16,53,0,124.5,39,8,9,9,2,30,9,27,3576
17,53,0,192,61,4,9,0,6,61,11,55,5468
18,53,0,191,65,9,10,3,6,62,11,60,6057
19,53,0,974.5,312,79,72,293,53,19,163,11,23883
20,53,0,1118.5,315,66,101,315,38,0,164,0,24747
22,53,1,2,0.6,0,0.1,0.6,0.1,0,0.2,0,50.5
24,53,0,541.5,208,84,38,208,28,0,72,38,13292
25,53,1,189,55.3,3.7,12,51.6,11.1,3.7,20.3,0,4773.9
26,53,1,22,7.7,1.1,0,1.1,1.1,6.6,1.1,6.1,763.4
27,53,0,42,19,8,2,5,3,14,3,13,1417
28,53,0,36,15,6,2,0,3,15,8,1,969
29,53,0,75.5,23,2,5,15,6,8,6,11,2018
30,53,0,260.5,65,2,26,14,8,51,12,44,5878
31,53,0,439,127,23,41,84,17,43,29,62,9352
32,53,0,235.5,88,19,11,47,14,41,8,41,6966
33,53,0,83,21,1,8,1,2,20,1,20,2180
34,53,1,3,1.1,0.3,0.2,0.3,0.2,0.8,0.1,0.5,97.5
35,53,0,41,13,2,3,6,1,7,2,9,1237
39,53,1,4,1.5,0.7,0.4,0.1,0,1.4,0.1,1.1,150.6
41,53,1,3,1,0.2,0.2,0.2,0.1,0.8,0.1,0.7,102.9
43,53,1,4,1.4,0.2,0.2,0.3,0.1,1.1,0.1,0.9,137.3
44,53,0,299.5,109,30,18,103,15,6,18,26,7665
45,53,0,58,27,13,4,16,5,11,2,9,1753
46,53,0,24,14,9,0,14,0,0,1,9,832
47,53,0,351.5,160,79,16,159,25,1,37,5,10460
48,53,0,409,152,42,25,152,23,0,47,81,9713
49,53,0,34.5,18,10,1,15,3,3,1,9,1346
50,53,0,214.5,113,61,6,111,14,2,24,16,6454
51,53,0,131,59,23,3,44,4,15,4,41,4640
52,53,0,298,133,55,14,126,13,7,10,76,9550
53,53,0,425.5,170,57,22,131,22,39,43,40,12170
54,53,1,52,16.4,2.9,2.9,1,1,15.4,1,11.6,1523.4
55,53,0,2350.5,935,281,100,935,137,0,94,730,70510
56,53,0,101,39,8,2,2,3,37,2,36,3821
57,53,0,117.5,38,6,7,5,3,33,2,33,3670
58,53,1,8,2.3,0.2,0.8,0.2,0,2.1,0,1.6,231.6
65,53,1,15,5.5,1.2,0.8,1.6,0,3.9,0,3.2,701.4
66,53,1,29,8.7,0.5,1.4,1.4,1.8,7.3,0.9,7.8,1248.4
67,53,0,56,19,4,1,2,0,17,0,17,2314
68,53,0,89,30,4,3,3,3,27,0,29,3310
78,53,1,2,0.5,0,0.1,0,0,0.5,0,0.3,63.4
82,53,1,7,2.9,0.9,0,0.9,0.3,2,0.2,1.4,270.4
84,53,0,86.5,32,5,1,1,1,31,1,30,3061
85,53,0,77,25,1,4,0,0,25,0,23,2334
86,53,0,110,37,7,8,2,2,35,2,34,3593
87,53,0,115,39,3,4,2,1,37,0,37,3961
88,53,1,6,2.1,0.2,0.1,0.4,0.1,1.7,0.1,1.7,198.9
89,53,1,2,0.7,0.1,0,0.1,0,0.6,0,0.6,66.3
119,53,1,3,0.9,0,0.1,0.2,0,0.7,0,0.6,98.8
0,54,1,4,1.3,0.4,0.2,0.1,0.1,1.2,0.3,1.1,127.4
1,54,0,51,17,2,4,3,3,14,0,15,1650
2,54,0,88,28,7,4,4,5,24,20,19,1895
3,54,0,54,16,2,3,7,4,9,4,8,1249
16,54,0,391.5,143,39,22,138,25,5,56,7,10826
17,54,0,67,26,10,5,0,1,26,2,20,2527
18,54,0,156,46,4,15,0,7,46,14,42,4778
19,54,0,51.5,15,2,4,0,0,15,2,14,1436
22,54,0,729,250,74,53,250,33,0,72,52,17575
23,54,0,390.5,143,44,23,143,21,0,43,23,9493
24,54,0,780.5,243,49,58,243,54,0,90,2,22383
25,54,0,359,98,15,31,98,12,0,61,0,7414
26,54,0,464.5,176,62,27,170,23,6,41,74,11209
27,54,0,845,382,166,38,369,36,13,53,245,22779
28,54,0,47,21,7,1,9,3,12,3,14,1730
29,54,0,278,111,34,12,96,16,15,39,46,6904
30,54,0,212,78,20,11,67,11,11,37,11,5189
31,54,0,45.5,19,2,1,3,2,16,1,17,1729
32,54,0,75.5,26,5,5,4,3,22,2,22,2485
33,54,0,157.5,62,16,5,26,9,36,8,48,5264
34,54,0,159.5,65,14,5,29,7,36,7,51,5545
35,54,0,88,40,12,1,16,4,24,6,23,3216
40,54,1,3,1.1,0.5,0.3,0.1,0,1,0.1,0.8,113
41,54,1,3,1,0.2,0.2,0.2,0.1,0.8,0.1,0.7,102.9
42,54,1,3,1,0.2,0.2,0.2,0.1,0.8,0.1,0.7,102.9
43,54,0,207,92,34,5,89,7,3,5,55,6035
44,54,0,362.5,159,58,14,153,22,6,28,52,9790
45,54,0,1353,504,146,93,489,50,15,66,352,39308
46,54,0,233,102,42,8,83,6,19,3,87,7235
47,54,0,397,183,66,6,165,27,18,27,73,12300
48,54,0,447,167,49,22,141,17,26,13,63,12546
49,54,0,380.5,173,59,10,160,29,13,19,78,12873
50,54,0,378,175,61,10,160,24,15,23,80,13497
51,54,0,387.5,188,74,6,159,21,29,15,110,15044
52,54,0,282.5,131,52,12,106,15,25,8,74,9180
53,54,0,134,55,19,6,17,4,38,6,40,5240
54,54,0,159.5,56,4,8,28,9,28,9,29,5145
55,54,0,82,26,5,7,0,1,26,2,26,2899
56,54,0,88.5,37,5,1,0,3,37,1,35,3941
57,54,0,90,38,7,1,0,3,38,0,38,3671
58,54,1,19,5.6,0.5,1.9,0.5,0,5.1,0,3.7,550.1
62,54,1,1,0.4,0.1,0.1,0.1,0,0.3,0,0.2,46.8
63,54,1,14,5.2,1.1,0.7,1.5,0,3.7,0,2.9,654.7
64,54,0,43.5,17,5,1,9,2,8,2,10,1839
65,54,0,94.5,52,25,0,35,4,17,2,33,4314
66,54,0,66,20,1,4,0,0,20,1,19,2645
67,54,0,39.5,18,5,0,6,2,12,2,15,1697
68,54,0,29,11,1,0,0,3,11,0,10,938
73,54,1,3,1.2,0.4,0.1,0.2,0.1,1,0.3,0.6,107.9
75,54,1,2,0.8,0.2,0.1,0.1,0.1,0.7,0.2,0.4,71.9
81,54,1,1,0.4,0.1,0,0.1,0,0.3,0,0.2,38.6
82,54,1,4,1.7,0.5,0,0.5,0.2,1.2,0.1,0.8,154.5
84,54,0,78.5,25,2,5,0,1,25,1,24,2828
85,54,0,91,33,2,1,0,3,33,0,31,3539
86,54,0,83,34,6,1,2,3,32,1,32,3704
87,54,0,81.5,26,3,3,1,2,25,0,21,2592
88,54,1,2,0.7,0.1,0,0.1,0,0.6,0,0.6,66.3
118,54,1,18,5.7,0,0.5,1.4,0,4.3,0,3.3,592.6
0,55,1,8,3,0.6,0.4,0.2,0.3,2.8,0.1,2.5,305.8
1,55,1,35,11.4,2.4,2.4,3.7,1.2,7.7,3.3,8.5,911.6
2,55,0,29,13,3,0,7,0,6,5,6,921
3,55,1,6,2,0.4,0.4,0.7,0.2,1.3,0.6,1.5,156.3
5,55,0,31,11,5,2,6,0,5,4,7,698
16,55,0,976.5,327,73,64,327,43,0,120,70,20306
17,55,1,14,5.9,2.2,0.5,1.1,0.3,4.8,0.5,5.1,474.1
18,55,0,162,49,6,11,0,0,49,5,47,4917
19,55,0,955,303,66,73,292,53,11,149,10,24384
20,55,1,1,0.4,0.2,0,0.1,0,0.3,0,0.4,33.9
21,55,0,555,220,76,30,220,27,0,38,186,16983
22,55,0,468,178,75,37,178,29,0,54,14,11700
23,55,0,876.5,315,91,62,315,66,0,142,3,26107
25,55,0,400,120,23,30,117,26,3,61,3,9619
26,55,0,49,13,0,2,1,3,12,1,10,1286
27,55,0,136.5,70,33,4,68,6,2,10,8,3988
28,55,0,194,76,23,9,75,16,1,19,0,4924
29,55,0,112,64,37,1,56,8,8,20,10,3585
30,55,0,139,56,15,4,51,11,5,16,34,3791
31,55,0,321,171,96,11,168,29,3,46,28,9074
32,55,0,229.5,85,23,12,75,6,10,21,66,5667
33,55,0,1215,409,117,89,406,81,3,153,4,28962
34,55,1,4,2.1,0.7,0.1,2,0.5,0.1,0,1.1,153
41,55,1,2,0.8,0.2,0.1,0.1,0.1,0.7,0.1,0.6,81.7
42,55,0,253.5,99,32,13,90,13,9,19,37,6861
43,55,0,112.5,35,8,6,3,3,32,2,27,3176
44,55,0,95,35,10,4,3,2,32,2,32,3192
45,55,0,521.5,262,110,9,243,49,19,28,150,16610
46,55,0,497,231,81,8,224,27,7,8,178,18109
47,55,0,196,89,32,6,51,12,38,5,74,7720
48,55,0,195,100,46,2,82,8,18,2,60,6756
49,55,0,88,35,9,4,4,0,31,5,32,4455
50,55,0,200.5,114,69,4,90,4,24,9,48,7314
51,55,0,91,28,1,5,4,1,24,0,24,3014
52,55,0,65.5,27,8,2,3,3,24,3,21,3333
53,55,0,143,55,11,5,2,2,53,4,41,5852
54,55,0,185,65,4,5,0,6,65,2,62,5834
56,55,1,59,24.7,2.9,1,0.9,1,23.8,0,20.9,2388.5
57,55,0,76,27,2,3,0,2,27,0,26,2787
58,55,1,2,0.8,0.1,0,0,0,0.8,0,0.7,81
62,55,0,158.5,62,17,4,39,14,23,9,49,5144
63,55,0,68,28,8,2,8,5,20,1,24,3150
64,55,0,156,58,12,5,31,5,27,3,33,5882
65,55,0,126.5,33,4,7,5,0,28,3,27,4024
66,55,0,40.5,14,0,2,0,2,14,1,7,1381
78,55,1,3,0.8,0,0.2,0.1,0,0.7,0,0.4,95.2
80,55,1,3.5,0.9,0,0.2,0.1,0,0.8,0,0.5,111
84,55,1,3,0.8,0,0.2,0.1,0,0.7,0,0.4,95.2
86,55,1,21,7.2,0.9,1.1,0.9,0.7,6.3,0.4,5.9,803.7
87,55,1,20,6.9,0.8,1,0.8,0.6,6.1,0.4,5.6,765.4
88,55,1,2,0.7,0.1,0.1,0.1,0.1,0.6,0,0.6,76.5
89,55,1,12,4.1,0.5,0.6,0.5,0.4,3.6,0.2,3.4,459.2
90,55,1,3,1,0.1,0.2,0.1,0.1,0.9,0.1,0.8,114.8
100,55,1,2,0.7,0.2,0.1,0.1,0,0.6,0.1,0.5,72.9
116,55,1,4,1.5,0.5,0,0.4,0.2,1.1,0.1,0.9,139.3
117,55,1,27,10.4,3.1,0,2.7,1.2,7.7,0.6,6.1,940.4
118,55,0,59.5,19,1,1,2,2,17,1,18,2211
0,56,1,2,0.7,0.2,0.1,0,0.1,0.7,0,0.6,76.4
1,56,1,13,4.2,0.9,0.9,1.3,0.5,2.9,1.2,3.2,338.6
2,56,1,12,3.9,0.8,0.8,1.3,0.4,2.6,1.1,2.9,312.6
4,56,0,143.5,79,39,3,78,12,1,14,52,4788
5,56,0,28,11,4,1,0,0,11,0,7,1056
6,56,1,2,0.7,0.1,0.1,0.3,0,0.4,0.1,0.3,62.8
16,56,0,158.5,70,25,6,65,7,5,10,56,4257
17,56,0,122,42,10,7,7,6,35,9,29,3406
18,56,0,167,52,7,13,0,4,52,5,51,5283
19,56,0,1514,437,91,134,436,84,1,223,2,34590
21,56,0,1323.5,382,88,121,382,76,0,204,27,27778
22,56,0,1009,389,147,61,389,57,0,128,76,28031
23,56,0,740.5,226,51,57,226,43,0,114,0,18384
24,56,0,660,220,65,50,220,31,0,104,0,18035
25,56,0,103.5,41,10,4,4,7,37,2,35,3834
26,56,0,231,90,27,13,73,13,17,19,54,6232
27,56,0,496,198,71,22,183,24,15,30,91,13597
28,56,0,570,227,86,36,222,37,5,63,34,14636
29,56,0,789,307,109,51,307,67,0,107,1,21572
30,56,0,75,30,11,4,0,2,30,2,28,2161
31,56,0,178.5,82,30,7,29,9,53,8,71,5408
32,56,0,122,49,19,8,1,1,48,6,44,3588
33,56,0,420.5,146,37,26,129,19,17,37,83,9910
41,56,1,20,7.9,1.7,0.8,1.4,0.6,6.5,1.1,5.6,817.2
42,56,0,102,37,8,4,5,3,32,4,30,3360
43,56,0,121.5,54,18,3,35,7,19,4,38,4327
44,56,0,128,50,13,7,26,6,24,8,35,4282
45,56,0,347,149,37,9,135,18,14,6,126,11958
46,56,0,214.5,66,5,12,28,12,38,8,47,5480
47,56,0,242.5,99,19,4,40,14,59,6,94,9197
48,56,0,470.5,187,45,15,162,20,25,9,148,16442
49,56,0,103,40,6,2,2,1,38,0,34,4329
50,56,0,409.5,192,73,6,173,15,19,9,139,14887
51,56,0,68,25,6,4,0,3,25,1,23,3168
52,56,0,149,56,11,4,3,5,53,2,50,5763
53,56,0,112.5,47,20,6,13,2,34,7,33,4313
54,56,0,114.5,36,7,8,5,0,31,2,32,3470
62,56,1,4,1.6,0.4,0,0,0.3,1.6,0.3,1.6,176
63,56,0,74,25,6,3,0,2,25,1,21,3006
64,56,0,110,36,4,3,1,1,35,0,35,4328
65,56,0,88,37,12,3,0,0,37,0,31,3598
66,56,0,61,19,3,3,0,1,19,0,14,2348
67,56,1,4,1.6,0.5,0.2,0.2,0.2,1.4,0.4,0.9,143.8
89,56,0,37,14,3,0,3,0,11,0,11,1370
90,56,1,8,2.8,0.3,0.4,0.4,0.2,2.4,0.2,2.2,306.2
91,56,1,5,1.7,0.2,0.3,0.2,0.2,1.5,0.1,1.4,191.4
114,56,1,20,7.4,2.1,0.7,0.7,0.7,6.7,1.4,5.3,723.9
117,56,0,74.5,28,5,3,6,5,22,1,21,2926
118,56,1,19,7.3,2.2,0,1.9,0.9,5.4,0.4,4.3,661.8
121,56,1,16,5.9,0.5,0.3,1.6,1.1,4.3,0,4.3,742.7
122,56,0,37,17,4,0,0,1,17,0,15,1665
123,56,1,15,5.5,0.5,0.2,1.5,1,4,0,4,696.2
0,57,1,29,10.8,2.2,1.6,0.6,1,10.2,0.3,9.2,1108.4
1,57,0,96,33,1,2,0,3,33,2,29,2847
2,57,1,20,6.5,1.4,1.4,2.1,0.7,4.4,1.9,4.9,520.9
3,57,0,272.5,125,53,10,114,13,11,19,21,7366
4,57,0,197,84,33,9,74,13,10,15,16,5362
5,57,0,159.5,75,26,3,55,6,20,5,32,6207
6,57,0,57,16,2,4,0,4,16,1,14,1560
7,57,0,850.5,354,116,34,301,43,53,25,311,28675
16,57,1,1,0.4,0.2,0,0.1,0,0.3,0,0.4,33.9
17,57,0,74,21,3,7,3,4,18,4,14,1874
18,57,0,72,27,9,5,12,2,15,5,23,2365
19,57,0,568.5,189,50,39,186,38,3,78,30,13834
20,57,0,466,149,36,32,133,31,16,73,14,10519
21,57,0,778,307,105,43,291,30,16,50,245,24218
22,57,0,280.5,88,22,22,88,21,0,35,1,7205
23,57,0,1054.5,335,92,92,331,59,4,141,43,24887
24,57,0,65,27,11,3,2,3,25,4,21,2394
25,57,0,101,46,16,3,6,3,40,4,40,4161
26,57,0,749,299,102,35,291,48,8,42,149,19367
27,57,0,434.5,218,105,11,204,28,14,53,88,14861
28,57,0,631.5,301,126,16,294,53,7,70,84,18966
29,57,0,742.5,350,160,22,327,30,23,57,138,19702
30,57,0,193.5,85,40,8,65,9,20,18,58,5444
31,57,0,148.5,56,15,9,12,7,44,11,41,3947
32,57,0,74,28,9,3,0,4,28,1,24,2143
33,57,0,83,31,10,5,30,2,1,6,16,2101
40,57,1,6,2.2,0.7,0.5,0.6,0.1,1.6,0.3,1.2,187.7
41,57,0,141,58,14,7,13,5,45,6,38,4674
42,57,0,151,57,13,3,5,1,52,2,48,5364
43,57,0,132,45,9,8,8,7,37,3,38,4713
44,57,0,102,43,11,2,7,2,36,5,35,4089
45,57,0,109,41,8,3,4,2,37,1,37,4012
46,57,0,644.5,203,37,40,140,33,63,41,73,16471
47,57,0,413.5,133,25,26,121,28,12,36,14,9587
48,57,0,78.5,30,5,2,5,2,25,2,25,3137
49,57,0,162,67,12,4,23,5,44,5,50,5693
50,57,0,145.5,62,19,3,38,9,24,7,25,5148
51,57,0,561,175,24,35,169,29,6,60,86,12223
52,57,0,118,42,8,6,2,1,40,5,37,4384
53,57,0,151,48,9,8,5,3,43,7,43,5015
54,57,0,51,23,7,1,0,1,23,0,23,2219
63,57,0,64,21,2,3,0,1,21,1,19,2556
64,57,0,81,24,1,5,0,1,24,1,22,3005
65,57,0,56,21,4,2,2,3,19,0,16,2117
67,57,1,4,1.6,0.5,0.2,0.2,0.2,1.4,0.4,0.9,143.8
88,57,1,6,2.1,0.2,0.3,0.3,0.2,1.8,0.1,1.7,229.6
89,57,1,2,0.7,0.1,0.1,0.1,0.1,0.6,0,0.6,76.5
113,57,1,3,1.1,0.3,0.1,0.1,0.1,1,0.2,0.8,108.6
114,57,0,64,21,3,2,2,1,19,1,18,2388
115,57,0,40.5,13,2,2,1,0,12,3,11,1560
116,57,0,80,37,13,2,12,2,25,4,19,3853
117,57,0,135.5,55,16,6,32,10,23,6,20,5056
118,57,1,17,6.6,1.9,0,1.8,0.8,4.8,0.4,3.9,592.1
121,57,0,74,23,2,2,0,4,23,0,21,2463
122,57,0,91.5,33,6,0,3,1,30,0,27,3752
123,57,0,58,20,4,1,1,0,19,1,18,2382
124,57,1,11,4,0.4,0.2,1.1,0.7,2.9,0,2.9,510.6
125,57,1,2,0.7,0.1,0,0.2,0.1,0.5,0,0.5,92.8
0,58,0,127,58,17,1,10,4,48,3,54,5218
1,58,0,310,122,33,11,60,15,62,11,90,9486
2,58,0,32,11,3,1,3,3,8,1,5,1077
3,58,0,694.5,360,189,21,346,45,14,122,58,13108
4,58,0,233.5,114,53,5,110,19,4,16,44,6902
5,58,0,795.5,263,63,61,256,52,7,113,21,18291
6,58,0,186.5,75,24,8,44,9,31,5,54,6285
7,58,0,313.5,118,29,10,34,14,84,17,78,9567
8,58,1,17,5.7,1,1,2.6,0,3.1,0.5,2.6,534.2
16,58,1,15,6.3,2.3,0.6,1.1,0.3,5.2,0.6,5.5,508
17,58,0,133,51,17,7,2,3,49,7,46,3781
18,58,0,185,65,15,11,3,4,62,5,59,5011
19,58,0,323.5,127,40,15,104,25,23,42,21,7080
20,58,0,189,73,25,10,34,7,39,15,36,5343
21,58,0,471.5,264,147,12,243,18,21,120,26,9708
22,58,0,71,24,5,3,1,2,23,0,22,2529
23,58,1,62,21.6,3.4,4.7,4.7,2.7,16.9,1.3,18.2,2149.8
24,58,0,140,56,14,4,9,6,47,4,48,4868
25,58,0,117.5,41,10,8,2,3,39,2,35,3496
26,58,0,408,163,57,20,132,18,31,35,72,11175
27,58,0,376,171,69,9,159,17,12,24,41,10984
28,58,0,270,100,29,16,79,18,21,27,27,7134
29,58,0,28,12,3,0,0,1,12,0,3,753
30,58,0,26,18,11,0,0,1,18,2,1,1066
31,58,0,91,30,7,6,0,7,30,13,0,2666
33,58,0,233.5,96,28,8,94,13,2,5,62,6790
34,58,0,654.5,237,85,48,227,37,10,48,69,15356
35,58,0,92.5,35,8,5,35,3,0,6,12,2273
40,58,1,43,15.4,4.9,3.2,4,0.8,11.4,2.4,8.9,1345.2
41,58,0,237.5,106,30,2,85,15,21,2,92,8840
42,58,1,21,8.3,1.8,0.9,1.5,0.6,6.8,1.2,5.9,858
43,58,1,5,2,0.4,0.2,0.4,0.1,1.6,0.3,1.4,204.3
44,58,0,36.5,14,1,0,0,1,14,0,13,1444
45,58,0,76.5,32,2,1,0,1,32,0,30,3104
46,58,0,106,39,3,1,0,1,39,1,39,3746
47,58,0,64,22,4,4,1,1,21,1,15,2440
48,58,0,87,37,8,2,2,1,35,0,34,4158
49,58,0,215.5,75,14,10,1,12,74,5,46,7286
50,58,0,223,95,28,6,65,10,30,7,61,7501
51,58,0,112,38,7,7,2,0,36,3,32,3874
52,58,0,95,39,10,3,10,2,29,0,32,3650
53,58,0,55,24,3,0,0,1,24,0,24,2357
54,58,1,58,19.3,0.8,3.2,0,1.6,19.3,0,18.5,1938.2
62,58,1,7,2.8,0.8,0,0,0.5,2.8,0.5,2.8,308
63,58,0,55,21,4,1,0,0,21,2,20,2456
64,58,0,64,19,1,3,3,1,16,2,17,1855
65,58,0,54,19,5,5,0,1,19,1,15,1735
66,58,1,14,5.8,1.6,0.5,0.8,0.5,5,1.4,3,503.5
67,58,1,14,5.8,1.6,0.5,0.8,0.5,5,1.4,3,503.5
89,58,1,9,3.1,0.4,0.5,0.4,0.3,2.7,0.2,2.5,344.4
113,58,1,2,0.7,0.2,0.1,0.1,0.1,0.6,0.1,0.5,72.4
114,58,1,3,1.1,0.3,0.1,0.1,0.1,1,0.2,0.8,108.6
115,58,1,29,10.7,3.1,1,1,1,9.7,2,7.6,1049.6
116,58,0,63,28,12,2,16,0,12,3,11,2202
117,58,1,21,8.1,2.4,0,2.1,1,6,0.5,4.8,731.4
121,58,0,46.5,16,1,1,1,2,15,3,11,1794
122,58,0,80.5,26,2,3,16,5,10,1,20,2481
123,58,0,94.5,31,2,1,0,8,31,2,31,3454
124,58,0,37.5,12,0,2,0,1,12,0,12,1289
0,59,0,179,68,19,7,11,2,57,5,51,6665
1,59,0,91,34,7,3,1,1,33,3,33,3415
2,59,0,184,81,22,5,62,11,19,4,62,5776
3,59,0,257,89,23,17,67,8,22,13,36,6856
4,59,0,65,33,17,2,23,2,10,5,20,2605
5,59,0,421,177,63,19,177,14,0,39,135,12444
6,59,0,784.5,310,109,42,287,61,23,120,27,21764
7,59,0,373,124,24,19,84,20,40,23,48,10016
8,59,1,14,4.7,0.8,0.8,2.1,0,2.6,0.4,2.1,439.9
16,59,1,21,8.9,3.2,0.8,1.6,0.4,7.3,0.8,7.7,711.2
17,59,0,174.5,69,24,9,32,7,37,14,35,4932
18,59,0,120,41,8,9,2,4,39,2,40,3480
19,59,0,137,52,17,9,17,4,35,6,34,3604
20,59,0,84.5,31,12,6,6,4,25,5,28,2797
21,59,0,170,62,17,13,12,3,50,15,54,5704
22,59,0,390.5,161,58,15,134,24,27,21,59,10477
23,59,1,30,10.4,1.6,2.3,2.3,1.3,8.1,0.7,8.8,1040.2
24,59,0,228.5,84,26,15,75,10,9,15,62,6734
25,59,0,1209,441,134,72,441,93,0,132,2,32901
26,59,0,52,28,14,1,23,5,5,5,12,1669
27,59,0,78.5,32,10,0,13,5,19,6,19,2243
28,59,0,269.5,107,33,12,60,12,47,13,23,7903
32,59,1,34.5,17.9,6.3,0.9,17,4.5,0.9,0,9.9,1320
33,59,0,103,39,11,2,38,3,1,1,32,3196
34,59,0,159.5,76,43,9,75,5,1,14,30,4605
35,59,0,233,115,53,3,103,11,12,9,59,6509
39,59,1,4,1.4,0.5,0.3,0.4,0.1,1,0.2,0.8,125.1
41,59,0,222,75,19,14,32,1,43,3,54,6839
42,59,0,240.5,105,44,13,82,6,23,5,67,7000
43,59,0,211.5,102,40,2,102,9,0,7,33,5554
44,59,1,2,0.8,0.2,0.1,0.1,0.1,0.7,0.1,0.6,81.7
45,59,1,21,8.3,1.8,0.9,1.5,0.6,6.8,1.2,5.9,858
46,59,0,58,26,5,1,4,1,22,1,21,2668
47,59,0,85,31,4,1,2,4,29,0,29,3618
48,59,0,158.5,58,13,7,29,5,29,1,48,6007
49,59,0,143,61,17,2,33,10,28,1,45,5238
50,59,0,49,17,4,3,0,0,17,0,14,1401
51,59,0,95,28,4,7,0,1,28,3,27,3725
52,59,0,89,29,4,4,0,0,29,1,29,3194
53,59,1,14,4.7,0.2,0.8,0,0.4,4.7,0,4.5,467.8
57,59,1,1,0.4,0,0,0,0,0.4,0,0.4,40.5
62,59,0,45.5,12,2,3,0,1,12,2,5,1446
63,59,0,138.5,36,1,9,0,1,36,1,33,5110
64,59,0,88,28,1,4,0,1,28,0,27,3250
65,59,1,17,6.7,1.8,0,0,1.2,6.7,1.2,6.7,748
66,59,1,10,4.1,1.2,0.4,0.6,0.4,3.5,1,2.2,359.6
87,59,1,6,2.1,0.2,0.3,0.3,0.2,1.8,0.1,1.7,229.6
88,59,1,2,0.7,0.1,0.1,0.1,0.1,0.6,0,0.6,76.5
122,59,1,8,2.9,0.3,0.1,0.8,0.5,2.1,0,2.1,371.3
123,59,1,8,2.9,0.3,0.1,0.8,0.5,2.1,0,2.1,371.3
0,60,0,141,54,16,6,5,3,49,2,47,4413
1,60,0,362,147,48,15,117,24,30,19,81,10754
2,60,0,94,42,18,4,10,3,32,2,28,3559
3,60,0,372.5,193,90,8,192,16,1,18,85,11841
4,60,0,188,96,48,6,75,9,21,20,45,6577
5,60,0,82,39,19,3,23,3,16,4,21,2672
6,60,0,41,14,5,2,11,1,3,2,10,1223
7,60,1,21,10,5.5,0.9,3.6,0,6.4,0,10,992.5
8,60,1,2,1,0.5,0.1,0.4,0,0.6,0,1,94.5
16,60,0,304,137,63,11,135,14,2,14,62,8255
17,60,0,582,259,111,22,246,37,13,77,48,15249
18,60,0,212.5,94,47,11,64,9,30,20,24,5667
19,60,0,37,15,6,3,6,0,9,2,12,978
20,60,0,465,192,73,22,170,29,22,25,129,11818
21,60,0,346,127,46,20,98,19,29,37,34,9276
22,60,0,306,123,45,16,110,26,13,38,12,9620
23,60,0,99,35,9,6,35,6,0,7,1,2431
25,60,1,4,1.5,0.3,0.3,0.8,0.2,0.7,0.3,1,128.6
26,60,1,4,1.5,0.4,0.3,0.4,0.1,1.1,0.3,1.3,143.8
27,60,0,197.5,78,23,7,33,4,45,8,58,6353
28,60,0,264.5,107,27,7,69,17,38,23,55,7918
29,60,1,43,16.3,3.9,3.3,4.6,1.3,11.7,3.3,14.3,1546
33,60,0,76,25,8,5,18,4,7,5,7,2025
34,60,0,226,88,23,4,53,10,35,3,49,5905
35,60,0,335.5,137,43,11,111,10,26,7,85,8672
36,60,0,84,23,1,6,0,1,23,0,22,1867
38,60,1,4,1.4,0.3,0.1,0.7,0.3,0.7,0.1,0.9,111.1
41,60,0,40,14,3,2,14,3,0,4,0,903
42,60,0,175,40,0,19,0,0,40,4,39,4771
43,60,0,60,27,10,2,25,3,2,2,14,1621
47,60,1,14,5.2,0.9,0.3,3.8,0.6,1.4,0,4.3,477.7
48,60,1,32.5,12.1,2,0.7,8.7,1.3,3.4,0,10.1,1109
50,60,1,2,0.7,0.1,0,0.5,0.1,0.2,0,0.6,68.2
51,60,1,12,4.8,1.5,0.3,1.5,0.3,3.3,0,2.7,443.1
52,60,1,5,2,0.6,0.1,0.6,0.1,1.4,0,1.1,184.6
62,60,1,7,2.6,0.4,0.1,0.7,0.7,1.9,0.2,1.6,239.6
63,60,1,8,2.9,0.5,0.1,0.8,0.8,2.1,0.2,1.8,273.8
64,60,1,24,8.8,1.5,0.3,2.4,2.4,6.4,0.6,5.5,821.5
65,60,1,2,0.7,0.1,0,0.2,0.2,0.5,0.1,0.5,68.5
87,60,1,8,3.2,0.9,0.2,0.2,0.2,3,0.4,2.8,357.2
88,60,1,7,2.8,0.8,0.2,0.2,0.2,2.6,0.3,2.5,312.5
122,60,1,22,8.6,1.7,0.3,0.6,0.3,8,0.6,6.9,922
123,60,0,76,29,1,0,0,2,29,0,29,2885
124,60,0,57,22,2,1,0,2,22,1,22,2206
125,60,1,4,1.6,0.3,0.1,0.1,0.1,1.5,0.1,1.2,167.6
126,60,1,1,0.4,0.1,0.1,0,0,0.4,0,0.3,37.7
0,61,0,127.5,50,12,3,10,3,40,2,44,4355
1,61,0,131,64,32,4,38,2,26,9,34,4808
2,61,0,101,39,14,5,17,6,22,11,24,3094
3,61,0,325.5,143,60,13,118,19,25,30,41,9413
4,61,0,118.5,56,24,3,46,11,10,11,20,3643
5,61,1,9,4.5,0.8,0,1.5,0.8,3,0,2.6,398.2
15,61,0,57,26,10,1,26,7,0,7,8,1543
16,61,0,453,186,70,24,159,32,27,46,70,12498
17,61,0,508.5,233,102,19,225,29,8,68,85,14221
18,61,0,648,276,104,29,268,45,8,84,64,16535
19,61,0,991.5,381,120,45,381,82,0,140,1,23569
20,61,0,262.5,100,25,11,93,17,7,20,53,6758
21,61,1,20,7.3,1.3,1.3,3.8,1,3.5,1.6,4.8,642.9
22,61,1,2,0.7,0.1,0.1,0.4,0.1,0.3,0.2,0.5,64.3
27,61,0,51,23,8,2,19,3,4,8,8,1362
28,61,0,212,72,21,15,55,18,17,30,21,4850
29,61,0,265,144,77,6,142,10,2,22,78,8278
34,61,1,66,20.8,3.6,3.6,0.9,0.9,19.9,0.9,15.4,2000.8
35,61,0,206,89,31,5,54,10,35,4,60,5322
36,61,1,25.5,9,1.9,0.4,4.5,1.9,4.5,0.8,6,708
37,61,1,2,0.7,0.1,0,0.3,0.1,0.4,0.1,0.5,55.5
42,61,0,79,19,1,7,1,1,18,3,14,2543
43,61,1,12,4.9,1.4,0.6,0.6,0.9,4.3,0.9,3.4,446.9
44,61,1,2,0.8,0.2,0.1,0.1,0.1,0.7,0.1,0.6,74.5
62,61,1,5,1.8,0.3,0.1,0.5,0.5,1.3,0.1,1.1,171.1
63,61,1,2,0.7,0.1,0,0.2,0.2,0.5,0.1,0.5,68.5
64,61,0,61,21,4,2,2,1,19,2,16,2018
65,61,1,20,7.3,1.3,0.3,2,2,5.3,0.5,4.6,684.6
74,61,1,5.5,1.7,0.1,0.2,0.7,0.1,1,0,1.6,178.7
86,61,1,4,1.6,0.4,0.1,0.1,0.1,1.5,0.2,1.4,178.6
88,61,1,4,1.6,0.4,0.1,0.1,0.1,1.5,0.2,1.4,178.6
116,61,1,4,1.8,0.6,0,0.3,0,1.5,0,1.4,218.8
122,61,1,5,1.9,0.4,0.1,0.1,0.1,1.8,0.1,1.6,209.5
123,61,1,16,6.2,1.2,0.2,0.4,0.2,5.8,0.4,5,670.5
124,61,0,43.5,19,3,0,0,3,19,0,19,2124
125,61,0,45,16,2,2,5,2,11,0,9,1478
126,61,1,4,1.5,0.6,0.3,0.1,0.2,1.4,0.2,1.4,150.7
0,62,0,159,59,11,6,8,6,51,3,50,5668
1,62,0,204.5,93,32,2,42,13,51,9,50,6578
2,62,0,130,55,17,5,22,2,33,2,40,4513
3,62,0,159,75,34,6,61,2,14,11,35,5251
4,62,1,4,2,0.3,0,0.7,0.3,1.3,0,1.2,177
15,62,0,46,19,9,3,19,1,0,8,5,1469
16,62,0,377,167,80,21,159,15,8,36,51,10984
17,62,0,620,271,105,21,248,41,23,75,98,18336
18,62,0,565.5,249,117,28,229,23,20,40,82,16461
19,62,0,476.5,184,67,29,154,25,30,55,68,12047
20,62,0,207.5,90,36,6,31,9,59,12,55,5811
21,62,1,10,3.7,0.6,0.6,1.9,0.5,1.8,0.8,2.4,321.4
27,62,0,44,17,7,1,5,1,12,3,13,1125
28,62,0,274,103,35,15,99,26,4,36,4,6403
29,62,0,489.5,251,121,9,230,26,21,30,116,15012
30,62,1,3,1.1,0.3,0.2,0.3,0.1,0.8,0.2,1,107.9
42,62,1,4,1.6,0.5,0.2,0.2,0.3,1.4,0.3,1.1,149
43,62,1,14,5.7,1.7,0.7,0.7,1,5,1,4,521.3
60,62,1,3,1.1,0.2,0,0.3,0.3,0.8,0.1,0.7,102.7
63,62,0,18.5,12,5,0,5,2,7,4,6,827
64,62,0,119.5,40,3,6,4,3,36,3,33,4142
65,62,0,122.5,39,3,5,0,4,39,0,36,4448
66,62,1,20,6.7,0.6,0,0,0.6,6.7,0,5,757.8
76,62,0,61,17,2,5,0,2,17,0,12,2317
77,62,1,4,2,0.7,0,0.9,0.2,1.1,0.2,1.1,151.6
114,62,0,38,13,3,2,0,0,13,0,12,1377
115,62,1,2,0.6,0.1,0.1,0,0.1,0.6,0.1,0.5,75.7
122,62,1,7,2.7,0.5,0.1,0.2,0.1,2.5,0.2,2.2,293.4
125,62,1,22,8.6,1.7,0.3,0.6,0.3,8,0.6,6.9,922
0,63,0,652,308,135,22,297,54,11,55,80,18691
1,63,0,278,129,48,7,82,20,47,11,105,8635
2,63,0,61,20,4,2,0,0,20,1,18,1718
3,63,0,55,29,12,1,25,3,4,7,13,1681
15,63,0,69,27,7,2,26,5,1,9,5,1521
16,63,0,297,126,50,9,114,14,12,22,43,8529
17,63,0,676,285,121,33,275,38,10,55,110,18032
18,63,0,376.5,145,43,17,123,27,22,38,43,9986
19,63,0,253,75,15,22,75,13,0,31,0,6101
20,63,0,1129,403,127,73,402,62,1,146,9,28936
23,63,1,5,1.8,0.3,0.3,0.9,0.2,0.9,0.4,1.2,160.7
24,63,1,7,2.6,0.4,0.4,1.4,0.3,1.2,0.6,1.7,225
26,63,1,2,0.8,0.2,0.2,0.2,0.1,0.6,0.2,0.7,71.9
27,63,0,45,29,19,1,29,1,0,6,6,1272
28,63,0,830,311,86,49,303,84,8,119,9,21753
29,63,0,352.5,156,52,8,150,22,6,20,65,9578
30,63,0,166.5,74,26,5,73,12,1,8,45,5136
31,63,1,5,1.6,0.3,0.3,0.1,0.1,1.5,0.1,1.2,151.6
41,63,1,10,4,1.2,0.5,0.5,0.7,3.5,0.7,2.9,372.4
64,63,0,39,14,3,3,0,1,14,1,12,1693
65,63,0,64,22,4,4,0,2,22,1,21,2336
66,63,1,12,4,0.3,0,0,0.3,4,0,3,454.7
68,63,1,4,1.3,0.1,0,0,0.1,1.3,0,1,151.6
73,63,1,5,1.6,0.1,0.2,0.6,0.1,1,0,1.4,162.4
74,63,1,63.5,19.7,1.7,2.6,7.7,1.7,12,0,18,2062.9
75,63,0,104,32,2,2,0,1,32,0,29,3883
76,63,0,119.5,41,7,5,0,4,41,2,40,4752
77,63,0,88,33,2,1,5,1,28,1,24,3836
78,63,1,16.5,8.1,2.9,0,3.7,0.7,4.4,0.7,4.4,625.5
93,63,1,2,0.8,0.2,0,0,0,0.8,0.1,0.7,89.3
94,63,1,8,3.2,0.9,0.2,0.2,0.2,3,0.4,2.8,357.2
95,63,1,2,0.8,0.2,0,0,0,0.8,0.1,0.7,89.3
113,63,1,15,4.7,0.5,0.9,0,0.7,4.7,0.7,3.8,567.9
114,63,1,31,9.7,1,1.9,0,1.5,9.7,1.5,7.8,1173.6
115,63,0,55.5,21,4,1,6,2,15,1,12,2330
116,63,1,6,2.7,1,0,0.5,0,2.2,0,2.1,328.2
123,63,1,1,0.4,0.1,0,0,0,0.4,0,0.3,41.9
0,64,0,397.5,172,50,15,155,35,17,27,35,11704
1,64,0,150,62,22,5,26,5,36,5,35,4402
2,64,1,11,5.5,0.9,0,1.8,0.9,3.7,0,3.2,486.8
3,64,0,23,14,7,0,12,2,2,4,1,705
15,64,0,104.5,40,14,5,40,6,0,21,12,2282
16,64,0,777,312,126,53,301,43,11,91,52,19668
17,64,0,473,223,99,19,203,22,20,80,18,10574
18,64,0,53,20,6,3,9,1,11,4,13,1619
19,64,0,935.5,299,71,67,299,53,0,90,100,20587
20,64,0,563.5,159,20,48,159,18,0,16,148,11602
23,64,1,6,2.2,0.4,0.4,1.1,0.3,1.1,0.5,1.4,192.9
24,64,1,7,2.6,0.4,0.4,1.4,0.3,1.2,0.6,1.7,225
25,64,1,2,0.7,0.1,0.1,0.4,0.1,0.3,0.2,0.5,64.3
26,64,1,1,0.4,0.1,0.1,0.1,0,0.3,0.1,0.3,36
28,64,1,13,4.9,1.2,1,1.4,0.4,3.5,1,4.3,467.4
29,64,0,291,130,55,7,97,7,33,23,32,7913
30,64,0,215.5,131,82,2,129,11,2,33,43,5926
31,64,1,2,0.6,0.1,0.1,0,0,0.6,0,0.5,60.6
39,64,1,11.5,4.1,0.8,0.2,2,0.8,2.1,0.3,2.7,319.3
40,64,1,25,8.8,1.8,0.4,4.4,1.8,4.4,0.7,5.9,694.1
74,64,0,94,27,2,7,0,2,27,0,19,3129
75,64,0,97,32,8,8,1,1,31,2,28,3912
76,64,0,68,27,5,0,2,3,25,1,26,2940
77,64,0,69,23,4,2,2,2,21,0,18,2819
78,64,0,86,30,3,3,7,6,23,0,21,3695
80,64,1,2,1,0.4,0,0.5,0.1,0.5,0.1,0.5,75.8
113,64,1,16,5,0.5,1,0,0.8,5,0.8,4,605.8
114,64,0,62.5,27,13,2,20,2,7,1,7,1920
115,64,0,71,28,10,0,2,1,26,4,24,3316
116,64,1,27.5,12.5,4.4,0,2.2,0,10.3,0,9.5,1504.1
0,65,0,293,125,40,11,92,15,33,19,52,8747
1,65,0,142,63,22,3,26,3,37,6,46,5584
2,65,1,5,2.2,1.1,0.3,2,0.2,0.2,0.7,0.8,142.2
4,65,1,2,0.9,0.4,0.1,0.8,0.1,0.1,0.3,0.3,56.9
11,65,1,2,1,0.5,0,0.7,0.2,0.3,0.4,0,58.8
14,65,1,4,1.9,0.9,0.1,1.3,0.3,0.6,0.9,0,117.6
16,65,1,16,6.4,2.1,0.5,1.9,0.7,4.5,1,4.8,605.9
17,65,0,988,373,133,61,373,67,0,134,2,23671
29,65,0,1169.5,560,253,37,558,84,2,183,152,26509
30,65,0,149,54,13,6,43,11,11,13,20,4325
37,65,1,14,6.4,2.3,0,0.6,0.6,5.8,1,3.5,699.4
38,65,1,4,1.8,0.6,0,0.2,0.2,1.6,0.3,1,199.8
39,65,1,16.5,7.6,2.7,0,0.8,0.8,6.8,1.1,4.2,824.2
40,65,1,6,2.8,1,0,0.3,0.3,2.5,0.4,1.5,299.7
49,65,1,6,2.4,0.8,0.1,0.7,0.1,1.7,0,1.3,221.5
54,65,1,9,3.6,1.1,0.2,1.1,0.2,2.5,0,2,332.3
66,65,1,1,0.4,0.1,0,0.1,0,0.3,0,0.3,39.3
67,65,1,1,0.4,0.1,0,0.1,0,0.3,0,0.3,39.3
72,65,1,22,6.7,0.4,0.9,0,0.4,6.7,0,5.8,884.9
73,65,0,95.5,27,1,6,0,4,27,0,24,3390
74,65,0,121,40,3,3,0,2,40,0,40,4390
75,65,0,122,45,8,4,2,3,43,2,33,4630
76,65,0,102,39,5,2,2,0,37,1,34,4688
77,65,0,93,32,4,3,0,1,32,0,30,4201
86,65,1,4,1.6,0.4,0.1,0.1,0.1,1.5,0.2,1.4,178.6
113,65,0,39,16,6,2,2,3,14,3,13,1810
114,65,0,85.5,37,13,0,12,6,25,3,25,3494
115,65,0,82.5,36,10,1,6,3,30,0,29,3646
116,65,0,84,31,6,2,2,4,29,0,27,3342
117,65,1,13,4.4,0.4,0.3,0,0.1,4.4,0,4.1,413.1
0,66,0,228,85,29,12,65,11,20,9,31,6213
1,66,0,298,145,59,5,140,13,5,4,103,11698
3,66,1,8,3.6,1.7,0.5,3.2,0.3,0.4,1.1,1.3,227.5
17,66,1,18,7.3,2.4,0.5,2.2,0.8,5.1,1.1,5.4,681.6
19,66,1,2,0.8,0.3,0.1,0.2,0.1,0.6,0.1,0.6,75.7
27,66,1,28,9.4,1.8,1.1,3.6,0.7,5.8,1.1,5.8,873.6
28,66,0,585.5,280,113,17,280,20,0,30,161,18710
29,66,1,13.5,4.5,0.9,0.5,1.7,0.3,2.8,0.5,2.8,421.2
30,66,0,157,62,14,8,4,5,58,3,44,5857
31,66,1,71.5,31.1,13.8,4.1,18.7,3.5,12.4,3.5,13.1,2433.8
34,66,1,30,13,5.8,1.7,7.8,1.4,5.2,1.4,5.5,1021.2
37,66,0,22,12,4,0,2,1,10,2,10,1247
38,66,0,83,35,11,3,29,4,6,8,20,2384
39,66,0,316.5,137,53,14,126,10,11,20,24,8328
40,66,0,123.5,63,31,3,50,5,13,11,17,3767
41,66,1,20,11.1,5.8,1.1,5.8,0,5.3,3.7,4.2,923.7
55,66,1,3,1.2,0.4,0.1,0.4,0.1,0.8,0,0.7,110.8
58,66,1,3,1.1,0.2,0,0.3,0.3,0.8,0.1,0.7,102.7
62,66,1,1,0.4,0.1,0,0.1,0.1,0.3,0,0.2,34.2
72,66,1,11,3.4,0.2,0.4,0,0.2,3.4,0,2.9,442.5
73,66,0,96,28,1,3,0,1,28,0,28,3659
74,66,0,108,39,1,2,4,3,35,0,28,3905
75,66,0,124,40,6,5,2,4,38,3,30,4330
76,66,0,104.5,30,2,8,0,5,30,1,21,3263
77,66,1,4,1.6,0.3,0.1,0,0,1.6,0,1.5,178.9
87,66,1,1,0.4,0.1,0,0,0,0.4,0,0.4,44.6
89,66,1,3,1.2,0.3,0.1,0.1,0.1,1.1,0.1,1.1,133.9
98,66,1,4,1.5,0.4,0.1,0.1,0.1,1.4,0.1,1.4,152.5
112,66,1,2,0.7,0,0.1,0.1,0.1,0.6,0,0.6,67.4
113,66,0,107,39,8,4,5,5,34,4,33,3804
114,66,0,36,18,8,0,3,3,15,1,13,1733
115,66,0,35,13,2,0,0,1,13,0,12,1471
116,66,1,70.5,23.6,2.4,1.6,0,0.8,23.6,0,22.1,2240.2
117,66,0,69.5,26,3,1,1,3,25,0,25,2766
118,66,1,6,2,0.2,0.1,0,0.1,2,0,1.9,190.7
0,67,0,414.5,190,75,10,161,25,29,27,75,13016
1,67,1,7,3.1,1.5,0.4,2.7,0.2,0.4,1,1.1,199.1
2,67,0,366.5,112,29,29,107,22,5,47,7,8165
3,67,0,246.5,100,45,16,100,17,0,38,2,6860
18,67,0,336,136,50,15,135,28,1,69,1,7240
19,67,1,29,11.7,3.9,0.9,3.5,1.3,8.2,1.7,8.7,1098.1
20,67,0,149,61,20,7,49,6,12,3,36,4933
21,67,1,4,1.7,0.6,0.2,0.2,0.2,1.5,0.1,1.5,118.4
23,67,0,154,62,27,9,62,9,0,27,0,3201
29,67,1,1,0.3,0.1,0,0.1,0,0.2,0,0.2,31.2
30,67,0,376.5,198,126,18,184,11,14,83,20,9212
31,67,0,375,178,75,8,168,18,10,22,94,11829
32,67,1,2,0.9,0.4,0.1,0.5,0.1,0.4,0.1,0.4,68.1
39,67,0,60.5,35,18,0,35,2,0,7,5,1840
40,67,0,357,184,88,10,172,20,12,39,43,9694
41,67,1,1,0.6,0.3,0.1,0.3,0,0.3,0.2,0.2,46.2
42,67,1,2,1.1,0.6,0.1,0.6,0,0.5,0.4,0.4,92.4
66,67,1,1,0.4,0.1,0,0.1,0,0.3,0,0.3,39.3
73,67,0,50,19,3,1,0,1,19,0,19,2157
74,67,0,97,34,3,2,3,6,31,0,25,3414
75,67,0,88,39,12,3,3,1,36,1,36,4602
76,67,0,72.5,23,0,1,0,0,23,0,22,3003
77,67,0,65.5,16,1,4,0,0,16,2,13,1775
81,67,0,40,14,3,2,0,1,14,0,11,1421
82,67,0,34,11,0,2,0,2,11,0,11,1559
84,67,1,19.5,6.2,0,0,0,0.5,6.2,0,6.2,859.6
88,67,1,2,0.8,0.2,0,0,0,0.8,0.1,0.7,89.3
112,67,1,6,2,0,0.2,0.2,0.3,1.8,0.1,1.7,202.3
113,67,1,27,9.2,0,0.9,0.9,1.4,8.3,0.5,7.8,910.2
114,67,1,11,3.7,0,0.4,0.4,0.6,3.3,0.2,3.2,370.8
115,67,1,9,3.1,0,0.3,0.3,0.5,2.8,0.2,2.6,303.4
127,67,1,5,1.7,0.2,0.1,0.2,0.3,1.5,0.1,1.5,193.7
0,68,0,542,262,128,18,258,46,4,42,37,15326
1,68,0,179.5,88,48,10,86,9,2,28,19,5046
2,68,0,454.5,248,144,9,246,30,2,84,53,12271
3,68,1,63,28.1,13.4,4,24.8,2,3.3,8.7,10.1,1791.5
15,68,1,78,37.1,17.6,1.9,26,6.5,11.1,16.7,0.9,2293.6
16,68,0,18,18,18,0,18,0,0,2,0,390
17,68,0,82,30,8,5,13,2,17,6,21,2661
18,68,0,70,33,13,1,12,4,21,3,18,2599
19,68,0,52,20,6,3,0,2,20,1,20,1810
20,68,0,52,19,5,2,0,0,19,2,15,1497
21,68,0,48,17,3,3,2,1,15,2,14,1667
22,68,0,420.5,209,98,9,207,25,2,26,85,12403
23,68,0,75,30,10,3,30,2,0,3,24,2358
26,68,1,9,3,0.6,0.3,1.2,0.2,1.8,0.3,1.9,280.8
27,68,1,5,1.7,0.3,0.2,0.7,0.1,1,0.2,1,156
30,68,0,542.5,206,65,30,183,36,23,45,44,15597
31,68,0,274.5,139,53,5,101,11,38,16,61,9943
32,68,0,212,102,43,7,96,14,6,11,11,6196
38,68,1,1,0.5,0.2,0,0.1,0,0.4,0.1,0.3,50
41,68,1,11,6.1,3.2,0.6,3.2,0,2.9,2,2.3,508
50,68,1,3,1.2,0.4,0.1,0.4,0.1,0.8,0,0.7,110.8
73,68,1,6,1.8,0.1,0.2,0,0.1,1.8,0,1.6,241.3
74,68,1,10,3.1,0.2,0.4,0,0.2,3.1,0,2.7,402.2
75,68,0,30,16,6,0,2,0,14,0,15,1799
76,68,0,53,21,4,2,1,1,20,0,19,2798
77,68,1,22,8.8,1.5,0.7,0,0,8.8,0,8.1,984.1
78,68,0,25,11,3,0,2,0,9,0,10,993
79,68,0,58,25,4,0,0,3,25,0,25,2857
80,68,0,113,41,3,4,1,1,40,1,38,4622
81,68,0,102,37,7,2,0,0,37,1,35,3775
82,68,0,102,35,5,4,12,3,23,2,31,3582
83,68,0,110,36,4,5,3,6,33,1,33,4257
84,68,0,95.5,41,8,1,0,8,41,0,35,4239
85,68,1,16,5.1,0,0,0,0.4,5.1,0,5.1,705.3
115,68,1,4,1.4,0,0.1,0.2,0.2,1.2,0.1,1.2,134.8
126,68,1,2,0.7,0.1,0,0.1,0.1,0.6,0,0.6,77.5
127,68,1,18,6,0.8,0.3,0.5,1.1,5.5,0.3,5.5,697.2
0,69,0,709.5,386,211,10,386,38,0,39,223,23391
1,69,1,2,0.9,0.4,0.1,0.8,0.1,0.1,0.3,0.3,56.9
2,69,0,136.5,71,39,5,66,7,5,28,11,3322
4,69,1,7,3.1,1.5,0.4,2.7,0.2,0.4,1,1.1,199.1
16,69,1,2,0.8,0.3,0.1,0.2,0.1,0.6,0.1,0.6,75.7
17,69,0,374,156,47,13,132,21,24,14,108,13981
18,69,0,224,95,35,9,29,8,66,10,64,8468
21,69,0,135.5,71,34,2,71,4,0,8,58,4364
22,69,0,354,132,45,21,129,17,3,29,43,8845
24,69,1,31,13.3,4.4,1.8,1.8,1.8,11.5,0.9,11.5,917.6
25,69,0,146,53,15,8,18,3,35,4,33,3874
26,69,0,137,55,12,5,42,1,13,4,54,5796
27,69,0,417,197,63,5,177,14,20,21,135,16282
28,69,0,585.5,260,104,23,259,22,1,38,180,20342
29,69,0,205,107,48,4,102,13,5,13,31,6801
30,69,1,21,7,1.4,0.8,2.7,0.5,4.3,0.8,4.3,655.2
31,69,0,256,93,16,13,75,24,18,22,21,7175
32,69,0,373,158,52,16,158,27,0,29,101,10121
37,69,1,2,0.9,0.3,0,0.1,0.1,0.8,0.1,0.5,99.9
41,69,1,2,1.1,0.6,0.1,0.6,0,0.5,0.4,0.4,92.4
42,69,1,2,1.1,0.6,0.1,0.6,0,0.5,0.4,0.4,92.4
50,69,1,2,0.8,0.2,0,0.2,0,0.6,0,0.4,73.9
60,69,1,1,0.4,0.1,0,0.1,0.1,0.3,0,0.2,34.2
62,69,1,3,1.1,0.2,0,0.3,0.3,0.8,0.1,0.7,102.7
69,69,1,4,1.6,0.4,0,0.3,0,1.3,0.1,1.3,157.1
70,69,1,36.5,14.3,3.4,0,2.5,0,11.8,0.8,11.7,1433.1
71,69,0,57,17,1,5,0,0,17,0,17,2295
72,69,0,80,26,2,2,0,0,26,0,25,3102
73,69,0,97,32,2,4,2,4,30,3,29,3175
74,69,0,68,26,6,2,0,3,26,0,23,3256
75,69,0,87.5,33,5,2,0,4,33,0,31,3795
76,69,0,83,34,8,2,3,2,31,0,28,3605
77,69,0,80,34,3,1,0,4,34,1,33,3586
78,69,1,4,1.6,0.3,0.1,0,0,1.6,0,1.5,178.9
79,69,0,74,22,3,5,2,2,20,0,19,2356
80,69,0,117,46,7,3,9,7,37,2,29,4710
81,69,0,170,52,4,10,6,5,46,0,38,6112
82,69,0,115,42,2,2,11,2,31,0,36,4806
83,69,0,76,25,2,3,0,3,25,0,25,2646
84,69,0,34,13,3,1,8,1,5,0,11,1314
85,69,1,2,0.6,0,0,0,0.1,0.6,0,0.6,88.2
126,69,1,2,0.7,0.1,0,0.1,0.1,0.6,0,0.6,77.5
0,70,0,99,49,25,4,35,5,14,10,21,3313
1,70,1,4,1.5,0.5,0.1,1.2,0,0.3,0.1,0.4,132.2
17,70,0,460.5,181,54,24,147,27,34,48,85,13244
18,70,0,198.5,94,41,7,78,15,16,8,56,6893
19,70,0,425,193,67,12,193,29,0,23,116,13725
20,70,0,458,200,79,23,200,31,0,30,50,11863
21,70,0,263,129,62,6,126,6,3,14,86,8854
22,70,0,423,171,64,25,171,32,0,59,1,10656
23,70,0,992,413,158,42,391,70,22,85,0,25991
24,70,0,531.5,245,109,22,227,22,18,41,162,15930
25,70,0,359,173,75,9,127,22,46,30,116,12863
26,70,0,367,164,63,16,123,16,41,20,62,11851
27,70,0,71.5,26,10,4,6,1,20,2,21,2375
28,70,0,196.5,94,35,6,71,4,23,4,75,7488
29,70,0,546,226,83,27,200,31,26,39,57,15089
30,70,0,298,146,62,9,119,15,27,12,122,11401
31,70,0,189.5,61,11,11,55,14,6,14,4,5365
33,70,1,4,1.6,0.6,0.3,0.6,0.2,1,0.4,0.8,151.7
34,70,1,20,7.8,2.8,1.4,3.1,1.1,4.7,1.9,3.9,758.6
36,70,1,13,4.1,0.6,0.9,1,0.5,3.1,0.2,3,400.2
37,70,1,2,0.6,0.1,0.1,0.1,0.1,0.5,0,0.5,61.6
38,70,1,11,3.5,0.5,0.7,0.9,0.4,2.6,0.2,2.5,338.7
39,70,0,378,161,68,16,161,25,0,79,0,8108
40,70,1,5,1.6,0.2,0.3,0.4,0.2,1.2,0.1,1.2,153.9
44,70,1,23.5,7.5,0.7,1.4,4.8,2,2.7,2,0,763.6
62,70,1,1,0.4,0.1,0,0.1,0,0.3,0,0.3,41.2
69,70,0,50,16,1,4,0,2,16,3,15,1895
70,70,0,128.5,49,6,2,0,2,49,1,47,5120
71,70,0,167,55,9,7,0,2,55,1,53,5631
72,70,0,200,69,6,6,0,7,69,2,39,6472
73,70,0,112.5,44,9,5,7,5,37,1,37,4491
74,70,0,142,61,20,6,32,3,29,1,42,5154
75,70,0,129,54,11,3,15,4,39,3,43,5306
76,70,0,149,62,14,4,27,7,35,4,41,5688
77,70,0,126,44,9,7,7,3,37,4,37,4917
78,70,0,58,21,2,1,2,2,19,0,13,2498
80,70,0,96,34,2,3,0,1,34,0,33,4460
81,70,0,65,26,7,2,7,3,19,1,19,3026
82,70,0,42,13,0,2,0,1,13,2,12,1453
83,70,1,18,6,0.4,0.4,1.1,0.8,4.9,0.4,4.9,604.9
0,71,0,160,60,22,12,27,5,33,4,40,5837
1,71,1,9,3.5,1.2,0.2,2.8,0,0.7,0.2,0.9,297.5
7,71,1,5,3,2.2,0.1,2.8,0.1,0.2,1,0.4,127.8
17,71,0,465,221,109,16,208,23,13,51,68,12550
18,71,0,482,250,136,14,236,24,14,42,63,14310
19,71,0,466.5,235,114,16,235,25,0,26,156,16636
20,71,0,308.5,135,51,11,133,11,2,14,96,9942
21,71,0,975.5,463,202,31,457,52,6,57,104,29575
22,71,0,417.5,150,47,27,149,25,1,32,30,10070
23,71,0,560.5,272,130,24,272,36,0,94,43,15396
24,71,0,972.5,438,189,48,435,48,3,93,250,33215
25,71,0,294.5,162,78,5,133,9,29,23,98,11188
26,71,0,487.5,264,128,7,252,21,12,21,178,17895
27,71,0,250.5,143,74,4,125,20,18,17,91,9065
28,71,0,111.5,45,13,3,14,1,31,3,30,4344
29,71,0,297,125,50,15,87,9,38,19,81,9016
30,71,0,124,54,17,0,18,5,36,2,33,4469
31,71,0,185.5,76,23,7,39,5,37,8,55,6558
32,71,1,5,1.9,0.7,0.3,0.7,0.3,1.2,0.5,1,189.7
34,71,0,50,16,3,4,1,3,15,3,10,1499
35,71,0,45.5,20,9,3,19,3,1,6,4,823
37,71,1,6,1.9,0.3,0.4,0.5,0.2,1.4,0.1,1.4,184.7
38,71,0,1924.5,784,337,110,783,108,1,344,3,41297
39,71,0,535,219,89,31,189,26,30,85,28,13290
40,71,1,67,21.3,3.2,4.5,5.2,2.6,16.1,1.3,15.5,2062.8
41,71,0,580,301,130,6,301,27,0,13,226,23042
42,71,0,153,42,6,13,42,4,0,4,0,3753
43,71,0,356,158,52,6,158,32,0,6,44,10358
44,71,0,62.5,29,9,1,29,8,0,4,1,1630
61,71,1,7,2.9,0.8,0.1,0.7,0.1,2.2,0,2.1,288.1
70,71,0,63,21,2,4,5,4,16,1,13,2117
71,71,0,123.5,46,7,4,2,10,44,5,22,4510
72,71,0,181,96,43,3,87,5,9,6,54,7332
73,71,0,313,176,92,3,163,34,13,16,50,11285
74,71,0,228,110,47,1,95,15,15,5,41,7773
75,71,0,146,62,22,6,52,7,10,5,19,4696
76,71,1,15,7.1,1.5,0,0,0.6,7.1,0,6.8,804.1
77,71,0,64,26,9,2,1,2,25,3,21,3107
78,71,0,99,41,8,1,2,5,39,1,38,4245
79,71,0,104,36,1,2,0,3,36,2,33,3705
80,71,0,75,25,3,4,0,1,25,1,23,3704
81,71,0,81,35,10,3,15,6,20,1,19,3225
82,71,0,28,16,8,0,12,4,4,0,3,1121
83,71,0,140,63,24,3,51,12,12,3,29,4567
84,71,1,15,5,0.3,0.3,0.9,0.6,4.1,0.3,4.1,504.1
0,72,0,148.5,75,39,6,54,6,21,8,52,6476
1,72,0,116.5,62,29,2,54,7,8,10,40,4346
2,72,0,213.5,88,32,8,88,12,0,32,10,5507
6,72,1,54,32.2,23.4,1.6,30.6,1.6,1.6,10.5,4,1380.6
7,72,1,5,3,2.2,0.1,2.8,0.1,0.2,1,0.4,127.8
12,72,1,4,1.8,0.5,0.1,1.8,0.1,0,0.1,1,138
17,72,0,1168,433,120,63,425,55,8,72,239,36196
18,72,0,376.5,164,78,23,150,25,14,51,20,11480
19,72,0,562,285,140,14,265,51,20,46,106,18185
20,72,0,34.5,13,6,2,9,2,4,4,5,1075
21,72,1,64,26.3,10.5,1.8,25.4,4.4,0.9,9.6,2.6,1795.5
22,72,0,1437.5,695,328,60,695,121,0,276,0,36608
23,72,0,1379,668,350,64,668,111,0,238,1,34494
24,72,1,9,3.7,1.5,0.2,3.6,0.6,0.1,1.4,0.4,252.5
25,72,0,262,140,73,8,134,17,6,16,71,9320
26,72,0,356.5,197,101,9,190,18,7,18,84,12907
27,72,0,484.5,265,137,9,235,24,30,32,140,17247
28,72,0,135,69,31,4,46,6,23,11,53,4787
29,72,0,684,254,87,45,242,33,12,99,17,16539
30,72,0,135.5,56,23,7,30,3,26,6,25,4482
31,72,0,228.5,118,48,3,115,5,3,5,90,8402
35,72,0,138,45,8,11,39,6,6,11,32,3185
36,72,0,596,209,69,41,209,33,0,87,3,13017
37,72,0,266.5,93,22,13,77,9,16,16,16,7852
38,72,0,97,45,18,1,10,2,35,4,31,4041
39,72,0,151.5,55,13,6,2,4,53,4,49,5088
40,72,0,137,46,8,6,7,4,39,3,33,4792
41,72,0,539.5,242,91,16,233,24,9,41,115,16426
42,72,0,609.5,291,121,17,291,25,0,25,87,16846
43,72,0,67,37,18,0,37,3,0,3,7,2198
63,72,0,55,15,2,5,0,2,15,2,5,1471
65,72,1,4,1.6,0.5,0.1,0.4,0.1,1.2,0,1.2,164.6
68,72,1,31,10.9,0.5,1.6,0,1.6,10.9,0,9.8,1148.6
69,72,0,52,21,7,1,0,1,21,0,20,2451
70,72,0,112,43,6,1,2,5,41,1,40,5246
71,72,0,72,25,3,3,12,2,13,2,17,2551
72,72,0,119,94,78,0,89,5,5,8,4,3892
73,72,0,256.5,120,32,2,92,20,28,4,50,9297
74,72,0,149,51,7,8,5,5,46,2,41,5401
75,72,0,251,93,18,8,25,10,68,3,73,8237
76,72,0,183.5,61,9,4,6,7,55,1,51,6184
77,72,0,61,28,9,0,2,1,26,2,24,3446
78,72,0,150,53,7,4,10,6,43,1,41,5624
79,72,0,124.5,44,4,5,0,5,44,1,43,4638
80,72,0,130,47,8,6,17,10,30,3,30,4829
81,72,0,141.5,53,12,6,21,6,32,1,41,5346
82,72,0,80,35,8,2,9,3,26,1,31,3596
83,72,0,104.5,46,19,5,30,4,16,2,18,3521
84,72,1,15,5,0.3,0.3,0.9,0.6,4.1,0.3,4.1,504.1
0,73,0,58,25,9,2,22,9,3,4,6,2019
1,73,0,169.5,83,36,4,80,11,3,4,58,6336
2,73,0,271,152,92,8,152,11,0,39,34,7953
6,73,1,3,1.8,1.3,0.1,1.7,0.1,0.1,0.6,0.2,76.7
10,73,0,55,37,29,1,37,1,0,5,0,1735
13,73,1,4,1.8,0.5,0.1,1.8,0.1,0,0.1,1,138
15,73,0,1519,547,175,102,547,97,0,177,1,38821
16,73,0,386.5,196,92,9,195,21,1,33,26,10841
17,73,0,287.5,152,83,10,128,13,24,18,66,10325
18,73,0,656.5,305,118,16,295,36,10,24,214,23003
19,73,0,410.5,210,106,10,204,24,6,26,85,12006
20,73,0,128.5,71,37,4,71,2,0,7,55,5455
21,73,0,1540.5,620,226,84,620,125,0,221,1,37894
22,73,0,267.5,97,29,17,97,23,0,28,0,5948
23,73,0,377,195,98,9,195,23,0,71,17,10269
25,73,0,1835.5,601,149,137,601,97,0,239,0,49824
26,73,0,294.5,149,70,8,149,12,0,14,84,9689
27,73,0,444,258,137,2,246,23,12,25,143,16966
28,73,0,1009,391,143,65,387,58,4,164,5,25022
29,73,0,397,145,50,24,145,16,0,67,0,9103
30,73,0,83.5,30,9,6,8,4,22,3,22,2909
31,73,1,2,0.8,0.3,0.1,0.3,0.1,0.5,0.2,0.4,75.9
32,73,0,476,223,106,19,223,23,0,23,131,17719
33,73,0,30,14,7,1,7,0,7,2,8,993
34,73,0,203.5,99,41,5,82,10,17,6,66,7303
35,73,1,25,9.7,3.5,1.7,3.8,1.4,5.9,2.4,4.9,948.3
36,73,0,324,141,55,16,128,8,13,77,11,8062
37,73,0,195.5,74,20,7,22,4,52,12,50,6641
38,73,0,122,46,8,5,14,5,32,0,42,5258
39,73,0,354.5,168,63,12,142,23,26,9,103,13102
40,73,0,550.5,243,95,19,229,24,14,22,110,20257
41,73,0,591.5,340,216,14,328,18,12,114,80,15534
42,73,0,180,122,86,1,115,5,7,42,30,5886
45,73,1,11,3.5,0.3,0.6,2.2,1,1.3,1,0,357.4
60,73,1,5,1.8,0.4,0.2,0.2,0.3,1.6,0.4,0.9,146.7
61,73,1,2,0.8,0.2,0,0.2,0,0.6,0,0.6,82.3
62,73,0,61.5,21,2,1,0,0,21,0,21,2310
63,73,1,37,15.2,4.4,0.7,3.6,0.7,11.6,0,10.9,1522.8
64,73,0,59,24,5,2,0,1,24,0,22,3089
65,73,0,101,45,10,1,5,1,40,2,39,4401
66,73,0,32.5,12,2,1,3,0,9,0,9,1186
67,73,0,132,45,7,6,0,19,45,4,12,3572
68,73,0,97,38,12,4,0,0,38,4,35,4271
69,73,0,90,32,5,5,4,4,28,1,27,3698
70,73,0,75.5,24,4,6,3,0,21,1,19,2714
71,73,1,42.5,16.3,2.6,0.9,0,0,16.3,0,15.5,1725.8
72,73,0,167,77,25,3,43,8,34,6,43,6829
73,73,0,70,28,6,1,9,3,19,1,12,2578
74,73,0,66,26,1,0,0,2,26,0,26,2989
75,73,0,96,34,7,3,7,3,27,0,25,3393
76,73,0,50,17,0,0,0,1,17,0,17,2556
77,73,0,70.5,28,5,0,3,3,25,3,19,3022
78,73,0,112.5,51,16,3,20,5,31,5,30,5070
79,73,0,80,31,4,2,0,1,31,0,26,3315
80,73,0,173,81,33,7,57,9,24,7,43,5954
81,73,0,65,25,6,1,6,1,19,3,23,2898
82,73,0,59.5,24,7,2,2,0,22,0,23,2569
0,74,0,743.5,397,204,12,393,36,4,50,251,27051
1,74,0,166.5,77,26,5,64,6,13,6,61,7271
4,74,1,26,10,3.3,0.7,8,0,2,0.7,2.7,859.3
7,74,0,375.5,157,61,20,157,30,0,31,28,10868
8,74,0,320.5,187,110,7,187,10,0,27,27,10372
9,74,0,522.5,205,75,38,205,39,0,79,6,12512
10,74,0,646.5,271,99,32,271,60,0,106,0,16380
11,74,1,240.5,105.7,31.4,3.8,105.7,8.6,0,4.8,61,8296.1
12,74,1,4,1.8,0.5,0.1,1.8,0.1,0,0.1,1,138
15,74,0,306.5,120,32,10,120,9,0,9,101,10874
16,74,0,756,288,81,41,286,27,2,49,165,26107
17,74,0,738.5,394,204,19,382,45,12,79,138,22037
18,74,0,318.5,159,66,8,142,21,17,16,41,10298
19,74,0,266,130,57,5,128,15,2,18,51,8046
20,74,0,1057,422,152,55,415,73,7,98,166,31247
21,74,0,318.5,173,95,8,173,29,0,45,15,9503
22,74,0,101,38,8,3,23,5,15,2,12,3192
23,74,0,191,96,43,5,51,7,45,15,63,7381
24,74,0,506,237,112,18,235,16,2,29,98,17388
25,74,0,524,263,120,12,259,23,4,29,136,18613
26,74,0,312.5,161,82,8,140,18,21,32,46,10286
27,74,0,193,125,82,0,105,8,20,32,47,6299
28,74,0,250,109,37,11,102,13,7,18,51,7127
29,74,0,637.5,242,77,43,242,27,0,41,76,15929
30,74,0,176.5,85,50,11,66,5,19,23,21,4721
31,74,0,402,173,66,12,166,20,7,25,130,11867
32,74,1,6,2.3,0.8,0.4,0.9,0.3,1.4,0.6,1.2,227.6
33,74,1,10,3.9,1.4,0.7,1.5,0.6,2.4,1,1.9,379.3
34,74,0,246.5,103,32,6,85,15,18,19,29,9421
35,74,0,166,85,42,5,85,13,0,28,0,4287
36,74,0,349.5,142,42,16,89,16,53,10,88,10413
37,74,0,198,93,40,5,53,5,40,3,65,7952
38,74,0,212,95,34,8,90,7,5,11,36,7905
39,74,0,531,296,150,10,275,25,21,25,103,19046
40,74,0,355.5,178,73,5,158,31,20,12,113,13088
41,74,0,342,143,50,10,118,21,25,11,113,10861
42,74,0,368,183,75,6,178,21,5,10,111,14439
57,74,1,23,8.3,2,1,1,1.5,7.3,2,3.9,674.8
59,74,1,19,6.9,1.6,0.8,0.8,1.2,6.1,1.6,3.2,557.5
60,74,0,124,42,3,2,0,5,42,1,41,4175
61,74,0,227,87,18,9,56,25,31,7,25,6877
62,74,0,70,21,0,4,0,2,21,2,16,2363
63,74,0,89,28,5,5,0,4,28,0,27,3257
64,74,0,85.5,29,4,4,0,2,29,2,28,3484
65,74,0,109,45,9,2,4,5,41,1,37,4504
66,74,0,92,37,6,2,10,5,27,1,26,3580
67,74,0,33,12,4,1,0,1,12,2,10,1328
68,74,1,29,10.2,0.5,1.4,0,1.4,10.2,0,9.2,1074.4
72,74,1,1,0.4,0.1,0,0,0,0.4,0,0.4,40.6
73,74,1,2,0.8,0.1,0,0,0,0.8,0,0.7,81.2
74,74,1,4,1.5,0.2,0.1,0,0,1.5,0,1.5,162.4
77,74,0,62.5,21,0,1,0,3,21,0,16,2542
78,74,0,126.5,56,13,1,27,7,29,3,25,4577
79,74,1,33.5,15.9,3.5,0,0,1.4,15.9,0,15.2,1795.9
80,74,0,179.5,81,23,1,61,14,20,8,30,5812
81,74,0,111,50,16,2,19,4,31,1,42,4842
82,74,0,46,16,3,1,0,1,16,0,15,2204
0,75,0,501.5,220,86,21,220,45,0,91,2,12751
1,75,0,518.5,266,118,7,264,22,2,26,148,17192
6,75,1,1,0.7,0.5,0,0.7,0,0,0.1,0.2,32.1
7,75,0,815.5,450,244,15,450,30,0,62,162,26706
8,75,0,216.5,109,55,11,109,15,0,27,37,5692
9,75,0,748,394,184,8,394,40,0,58,152,25311
10,75,0,751.5,326,119,30,326,55,0,68,52,23172
11,75,0,281.5,149,65,3,149,8,0,28,70,8432
15,75,0,553,174,42,40,174,42,0,57,0,13871
16,75,0,620.5,302,136,18,300,33,2,40,135,20047
17,75,0,607,249,83,24,236,35,13,46,106,17172
18,75,0,122,58,22,2,37,7,21,6,39,4543
19,75,0,477,263,138,10,246,20,17,31,91,16071
20,75,0,365.5,147,49,19,144,26,3,38,39,11276
21,75,0,1182.5,672,399,33,672,94,0,197,0,33431
22,75,0,682,358,187,18,328,48,30,93,31,19345
23,75,0,77,32,8,4,5,2,27,0,27,3787
24,75,0,667.5,333,144,12,320,35,13,37,168,23249
25,75,0,915.5,375,124,38,375,44,0,42,100,25529
26,75,0,31,21,14,0,19,0,2,7,2,998
27,75,0,436,198,84,17,172,26,26,52,65,14547
28,75,0,754,365,165,19,354,40,11,66,114,24603
29,75,0,589.5,289,131,21,280,37,9,64,90,17206
30,75,0,25,11,2,1,2,0,9,0,9,1003
31,75,0,130,51,14,7,9,3,42,4,44,5529
32,75,0,493,231,101,16,204,33,27,22,157,17355
33,75,0,164,57,11,7,4,2,53,1,55,6198
34,75,0,107.5,43,12,5,2,3,41,2,35,4208
35,75,1,11,4.9,2.8,0.7,3.8,0.4,1.1,0.8,1.1,414.5
36,75,0,299.5,134,63,14,115,19,19,48,18,7726
37,75,0,422.5,215,102,14,192,17,23,34,76,14837
38,75,0,217,107,49,4,94,6,13,5,48,8136
39,75,0,84,36,10,3,13,4,23,1,22,3564
40,75,0,117,42,8,6,13,4,29,3,29,4467
41,75,0,342,171,78,7,162,26,9,8,125,11965
42,75,0,459,194,57,14,186,30,8,21,135,14708
43,75,0,73.5,36,16,1,28,4,8,2,26,2672
44,75,1,72,20.8,0,3.5,3.5,1.7,17.3,0,16.5,1983
58,75,0,52,16,2,4,0,1,16,1,16,1778
59,75,0,142,52,4,1,0,4,52,1,51,5872
60,75,0,225.5,83,12,7,34,11,49,4,64,7342
61,75,0,303,129,42,12,90,15,39,8,56,9988
62,75,0,170.5,106,62,1,91,16,15,13,44,5858
63,75,0,184.5,96,36,1,70,11,26,0,59,7191
64,75,0,50,22,6,2,2,1,20,0,21,2821
65,75,0,122,42,3,3,2,3,40,0,40,4751
66,75,0,97,35,6,4,0,1,35,0,33,3981
67,75,0,45,22,10,2,9,1,13,2,17,1838
74,75,1,2,0.7,0.1,0,0.1,0,0.6,0,0.7,73.7
76,75,1,1,0.3,0,0,0,0,0.3,0,0.3,49.9
77,75,1,31,10.5,1.6,0.3,0.3,0.6,10.2,0.9,9,1547.2
78,75,0,197,65,8,9,21,6,44,4,24,6287
79,75,0,111.5,36,3,6,0,0,36,0,35,4551
80,75,0,243.5,96,27,7,64,10,32,4,56,8373
81,75,0,139.5,51,10,5,14,3,37,6,35,5051
82,75,0,88,30,2,2,0,2,30,1,29,3795
103,75,1,10,3.8,0.7,0.4,0.4,0.5,3.4,0.2,3.1,398.7
114,75,1,7,2.6,0.6,0.1,0.1,0.1,2.5,0.1,2.5,266.9
0,76,0,190,102,53,3,95,5,7,7,74,9072
1,76,1,8.5,3.7,1.1,0.2,3.2,0.6,0.5,0.5,1.6,364.3
6,76,0,604,217,59,35,217,38,0,45,27,16492
7,76,0,651.5,275,96,25,275,51,0,51,68,18122
8,76,0,268,153,88,3,153,7,0,34,18,7093
9,76,0,316.5,131,50,9,130,11,1,10,79,10148
10,76,0,801.5,414,212,20,400,45,14,76,75,24711
11,76,0,751,351,152,20,339,31,12,57,121,22617
12,76,0,110,68,43,2,68,1,0,11,25,3757
16,76,0,199,86,36,10,67,12,19,12,50,5913
17,76,0,621.5,298,137,23,296,25,2,30,77,18917
18,76,0,837,398,182,29,382,34,16,57,142,26238
19,76,0,245,111,50,10,90,12,21,21,52,7957
20,76,1,1,0.5,0.2,0,0.4,0,0.1,0,0.1,34.1
21,76,0,560.5,262,117,16,259,41,3,62,46,15369
22,76,0,452.5,234,111,9,199,17,35,33,114,16527
23,76,0,135,99,80,0,88,2,11,11,14,4077
24,76,0,441.5,225,103,11,225,21,0,38,36,13382
25,76,0,375.5,191,94,9,191,17,0,34,54,11319
26,76,0,298,145,63,6,132,16,13,24,48,8216
27,76,0,623.5,300,157,25,275,48,25,83,29,18410
28,76,0,136.5,72,39,7,47,3,25,11,38,4905
29,76,0,174,78,33,5,74,6,4,6,30,5432
30,76,0,67,49,37,1,49,0,0,7,8,2256
31,76,0,59,29,12,2,17,1,12,1,14,2789
32,76,0,147,53,11,6,11,4,42,2,36,6827
33,76,0,112,42,11,6,8,3,34,4,32,5061
34,76,0,343,136,39,13,94,25,42,21,57,12150
36,76,1,7,4.4,2.9,0.4,0.7,0.4,3.7,0.4,3.3,376.2
37,76,0,357.5,176,77,11,131,13,45,10,130,13972
38,76,0,258,103,30,8,56,6,47,8,79,8637
39,76,0,239,103,31,8,49,8,54,8,77,8971
40,76,0,145.5,53,14,8,12,5,41,2,40,5591
41,76,0,240,121,51,2,101,6,20,3,84,10832
42,76,0,619.5,280,102,14,280,24,0,9,183,20705
43,76,1,11,3.2,0,0.5,0.5,0.3,2.7,0,2.5,303
44,76,0,342.5,126,40,18,96,16,30,21,42,9456
57,76,1,21,7.4,0,1.2,2.3,1.2,5.1,0,7,935.7
58,76,0,62,21,4,4,0,1,21,2,20,2381
59,76,0,135,51,12,6,9,5,42,1,44,5518
60,76,0,115.5,50,15,2,10,8,40,3,39,4405
61,76,0,124,57,21,1,35,6,22,2,32,4892
62,76,0,201,105,51,3,91,16,14,12,39,7961
63,76,1,38,15.5,5.2,2.6,5.2,0.9,10.3,0.9,10.4,1439.7
64,76,1,6,2.5,0.8,0.4,0.8,0.1,1.7,0.1,1.6,227.3
65,76,0,71,24,3,2,0,1,24,0,24,2829
66,76,0,84,34,7,3,7,2,27,0,30,3631
67,76,1,19,6.5,0.9,0.5,0.5,0.5,6,0,6.5,700.2
77,76,0,56,16,0,1,0,0,16,0,16,2331
78,76,0,90.5,29,3,4,3,0,26,1,23,3715
79,76,0,72,35,13,0,9,2,26,1,24,3568
80,76,0,85.5,33,9,1,12,3,21,0,24,3968
81,76,0,107.5,47,14,2,21,8,26,4,28,4256
82,76,0,96,34,6,5,1,2,33,3,26,3799
83,76,0,40,16,3,2,7,2,9,1,12,1756
84,76,1,6,1.7,0.1,0.4,0.2,0.1,1.5,0.1,1.4,217.5
103,76,1,17,6.5,1.1,0.7,0.7,0.9,5.8,0.3,5.3,677.8
104,76,1,11,4.2,0.7,0.5,0.5,0.6,3.7,0.2,3.4,438.6
114,76,1,17,6.3,1.5,0.3,0.3,0.3,6,0.3,6,648.1
115,76,0,46,17,5,2,0,0,17,0,16,1664
119,76,1,3,1.4,0.4,0,0.1,0.3,1.3,0.1,1.1,150.9
120,76,1,14,6.7,2,0,0.7,1.3,6,0.3,5.3,704
0,77,0,326.5,122,34,18,117,21,5,33,32,8766
1,77,1,4,1.7,0.5,0.1,1.5,0.3,0.2,0.2,0.7,171.4
5,77,0,494,186,55,23,186,29,0,28,30,14375
6,77,0,1110.5,414,131,67,413,78,1,98,45,31938
7,77,0,1446.5,695,278,27,692,70,3,57,307,47244
8,77,0,255,142,79,4,139,11,3,18,44,8594
9,77,0,330.5,164,69,4,163,8,1,18,54,10422
10,77,0,367.5,244,157,3,238,13,6,41,87,13726
11,77,0,744,378,181,17,373,41,5,76,94,23052
12,77,0,356,191,100,9,191,20,0,30,41,10079
16,77,0,1112,516,231,40,502,65,14,126,204,33754
17,77,0,413,253,169,9,238,18,15,51,80,13139
18,77,0,233,128,68,5,122,12,6,12,60,7978
19,77,0,68.5,41,27,2,27,2,14,10,18,2420
20,77,1,44,20.6,8.4,0.9,15.9,0.9,4.7,1.9,2.8,1502.6
21,77,0,411.5,227,113,5,226,18,1,38,89,14274
22,77,0,618.5,303,138,20,281,34,22,53,107,18652
23,77,0,497,253,126,14,247,31,6,58,87,14848
24,77,0,562.5,278,123,18,278,39,0,55,43,16036
25,77,0,989.5,522,290,30,513,60,9,135,56,29067
26,77,0,109.5,61,34,4,46,5,15,13,22,3217
27,77,0,132.5,70,42,5,51,6,19,15,32,4100
28,77,0,653.5,319,166,27,289,42,30,103,36,17306
29,77,0,412,155,54,25,131,29,24,38,41,11259
30,77,0,632,354,193,8,354,63,0,98,2,19661
32,77,0,347.5,211,132,6,188,10,23,29,82,13548
33,77,0,95,43,18,5,15,4,28,3,33,4227
34,77,0,131,92,64,2,87,4,5,17,27,4001
37,77,0,81,29,7,5,0,2,29,3,23,3050
38,77,0,224.5,99,32,7,48,8,51,8,79,8944
39,77,0,186.5,84,29,7,42,9,42,3,75,7269
40,77,0,411.5,183,60,10,163,34,20,12,143,15498
41,77,0,489,265,121,4,237,19,28,12,161,20555
42,77,0,119.5,52,14,0,47,5,5,0,38,3962
43,77,0,547,207,75,35,188,35,19,43,19,16013
44,77,0,162.5,60,17,8,9,3,51,7,48,5104
45,77,0,142,52,14,6,11,0,41,3,30,4592
46,77,0,34,19,10,1,4,3,15,3,11,1610
47,77,0,74,28,7,5,4,3,24,2,19,2531
48,77,0,41,18,7,0,6,0,12,0,14,1696
54,77,1,5,1.7,0.1,0.3,0.3,0.4,1.4,0.2,1.2,174.2
55,77,1,3,1,0.1,0.2,0.2,0.2,0.8,0.1,0.7,104.5
57,77,1,15,5.3,0,0.8,1.7,0.8,3.6,0,5,668.3
58,77,0,65,23,4,3,0,1,23,0,23,2931
59,77,0,76,33,5,0,0,3,33,0,32,3831
60,77,0,110,39,9,6,0,3,39,0,32,4393
61,77,0,52,20,6,2,0,1,20,1,20,2437
62,77,0,207.5,112,56,5,105,16,7,11,33,7278
63,77,0,90.5,49,23,1,23,3,26,4,32,4533
64,77,0,137,50,10,7,0,2,50,0,44,5161
65,77,0,442.5,143,29,30,109,30,34,42,28,12001
66,77,0,225.5,95,31,12,89,21,6,14,6,7134
77,77,1,31,10.5,1.6,0.3,0.3,0.6,10.2,0.9,9,1547.2
78,77,0,38,15,3,0,6,1,9,1,13,1471
79,77,1,20,6.8,1,0.2,0.2,0.4,6.6,0.6,5.8,998.2
80,77,0,63.5,19,2,4,0,2,19,0,17,2678
81,77,0,73.5,24,3,4,0,1,24,1,11,2361
82,77,1,23,6.6,0.5,1.7,0.8,0.5,5.8,0.3,5.4,833.9
84,77,1,6,1.7,0.1,0.4,0.2,0.1,1.5,0.1,1.4,217.5
102,77,1,7,2.7,0.5,0.3,0.3,0.4,2.4,0.1,2.2,279.1
103,77,1,8,3,0.5,0.3,0.3,0.4,2.7,0.1,2.5,319
119,77,0,47,15,0,1,0,0,15,2,13,1613
120,77,0,43,15,0,1,0,2,15,0,15,1675
0,78,1,42,12.9,1.3,2.6,1.9,1.9,11,2.6,10.3,1928.1
1,78,1,38,16.3,5,0.7,14.2,2.8,2.1,2.1,7.1,1628.7
5,78,0,110,58,26,2,58,5,0,4,11,3457
6,78,0,667.5,292,90,11,292,22,0,11,173,24036
7,78,0,605,334,168,5,334,38,0,39,174,22950
8,78,0,996,523,247,15,523,58,0,82,129,30232
9,78,0,1406,633,260,47,633,69,0,102,115,38248
10,78,0,126,81,51,2,81,3,0,21,16,4386
11,78,0,1464.5,673,247,20,673,68,0,55,236,44278
12,78,1,99.5,56.5,28.7,0.9,54.6,2.8,1.9,9.3,13.9,3520.9
15,78,0,128.5,63,23,1,63,19,0,16,0,3834
16,78,0,474,253,128,15,228,15,25,58,85,16188
17,78,0,412.5,174,74,21,154,25,20,43,37,11216
19,78,0,262.5,132,66,8,131,21,1,45,1,6178
20,78,0,341,175,94,15,175,27,0,62,14,8670
21,78,0,1591,722,329,77,719,106,3,218,70,41322
22,78,0,671,347,176,19,347,42,0,90,91,21688
23,78,0,964.5,479,224,30,479,42,0,57,180,30256
24,78,0,85,57,36,0,57,2,0,4,21,3323
25,78,0,894.5,474,210,12,474,49,0,39,261,31966
26,78,0,366.5,197,101,5,161,12,36,36,105,12959
27,78,0,770,411,211,16,368,28,43,40,158,25917
28,78,0,458.5,217,103,23,201,41,16,48,47,13864
29,78,0,593,286,138,30,273,35,13,80,49,17643
30,78,0,89.5,72,62,0,69,3,3,24,2,1848
31,78,1,5.5,2.5,1.4,0.4,1.9,0.2,0.6,0.4,0.6,207.2
32,78,1,5,2.2,1.3,0.3,1.7,0.2,0.5,0.4,0.5,188.4
37,78,1,7,4.4,2.9,0.4,0.7,0.4,3.7,0.4,3.3,376.2
38,78,0,81,29,8,4,7,2,22,1,25,3274
39,78,0,194,70,16,8,30,3,40,8,55,7585
40,78,0,223.5,95,27,8,49,7,46,3,85,9356
41,78,0,162,71,22,3,44,0,27,3,57,6172
42,78,0,277.5,128,50,7,116,23,12,19,86,8098
43,78,0,463,182,65,27,167,23,15,25,128,12731
44,78,0,242,97,33,12,73,8,24,7,83,7115
45,78,0,269,99,29,18,57,11,42,21,29,7494
46,78,1,41,20.1,8.4,1.7,10,0.8,10.1,5.9,13.4,1721.2
47,78,0,156,59,15,4,26,2,33,3,37,5681
48,78,0,100.5,35,5,5,3,3,32,2,30,3579
54,78,0,79.5,33,11,4,6,2,27,4,24,3187
55,78,0,47,19,3,1,1,2,18,1,14,1618
56,78,1,2,0.7,0,0.1,0.2,0.1,0.5,0,0.7,89.1
57,78,0,417.5,158,24,11,0,12,158,3,147,20362
58,78,0,90,35,8,1,0,1,35,0,30,4012
59,78,0,155.5,68,16,1,34,6,34,1,54,7353
60,78,0,118,35,2,6,3,1,32,0,33,4397
61,78,0,217,83,18,5,0,5,83,3,80,8755
62,78,0,111,64,37,2,46,2,18,3,14,4855
63,78,0,53.5,28,8,1,17,4,11,1,12,2271
64,78,0,92,45,15,1,30,7,15,1,26,3602
65,78,0,201.5,73,20,12,66,23,7,26,7,5585
66,78,0,122,42,6,3,0,2,42,0,37,4152
67,78,0,92.5,33,2,1,0,5,33,0,31,3143
80,78,1,8,2.7,0.4,0.1,0.1,0.2,2.6,0.2,2.3,399.3
81,78,1,28,8,0.6,2.1,1,0.6,7,0.4,6.6,1015.2
82,78,1,41,11.8,0.9,3,1.5,0.9,10.3,0.6,9.6,1486.6
84,78,1,1,0.3,0,0.1,0,0,0.3,0,0.2,36.3
100,78,1,8,2.9,0.5,0,0,0,2.9,0,2.7,293.8
101,78,1,19,7.2,1.3,0.8,0.8,1,6.4,0.3,5.9,757.6
102,78,0,80.5,30,8,5,8,3,22,3,18,2787
103,78,1,16.5,6.3,1.1,0.7,0.7,0.8,5.6,0.3,5.2,657.9
104,78,1,6,2.3,0.4,0.3,0.3,0.3,2,0.1,1.9,239.2
115,78,1,14,5.2,1.2,0.2,0.3,0.2,4.9,0.2,4.9,533.7
116,78,0,51,19,3,3,7,2,12,3,4,1733
117,78,1,21,10,3,0,1,2,9,0.5,8,1056
118,78,0,39,14,2,2,0,3,14,0,13,1554
119,78,0,45,17,5,1,1,1,16,1,14,1676
120,78,1,4,1.9,0.6,0,0.2,0.4,1.7,0.1,1.5,201.1
121,78,1,27,9.8,0.8,0.8,2.3,0.8,7.5,0,9,1215
122,78,1,5,1.8,0.1,0.1,0.4,0.1,1.4,0,1.7,225
0,79,0,34,12,1,2,5,2,7,0,12,1801
1,79,1,3,1.3,0.4,0.1,1.1,0.2,0.2,0.2,0.6,128.6
6,79,0,1177,569,245,31,569,75,0,72,280,40330
7,79,0,738.5,340,137,21,339,49,1,55,92,21630
8,79,0,698,335,146,14,328,30,7,33,177,22886
9,79,1,29,20.6,14,0,19.7,0.9,0.9,3.7,5.6,929.9
10,79,1,1,0.7,0.5,0,0.7,0,0,0.1,0.2,32.1
11,79,0,458.5,209,86,13,209,21,0,31,60,14241
12,79,0,574,259,96,20,259,40,0,58,53,16739
13,79,1,8,4.5,2.3,0.1,4.4,0.2,0.1,0.7,1.1,283.1
16,79,0,538,268,120,11,268,31,0,66,76,15822
17,79,0,45,32,24,0,32,0,0,5,6,1448
18,79,1,2,0.9,0.4,0,0.7,0,0.2,0.1,0.1,68.3
19,79,0,331,139,60,17,139,23,0,36,11,8548
20,79,0,1261.5,568,227,44,565,78,3,133,114,36301
21,79,0,1063.5,574,285,9,560,46,14,75,194,35356
22,79,0,792,426,220,10,413,45,13,61,143,25332
23,79,0,185,99,47,1,90,10,9,7,50,5879
24,79,0,63,29,11,0,24,2,5,2,4,2234
25,79,0,679.5,353,165,7,351,28,2,43,214,23903
26,79,0,392.5,225,121,2,224,20,1,35,96,12008
27,79,0,268,149,89,9,126,10,23,22,73,9231
28,79,0,437,237,133,13,234,34,3,76,10,12440
29,79,0,123.5,76,45,1,70,5,6,15,38,4993
30,79,0,371,172,67,12,161,14,11,9,118,15701
31,79,1,53,23.6,13.5,3.4,18.2,2,5.4,4.1,5.4,1997.1
32,79,1,4,1.8,1,0.3,1.4,0.2,0.4,0.3,0.4,150.7
38,79,1,5,3.2,2.1,0.3,0.5,0.3,2.7,0.3,2.4,268.7
39,79,0,218,85,16,10,47,3,38,4,73,8316
40,79,0,356,181,78,7,157,20,24,2,140,15106
41,79,0,294,139,53,8,119,15,20,9,106,10633
42,79,0,498,236,96,17,236,22,0,15,205,20249
43,79,0,225,79,22,16,52,11,27,22,54,5716
44,79,0,135,65,32,6,54,7,11,9,38,4155
45,79,0,774,306,106,44,306,40,0,111,167,17832
46,79,0,139.5,46,9,7,11,4,35,3,35,4764
47,79,0,109.5,42,13,7,11,3,31,3,34,3604
48,79,1,8,3.9,1.6,0.3,1.9,0.2,2,1.1,2.6,335.8
53,79,1,27,9.1,0.5,1.4,1.4,1.9,7.7,1,6.2,940.5
54,79,1,5,1.7,0.1,0.3,0.3,0.4,1.4,0.2,1.2,174.2
55,79,1,16.5,5.5,0.3,0.9,0.9,1.2,4.6,0.6,3.8,574.7
56,79,1,16,5.6,0,0.9,1.8,0.9,3.8,0,5.3,712.9
57,79,0,52,15,0,2,0,1,15,0,14,2478
58,79,0,28.5,13,4,0,0,1,13,0,6,1266
59,79,0,82.5,37,8,0,0,2,37,0,35,3710
60,79,0,63,26,4,1,0,0,26,0,26,3259
61,79,0,106.5,40,10,4,10,3,30,2,34,4149
62,79,0,151,60,19,8,31,7,29,6,38,5995
63,79,0,47,19,6,2,0,2,19,1,18,2892
64,79,0,287.5,99,22,14,55,13,44,25,41,8086
65,79,0,214.5,72,7,3,24,10,48,6,39,5880
66,79,0,106.5,37,3,5,0,5,37,3,33,3821
67,79,0,139,45,4,5,0,4,45,0,42,4563
68,79,1,20,6.8,1,0.5,0.5,0.5,6.3,0,6.8,737.1
78,79,1,1,0.3,0,0,0,0,0.3,0,0.3,49.9
79,79,1,8,2.7,0.4,0.1,0.1,0.2,2.6,0.2,2.3,399.3
81,79,0,58.5,17,1,3,0,4,17,0,12,1649
82,79,1,31,8.9,0.7,2.3,1.1,0.7,7.8,0.5,7.3,1124
99,79,1,25,9.1,1.5,0,0,0,9.1,0,8.3,918.2
100,79,0,37,15,4,1,0,3,15,2,14,1719
101,79,0,68.5,26,3,1,1,2,25,1,22,2907
102,79,0,81,37,14,0,13,3,24,6,23,3579
103,79,1,24,9.1,1.6,1,1,1.2,8.1,0.4,7.5,957
113,79,1,4,1.5,0.4,0.1,0.1,0.1,1.4,0.1,1.4,152.5
114,79,1,2,0.7,0.2,0,0,0,0.7,0,0.7,76.2
115,79,1,9,3.3,0.8,0.2,0.1,0.2,3.2,0.2,3.2,343.1
116,79,0,63,28,6,1,11,6,17,3,20,2688
117,79,0,75.5,36,14,2,7,1,29,2,25,3138
118,79,0,61,28,7,1,14,6,14,3,24,2323
119,79,0,129,42,5,9,3,5,39,5,30,4156
120,79,0,83.5,33,6,3,4,6,29,2,26,2963
121,79,0,54,21,3,1,0,0,21,0,20,2209
122,79,1,4,1.4,0.1,0.1,0.3,0.1,1.1,0,1.3,180
0,80,1,31,11.1,2.4,1.6,4.8,1.2,6.3,1.2,7.9,2075.8
3,80,0,108.5,54,24,3,54,3,0,2,10,3505
6,80,0,153.5,66,23,2,66,7,0,5,38,5231
7,80,0,353.5,206,109,4,206,12,0,38,59,11457
8,80,0,46,20,5,2,20,4,0,2,4,1376
9,80,0,221,105,44,7,105,13,0,19,6,6117
10,80,0,737.5,327,115,13,327,29,0,41,167,19785
11,80,0,375,193,81,3,193,12,0,12,76,12117
12,80,0,354.5,175,67,8,175,24,0,20,26,11631
13,80,1,22,11.2,6,0.4,8,0,3.2,2,5.2,603.6
14,80,1,7,3.6,1.9,0.1,2.6,0,1,0.6,1.7,192.1
15,80,0,49,20,8,2,18,3,2,8,3,1259
16,80,0,410,247,145,6,244,20,3,54,67,13834
17,80,0,896.5,540,355,19,528,41,12,111,52,27112
18,80,0,562,287,129,8,287,21,0,43,61,17026
19,80,0,1241,577,270,46,577,56,0,115,118,34790
20,80,0,1154,559,264,34,557,49,2,111,136,33165
21,80,0,758.5,418,217,10,402,28,16,62,182,26123
22,80,0,977,483,211,22,478,53,5,35,164,32941
23,80,0,588.5,318,162,13,317,31,1,29,121,19849
24,80,0,597,284,115,12,254,21,30,17,159,22214
25,80,0,502.5,253,126,11,239,20,14,23,118,17584
26,80,0,473,264,141,5,260,27,4,38,83,16353
28,80,0,105,62,34,1,62,5,0,5,35,4259
30,80,0,180.5,104,64,5,81,12,23,19,32,7188
31,80,0,100,37,8,5,4,0,33,1,33,5897
32,80,0,148,52,8,9,16,2,36,7,47,6088
33,80,0,68,29,10,2,17,4,12,1,21,2439
36,80,0,68,36,13,0,26,6,10,4,0,4017
38,80,0,30.5,18,8,0,15,2,3,2,15,1218
39,80,0,412,183,61,11,164,26,19,17,139,12738
40,80,0,73,26,2,4,5,4,21,3,20,2940
41,80,0,92,36,6,2,4,3,32,5,32,4406
42,80,0,790.5,393,208,33,386,34,7,67,191,25866
43,80,0,295.5,108,32,14,108,14,0,28,59,6993
44,80,1,87.5,30.1,6.5,5.7,23.6,5.7,6.5,11.4,5.7,2448.4
45,80,0,240.5,87,26,19,80,16,7,32,47,5394
46,80,0,905.5,381,157,43,379,39,2,67,155,21453
47,80,0,250.5,95,34,15,69,14,26,33,26,7483
48,80,0,35.5,16,6,1,10,2,6,5,5,1040
49,80,0,30,11,4,2,3,1,8,1,9,854
53,80,0,36,12,4,2,0,1,12,0,10,1314
54,80,1,16,5.9,1.1,0.8,0,0.6,5.9,0.3,5,538.9
57,80,0,47,14,2,5,7,2,7,0,7,1720
58,80,0,261.5,99,18,12,0,7,99,3,61,10323
59,80,0,81.5,32,6,3,2,2,30,0,26,3273
60,80,0,56,25,9,1,3,1,22,2,19,2657
61,80,0,56.5,21,3,1,0,2,21,1,20,2184
62,80,0,233,108,31,3,80,11,28,1,90,11068
63,80,0,106.5,37,6,3,5,4,32,3,26,4519
64,80,0,89,35,7,0,0,4,35,1,29,4323
65,80,0,82,25,2,4,3,2,22,0,22,3220
66,80,0,73,23,2,3,0,1,23,0,23,2968
67,80,0,114,34,2,5,0,5,34,3,32,4021
68,80,1,12,3.3,0,1.2,0,1.2,3.3,0.3,3.3,421.7
82,80,1,4,1.3,0,0.2,0,0.1,1.3,0,1.2,144.5
99,80,1,21,6.8,0.5,1.3,0.5,0.5,6.3,0.3,5.3,956.9
100,80,1,10,3.3,0.2,0.6,0.3,0.2,3,0.1,2.5,455.7
101,80,0,35,12,2,2,1,1,11,0,10,1330
102,80,1,27,10.2,1.8,0.6,3.6,0,6.6,0,6,933.6
114,80,1,1,0.5,0.2,0,0.2,0.1,0.3,0,0.3,46.5
115,80,1,42.5,20.6,6.9,0.7,6.2,2.7,14.4,2.1,13.7,1978.3
116,80,0,138.5,61,21,3,36,9,25,4,38,4796
117,80,0,56.5,25,5,1,7,7,18,0,15,2512
118,80,0,47,20,7,3,2,0,18,0,19,2026
119,80,0,36,13,4,2,2,1,11,3,10,1252
120,80,0,106.5,40,10,4,5,3,35,3,31,3786
121,80,0,91.5,35,7,1,7,2,28,1,25,3666
122,80,1,2,0.7,0.1,0,0.1,0,0.6,0,0.6,88.4
127,80,1,1,0.5,0.2,0,0,0.1,0.5,0,0.4,45.1
0,81,1,13,4.7,1,0.7,2,0.5,2.7,0.5,3.3,870.5
5,81,0,287,184,119,3,184,24,0,58,2,8200
11,81,0,259,125,55,5,125,8,0,5,52,8137
12,81,0,868,487,274,21,487,45,0,75,70,25972
13,81,1,19,9.7,5.2,0.3,6.9,0,2.8,1.7,4.5,521.3
15,81,0,355.5,216,128,3,216,7,0,41,82,12260
16,81,0,947.5,523,278,17,519,36,4,111,247,32959
17,81,1,86.5,37.3,17,5.4,37.3,3.4,0,6.8,11.5,2727.3
20,81,0,970.5,465,189,22,463,32,2,21,318,34991
21,81,0,1045.5,541,251,12,536,37,5,33,317,38412
22,81,0,675.5,357,168,8,344,27,13,27,216,27713
23,81,0,659.5,339,160,10,337,24,2,31,185,25228
24,81,0,1172.5,575,262,27,563,43,12,55,230,39306
25,81,0,970.5,488,227,22,484,29,4,64,179,34134
26,81,0,283,169,95,2,165,18,4,19,59,10088
27,81,0,321,157,74,5,153,13,4,28,54,10197
30,81,0,326,171,84,6,146,18,25,16,80,11206
31,81,0,72.5,26,4,3,4,2,22,1,21,3243
32,81,0,515.5,223,98,28,199,32,24,67,32,15327
33,81,0,106.5,36,6,8,3,1,33,2,32,4954
39,81,0,56,22,8,4,2,0,20,1,20,2179
40,81,0,146,52,8,10,0,6,52,1,43,5391
41,81,0,384.5,182,80,9,171,28,11,12,124,12099
42,81,0,1106,393,115,66,391,77,2,148,5,26721
43,81,0,296,137,65,9,130,14,7,19,84,8724
44,81,0,176,58,17,13,55,1,3,18,38,4278
45,81,0,373.5,141,41,22,129,16,12,17,91,10837
46,81,0,42,21,12,1,13,3,8,7,10,1229
48,81,1,6,1.8,0.3,0.4,0.1,0.1,1.7,0.1,1.7,154.2
49,81,0,53,20,4,2,2,3,18,3,15,1894
58,81,0,23,11,4,0,2,1,9,0,10,1316
59,81,0,58,24,4,1,0,2,24,0,20,2773
60,81,0,82,32,2,0,0,0,32,0,29,3642
61,81,0,93.5,33,7,2,0,3,33,0,33,4196
62,81,0,115.5,47,12,2,11,3,36,2,37,4810
63,81,0,122,42,8,4,5,2,37,3,33,5417
64,81,0,95.5,37,9,4,2,0,35,3,32,4225
65,81,0,48,18,0,1,0,1,18,0,17,2589
66,81,0,88,28,1,3,2,3,26,0,26,3881
67,81,1,27.5,7.7,0,2.8,0,2.8,7.7,0.7,7.7,966.3
99,81,1,13,4.2,0.3,0.8,0.3,0.3,3.9,0.2,3.3,592.4
100,81,0,75,23,1,3,2,1,21,1,21,2703
101,81,0,69,21,2,3,0,0,21,1,21,2307
113,81,1,4,1.9,0.6,0.1,0.6,0.3,1.3,0.2,1.3,186.2
114,81,1,2,1,0.3,0,0.3,0.1,0.7,0.1,0.6,93.1
115,81,1,6,2.9,1,0.1,0.9,0.4,2,0.3,1.9,279.3
116,81,1,30,9.8,0.3,0.6,0,1.1,9.8,0.6,9.2,1245.2
117,81,0,51,19,3,1,3,0,16,0,13,1859
118,81,1,13.5,4.4,0.1,0.3,0,0.5,4.4,0.3,4.1,560.3
120,81,1,21,6.8,0.2,0.4,0,0.8,6.8,0.4,6.4,871.6
121,81,1,32,11.2,1.1,0.5,1.1,0,10.1,0,9.1,1413.9
122,81,1,6,2.1,0.2,0.1,0.2,0,1.9,0,1.7,265.1
0,82,1,11,3.9,0.8,0.6,1.7,0.4,2.2,0.4,2.8,736.6
1,82,1,23,8.6,2.2,1.4,6.5,0,2.1,0.7,7.9,1442.5
3,82,0,1032,435,146,37,435,54,0,57,99,32222
4,82,0,693.5,318,119,15,318,34,0,36,78,21853
5,82,0,861.5,527,330,9,527,56,0,99,100,30229
6,82,0,635.5,324,148,15,323,40,1,53,80,21414
9,82,0,361,221,133,2,221,9,0,27,85,12550
10,82,0,1116.5,575,273,18,575,51,0,84,115,33152
11,82,0,820.5,394,180,31,394,39,0,90,55,22235
12,82,1,7,3.6,1.9,0.1,2.6,0,1,0.6,1.7,192.1
14,82,0,745.5,398,216,18,394,29,4,70,122,23919
15,82,0,1276,616,259,30,615,46,1,92,134,39984
16,82,0,1673.5,817,411,57,817,83,0,126,158,48503
18,82,1,41,17.7,8,2.6,17.7,1.6,0,3.2,5.5,1292.7
19,82,0,494,208,70,21,208,52,0,53,4,13665
20,82,0,877.5,487,255,15,487,57,0,88,162,27953
21,82,0,1086,546,276,28,533,50,13,80,206,36189
22,82,0,752.5,462,260,7,458,46,4,52,170,27713
23,82,0,267,144,67,4,141,19,3,23,58,9785
24,82,0,245.5,138,75,2,134,10,4,18,65,10096
25,82,0,866.5,445,201,15,435,30,10,36,246,34255
26,82,0,146.5,82,44,2,82,8,0,15,39,5453
27,82,0,710,426,254,14,391,22,35,57,162,27015
28,82,0,363,198,113,12,169,21,29,31,42,12841
29,82,0,377.5,197,109,16,162,16,35,29,76,13335
30,82,0,319,157,66,4,126,17,31,20,81,12557
31,82,0,180,88,35,1,47,9,41,8,54,8188
32,82,0,182,84,28,9,35,6,49,8,52,8203
33,82,0,97.5,47,19,1,29,2,18,2,34,3970
34,82,0,129,87,66,2,84,1,3,9,6,4353
39,82,1,21,8.3,1.3,0.4,4.8,1.8,3.5,0.4,2.6,729.3
40,82,0,193.5,85,31,8,53,5,32,2,62,8058
41,82,0,493.5,207,71,16,199,22,8,30,104,15847
42,82,0,385.5,174,76,17,162,17,12,44,23,9750
43,82,0,1015,369,104,61,356,42,13,121,115,22957
44,82,0,128,42,13,11,42,9,0,9,2,2872
45,82,0,1170,428,140,81,427,93,1,148,2,29992
46,82,0,120.5,41,11,9,18,3,23,11,29,3320
49,82,1,4,1.2,0.2,0.3,0.1,0.1,1.1,0.1,1.1,102.8
50,82,1,3,0.9,0.1,0.2,0.1,0.1,0.8,0.1,0.8,77.1
53,82,1,20,7.4,1.4,1,0,0.8,7.4,0.4,6.2,673.6
61,82,1,20,7.9,0,0,0,0.7,7.9,0.7,7.9,798.6
62,82,0,39,13,0,2,0,0,13,0,13,1895
63,82,0,57,18,2,2,3,4,15,0,16,2480
64,82,0,37,16,4,1,0,2,16,1,14,1599
65,82,1,6,2.4,0,0,0,0.2,2.4,0.2,2.4,239.6
98,82,1,5,1.6,0.1,0.3,0.1,0.1,1.5,0.1,1.3,227.8
99,82,0,37,13,4,2,0,0,13,0,13,1760
100,82,0,34,11,1,2,0,0,11,0,10,1292
101,82,0,58.5,16,1,3,1,0,15,2,15,1927
114,82,1,2,1,0.3,0,0.3,0.1,0.7,0.1,0.6,93.1
115,82,1,2.5,1.2,0.4,0,0.4,0.2,0.8,0.1,0.8,116.4
117,82,0,28,11,2,1,4,1,7,2,7,887
118,82,0,29,14,3,0,3,1,11,0,10,1403
119,82,1,32,10.4,0.3,0.6,0,1.2,10.4,0.6,9.8,1328.2
0,83,1,21,7.5,1.6,1.1,3.2,0.8,4.3,0.8,5.4,1406.2
1,83,1,9,3.4,0.8,0.6,2.5,0,0.9,0.3,3.1,564.5
3,83,0,461,201,75,14,201,9,0,10,72,13418
4,83,0,641.5,286,125,24,286,46,0,37,96,18163
5,83,0,521.5,281,148,12,278,27,3,49,57,17333
6,83,0,1038.5,514,226,20,513,55,1,55,242,36995
7,83,0,218.5,166,137,2,166,9,0,30,33,7708
9,83,0,478.5,234,106,14,234,31,0,41,51,14816
10,83,0,44,25,14,1,25,3,0,1,9,1712
11,83,0,220,129,70,3,129,3,0,27,31,7209
12,83,0,434.5,187,71,11,187,18,0,21,93,15656
13,83,0,843.5,417,191,19,411,24,6,37,202,31360
14,83,0,1033,483,185,16,483,48,0,54,173,32943
15,83,0,857,468,246,21,467,38,1,71,183,28176
16,83,0,606,303,129,13,303,25,0,35,171,21134
18,83,0,605,255,87,24,255,41,0,19,80,18153
19,83,0,447,259,153,3,258,19,1,65,57,13102
20,83,0,659.5,407,260,9,401,28,6,122,65,19263
21,83,0,595.5,310,149,12,307,22,3,32,93,19756
22,83,0,398.5,200,86,8,200,8,0,12,110,15798
23,83,0,451,242,120,8,240,25,2,16,134,16850
24,83,0,347.5,192,92,3,188,9,4,14,107,14916
25,83,0,679.5,321,139,20,320,39,1,58,124,24439
26,83,0,71,56,46,0,56,0,0,15,11,2346
27,83,0,268,149,83,2,125,12,24,20,66,9584
28,83,0,575.5,351,215,6,339,20,12,57,123,20121
29,83,0,560.5,259,102,17,223,26,36,15,142,21120
30,83,0,277.5,126,58,14,89,6,37,9,64,10064
31,83,0,364.5,139,30,8,77,7,62,7,104,14298
32,83,0,143.5,62,19,5,30,3,32,2,44,5782
33,83,1,9,3.5,1,0.5,0.9,0.2,2.6,0.2,2.6,412.7
34,83,1,64,25.1,7.3,3.2,6.5,1.6,18.6,1.6,18.6,2935.1
35,83,1,6,2.4,0.7,0.3,0.6,0.2,1.8,0.2,1.7,275.2
36,83,0,81,41,15,2,27,2,14,4,11,2952
37,83,0,593.5,213,54,36,204,48,9,76,8,14428
38,83,1,24,9.5,1.5,0.5,5.5,2,4,0.5,3,833.5
39,83,0,315,125,44,15,125,13,0,21,91,9174
40,83,0,470,189,72,21,169,21,20,29,117,12518
41,83,0,217,86,29,12,62,14,24,12,29,6157
42,83,0,203,82,30,11,76,13,6,18,8,5654
43,83,0,192.5,56,9,17,13,2,43,5,33,4538
44,83,1,2,0.7,0.1,0.1,0.5,0.1,0.2,0.3,0.1,56
45,83,0,139,43,3,10,29,11,14,9,13,3654
46,83,0,464.5,188,71,24,170,20,18,25,114,12480
50,83,1,24,7.3,1,1.6,0.5,0.5,6.8,0.5,6.8,616.7
51,83,0,70,22,0,1,0,2,22,1,20,2404
53,83,0,72,28,6,3,0,1,28,1,25,2412
54,83,1,24,8.9,1.7,1.2,0,1,8.9,0.5,7.4,808.3
61,83,1,2,0.8,0,0,0,0.1,0.8,0.1,0.8,79.9
97,83,1,26,8.5,0.6,1.6,0.6,0.6,7.9,0.3,6.6,1184.7
98,83,0,38,17,6,0,0,2,17,1,14,1778
99,83,0,42,17,2,1,0,2,17,1,16,2216
100,83,0,78.5,38,15,1,22,8,16,3,12,2831
101,83,0,83.5,30,7,3,4,1,26,1,22,3328
102,83,0,86,33,11,4,18,0,15,2,25,2615
103,83,1,16,6,1.1,0.4,2.1,0,3.9,0,3.6,553.2
118,83,1,9,2.9,0.1,0.2,0,0.3,2.9,0.2,2.8,373.6
120,83,1,2,0.7,0,0,0,0.1,0.7,0,0.6,83
0,84,0,53,17,1,3,4,1,13,0,15,3760
1,84,0,83.5,37,9,3,28,5,9,1,31,5164
2,84,0,58,28,11,1,28,0,0,0,20,2914
4,84,0,938,369,111,25,369,39,0,23,97,29708
5,84,0,852.5,413,198,31,411,45,2,68,128,27228
6,84,0,438.5,244,133,9,244,8,0,33,87,15832
7,84,0,304,164,82,9,164,13,0,32,17,9082
8,84,0,55,38,26,0,38,4,0,8,8,2197
9,84,0,193.5,91,44,8,91,5,0,21,45,7205
10,84,0,699,414,238,8,413,21,1,60,152,28092
11,84,0,811.5,484,301,17,481,32,3,98,117,27463
12,84,0,1263.5,711,381,17,710,48,1,95,227,42274
13,84,0,1107.5,680,401,11,679,36,1,76,223,41644
14,84,0,1022,614,404,24,613,34,1,152,167,32166
15,84,0,1111,580,271,18,579,42,1,63,307,40332
16,84,0,961,506,252,14,506,34,0,73,195,32810
17,84,0,573,307,156,14,304,31,3,42,79,19333
18,84,0,1179.5,641,324,18,640,33,1,86,284,40704
19,84,0,1002,482,207,30,481,48,1,72,191,36043
20,84,0,127,71,41,3,70,5,1,7,25,4776
21,84,0,289,166,102,8,160,8,6,30,53,9846
22,84,0,980,470,201,21,459,29,11,34,237,34768
23,84,0,1080,538,218,15,535,35,3,30,300,41293
24,84,0,826,426,183,8,420,28,6,25,277,33077
25,84,0,889.5,441,178,12,435,45,6,34,211,31460
26,84,0,421,210,101,14,206,33,4,50,55,13418
27,84,0,308.5,163,74,5,146,17,17,13,83,12111
28,84,0,460,208,79,17,170,26,38,32,58,16382
29,84,0,558.5,281,129,10,254,30,27,32,100,19625
30,84,0,543.5,296,154,14,285,29,11,26,128,20011
31,84,0,354.5,186,91,7,164,17,22,14,97,14434
32,84,0,575.5,262,116,22,217,39,45,63,50,18963
33,84,0,118,40,6,6,2,0,38,2,39,5237
34,84,0,109,40,5,3,6,3,34,4,33,5255
35,84,0,248,130,61,7,99,8,31,8,40,9087
36,84,0,153,61,19,7,16,6,45,3,45,6458
37,84,0,154.5,70,31,7,55,9,15,14,38,4967
38,84,1,3,1.2,0.2,0.1,0.7,0.2,0.5,0.1,0.4,104.2
39,84,0,296,118,41,16,99,19,19,21,54,9314
40,84,0,298.5,103,28,20,76,6,27,25,24,7657
41,84,0,448.5,185,72,22,163,27,22,40,47,11755
42,84,0,217.5,78,18,12,48,22,30,23,17,4939
43,84,1,18,6.2,1.3,1.2,4.9,1.2,1.3,2.3,1.2,503.7
44,84,0,277,132,55,6,132,23,0,19,58,7796
45,84,0,263.5,104,38,16,89,13,15,24,61,6882
46,84,0,145,53,12,4,23,4,30,5,29,4358
47,84,0,61,20,2,4,18,2,2,4,2,1398
50,84,1,9,2.7,0.4,0.6,0.2,0.2,2.5,0.2,2.5,231.3
51,84,1,1,0.4,0.1,0,0,0,0.4,0,0.3,33.7
52,84,1,6,2.2,0.4,0.3,0,0.2,2.2,0.1,1.9,202.1
53,84,0,94,36,8,3,2,2,34,3,33,3631
54,84,1,33,12.2,2.3,1.7,0,1.3,12.2,0.7,10.2,1111.4
73,84,1,4,1.4,0.1,0.2,0.7,0,0.7,0.1,0.7,108
74,84,1,42,14.6,0.9,1.8,7.3,0,7.3,0.9,7.3,1134
75,84,0,87,28,1,3,0,1,28,1,27,3161
76,84,1,13,4.2,0,0.5,0,0.2,4.2,0,3.9,469.5
77,84,1,2,0.6,0,0.1,0,0,0.6,0,0.6,72.2
81,84,0,55.5,24,5,1,0,1,24,0,21,2299
82,84,0,49,19,4,2,0,2,19,0,17,1804
83,84,1,34,10.9,0,1.3,0,0.6,10.9,0,10.3,1227.8
89,84,1,1,0.4,0.1,0.1,0,0,0.4,0.1,0.3,38.7
95,84,1,4.5,1.6,0.4,0.3,0.1,0.2,1.5,0.3,1.2,174
96,84,1,8,2.6,0.2,0.5,0.2,0.2,2.4,0.1,2,364.5
97,84,0,66,27,7,2,2,1,25,2,24,3106
98,84,0,68,26,1,2,0,2,26,2,26,2979
99,84,0,84,32,2,3,2,1,30,0,30,3245
100,84,0,169.5,69,20,7,37,17,32,6,23,6155
101,84,0,68,30,8,1,6,2,24,1,21,3429
102,84,0,140,41,5,9,7,2,34,3,26,3968
103,84,0,48,13,1,4,0,0,13,0,12,1386
105,84,1,2,0.8,0.1,0,0.3,0,0.5,0,0.4,69.2
0,85,0,216.5,92,33,11,87,12,5,11,54,8493
1,85,0,278.5,143,68,6,137,5,6,8,77,11967
2,85,0,106.5,59,33,3,54,2,5,7,39,5278
3,85,1,1,0.5,0.1,0,0.5,0,0,0.1,0.4,58.5
4,85,0,77,42,23,3,42,1,0,2,10,3557
5,85,0,341,181,94,12,180,15,1,22,46,11532
6,85,1,8,3.1,0.7,0.4,3.1,0,0,0.4,1.5,382.7
7,85,0,27,23,19,0,23,2,0,10,0,948
8,85,0,207.5,122,72,3,122,14,0,27,40,8204
10,85,0,478.5,238,111,10,238,10,0,25,92,19969
11,85,0,553.5,304,165,11,304,19,0,47,75,18779
12,85,0,774,456,263,10,456,23,0,85,104,26962
13,85,0,955,560,330,16,554,34,6,118,148,33171
14,85,0,1102.5,688,431,12,684,32,4,97,255,41190
15,85,0,944,543,315,17,538,37,5,99,220,32772
16,85,0,1004,495,218,24,490,39,5,79,146,32285
17,85,0,979,475,215,28,467,39,8,71,144,30693
18,85,0,1188.5,688,391,11,688,63,0,105,190,38222
19,85,0,1176,501,206,63,501,57,0,72,130,38589
20,85,0,384.5,161,56,15,161,19,0,21,60,11334
21,85,0,612,258,96,33,258,61,0,67,0,16943
22,85,0,665.5,375,218,12,354,26,21,79,117,22030
23,85,0,804,373,143,19,372,36,1,36,215,27512
24,85,0,561.5,254,100,11,249,31,5,26,102,18211
25,85,0,677.5,359,174,15,336,34,23,43,120,23864
26,85,0,1267.5,589,251,45,585,89,4,106,110,36398
27,85,0,405,184,66,11,167,13,17,12,134,14351
28,85,0,356,146,55,16,105,8,41,13,69,12068
29,85,0,381.5,181,81,9,141,10,40,13,112,14433
30,85,0,360,161,56,9,109,9,52,12,99,14100
31,85,0,524.5,244,108,14,220,15,24,19,97,18614
32,85,0,487.5,236,94,12,189,22,47,24,127,19241
33,85,0,356.5,181,83,8,143,9,38,13,100,14826
34,85,0,338.5,145,47,10,97,17,48,9,87,13320
35,85,0,93,56,32,1,51,6,5,9,27,3150
36,85,0,124.5,61,26,3,44,4,17,12,33,4606
37,85,0,382,167,61,14,112,22,55,18,98,12528
38,85,0,161,74,24,3,11,8,63,5,57,6174
39,85,0,455,159,43,27,140,35,19,53,21,10055
40,85,0,106,36,7,3,7,3,29,6,29,3534
41,85,0,267.5,119,44,6,74,16,45,23,67,8119
42,85,0,396,151,50,24,126,13,25,25,47,11750
43,85,0,701,287,96,30,281,51,6,96,74,18753
44,85,0,226,106,45,7,91,7,15,8,92,6938
45,85,0,69.5,27,8,3,10,3,17,2,13,1811
46,85,0,86,30,7,5,25,4,5,7,4,2135
47,85,0,623.5,299,172,28,281,22,18,88,50,13368
48,85,0,64,21,5,5,0,4,21,1,19,1833
49,85,1,2,0.7,0.2,0.2,0.3,0,0.4,0,0.5,60.3
50,85,1,4,1.5,0.4,0.3,0.6,0,0.9,0.1,1,120.7
51,85,1,14,5.1,1.6,1,1.4,0.6,3.7,0.6,3,470.8
52,85,1,13,4.7,1.5,0.9,1.3,0.6,3.4,0.6,2.8,437.2
53,85,0,71,24,2,2,1,1,23,1,22,2256
54,85,0,216.5,72,8,9,0,4,72,2,67,6726
55,85,1,6,2.2,0.7,0.4,0.6,0.3,1.6,0.3,1.3,201.8
71,85,1,1.5,0.5,0,0,0.1,0.1,0.4,0,0.5,61.5
72,85,1,35,12.5,1,1,1.9,1.9,10.6,0,10.5,1435.5
73,85,0,141.5,42,0,6,1,2,41,1,39,3895
74,85,0,179,49,4,11,0,2,49,4,33,4594
75,85,0,70,26,8,5,14,4,12,1,12,2343
76,85,1,16,5.9,0.5,0.4,0.2,0.4,5.7,0.7,5.4,661.4
77,85,1,11,4.1,0.4,0.2,0.1,0.2,4,0.5,3.7,454.7
80,85,1,27,10,0.9,0.6,0.3,0.6,9.7,1.2,9.1,1116.1
81,85,0,31,13,3,0,0,0,13,0,13,1247
82,85,0,43,17,2,2,0,4,17,0,16,1596
83,85,1,11,4.2,0.6,0.6,0.7,0.5,3.5,0.2,3.2,381.7
84,85,1,1,0.4,0.1,0.1,0.1,0,0.3,0,0.3,34.7
85,85,1,3,1.1,0.2,0.2,0.2,0.1,0.9,0.1,0.9,104.1
91,85,1,2,0.7,0.2,0.1,0,0.1,0.7,0.1,0.5,77.3
93,85,1,6,2.2,0.6,0.4,0.2,0.2,2,0.4,1.5,232
94,85,1,19,6.9,1.8,1.1,0.5,0.7,6.4,1.1,4.9,734.7
95,85,1,13,4.7,1.2,0.8,0.3,0.5,4.4,0.8,3.3,502.7
96,85,1,20,6.8,0.6,0.8,0.4,0.6,6.4,1,6,710.6
97,85,0,56.5,24,9,3,7,1,17,1,17,2590
98,85,0,99.5,28,3,6,2,1,26,1,25,3269
99,85,0,114,46,10,4,10,8,36,2,37,4583
100,85,0,124,44,6,5,2,5,42,4,38,4337
101,85,0,128,42,4,5,18,3,24,0,29,4387
102,85,0,91.5,30,5,2,6,3,24,2,20,3213
103,85,1,34,13.2,3.8,1.7,3,1.7,10.2,0.8,7.2,1420.8
104,85,1,1,0.4,0.1,0,0.1,0,0.3,0,0.2,41.8
0,86,0,622.5,276,97,15,259,36,17,19,172,23624
1,86,0,307,143,55,9,141,14,2,9,55,13760
2,86,0,55,22,6,1,14,0,8,1,18,2879
3,86,0,169,82,33,2,72,8,10,11,36,6774
4,86,0,143.5,84,50,2,84,4,0,13,41,5527
5,86,0,192.5,111,66,4,111,11,0,26,28,6376
6,86,0,235,102,51,14,101,9,1,17,53,8932
7,86,0,231.5,127,71,7,127,6,0,19,44,9408
8,86,0,810,423,204,17,421,39,2,69,151,34419
9,86,0,504.5,248,125,17,248,18,0,40,63,20119
11,86,0,151,84,45,0,84,4,0,13,7,5205
12,86,0,269.5,187,135,2,186,13,1,70,20,9134
13,86,0,668.5,414,271,12,408,18,6,94,95,20023
14,86,0,1042.5,595,340,16,593,37,2,100,189,34658
15,86,0,866,479,253,8,475,27,4,64,174,30848
16,86,0,1039,574,302,16,569,29,5,54,252,40377
17,86,0,1050,564,278,18,563,45,1,52,297,41822
18,86,0,1067.5,643,373,10,642,37,1,85,216,39174
19,86,0,818.5,400,156,8,400,30,0,19,131,27200
20,86,1,1,0.5,0.3,0,0.5,0,0,0.1,0.1,28.4
22,86,0,1097,568,285,23,565,54,3,93,167,33741
23,86,0,826.5,417,202,22,416,37,1,75,163,26986
24,86,0,1037.5,576,325,23,571,43,5,65,158,34156
25,86,0,633,295,117,14,265,22,30,33,145,21484
26,86,0,249,118,50,5,83,9,35,7,84,10215
27,86,0,291.5,135,55,11,113,14,22,5,80,10664
28,86,0,251,108,43,10,88,14,20,15,41,8008
29,86,0,496,218,82,18,202,25,16,17,81,15984
30,86,0,641.5,320,152,16,305,41,15,35,133,23830
31,86,0,676,324,152,19,299,43,25,51,107,22211
32,86,0,790.5,374,169,22,362,35,12,43,142,26044
33,86,0,1007.5,488,222,26,482,36,6,63,200,34384
34,86,0,203,88,37,9,76,6,12,10,34,6753
35,86,0,140.5,66,22,3,61,6,5,9,22,4790
36,86,0,51.5,20,5,3,7,1,13,3,15,1995
37,86,0,296,117,32,10,43,14,74,18,75,9569
38,86,0,215.5,90,33,11,49,12,41,15,41,6476
39,86,0,63,18,4,7,10,1,8,1,11,1657
40,86,0,676.5,244,70,42,223,42,21,50,95,17679
41,86,0,59,24,5,2,4,1,20,2,20,2401
42,86,0,532,254,121,23,245,39,9,101,14,12234
43,86,0,236,98,38,9,83,9,15,19,54,7156
44,86,0,110,32,3,9,3,2,29,6,26,3509
45,86,1,35.5,11.7,1.7,2.5,4.2,0.8,7.5,0,6.7,1159.4
46,86,0,396,145,41,26,143,33,2,47,1,10730
47,86,0,94,34,10,6,8,3,26,4,27,3506
48,86,0,60.5,20,3,3,2,2,18,2,16,1871
50,86,1,12,4.5,1.2,0.9,1.9,0.1,2.6,0.3,3,362
51,86,1,6,2.2,0.7,0.4,0.6,0.3,1.6,0.3,1.3,201.8
52,86,1,32,11.6,3.7,2.3,3.1,1.4,8.5,1.4,6.8,1076.1
53,86,0,146.5,60,15,3,0,4,60,1,58,5494
54,86,0,197,74,12,8,0,1,74,1,71,6869
62,86,1,11,3.4,0.7,0.5,0,0.5,3.4,0.2,2.8,420.1
63,86,0,50,19,5,2,1,0,18,1,17,1779
64,86,1,13,4.1,0.8,0.5,0,0.5,4.1,0.3,3.2,496.4
71,86,0,61,18,1,3,0,2,18,1,17,1977
72,86,0,98,34,8,3,0,3,34,4,33,3389
73,86,0,122.5,43,8,4,0,3,43,0,42,4032
74,86,0,60,27,9,0,3,0,24,0,22,3506
75,86,0,74,28,3,0,0,0,28,0,26,3357
76,86,0,53,22,8,2,4,2,18,0,18,2203
77,86,0,60,21,4,3,0,5,21,1,18,2170
78,86,0,124.5,43,7,8,13,7,30,5,40,3870
79,86,0,129.5,75,39,2,71,12,4,9,43,4498
81,86,0,314,134,35,6,0,5,134,5,119,14065
84,86,0,47,24,12,0,24,3,0,14,0,1017
94,86,1,10,3.6,0.9,0.6,0.2,0.4,3.4,0.6,2.6,386.7
95,86,0,23,12,3,0,0,1,12,0,10,1162
96,86,0,59,22,4,2,2,0,20,3,18,2357
97,86,0,46.5,20,5,1,8,5,12,1,11,1979
98,86,1,20,6.8,0.6,0.8,0.4,0.6,6.4,1,6,710.6
99,86,0,85,30,2,5,0,4,30,2,29,3342
100,86,0,99,29,1,4,0,4,29,2,28,3248
101,86,0,116.5,43,8,5,5,8,38,6,30,4316
102,86,0,58,26,10,3,1,2,25,2,23,2824
103,86,0,71,22,4,5,2,1,20,2,20,2332
104,86,1,24,9.3,2.7,1.2,2.1,1.2,7.2,0.6,5.1,1002.9
105,86,1,16,6.2,1.8,0.8,1.4,0.8,4.8,0.4,3.4,668.6
106,86,1,2,1,0.3,0,0.3,0.1,0.7,0.1,0.6,93.1
0,87,0,341,162,74,8,145,12,17,12,114,12078
1,87,0,167,85,36,3,76,7,9,1,57,7795
2,87,0,87,42,12,2,39,4,3,3,34,4613
3,87,0,300,147,61,8,130,11,17,8,91,12546
4,87,0,58.5,31,14,0,26,4,5,2,14,3081
5,87,0,124.5,50,19,8,50,10,0,14,0,3937
6,87,0,413.5,191,88,13,191,5,0,24,82,18556
7,87,0,815,430,215,16,430,32,0,46,176,36336
8,87,0,1265.5,615,261,30,613,55,2,59,254,53195
9,87,0,1132.5,597,310,23,596,41,1,85,187,43468
10,87,1,36,13.9,3.3,1.6,13.9,0,0,1.6,6.5,1722.3
11,87,0,48,21,9,3,20,1,1,2,12,2210
12,87,0,1040.5,625,375,18,624,34,1,113,180,39020
13,87,0,1195.5,658,362,20,657,45,1,119,193,38622
14,87,0,1475,801,432,31,800,58,1,171,184,48505
15,87,0,1012,555,276,12,555,31,0,49,274,41546
16,87,0,1209.5,672,352,25,672,34,0,69,293,50546
17,87,0,984.5,553,295,8,552,29,1,52,199,36062
18,87,0,1639,794,355,34,794,78,0,89,235,54098
19,87,0,1216,627,317,31,626,64,1,109,156,39489
22,87,0,1109,492,200,42,491,74,1,120,94,30553
23,87,0,1143,602,301,20,597,35,5,69,269,39226
24,87,0,769.5,379,167,14,375,38,4,36,194,27791
25,87,0,1225.5,525,200,46,507,89,18,77,108,36243
26,87,0,665,348,174,15,315,26,33,42,185,25433
27,87,0,622,278,118,25,262,43,16,61,73,19189
28,87,0,947,448,194,26,431,65,17,49,201,30459
29,87,0,1255.5,627,285,21,621,79,6,93,202,37737
30,87,0,686.5,321,142,23,312,40,9,31,139,22458
31,87,0,1229,608,291,34,601,73,7,98,146,35812
32,87,0,1114.5,541,226,24,541,56,0,48,257,36627
33,87,1,70,32.2,14.2,2.8,19.9,3.8,12.3,3.8,14.2,2574.9
34,87,0,60,57,54,0,57,0,0,24,1,1352
36,87,0,35.5,12,2,3,6,2,6,1,7,1017
37,87,0,183,82,30,6,35,12,47,11,47,6407
38,87,0,33,15,7,1,8,1,7,1,6,1008
39,87,1,10,5.6,2.4,0,1.2,1.2,4.4,0.8,4.8,479.6
40,87,0,1640,538,135,129,538,67,0,174,337,36082
41,87,0,261,96,27,17,96,23,0,33,0,6963
44,87,0,126,52,16,5,32,7,20,5,37,4294
45,87,0,112.5,54,21,4,42,10,12,6,42,3462
46,87,0,78.5,33,10,3,31,5,2,2,28,2194
47,87,0,116.5,46,10,5,26,7,20,6,29,3805
48,87,0,74,30,7,2,7,3,23,2,22,2784
50,87,1,21,7.8,2.1,1.6,3.2,0.2,4.6,0.5,5.3,633.5
51,87,1,3,1.1,0.3,0.2,0.3,0.1,0.8,0.1,0.6,100.9
52,87,1,1,0.4,0.1,0.1,0.1,0,0.3,0,0.2,33.6
53,87,0,98,35,2,3,0,4,35,0,34,4279
54,87,0,125,50,9,4,0,3,50,3,46,5685
55,87,1,5,1.8,0.6,0.4,0.5,0.2,1.3,0.2,1.1,168.1
60,87,1,15,5.2,1.4,1.4,0.3,0,4.9,0,4.5,516.6
61,87,0,33,12,2,1,2,1,10,2,11,1367
62,87,1,11,3.4,0.7,0.5,0,0.5,3.4,0.2,2.8,420.1
63,87,0,83.5,33,4,1,0,3,33,0,33,3481
64,87,0,107.5,36,9,7,2,3,34,2,32,4010
65,87,1,13,4.1,0.8,0.5,0,0.5,4.1,0.3,3.2,496.4
66,87,1,7,3.5,0.9,0,0.5,0.5,3,0,3,398.3
73,87,0,89,31,5,5,0,3,31,1,29,3024
74,87,0,62,23,4,2,2,3,21,3,20,2581
75,87,0,98,40,10,4,9,6,31,3,31,3565
76,87,0,109,46,13,3,7,5,39,3,41,4320
77,87,0,327.5,134,41,14,77,18,57,11,106,10465
78,87,0,282,97,23,19,0,7,97,15,86,8307
79,87,0,34,15,5,1,2,1,13,3,12,1316
80,87,1,27,10,0.9,0.6,0.3,0.6,9.7,1.2,9.1,1116.1
81,87,0,256.5,133,62,3,43,5,90,16,87,9870
82,87,1,22,8.4,1.2,1.2,1.5,1,6.9,0.5,6.4,763.5
83,87,1,3,1.1,0.2,0.2,0.2,0.1,0.9,0.1,0.9,104.1
85,87,1,1,0.4,0.1,0.1,0.1,0,0.3,0,0.3,34.7
88,87,1,1,0.4,0.1,0.1,0,0,0.4,0.1,0.3,38.7
95,87,1,10,3.6,0.9,0.6,0.2,0.4,3.4,0.6,2.6,386.7
96,87,0,34,14,3,0,0,0,14,0,14,1523
97,87,1,20,6.8,0.6,0.8,0.4,0.6,6.4,1,6,710.6
98,87,1,10,3.4,0.3,0.4,0.2,0.3,3.2,0.5,3,355.3
99,87,0,95,37,8,4,22,7,15,6,15,2896
100,87,0,242.5,71,2,11,0,12,71,4,50,6361
101,87,0,111,35,3,6,0,6,35,4,28,3375
102,87,0,109,37,2,5,0,7,37,0,34,4093
103,87,0,90.5,30,3,5,0,2,30,1,28,3176
104,87,0,56,16,0,4,1,2,15,0,14,1553
0,88,0,413,243,140,6,235,14,8,23,116,15887
1,88,0,204.5,93,33,4,91,12,2,10,59,6344
2,88,1,34,16.5,4.9,0,15.5,1,1,1.9,12.6,1989.5
3,88,0,255.5,109,45,13,102,10,7,20,51,8634
4,88,0,119,52,19,4,42,6,10,3,33,5130
5,88,0,193.5,109,59,3,107,8,2,13,51,7159
6,88,0,228,100,37,8,100,13,0,6,49,9132
7,88,0,793.5,368,159,22,366,26,2,37,140,37680
8,88,0,1036.5,498,229,40,496,48,2,67,185,45343
9,88,0,749,365,171,25,364,24,1,35,146,34557
10,88,0,167,75,27,6,75,4,0,3,33,8313
12,88,0,548,320,177,9,320,28,0,59,61,18724
13,88,0,1141,687,416,17,687,37,0,139,203,38966
14,88,0,1188,662,368,26,660,46,2,105,211,44913
15,88,0,1058,570,288,17,568,25,2,58,233,40384
16,88,0,579,298,144,10,297,35,1,53,105,20295
17,88,0,1102.5,629,374,24,629,73,0,118,116,35033
18,88,0,1036,561,306,19,561,44,0,71,179,34376
19,88,0,1250.5,678,372,30,678,60,0,103,183,40573
20,88,1,32,16.5,8.7,1,16.5,1,0,1.9,2.9,907.6
21,88,0,394.5,192,93,14,192,25,0,16,27,11723
22,88,0,1177,585,257,25,579,54,6,58,269,40355
23,88,0,865.5,503,291,10,492,46,11,77,172,27695
24,88,0,837.5,405,165,17,395,59,10,67,179,27671
25,88,0,969,518,268,19,511,48,7,69,154,30533
26,88,0,450.5,254,128,6,245,25,9,41,111,15145
27,88,0,636.5,323,149,13,319,35,4,41,157,21732
28,88,0,852,368,135,36,360,48,8,43,164,27002
29,88,0,441,235,137,8,231,24,4,32,39,13193
30,88,0,761,401,207,17,396,34,5,73,163,25496
31,88,0,823,416,195,19,411,57,5,48,162,25780
32,88,0,716.5,364,172,15,357,34,7,41,159,22717
33,88,0,271.5,135,62,4,129,15,6,18,65,9503
34,88,1,4,1.8,0.8,0.2,1.1,0.2,0.7,0.2,0.8,147.1
36,88,1,5,2.8,1.2,0,0.6,0.6,2.2,0.4,2.4,239.8
37,88,0,31,17,8,0,9,1,8,4,6,941
39,88,1,10,5.6,2.4,0,1.2,1.2,4.4,0.8,4.8,479.6
43,88,1,6,2,0.3,0.4,0.7,0.1,1.3,0,1.1,196
44,88,0,212.5,107,48,6,87,8,20,15,35,6698
45,88,0,104,48,16,4,47,7,1,5,37,2943
46,88,0,97,46,14,1,41,4,5,4,39,3002
47,88,1,18,6.7,1.8,1.4,2.8,0.2,3.9,0.4,4.5,543
48,88,0,280,101,33,18,94,17,7,43,7,6889
50,88,1,17,6.4,1.7,1.3,2.6,0.2,3.8,0.4,4.3,512.8
51,88,1,9,3.3,1,0.6,0.9,0.4,2.4,0.4,1.9,302.7
52,88,0,30.5,12,3,2,0,2,12,0,8,1047
53,88,0,93,38,9,3,0,4,38,5,33,4042
54,88,0,139,51,11,6,6,4,45,1,45,5483
55,88,1,17,6.2,2,1.2,1.7,0.8,4.5,0.8,3.6,571.7
56,88,1,25,8.7,2.3,2.3,0.6,0,8.1,0,7.6,861
57,88,0,74.5,22,3,6,2,2,20,0,19,1903
58,88,0,90.5,33,8,5,4,2,29,0,29,3207
59,88,0,157.5,58,8,6,4,5,54,1,49,5283
60,88,0,190,61,5,12,0,4,61,3,44,6350
61,88,0,143.5,56,12,5,20,6,36,3,36,5304
62,88,0,366.5,172,71,10,149,18,23,11,133,13023
63,88,0,104,39,5,4,0,0,39,1,37,3976
64,88,0,92.5,43,12,1,12,4,31,1,31,4147
65,88,0,39.5,15,1,2,0,5,15,1,12,1383
66,88,1,16,8,2.1,0,1.1,1.1,6.9,0,6.9,910.4
67,88,1,2,1,0.3,0,0.1,0.1,0.9,0,0.9,113.8
71,88,0,317.5,121,33,6,121,24,0,14,46,7803
72,88,0,1337,491,160,82,491,91,0,145,32,35007
73,88,0,295.5,126,52,17,97,16,29,9,44,8446
74,88,0,90,72,62,2,65,1,7,6,5,2925
75,88,0,64,23,7,3,4,0,19,1,17,2548
76,88,0,119,59,27,4,32,7,27,7,33,4786
77,88,0,247.5,84,21,15,38,14,46,19,43,6769
78,88,0,1283.5,390,77,112,307,37,83,143,244,27828
79,88,0,156,54,16,11,0,2,54,9,49,4773
80,88,0,413,140,45,34,23,10,117,14,82,11435
81,88,1,39.5,15,2.2,2.2,2.6,1.8,12.4,0.9,11.5,1370.8
82,88,0,71,21,1,3,13,5,8,5,7,1625
85,88,1,3,1.1,0.2,0.2,0.2,0.1,0.9,0.1,0.9,104.1
86,88,1,1,0.4,0.1,0.1,0,0,0.4,0.1,0.3,38.7
93,88,1,8,2.9,0.7,0.5,0.2,0.3,2.7,0.5,2.1,309.3
95,88,1,4,1.5,0.4,0.2,0.1,0.1,1.4,0.2,1,154.7
96,88,1,4,1.4,0.1,0.2,0.1,0.1,1.3,0.2,1.2,142.1
100,88,1,26.5,9,0.8,1.1,0.5,0.8,8.5,1.3,7.9,941.6
101,88,0,42.5,13,1,1,1,1,12,0,12,1220
102,88,0,44,14,1,2,0,3,14,2,14,1443
103,88,0,53,19,3,3,0,3,19,1,16,1894
0,89,0,78,36,15,2,35,2,1,4,22,3123
1,89,0,89.5,37,11,4,30,6,7,2,16,3353
2,89,0,207.5,102,50,7,83,11,19,25,49,7291
3,89,0,368.5,195,97,9,183,18,12,32,99,14142
4,89,0,447.5,219,96,9,211,18,8,22,149,16608
5,89,0,77,35,14,3,34,4,1,4,9,3333
6,89,0,288.5,168,95,7,166,16,2,20,58,11690
7,89,0,635.5,288,112,26,288,19,0,24,140,34131
8,89,0,498,262,136,14,259,14,3,27,104,22348
9,89,0,833,417,206,34,416,27,1,42,169,40998
10,89,0,180.5,92,46,6,92,3,0,11,43,10234
11,89,0,108.5,57,28,1,55,3,2,9,23,6137
13,89,0,728,427,252,9,427,19,0,66,97,27897
14,89,0,1061,548,295,40,548,47,0,218,78,29278
15,89,0,1096,611,345,27,611,40,0,99,199,38205
16,89,0,1569.5,833,434,36,832,74,1,162,234,49097
17,89,0,600.5,340,178,7,340,24,0,40,133,21569
18,89,0,375,223,132,6,223,18,0,32,74,12851
19,89,0,1409,732,361,27,732,84,0,125,141,44378
21,89,0,321.5,201,131,4,201,13,0,33,81,11770
22,89,0,762,396,186,9,393,25,3,45,190,29102
23,89,0,1131,583,293,21,577,33,6,49,256,37896
24,89,0,695,310,141,38,305,19,5,37,146,22031
25,89,0,1333.5,645,278,36,637,75,8,105,203,41304
26,89,0,1150,487,172,31,481,67,6,78,197,35264
27,89,0,1044.5,460,177,37,459,55,1,59,166,29058
28,89,0,590.5,258,102,22,256,40,2,53,59,16172
29,89,0,840,397,172,24,397,44,0,48,177,24620
30,89,0,809,360,143,28,359,49,1,61,112,23961
31,89,0,410,204,101,10,195,23,9,34,76,12922
32,89,0,739,316,128,34,313,57,3,75,76,20022
33,89,0,824,446,240,19,438,52,8,82,110,24378
34,89,0,418,203,93,13,192,27,11,42,67,12162
35,89,0,1092.5,481,196,44,477,60,4,104,89,29582
36,89,0,839.5,331,121,50,323,42,8,64,59,21677
37,89,0,34,13,4,2,5,2,8,3,7,1361
38,89,0,285.5,121,50,18,116,21,5,28,42,8836
41,89,1,1,0.3,0,0.1,0.1,0,0.2,0,0.2,32.7
42,89,0,247,103,34,8,103,13,0,16,29,6742
43,89,0,262,118,44,6,118,17,0,22,31,7133
44,89,0,116,37,11,10,37,3,0,11,12,2497
45,89,0,1270,555,224,55,555,48,0,96,260,31783
47,89,0,280,98,28,20,80,24,18,38,0,6876
48,89,0,172,64,22,7,42,4,22,11,23,4292
49,89,1,2,0.7,0.2,0.2,0.3,0,0.4,0,0.5,60.3
50,89,1,15,5.6,1.5,1.2,2.3,0.2,3.3,0.3,3.8,452.5
51,89,1,7,2.5,0.8,0.5,0.7,0.3,1.8,0.3,1.5,235.4
52,89,0,67,21,6,5,5,2,16,0,14,2183
53,89,0,109,42,9,5,6,3,36,2,32,4198
54,89,0,136,46,7,5,10,6,36,5,38,4269
56,89,1,3,1,0.3,0.3,0,0,1,0,0.9,103.3
57,89,0,35,12,3,3,0,0,12,1,12,1037
58,89,0,139.5,62,20,3,4,2,58,3,55,5132
59,89,0,241,86,10,9,0,3,86,6,77,7485
60,89,0,518,235,86,12,174,17,61,11,182,18102
61,89,0,217,107,49,4,92,9,15,8,68,7851
62,89,0,131,64,28,3,45,5,19,7,52,5660
63,89,0,103.5,39,8,3,8,3,31,1,35,3717
64,89,0,129,39,1,5,3,2,36,2,30,3933
65,89,0,54,16,2,5,0,2,16,3,16,1831
67,89,1,5,2.5,0.7,0,0.3,0.3,2.2,0,2.2,284.5
71,89,0,39,13,1,1,1,1,12,0,11,1122
72,89,0,339,106,17,25,76,20,30,41,24,8752
73,89,0,176.5,72,22,6,38,7,34,3,33,6063
74,89,0,100,33,6,7,0,0,33,1,28,3487
75,89,0,63.5,25,8,2,4,2,21,2,19,2268
76,89,0,113.5,64,33,1,63,13,1,7,10,3516
77,89,0,255,105,37,6,84,17,21,8,62,8004
78,89,0,127.5,38,1,5,0,3,38,2,31,3869
79,89,1,8,3,0.3,0.2,0.1,0.2,2.9,0.4,2.7,330.7
81,89,1,4,1.5,0.2,0.2,0.3,0.2,1.2,0.1,1.2,138.8
85,89,1,2,0.8,0.1,0.1,0.2,0.1,0.6,0,0.6,69.4
86,89,1,2,0.7,0.2,0.1,0,0.1,0.7,0.1,0.5,77.3
93,89,1,4,1.5,0.4,0.2,0.1,0.1,1.4,0.2,1,154.7
102,89,1,5,1.9,0.6,0.2,0.4,0.2,1.5,0.1,1.1,208.9
0,90,0,543,256,96,9,254,35,2,18,181,20591
1,90,0,309.5,136,61,14,121,17,15,23,59,10247
2,90,0,471.5,217,100,20,199,27,18,41,78,15368
3,90,0,405.5,200,101,9,185,19,15,38,70,12944
4,90,0,208.5,100,33,3,98,11,2,5,72,9086
5,90,0,119,60,30,4,59,7,1,17,21,4006
6,90,0,497,287,166,13,270,24,17,48,100,17716
7,90,0,239.5,124,64,6,124,14,0,15,44,8969
8,90,0,734,285,97,46,283,17,2,21,121,36173
9,90,0,95,38,16,6,38,1,0,3,14,5193
10,90,0,360.5,205,106,5,205,18,0,26,54,18352
11,90,0,128.5,68,40,3,68,7,0,9,24,4471
13,90,0,887,477,251,22,476,45,1,81,133,33276
14,90,0,538,275,117,11,275,9,0,16,118,23434
15,90,0,576.5,329,170,7,329,19,0,28,129,22321
16,90,0,1413,771,428,33,770,68,1,157,195,46386
17,90,0,494.5,264,147,13,264,20,0,66,70,16927
18,90,0,442.5,221,102,10,221,13,0,29,27,15761
20,90,1,1,0.7,0.5,0,0.7,0,0,0.2,0.2,34.6
21,90,0,253,100,35,13,100,4,0,6,49,7711
22,90,0,684.5,307,129,24,307,20,0,41,95,21461
23,90,0,1148,532,223,37,528,55,4,88,193,37122
24,90,0,650,337,167,12,337,32,0,38,136,22057
25,90,0,1034.5,535,254,20,532,27,3,37,298,37408
26,90,0,950.5,439,172,24,431,55,8,42,236,30955
27,90,0,372.5,179,95,16,154,16,25,27,75,12311
28,90,0,706.5,271,86,35,242,69,29,75,30,17677
29,90,0,960.5,452,199,26,451,78,1,60,206,29792
30,90,0,651,347,198,23,339,42,8,76,108,19955
31,90,0,775.5,423,217,14,417,28,6,59,207,27867
32,90,0,314.5,153,68,6,153,21,0,18,92,10564
33,90,0,289.5,129,51,11,113,17,16,28,52,9130
34,90,0,363.5,184,81,10,182,14,2,16,134,13733
35,90,0,1173.5,554,240,34,522,62,32,91,238,34284
36,90,0,197,89,36,5,82,13,7,18,35,5547
37,90,0,447.5,218,96,9,214,21,4,23,101,14415
38,90,0,319.5,159,68,7,153,26,6,43,84,9203
39,90,0,57,31,19,3,26,4,5,10,9,1314
40,90,1,4,1.7,0.5,0.1,0.8,0.2,0.9,0.4,0.6,121.6
42,90,0,99,44,20,6,28,2,16,10,17,2825
43,90,0,526.5,268,121,15,267,21,1,72,9,12599
44,90,1,2,0.9,0.3,0.1,0.3,0.1,0.6,0.1,0.4,85.5
47,90,0,110,46,16,4,46,12,0,20,0,3067
48,90,0,586.5,228,89,36,217,25,11,52,93,13738
49,90,0,67.5,39,15,0,39,2,0,8,16,2333
51,90,0,33,16,6,0,5,1,11,1,11,1227
52,90,0,60.5,22,2,2,0,2,22,4,18,2492
53,90,0,103,38,10,6,6,2,32,1,31,3744
54,90,0,123.5,45,6,2,11,3,34,2,42,4202
55,90,0,54.5,16,3,5,2,2,14,0,16,1554
56,90,1,13,5.8,1.7,0,0.9,0.3,4.9,0,4.3,541.1
57,90,0,429.5,165,40,23,164,33,1,10,127,12382
58,90,0,210.5,95,33,5,81,28,14,27,11,5150
59,90,0,332,113,21,26,69,28,44,24,40,9618
60,90,0,204,97,40,3,83,8,14,6,62,6841
61,90,0,167,74,24,5,46,10,28,6,57,6371
62,90,0,88,34,7,5,3,0,31,3,30,3556
63,90,0,156.5,50,9,10,0,1,50,4,44,4788
64,90,0,187.5,70,15,6,35,5,35,4,32,5881
65,90,0,55,14,0,4,0,1,14,0,14,1768
71,90,0,98,33,4,4,0,7,33,3,33,3066
72,90,0,196.5,63,7,12,0,6,63,1,48,6294
73,90,0,611,312,140,13,306,39,6,38,98,19313
74,90,0,421.5,213,95,10,213,33,0,24,51,12687
75,90,0,380.5,177,72,13,175,32,2,20,56,11487
76,90,0,648.5,295,130,26,295,33,0,50,48,18021
77,90,0,153,80,28,1,76,9,4,3,40,6289
78,90,0,56,28,7,0,27,3,1,1,23,2575
81,90,1,7,2.4,0.5,0.3,0.3,0.1,2.1,0.3,1.7,240.5
84,90,1,2,0.7,0.1,0.1,0.1,0,0.6,0.1,0.5,68.7
85,90,1,7,2.4,0.5,0.3,0.3,0.1,2.1,0.3,1.7,240.5
101,90,1,2,0.8,0.2,0,0.1,0.1,0.7,0.1,0.6,98.1
102,90,1,13.5,5.5,1.4,0.2,1,0.4,4.5,0.4,4.1,662.2
103,90,1,1,0.4,0.1,0,0.1,0,0.3,0,0.3,49.1
0,91,0,527,243,78,7,234,28,9,5,171,19214
1,91,0,359.5,194,98,6,170,20,24,27,82,12796
2,91,0,490,259,126,10,252,53,7,48,37,15792
3,91,0,45.5,21,5,1,20,8,1,5,2,1660
6,91,0,239,110,41,6,104,15,6,9,46,9978
7,91,0,889.5,501,269,17,498,47,3,88,149,32805
8,91,0,53,22,6,2,22,0,0,1,14,2947
9,91,0,607,317,160,17,317,21,0,43,102,28854
10,91,0,823,457,243,20,455,35,2,55,120,37249
11,91,0,299,156,75,5,155,11,1,14,43,15095
13,91,0,531.5,250,101,15,250,10,0,20,109,23981
14,91,0,670.5,326,133,15,322,20,4,19,161,29258
15,91,0,564,316,163,5,316,18,0,32,124,24174
16,91,0,385.5,215,121,9,215,12,0,26,80,13902
17,91,0,384,184,81,11,184,25,0,34,47,13180
19,91,1,6,4.1,2.9,0.1,4.1,0.2,0,1,1,207.3
20,91,0,245,101,35,9,101,19,0,34,11,7233
21,91,1,161.5,93.7,52.7,3.9,93.7,17.6,0,11.7,19.5,5402.2
22,91,0,565.5,236,89,24,236,36,0,33,59,18816
23,91,0,860.5,407,167,17,407,54,0,52,110,30479
24,91,0,1041,489,200,18,489,41,0,28,322,38104
25,91,0,616,270,106,28,267,42,3,44,116,18885
26,91,0,1062,535,266,29,527,48,8,61,148,34233
27,91,0,512.5,300,187,12,299,22,1,49,88,15485
28,91,0,1359.5,682,334,39,682,74,0,119,289,42182
29,91,0,1349,647,306,40,643,62,4,105,333,44908
30,91,0,902.5,436,212,32,435,67,1,95,128,27214
31,91,0,807,448,247,14,445,47,3,80,217,25926
32,91,0,1607,875,469,29,875,78,0,128,556,54485
33,91,0,333,147,43,4,144,18,3,19,117,11159
34,91,0,629.5,261,98,26,245,57,16,70,48,17064
35,91,0,1214,482,182,73,472,60,10,110,184,36515
36,91,0,316.5,137,47,12,117,18,20,32,49,10171
37,91,0,761.5,261,67,52,261,50,0,77,46,18267
38,91,0,431,184,69,15,172,26,12,32,83,12196
39,91,0,250,106,41,11,104,12,2,10,71,7661
40,91,0,765.5,313,123,43,313,45,0,83,102,21018
41,91,1,6,2.7,0.9,0.2,0.9,0.2,1.8,0.3,1.2,256.5
42,91,0,155.5,58,19,8,53,14,5,21,0,3904
43,91,0,178.5,90,37,4,83,5,7,13,9,5728
44,91,1,12,5.4,1.7,0.4,1.7,0.4,3.7,0.6,2.4,513
48,91,1,2,0.9,0.3,0.1,0.4,0.2,0.5,0.2,0.5,80.1
50,91,1,4,1.8,0.6,0.1,0.8,0.3,1,0.4,1,160.1
52,91,1,5,2.9,1.6,0.3,2.4,0.3,0.5,0.5,1.3,217.1
56,91,1,5,2.2,0.7,0,0.3,0.1,1.9,0,1.7,208.1
57,91,1,27,12,3.6,0,1.8,0.6,10.2,0,9,1123.8
58,91,0,293,111,34,19,68,12,43,17,40,8469
59,91,0,384,200,101,10,180,27,20,22,51,12466
60,91,0,252,120,41,2,98,20,22,9,74,9284
61,91,1,8,2.7,0.2,0.3,0.2,0.2,2.5,0.2,2,255.3
62,91,0,82,31,6,1,5,1,26,1,26,3211
63,91,0,84.5,33,8,5,0,4,33,1,31,2843
64,91,0,816.5,301,65,42,289,51,12,38,176,23093
65,91,0,45,15,3,2,0,0,15,1,15,1489
66,91,0,39,15,3,2,1,1,14,1,13,1504
69,91,1,2,0.8,0.2,0.1,0.4,0.1,0.4,0.1,0.4,67.9
70,91,1,4,1.6,0.5,0.3,0.8,0.3,0.8,0.3,0.8,135.7
71,91,1,17,7,2.6,0.4,0,2.2,7,1.3,7,695.3
72,91,0,119,39,2,4,0,4,39,6,38,3990
73,91,0,132.5,45,7,6,21,9,24,13,20,4107
74,91,0,144,52,11,9,20,11,32,11,16,4679
75,91,0,724.5,341,141,24,336,48,5,45,54,21218
76,91,0,616,307,132,17,296,39,11,47,64,18824
77,91,0,353.5,170,75,11,143,20,27,14,70,12062
78,91,0,350.5,186,89,7,154,17,32,6,115,12178
79,91,0,300.5,166,88,7,160,16,6,16,76,8835
83,91,1,2,0.7,0.1,0.1,0.1,0,0.6,0.1,0.5,68.7
101,91,1,3,1.2,0.3,0,0.2,0.1,1,0.1,0.9,147.2
102,91,1,20,8.1,2.1,0.3,1.5,0.6,6.6,0.6,6,981.1
103,91,1,2,0.8,0.2,0,0.1,0.1,0.7,0.1,0.6,98.1
120,91,1,4,1.3,0.2,0,0.1,0,1.2,0,1,140.8
121,91,1,26,9.7,0.6,0,0,0.9,9.7,0.3,8.8,1199.3
122,91,0,50,18,0,1,0,1,18,0,18,1900
123,91,1,19,7.1,0.4,0,0,0.7,7.1,0.2,6.4,876.4
0,92,0,102,41,14,5,17,4,24,1,34,4138
1,92,0,194,90,32,5,85,13,5,6,56,7134
2,92,1,14.5,5.9,2.2,0.9,1.9,0.3,4,0.9,4.3,655.9
3,92,0,200.5,105,52,1,104,5,1,4,75,8035
4,92,0,302.5,141,56,9,141,15,0,7,98,11868
5,92,0,48.5,23,10,2,20,3,3,6,10,1543
6,92,1,1,0.6,0.4,0,0.5,0,0.1,0.1,0.2,66.4
7,92,0,342.5,170,81,11,169,22,1,28,45,13132
8,92,0,125,68,35,2,68,7,0,8,27,5980
9,92,0,338.5,191,95,5,191,20,0,24,51,14617
10,92,0,984,561,314,14,560,56,1,85,128,37955
11,92,0,599.5,317,144,10,317,26,0,30,120,27149
12,92,0,238,116,53,7,116,13,0,21,36,11165
13,92,0,303.5,151,65,9,151,4,0,8,63,16421
14,92,0,839.5,406,176,25,406,18,0,54,182,37501
15,92,0,1096.5,548,242,23,548,48,0,43,265,44742
16,92,0,1014.5,464,188,27,463,43,1,41,195,36646
17,92,0,397,208,120,14,208,15,0,36,70,11552
18,92,0,277.5,180,115,2,179,7,1,23,49,10307
19,92,0,290,145,81,11,144,17,1,17,39,10376
20,92,1,52.5,36.2,25.6,0.9,36.2,1.8,0,8.8,8.8,1814.1
21,92,0,345,189,99,8,189,19,0,36,36,11882
22,92,0,895,486,247,15,484,26,2,37,254,34824
23,92,0,1468.5,761,358,20,760,56,1,83,316,51355
24,92,0,1077,614,351,13,611,50,3,118,183,36606
25,92,0,828,445,229,15,430,33,15,74,191,27797
26,92,0,1223.5,596,281,38,595,64,1,120,148,36230
27,92,0,553,281,121,9,280,21,1,22,181,21364
28,92,0,780.5,352,145,35,351,37,1,39,168,25635
29,92,0,568,294,146,12,293,33,1,44,114,17625
30,92,0,689.5,351,168,23,351,57,0,72,134,21484
31,92,0,63.5,36,19,1,36,1,0,5,27,2541
32,92,0,248,178,137,5,178,5,0,48,27,7103
33,92,0,313.5,138,62,12,137,21,1,22,45,8619
34,92,0,443.5,215,112,16,184,15,31,31,95,12937
35,92,0,315,171,95,9,140,12,31,45,66,10092
36,92,0,557.5,261,101,13,249,31,12,30,172,19103
37,92,0,295,171,109,6,165,16,6,51,31,7242
38,92,0,234,66,7,17,64,19,2,17,2,4875
39,92,0,148,77,38,2,76,5,1,9,44,4413
40,92,0,357.5,164,56,10,164,12,0,19,112,12017
42,92,1,4,1.8,0.6,0.1,0.6,0.1,1.2,0.2,0.8,171
43,92,0,89,35,13,4,13,5,22,13,6,2466
47,92,0,61.5,27,11,3,10,1,17,2,19,2009
48,92,1,29,13.1,4.2,0.9,5.6,2.3,7.5,2.8,7.5,1160.9
49,92,0,87.5,33,1,3,33,5,0,1,0,2007
50,92,1,4,1.8,0.6,0.1,0.8,0.3,1,0.4,1,160.1
51,92,1,7,4.1,2.2,0.4,3.3,0.4,0.8,0.7,1.8,303.9
52,92,0,35,11,1,3,2,2,9,1,9,1078
53,92,0,64,31,13,1,7,4,24,4,20,2610
54,92,0,219.5,116,58,6,111,11,5,13,40,6399
55,92,1,7,4.1,2.2,0.4,3.3,0.4,0.8,0.7,1.8,303.9
56,92,0,50,14,0,4,0,2,14,0,11,1592
57,92,0,306.5,141,67,13,121,21,20,12,42,9514
58,92,0,130.5,48,11,6,39,14,9,12,9,3422
59,92,0,566,277,125,17,260,32,17,34,143,17551
60,92,0,100,39,9,3,16,7,23,5,23,3518
61,92,0,150,66,25,6,45,4,21,6,45,4844
62,92,0,91.5,35,11,4,8,2,27,2,28,3549
63,92,0,135,43,6,8,11,4,32,2,39,4077
64,92,0,67.5,27,8,3,6,3,21,2,13,2227
66,92,1,14,5.6,1.6,0.9,2.7,0.9,2.9,0.9,2.7,475.1
69,92,1,4,1.6,0.5,0.3,0.8,0.3,0.8,0.3,0.8,135.7
70,92,0,33,13,6,3,6,1,7,2,7,910
71,92,0,99,27,2,7,0,0,27,2,23,2698
72,92,0,229.5,79,11,9,3,11,76,7,75,7437
73,92,0,106,44,8,3,0,3,44,3,42,4198
74,92,0,211,69,9,10,2,7,67,4,53,6209
75,92,0,237,144,79,1,139,14,5,14,69,8495
76,92,0,648,285,101,22,264,47,21,48,71,17283
77,92,0,251.5,100,29,9,61,22,39,7,63,7836
78,92,0,92,33,4,4,1,2,32,1,30,3355
79,92,0,81.5,35,6,1,2,6,33,2,29,3235
80,92,0,58,21,6,4,2,2,19,4,17,1950
81,92,1,2,0.7,0.1,0.1,0.1,0,0.6,0.1,0.5,68.7
100,92,1,4,1.6,0.4,0.1,0.3,0.1,1.3,0.1,1.2,196.2
101,92,1,4,1.6,0.4,0.1,0.3,0.1,1.3,0.1,1.2,196.2
102,92,1,2,0.8,0.2,0,0.1,0.1,0.7,0.1,0.6,98.1
120,92,1,12,4,0.7,0,0.4,0,3.6,0,2.9,422.5
121,92,0,43,16,3,1,0,0,16,0,14,1765
122,92,0,80.5,28,4,2,2,3,26,0,25,3116
123,92,1,24,8.9,0.6,0,0,0.8,8.9,0.3,8.1,1107.1
0,93,0,332.5,168,78,8,150,18,18,17,110,11672
1,93,1,11,4.4,1.6,0.7,1.4,0.2,3,0.7,3.3,497.6
2,93,1,4,1.6,0.6,0.3,0.5,0.1,1.1,0.3,1.2,180.9
3,93,0,421,207,103,16,207,44,0,66,0,10074
6,93,1,6,3.7,2.3,0,2.8,0,0.9,0.9,1.1,398.6
7,93,0,423.5,224,115,8,222,31,2,37,75,16033
8,93,0,842.5,491,295,21,490,31,1,87,133,33998
9,93,1,5,3.1,1.9,0,2.4,0,0.7,0.7,1,332.1
10,93,0,1011.5,572,315,17,569,40,3,82,175,43874
11,93,0,261.5,151,83,5,151,12,0,21,48,11207
12,93,0,121,68,34,1,68,10,0,3,27,5979
13,93,0,239,119,57,5,119,9,0,6,42,12021
14,93,0,1257.5,604,265,39,602,35,2,45,265,53673
15,93,0,945,436,177,36,434,25,2,26,245,43620
16,93,0,794,472,289,16,472,24,0,22,246,31238
17,93,0,772.5,366,147,19,366,29,0,22,184,29635
18,93,0,395,220,120,4,220,9,0,21,85,15067
19,93,0,1189.5,644,354,25,643,67,1,87,182,41696
20,93,0,917,448,196,26,448,60,0,67,156,33192
21,93,0,267,134,66,9,134,9,0,17,66,9533
22,93,0,651.5,365,192,8,358,28,7,48,141,24084
23,93,0,977.5,516,275,26,510,74,6,88,112,29408
24,93,0,1069,573,323,27,571,52,2,97,127,32396
25,93,0,431.5,249,136,5,249,27,0,34,104,15593
26,93,0,593,319,157,11,318,47,1,55,160,19862
27,93,0,1009,483,198,20,483,52,0,43,332,35330
28,93,0,976,531,298,28,529,57,2,103,164,31775
29,93,0,1751.5,773,281,57,772,98,1,94,387,57919
30,93,0,1010.5,512,232,20,501,48,11,62,276,37016
31,93,1,3.5,0.9,0.1,0.3,0.2,0.1,0.7,0.1,0.6,113
32,93,0,615,268,107,29,257,35,11,70,52,17866
33,93,0,766.5,407,201,19,402,62,5,105,113,23136
34,93,0,690,306,133,26,279,43,27,69,96,20378
35,93,0,607.5,272,122,32,256,36,16,54,90,17934
36,93,0,283,150,78,8,131,17,19,25,83,9969
37,93,0,449.5,206,88,15,194,29,12,37,122,14372
38,93,0,148.5,67,24,2,62,5,5,16,37,4898
39,93,1,4,1.7,0.5,0.1,0.8,0.2,0.9,0.4,0.6,121.6
43,93,1,8,3.6,1.1,0.3,1.2,0.3,2.4,0.4,1.6,342
46,93,1,17,7.7,2.5,0.5,3.3,1.4,4.4,1.6,4.4,680.5
47,93,0,218,108,55,8,70,9,38,20,37,7222
48,93,0,534,172,50,46,157,29,15,69,16,12779
49,93,0,73,36,18,2,22,2,14,3,23,2550
50,93,0,282.5,101,24,17,77,16,24,22,39,7439
51,93,0,311.5,130,50,13,108,26,22,27,26,8398
52,93,0,118,52,18,2,43,5,9,5,21,3733
53,93,0,383.5,166,62,16,133,25,33,30,76,11816
54,93,0,360,157,52,11,143,24,14,37,52,10886
55,93,0,568.5,284,132,16,275,42,9,53,27,16020
56,93,0,421.5,186,71,13,183,29,3,24,87,12618
57,93,0,145.5,74,36,3,71,11,3,10,26,4144
58,93,0,383.5,193,100,16,183,9,10,11,73,12129
59,93,0,405,200,88,10,187,32,13,25,76,13331
60,93,0,132.5,47,5,4,5,6,42,2,32,4720
61,93,0,378.5,171,70,11,157,44,14,42,14,10533
62,93,0,78,35,16,4,18,3,17,5,28,2902
63,93,0,407,216,115,6,177,18,39,19,150,13459
64,93,1,40,13.3,0.8,1.7,0.8,0.8,12.5,0.8,10,1276.7
65,93,0,1006,372,102,51,372,87,0,129,0,26590
70,93,0,46,18,4,2,14,6,4,4,5,1500
71,93,0,246,79,13,15,20,12,59,11,20,6709
72,93,0,178,73,21,4,21,6,52,2,53,6137
73,93,0,25,13,5,1,5,1,8,0,7,1161
74,93,0,30,11,1,1,0,1,11,0,9,1111
75,93,0,291.5,114,41,17,108,20,6,24,31,7787
76,93,0,446,213,94,10,202,25,11,16,48,12228
77,93,0,145.5,65,19,4,37,11,28,3,51,4757
78,93,0,137,68,25,1,29,11,39,4,50,4749
79,93,0,115.5,47,10,4,3,4,44,2,41,4120
80,93,0,139.5,50,7,7,1,5,49,3,45,4725
81,93,0,85,34,10,2,2,3,32,1,31,3201
82,93,1,5,1.7,0.3,0.2,0.2,0.1,1.5,0.2,1.2,171.8
86,93,1,1,0.3,0,0.1,0,0,0.3,0.1,0.2,25
120,93,1,7,2.3,0.4,0,0.2,0,2.1,0,1.7,246.5
121,93,0,75.5,30,5,0,0,3,30,0,29,3440
122,93,1,3,1.1,0.1,0,0,0.1,1.1,0,1,138.4
0,94,0,276.5,137,52,4,137,17,0,11,85,10485
1,94,1,3,1.2,0.4,0.2,0.4,0.1,0.8,0.2,0.9,135.7
3,94,1,7,2.8,1,0.4,0.9,0.1,1.9,0.4,2.1,316.6
4,94,1,7.5,3,1.1,0.5,0.9,0.2,2.1,0.5,2.2,339.3
5,94,0,43,13,3,2,10,0,3,3,8,1782
6,94,1,9,5.6,3.4,0,4.3,0,1.3,1.3,1.7,597.9
7,94,0,103.5,55,29,2,54,11,1,12,12,3644
8,94,0,769,447,264,17,447,38,0,89,123,27704
9,94,0,237.5,127,61,2,127,7,0,16,46,10096
10,94,0,878.5,525,301,11,525,33,0,76,136,35856
11,94,0,731.5,401,219,12,401,29,0,65,61,28661
12,94,0,131.5,69,31,2,69,8,0,11,15,5673
13,94,0,296.5,137,52,11,137,8,0,7,70,14675
14,94,0,1248,668,353,25,666,45,2,85,233,46191
15,94,0,493,239,106,11,239,19,0,18,102,19797
16,94,0,1311.5,616,262,35,616,57,0,66,288,47952
17,94,0,991,486,203,20,485,37,1,37,246,37331
18,94,0,1135.5,601,312,23,601,58,0,85,169,40333
19,94,0,1000,551,307,21,550,43,1,71,113,35255
20,94,0,470,200,59,13,199,24,1,10,128,20024
21,94,1,4,2.3,1.3,0.1,2.3,0.4,0,0.3,0.5,133.8
22,94,0,523,286,155,8,284,13,2,28,112,20142
23,94,0,1046,515,256,28,508,50,7,66,229,34880
24,94,0,847,434,218,19,431,44,3,62,170,25368
25,94,0,290.5,151,87,13,142,10,9,32,67,9204
26,94,0,862.5,434,213,26,425,34,9,44,189,28404
27,94,0,935.5,472,216,20,466,28,6,58,243,31014
28,94,0,1519,925,615,37,922,95,3,259,49,44363
29,94,0,1146,582,276,31,576,70,6,74,232,40189
30,94,0,851.5,407,190,26,385,35,22,47,163,27022
31,94,0,621.5,239,93,40,239,40,0,71,37,16939
32,94,0,687.5,391,208,10,375,35,16,55,215,24563
33,94,0,601,298,152,23,286,22,12,35,145,19252
34,94,0,564,245,91,23,227,37,18,39,136,17553
35,94,1,121.5,30.1,4.9,8.7,6.8,3.9,23.3,1.9,20.4,3922
36,94,0,123,52,15,6,39,4,13,4,38,4241
37,94,0,99,38,10,5,8,3,30,6,30,3899
39,94,1,5,2.2,0.7,0.1,1.1,0.3,1.1,0.5,0.8,152
40,94,1,24,10.4,3.2,0.6,5.2,1.3,5.2,2.6,3.9,729.7
41,94,1,22,9.8,3.1,0.8,3.1,0.8,6.7,1.2,4.3,940.5
42,94,1,2,0.9,0.3,0.1,0.3,0.1,0.6,0.1,0.4,85.5
47,94,1,4,1.8,0.6,0.1,0.8,0.3,1,0.4,1,160.1
48,94,1,2,0.9,0.3,0.1,0.4,0.2,0.5,0.2,0.5,80.1
49,94,0,59,29,10,1,9,1,20,2,27,2273
50,94,0,112.5,36,3,6,0,10,36,8,8,3179
51,94,0,264.5,78,9,21,0,7,78,9,39,7000
52,94,0,113,49,18,6,33,6,16,10,36,3574
53,94,0,173,107,71,5,102,5,5,18,35,5348
54,94,0,163.5,82,35,4,42,11,40,11,50,6365
55,94,0,151.5,55,11,7,20,4,35,6,46,5269
56,94,0,406,167,53,15,134,18,33,15,66,11169
57,94,0,51.5,22,7,2,12,2,10,5,12,1529
58,94,0,766,361,153,26,358,43,3,41,83,21066
59,94,0,444,206,85,22,197,35,9,30,67,13114
60,94,0,532,208,59,21,189,30,19,25,70,14067
61,94,0,470,244,98,5,242,29,2,13,153,16963
62,94,0,209.5,105,49,4,90,10,15,19,47,6794
63,94,0,225.5,83,13,12,47,14,36,10,65,6790
64,94,0,324.5,113,35,27,109,26,4,43,3,7788
65,94,0,1092,367,93,74,367,65,0,145,1,29395
66,94,1,10,4,1.1,0.6,1.9,0.6,2.1,0.6,1.9,339.4
67,94,1,9,3.6,1,0.6,1.7,0.6,1.9,0.6,1.7,305.4
68,94,1,19,7.7,2.1,1.2,3.7,1.2,4,1.2,3.7,644.8
70,94,0,139,39,1,8,0,6,39,2,22,4354
71,94,0,117,40,7,5,0,3,40,4,34,4117
72,94,0,179,66,12,6,0,8,66,3,59,6491
73,94,1,22,9,3.4,0.6,0,2.8,9,1.7,9,899.7
74,94,0,194,65,8,12,0,5,65,4,65,5891
75,94,0,224,78,14,11,34,10,44,21,37,7003
76,94,0,103.5,36,6,8,1,2,35,3,28,4979
77,94,0,123,41,10,11,6,3,35,3,37,4191
78,94,0,105,40,9,7,0,4,40,2,38,3422
79,94,0,111,48,13,2,2,3,46,4,46,4372
80,94,0,159.5,52,6,8,0,1,52,1,50,4990
81,94,0,194,65,8,8,2,7,63,6,62,5731
82,94,1,97,33.4,6.4,4.8,4,1.6,29.4,4,23.9,3333
118,94,1,10,3.3,0.6,0,0.3,0,3,0,2.4,352.1
119,94,0,35,11,1,0,0,1,11,0,11,1335
120,94,0,34,12,3,3,0,0,12,0,11,1268
121,94,1,14,5.2,0.3,0,0,0.5,5.2,0.2,4.7,645.8
0,95,0,96,48,17,0,48,5,0,3,37,3798
1,95,0,275,147,74,3,139,9,8,11,100,11119
2,95,0,210,121,64,3,116,8,5,8,71,9376
3,95,0,75,37,22,3,28,1,9,8,13,2653
4,95,0,247,142,78,1,134,11,8,16,65,9652
5,95,0,271,133,63,9,117,15,16,23,48,10332
6,95,0,413,231,119,5,229,16,2,39,121,16735
7,95,0,202.5,113,64,7,112,9,1,17,41,7600
8,95,0,416,226,113,10,226,13,0,32,73,16008
9,95,0,908.5,464,214,17,463,34,1,59,191,37807
10,95,0,544.5,342,222,11,342,21,0,55,92,21872
11,95,0,524.5,291,151,11,291,31,0,40,77,20920
12,95,0,438.5,240,127,10,240,18,0,39,81,18807
13,95,0,306.5,135,48,8,134,12,1,6,69,16043
14,95,0,1134,536,234,34,536,35,0,37,198,46776
15,95,0,1214.5,602,269,28,601,65,1,54,227,47548
16,95,0,871.5,413,181,22,412,35,1,30,191,33844
17,95,0,1726,856,412,51,856,125,0,168,253,56340
18,95,0,830.5,541,363,12,540,35,1,104,143,29853
19,95,0,1402,839,505,20,836,54,3,109,224,48808
20,95,0,854,408,154,15,406,41,2,33,204,36698
21,95,0,249,115,45,6,115,23,0,24,21,8258
22,95,0,838.5,419,198,23,404,26,15,38,225,30940
23,95,0,790.5,450,272,19,430,29,20,88,141,26857
24,95,0,723.5,408,245,14,396,22,12,64,134,21664
25,95,0,305.5,117,36,19,95,12,22,22,32,8272
26,95,0,1202,564,257,40,547,56,17,88,199,37742
27,95,0,1007.5,544,293,21,539,37,5,62,330,36498
28,95,0,1148.5,686,420,23,686,67,0,129,208,36782
29,95,0,644,332,168,15,332,21,0,39,144,22283
30,95,0,890.5,483,243,13,482,69,1,54,272,29876
31,95,0,777.5,414,213,13,401,32,13,43,244,27166
32,95,0,557.5,268,113,15,255,25,13,26,141,20061
33,95,0,303,121,40,16,93,24,28,18,37,9542
34,95,0,269,127,48,6,111,19,16,22,47,8899
35,95,1,149.5,66.9,23.9,4.8,25.8,8.6,41.1,6.7,34.4,4778.3
36,95,0,176,61,13,12,11,5,50,2,52,6737
37,95,0,118.5,45,12,7,20,3,25,5,27,4126
38,95,1,35,13.7,4.7,2.2,2.5,1.1,11.2,1.8,10.1,1223.9
39,95,0,43,22,10,1,7,0,15,4,14,1510
40,95,0,96,31,6,10,2,2,29,5,26,2893
41,95,0,132,46,8,6,3,10,43,6,29,4188
42,95,0,384.5,148,54,19,100,15,48,22,92,10214
43,95,0,190,61,16,16,6,4,55,9,54,5641
44,95,0,161,58,16,11,14,2,44,8,42,5118
45,95,0,89,27,2,7,2,3,25,3,22,2418
46,95,0,69,23,4,4,0,2,23,1,21,2129
47,95,0,74.5,24,1,2,0,2,24,2,22,2295
48,95,1,22,8.6,2.9,1.3,1.9,0.3,6.7,1,6.4,810.2
51,95,1,20,6.1,0.8,1.3,0.6,0.4,5.5,0.8,5,665.1
52,95,1,11,3.4,0.4,0.7,0.3,0.2,3.1,0.4,2.7,365.8
53,95,0,101,32,5,6,6,6,26,2,28,2987
54,95,0,128,53,15,4,9,4,44,5,38,4966
55,95,0,103,38,10,3,7,5,31,5,28,3778
56,95,0,130.5,49,9,4,6,5,43,1,43,5067
57,95,0,108,46,13,4,7,6,39,5,34,4177
58,95,0,86,41,18,3,11,2,30,4,27,3430
59,95,0,369,148,48,19,122,24,26,22,46,11420
60,95,0,121.5,47,13,5,16,4,31,3,35,4130
61,95,0,585,258,93,20,258,50,0,55,121,18927
62,95,0,416,189,85,18,180,22,9,29,39,13790
63,95,0,74,25,2,5,1,1,24,1,24,2848
64,95,0,840,421,186,18,420,54,1,45,191,23525
65,95,1,14,5.6,1,0,1.3,0.5,4.3,0.3,4.3,536.1
66,95,0,72,29,9,3,9,2,20,4,21,2427
67,95,0,39,15,4,1,0,3,15,2,14,1342
68,95,1,26,8.3,1.7,2.1,1.1,0.2,7.2,0.6,6.2,992.5
69,95,1,24,7.6,1.5,1.9,0.9,0.2,6.7,0.6,5.7,916.2
70,95,0,149.5,77,34,3,52,5,25,6,27,4793
71,95,0,168.5,66,17,7,33,9,33,8,39,5352
72,95,0,510,207,58,16,23,21,184,10,182,19033
73,95,1,14,5,0.6,0.6,0.1,0.8,4.9,0.2,3.1,451.6
74,95,0,382,147,39,16,132,38,15,27,17,10155
75,95,0,92,35,5,2,2,2,33,1,29,3471
76,95,0,75,33,6,0,0,6,33,2,30,3156
77,95,0,98,47,15,1,21,5,26,1,38,4096
78,95,0,157,74,30,4,40,5,34,1,61,5796
79,95,0,120,48,11,1,7,3,41,7,38,4265
80,95,0,166,55,7,10,0,3,55,1,54,4772
81,95,0,228,86,23,12,38,11,48,12,47,7202
82,95,0,285.5,111,37,14,89,22,22,19,64,9592
83,95,1,13,4.6,0.4,0.4,0,0,4.6,0,3.8,432.8
93,95,1,29,7.8,1.2,2.5,0.3,1.2,7.5,2.5,6.2,725.3
117,95,1,26,10,2.1,0.3,0.6,0.9,9.4,0.3,8.5,1068.7
118,95,0,64,15,0,5,0,0,15,0,15,2101
119,95,0,41,13,1,2,0,3,13,0,13,1504
120,95,1,3,1.2,0.2,0,0.1,0.1,1.1,0,1,123.3
0,96,0,250.5,101,42,14,101,14,0,13,0,6781
1,96,0,111.5,60,26,1,59,6,1,5,42,4389
2,96,0,318.5,177,91,2,175,8,2,29,95,11068
3,96,0,165,84,39,4,83,9,1,9,44,6443
4,96,0,79,39,14,1,34,4,5,5,18,3651
5,96,0,127.5,63,27,5,60,4,3,6,41,6440
6,96,0,272,122,49,9,122,13,0,11,49,11914
7,96,0,379,202,105,9,202,15,0,26,109,16928
8,96,0,1155.5,608,307,28,608,61,0,107,203,43185
9,96,0,1011,563,299,19,562,49,1,87,208,40326
10,96,0,1514,876,508,30,875,72,1,184,257,56103
11,96,0,1649.5,978,577,33,978,75,0,182,181,58887
12,96,0,135.5,79,40,2,78,2,1,9,36,6243
13,96,0,182.5,81,30,9,81,3,0,5,43,10794
14,96,0,714.5,308,114,32,307,33,1,21,163,35073
15,96,0,859.5,397,158,23,396,33,1,44,192,36881
16,96,0,1130,560,251,24,560,59,0,49,215,46086
17,96,0,1074.5,618,349,16,616,52,2,72,175,40034
18,96,0,1301.5,655,316,29,654,57,1,82,250,48076
19,96,0,873,479,247,20,476,43,3,55,181,32805
20,96,0,740.5,373,185,21,372,27,1,49,147,28869
21,96,0,614.5,348,203,15,343,21,5,66,117,22359
22,96,0,707.5,377,193,14,372,34,5,73,129,22664
23,96,0,1286,686,361,33,684,73,2,135,199,41828
24,96,0,1081,578,315,30,570,58,8,101,202,34373
25,96,0,1456.5,760,391,32,752,44,8,82,366,49751
26,96,0,1164.5,614,327,35,611,47,3,69,243,40025
27,96,0,337,180,92,7,178,29,2,41,53,11618
28,96,0,294.5,134,54,11,134,11,0,7,84,10589
29,96,0,366.5,195,97,4,195,10,0,17,119,14714
30,96,0,1086.5,505,210,34,488,49,17,54,325,33881
31,96,0,779,396,178,19,369,42,27,46,219,25567
32,96,0,235,162,112,2,151,10,11,44,70,7611
33,96,0,227,106,39,5,53,12,53,7,68,8335
34,96,0,146.5,70,32,5,50,2,20,5,51,5703
35,96,0,257.5,106,34,10,49,14,57,18,68,9367
36,96,0,202,80,25,11,23,9,57,10,47,6585
37,96,1,8,3.1,1.1,0.5,0.6,0.2,2.5,0.4,2.3,279.8
38,96,0,97.5,39,12,3,3,2,36,4,30,3206
39,96,1,17,6.7,2.3,1.1,1.2,0.5,5.5,0.9,4.9,594.5
40,96,0,113,39,7,5,1,2,38,3,38,3434
41,96,1,56.5,21.8,5,3.3,8.4,2.5,13.4,7.5,10.9,1951.1
42,96,0,230,100,40,10,71,10,29,10,78,6448
43,96,0,96,66,50,1,51,1,15,18,13,2669
44,96,0,290,103,32,16,53,4,50,16,86,7782
45,96,0,307,111,17,14,15,16,96,17,82,9287
46,96,1,2,0.8,0.3,0.1,0.2,0,0.6,0.1,0.6,73.7
47,96,1,24,9.4,3.1,1.4,2.1,0.3,7.3,1,7,883.8
48,96,0,139,55,10,7,1,3,54,3,52,5198
49,96,1,10,3.9,1.3,0.6,0.9,0.1,3,0.4,2.9,368.3
51,96,1,1,0.3,0,0.1,0,0,0.3,0,0.2,33.3
53,96,0,45,13,0,2,0,2,13,0,12,1441
54,96,1,10,3,0.4,0.7,0.3,0.2,2.7,0.4,2.5,332.6
56,96,1,5,1.5,0.2,0.3,0.2,0.3,1.3,0.1,1.2,166.8
57,96,0,23,12,6,1,3,0,9,1,12,899
58,96,0,43,18,4,1,3,0,15,0,15,2044
59,96,0,47.5,15,2,3,0,0,15,0,15,1873
60,96,0,46,16,2,2,7,2,9,3,10,1343
61,96,0,574,242,91,26,236,39,6,71,78,15142
62,96,0,342.5,148,55,12,147,15,1,16,111,10566
63,96,0,259,124,46,2,101,18,23,16,81,9192
64,96,0,536,264,105,8,255,36,9,27,167,17882
65,96,1,23,9.2,1.7,0,2.1,0.8,7.1,0.4,7.1,880.7
66,96,0,86.5,23,2,7,0,2,23,1,20,2634
67,96,1,10,3.2,0.6,0.8,0.4,0.1,2.8,0.2,2.4,381.7
68,96,1,17,5.4,1.1,1.3,0.7,0.1,4.7,0.4,4,649
69,96,1,19,6,1.2,1.5,0.7,0.2,5.3,0.5,4.5,725.3
70,96,0,508,164,24,36,143,33,21,35,18,13316
71,96,0,75,32,10,1,8,5,24,4,20,2564
72,96,0,113.5,36,7,9,4,5,32,4,21,2903
73,96,0,102,38,8,3,1,3,37,1,26,3175
74,96,1,75,27,3.4,3.4,0.9,4.2,26.1,0.8,16.9,2419.4
75,96,0,134.5,52,14,7,8,3,44,2,46,4705
76,96,0,361,127,33,19,104,29,23,31,25,9655
77,96,0,164,66,18,5,52,11,14,3,38,4545
78,96,0,75,27,6,5,1,1,26,2,25,2498
79,96,0,124,43,9,7,0,2,43,3,42,3999
80,96,0,104,41,10,6,0,1,41,2,39,3966
81,96,0,197,66,15,17,36,14,30,12,29,5419
82,96,0,158,54,12,12,33,12,21,6,21,4752
83,96,0,329.5,113,22,18,108,26,5,16,22,9414
84,96,1,3,1.1,0.1,0.1,0,0,1.1,0,0.9,99.9
85,96,1,2,0.7,0.1,0.1,0,0,0.7,0,0.6,66.6
93,96,1,17,4.6,0.7,1.5,0.2,0.7,4.4,1.5,3.7,425.2
94,96,1,7,1.9,0.3,0.6,0.1,0.3,1.8,0.6,1.5,175.1
95,96,1,5,1.3,0.2,0.4,0,0.2,1.3,0.4,1.1,125.1
116,96,0,37,12,0,1,0,0,12,0,12,1729
117,96,0,75.5,26,3,3,0,0,26,0,22,2899
118,96,0,52,16,0,3,0,1,16,0,16,2042
123,96,1,13,4.7,0.4,0.2,0,0.8,4.7,0,4.3,516.4
124,96,1,3,1.1,0.1,0,0,0.2,1.1,0,1,119.2
0,97,0,175.5,115,76,1,115,7,0,20,37,5997
1,97,0,499.5,250,117,11,250,36,0,58,17,14541
2,97,0,118,55,26,5,54,6,1,18,20,4006
3,97,1,42,16.2,3.8,1,16.2,1.9,0,1,5.7,1377.4
4,97,0,628,283,110,20,276,35,7,32,120,23207
5,97,0,135.5,59,22,5,59,8,0,7,38,5631
6,97,0,104.5,50,25,3,49,4,1,1,16,3735
7,97,0,542.5,292,148,10,289,28,3,34,140,19791
8,97,0,922,509,256,16,509,59,0,74,194,33535
9,97,0,508,263,131,13,263,37,0,46,76,18264
10,97,0,1604,898,502,26,898,110,0,202,266,52460
11,97,0,1603,888,477,32,887,73,1,146,273,54325
12,97,0,573,299,144,8,299,23,0,45,103,23713
13,97,0,244.5,119,47,3,119,9,0,12,50,12572
14,97,0,1279.5,597,248,43,596,42,1,42,303,56404
15,97,0,913.5,423,170,29,422,37,1,32,212,39114
16,97,0,1079.5,584,297,20,584,49,0,64,294,45743
17,97,0,1003,473,199,28,469,34,4,37,274,39705
18,97,0,1222.5,545,199,34,542,47,3,36,274,48253
19,97,0,862.5,359,107,31,358,34,1,22,190,39612
20,97,0,38,13,2,3,13,3,0,1,0,1725
21,97,0,749,342,122,19,329,43,13,26,104,23999
22,97,0,1332,683,348,34,683,75,0,112,201,44892
23,97,0,1100.5,535,250,29,535,60,0,75,180,34201
24,97,0,1103.5,563,290,38,556,60,7,115,134,33530
25,97,0,776,421,217,15,420,39,1,57,156,27506
26,97,0,1028,482,203,31,482,52,0,48,202,33157
27,97,0,270.5,163,92,3,151,20,12,23,78,10066
28,97,0,787,389,163,11,373,36,16,35,230,26682
29,97,0,715.5,339,138,11,306,39,33,43,168,22359
30,97,0,588.5,283,140,17,247,9,36,30,162,19964
31,97,0,171,72,25,8,34,5,38,5,52,6412
32,97,0,232,112,45,4,77,12,35,11,68,8434
33,97,0,474,244,116,11,240,26,4,50,117,15140
34,97,0,323,161,70,8,152,17,9,25,112,10190
35,97,0,224.5,109,45,6,63,14,46,30,50,8036
36,97,0,69,32,15,3,19,2,13,4,15,1975
37,97,0,49,13,1,5,0,1,13,4,12,1519
38,97,0,211.5,73,18,15,52,13,21,12,30,5765
39,97,0,80,27,9,7,5,2,22,4,20,2365
40,97,0,103,38,7,3,4,2,34,3,34,4012
41,97,0,145.5,44,7,10,2,5,42,6,38,4475
42,97,0,320.5,141,64,16,129,12,12,22,88,8449
43,97,0,121.5,42,13,9,10,1,32,7,30,3367
44,97,0,489,168,52,33,159,23,9,60,32,11410
45,97,0,113,37,9,10,2,1,35,5,36,3466
46,97,0,1288,440,118,89,440,90,0,184,2,31518
47,97,0,387.5,117,31,36,108,12,9,61,9,8618
48,97,0,146.5,52,9,9,0,4,52,6,47,4913
49,97,1,3,1.2,0.4,0.2,0.3,0,0.9,0.1,0.9,110.5
53,97,1,10,3,0.4,0.7,0.3,0.2,2.7,0.4,2.5,332.6
54,97,1,9,2.7,0.3,0.6,0.2,0.2,2.5,0.3,2.2,299.3
55,97,0,22.5,12,6,1,6,2,6,2,6,821
56,97,1,9,2.8,0.4,0.6,0.4,0.5,2.4,0.2,2.2,300.3
59,97,1,3,0.9,0.1,0.2,0.1,0.2,0.8,0.1,0.7,100.1
60,97,1,17,5.2,0.7,1.1,0.7,0.9,4.5,0.4,4.2,567.1
61,97,0,39.5,15,4,3,0,3,15,0,13,1340
62,97,0,68.5,33,14,1,33,3,0,3,22,2036
63,97,1,11,4.4,0.8,0,1,0.4,3.4,0.2,3.4,421.2
64,97,0,30,13,4,0,3,0,10,2,9,1342
66,97,1,3,1,0.2,0.2,0.1,0,0.9,0.1,0.7,114.5
67,97,1,3,1,0.2,0.2,0.1,0,0.9,0.1,0.7,114.5
69,97,1,4,1.3,0.3,0.3,0.2,0,1.1,0.1,1,152.7
70,97,0,91,38,9,1,2,1,36,3,36,3829
71,97,0,130,47,12,7,5,4,42,1,40,4778
72,97,0,104.5,48,18,3,18,6,30,4,31,4100
73,97,0,361,180,78,5,167,19,13,7,152,13574
74,97,0,162,51,6,12,2,4,49,5,41,4865
75,97,0,97.5,37,10,4,0,1,37,2,34,3488
76,97,0,158,58,11,6,2,5,56,3,54,5080
77,97,0,131.5,41,3,5,0,2,41,1,39,4300
78,97,0,101,35,2,3,6,3,29,2,28,3410
79,97,0,104.5,35,6,4,1,1,34,1,32,3417
80,97,0,141.5,47,4,8,0,4,47,2,43,4674
81,97,0,102,32,4,8,3,2,29,1,29,3272
82,97,0,65.5,25,1,1,0,1,25,0,25,2439
83,97,0,106.5,44,11,3,39,10,5,6,21,3465
84,97,0,37.5,17,4,0,0,2,17,1,16,1637
91,97,1,3,0.8,0.1,0.3,0,0.1,0.8,0.3,0.6,75
112,97,1,8,3.2,0.8,0.1,0.6,0.2,2.6,0.2,2.4,392.4
116,97,1,19,7.3,1.5,0.2,0.4,0.7,6.9,0.2,6.2,781
117,97,0,66.5,24,4,1,1,4,23,1,20,2515
118,97,0,44,16,1,1,0,0,16,0,15,1639
123,97,0,25,11,3,0,0,0,11,1,8,1092
124,97,1,26,9.4,0.8,0.4,0,1.5,9.4,0,8.7,1032.8
0,98,0,852.5,376,125,23,376,44,0,39,150,25686
1,98,0,98,50,23,1,48,3,2,3,32,4483
2,98,0,246,127,61,5,126,8,1,14,64,10033
3,98,1,2,0.8,0.2,0,0.8,0.1,0,0,0.3,65.6
4,98,0,530,234,93,16,229,19,5,13,156,22128
5,98,0,288.5,128,56,7,125,11,3,11,37,9844
6,98,0,661.5,397,235,9,396,49,1,104,58,22584
7,98,0,797,415,198,14,407,53,8,63,159,26975
8,98,0,826,443,226,16,440,52,3,83,169,26116
9,98,0,777,409,195,13,405,51,4,55,157,26470
10,98,0,1063.5,510,247,36,507,65,3,92,176,32825
11,98,0,1078,581,289,19,578,68,3,116,196,34479
12,98,0,407,199,92,9,198,12,1,27,92,17493
13,98,0,62,21,5,5,21,0,0,3,14,2966
14,98,0,948.5,395,135,43,394,27,1,17,200,44446
15,98,0,929,454,183,22,449,44,5,33,260,38545
16,98,0,1313,642,278,34,638,46,4,41,358,54268
17,98,0,612.5,272,103,23,265,18,7,21,168,28796
18,98,0,134.5,73,39,3,65,3,8,9,49,9090
21,98,0,1256.5,564,213,36,564,74,0,95,170,41611
22,98,0,575,249,120,27,249,38,0,64,0,15811
23,98,0,1293.5,562,224,49,562,56,0,91,202,38623
24,98,0,836.5,391,168,36,391,52,0,60,140,25288
25,98,0,162,93,50,2,88,4,5,9,49,6288
26,98,0,1519.5,744,346,41,739,78,5,135,211,44519
27,98,0,162,70,23,2,8,3,62,6,54,7635
28,98,1,117,59.5,21.4,2,17.6,2.9,41.9,3.9,40.9,5308.9
29,98,0,498,231,95,17,209,25,22,35,94,15802
30,98,0,580,278,119,14,224,31,54,46,101,17977
31,98,0,251.5,85,30,18,72,13,13,20,15,6861
32,98,0,150,87,51,1,80,6,7,10,47,5879
33,98,0,1028.5,409,144,56,403,63,6,141,75,27272
34,98,0,185,78,25,6,33,4,45,16,48,6492
35,98,0,145,70,29,3,19,6,51,7,48,5807
36,98,1,13,5.1,1.7,0.8,0.9,0.4,4.2,0.7,3.8,454.6
37,98,0,1255.5,435,115,90,433,100,2,174,3,31940
38,98,0,70,23,6,6,5,7,18,8,17,2068
39,98,1,7,2.7,0.9,0.4,0.5,0.2,2.2,0.4,2,244.8
40,98,0,83.5,27,4,4,2,2,25,5,24,2564
41,98,0,112.5,32,3,7,10,3,22,6,28,2791
42,98,0,501.5,233,113,21,200,22,33,78,82,12568
43,98,0,461.5,188,75,23,188,21,0,38,87,11483
44,98,0,238.5,96,40,15,94,11,2,19,50,5763
45,98,0,812.5,293,78,51,284,40,9,74,139,23156
46,98,0,874.5,279,69,70,279,62,0,109,49,22882
47,98,1,6,2.3,0.8,0.3,0.5,0.1,1.8,0.3,1.7,221
48,98,0,858,291,73,64,269,65,22,138,17,21946
52,98,1,3,0.9,0.1,0.2,0.1,0.1,0.8,0.1,0.7,99.8
54,98,1,15,4.6,0.6,1,0.4,0.3,4.2,0.6,3.7,498.9
55,98,0,22,12,6,1,0,1,12,3,9,1065
56,98,1,22,6.8,0.9,1.4,0.9,1.2,5.9,0.5,5.4,734
58,98,1,9,2.8,0.4,0.6,0.4,0.5,2.4,0.2,2.2,300.3
60,98,1,7,2.2,0.3,0.4,0.3,0.4,1.9,0.1,1.7,233.5
68,98,1,14,4.4,0.9,1.1,0.5,0.1,3.9,0.3,3.3,534.4
69,98,1,6,1.9,0.4,0.5,0.2,0,1.7,0.1,1.4,229
70,98,0,54,17,3,4,0,1,17,1,17,2150
71,98,0,80.5,30,3,2,2,4,28,1,26,3833
72,98,0,136,46,8,6,3,6,43,4,38,4723
73,98,0,85.5,33,6,3,2,2,31,4,27,4151
74,98,0,91,31,6,6,6,5,25,3,24,3099
75,98,0,195,83,23,5,42,14,41,8,68,6688
76,98,0,105,41,9,4,0,2,41,1,40,4446
77,98,0,183.5,64,17,11,2,0,62,2,58,5503
78,98,0,106,41,11,5,0,1,41,2,37,4040
79,98,0,146,54,12,6,6,2,48,2,49,4871
80,98,0,127,50,12,5,0,3,50,1,49,5154
81,98,0,102,42,7,3,0,4,42,1,41,4345
82,98,0,316.5,120,14,5,0,15,120,1,117,12075
83,98,0,68,27,6,3,1,1,26,0,25,2591
84,98,0,64,25,6,3,0,2,25,0,25,2527
85,98,1,13,4.6,0.4,0.4,0,0,4.6,0,3.8,432.8
94,98,1,3,0.8,0.1,0.3,0,0.1,0.8,0.3,0.6,75
110,98,1,3,1.2,0.3,0,0.2,0.1,1,0.1,0.9,147.2
111,98,1,1,0.4,0.1,0,0.1,0,0.3,0,0.3,49.1
116,98,1,10.5,4,0.9,0.1,0.2,0.4,3.8,0.1,3.4,431.6
117,98,0,90,35,4,3,2,0,33,2,33,3182
118,98,0,90,36,9,3,2,4,34,3,30,3253
119,98,0,43.5,18,3,1,0,1,18,0,17,1910
122,98,1,6,2.2,0.2,0.1,0,0.3,2.2,0,2,238.3
123,98,1,21,7.6,0.6,0.3,0,1.2,7.6,0,7,834.2
124,98,0,37,11,1,2,0,1,11,1,10,1189
0,99,0,703,413,233,9,413,52,0,88,98,21830
1,99,0,259,165,105,3,165,11,0,37,57,9971
2,99,0,48,26,13,1,26,0,0,2,14,2054
3,99,0,740,357,140,13,355,25,2,17,271,31986
5,99,0,213,103,41,6,98,4,5,5,69,11586
6,99,0,545,279,138,12,276,33,3,34,141,20861
7,99,0,456,239,111,9,235,25,4,17,100,17857
8,99,0,899.5,490,251,12,488,48,2,67,158,30728
9,99,0,730,438,266,8,438,46,0,46,165,26545
10,99,0,805,423,206,12,419,36,4,50,152,30230
11,99,0,1001,511,234,18,511,42,0,55,248,35468
12,99,0,708.5,351,146,12,349,31,2,56,173,27807
13,99,0,32,15,7,1,15,1,0,0,7,1166
14,99,0,527,239,97,20,239,17,0,10,121,26043
15,99,0,1461.5,661,254,43,658,58,3,48,329,61071
16,99,0,457.5,206,79,14,205,16,1,15,128,21979
17,99,0,115,53,19,6,50,1,3,2,35,7039
21,99,0,957.5,344,94,60,344,65,0,88,85,27485
22,99,0,855,342,110,35,342,49,0,55,158,26396
23,99,0,865,382,158,41,382,51,0,82,97,29341
24,99,0,263.5,146,72,1,146,9,0,30,78,9091
25,99,0,560,277,164,27,274,31,3,102,33,13529
26,99,0,782,358,164,33,348,39,10,63,104,23652
27,99,0,355,179,81,10,172,7,7,11,124,14565
28,99,1,3,1.5,0.6,0,0.4,0.1,1.1,0.1,1,136.1
29,99,0,483.5,255,142,11,209,38,46,78,44,11073
30,99,0,782.5,328,126,32,303,47,25,57,118,22497
31,99,0,518.5,247,113,19,228,25,19,27,102,16364
32,99,0,389.5,231,140,9,204,20,27,27,102,12434
33,99,0,410.5,211,98,7,174,15,37,21,94,14269
34,99,0,615,275,106,21,274,32,1,30,199,18026
35,99,1,7,3.1,1.1,0.2,1.2,0.4,1.9,0.3,1.6,223.7
36,99,0,107.5,37,8,6,37,4,0,13,0,2872
37,99,0,57,27,11,2,10,3,17,9,12,2297
38,99,0,180,52,7,14,13,8,39,12,31,4887
39,99,1,10,3.9,1.3,0.6,0.7,0.3,3.2,0.5,2.9,349.7
40,99,1,7,2.7,0.9,0.4,0.5,0.2,2.2,0.4,2,244.8
41,99,1,9,3.5,0.8,0.5,1.3,0.4,2.2,1.2,1.7,310.8
42,99,0,275,78,22,29,78,11,0,38,1,5613
43,99,0,467.5,170,74,43,170,20,0,45,54,10739
44,99,0,355.5,110,29,31,110,18,0,32,12,8275
45,99,1,2,0.8,0.2,0.1,0.3,0.1,0.5,0.3,0.4,69.1
46,99,1,2,0.8,0.3,0.1,0.2,0,0.6,0.1,0.6,73.7
47,99,0,768,258,82,62,258,52,0,116,2,19883
48,99,0,263,118,56,14,118,20,0,49,0,7811
51,99,1,1,0.3,0,0.1,0,0,0.3,0,0.2,33.3
52,99,1,1,0.3,0,0.1,0,0,0.3,0,0.2,33.3
54,99,1,10,3,0.4,0.7,0.3,0.2,2.7,0.4,2.5,332.6
55,99,1,14,4.3,0.5,0.9,0.4,0.3,3.9,0.5,3.5,465.6
59,99,1,9,2.8,0.4,0.6,0.4,0.5,2.4,0.2,2.2,300.3
60,99,1,13,4,0.6,0.8,0.5,0.7,3.5,0.3,3.2,433.7
62,99,1,7,2.8,0.5,0,0.6,0.3,2.2,0.1,2.2,268
71,99,0,66,26,6,2,7,2,19,2,19,3331
72,99,0,119.5,44,7,4,0,4,44,2,43,5176
73,99,0,195,79,23,7,22,8,57,2,66,6908
74,99,0,198,79,21,8,43,13,36,5,63,7025
75,99,0,153,58,15,3,0,4,58,0,56,4520
76,99,0,122,42,6,6,0,4,42,0,39,4250
77,99,0,78,20,2,9,0,3,20,0,19,2222
78,99,0,175.5,48,3,10,0,5,48,3,46,5271
79,99,0,111.5,37,5,3,0,4,37,4,37,3885
80,99,0,130.5,51,9,5,6,6,45,5,42,4706
81,99,0,91,30,4,4,0,2,30,0,26,3613
82,99,0,71,29,7,3,0,1,29,3,26,2824
83,99,0,29,11,2,0,0,0,11,0,11,1085
84,99,0,258,95,12,6,0,11,95,1,92,8862
85,99,0,108,37,5,3,0,2,37,0,34,3774
90,99,1,1,0.3,0,0.1,0,0,0.3,0.1,0.2,25
91,99,1,16,4.3,0.7,1.4,0.2,0.7,4.1,1.4,3.4,400.2
92,99,1,11,3,0.5,0.9,0.1,0.5,2.9,0.9,2.4,275.1
98,99,1,3,1.2,0.3,0,0.2,0.1,1,0.1,0.9,147.2
116,99,1,27.5,10.6,2.2,0.3,0.7,1,9.9,0.3,9,1130.4
117,99,0,80.5,31,5,2,0,0,31,0,28,3061
118,99,0,93,36,4,2,0,0,36,1,35,3745
119,99,0,90,32,2,2,0,2,32,3,30,3600
120,99,0,29.5,11,1,1,0,0,11,0,11,1108
122,99,0,34,11,2,2,0,0,11,0,9,1833
123,99,0,61,25,5,2,0,0,25,0,24,3175
124,99,0,45,18,5,1,0,1,18,0,17,2491
0,100,0,762,469,289,9,467,35,2,71,124,27960
1,100,0,156.5,85,39,1,85,7,0,6,25,6190
2,100,0,243.5,111,55,10,111,19,0,18,55,8533
4,100,1,4,2.1,0.8,0,2,0.2,0.1,0.1,0.7,172.2
5,100,0,544.5,261,106,18,259,28,2,20,151,26382
6,100,0,1058,547,247,15,538,62,9,39,314,41969
7,100,0,973,467,195,20,458,59,9,56,222,34423
8,100,0,1214.5,621,289,14,616,59,5,63,334,41385
9,100,0,987,478,208,25,476,84,2,77,152,29775
10,100,0,833,476,257,11,471,28,5,63,185,29517
11,100,0,1541.5,799,402,31,796,74,3,123,322,47987
12,100,0,871,409,161,14,400,37,9,35,244,29163
13,100,0,301,150,65,6,147,14,3,14,91,12575
15,100,0,478.5,209,63,11,203,18,6,10,145,26283
16,100,1,52,23.1,6.2,0.9,21.3,0.9,1.8,1.8,14.2,2876.4
21,100,0,493,213,82,21,213,32,0,27,83,17181
22,100,0,827,476,282,14,476,25,0,85,200,27940
23,100,0,1017.5,515,234,21,515,40,0,50,336,38698
24,100,0,523,302,167,4,297,14,5,63,123,18676
25,100,0,370.5,191,92,4,183,8,8,26,113,12707
26,100,0,454.5,228,101,7,223,13,5,20,126,16202
27,100,0,425.5,225,97,7,221,11,4,16,147,18493
28,100,0,809.5,470,257,12,456,37,14,97,205,28215
29,100,0,695,350,176,18,331,39,19,66,93,21121
30,100,0,648.5,331,165,17,321,37,10,58,161,19424
31,100,0,224,89,26,11,81,22,8,27,11,5926
32,100,0,285,106,31,15,54,12,52,13,66,8318
33,100,0,447,207,93,17,181,29,26,93,30,11375
34,100,0,968.5,358,116,67,330,49,28,146,32,24380
35,100,1,22,9.6,3.4,0.7,6.5,1.4,3.1,2,5.5,716.6
36,100,0,340.5,134,54,20,132,13,2,24,15,8423
37,100,1,15,5.5,1.1,0.7,0.8,0.5,4.7,1.2,3.7,499.1
38,100,0,145,61,26,10,56,7,5,11,29,3889
39,100,0,89,25,4,8,0,3,25,8,0,2388
42,100,0,206.5,75,17,10,75,6,0,13,63,5786
43,100,0,252,84,20,18,84,9,0,20,31,6293
44,100,0,140,84,41,1,84,5,0,55,0,1976
45,100,0,187,65,20,11,63,7,2,7,30,4362
46,100,0,199,105,65,8,90,7,15,47,15,5119
47,100,0,251,104,44,16,89,11,15,23,46,6308
48,100,1,9,3.6,0.2,0.2,0,0.9,3.6,0.2,3.4,348.2
54,100,1,9,3.5,1.4,0.5,0.5,0,3,0.7,3.2,294.2
55,100,1,1,0.4,0.2,0.1,0.1,0,0.3,0.1,0.4,32.7
56,100,1,5,1.3,0.3,0.4,0.1,0.1,1.2,0.5,1,117.7
58,100,1,28,7.5,1.5,2,0.5,0.5,7,3,5.5,659
59,100,1,13,3.5,0.7,0.9,0.2,0.2,3.3,1.4,2.6,306
60,100,1,10,2.7,0.5,0.7,0.2,0.2,2.5,1.1,2,235.4
61,100,1,10,3.9,0.8,0.1,1,0.4,2.9,0.4,3.2,399.8
62,100,1,8,3.1,0.6,0.1,0.8,0.3,2.3,0.3,2.5,319.8
63,100,1,5,2,0.4,0.1,0.5,0.2,1.5,0.2,1.6,199.9
71,100,1,2,0.9,0.1,0,0,0.1,0.9,0,0.8,137.5
72,100,1,40.5,17.3,2.5,0.6,0,1.2,17.3,0.6,16.1,2784.3
73,100,0,123,53,18,4,34,8,19,4,19,5274
74,100,0,138,52,11,6,0,5,52,1,50,5388
75,100,0,201,104,45,3,72,12,32,4,70,7107
76,100,0,248,98,23,7,38,10,60,3,77,9011
77,100,0,111.5,44,7,3,1,3,43,0,42,4264
78,100,0,67,23,1,3,1,1,22,1,23,2460
79,100,1,17,7,2.3,0.7,0.2,0,6.8,0.7,6.5,707.9
80,100,0,115,40,4,3,0,1,40,1,39,4187
81,100,0,87,31,4,4,2,3,29,1,30,3428
82,100,0,83,25,2,3,0,5,25,3,17,2563
83,100,1,28,9.8,1.5,0.8,0,1.5,9.8,0,9.1,924.8
84,100,0,166,60,7,8,2,8,58,2,55,5956
85,100,0,44,17,2,2,1,1,16,2,15,1813
89,100,1,21,8.3,1.8,0.3,0,0.3,8.3,0.9,6.8,957.4
90,100,0,76,27,2,5,1,1,26,1,25,2818
91,100,0,91,34,6,5,0,1,34,1,33,3609
92,100,0,55,23,0,0,0,2,23,0,21,2685
93,100,1,28,10.1,1,1.4,0,0,10.1,0,9.7,1081.4
94,100,1,24,8.7,0.8,1.2,0,0,8.7,0,8.3,926.9
116,100,1,15,4.9,0.4,0.6,0.2,0.2,4.7,0,4.5,524.4
117,100,0,99,29,2,7,0,1,29,0,29,3434
118,100,0,64,25,3,0,1,1,24,1,24,2588
119,100,0,69,29,5,1,0,2,29,2,29,3035
120,100,1,25,8.1,0.6,0.9,0.3,0.3,7.8,0,7.5,874.1
121,100,1,12,3.9,0.5,0.5,0,0.3,3.9,0,3.8,576.3
122,100,0,37,16,2,0,0,0,16,0,16,1964
123,100,0,69,23,3,2,0,1,23,1,23,2474
124,100,1,25,8.2,1,1,0,0.7,8.2,0,7.9,1200.7
127,100,1,5,1.8,0.4,0.2,0.6,0.2,1.2,0.2,1.2,182.4
0,101,0,528,276,157,22,272,24,4,38,62,15500
2,101,0,480.5,241,111,9,239,20,2,20,134,18417
3,101,0,294,159,90,7,158,9,1,31,48,12941
4,101,0,243.5,127,53,4,125,20,2,11,36,9682
5,101,0,420,228,111,9,227,33,1,45,103,20761
6,101,0,402,196,80,6,191,23,5,10,130,17109
7,101,0,617,281,110,18,269,34,12,20,163,21571
8,101,0,730.5,343,136,19,334,32,9,20,194,27447
9,101,0,981,454,176,22,453,45,1,47,196,33410
10,101,0,913.5,495,256,11,481,49,14,49,189,30712
11,101,0,1364,706,344,27,699,84,7,77,318,43599
12,101,0,994.5,491,226,13,483,58,8,51,279,33694
13,101,0,240.5,124,62,3,120,7,4,16,61,10233
18,101,1,6.5,2.9,0.8,0.1,2.7,0.1,0.2,0.2,1.8,359.6
21,101,0,449,202,97,27,202,38,0,77,0,10689
22,101,0,293,217,162,1,217,8,0,80,30,9048
23,101,0,155,60,17,8,60,13,0,16,15,4246
24,101,1,2,0.9,0.2,0,0.9,0.2,0,0,0,61.7
25,101,1,3,1.3,0.3,0,1.3,0.3,0,0,0,92.5
26,101,0,86.5,80,73,0,80,2,0,52,0,1695
27,101,0,69.5,37,20,2,27,3,10,18,11,2590
28,101,0,351,189,113,10,178,21,11,72,26,9742
29,101,0,781,374,170,25,356,38,18,83,101,22756
30,101,0,478.5,222,102,15,214,26,8,34,66,14496
31,101,0,423.5,198,79,8,193,12,5,20,130,15363
32,101,0,264,131,51,3,112,8,19,14,84,9333
33,101,0,468.5,192,71,23,189,33,3,66,38,11842
35,101,0,31,13,3,1,0,2,13,1,9,1133
36,101,0,265.5,160,101,3,154,8,6,30,19,7576
37,101,0,229,115,58,8,107,6,8,7,43,6455
38,101,0,78,22,4,6,3,0,19,4,16,2260
39,101,0,40,12,0,4,0,3,12,3,10,1097
41,101,0,1862,667,199,131,667,107,0,305,4,45851
42,101,0,333,140,65,18,139,19,1,69,42,7213
43,101,0,1528,521,118,111,521,62,0,156,399,39927
44,101,0,803.5,270,72,58,268,47,2,65,78,18226
45,101,0,283,93,22,19,61,11,32,13,73,7221
46,101,0,452.5,175,61,27,145,28,30,45,65,12304
47,101,0,241.5,80,6,12,0,7,80,6,79,6525
48,101,0,609.5,235,71,31,212,45,23,61,60,14061
49,101,0,323,138,55,14,128,16,10,26,80,8257
50,101,0,164,56,5,9,1,3,55,6,51,5544
61,101,1,3,1.2,0.2,0,0.3,0.1,0.9,0.1,0.9,119.9
62,101,1,19,7.5,1.5,0.2,2,0.7,5.5,0.7,6,759.6
63,101,1,7.5,2.9,0.6,0.1,0.8,0.3,2.1,0.3,2.4,299.9
72,101,1,12,5.1,0.7,0.2,0,0.4,5.1,0.2,4.8,825
73,101,0,89,34,4,0,0,0,34,0,33,4192
74,101,0,180.5,65,11,7,0,7,65,1,62,7502
75,101,0,237.5,84,10,6,0,11,84,1,80,7647
76,101,0,117,46,9,1,0,6,46,0,44,4589
77,101,0,88.5,32,5,2,0,3,32,0,31,3255
78,101,0,34,11,0,1,0,1,11,0,10,1092
80,101,1,9,3.7,1.2,0.4,0.1,0,3.6,0.4,3.5,374.8
81,101,1,5,1.8,0.3,0.1,0,0.3,1.8,0,1.6,165.1
87,101,1,1,0.4,0.1,0,0,0,0.4,0,0.3,45.6
89,101,0,62.5,17,1,5,0,2,17,1,15,1796
90,101,0,87.5,34,6,2,2,4,32,0,33,3256
91,101,0,111,41,5,2,1,4,40,0,39,4238
92,101,0,101,32,4,6,0,3,32,3,31,3215
93,101,0,52,18,2,2,0,1,18,0,18,2196
94,101,0,175.5,62,6,5,1,2,61,1,60,6681
95,101,1,6,2.2,0.2,0.3,0,0,2.2,0,2.1,231.7
107,101,1,7,2.6,0.5,0.2,0,0.1,2.6,0.1,1.8,264.4
117,101,1,18,5.9,0.4,0.7,0.2,0.2,5.7,0,5.4,629.3
118,101,0,211.5,66,12,13,51,13,15,23,15,5281
119,101,0,50,25,12,1,0,1,25,0,20,2305
120,101,0,70,29,4,0,0,1,29,1,27,3075
121,101,0,26,13,5,1,0,0,13,0,13,1239
122,101,0,36,15,2,0,2,1,13,0,15,1709
123,101,0,82,26,3,1,0,4,26,1,26,2979
126,101,1,2,0.7,0.2,0.1,0.2,0.1,0.5,0.1,0.5,73
127,101,1,2,0.7,0.2,0.1,0.2,0.1,0.5,0.1,0.5,73
0,102,0,1402.5,649,274,45,647,68,2,100,211,44956
1,102,0,258,135,62,2,135,7,0,9,83,10753
2,102,0,263,143,60,0,138,18,5,11,85,11170
3,102,0,294,139,53,4,109,20,30,10,89,10345
4,102,0,210,105,44,6,83,10,22,7,73,8515
5,102,0,709.5,347,155,23,345,73,2,86,2,24137
6,102,0,260.5,123,50,7,121,9,2,7,91,10428
7,102,0,481,231,95,10,230,21,1,14,147,18336
8,102,0,843,416,188,19,410,39,6,26,224,32860
9,102,0,639.5,316,144,11,309,38,7,32,104,21232
10,102,0,596.5,329,180,10,320,31,9,50,119,18404
11,102,0,1008.5,518,244,11,512,60,6,60,236,33414
12,102,0,727,343,135,18,339,43,4,29,205,24433
13,102,0,466,260,147,7,256,14,4,61,115,17810
14,102,0,182.5,95,45,2,94,10,1,12,52,7035
25,102,1,4,1.7,0.4,0,1.7,0.4,0,0,0,123.3
28,102,0,93.5,37,13,4,18,4,19,8,17,2884
29,102,0,210.5,97,41,11,66,5,31,17,40,7100
30,102,0,414.5,213,108,8,194,12,19,22,132,14961
31,102,0,629,285,127,26,240,46,45,73,65,17796
32,102,0,684.5,316,145,29,303,35,13,81,104,19275
33,102,0,153.5,62,24,9,62,7,0,24,7,3623
35,102,1,21.5,9.3,3.3,0.7,6.3,1.3,3,2,5.3,700.3
36,102,0,46,23,12,1,6,1,17,4,14,1743
37,102,0,218,91,39,13,85,12,6,20,8,5707
38,102,0,50,15,0,4,1,0,14,3,13,1285
39,102,1,19,6.9,1.4,0.9,1,0.7,5.9,1.6,4.7,632.2
42,102,0,1297.5,430,125,104,430,41,0,147,234,32433
43,102,0,315,94,24,29,82,10,12,32,67,7295
44,102,0,495.5,181,52,33,165,43,16,45,43,11943
45,102,0,87.5,28,8,8,1,0,27,2,26,2617
46,102,0,208,97,41,9,59,5,38,8,73,7724
47,102,0,315,132,49,13,94,13,38,19,82,10069
48,102,0,569.5,273,125,16,255,41,18,53,152,15747
49,102,0,1015.5,413,162,51,386,65,27,104,145,26506
50,102,0,60,17,1,6,3,1,14,2,15,1629
51,102,0,34,11,1,1,0,0,11,0,10,1028
52,102,1,8,3.1,1.2,0.4,0.4,0,2.7,0.6,2.9,261.5
60,102,0,109,38,8,4,0,7,38,20,0,1549
61,102,0,97,31,2,2,3,13,28,20,0,2389
62,102,1,15,5.9,1.2,0.2,1.6,0.6,4.3,0.6,4.7,599.7
63,102,1,21,8.2,1.6,0.3,2.1,0.8,6.1,0.8,6.6,839.6
64,102,1,7,2.7,0.5,0.1,0.7,0.3,2,0.3,2.2,279.9
72,102,0,121.5,44,4,4,0,3,44,0,39,5731
73,102,0,109.5,36,6,5,0,1,36,0,33,4406
74,102,0,176,64,7,7,0,2,64,0,63,6817
75,102,0,205,75,14,6,30,13,45,6,44,7344
76,102,1,31.5,12.9,4.2,1.3,0.4,0,12.5,1.3,12.1,1311.7
77,102,1,6,2.5,0.8,0.2,0.1,0,2.4,0.2,2.3,249.9
78,102,1,12,4.9,1.6,0.5,0.1,0,4.8,0.5,4.6,499.7
85,102,1,4,1.4,0.2,0.1,0,0.2,1.4,0,1.3,132.1
86,102,1,4,1.6,0.3,0.1,0,0.1,1.6,0.2,1.3,182.4
87,102,1,13,5.1,1.1,0.2,0,0.2,5.1,0.5,4.2,592.7
88,102,0,30.5,12,1,0,0,0,12,1,12,1184
89,102,0,95,33,4,4,7,3,26,2,26,3070
90,102,0,76,32,9,2,0,0,32,2,30,3155
91,102,0,80,29,3,2,0,4,29,0,29,2756
92,102,0,91,31,4,5,0,1,31,0,30,3391
93,102,0,183,70,9,4,0,9,70,1,70,6919
94,102,0,94.5,32,3,3,2,5,30,1,31,3310
95,102,0,98,33,4,4,0,1,33,1,32,3335
107,102,0,26.5,11,2,0,8,4,3,0,4,905
108,102,1,2,0.8,0.2,0.1,0,0,0.8,0,0.5,75.5
109,102,1,2.5,0.9,0.2,0.1,0,0,0.9,0,0.6,94.4
110,102,1,4,1.5,0.3,0.1,0,0.1,1.5,0.1,1,151.1
118,102,1,22,7.2,0.6,0.8,0.3,0.3,6.9,0,6.6,769.2
119,102,0,49,18,2,0,0,3,18,1,18,2028
120,102,0,33,11,0,0,0,1,11,0,10,1059
121,102,0,27,12,2,0,0,2,12,0,12,1432
122,102,0,57,22,5,0,0,1,22,0,20,2702
123,102,0,70,26,2,0,0,3,26,1,25,2735
124,102,0,49.5,19,2,0,0,2,19,1,19,1964
125,102,0,37,11,2,3,2,0,9,2,5,1291
126,102,1,7,2.5,0.6,0.3,0.9,0.3,1.6,0.3,1.6,255.4
127,102,1,9,3.2,0.7,0.3,1.1,0.3,2.1,0.3,2.1,328.4
0,103,0,1294.5,703,369,24,703,55,0,116,181,40799
1,103,1,19.5,10.2,3.7,0,9.6,1.1,0.6,0.5,3.2,839.3
2,103,0,252,143,82,3,143,10,0,38,32,7597
3,103,0,26,14,6,0,10,1,4,2,11,1926
4,103,0,256.5,124,51,5,119,16,5,9,80,10222
5,103,0,262,88,26,20,88,12,0,22,0,7530
6,103,0,173.5,81,32,7,76,3,5,4,49,6551
7,103,0,309,149,59,7,148,16,1,12,87,10952
8,103,0,900.5,420,177,37,420,79,0,73,24,27241
9,103,0,289.5,159,93,6,154,21,5,20,44,10359
10,103,0,190,113,70,1,111,12,2,18,28,6609
11,103,0,622,331,172,7,322,19,9,42,143,21916
12,103,0,745.5,337,141,22,315,50,22,63,127,23734
13,103,0,643.5,316,148,16,293,31,23,45,199,20779
14,103,0,342,163,72,8,148,14,15,24,103,14841
15,103,0,39,17,8,2,17,1,0,0,14,1864
17,103,0,263,118,31,7,118,7,0,3,97,14359
22,103,1,2,0.9,0.2,0,0.9,0.2,0,0,0,61.7
24,103,1,10.5,4.6,1.1,0,4.6,1.1,0,0,0,323.8
25,103,1,6,2.6,0.7,0,2.6,0.7,0,0,0,185
26,103,1,8.5,3.5,0.5,0,2.7,1.3,0.8,0,0,308.2
28,103,0,55,21,9,4,21,2,0,11,0,945
29,103,0,39.5,13,1,3,7,1,6,0,0,1247
30,103,1,12,5,0.8,0,3.8,1.9,1.2,0,0,435
31,103,0,198,104,48,2,79,11,25,8,59,6863
32,103,0,31.5,11,4,2,1,2,10,0,10,1189
33,103,0,174.5,82,37,6,80,6,2,13,42,4926
36,103,1,17,6.2,1.2,0.8,0.9,0.6,5.3,1.4,4.2,565.6
37,103,1,35,12.7,2.5,1.6,1.9,1.3,10.8,2.9,8.6,1164.5
38,103,0,203.5,70,14,13,37,3,33,7,57,6337
39,103,0,28,11,3,1,0,0,11,1,9,1224
40,103,0,209.5,62,12,17,62,10,0,18,0,4340
41,103,1,1,0.3,0.1,0.1,0.3,0.1,0,0.1,0,18.2
42,103,0,921.5,308,83,62,308,60,0,141,65,21944
43,103,0,217.5,63,13,22,53,17,10,23,8,4806
44,103,0,409,181,73,18,163,18,18,20,104,12308
45,103,0,400,179,78,15,162,7,17,20,116,12435
46,103,0,693,299,115,29,289,28,10,41,143,18966
47,103,0,529,218,85,24,211,35,7,54,56,13269
48,103,0,151,60,15,5,31,6,29,5,39,4913
49,103,0,136,38,5,14,1,2,37,5,36,3775
50,103,1,33,13.4,0.8,0.8,0,3.1,13.4,0.8,12.6,1276.8
51,103,0,58,21,4,2,0,1,21,4,19,1765
52,103,1,5,1.9,0.8,0.3,0.2,0,1.7,0.4,1.8,163.5
61,103,1,1,0.4,0.1,0,0.1,0,0.3,0,0.3,40
62,103,1,14,5.5,1.1,0.2,1.4,0.5,4.1,0.5,4.4,559.7
63,103,1,5,2,0.4,0.1,0.5,0.2,1.5,0.2,1.6,199.9
64,103,1,11,4.3,0.8,0.1,1.1,0.4,3.2,0.4,3.5,439.8
73,103,0,49.5,20,5,0,0,2,20,1,17,2066
74,103,0,125,49,5,4,0,4,49,0,49,5316
75,103,0,77,26,0,2,0,0,26,0,25,3316
86,103,1,2,0.8,0.2,0,0,0,0.8,0.1,0.6,91.2
87,103,0,74.5,23,0,3,5,4,18,2,15,3029
88,103,1,16,6.3,1.4,0.2,0,0.2,6.3,0.7,5.2,729.5
89,103,0,184.5,56,7,15,4,7,52,3,32,5348
90,103,0,101,35,8,6,2,2,33,3,31,3406
91,103,0,71,26,3,1,0,1,26,1,25,2622
92,103,0,42,16,3,2,3,0,13,1,14,1548
93,103,0,78,29,6,3,2,0,27,2,25,2961
94,103,0,54,26,7,1,2,2,24,0,25,2843
95,103,0,52,18,2,3,1,1,17,0,17,1753
108,103,1,1,0.4,0.1,0,0,0,0.4,0,0.3,37.8
109,103,0,32.5,14,5,0,1,2,13,1,9,1483
110,103,1,4,1.5,0.3,0.1,0,0.1,1.5,0.1,1,151.1
118,103,0,52,16,2,0,0,1,16,0,13,1885
119,103,0,83,30,7,2,3,0,27,1,26,3068
120,103,0,115,52,23,3,34,4,18,5,27,4320
121,103,0,80,36,9,0,13,6,23,2,25,3351
122,103,0,72,29,6,2,1,2,28,1,27,2882
123,103,0,110.5,48,12,4,23,6,25,2,30,4056
124,103,0,104.5,36,3,2,0,5,36,1,31,4315
125,103,0,88.5,26,1,3,0,1,26,0,25,3287
126,103,1,23,8.3,1.9,0.8,3,0.8,5.3,0.8,5.3,839.2
127,103,1,27.5,9.9,2.3,1,3.6,1,6.3,1,6.3,1003.4
2,104,1,13,6.8,2.5,0,6.4,0.7,0.4,0.4,2.1,559.5
3,104,0,261,120,50,8,118,13,2,12,73,10870
4,104,0,176,94,45,2,93,18,1,13,39,5442
6,104,0,410.5,141,37,22,134,27,7,20,46,11396
7,104,0,981,432,160,26,431,48,1,29,219,34114
8,104,0,234,93,20,9,51,5,42,3,76,10615
9,104,0,132,59,22,2,41,6,18,1,22,4382
10,104,0,257,127,58,4,126,10,1,11,71,8476
11,104,0,406.5,218,113,8,209,18,9,25,91,13367
12,104,0,198.5,90,29,3,90,8,0,8,69,6974
13,104,0,291.5,120,46,15,106,19,14,24,45,9395
14,104,0,116.5,54,18,1,49,7,5,2,42,4196
15,104,0,262,136,59,4,135,14,1,10,96,12652
17,104,0,258.5,110,31,4,110,8,0,8,42,9440
26,104,1,2,0.8,0.1,0,0.6,0.3,0.2,0,0,72.5
27,104,1,2,0.8,0.1,0,0.6,0.3,0.2,0,0,72.5
28,104,1,4,1.7,0.3,0,1.3,0.6,0.4,0,0,145
30,104,1,3,1.2,0.2,0,0.9,0.5,0.3,0,0,108.8
31,104,1,1,0.4,0.2,0,0.3,0.1,0.1,0.1,0.2,32.6
34,104,1,2,0.9,0.3,0.1,0.6,0.1,0.3,0.2,0.5,65.1
35,104,1,18,7.8,2.8,0.6,5.3,1.1,2.5,1.7,4.5,586.3
36,104,1,10,3.6,0.7,0.5,0.5,0.4,3.1,0.8,2.5,332.7
37,104,0,98.5,36,10,4,29,7,7,15,8,2763
38,104,0,89.5,37,10,4,13,3,24,4,24,3524
39,104,1,14,5.1,1,0.6,0.8,0.5,4.3,1.1,3.4,465.8
40,104,0,412,133,25,27,133,35,0,57,0,9930
41,104,0,1366.5,443,109,109,433,74,10,218,1,31441
42,104,0,986,314,73,73,300,59,14,160,15,21665
43,104,0,79,29,7,5,2,4,27,3,25,2667
44,104,1,79,24.7,6.9,6.9,22.7,4.9,2,10.9,1,1440.8
45,104,0,113,38,11,8,9,4,29,2,28,3866
46,104,0,259.5,108,38,11,83,14,25,14,55,7816
47,104,0,55,15,2,4,1,0,14,3,14,1463
48,104,0,81,25,6,7,3,0,22,4,21,2367
49,104,0,313.5,85,6,28,6,8,79,16,46,7439
50,104,0,71,24,2,3,3,2,21,2,18,2160
51,104,1,4,1.5,0.6,0.2,0.2,0,1.3,0.3,1.4,130.8
52,104,1,12,4.6,1.8,0.6,0.6,0,4,0.9,4.3,392.3
61,104,1,6,2.4,0.5,0.1,0.6,0.2,1.8,0.2,1.9,239.9
62,104,1,4,1.6,0.3,0.1,0.4,0.2,1.2,0.2,1.3,159.9
63,104,1,19,7.5,1.5,0.2,2,0.7,5.5,0.7,6,759.6
67,104,1,4,1.6,0.3,0.1,0,0,1.6,0,1.5,189.5
72,104,1,5,2.1,0.3,0.1,0,0.2,2.1,0.1,2,343.7
73,104,0,98,42,12,2,0,4,42,1,40,4298
74,104,1,4,1.7,0.2,0.1,0,0.1,1.7,0.1,1.6,275
75,104,1,2,0.9,0.1,0,0,0.1,0.9,0,0.8,137.5
87,104,1,14,5.5,1.2,0.2,0,0.2,5.5,0.6,4.5,638.3
89,104,0,161.5,51,9,10,7,3,44,2,35,5676
90,104,0,76,28,6,3,5,3,23,3,24,2720
91,104,0,71,20,1,3,1,0,19,2,18,1795
92,104,0,90.5,30,2,4,3,1,27,1,27,3132
93,104,0,87,30,1,4,0,2,30,2,27,3523
94,104,0,84,30,6,5,4,2,26,0,24,3170
95,104,0,77,24,3,3,0,2,24,2,21,2568
96,104,1,4,1.2,0,0.2,0,0.2,1.2,0.2,1.1,146.7
97,104,1,4.5,1.3,0,0.2,0,0.3,1.3,0.2,1.3,165
108,104,1,18,6.8,1.4,0.5,0,0.3,6.8,0.3,4.6,679.9
109,104,1,28,10.5,2.1,0.8,0,0.4,10.5,0.4,7.2,1057.7
118,104,0,31,12,3,0,1,0,11,0,12,1536
119,104,0,25,11,2,0,0,2,11,0,11,1469
120,104,0,32.5,17,5,0,12,3,5,1,13,1380
121,104,0,55,28,10,0,13,2,15,1,23,2690
122,104,0,132.5,70,38,4,58,6,12,1,37,4949
123,104,0,83.5,35,14,4,20,2,15,0,24,2885
124,104,1,6,2,0.2,0.2,0,0.2,2,0,1.9,288.2
125,104,1,33,10.9,1.3,1.3,0,0.9,10.9,0,10.4,1584.9
126,104,1,13,4.7,1.1,0.5,1.7,0.5,3,0.5,3,474.4
1,105,0,417,181,66,11,181,22,0,22,59,11713
2,105,0,1043,453,175,36,453,67,0,78,109,32090
3,105,1,18,7.3,2.7,0.7,5,1.1,2.3,1.1,4.1,644.4
4,105,1,20,8.1,3,0.8,5.6,1.3,2.5,1.3,4.6,715.9
5,105,0,224.5,89,22,6,89,16,0,3,54,9106
6,105,0,188,58,7,10,3,12,55,3,20,5896
7,105,0,195.5,112,69,3,98,6,14,12,46,7200
8,105,0,295,131,42,9,95,9,36,1,108,12960
9,105,0,626.5,302,116,10,302,31,0,16,145,22432
10,105,0,496.5,245,94,5,243,30,2,15,122,18254
11,105,0,453.5,269,152,9,259,30,10,45,94,15296
12,105,0,276.5,146,61,0,146,10,0,6,118,14222
13,105,0,994.5,476,189,20,476,63,0,29,218,35372
14,105,0,434,232,113,5,232,37,0,18,162,16037
15,105,0,56.5,20,4,3,15,2,5,0,19,2201
16,105,0,215,111,46,3,106,12,5,6,76,10200
17,105,0,331.5,169,83,10,169,22,0,32,56,11495
30,105,1,2,0.9,0.3,0,0.7,0.1,0.2,0,0.6,90.5
38,105,1,52,18.2,5.5,2.7,9.1,1.8,9.1,3.6,16.4,1326.5
39,105,0,556.5,186,46,43,181,36,5,62,3,14747
40,105,0,195,60,12,17,57,12,3,18,4,4775
41,105,0,353.5,119,23,20,118,26,1,46,37,6986
42,105,0,362.5,100,17,35,98,9,2,27,2,7943
43,105,0,1072,403,150,64,403,63,0,187,0,26098
44,105,0,92,22,1,12,0,0,22,2,21,2126
45,105,0,454,167,52,29,137,24,30,35,72,12319
46,105,0,119,45,8,5,14,6,31,5,33,4089
47,105,0,279,83,9,21,1,10,82,8,81,7562
48,105,1,7,3.3,1.2,0.3,0,0.2,3.3,0.5,3,307.2
49,105,0,120.5,37,6,9,2,3,35,4,29,3334
50,105,0,46,18,3,2,0,2,18,0,16,1678
62,105,1,8,3.6,1.1,0.2,0.2,0.6,3.4,1,2.5,284.6
63,105,1,13,5.9,1.9,0.3,0.3,0.9,5.6,1.5,4,462.4
73,105,1,110,43,8.6,3.8,0,0,43,0,41.1,5210.2
89,105,1,35,13.7,3.4,1.4,0,0.7,13.7,0.7,13.7,1528.3
90,105,1,16,6.3,1.6,0.6,0,0.3,6.3,0.3,6.3,698.7
91,105,0,83,29,3,3,0,1,29,1,27,2752
92,105,0,95.5,40,9,0,0,3,40,3,37,4037
93,105,0,89,41,10,1,11,4,30,2,30,3734
94,105,0,136.5,64,26,3,44,10,20,9,26,4475
95,105,0,40,11,1,3,0,1,11,2,9,1285
96,105,0,65,22,3,2,1,1,21,2,20,2236
97,105,1,30,8.8,0,1.4,0,1.9,8.8,1.4,8.4,1100
109,105,0,29,12,3,0,0,2,12,1,10,1155
122,105,1,3,1.2,0.1,0,0.1,0.1,1.1,0,1,166.1
124,105,1,11,4.3,0.4,0,0.4,0.4,3.9,0,3.5,608.9
125,105,0,68,23,3,3,0,2,23,1,22,2942
126,105,0,33,13,1,0,0,2,13,0,12,1446
0,106,0,403,202,100,13,190,18,12,54,78,13063
1,106,0,66,21,4,4,21,5,0,4,0,1364
2,106,0,694,351,162,12,347,52,4,75,46,20221
3,106,1,20,8.1,3,0.8,5.6,1.3,2.5,1.3,4.6,715.9
5,106,0,172.5,102,56,1,101,12,1,6,57,6936
6,106,1,42.5,18.5,5.9,2.2,6.7,2.2,11.8,2.2,16.3,2171.6
7,106,1,15,6.5,2.1,0.8,2.3,0.8,4.2,0.8,5.7,766.4
8,106,0,292.5,158,81,6,151,19,7,11,88,9798
9,106,0,197,88,28,4,68,9,20,1,62,7763
10,106,0,282.5,136,54,5,132,16,4,7,98,10655
11,106,0,225,122,59,3,108,8,14,5,81,9732
12,106,0,262.5,129,51,4,107,17,22,5,85,9342
13,106,0,188.5,87,30,4,75,15,12,10,48,6444
14,106,0,679.5,341,137,9,337,42,4,17,245,24871
15,106,0,227,92,33,10,83,17,9,13,37,8107
16,106,1,13,3.8,0.8,1,0.8,0,3,0.3,3.6,673.5
17,106,0,94,37,13,4,32,7,5,5,9,2633
18,106,0,428,213,109,18,197,27,16,54,56,14420
19,106,0,49.5,34,23,0,34,3,0,10,15,1744
31,106,1,2,0.9,0.3,0,0.7,0.1,0.2,0,0.6,90.5
40,106,1,5,1.8,0.5,0.3,0.9,0.2,0.9,0.4,1.6,127.5
41,106,0,180.5,69,19,9,69,9,0,23,40,3990
42,106,0,72.5,17,1,8,0,1,17,3,16,1660
44,106,0,183,69,23,12,67,9,2,14,35,4483
45,106,0,405.5,150,41,25,112,31,38,45,28,11136
46,106,0,191,56,5,15,3,12,53,8,35,5151
47,106,0,166,53,5,7,7,4,46,5,51,4732
48,106,0,215,62,17,19,56,21,6,31,6,4970
49,106,1,32,15.3,5.6,1.4,0,0.7,15.3,2.1,13.9,1404.5
50,106,1,7,3.3,1.2,0.3,0,0.2,3.3,0.5,3,307.2
63,106,1,2,0.9,0.3,0,0,0.1,0.9,0.2,0.6,71.1
64,106,1,4,1.8,0.6,0.1,0.1,0.3,1.7,0.5,1.2,142.3
65,106,1,4,1.8,0.6,0.1,0.1,0.3,1.7,0.5,1.2,142.3
66,106,1,1,0.4,0.1,0,0,0,0.4,0,0.4,47.4
91,106,0,31,13,6,1,4,0,9,0,9,1035
92,106,0,102,38,9,2,1,3,37,2,30,3588
93,106,0,109,44,10,3,8,4,36,3,31,4074
94,106,0,90,31,7,3,9,0,22,5,21,3210
95,106,0,121,49,17,5,22,2,27,3,29,4545
96,106,0,32,15,6,0,4,0,11,1,13,1829
97,106,0,217,110,52,4,79,4,31,7,44,7962
98,106,0,49,13,0,2,0,2,13,0,13,1555
107,106,1,7,2.6,0.4,0.2,0.2,0.3,2.4,0.2,2.1,302.7
109,106,1,17,6.3,1,0.4,0.6,0.7,5.7,0.4,5.1,735.1
110,106,1,3,1.1,0.2,0.1,0.1,0.1,1,0.1,0.9,129.7
123,106,1,5,1.9,0.2,0,0.1,0.2,1.8,0,1.6,276.8
124,106,0,43,16,4,0,3,1,13,1,14,1773
125,106,0,42,19,6,0,0,2,19,0,19,2350
126,106,0,50,21,3,2,0,3,21,1,21,2177
127,106,1,6,2.5,0,0.2,0,0.2,2.5,0,2.5,316.5
0,107,0,433,180,53,20,180,28,0,34,112,11732
1,107,0,648,322,173,22,302,34,20,101,29,16942
2,107,1,6,2.4,0.9,0.2,1.7,0.4,0.7,0.4,1.4,214.8
5,107,0,124.5,65,25,1,65,6,0,9,47,6186
6,107,0,292,150,71,7,139,8,11,10,101,13271
7,107,0,202,94,34,2,79,13,15,5,52,7750
9,107,0,94.5,48,17,2,46,4,2,2,28,3006
10,107,0,445.5,220,92,8,218,16,2,9,159,18308
11,107,0,127.5,63,27,5,36,5,27,2,41,4553
12,107,0,254,116,46,6,93,9,23,4,57,11331
13,107,0,392.5,207,83,3,200,36,7,11,144,14109
14,107,0,340,154,56,9,146,21,8,17,74,12428
15,107,0,63.5,24,6,3,7,2,17,0,19,1852
16,107,0,139,64,21,4,36,7,28,5,54,5195
17,107,0,108,50,22,4,39,4,11,11,11,3386
18,107,0,29,12,2,0,0,2,12,0,10,1541
19,107,0,561.5,259,111,20,246,47,13,62,41,17896
20,107,0,591,260,106,29,259,53,1,47,53,18850
21,107,0,495,275,157,11,275,24,0,54,91,14426
45,107,0,69,21,3,6,0,2,21,3,15,1988
46,107,0,203,95,39,8,76,7,19,15,62,6593
47,107,0,57,16,0,4,0,1,16,0,15,1724
64,107,1,7,3.2,1,0.2,0.2,0.5,3,0.8,2.2,249
65,107,1,4,1.8,0.6,0.1,0.1,0.3,1.7,0.5,1.2,142.3
92,107,0,49.5,20,5,1,5,2,15,1,14,2013
93,107,0,114,45,10,3,6,8,39,2,38,4782
94,107,0,108,36,3,4,0,4,36,2,34,3742
95,107,0,88,29,4,5,0,1,29,0,28,3493
96,107,0,108,40,9,5,0,3,40,2,33,4102
97,107,0,70,33,14,4,12,3,21,4,19,2425
98,107,0,73.5,23,4,4,0,1,23,0,21,2706
99,107,0,58,18,3,3,4,1,14,0,18,1908
100,107,1,16,4.7,0,0.7,0,1,4.7,0.7,4.5,586.7
107,107,1,23.5,8.7,1.4,0.6,0.8,1,7.9,0.6,7.1,1016.1
108,107,1,3,1.1,0.2,0.1,0.1,0.1,1,0.1,0.9,129.7
109,107,0,31.5,11,3,2,8,1,3,1,6,868
124,107,0,50,19,5,1,0,1,19,1,19,1847
125,107,0,56,23,4,1,0,3,23,1,22,2640
126,107,1,15.5,6.4,0,0.6,0,0.6,6.4,0,6.4,817.7
127,107,1,5,2.1,0,0.2,0,0.2,2.1,0,2.1,263.8
0,108,0,17,11,6,0,11,1,0,0,0,663
1,108,0,252,127,61,10,122,17,5,29,25,6751
3,108,0,40,24,13,0,23,5,1,6,9,1340
4,108,0,71.5,26,9,4,23,7,3,12,4,1884
5,108,0,150,84,39,0,84,7,0,4,14,4586
6,108,0,200,96,39,3,95,13,1,2,73,6475
7,108,0,324,142,53,10,109,16,33,12,103,11865
8,108,0,226.5,102,47,6,91,11,11,12,32,6782
9,108,0,190,62,15,13,62,17,0,28,0,4631
10,108,0,246.5,128,60,3,119,14,9,4,93,8966
11,108,0,415,193,72,6,167,18,26,9,144,15380
12,108,0,133,61,19,2,34,9,27,2,26,5299
13,108,0,451.5,261,133,2,253,20,8,16,157,16592
14,108,0,514,297,172,5,290,21,7,43,112,17041
15,108,0,126,64,24,3,52,8,12,3,28,4460
16,108,0,23,13,5,0,7,1,6,0,11,1194
17,108,1,28,8.2,1.6,2.2,1.6,0,6.6,0.5,7.7,1450.5
18,108,1,10,2.9,0.6,0.8,0.6,0,2.3,0.2,2.7,518
19,108,0,181.5,103,60,3,94,6,9,5,77,9950
20,108,0,287.5,134,51,6,113,9,21,7,102,13560
21,108,0,406.5,222,123,9,216,16,6,34,68,13149
22,108,1,25,9.5,3,0,5.3,0,4.2,1.2,6.5,783.9
23,108,0,192.5,98,47,5,87,13,11,19,20,7126
24,108,0,149,76,39,6,65,12,11,18,33,5757
25,108,1,17,6.5,2,0,3.7,0,2.8,0.8,4.5,533.1
93,108,1,19,7.8,1.5,0.5,2,1,5.8,1,6.3,818
94,108,0,39,14,1,0,1,0,13,0,13,1744
95,108,0,125.5,42,3,8,4,3,38,1,40,4336
96,108,0,119,46,10,2,1,0,45,0,44,4329
97,108,0,90,36,9,4,4,2,32,2,31,3754
98,108,0,99,33,3,5,2,3,31,1,29,3634
99,108,0,81.5,30,6,2,2,4,28,2,27,3372
108,108,1,14,5.2,0.8,0.4,0.5,0.6,4.7,0.4,4.2,605.3
109,108,1,25,9.2,1.5,0.6,0.8,1,8.4,0.6,7.5,1081
110,108,1,18,6.6,1.1,0.5,0.6,0.8,6,0.5,5.4,778.3
112,108,1,4,1.2,0.1,0.1,0,0.1,1.2,0.1,1.2,129.3
124,108,0,30,11,2,0,0,1,11,0,11,1203
125,108,0,65,24,3,2,2,0,22,1,23,2904
0,109,1,13,4.1,0.6,0.4,2.1,0.6,2,0.2,2.2,472.3
1,109,0,34.5,15,6,2,12,3,3,3,3,1198
2,109,0,326.5,136,44,20,121,31,15,36,13,8824
3,109,1,15,6.1,2.3,0.6,4.2,0.9,1.9,0.9,3.4,537
4,109,0,380.5,180,78,12,180,24,0,31,64,10881
5,109,0,134,62,23,2,62,5,0,0,41,3886
7,109,0,120.5,57,26,2,53,6,4,7,44,4842
8,109,0,166,69,25,8,37,10,32,5,49,6288
9,109,0,232.5,98,33,5,95,14,3,6,82,7510
10,109,0,193,89,29,3,86,7,3,1,76,11003
11,109,0,140,50,10,8,8,4,42,1,37,5609
12,109,0,135.5,82,53,3,77,5,5,15,18,4847
13,109,0,93,34,8,4,10,3,24,3,29,3733
14,109,0,52,18,3,3,5,0,13,1,15,1769
15,109,0,174.5,81,34,5,74,12,7,5,50,5725
16,109,0,535.5,263,121,16,263,45,0,51,89,15784
17,109,0,1172,445,125,66,445,75,0,66,100,37322
18,109,0,501,246,103,8,243,17,3,12,196,21725
19,109,0,138.5,69,27,1,48,4,21,3,47,6103
20,109,0,51,21,7,1,7,4,14,1,12,1928
21,109,0,180.5,92,41,2,91,8,1,8,56,7440
22,109,0,75,27,7,5,11,0,16,1,19,2909
23,109,0,78,20,2,8,1,3,19,2,17,3187
24,109,0,82,28,6,5,0,0,28,1,26,4244
25,109,0,69,27,8,4,7,0,20,0,18,4521
26,109,1,60,28.1,8.4,0.9,22.5,2.8,5.6,0,16.9,2715.9
94,109,0,42.5,15,1,0,0,1,15,0,13,1515
95,109,1,20,8.2,1.5,0.5,2,1,6.2,1,6.7,861
96,109,0,88,32,4,3,0,0,32,1,30,3151
97,109,0,132,46,5,5,0,1,46,1,44,4625
98,109,0,129,49,8,3,0,3,49,1,47,4987
99,109,0,91,33,4,2,0,2,33,4,31,3502
100,109,0,58,23,4,1,0,0,23,1,23,2412
101,109,1,10,2.9,0,0.5,0,0.6,2.9,0.5,2.8,366.7
108,109,1,9,3.3,0.5,0.2,0.3,0.4,3,0.2,2.7,389.1
109,109,0,46,15,1,4,0,2,15,0,15,1578
110,109,0,44,16,3,2,0,2,16,1,16,1519
111,109,1,59,17.9,0.9,1.8,0,0.9,17.9,0.9,17.9,1906.8
112,109,0,91,22,0,9,0,2,22,0,22,3017
114,109,1,3,0.9,0,0.1,0,0,0.9,0,0.9,97
124,109,1,4,1.5,0.1,0,0.1,0.1,1.4,0,1.3,221.4
125,109,1,8,3.1,0.3,0,0.3,0.3,2.8,0,2.6,442.8
0,110,0,39,13,0,2,9,1,4,0,13,1785
1,110,0,95.5,47,14,4,43,3,4,0,38,7493
2,110,0,34,17,7,1,12,4,5,2,4,1316
4,110,1,20,7.2,1.1,1,1.5,0.4,5.7,0.1,5.3,1158.1
6,110,0,64,29,12,3,27,4,2,9,6,1766
7,110,0,47,26,14,1,26,4,0,2,1,1435
9,110,0,346.5,137,40,18,134,24,3,25,31,11272
10,110,0,58,26,9,1,19,2,7,2,17,1980
11,110,0,377.5,146,51,26,145,38,1,54,1,10818
12,110,0,151,68,21,5,45,6,23,1,56,5892
13,110,0,504.5,254,102,8,237,34,17,14,167,17630
14,110,0,600,264,104,30,264,38,0,46,17,18564
15,110,0,206,111,49,2,106,9,5,7,69,8268
16,110,0,306.5,155,82,10,154,26,1,41,12,9781
17,110,0,183,71,15,5,65,19,6,13,27,5181
18,110,0,1123.5,559,226,26,553,74,6,33,394,43184
19,110,0,113,43,10,6,7,1,36,1,39,4689
20,110,0,308.5,137,54,9,120,12,17,5,96,12822
21,110,0,675,332,134,8,312,42,20,21,240,27586
22,110,0,76,26,7,4,6,2,20,2,22,3584
23,110,0,38,14,2,2,3,2,11,0,13,2871
24,110,0,64,19,2,3,6,3,13,0,19,2652
25,110,0,84,31,3,3,2,4,29,0,27,4284
26,110,0,38,11,2,4,5,3,6,3,7,1090
27,110,0,51.5,18,1,1,0,1,18,0,16,2648
28,110,0,49,16,6,5,4,1,12,3,12,1814
97,110,1,17,6.1,0.5,0.3,0,0.3,6.1,0,6.1,632.6
98,110,1,50,17.9,1.5,0.7,0,0.7,17.9,0,17.9,1860.4
99,110,0,57,18,1,2,0,2,18,0,17,2082
107,110,1,2,0.7,0.1,0.1,0,0,0.7,0,0.6,79.5
108,110,1,6,2,0.2,0.4,0.1,0.1,1.9,0,1.8,238.4
109,110,0,25,13,5,0,0,1,13,2,10,1407
110,110,1,8,2.7,0.3,0.5,0.1,0.2,2.6,0,2.4,317.8
111,110,0,81,30,6,3,0,2,30,1,26,3264
112,110,0,76,25,4,0,6,1,19,0,19,2574
113,110,0,79,27,5,2,2,1,25,0,23,3090
114,110,1,5,1.8,0.5,0.3,0.1,0.1,1.7,0.2,1.8,201.5
0,111,0,31,13,6,0,9,1,4,1,13,1511
1,111,0,28,12,4,1,0,0,12,0,12,1744
2,111,0,30.5,11,1,1,0,2,11,0,10,1610
3,111,0,23.5,12,5,0,12,3,0,2,0,666
4,111,0,45,16,1,2,2,4,14,0,14,1228
5,111,0,166,73,27,3,55,4,18,3,62,7539
6,111,0,179,91,35,1,91,7,0,0,67,7706
7,111,0,76,36,15,2,34,9,2,7,4,2109
8,111,0,180.5,61,14,11,56,12,5,24,8,4541
9,111,1,13,6.2,2.3,0,4.4,0.8,1.8,1.3,3.4,548.6
10,111,0,86.5,35,9,3,31,6,4,6,16,3129
11,111,0,52.5,29,14,1,27,6,2,3,14,1936
12,111,0,39,15,2,1,13,2,2,1,13,1501
13,111,0,127.5,61,24,1,61,8,0,5,43,4126
14,111,0,527,236,84,13,236,20,0,17,111,20198
15,111,0,289.5,153,64,2,143,17,10,7,80,12646
16,111,0,323,166,77,3,148,13,18,10,120,12800
17,111,0,214,82,19,9,57,15,25,7,21,6578
18,111,0,343,154,50,7,125,20,29,4,114,11476
19,111,0,116.5,47,12,5,3,5,44,4,42,5002
20,111,0,174,67,14,9,52,2,15,2,52,6754
21,111,0,81.5,34,9,1,6,5,28,3,28,3384
22,111,0,93.5,35,5,1,3,4,32,3,27,4429
23,111,0,55,24,8,1,6,2,18,1,19,2597
24,111,0,111.5,53,22,2,37,8,16,8,30,4687
25,111,0,104,39,7,5,2,2,37,0,33,4802
26,111,0,41,14,1,2,1,2,13,1,8,1706
27,111,0,95,33,4,2,4,1,29,0,33,4815
28,111,0,171,76,26,2,57,12,19,10,24,6016
29,111,0,72.5,38,16,0,14,3,24,1,28,3360
106,111,1,2,0.7,0.1,0.1,0,0,0.7,0,0.6,79.5
107,111,0,33,13,1,1,1,1,12,1,11,1286
108,111,0,40,16,3,2,1,1,15,1,15,1911
109,111,1,2,0.7,0.1,0.1,0,0,0.7,0,0.6,79.5
110,111,1,34,11.4,1.1,2.1,0.4,0.7,11,0,10.3,1350.7
111,111,0,112.5,43,8,0,5,8,38,2,32,4242
112,111,0,150,54,4,4,11,8,43,2,49,5068
113,111,1,35,12.9,3.8,2.2,1.1,0.5,11.8,1.1,12.9,1410.8
0,112,0,41.5,18,7,2,2,1,16,0,17,2238
1,112,0,53,21,7,3,0,0,21,0,21,3201
2,112,0,32,11,1,1,2,0,9,0,9,1599
4,112,1,6,2.2,0.3,0.3,0.5,0.1,1.7,0,1.6,347.4
5,112,0,313.5,163,70,5,156,27,7,8,62,12952
6,112,0,157.5,80,40,3,66,6,14,4,57,6621
7,112,0,114,46,10,3,8,2,38,0,35,5751
8,112,0,109,58,28,0,51,2,7,7,19,3740
9,112,0,89.5,35,8,6,12,2,23,0,28,4851
10,112,1,37,17.8,6.7,0,12.6,2.2,5.2,3.7,9.6,1561.4
11,112,1,15,7,3.3,0.7,4,0.4,3,0.4,3.7,935.1
12,112,1,9,4.2,2,0.4,2.4,0.2,1.8,0.2,2.2,561.1
13,112,1,14,6.5,3.1,0.7,3.8,0.3,2.7,0.3,3.4,872.8
14,112,0,43,21,11,0,18,1,3,3,8,1469
15,112,0,148.5,75,38,4,70,15,5,15,5,4828
16,112,0,376.5,200,99,8,175,22,25,30,92,13904
17,112,0,291.5,125,53,13,110,14,15,32,19,8507
18,112,1,23.5,8.7,3.6,1.2,6.3,0,2.4,2,5.1,961.7
19,112,0,69.5,26,3,2,11,1,15,1,20,2759
20,112,0,131,48,11,8,0,1,48,0,46,6845
21,112,0,234,103,26,3,100,9,3,2,91,10051
22,112,0,104,42,7,3,0,3,42,0,36,5068
23,112,0,122,50,14,5,12,6,38,3,42,5478
24,112,0,94.5,36,9,5,9,1,27,2,32,4401
25,112,0,85.5,28,4,7,2,2,26,0,28,3630
26,112,0,86.5,30,4,3,0,2,30,1,29,4005
27,112,0,82,33,6,2,3,2,30,2,30,3617
28,112,0,204,86,26,5,67,14,19,10,42,7308
29,112,0,72.5,30,10,2,10,3,20,0,22,3236
30,112,1,24,8.9,1.6,1,1.1,0,7.8,0,7.8,1318.4
106,112,1,4,1.3,0.1,0.3,0,0.1,1.3,0,1.2,158.9
107,112,1,14.5,4.9,0.5,0.9,0.2,0.3,4.7,0,4.4,576.1
108,112,0,44,16,4,2,7,1,9,1,15,1540
110,112,1,5,1.7,0.2,0.3,0.1,0.1,1.6,0,1.5,198.6
111,112,0,40,15,3,1,0,1,15,0,14,1368
112,112,1,19,7,2,1.2,0.6,0.3,6.4,0.6,7,765.8
0,113,0,80.5,27,2,5,6,4,21,0,27,4043
1,113,1,38,13.6,2.2,1.9,2.9,0.7,10.7,0.2,10,2200.4
2,113,1,7,2.5,0.4,0.4,0.5,0.1,2,0,1.8,405.3
3,113,1,2,0.7,0.1,0.1,0.1,0,0.6,0,0.5,115.8
4,113,1,13,4.7,0.7,0.7,1,0.2,3.7,0.1,3.4,752.8
5,113,0,28,12,1,0,2,2,10,0,11,1534
6,113,0,53,27,15,3,14,2,13,1,15,2420
7,113,0,454,200,71,8,195,35,5,12,147,14268
8,113,0,234.5,98,25,3,88,12,10,1,79,10045
9,113,0,69,36,13,0,36,2,0,2,19,3341
10,113,0,87,39,17,4,34,4,5,5,23,2873
11,113,0,185.5,95,40,1,72,16,23,13,56,7653
12,113,0,160.5,73,36,6,57,3,16,7,34,6233
13,113,1,3,1.4,0.7,0.1,0.8,0.1,0.6,0.1,0.7,187
14,113,0,72,33,16,5,28,5,5,8,20,2779
15,113,0,61,28,10,0,21,2,7,2,16,2607
16,113,0,105.5,35,2,6,1,1,34,2,32,4909
17,113,0,339,165,75,6,127,16,38,14,96,12514
18,113,0,397,210,96,4,208,12,2,21,55,12740
19,113,0,176.5,79,31,7,60,4,19,2,33,6772
20,113,0,71,32,13,2,18,1,14,2,26,2615
21,113,0,179.5,84,30,5,61,12,23,5,50,6278
22,113,0,203,94,27,3,62,6,32,3,84,8870
23,113,0,90,39,14,3,11,2,28,3,32,4125
24,113,0,119.5,41,5,4,7,1,34,2,34,4791
25,113,0,115.5,42,5,5,0,4,42,1,36,4346
26,113,0,69.5,22,3,6,0,0,22,1,22,2851
27,113,0,89.5,33,3,4,4,2,29,1,30,4439
28,113,0,57,24,5,3,1,0,23,0,24,3263
29,113,0,80,38,15,3,21,8,17,6,18,3522
30,113,0,111,49,19,3,24,5,25,4,31,4512
31,113,1,3.5,1.3,0.5,0.2,0.6,0.1,0.7,0.1,0.8,129.3
32,113,1,15,5.6,2.1,0.7,2.8,0.2,2.8,0.2,3.3,554.2
0,114,0,62,21,4,4,0,2,21,0,21,2965
1,114,1,19,6.8,1.1,1,1.4,0.4,5.4,0.1,5,1100.2
2,114,1,21,7.5,1.2,1.1,1.6,0.4,5.9,0.1,5.5,1216
3,114,1,19,6.8,1.1,1,1.4,0.4,5.4,0.1,5,1100.2
4,114,1,14,5,0.8,0.7,1,0.3,4,0.1,3.7,810.7
5,114,0,25,11,4,0,0,0,11,0,10,1970
6,114,0,193,84,25,4,74,10,10,1,73,9400
7,114,0,109.5,46,9,2,40,12,6,2,6,4955
8,114,0,336,175,81,8,169,23,6,10,117,13006
9,114,0,410.5,213,90,4,210,21,3,12,165,17930
10,114,0,507,232,85,11,231,26,1,14,174,20065
11,114,0,326.5,162,74,8,154,20,8,18,38,10701
12,114,0,70.5,33,11,2,18,5,15,7,13,3033
13,114,0,91,31,6,5,7,4,24,4,27,3521
15,114,0,34,14,3,0,8,3,6,0,12,1593
16,114,1,36,13.3,5.4,1.8,9.7,0,3.6,3,7.9,1473.3
17,114,0,448.5,276,160,1,269,19,7,18,128,15870
18,114,0,227,91,25,6,64,13,27,9,43,7247
19,114,0,100,53,25,4,53,12,0,5,10,2889
20,114,0,46,20,5,1,0,1,20,0,20,2598
21,114,0,225,100,41,7,90,10,10,8,53,7433
22,114,0,516,186,59,36,179,32,7,42,31,14453
23,114,1,19,7.6,1.9,0.6,0,1.9,7.6,0,6.3,1067.2
24,114,1,7,2.8,0.7,0.2,0,0.7,2.8,0,2.3,393.2
25,114,1,4,1.6,0.4,0.1,0,0.4,1.6,0,1.3,224.7
26,114,1,22,8.1,1.4,1,0.9,0,7.2,0,7.2,1208.6
27,114,0,148,49,6,9,16,7,33,5,30,6069
28,114,0,57.5,25,8,2,2,3,23,0,23,3013
29,114,0,60,27,6,0,0,0,27,0,24,4251
30,114,0,63,20,1,2,3,2,17,1,17,2777
31,114,1,25,9.3,3.5,1.2,4.6,0.4,4.7,0.4,5.4,923.6
32,114,1,15,5.6,2.1,0.7,2.8,0.2,2.8,0.2,3.3,554.2
33,114,0,32,13,1,0,0,1,13,1,12,2018
34,114,0,79.5,27,7,5,3,2,24,0,19,3477
35,114,1,6,2.2,0.8,0.3,1.1,0.1,1.1,0.1,1.3,221.7
110,114,1,9,3,0.3,0.6,0.1,0.2,2.9,0,2.7,357.5
111,114,1,6,2.2,0.6,0.4,0.2,0.1,2,0.2,2.2,241.8
0,115,0,49,18,2,4,1,3,17,1,17,2270
1,115,0,74.5,28,6,4,4,2,24,0,23,3431
2,115,0,66,25,4,2,1,3,24,3,24,3375
3,115,0,43,17,3,1,0,0,17,0,17,2464
4,115,0,42,17,4,1,0,0,17,0,15,2558
5,115,0,26,11,4,0,0,0,11,1,10,2035
6,115,0,54,21,8,3,4,0,17,2,14,2854
7,115,0,30,14,5,1,3,1,11,2,9,2369
8,115,0,108,36,7,6,29,5,7,5,16,3618
9,115,0,65,21,1,4,2,1,19,0,20,3205
10,115,0,308.5,101,27,22,97,20,4,20,4,7664
11,115,0,168,71,17,2,31,5,40,1,56,6140
12,115,1,25,9,2,1.4,1.2,1.1,7.8,0.5,7.5,1253.8
13,115,0,259.5,102,36,17,101,9,1,7,54,7865
16,115,1,1,0.4,0.1,0,0.1,0,0.3,0,0.3,76.6
17,115,0,38,14,1,0,4,1,10,0,9,2273
18,115,0,318,152,65,9,139,9,13,10,111,13833
19,115,0,424,220,109,7,209,20,11,17,110,13462
20,115,0,317.5,168,81,6,165,17,3,17,91,12543
26,115,1,5,1.8,0.1,0.4,0.3,0.3,1.5,0.3,1.3,196.9
27,115,0,48,17,3,3,0,0,17,1,15,2705
28,115,0,107,37,7,7,2,3,35,1,32,4506
29,115,0,75.5,28,2,3,3,4,25,1,25,3547
30,115,0,70,28,7,1,7,1,21,0,26,3566
31,115,0,84,34,6,1,2,3,32,1,33,3188
32,115,0,144.5,71,33,4,59,7,12,3,43,5790
33,115,0,75.5,30,8,2,13,3,17,2,23,3722
34,115,0,66.5,29,7,1,6,4,23,2,22,3503
35,115,0,118,48,4,3,0,4,48,0,45,5390
36,115,0,144.5,59,13,2,52,5,7,0,51,5091
37,115,0,106,51,17,2,38,5,13,2,31,3442
38,115,0,73,22,3,7,19,8,3,9,3,1723
39,115,1,6,2.1,0.2,0.3,0.5,0.2,1.6,0.3,1.1,193.9
40,115,1,3,1.1,0.1,0.2,0.3,0.1,0.8,0.2,0.5,96.9
41,115,1,12,4,0.6,0.5,0,0.1,4,0.3,3.8,552.8
42,115,0,51.5,20,1,0,0,5,20,2,19,2059
43,115,0,63,24,4,2,1,1,23,1,20,2389
44,115,0,30,13,4,0,0,3,13,1,11,1140
45,115,1,10,3.3,0.5,0.4,0,0.1,3.3,0.3,3.2,460.7
84,115,1,4,1.3,0.1,0.3,0,0,1.3,0,1.2,171.3
85,115,0,38,11,0,1,1,1,10,0,10,1368
86,115,0,67,26,2,1,0,2,26,0,26,3019
87,115,0,62.5,22,2,2,2,2,20,1,17,2633
88,115,1,5,2,0.5,0.2,0,0.2,2,0.1,1.9,245.5
108,115,1,3,1,0.1,0.2,0,0.1,1,0,0.9,119.2
109,115,1,6,2,0.2,0.4,0.1,0.1,1.9,0,1.8,238.4
0,116,0,69.5,26,3,2,3,5,23,0,23,3471
1,116,0,68,24,7,5,0,2,24,1,22,3477
2,116,0,49,23,6,1,2,4,21,1,20,2841
3,116,1,16,6,1.2,0.5,0.1,0.4,5.9,0,5.6,1106.3
4,116,1,20.5,7.7,1.5,0.7,0.1,0.6,7.6,0,7.2,1417.4
5,116,1,4,1.5,0.3,0.1,0,0.1,1.5,0,1.4,276.6
6,116,1,30,10.9,2.4,1.5,0.7,0.4,10.2,0.3,8.8,2084.4
7,116,0,202,89,30,5,79,18,10,7,45,6896
8,116,0,378.5,164,51,11,103,22,61,14,137,11699
9,116,0,24,13,4,0,2,1,11,0,10,1878
10,116,0,89,32,2,0,0,0,32,0,32,4130
11,116,0,117,43,6,5,0,2,43,0,41,4827
12,116,0,288.5,126,49,9,106,20,20,12,64,9124
14,116,1,29,10.4,2.3,1.6,1.4,1.2,9,0.5,8.7,1454.4
16,116,1,1,0.4,0.1,0,0.1,0,0.3,0,0.3,76.6
17,116,0,159,88,41,0,87,4,1,2,70,7963
18,116,0,415.5,206,80,5,204,35,2,15,144,15114
19,116,0,103.5,57,24,1,51,6,6,1,47,4185
20,116,0,253.5,114,42,7,102,16,12,15,43,9496
21,116,0,97.5,42,14,2,38,7,4,1,17,3558
22,116,1,3,1.2,0.2,0,0.1,0.1,1.1,0.2,0.9,133.6
26,116,1,1.5,0.5,0,0.1,0.1,0.1,0.4,0.1,0.4,59.1
27,116,0,47,13,1,3,0,1,13,1,9,1165
28,116,0,211.5,65,11,12,27,15,38,12,25,5399
29,116,0,38.5,14,0,1,0,1,14,1,13,1958
30,116,0,66.5,23,2,2,5,4,18,0,20,2708
31,116,0,94.5,36,7,3,0,1,36,4,36,3576
32,116,0,72,30,11,3,1,2,29,2,24,3343
33,116,0,74,31,7,0,20,6,11,6,26,2978
34,116,0,153.5,68,22,3,44,9,24,10,54,6713
35,116,0,61,24,5,2,6,3,18,0,19,2499
36,116,0,75,32,7,0,5,2,27,4,29,3601
37,116,0,100,55,33,3,48,5,7,7,12,3590
38,116,1,9,3.2,0.4,0.5,0.8,0.2,2.4,0.5,1.6,290.8
39,116,0,74.5,35,9,1,16,4,19,0,32,4146
40,116,0,54,19,4,5,0,1,19,1,18,2034
41,116,0,37.5,13,2,1,0,2,13,1,10,1860
42,116,0,61.5,22,2,2,0,1,22,0,20,2583
43,116,0,85.5,35,7,1,8,4,27,1,30,3608
44,116,1,4,1.3,0.2,0.2,0,0,1.3,0.1,1.3,184.3
45,116,1,4,1.3,0.2,0.2,0,0,1.3,0.1,1.3,184.3
46,116,1,2,0.8,0.1,0.1,0.2,0.1,0.6,0.1,0.6,91.8
47,116,1,18,6.9,0.9,0.5,1.8,0.7,5.1,0.6,5.8,826.2
48,116,1,9,3.5,0.4,0.2,0.9,0.4,2.6,0.3,2.9,413.1
83,116,1,4,1.3,0.1,0.3,0,0,1.3,0,1.2,171.3
84,116,1,23,7.4,0.7,1.7,0,0,7.4,0,7.1,984.9
85,116,0,78,29,4,4,13,2,16,0,25,3591
86,116,0,69.5,22,2,1,0,3,22,0,21,2558
87,116,0,74,28,4,1,2,0,26,1,26,3207
88,116,1,19,7.6,1.7,0.8,0,0.8,7.6,0.2,7.2,932.9
89,116,1,12,4.8,1.1,0.5,0,0.5,4.8,0.1,4.5,589.2
90,116,1,3,1.2,0.3,0.1,0,0.1,1.2,0,1.1,147.3
91,116,1,15,6,1.4,0.6,0,0.6,6,0.2,5.7,736.5
92,116,1,2,0.8,0.2,0.1,0,0.1,0.8,0,0.8,98.2
125,116,1,1,0.4,0.1,0,0,0,0.4,0.1,0.3,45.3
126,116,1,9,3.5,0.9,0.3,0,0.3,3.5,1.2,2.9,407.6
0,117,0,48,20,5,3,2,1,18,0,19,2813
1,117,0,37.5,12,2,2,0,0,12,1,12,2102
2,117,1,3,1.1,0.2,0.1,0,0.1,1.1,0,1.1,207.4
3,117,1,29,10.8,2.1,1,0.1,0.8,10.7,0,10.2,2005.1
4,117,0,70.5,32,13,1,25,2,7,3,23,3230
5,117,1,24.5,9.1,1.8,0.8,0.1,0.7,9,0,8.6,1694
6,117,1,29,10.6,2.3,1.5,0.7,0.4,9.9,0.3,8.5,2015
7,117,0,25,11,3,1,6,0,5,1,11,2037
8,117,1,20,7.3,1.6,1,0.5,0.3,6.8,0.2,5.9,1389.6
9,117,1,29,10.6,2.3,1.5,0.7,0.4,9.9,0.3,8.5,2015
10,117,1,21,7.7,1.7,1.1,0.5,0.3,7.2,0.2,6.2,1459.1
11,117,1,27,9.7,2.1,1.5,1.3,1.2,8.4,0.5,8.1,1354.1
12,117,0,50,22,7,1,0,2,22,3,20,2461
13,117,0,880.5,314,90,63,310,70,4,123,5,23524
14,117,0,44,16,4,2,4,2,12,3,12,2120
16,117,1,8,3,0.6,0.1,1,0.1,2,0,2.3,612.5
18,117,0,38,15,3,2,0,0,15,0,15,2149
19,117,0,151.5,52,10,6,19,2,33,2,40,5635
20,117,0,130,65,25,1,47,8,18,1,40,5171
21,117,0,336,183,88,5,169,12,14,11,117,13688
28,117,1,5,1.8,0.1,0.4,0.3,0.3,1.5,0.3,1.3,196.9
29,117,0,53.5,20,2,1,0,0,20,0,18,2437
30,117,0,30,12,0,1,0,0,12,0,11,1804
31,117,0,82.5,29,5,5,4,1,25,2,22,3031
32,117,0,84,33,5,2,3,3,30,4,29,3520
33,117,0,87,31,6,2,2,1,29,0,30,3700
34,117,0,119,43,12,7,26,2,17,2,41,3978
35,117,0,88,36,8,3,1,2,35,0,34,4142
36,117,0,293.5,129,51,10,121,17,8,16,109,10261
37,117,0,101,51,22,2,49,8,2,2,43,3577
38,117,1,23,8.1,0.9,1.2,2.1,0.6,6,1.2,4.2,743.2
39,117,0,49.5,14,2,3,0,1,14,0,11,2174
40,117,0,51.5,24,9,3,0,3,24,2,22,2223
41,117,1,15,5,0.8,0.7,0,0.1,5,0.4,4.7,691.1
42,117,0,54,22,4,1,0,2,22,3,20,2061
43,117,0,47.5,16,4,3,0,1,16,1,16,1817
46,117,1,25,9.6,1.2,0.7,2.5,1,7.1,0.8,8.1,1147.5
47,117,1,24,9.2,1.1,0.6,2.4,1,6.8,0.8,7.8,1101.6
48,117,1,21,8.1,1,0.6,2.1,0.9,6,0.7,6.8,963.9
49,117,1,12,4.6,0.6,0.3,1.2,0.5,3.4,0.4,3.9,550.8
83,117,1,2,0.6,0.1,0.1,0,0,0.6,0,0.6,85.6
84,117,0,37.5,14,1,0,2,1,12,0,11,1351
85,117,0,67,21,2,3,2,1,19,0,20,2256
86,117,0,50,15,0,3,0,1,15,0,15,1893
87,117,0,28.5,11,3,1,0,1,11,1,11,1357
88,117,1,9,3.6,0.8,0.4,0,0.4,3.6,0.1,3.4,441.9
89,117,1,2,0.8,0.2,0.1,0,0.1,0.8,0,0.8,98.2
96,117,1,1,0.3,0,0.1,0,0,0.3,0.1,0.3,32.6
97,117,1,2,0.6,0.1,0.1,0,0,0.6,0.1,0.5,65.2
0,118,0,54,17,2,4,0,2,17,1,16,2641
1,118,1,15,5.6,1.1,0.5,0.1,0.4,5.5,0,5.3,1037.1
2,118,1,18,6.7,1.3,0.6,0.1,0.5,6.6,0,6.3,1244.6
3,118,1,26,9.7,1.9,0.9,0.1,0.7,9.6,0,9.1,1797.7
4,118,0,47,17,2,0,5,3,12,1,16,2094
5,118,0,58.5,24,6,2,3,2,21,1,19,3051
6,118,0,44,15,3,3,3,0,12,0,12,2228
7,118,0,57,22,5,3,10,1,12,0,13,2837
8,118,1,19,6.9,1.5,1,0.4,0.3,6.5,0.2,5.6,1320.1
9,118,1,11,4,0.9,0.6,0.3,0.2,3.7,0.1,3.2,764.3
10,118,1,10,3.6,0.8,0.5,0.2,0.1,3.4,0.1,2.9,694.8
11,118,1,15,5.4,1.2,0.8,0.7,0.6,4.7,0.3,4.5,752.3
12,118,1,25.5,9.2,2,1.4,1.3,1.1,7.9,0.5,7.6,1278.9
13,118,0,71,27,10,4,5,0,22,3,19,3219
14,118,0,46.5,17,2,1,2,3,15,0,15,2538
15,118,1,18.5,6.7,1.5,1,0.9,0.8,5.8,0.3,5.5,927.8
16,118,1,23.5,8.7,1.7,0.4,2.9,0.4,5.8,0,6.7,1799.3
17,118,0,25,11,5,0,8,0,3,2,9,1960
18,118,0,33,15,4,2,2,0,13,1,10,2002
19,118,0,126,45,10,6,11,0,34,2,30,4862
20,118,0,92,33,8,4,10,0,23,0,25,3356
21,118,0,294.5,147,67,6,126,10,21,11,76,11055
22,118,0,253.5,117,43,7,112,6,5,5,99,9705
24,118,0,27,12,3,1,0,0,12,0,8,1265
25,118,1,16,6.5,1.3,0,0.4,0.4,6.1,1.3,4.8,712.6
30,118,1,16,5.7,0.5,1.4,0.9,1,4.8,1,4.3,630
31,118,0,73,26,4,4,3,5,23,1,23,3155
32,118,0,277.5,105,24,13,88,20,17,27,16,9303
33,118,0,887.5,280,68,70,277,55,3,118,3,25589
34,118,0,434,153,44,30,153,34,0,53,5,14240
35,118,0,531,176,44,33,168,39,8,48,8,13553
36,118,0,773,294,94,45,294,67,0,91,0,20115
37,118,0,420.5,167,56,17,167,34,0,50,1,11635
38,118,1,36,12.6,1.4,1.9,3.3,0.9,9.3,1.9,6.5,1163.2
39,118,0,129,40,9,13,39,3,1,18,0,3372
40,118,0,188.5,70,18,11,52,16,18,23,17,6146
41,118,1,23,7.7,1.2,1,0,0.2,7.7,0.6,7.3,1059.6
42,118,0,57,21,6,3,1,0,20,1,20,2351
43,118,0,30,13,3,1,0,2,13,2,13,1635
45,118,1,28,9.3,1.5,1.2,0,0.2,9.3,0.7,8.8,1290
46,118,0,31,11,1,2,1,0,10,0,11,1708
47,118,0,29,15,6,0,0,0,15,0,14,1854
48,118,1,12,4.6,0.6,0.3,1.2,0.5,3.4,0.4,3.9,550.8
49,118,0,139,52,11,5,20,5,32,5,34,5059
50,118,0,45,21,9,1,11,2,10,2,16,1857
84,118,0,79,27,3,4,6,4,21,2,21,2964
85,118,1,9,2.9,0.3,0.7,0,0,2.9,0,2.8,385.4
87,118,1,4,1.6,0.4,0.2,0,0.2,1.6,0,1.5,196.4
88,118,1,22,8.8,2,0.9,0,0.9,8.8,0.2,8.3,1080.2
89,118,1,3,1.2,0.3,0.1,0,0.1,1.2,0,1.1,147.3
97,118,1,19,5.8,0.6,1,0,0,5.8,1.4,4.8,619.2
98,118,1,11,3.4,0.3,0.6,0,0,3.4,0.8,2.8,358.5
0,119,0,35,12,3,4,4,0,8,0,8,1374
1,119,1,23.5,8.8,1.7,0.8,0.1,0.7,8.7,0,8.2,1624.8
2,119,0,75.5,35,13,2,24,9,11,7,12,3676
3,119,0,143,59,12,3,44,13,15,10,12,4334
4,119,0,40.5,16,4,1,0,0,16,0,13,2513
5,119,0,63,23,4,4,3,1,20,0,22,3676
6,119,0,34.5,14,1,1,0,1,14,0,14,2265
7,119,0,65,21,2,2,5,0,16,1,19,2908
8,119,1,15,5.5,1.2,0.8,0.4,0.2,5.1,0.1,4.4,1042.2
9,119,1,30,10.9,2.4,1.5,0.7,0.4,10.2,0.3,8.8,2084.4
10,119,0,34,12,2,2,5,2,7,0,9,1786
11,119,0,63,23,4,2,9,0,14,3,14,2733
12,119,0,66,23,3,1,5,1,18,1,18,3445
13,119,1,24,8.6,1.9,1.3,1.2,1,7.4,0.4,7.2,1203.7
14,119,0,54,18,2,4,0,1,18,1,17,2423
15,119,0,60,31,16,2,28,5,3,5,17,1992
17,119,1,23,8.5,1.6,0.4,2.8,0.4,5.7,0,6.5,1761
18,119,0,65,24,4,1,2,1,22,1,23,2163
19,119,0,39.5,16,4,1,0,1,16,2,14,2094
20,119,0,64.5,22,3,4,0,1,22,0,17,3028
21,119,0,96.5,39,11,5,3,3,36,2,33,4384
22,119,0,164,68,24,9,37,6,31,2,60,6797
23,119,0,63,23,4,2,1,1,22,1,22,2503
25,119,1,18,7.3,1.5,0,0.5,0.5,6.8,1.5,5.4,801.7
26,119,1,6,2.1,0.2,0.5,0.3,0.4,1.8,0.4,1.6,236.2
31,119,1,4,1.7,0.3,0,0.1,0.1,1.6,0.1,1.6,185.3
32,119,1,24,10.3,1.7,0,0.9,0.9,9.4,0.9,9.4,1111.7
33,119,0,191,50,7,19,43,11,7,25,7,5262
34,119,0,868.5,271,57,75,271,59,0,113,0,24862
35,119,0,482,180,62,28,180,33,0,68,0,15457
36,119,0,972.5,427,182,43,427,80,0,159,18,26324
39,119,0,506.5,179,57,36,179,24,0,90,0,12558
40,119,0,212.5,78,23,13,77,22,1,34,1,6366
42,119,1,6,2,0.3,0.3,0,0.1,2,0.2,1.9,276.4
43,119,1,5,1.7,0.3,0.2,0,0,1.7,0.1,1.6,230.4
45,119,1,7,2.3,0.4,0.3,0,0.1,2.3,0.2,2.2,322.5
46,119,0,51,15,0,1,0,0,15,0,15,2622
47,119,0,52,21,4,2,0,0,21,2,20,3204
48,119,1,25,9.6,1.2,0.7,2.5,1,7.1,0.8,8.1,1147.5
49,119,0,77,29,5,1,0,3,29,2,26,3183
50,119,0,174,77,30,4,47,7,30,9,31,6032
51,119,0,90,42,16,1,24,6,18,3,28,2992
83,119,1,26,8.4,0.8,1.9,0,0,8.4,0,8,1113.4
84,119,0,71,23,0,4,2,4,21,0,22,2651
85,119,0,32,12,2,1,0,1,12,0,12,1393
89,119,1,2,0.8,0.2,0.1,0,0.1,0.8,0,0.8,98.2
97,119,1,22,6.7,0.7,1.1,0,0,6.7,1.6,5.6,717
98,119,1,20,6.1,0.6,1,0,0,6.1,1.4,5.1,651.8
99,119,1,19,5.8,0.6,1,0,0,5.8,1.4,4.8,619.2
100,119,1,4,1.2,0.1,0.2,0,0,1.2,0.3,1,130.4
0,120,1,14,5.2,0.6,0.6,0.4,0,4.8,0.2,5,896.7
1,120,1,27,9.5,1.5,0.9,0,0.6,9.5,0,8.8,1443.7
2,120,0,36,13,4,2,1,1,12,0,10,2177
3,120,1,23,8.1,1.3,0.8,0,0.5,8.1,0,7.5,1229.8
4,120,0,40,16,3,1,2,1,14,0,14,2478
5,120,0,44,12,1,2,0,0,12,0,11,1956
6,120,0,96.5,32,2,5,10,1,22,1,25,4641
7,120,0,42,17,4,2,0,0,17,0,14,2888
8,120,0,67,29,10,1,8,3,21,2,26,3705
9,120,0,33,12,2,2,0,0,12,2,10,1937
10,120,0,53,21,7,2,12,3,9,4,8,2038
11,120,1,10,3.3,0.4,0.4,0.2,0.1,3.1,0.2,2.6,530
12,120,1,16,5.3,0.6,0.7,0.4,0.1,4.9,0.3,4.2,848
13,120,0,49,13,0,4,0,2,13,2,4,1171
14,120,0,67.5,21,1,3,0,0,21,0,20,3015
15,120,0,39.5,15,1,1,4,1,11,0,14,1971
16,120,1,9,3.5,1.1,0.2,1.3,0.3,2.2,0,3.1,444.3
17,120,0,37,17,9,2,13,0,4,2,6,975
18,120,0,64,30,15,2,23,0,7,2,19,2426
19,120,1,14,5.4,1.7,0.3,2.1,0.4,3.3,0,4.9,691.1
20,120,0,66.5,25,6,0,5,0,20,0,23,3233
21,120,0,81,24,0,5,1,3,23,0,23,2845
22,120,0,106.5,40,7,5,9,8,31,3,31,4430
23,120,0,274,124,49,11,101,22,23,18,54,9760
24,120,0,42,17,5,1,5,0,12,0,13,1919
25,120,0,41,19,6,1,9,0,10,0,15,2158
26,120,0,46,17,3,0,0,0,17,0,17,2139
27,120,0,41.5,12,1,1,0,0,12,0,12,1687
29,120,1,4,1.6,0.3,0.1,0.3,0,1.3,0.3,1.3,146.7
32,120,1,11,4.5,1,0.5,2.7,0.2,1.8,0.2,1.2,382.5
33,120,1,30,12.3,2.7,1.4,7.5,0.7,4.8,0.7,3.4,1043.2
34,120,0,302,107,36,23,107,16,0,32,0,9718
35,120,0,1183.5,402,102,73,402,107,0,147,3,31818
36,120,0,390.5,136,20,21,136,26,0,30,74,11233
37,120,0,1110,447,152,57,447,46,0,59,322,33232
38,120,0,419.5,198,86,20,198,19,0,23,148,15261
39,120,0,348,123,36,24,123,21,0,60,0,9760
40,120,1,57,23.3,12.1,3.5,20.7,1.7,2.6,6.9,10.4,1550.2
46,120,0,38.5,15,4,2,0,2,15,1,14,2326
47,120,0,31,13,0,1,0,0,13,0,13,1971
48,120,1,4,1.5,0.2,0.1,0.2,0.1,1.3,0,1.3,212.7
49,120,0,63,24,3,1,3,2,21,0,21,3216
50,120,0,101,49,16,0,36,3,13,1,38,4277
51,120,0,89,34,5,3,6,3,28,1,28,3840
52,120,1,3,1.1,0.2,0.1,0.1,0.1,1,0.1,1.1,147.9
53,120,1,10,3.8,0.8,0.4,0.3,0.5,3.5,0.2,3.6,492.8
55,120,1,5,1.9,0.4,0.2,0.1,0.2,1.8,0.1,1.8,246.4
76,120,1,14,5,0.9,0.7,1.7,0.4,3.3,0.4,4.5,499.7
77,120,1,10,3.6,0.7,0.5,1.2,0.3,2.4,0.3,3.2,356.9
83,120,0,88.5,26,1,2,5,5,21,2,19,2790
84,120,0,38.5,13,1,2,1,1,12,2,9,1403
85,120,1,5,2.1,0.3,0.1,0.4,0.3,1.7,0,1.8,242.1
98,120,1,5,1.9,0.4,0.3,0,0,1.9,0.1,1.9,227
99,120,1,28,10.6,2.2,1.7,0,0,10.6,0.6,10.6,1271.2
100,120,0,61,23,3,1,0,2,23,1,22,2586
101,120,0,43,14,3,3,0,0,14,1,14,1780
102,120,1,24.5,9,0.5,0.8,0.6,0.5,8.4,0,8.7,1070.4
103,120,1,4,1.5,0.1,0.1,0.1,0.1,1.4,0,1.4,174.8
104,120,0,30,11,2,1,0,1,11,0,8,1164
105,120,1,1,0.4,0,0,0,0,0.4,0,0.4,43.7
0,121,0,50,17,3,2,0,0,17,0,15,2578
1,121,0,30.5,13,2,0,0,1,13,0,13,2046
2,121,0,55,16,2,4,0,1,16,0,16,2614
3,121,1,12.5,4.4,0.7,0.4,0,0.3,4.4,0,4.1,668.4
4,121,1,21,7.4,1.2,0.7,0,0.5,7.4,0,6.9,1122.8
5,121,0,65,31,11,1,16,1,15,1,24,4233
6,121,0,90.5,41,14,2,14,6,27,4,30,4115
7,121,0,43,13,1,4,0,0,13,0,13,2286
8,121,0,52,22,3,1,1,0,21,0,20,2992
9,121,0,48.5,21,5,2,0,3,21,0,20,3069
10,121,0,61,21,7,5,13,1,8,7,7,1927
11,121,0,63,24,1,0,0,1,24,0,23,2924
12,121,1,28,9.3,1,1.2,0.7,0.2,8.6,0.5,7.4,1484
13,121,1,4,1.3,0.1,0.2,0.1,0,1.2,0.1,1.1,212
14,121,1,31,10.3,1.1,1.4,0.8,0.3,9.5,0.5,8.2,1643
15,121,0,45.5,17,4,0,8,3,9,1,8,2497
16,121,0,53,18,4,3,9,2,9,1,11,1926
19,121,1,19,7.4,2.3,0.4,2.8,0.6,4.6,0,6.6,937.9
20,121,1,3,1.2,0.4,0.1,0.5,0.1,0.7,0,1,148.1
21,121,1,6,2.2,0.7,0.4,1.1,0.3,1.1,0,1.9,309.1
22,121,0,43,17,3,1,0,0,17,2,15,2979
23,121,0,118,49,12,4,39,1,10,0,41,4559
24,121,0,108,42,11,4,13,1,29,1,33,4759
25,121,0,39,14,1,1,2,0,12,0,12,1939
26,121,1,5,2,0.4,0.2,0.4,0,1.6,0.4,1.6,183.4
32,121,1,2,0.8,0.2,0.1,0.5,0,0.3,0,0.2,69.5
33,121,0,31,11,3,2,10,2,1,0,1,781
34,121,1,1,0.4,0.1,0,0.2,0,0.2,0,0.1,34.8
35,121,0,197.5,71,22,13,63,11,8,9,32,4962
36,121,0,303.5,125,44,15,111,23,14,31,13,8819
37,121,0,840,357,145,46,357,65,0,97,19,23311
38,121,0,646.5,308,144,28,308,53,0,103,4,22006
39,121,0,827,361,160,42,361,38,0,78,192,33704
40,121,0,253,83,24,19,83,13,0,11,28,8038
41,121,1,11,5.5,2,0,4.3,0.9,1.2,0.3,0.6,470.4
46,121,1,25,9.6,1.5,0.4,1.2,0.6,8.4,0.1,7.9,1329.2
47,121,1,11,4.2,0.7,0.2,0.5,0.3,3.7,0.1,3.5,584.8
48,121,1,11,4.2,0.7,0.2,0.5,0.3,3.7,0.1,3.5,584.8
49,121,0,39,17,3,2,0,0,17,1,16,2690
50,121,0,32,14,1,0,0,0,14,0,13,2285
51,121,0,60,25,5,0,0,1,25,1,20,3066
52,121,0,56.5,30,14,0,17,4,13,1,15,2650
53,121,0,74,26,4,2,2,2,24,1,23,3606
54,121,0,142.5,51,12,5,45,11,6,9,6,3790
55,121,0,42,13,1,3,0,0,13,0,13,1492
56,121,1,8,4,2,0.3,1.7,0.3,2.3,0.7,2.3,336
74,121,1,2,1.1,0.5,0,1,0.1,0.1,0.1,0.8,74.5
76,121,1,6,2.2,0.4,0.3,0.7,0.2,1.5,0.2,1.9,214.2
77,121,1,2,0.7,0.1,0.1,0.2,0.1,0.5,0.1,0.6,71.4
83,121,1,26.5,11.2,1.7,0.6,2.3,1.7,8.9,0,9.5,1283.2
84,121,1,5,2.1,0.3,0.1,0.4,0.3,1.7,0,1.8,242.1
99,121,0,59.5,18,2,3,0,2,18,2,15,1968
100,121,0,98,36,5,5,0,5,36,0,36,4140
101,121,0,73,25,4,2,0,0,25,1,24,2752
102,121,0,27,11,2,0,0,2,11,0,10,1150
103,121,0,49,22,6,1,2,2,20,0,19,2436
104,121,0,55.5,20,4,2,1,2,19,1,19,2431
0,122,0,37,14,3,2,1,2,13,0,14,2018
1,122,0,64,21,2,3,0,1,21,2,17,3402
2,122,0,34.5,14,2,1,0,2,14,0,12,2165
3,122,1,5,1.8,0.3,0.2,0,0.1,1.8,0,1.6,267.3
4,122,0,39,13,0,1,2,0,11,1,11,1937
5,122,0,86,47,18,1,26,10,21,5,23,4849
6,122,0,107,52,22,2,40,6,12,4,18,3908
7,122,0,40,16,6,2,4,1,12,1,11,2004
8,122,0,57,24,8,2,1,4,23,1,20,3248
9,122,0,32,13,4,2,0,0,13,1,12,2038
10,122,0,32,16,6,0,6,1,10,1,10,1814
11,122,0,54,22,2,1,0,2,22,0,19,3081
12,122,0,73.5,28,6,2,4,3,24,1,25,3957
13,122,0,114,38,12,11,37,3,1,19,6,3083
14,122,0,260.5,116,49,8,102,16,14,12,30,8748
15,122,0,197,97,44,3,85,10,12,8,47,7535
16,122,0,41.5,18,6,1,3,3,15,2,12,2555
17,122,0,46,19,4,0,3,1,16,1,13,2297
18,122,1,18,7,2.1,0.4,2.7,0.5,4.3,0,6.3,888.5
19,122,1,13,5,1.6,0.3,1.9,0.4,3.1,0,4.5,641.7
21,122,1,4,1.5,0.5,0.3,0.7,0.2,0.8,0,1.3,206.1
22,122,0,44,23,7,0,21,3,2,1,20,2549
23,122,0,25,11,5,1,0,0,11,1,9,1554
24,122,0,225.5,86,16,3,41,12,45,2,73,8586
25,122,0,238,120,45,3,100,9,20,1,82,9966
26,122,0,179,82,28,5,61,7,21,6,67,7136
27,122,1,7,2.8,0.5,0.2,0.5,0,2.3,0.5,2.2,256.8
29,122,1,1,0.4,0.1,0,0.1,0,0.3,0.1,0.3,36.7
31,122,0,69,21,1,3,0,1,21,2,19,2319
32,122,0,231.5,114,44,4,102,15,12,6,79,8228
33,122,0,179,59,7,6,16,9,43,2,49,5937
34,122,0,151,57,13,10,30,4,27,5,28,5034
35,122,0,215,98,37,5,87,12,11,7,31,6139
36,122,0,98,37,11,7,10,3,27,0,30,3778
37,122,0,205.5,103,44,5,93,15,10,6,64,6809
38,122,1,9,3.7,1.9,0.5,3.3,0.3,0.4,1.1,1.6,244.8
39,122,0,447,195,72,18,195,44,0,42,25,15844
40,122,0,896,297,86,65,297,54,0,87,56,26919
41,122,0,534,190,51,37,190,31,0,37,91,19466
46,122,1,8,3.1,0.5,0.1,0.4,0.2,2.7,0,2.5,425.3
47,122,1,14,5.4,0.8,0.3,0.7,0.3,4.7,0.1,4.4,744.3
48,122,1,17,6.5,1,0.3,0.8,0.4,5.7,0.1,5.4,903.9
49,122,0,59,23,2,2,2,2,21,0,20,3503
50,122,0,28.5,11,1,0,4,1,7,0,7,1370
51,122,1,26,9.9,2,1,0.7,1.3,9.2,0.5,9.4,1281.4
52,122,1,23,8.8,1.8,0.9,0.7,1.1,8.1,0.5,8.3,1133.5
53,122,0,40.5,14,1,3,2,0,12,0,12,2243
54,122,0,282,124,44,8,117,18,7,9,51,8865
55,122,0,229.5,102,41,9,81,16,21,12,57,6746
56,122,0,141.5,61,19,4,34,10,27,5,45,6179
57,122,0,127.5,68,30,1,49,8,19,4,39,5974
58,122,0,36,13,3,3,3,2,10,2,9,1567
59,122,1,12,6,3,0.5,2.5,0.5,3.5,1,3.5,504
60,122,1,4,2,1,0.2,0.8,0.2,1.2,0.3,1.2,168
61,122,1,15,5.1,0.8,0.4,0.2,0.2,4.9,0,4.5,565.9
68,122,1,31,14,5.4,1.6,6.2,0.8,7.8,0.8,11.6,1240
73,122,1,2,1.1,0.5,0,1,0.1,0.1,0.1,0.8,74.5
83,122,1,11,4.6,0.7,0.2,0.9,0.7,3.7,0,3.9,532.6
86,122,1,4,1.2,0.2,0.3,0.2,0.1,1,0.1,1,137
99,122,0,52,20,5,0,0,1,20,0,14,1994
100,122,0,108.5,39,7,1,1,1,38,0,31,4339
101,122,0,134,53,8,3,10,13,43,3,35,5385
102,122,0,95,33,5,5,4,3,29,1,28,3733
103,122,0,87.5,34,4,3,2,6,32,0,30,3934
104,122,1,13,4.8,0.3,0.4,0.3,0.3,4.5,0,4.6,568
0,123,0,43.5,16,1,0,0,1,16,0,13,2240
1,123,0,42,17,2,1,0,0,17,0,16,2473
2,123,0,42,16,2,1,0,3,16,0,16,2375
3,123,0,30,13,2,0,1,2,12,0,13,2118
4,123,0,45,16,3,3,0,0,16,0,15,2666
5,123,0,79,36,14,2,12,3,24,2,25,4307
6,123,0,99.5,46,19,1,34,5,12,6,14,4216
7,123,1,27,11.2,2.6,0.5,0,1,11.2,0,9.3,1954.6
8,123,0,47,19,6,3,1,2,18,1,15,2954
9,123,0,27,11,1,1,0,0,11,0,10,1932
10,123,1,19,7.9,1.8,0.4,0,0.7,7.9,0,6.6,1375.5
11,123,0,34,13,4,1,2,1,11,1,11,2044
12,123,0,37,15,7,1,10,1,5,0,14,1555
13,123,0,57.5,21,5,2,1,2,20,0,20,2628
14,123,0,73,34,12,3,14,5,20,4,18,3367
15,123,0,60.5,32,12,1,19,2,13,2,25,3605
16,123,0,104,36,6,4,15,3,21,1,28,4094
17,123,0,56,24,8,2,4,1,20,1,19,3028
18,123,0,97,33,3,1,2,5,31,1,29,4186
19,123,0,56,19,3,1,0,2,19,0,19,2555
20,123,1,24.5,9.5,2.9,0.5,3.7,0.7,5.8,0,8.5,1209.4
22,123,1,13,4.8,1.5,0.9,2.4,0.7,2.4,0,4.1,669.7
23,123,1,32,11.7,3.7,2.1,5.8,1.6,5.9,0,10.1,1648.5
24,123,0,360.5,184,80,6,164,15,20,6,131,13333
25,123,0,104.5,53,23,2,45,7,8,3,12,3670
26,123,0,297.5,130,52,11,111,14,19,14,50,9783
27,123,0,158,75,30,4,47,7,28,7,59,7404
28,123,0,42.5,18,6,0,6,2,12,0,15,1673
29,123,1,11,4.3,0.8,0.4,0.8,0,3.5,0.8,3.5,403.5
30,123,0,72.5,30,8,3,15,5,15,1,27,2468
31,123,0,154,56,10,5,12,6,44,2,44,5886
32,123,0,223.5,82,16,6,33,7,49,2,67,7312
33,123,0,207.5,131,77,1,115,12,16,11,99,8108
34,123,0,148.5,59,10,4,0,5,59,5,58,5836
35,123,0,174,75,18,8,57,8,18,4,23,5634
36,123,0,80.5,31,8,3,14,1,17,4,20,2998
37,123,0,121.5,52,20,5,35,8,17,11,21,3743
38,123,0,152,63,20,5,49,9,14,2,44,5149
39,123,0,90,36,8,4,27,6,9,5,20,2740
40,123,0,273.5,94,21,14,94,24,0,21,9,8127
41,123,0,246.5,88,27,17,88,17,0,17,0,7633
42,123,1,20,10,3.7,0,7.9,1.6,2.1,0.5,1.1,855.3
43,123,1,2,1,0.4,0,0.8,0.2,0.2,0.1,0.1,85.5
46,123,1,15,5.7,0.9,0.3,0.7,0.4,5,0.1,4.8,797.5
47,123,1,16.5,6.3,1,0.3,0.8,0.4,5.5,0.1,5.2,877.3
48,123,0,129,53,19,2,31,2,22,5,45,5053
49,123,0,68,26,3,3,0,0,26,1,26,3627
50,123,0,47,20,5,1,0,3,20,2,20,2527
51,123,0,37,12,1,2,0,2,12,0,11,2098
52,123,1,2,0.8,0.2,0.1,0.1,0.1,0.7,0,0.7,98.6
53,123,1,8,3.1,0.6,0.3,0.3,0.4,2.8,0.2,2.9,394.3
54,123,0,66.5,27,6,1,0,1,27,1,27,3542
55,123,0,44,17,3,1,1,0,16,0,15,2088
56,123,0,218.5,106,38,6,92,10,14,3,79,8341
57,123,0,381,194,85,8,168,34,26,26,56,14300
58,123,0,240.5,121,64,8,72,16,49,19,43,9800
59,123,0,269,128,53,7,77,22,51,16,54,10894
60,123,0,192,68,15,7,31,5,37,2,45,7016
61,123,0,57,34,19,0,28,2,6,1,28,3351
62,123,1,32.5,11.1,1.8,0.9,0.5,0.4,10.6,0,9.7,1226.2
63,123,1,6,2,0.3,0.2,0.1,0.1,1.9,0,1.8,226.4
64,123,1,20,6.8,1.1,0.5,0.3,0.3,6.5,0,6,754.6
65,123,0,33,13,5,1,0,1,13,1,12,1411
66,123,1,9,4,1.6,0.4,1.8,0.2,2.2,0.2,3.4,360
67,123,0,67,24,3,2,0,4,24,1,20,2423
68,123,0,92,30,7,4,3,3,27,3,24,3215
69,123,0,100.5,54,24,1,54,7,0,4,42,4009
72,123,1,12,6.4,3,0.2,6,0.8,0.4,0.5,4.6,447.1
77,123,1,16,5.8,1.1,0.9,1.9,0.4,3.9,0.4,5.1,571.1
79,123,1,4,1.4,0.3,0.2,0.5,0.1,0.9,0.1,1.3,142.8
91,123,1,3,0.9,0.1,0.2,0.1,0,0.8,0,0.8,102.7
92,123,1,17,5.1,0.7,1.1,0.8,0.2,4.3,0.2,4.3,582.2
99,123,1,8,3,0.6,0.5,0,0,3,0.2,3,363.2
100,123,1,9,3.4,0.7,0.5,0,0,3.4,0.2,3.4,408.6
101,123,0,37,15,2,1,0,0,15,0,15,1935
102,123,0,82,29,5,3,0,1,29,0,28,3215
103,123,1,22.5,8.2,0.5,0.8,0.5,0.5,7.7,0,8,983
115,123,1,23,8.5,0.8,0.8,0,0.8,8.5,0,6.9,1126.4
118,123,1,24,8.3,0.8,0.8,0.8,0,7.5,0,8.3,960.4
120,123,1,1,0.3,0,0,0,0,0.3,0,0.3,40
0,124,1,30,11.1,1.2,1.2,0.8,0,10.3,0.4,10.7,1921.6
1,124,0,64,26,7,2,9,4,17,1,22,3418
2,124,0,65.5,24,2,1,0,4,24,1,19,3383
3,124,0,74.5,25,2,2,2,2,23,0,24,3371
4,124,0,37,17,5,0,0,1,17,2,13,2910
5,124,0,136.5,59,21,4,36,7,23,9,31,5459
6,124,0,44,15,1,2,0,2,15,0,11,2164
7,124,0,31,11,2,1,0,0,11,1,10,1941
8,124,1,22,9.1,2.1,0.4,0,0.8,9.1,0,7.6,1592.7
9,124,1,15.5,6.4,1.5,0.3,0,0.6,6.4,0,5.4,1122.1
10,124,1,20.5,8.5,2,0.4,0,0.8,8.5,0,7.1,1484.1
11,124,0,42,17,4,1,5,2,12,0,10,1942
12,124,1,25,8.3,0.9,1.1,0.6,0.2,7.7,0.4,6.6,1325
13,124,0,77,30,12,5,28,7,2,7,2,2102
14,124,0,57,24,5,0,10,1,14,0,22,3562
15,124,0,62,34,18,0,28,3,6,4,8,2453
16,124,0,52,19,5,2,7,1,12,0,16,2111
17,124,0,86,24,4,7,2,2,22,1,22,2844
18,124,0,52,25,9,0,2,2,23,0,19,2857
19,124,0,72.5,30,8,3,9,4,21,1,19,3409
20,124,0,39,17,4,1,0,0,17,0,16,2275
22,124,1,5,1.8,0.6,0.3,0.9,0.2,0.9,0,1.6,257.6
23,124,0,40,17,4,1,1,0,16,1,14,2666
24,124,0,286,131,46,6,130,11,1,4,103,9580
27,124,0,216.5,110,55,8,102,24,8,38,10,6227
28,124,0,436,198,84,12,166,19,32,22,72,13700
29,124,0,204,91,37,9,71,18,20,8,47,6906
30,124,0,51.5,20,7,3,4,2,16,5,10,1834
31,124,0,116,40,7,6,20,6,20,2,30,3809
32,124,0,89,43,9,0,0,3,43,0,43,4289
33,124,0,54,24,9,2,1,3,23,1,21,2546
34,124,0,105,36,4,5,0,3,36,2,34,3990
35,124,0,85,33,4,2,1,2,32,1,32,3650
36,124,0,512.5,189,61,29,185,39,4,49,30,14515
37,124,0,123,100,83,0,90,1,10,8,8,4481
38,124,0,119.5,49,19,5,20,4,29,5,35,4407
39,124,0,278.5,140,61,8,109,14,31,6,81,9876
40,124,0,172,70,21,9,56,5,14,6,58,7227
41,124,0,214,83,18,9,69,11,14,16,36,7713
42,124,1,5,2.5,0.9,0,2,0.4,0.5,0.1,0.3,213.8
47,124,0,49.5,22,9,1,14,2,8,1,13,2262
48,124,1,24.5,9.4,1.5,0.4,1.2,0.6,8.2,0.1,7.8,1302.6
49,124,1,21,8,1.3,0.4,1,0.5,7,0.1,6.7,1116.5
50,124,0,74,26,4,3,1,1,25,0,23,3366
51,124,0,48.5,13,0,3,0,0,13,0,13,2112
52,124,1,3,1.1,0.2,0.1,0.1,0.1,1,0.1,1.1,147.9
54,124,0,40,14,1,0,0,0,14,0,13,1849
55,124,1,22,8.4,1.7,0.9,0.6,1.1,7.8,0.4,8,1084.3
56,124,0,72,25,3,4,3,3,22,0,21,2830
57,124,0,288.5,128,42,10,112,32,16,35,26,9638
58,124,0,208.5,99,42,4,89,16,10,7,26,7408
59,124,0,118,66,29,0,40,7,26,4,39,6057
60,124,0,224,85,21,5,50,14,35,5,46,6971
61,124,0,162.5,68,22,8,27,5,41,10,44,7176
62,124,0,115.5,64,30,0,46,9,18,5,32,4686
63,124,0,184,85,31,3,80,13,5,6,48,5733
64,124,0,87.5,34,7,3,12,4,22,1,28,3307
65,124,0,105.5,36,6,7,4,3,32,0,32,3651
66,124,0,99,35,4,2,1,2,34,0,33,3771
67,124,0,112,34,1,5,0,2,34,1,31,3619
68,124,0,221,78,17,10,50,10,28,8,22,6260
69,124,0,111,53,21,3,53,5,0,5,45,3985
70,124,0,64,31,13,1,27,5,4,0,21,2213
71,124,1,105,55.8,26.7,1.7,52.5,6.7,3.3,4.2,40,3912.5
72,124,1,5,2.7,1.3,0.1,2.5,0.3,0.2,0.2,1.9,186.3
76,124,1,2,0.7,0.1,0.1,0.2,0.1,0.5,0.1,0.6,71.4
77,124,1,7,2.5,0.5,0.4,0.8,0.2,1.7,0.2,2.2,249.9
78,124,1,14,5,0.9,0.7,1.7,0.4,3.3,0.4,4.5,499.7
93,124,1,7,2.1,0.3,0.5,0.3,0.1,1.8,0.1,1.8,239.7
102,124,0,47.5,19,2,2,0,2,19,0,19,2222
103,124,1,25,9.2,0.6,0.8,0.6,0.6,8.6,0,8.9,1092.2
111,124,1,5,1.9,0.2,0.2,0,0.2,1.9,0,1.5,244.9
114,124,1,12.5,4.6,0.4,0.4,0,0.4,4.6,0,3.8,612.2
115,124,0,190,68,11,5,34,16,34,6,26,5867
116,124,0,70,22,2,2,0,2,22,0,22,2569
117,124,0,79,30,6,1,7,0,23,1,26,2961
118,124,1,31,10.7,1.1,1.1,1.1,0,9.6,0,10.7,1240.5
119,124,1,2,0.7,0.1,0.1,0.1,0,0.6,0,0.7,80
0,125,0,30,11,2,2,0,0,11,0,11,1515
1,125,0,50,18,3,1,0,2,18,0,15,3066
2,125,1,33,10.7,1.1,1.6,0.2,0.7,10.5,0.5,9.6,1830.6
3,125,0,44,13,1,3,0,1,13,1,12,1792
4,125,0,54,21,3,2,0,0,21,1,20,3259
5,125,0,47.5,20,3,1,0,2,20,2,20,2992
6,125,0,26,11,3,0,0,1,11,1,11,2078
7,125,1,7,2.7,0.6,0.2,0.1,0.1,2.6,0.1,2.4,482.5
8,125,1,25,9.7,2.2,0.7,0.4,0.3,9.3,0.4,8.6,1723.1
9,125,1,14,5.4,1.2,0.4,0.2,0.2,5.2,0.2,4.8,965
11,125,1,21,7.2,0.7,1.4,0,0.3,7.2,0,7.2,975.6
12,125,0,40,13,3,4,0,0,13,1,13,1961
13,125,0,86,37,9,1,30,7,7,2,35,3494
14,125,0,47.5,17,1,2,0,0,17,1,15,2631
15,125,0,50,22,7,1,8,2,14,0,15,2504
16,125,0,40,13,2,2,0,1,13,0,13,2257
17,125,0,44,17,1,1,0,0,17,0,16,2245
18,125,0,29.5,12,1,1,2,1,10,2,11,1128
19,125,1,22,8.1,1.7,0.7,0.5,1,7.6,0,6.4,1087.2
20,125,0,33,11,1,1,0,3,11,0,10,1519
22,125,1,11,4.1,0.8,0.5,0.5,0.5,3.6,0.2,3.6,515.5
23,125,0,40,14,4,2,5,1,9,2,10,1589
24,125,0,718.5,295,116,44,290,50,5,79,15,21153
25,125,0,230,102,42,9,102,25,0,29,0,8324
26,125,0,874,341,91,26,335,15,6,5,0,27972
27,125,0,82.5,39,13,0,39,4,0,0,17,2827
28,125,0,344,165,66,7,156,37,9,24,52,11553
29,125,0,118,57,23,3,49,5,8,4,9,3725
30,125,0,58,19,3,2,2,0,17,0,19,1970
32,125,1,4,1.3,0.2,0.2,0.2,0.1,1.1,0.1,1,139
33,125,0,91,34,8,5,1,1,33,0,32,3442
34,125,0,87,32,7,5,0,1,32,1,28,3785
35,125,0,65,23,7,4,2,2,21,1,19,2304
36,125,0,563.5,271,132,22,260,50,11,48,44,17046
37,125,0,200.5,84,30,6,59,13,25,4,63,7161
38,125,0,122.5,67,28,2,61,7,6,1,34,4878
39,125,0,155.5,55,9,6,18,8,37,0,36,5399
40,125,0,93,41,9,1,6,3,35,3,38,3721
41,125,0,41,14,1,2,0,2,14,3,13,1440
42,125,1,15,4.3,0.3,1.1,1.6,0,2.7,0,2.9,410.4
50,125,1,19,5.8,0.5,0.7,0,0.7,5.8,0.9,5.5,725.3
51,125,1,4,1.2,0.1,0.1,0,0.1,1.2,0.2,1.1,152.7
53,125,1,4,1.2,0.1,0.1,0,0.1,1.2,0.2,1.1,152.7
54,125,1,26,7.9,0.7,1,0,1,7.9,1.2,7.5,992.6
55,125,0,36.5,16,3,0,2,3,14,1,16,1954
56,125,0,37,15,1,0,0,0,15,0,14,1955
57,125,0,60,25,6,2,2,1,23,1,21,2967
58,125,0,165.5,63,17,7,20,7,43,1,42,6224
59,125,0,151.5,108,77,0,90,2,18,4,29,6351
60,125,0,75.5,36,13,2,20,7,16,0,22,3388
61,125,0,194.5,92,35,3,39,6,53,7,69,7550
62,125,0,242.5,124,50,2,76,27,48,17,58,9748
63,125,0,99,35,7,2,2,0,33,1,30,3895
64,125,0,149,62,21,6,56,16,6,9,21,4644
65,125,0,54.5,21,3,3,4,6,17,5,16,2190
66,125,0,71,30,10,3,5,3,25,7,25,3003
67,125,0,133,51,14,6,17,1,34,1,38,4523
68,125,0,53,21,4,1,3,2,18,2,16,2467
69,125,0,52,33,22,1,25,0,8,4,4,1703
70,125,0,148.5,62,19,5,53,15,9,9,37,4792
71,125,0,41.5,22,10,2,22,3,0,4,0,1257
76,125,0,60.5,27,8,0,0,1,27,0,25,2814
77,125,0,60,19,1,2,1,1,18,1,17,2326
78,125,1,20,7.1,1.4,1,0.7,0.5,6.4,0.5,5.5,953.3
80,125,1,6,2.1,0.4,0.3,0.2,0.1,1.9,0.1,1.6,286
102,125,1,24,8.5,1.6,0.8,2.8,0.8,5.7,0.4,5.7,803.4
103,125,1,12,4.3,0.8,0.4,1.4,0.4,2.9,0.2,2.8,401.7
109,125,1,5,1.9,0.2,0.2,0,0.2,1.9,0,1.5,244.9
110,125,1,11,4.1,0.4,0.4,0,0.4,4.1,0,3.3,538.7
111,125,1,1,0.4,0.1,0,0,0,0.4,0,0.4,37.5
114,125,0,46.5,15,1,3,0,1,15,1,7,1787
115,125,0,114,44,14,6,9,2,35,5,34,4364
116,125,0,150,57,9,3,3,5,54,1,47,5761
117,125,0,94,34,3,3,2,1,32,2,30,3774
1,126,1,25,8.1,0.9,1.2,0.2,0.5,7.9,0.3,7.3,1386.9
2,126,1,21.5,7,0.7,1,0.2,0.4,6.8,0.3,6.2,1192.7
3,126,0,128,49,10,3,5,2,44,0,47,6194
4,126,0,47,18,3,3,2,2,16,1,17,2382
5,126,0,66,22,3,5,0,0,22,1,22,3257
6,126,1,18,7,1.6,0.5,0.3,0.2,6.7,0.3,6.2,1240.7
7,126,1,14,5.4,1.2,0.4,0.2,0.2,5.2,0.2,4.8,965
8,126,1,6,2.3,0.5,0.2,0.1,0.1,2.2,0.1,2.1,413.6
9,126,1,14,5.4,1.2,0.4,0.2,0.2,5.2,0.2,4.8,965
10,126,1,1,0.4,0.1,0,0,0,0.4,0,0.3,68.9
11,126,0,33,16,6,1,1,3,15,1,12,2067
12,126,0,94.5,34,5,2,6,3,28,1,22,4148
13,126,0,75,27,3,5,0,0,27,0,27,3781
14,126,0,51,19,2,2,0,1,19,1,16,2445
15,126,0,174.5,73,26,8,61,16,12,14,20,5460
16,126,0,32,13,3,0,4,1,9,0,12,1816
17,126,0,79.5,29,5,2,3,1,26,2,27,3951
18,126,0,34,15,4,0,0,0,15,1,15,1345
19,126,1,3,1.1,0.2,0.1,0.1,0.1,1,0,0.9,148.2
20,126,1,21,7.7,1.6,0.7,0.4,0.9,7.3,0,6.1,1037.7
22,126,1,20,7.5,1.5,0.9,0.9,0.9,6.6,0.3,6.6,937.3
23,126,0,67,32,16,3,22,4,10,1,29,2784
24,126,0,70.5,23,4,5,7,3,16,3,14,2225
25,126,1,23,8.6,1.7,1,1,1,7.6,0.3,7.6,1077.9
26,126,0,69,21,1,3,0,2,21,0,21,2097
27,126,0,514,233,91,10,229,28,4,15,142,14860
28,126,0,432.5,187,61,14,180,26,7,15,58,12631
29,126,0,51.5,22,7,0,7,0,15,0,17,2049
32,126,1,25,7.9,1.4,1,1.4,0.3,6.5,0.3,6.5,868.5
33,126,1,20,6.3,1.1,0.8,1.1,0.3,5.2,0.3,5.2,694.8
34,126,0,139.5,50,8,6,2,9,48,0,46,5110
35,126,0,80.5,29,8,6,1,2,28,3,27,2799
36,126,0,102.5,48,18,5,39,11,9,12,8,2890
37,126,0,97,41,12,3,26,7,15,4,26,3312
38,126,1,13,5,1.1,0.4,0.8,0.4,4.2,0.4,3.8,552.1
39,126,1,12,4.6,1.1,0.4,0.7,0.4,3.9,0.4,3.5,509.6
41,126,1,3,0.9,0.1,0.2,0.3,0,0.6,0,0.6,82.1
53,126,1,2,0.6,0.1,0.1,0,0.1,0.6,0.1,0.6,76.4
54,126,1,7,2.1,0.2,0.3,0,0.3,2.1,0.3,2,267.2
55,126,0,80.5,33,8,4,2,2,31,1,30,4217
56,126,0,99,39,11,4,6,2,33,4,27,4157
57,126,0,63.5,21,5,4,2,2,19,2,17,2556
58,126,1,40,13.1,1.7,1.7,3.4,1.1,9.7,0.6,8.6,1504.6
59,126,0,72,23,2,4,2,2,21,0,19,2946
60,126,0,79,29,6,4,2,4,27,2,27,3665
61,126,0,57,26,5,0,0,0,26,0,24,3268
62,126,0,95,36,6,3,3,3,33,0,32,4022
63,126,0,66,29,5,2,0,3,29,0,27,3474
64,126,0,34,14,1,1,0,1,14,1,14,1683
65,126,0,243,110,48,10,107,17,3,27,4,7336
66,126,0,331,135,48,16,132,24,3,52,3,8904
67,126,0,87,36,7,1,2,1,34,2,35,4136
68,126,0,77,29,9,6,3,3,26,3,24,2774
69,126,0,436.5,177,66,25,173,30,4,46,26,13230
70,126,0,248,126,54,6,111,25,15,18,42,9115
71,126,0,472,208,69,8,197,22,11,14,166,15825
72,126,0,122.5,42,10,7,23,4,19,2,28,3347
74,126,1,2,0.8,0.1,0,0,0.2,0.8,0,0.6,76.6
75,126,1,10,3.9,0.6,0.2,0.2,0.9,3.7,0,2.8,383
76,126,1,12,4.3,0.9,0.6,0.4,0.3,3.9,0.3,3.3,572
77,126,1,19,6.8,1.4,0.9,0.7,0.5,6.1,0.5,5.2,905.7
78,126,0,34,13,2,0,2,1,11,1,13,1191
79,126,1,6,2.1,0.4,0.3,0.2,0.1,1.9,0.1,1.6,286
81,126,1,7,2.2,0.3,0.5,0,0.1,2.2,0,1.8,258.9
95,126,1,5,1.5,0.2,0.3,0.2,0.1,1.3,0.1,1.3,171.2
105,126,1,2,0.7,0.1,0.1,0.2,0.1,0.5,0,0.5,66.9
112,126,1,9.5,3.7,0.7,0,0,0,3.7,0,3.5,356.4
113,126,0,93.5,30,1,2,0,2,30,2,28,3034
114,126,1,14,5.5,1,0,0,0,5.5,0,5.1,525.2
115,126,0,75.5,25,3,3,0,3,25,0,24,2441
116,126,0,70,27,5,1,2,1,25,0,24,2945
117,126,1,31,9.1,1.5,3,0.8,0,8.3,0.8,8.3,1258.9
2,127,0,34,14,4,2,0,0,14,0,13,2001
3,127,0,63.5,26,10,2,3,2,23,1,22,3361
4,127,0,55,21,6,3,2,1,19,0,20,2850
5,127,1,23,7.5,0.8,1.1,0.2,0.5,7.3,0.3,6.7,1275.9
6,127,1,12,4.7,1,0.3,0.2,0.2,4.5,0.2,4.1,827.1
7,127,1,19,7.4,1.7,0.5,0.3,0.2,7.1,0.3,6.6,1309.6
8,127,1,4,1.6,0.3,0.1,0.1,0.1,1.5,0.1,1.4,275.7
9,127,1,14,5.4,1.2,0.4,0.2,0.2,5.2,0.2,4.8,965
10,127,1,25,9.7,2.2,0.7,0.4,0.3,9.3,0.4,8.6,1723.1
11,127,0,72.5,28,4,0,3,2,25,0,26,4233
12,127,0,59.5,22,3,1,5,1,17,1,19,3029
13,127,0,78.5,25,2,3,1,1,24,0,22,3779
14,127,1,37,12.7,1.2,2.4,0,0.6,12.7,0,12.7,1719
15,127,0,110,52,21,0,37,7,15,1,36,5446
16,127,0,40.5,17,2,1,0,1,17,0,16,2668
17,127,0,60,19,3,3,2,1,17,0,16,2840
18,127,0,24,11,5,0,4,1,7,2,5,925
20,127,0,27,11,2,0,8,0,3,0,9,938
21,127,1,2,0.7,0.1,0.1,0.1,0.1,0.6,0,0.7,93.7
22,127,0,89,41,13,2,37,5,4,5,30,3833
23,127,0,44,20,9,3,13,0,7,2,17,2127
24,127,0,48,16,1,3,0,0,16,1,16,2200
25,127,1,11,4.1,0.8,0.5,0.5,0.5,3.6,0.2,3.6,515.5
26,127,0,38,17,4,0,8,4,9,1,12,1441
27,127,0,312,133,43,7,116,22,17,11,27,10054
28,127,0,345,152,50,9,131,26,21,22,55,11352
29,127,0,148,84,41,2,78,3,6,5,68,6658
30,127,1,20,6.7,0.3,0.7,0.7,0.3,6,0,6.3,763.3
32,127,1,5,1.6,0.3,0.2,0.3,0.1,1.3,0.1,1.3,173.7
33,127,1,4,1.3,0.2,0.2,0.2,0.1,1.1,0.1,1,139
34,127,0,44,18,4,1,0,2,18,0,18,1713
35,127,0,79,30,5,3,2,3,28,0,29,2982
36,127,0,238.5,136,73,3,136,14,0,15,78,7842
40,127,1,7,2.7,0.6,0.2,0.4,0.2,2.3,0.2,2.1,297.3
54,127,1,9,2.8,0.2,0.3,0,0.3,2.8,0.4,2.6,343.6
55,127,0,90,33,3,3,3,4,30,1,26,3864
56,127,0,123,44,12,5,18,3,26,1,30,4406
57,127,0,118,40,9,8,8,6,32,2,22,4385
58,127,0,78.5,25,1,4,2,2,23,2,22,2847
59,127,1,17,5.6,0.7,0.7,1.5,0.5,4.1,0.2,3.6,639.4
61,127,1,12,3.5,0.4,0.9,0.5,0.4,3,0.2,2.8,405.6
62,127,1,34,9.9,1,2.6,1.5,1,8.4,0.5,7.8,1149.2
63,127,0,89,44,25,5,32,2,12,0,24,3047
64,127,0,49,20,3,0,0,2,20,0,18,2159
65,127,0,95,36,4,2,0,4,36,1,35,3953
66,127,0,95.5,28,1,3,0,0,28,0,27,3445
67,127,0,101,33,3,3,0,2,33,1,29,4061
68,127,1,6,2.8,0.9,0,0,0.4,2.8,0,2.4,411.3
69,127,0,48,23,8,2,18,4,5,6,4,2087
70,127,0,76,24,3,6,0,2,24,1,22,2778
71,127,0,72.5,26,4,2,1,3,25,0,25,2848
72,127,0,96,33,8,5,4,3,29,2,26,3335
73,127,0,51.5,19,2,1,5,5,14,2,13,1918
74,127,0,47,19,4,2,0,1,19,0,16,2028
75,127,1,41.5,16.3,2.3,0.8,0.8,3.9,15.5,0,11.6,1589.4
76,127,0,86.5,34,9,3,3,7,31,0,30,3157
77,127,0,69,26,5,2,2,1,24,0,20,2687
78,127,0,92,32,6,2,2,1,30,5,30,3526
79,127,0,55,23,8,2,0,2,23,1,20,2822
80,127,0,122,43,7,7,17,13,26,7,11,3758
81,127,1,14,4.3,0.5,1.1,0,0.2,4.3,0,3.6,517.8
100,127,1,2,0.7,0.1,0,0.2,0,0.5,0,0.4,66.9
104,127,1,4,1.4,0.3,0.1,0.5,0.1,0.9,0.1,0.9,133.9
112,127,1,16,6.3,1.1,0,0,0,6.3,0,5.9,600.3
113,127,0,73,29,5,2,0,1,29,2,28,2818
114,127,0,40,17,3,0,0,0,17,1,17,1665
118,127,1,10,2.9,0.5,1,0.2,0,2.7,0.2,2.7,406.1
