x,y,imputed,ind,ind_0_3,ind_11_17,ind_18_24,ind_25_39,ind_40_54,ind_4_5,ind_55_64,ind_65_79,ind_6_10,ind_80p,ind_inc
80,0,1,8,0.4,0.5,0.8,1.1,2.1,0.1,0.9,0.9,0.9,0.3,0
7,1,1,3,0,0.2,0.3,0.6,0.4,0,0.5,0.8,0,0.2,0
78,1,1,1,0,0.1,0.1,0.1,0.2,0,0.2,0.1,0.1,0.1,0
79,1,1,17,0.3,1.5,2.4,1.4,4,0,3.5,2.2,0.9,0.8,0
83,1,1,1,0.1,0.1,0.1,0.1,0.3,0,0.1,0.1,0.1,0,0
84,2,1,4,0.2,0.2,0.4,0.5,1.1,0.1,0.5,0.5,0.4,0.1,0
90,2,1,4,0.2,0.2,0.4,0.5,1.1,0.1,0.5,0.5,0.4,0.1,0
118,2,1,7,0.4,1.1,0.5,1.6,1.8,0.1,0.2,0.6,0.4,0.3,0
58,3,1,1,0,0.1,0.1,0.1,0.2,0,0.2,0.2,0.1,0,0
74,3,1,2,0,0.2,0.3,0.2,0.5,0,0.4,0.2,0.1,0.1,0
97,3,1,5,0.3,0.3,0.5,0.6,1.3,0.1,0.6,0.6,0.5,0.2,0
15,4,1,11,0,0.9,1,2.2,1.6,0,1.9,2.8,0,0.6,0
16,4,1,1,0,0.1,0.1,0.2,0.1,0,0.2,0.2,0,0.1,0
61,4,1,5,0.3,0.1,0.6,0.5,1.1,0,0.8,1.1,0.3,0.2,0
90,4,1,7,0.4,0.4,0.7,0.9,1.8,0.1,0.8,0.8,0.8,0.3,0
97,4,1,2,0.1,0.1,0.2,0.3,0.5,0.1,0.2,0.2,0.2,0.1,0
14,5,1,1,0,0.1,0.1,0.2,0.1,0,0.2,0.2,0,0.1,0
68,5,1,2,0.1,0,0.3,0.2,0.4,0,0.3,0.5,0.1,0.1,0
74,5,1,4,0.1,0.3,0.6,0.3,1,0,0.8,0.5,0.2,0.2,0
94,5,1,10,0.6,0.6,1,1.3,2.6,0.2,1.1,1.1,1.1,0.4,0
72,6,1,5,0.1,0.4,0.7,0.4,1.2,0,1,0.6,0.3,0.3,0
73,6,1,12,0.2,1,1.7,0.9,2.9,0,2.5,1.5,0.7,0.6,0
80,6,1,4,0.2,0.2,0.4,0.5,1.1,0.1,0.5,0.5,0.4,0.1,0
94,6,1,2,0.1,0.1,0.2,0.3,0.5,0.1,0.2,0.2,0.2,0.1,0
68,7,1,1,0.1,0,0.1,0.1,0.2,0,0.2,0.2,0.1,0,0
72,7,1,5,0.1,0.4,0.7,0.4,1.2,0,1,0.6,0.3,0.3,0
92,7,1,6,0.3,0.3,0.6,0.8,1.6,0.1,0.7,0.7,0.7,0.2,0
107,7,1,1,0,0.1,0.1,0.2,0.1,0.1,0.2,0.2,0,0,0
108,7,1,6,0.3,0.5,0.3,1.2,0.9,0.4,1,1.1,0.3,0,0
67,8,1,3,0.2,0,0.4,0.3,0.6,0,0.5,0.7,0.2,0.1,0
68,8,1,4,0.2,0.1,0.5,0.4,0.9,0,0.6,0.9,0.3,0.1,0
72,8,1,4,0.1,0.3,0.6,0.3,1,0,0.8,0.5,0.2,0.2,0
107,8,1,10,0.5,0.8,0.6,2,1.5,0.7,1.6,1.8,0.5,0,0
108,8,1,17,0.9,1.4,0.9,3.4,2.5,1.2,2.8,3,0.9,0,0
109,8,1,20,1.1,1.6,1.1,4.1,3,1.3,3.2,3.5,1.1,0,0
60,9,1,1,0.1,0,0.1,0.1,0.2,0,0.2,0.2,0.1,0,0
67,9,1,15.5,1,0.2,2,1.5,3.4,0,2.5,3.4,1,0.5,0
68,9,0,110.5,3,6.5,11,22,10,1,15,26,8,8,0
69,9,0,75.5,3,1.5,3,11,16,0,12,16,4,9,0
70,9,0,31,3,0,5,6,5,0,7,3,1,1,0
71,9,1,11,0.2,0.9,1.6,0.9,2.6,0,2.3,1.4,0.6,0.5,0
72,9,1,2,0,0.2,0.3,0.2,0.5,0,0.4,0.2,0.1,0.1,0
105,9,1,20,1.1,1.6,1.1,4.1,3,1.3,3.2,3.5,1.1,0,0
106,9,0,71,1,9,2,8,12,0,10,19,7,3,0
107,9,0,66,2,6,3,11,16,0,7,9,8,4,0
108,9,0,70,1,4.5,2.5,3,15,1,13,17,4,9,0
109,9,0,91.5,3,10,4,15,25,1,13,15,4.5,0,1
110,9,1,13,0.7,2,0.9,2.9,3.4,0.2,0.5,1.1,0.8,0.5,0
67,10,1,2,0.1,0.2,0,0.2,0.5,0,0.4,0.4,0.1,0.1,0
68,10,0,85.5,3,11,1,20,14,6,12,8,7.5,3,0
69,10,1,35,1.5,3,0,3,8.9,0.7,8.2,6.7,1.5,1.5,0
70,10,0,63,5,7,2,12,9,1,10,14,2,1,0
71,10,1,15,0.9,1.3,2.2,1.8,3.5,0,3.1,1.3,0,0.4,0.5
72,10,1,11,0.6,1,1.6,1.3,2.6,0,2.3,1,0,0.3,0.3
105,10,1,2,0,0,0,0.2,0.1,0,0.8,0.7,0,0.2,0
106,10,0,33,0,2,0,2,7,0,8,9,0,5,0
107,10,0,64,2,5,4,9,11,0,11,8,7,7,0
108,10,0,110.5,6.5,9,9,18,25,2,12,10,2,17,0
109,10,0,156,9,13.5,2,39,27,4,19,15,13.5,14,0
110,10,0,54,2,5.5,2.5,6,14,2,10,9,2,1,0
127,10,1,12,0,0.7,0.4,0.7,3,0,1.9,3.4,0.7,0.8,0.4
67,11,1,6,0.3,0.5,0,0.5,1.5,0.1,1.4,1.1,0.3,0.3,0
68,11,1,2,0.1,0.2,0,0.2,0.5,0,0.4,0.4,0.1,0.1,0
90,11,1,1,0,0,0.1,0.1,0.3,0,0.2,0.1,0.1,0.1,0
107,11,1,7,0,0,0,0.6,0.4,0,3,2.4,0,0.6,0
108,11,0,37,3,5,1,7,7,0,6,6,0,2,0
109,11,0,54,1,6.5,2,7,10,0,12,9,2.5,4,0
110,11,0,62,3,4,2,9,11,2,3,14,7,7,0
111,11,0,29,0,4,0,1,6,0,4,11,2,1,0
112,11,1,18,0.8,0,0.4,3.5,1.6,0.4,3.5,5.1,2.7,0,0
127,11,1,4,0,0.3,0.1,0.3,1,0,0.6,1.1,0.2,0.3,0.1
33,12,1,5,0,0.5,0.8,0.4,1.7,0,0.5,0.6,0.2,0.3,0
50,12,1,2,0,0.1,0.2,0.3,0.3,0,0.5,0.5,0.1,0,0
65,12,1,2,0.1,0.2,0,0.2,0.5,0,0.4,0.4,0.1,0.1,0
70,12,1,4,0.2,0.4,0.6,0.5,0.9,0,0.8,0.4,0,0.1,0.1
73,12,1,3,0.2,0.3,0.4,0.3,0.7,0,0.6,0.3,0,0.1,0.1
91,12,1,3,0,0.1,0.2,0.3,0.9,0,0.6,0.5,0.2,0.2,0
96,12,1,3,0,0.1,0.2,0.3,0.9,0,0.6,0.5,0.2,0.2,0
100,12,1,7,0,0.3,1.1,0.5,1.3,0,0.3,2.9,0.3,0.3,0
108,12,1,18,0,0,0,1.5,1,0,7.7,6.2,0,1.6,0
109,12,1,8,0,0,0,0.7,0.5,0,3.4,2.7,0,0.7,0
110,12,1,3,0.1,0,0.1,0.6,0.3,0.1,0.6,0.8,0.4,0,0
111,12,1,9,0.4,0,0.2,1.7,0.8,0.2,1.8,2.5,1.4,0,0
112,12,1,12,0.5,0,0.3,2.3,1,0.3,2.4,3.4,1.8,0,0
113,12,0,55,4,8,2,9,10,0,5,11,4,2,0
114,12,1,4,0.2,0,0.1,0.8,0.3,0.1,0.8,1.1,0.6,0,0
16,13,1,1,0,0.1,0.1,0.2,0.1,0,0.2,0.2,0,0.1,0
25,13,1,6,0,0.4,0.3,0.9,1.2,0.1,1.3,1.1,0.5,0.2,0
30,13,1,2,0,0.2,0.3,0.2,0.7,0,0.2,0.2,0.1,0.1,0
90,13,1,3,0,0.1,0.2,0.3,0.9,0,0.6,0.5,0.2,0.2,0
92,13,1,4,0,0.2,0.3,0.4,1.2,0,0.7,0.6,0.3,0.3,0
100,13,1,2,0,0.1,0.3,0.1,0.4,0,0.1,0.8,0.1,0.1,0
23,14,1,17,0,1.8,2.5,1.4,5.8,0,1.8,2.1,0.7,0.9,0
24,14,1,30,0,3.2,4.5,2.4,10.1,0,3.3,3.7,1.2,1.6,0
25,14,0,60,1,2,6,4,15,2,6,19,1,4,0
26,14,1,48,0,3.1,2.4,7.1,10.2,0.8,10.2,8.7,3.9,1.6,0
27,14,1,7,0,0.5,0.3,1,1.5,0.1,1.5,1.3,0.6,0.2,0
73,14,1,1,0.1,0.1,0.2,0.1,0.2,0,0.2,0.1,0,0,0
91,14,1,1,0,0,0.1,0.1,0.3,0,0.2,0.1,0.1,0.1,0
99,14,1,19,0,0.9,1.3,1.8,5.8,0,3.5,3.1,1.3,1.3,0
100,14,1,2,0,0.1,0.3,0.1,0.4,0,0.1,0.8,0.1,0.1,0
102,14,1,1,0,0,0.2,0.1,0.2,0,0,0.4,0,0.1,0
23,15,1,2,0,0.2,0.3,0.2,0.7,0,0.2,0.2,0.1,0.1,0
24,15,1,18,0,1.9,2.7,1.5,6.1,0,1.9,2.2,0.7,1,0
25,15,0,62.5,5,8,2.5,15,11,0,4,8,4,5,0
26,15,1,23,1.6,0.8,1.6,7.1,5.5,0,4,1.6,0.8,0,0
27,15,1,6,0.4,0.2,0.4,1.9,1.5,0,1,0.4,0.2,0,0
43,15,1,4,0,0.3,0.3,0.5,0.6,0.1,1,1,0.2,0,0
93,15,1,2,0,0.1,0.1,0.2,0.6,0,0.4,0.3,0.1,0.2,0
95,15,1,2,0.2,0.2,0,0.6,0.4,0,0.1,0.1,0.4,0,0
97,15,1,35.5,2.9,3.6,0,10.8,7.2,0,2.1,2.1,6.1,0,0.7
100,15,0,40,1.5,7,3,8,5,1,2,7,4.5,1,0
121,15,1,21,0.3,2.7,0.9,3,3.3,0.3,3,5.4,1.8,0.3,0
122,15,1,23,0.3,3,1,3.3,3.6,0.3,3.3,5.9,2,0.3,0
123,15,1,2,0,0.3,0.1,0.3,0.3,0,0.3,0.5,0.2,0,0
13,16,1,7,0,0.6,0.6,1.4,1,0,1.2,1.8,0,0.4,0
19,16,1,5,0,0.4,0.4,1,0.7,0,0.9,1.3,0,0.3,0
53,16,1,6,0.3,0.3,0.3,0.7,1.2,0,1.2,1.3,0.4,0.3,0
54,16,0,40,2,3,0,9,3,0,11,7,5,0,0
56,16,1,13.5,0,0.9,1.1,1.8,2.2,0.4,3.2,3.2,0.7,0,0
83,16,1,13,0.5,0.8,1.4,1.6,2.8,0.3,2.5,2.1,0.7,0.3,0
84,16,1,8,0.3,0.5,0.9,1,1.7,0.2,1.5,1.3,0.4,0.2,0
95,16,1,4,0.3,0.4,0,1.2,0.8,0,0.2,0.3,0.7,0,0.1
96,16,1,4,0.3,0.4,0,1.2,0.8,0,0.2,0.3,0.7,0,0.1
97,16,1,3,0.2,0.3,0,0.9,0.6,0,0.2,0.2,0.5,0,0.1
98,16,0,47.5,1,2.5,6,2,14,1,9,9,1,2,0
99,16,0,94,3,7,8,7,19,2,14,27,4,3,0
100,16,0,66.5,2,7.5,3,11,19,1,7,12,3,1,0
119,16,1,5,0.3,0.8,0.3,1.1,1.3,0.1,0.2,0.4,0.3,0.2,0
120,16,0,42,2.5,5.5,1,9,13,2,4,2,3,0,0
121,16,0,70,0,6,3,7,12,1,15,21,2,3,0
122,16,0,63,3,10,0,14,12,2,3,12,2,4,1
123,16,1,6,0.1,0.8,0.2,0.9,0.9,0.1,0.9,1.5,0.5,0.1,0
52,17,1,2,0.1,0.1,0.1,0.2,0.4,0,0.4,0.5,0.1,0.1,0
53,17,1,16,0.7,0.8,0.9,1.8,3.1,0,3.2,3.6,1,0.9,0
54,17,0,70,3,3,3,19,9,3,8,9,2,10,1
55,17,0,42,2.5,2,0,11,4,0.5,8,6,5,3,0
56,17,0,66,3,3,2,10,8,0,8,18,7,7,0
57,17,1,11,0,0.7,0.9,1.5,1.8,0.3,2.6,2.6,0.6,0,0
80,17,1,6,0.3,0.4,0.6,0.8,1.3,0.1,1.1,1,0.3,0.1,0
81,17,1,6,0.3,0.4,0.6,0.8,1.3,0.1,1.1,1,0.3,0.1,0
82,17,0,43,1,6,1,3,9,0,8,9,5,1,0
83,17,1,29,1.2,1.9,3.1,3.7,6.2,0.6,5.6,4.6,1.5,0.6,0
94,17,1,4,0,0.2,0.3,0.4,1.2,0,0.7,0.6,0.3,0.3,0
95,17,1,1,0.1,0.1,0,0.3,0.2,0,0,0.1,0.2,0,0
98,17,0,45,2,7,0,3,7,0.5,3,14,1.5,6,1
99,17,0,159.5,11,12,14,32,30,1,26,23,7.5,3,0
119,17,1,32.5,1.7,5.1,2.3,7.3,8.5,0.6,1.1,2.8,2,1.1,0
120,17,0,163,15.5,16,6,43,30,5,14,10,21.5,2,0
121,17,0,77.5,3,5.5,1,12,13,3,12,13,6,9,0
122,17,0,118,7,12.5,7,20,20,7,12,12,6.5,14,0
123,17,0,23,0,0.5,0,1,1,0.5,4,3,2,11,0
4,18,1,6,0,0.5,0.5,1.2,0.9,0,1,1.5,0,0.4,0
52,18,1,15,0.6,0.7,0.8,1.7,3,0,3,3.4,1,0.8,0
53,18,0,47,3,3,1,11,9,0,5,8,2,5,0
54,18,0,49.5,3,0,2,10.5,9,2,14,4,1,4,0
55,18,0,105,4,5,9,15,21,0,18,20,8,5,0
56,18,0,47,3,8,4,3,14,0,3,10,2,0,0
79,18,1,3,0.2,0.5,0.2,0.6,0.8,0,0.4,0.2,0.1,0,0
80,18,1,20,0.8,1.3,2.1,2.6,4.3,0.4,3.8,3.2,1.1,0.4,0
81,18,0,42,4,3,1,11,9,2,2,7,2,1,0
82,18,1,8,0.3,0.5,0.9,1,1.7,0.2,1.5,1.3,0.4,0.2,0
97,18,0,93.5,3.5,3,9,20,15,1,6,24,5,7,0
98,18,0,84,2,10,4,14,18,1,4,20,7,4,0
99,18,0,73.5,2,8,4,11,20,1,5,13,8.5,1,0
100,18,1,8,0,0.3,1.2,0.6,1.6,0,0.3,3.4,0.3,0.3,0
102,18,0,54,5,7,5,13,10,4,4,1,5,0,0
103,18,1,3,0,0.1,0.5,0.2,0.6,0,0.1,1.3,0.1,0.1,0
120,18,0,72,4,10,2,26,9,3,4,4,9,1,0
121,18,0,75,4,11,6,16,18,6,2,3,9,0,0
52,19,1,21,0.9,1,1.2,2.4,4.1,0,4.2,4.7,1.3,1.2,0
53,19,0,96.5,4,12.5,7,12,23,3,9,10,10,6,0
54,19,1,11,0.5,0.5,0.6,1.2,2.2,0,2.2,2.5,0.7,0.6,0
55,19,1,6,0,0.4,0.5,0.8,1,0.2,1.4,1.4,0.3,0,0
78,19,1,28,1.8,4.5,1.8,5.4,8.2,0,3.6,1.8,0.9,0,0
79,19,0,37.5,1,3.5,4,5,11,1,6,4,2,0,0
80,19,0,55,1,6,8,5,11,0,3,17,2,2,0
81,19,0,182,7,16.5,11,22,44,4,22,26,14.5,15,0
82,19,0,43,2,3.5,2,12,6,1,4,6,5.5,1,0
83,19,1,4,0.2,0.3,0.4,0.5,0.8,0.1,0.8,0.6,0.2,0.1,0
93,19,1,2,0,0.1,0.1,0.2,0.6,0,0.4,0.3,0.1,0.2,0
94,19,1,1,0,0,0.1,0.1,0.3,0,0.2,0.1,0.1,0.1,0
97,19,0,69.5,2,7.5,5,9,16,0,10,13,5,2,0
98,19,0,45,0,2,6,6,10,1,4,13,2,1,0
99,19,0,102,4,9,11,13,20,1,7,29,2,6,0
100,19,0,58,0,5,2,8,4,0,11,23,1,3,1
101,19,0,65,1,12,4,6,24,0,5,8,5,0,0
102,19,0,135,9,19,6,22,29,7,13,18,10,2,0
103,19,0,64,4,4,5,11,13,0,4,14,6,3,0
104,19,1,3,0,0.1,0.5,0.2,0.6,0,0.1,1.3,0.1,0.1,0
120,19,1,8,0.1,1,0.4,1.1,1.3,0.1,1.1,2.1,0.7,0.1,0
121,19,1,10,0.1,1.3,0.4,1.4,1.6,0.1,1.4,2.6,0.9,0.2,0
30,20,1,2,0.2,0.2,0.1,0.4,0.5,0.1,0.1,0.2,0.2,0,0
31,20,0,51,1,12,1,7,14,0,5,4,5,1,1
32,20,1,23,2.5,2.6,0.7,4.6,5.3,1.2,1.2,2.3,2.1,0.5,0
33,20,1,23,2.5,2.6,0.7,4.6,5.3,1.2,1.2,2.3,2.1,0.5,0
37,20,1,4,0.2,0.6,0.1,0.8,0.9,0.1,0.3,0.4,0.3,0.3,0
51,20,1,3,0.1,0.2,0.2,0.6,0.3,0,0.6,0.7,0.2,0.1,0
53,20,1,5,0.1,0.4,0.4,1,0.5,0,1,1.1,0.3,0.2,0
78,20,0,68,1,10,2,10,20,0,8,8,8,1,0
79,20,1,42.5,0,2.2,4.4,4.4,6.1,0.9,8.8,13.1,1.7,0.9,0
80,20,0,61,2,2.5,1,9,10,1,10,16,0.5,9,0
81,20,0,90,3,12,6,14,18,3,14,8,4,8,0
82,20,1,14,0.5,1,1,2.5,4,1,1.5,2,0.5,0,0
93,20,1,5,0.1,0.9,0.1,0.7,1.4,0.1,0.4,0.6,0.6,0.1,0
94,20,1,4,0.1,0.7,0.1,0.5,1.1,0.1,0.3,0.5,0.5,0.1,0
97,20,0,40,2,2,5,1,14,0,2,9,0,5,0
98,20,0,67.5,3,1,3.5,8,10,1,11,19,3,8,0
99,20,0,242,12.5,20,22,36,38,6,24,43,16.5,20,4
100,20,0,127,7,20,6,18,32,1,13,19,8,3,0
101,20,0,183.5,2,20,13,25,32,2,38,37,8.5,6,0
102,20,0,94,0,15,10,6,18,0,12,26,3,4,0
103,20,1,22,0,5.7,0.8,3.2,6.5,0.4,2.8,1.6,0.8,0,0.2
104,20,1,4,0,1,0.2,0.6,1.2,0.1,0.5,0.3,0.1,0,0
28,21,1,8,0,0.3,0.8,1.3,2.4,0,1.1,1.3,0.3,0.5,0
31,21,1,9,1,1,0.3,1.8,2.1,0.4,0.5,0.9,0.8,0.2,0
32,21,0,44,3,7,1,8,8,1,5,8,2,1,0
33,21,1,7,0.8,0.8,0.2,1.4,1.6,0.4,0.4,0.7,0.6,0.1,0
34,21,0,32,1,2,2,8,4,1,3,9,1,1,0
35,21,0,32,1,0,1,5,6,0,3,6,2,8,0
36,21,1,3,0.1,0.4,0.1,0.6,0.7,0.1,0.2,0.3,0.2,0.3,0
41,21,1,11,0.3,0.8,0.8,2.1,1.1,0,2.2,2.4,0.8,0.5,0
51,21,1,1,0,0.1,0.1,0.2,0.1,0,0.2,0.2,0.1,0,0
52,21,1,5,0.1,0.4,0.4,1,0.5,0,1,1.1,0.3,0.2,0
79,21,1,6,0,0.3,0.6,0.6,0.9,0.1,1.2,1.9,0.3,0.1,0
80,21,0,32,0,2,1,5,3,0,4,13,2,2,0
81,21,0,34,1,4,3,4,9,0,6,5,0,2,0
82,21,1,10,0.3,0.7,0.7,1.8,2.9,0.7,1.1,1.4,0.4,0,0
92,21,1,2,0,0.4,0,0.3,0.6,0,0.2,0.2,0.2,0.1,0
94,21,1,2,0,0.4,0,0.3,0.6,0,0.2,0.2,0.2,0.1,0
95,21,1,2,0.2,0,0.1,0.2,0.3,0,0.5,0.5,0,0.2,0
97,21,1,3,0.2,0,0.1,0.4,0.4,0,0.8,0.8,0,0.3,0
98,21,0,25,0,0,0,3,2,0,8,8,0,4,0
99,21,0,28,1,3,0,3,6,0,4,3,1,7,0
100,21,0,90.5,0,6,4,6,15,0.5,24,22,1,12,0
101,21,0,138.5,3,10.5,8,4,33,3,26,32,6,12,1
102,21,0,142.5,6.5,9.5,20,32,20,1,21,25,3.5,3,1
103,21,1,3,0,0.8,0.1,0.4,0.9,0.1,0.4,0.2,0.1,0,0
104,21,1,5.5,0,1.4,0.2,0.8,1.6,0.1,0.7,0.4,0.2,0,0.1
105,21,1,6,0.1,0.5,0.3,1.4,0.6,0,1.1,1.1,0.3,0.6,0
15,22,1,4,0.3,0.2,0.1,1,0.6,0,0.4,0.8,0.6,0,0
16,22,1,11,0.8,0.5,0.2,2.8,1.8,0.1,1,2.3,1.5,0,0
17,22,0,47,0,3,5,5,11,1,4,12,1,5,0
18,22,0,69,1,2,11,8,10,1,21,10,4,1,0
28,22,1,13,0,0.4,1.3,2.2,3.9,0,1.7,2.2,0.4,0.9,0
29,22,1,9,0,0.3,0.9,1.5,2.7,0,1.2,1.5,0.3,0.6,0
30,22,1,26,2.9,2.9,0.8,5.3,6,1.3,1.3,2.6,2.4,0.5,0
31,22,0,56,0,4,4,1,13,0,16,15,1,2,0
32,22,0,74.5,2,6.5,9,7,21,0,16,7,2,3,1
33,22,0,137.5,3,13,8.5,15,24,2,15,31,6,18,2
34,22,0,64,1,6,4,6,12,1,7,13,5,8,1
35,22,1,33,1.4,4.7,1.1,6.5,7.9,0.7,2.1,3.6,2.1,2.9,0
36,22,1,3,0.1,0.4,0.1,0.6,0.7,0.1,0.2,0.3,0.2,0.3,0
81,22,1,2,0.1,0.1,0.1,0.4,0.6,0.1,0.2,0.3,0.1,0,0
82,22,1,2,0.1,0.1,0.1,0.4,0.6,0.1,0.2,0.3,0.1,0,0
95,22,1,8,0.7,0,0.4,1,1,0,2.1,2.1,0,0.7,0
96,22,0,39,3,3,3,12,3,1,3,6,3,2,0
97,22,1,10,0.9,0,0.4,1.3,1.3,0,2.6,2.6,0,0.9,0
98,22,0,32,0,4,2,1,8,0,3,5,1,8,0
99,22,0,21,0,0,0,3,1,0,6,9,0,2,0
100,22,0,124,8,15,9,23,18,4,10,17,8,12,0
101,22,0,60,0,7,3,4,14,0,9,14,3,6,0
102,22,0,84,1,3,6,4,15,1,12,23,5,14,0
103,22,1,1,0,0.3,0,0.2,0.3,0,0.1,0.1,0,0,0
104,22,0,58,2,4.5,7,10,13,0,9,7,4.5,0,1
105,22,0,26,1,0,3,5,7,1,3,3,1,2,0
106,22,0,29,0,4,2,2,4,0,5,10,2,0,0
107,22,0,34,0,3,1,4,6,0,11,8,0,1,0
114,22,1,6,0,0.3,0.7,1.2,1.7,0.3,0.8,0.8,0,0.2,0
16,23,1,15,1,0.7,0.3,3.8,2.4,0.2,1.4,3.1,2.1,0,0
17,23,0,219,13,16.5,16,42,32,3,20,52,9.5,15,0
18,23,0,105,8,4.5,9.5,10,26,2,15,18,5,7,0
19,23,0,53,2,12,5,6,16,2,4,2,3,1,0
32,23,1,9,1,1,0.3,1.8,2.1,0.4,0.5,0.9,0.8,0.2,0
33,23,0,60,2,6,3,6,12,2,10,3,7,9,0
90,23,1,2,0,0.4,0,0.3,0.6,0,0.2,0.2,0.2,0.1,0
94,23,1,60,1.5,10.8,1.6,7.7,16.9,1.5,4.6,6.9,6.9,1.6,0
95,23,0,202,6,11,14,24,35,2,19,51,9,31,0
96,23,0,127.5,5.5,8.5,6.5,14,24,3,12,32,7,15,0
97,23,0,132,7,14,5,18,17,2,21,20,4,24,0
98,23,0,129.5,7,12.5,7,21,19,4,17,22,9,11,0
99,23,0,118,5,10,5,20,25,5,9,16,6,17,0
100,23,0,127,6,13,6,20,22,5,17,19,18,1,0
101,23,0,82.5,2,8,6,4,23,1,7,13,4.5,14,0
102,23,0,107.5,6,13.5,9,20,12,3,17,11,10,6,0
103,23,1,19,0,4.9,0.7,2.8,5.6,0.3,2.4,1.4,0.7,0,0.2
104,23,0,29,3,2,2,4,7,0,6,1,2,2,0
105,23,0,101,6,4,11,15,15,0,14,19,7,10,0
106,23,0,129,9,15.5,4,27,19,3.5,13,19,14,5,0
107,23,0,107,5,15,6,23,18,8,5,14,13,0,0
15,24,0,43,0,2,9,1,12,0,8,8,1,2,0
16,24,0,81,3,9,8,9,21,1,6,11,7,6,0
17,24,0,51.5,2,5,5,10,13,4,4,5,2.5,1,0
18,24,0,48,2,2,6,3,10,1,7,13,0,4,0
19,24,1,13.5,0.9,0.6,0.3,3.4,2.2,0.2,1.2,2.8,1.9,0,0
68,24,1,13,0.2,2,0.5,1.6,2.6,0.2,2.6,2.5,0.3,0.5,0
69,24,1,4,0,0.6,0.2,0.5,0.8,0,0.8,0.8,0.1,0.2,0
70,24,1,12,0,0.5,0.5,2,1,0.5,3,3.5,0.5,0.5,0
71,24,1,5,0,0.2,0.2,0.8,0.4,0.2,1.3,1.5,0.2,0.2,0
90,24,1,2,0,0.4,0,0.3,0.6,0,0.2,0.2,0.2,0.1,0
92,24,1,1,0,0.2,0,0.2,0.3,0,0.1,0.1,0.1,0,0
94,24,0,102,2,12,9,19,22,4,10,19,4,1,0
95,24,0,75,0,6,1,11,9,5,1,18,3,21,0
96,24,0,221.5,2,22,13,27,43,0,24,49,13.5,26,2
97,24,0,266.5,11,23,10,36,47,7,40,50,13.5,27,2
98,24,0,116,5,10,5,20,15,0,21,26,3,11,0
99,24,0,171.5,4,18.5,16,26,24,0,24,32,13,14,0
100,24,0,192.5,8,19,16,35,33,3,18,16,16.5,24,4
101,24,0,203.5,16,19.5,14,41,36,5,21,20,13,10,8
102,24,0,46,3,3,3,11,7,0,8,3,6,2,0
103,24,0,70.5,4.5,4,7,15,16,0,10,5,2,7,0
104,24,0,56.5,4,4,1,12,7,1,10,12,3.5,2,0
105,24,1,9.5,0.2,0.8,0.4,2.1,1,0,1.7,1.8,0.5,1,0
106,24,1,11,0.2,0.9,0.5,2.5,1.1,0,2,2.1,0.6,1.1,0
107,24,1,10,0.2,0.8,0.4,2.3,1,0,1.9,1.9,0.5,1,0
108,24,1,2,0,0.2,0.1,0.4,0.2,0,0.4,0.4,0.1,0.2,0
109,24,1,1,0,0.1,0,0.2,0.1,0,0.2,0.2,0.1,0.1,0
126,24,1,1,0,0.1,0.1,0.2,0.3,0,0.1,0.2,0,0,0
12,25,1,6,0,0.4,0.5,1.1,0.9,0.2,1.1,1.6,0,0.2,0
13,25,1,2,0,0.1,0.1,0.4,0.3,0.1,0.4,0.5,0,0.1,0
14,25,0,89,8,3,7,14,9,3.5,7,12,6.5,19,0
15,25,0,83,3,9,7,12,12,2,9,13,5,11,0
16,25,0,81.5,3.5,7,7,18,12,0,15,9,5,4,1
17,25,0,56.5,1,1,5,3,11,0.5,8,18,2,6,1
18,25,1,16,0,0,0.9,0.9,4.4,0,1.8,3.6,0,4.4,0
67,25,1,19,0.2,2.9,0.7,2.4,3.9,0.2,3.9,3.6,0.5,0.7,0
68,25,0,25,1,2,2,2,8,1,2,5,0,2,0
69,25,0,33.5,2,2.5,0,8,7,2,4,2,5,1,0
70,25,1,3,0,0.1,0.1,0.5,0.3,0.1,0.8,0.9,0.1,0.1,0
94,25,0,156,9,21.5,11,24,35,5.5,19,10,18,3,0
95,25,0,137,7,14,18,19,26,1,15,20,5,12,0
96,25,0,43,0,3,3,1,7,0,6,12,1,10,0
97,25,0,55,2,3,6,6,6,0,10,13,0,9,0
98,25,0,247,8.5,28.5,23,51,50,4,23,35,7,17,0
99,25,0,256,10,14,20,44,46,11,35,40,12,24,0
100,25,0,282,24.5,25,26,50,48,9,20,36,24.5,18,1
101,25,0,144,4,14,10,15,30,4,18,22,6,21,0
102,25,1,5,0.6,0.3,0.4,1.1,0.5,0,0.9,0.7,0.3,0.2,0
108,25,1,3,0.1,0.2,0.1,0.7,0.3,0,0.6,0.6,0.1,0.3,0
111,25,1,5,0,0.3,0.5,1,1.4,0.3,0.7,0.7,0,0.1,0
127,25,1,6,0.1,0.5,0.7,1,1.6,0.1,0.8,1,0.1,0.1,0
0,26,1,11.5,0,1.4,0.3,2.3,2,0.4,3.1,0.6,0.8,0.3,0.3
11,26,1,5,0,0.4,0.4,0.9,0.7,0.2,0.9,1.3,0,0.2,0
12,26,1,3,0,0.2,0.2,0.6,0.4,0.1,0.6,0.8,0,0.1,0
13,26,1,6,0,0.4,0.5,1.1,0.9,0.2,1.1,1.6,0,0.2,0
14,26,0,79,1,5,4,8,11,2,17,21,4,6,0
15,26,0,78,0,3,2,5,14,0,24,18,4,8,0
16,26,0,52.5,2,2,3,8,4,2,11,15,4.5,1,0
17,26,1,2,0,0,0.1,0.1,0.6,0,0.2,0.4,0,0.6,0
32,26,1,1,0.1,0.1,0,0.2,0.2,0,0.1,0.1,0.1,0.1,0
66,26,1,2,0,0.3,0.1,0.3,0.4,0,0.4,0.4,0,0.1,0
67,26,1,16,0.2,2.4,0.6,2,3.3,0.2,3.3,3,0.4,0.6,0
68,26,0,69,6.5,1,0,11,8,2.5,16,13,5,6,0
69,26,0,71,3,9,5,15,14,1,9,11,3,1,0
70,26,1,2,0,0.1,0.1,0.3,0.1,0.1,0.5,0.6,0.1,0.1,0
71,26,1,2,0,0.1,0.1,0.3,0.1,0.1,0.5,0.6,0.1,0.1,0
94,26,0,62.5,0,10,3,2,17,0.5,8,17,5,0,0
95,26,0,61,4,7,2,8,10,0,11,12,2,5,0
96,26,0,23,0,2,0,1,4,0,5,8,0,3,0
97,26,0,122,3,7,9,13,23,3,14,23,4,23,0
98,26,0,148.5,1,6.5,6,24,23,3,19,38,5,23,0
99,26,0,139.5,7,9,10,21,21,0,18,33,4.5,16,0
100,26,0,55.5,1,6,6,5,14,2,4,10,1.5,6,0
101,26,0,54.5,3,6.5,5,5,10,1,8,13,0,3,0
102,26,0,29,0,5,1,1,8,0,8,5,1,0,0
108,26,1,1,0,0.1,0,0.2,0.1,0,0.2,0.2,0.1,0.1,0
127,26,1,2,0,0.2,0.2,0.3,0.5,0,0.3,0.3,0.1,0.1,0
12,27,1,2,0,0.1,0.1,0.4,0.3,0.1,0.4,0.5,0,0.1,0
13,27,1,3,0,0.2,0.2,0.6,0.4,0.1,0.6,0.8,0,0.1,0
14,27,0,69,5,11,3,17,8,0,11,7,6,1,0
45,27,1,2,0.1,0.1,0.2,0.4,0.2,0,0.4,0.4,0.1,0.1,0
67,27,1,10,0.1,1.5,0.4,1.3,2,0.1,2,1.9,0.3,0.4,0
68,27,1,12,0.1,1.8,0.5,1.5,2.4,0.2,2.4,2.3,0.3,0.5,0
92,27,1,2,0.1,0.3,0,0.2,0.4,0,0.2,0.7,0.1,0,0
93,27,0,53.5,4,2.5,3,9,8,1,11,7,2,6,0
94,27,0,63.5,3,7,9,6,12,0,13,10,2.5,1,0
95,27,1,15,0,0.7,0.3,1.1,0.4,0,6.4,5,0,1.1,0
96,27,1,3,0,0.1,0.1,0.2,0.1,0,1.3,1,0,0.2,0
97,27,0,42,0,2,2,2,7,0,6,16,1,6,0
98,27,0,87,4,4,1,8,11,2,13,20,2,22,0
99,27,0,103.5,2,11.5,8,13,20,3,15,19,5,6,1
100,27,1,23,2.8,1.2,2,5.1,2.4,0,4.3,3.2,1.2,0.8,0
101,27,0,53,4,5,3,12,4,2,10,9,4,0,0
102,27,1,17,2,0.9,1.5,3.8,1.8,0,3.2,2.3,0.9,0.6,0
116,27,1,1,0,0.1,0.1,0.2,0.3,0.1,0.1,0.1,0,0,0
30,28,1,2,0.1,0.3,0.1,0.4,0.5,0,0.1,0.2,0.1,0.2,0
66,28,1,3,0,0.5,0.1,0.4,0.6,0,0.6,0.6,0.1,0.1,0
92,28,1,2,0.1,0.3,0,0.2,0.4,0,0.2,0.7,0.1,0,0
93,28,1,41,1.8,5.5,0,4.6,7.3,0,3.6,14.6,2.7,0.9,0
94,28,0,62,3,10,1,22,8,2,1,9,6,0,0
95,28,0,38,0,4,1,5,6,0,13,5,3,1,0
96,28,0,23,0,1,0,1,2,0,2,11,2,4,0
97,28,0,32,0,1,1,4,2,0,6,16,1,1,0
98,28,0,66,0,7,2,3,10,1,19,17,1,6,0
99,28,0,197.5,19,28,7,37,23,10,23,19,29.5,1,1
100,28,0,57.5,4,7.5,6.5,7,14,1.5,5,5,4,3,0
101,28,1,7,0.8,0.4,0.6,1.6,0.7,0,1.3,1,0.4,0.2,0
104,28,1,6,0.7,0.3,0.5,1.4,0.6,0,1.2,0.8,0.3,0.2,0
109,28,1,5,0.1,0.4,0.2,1.2,0.5,0,0.9,0.9,0.3,0.5,0
46,29,1,2,0.1,0.1,0.2,0.4,0.2,0,0.4,0.4,0.1,0.1,0
47,29,1,1,0,0.1,0.1,0.2,0.1,0,0.2,0.2,0.1,0,0
48,29,1,6,0.2,0.4,0.4,1.2,0.6,0,1.2,1.3,0.4,0.3,0
51,29,1,5,0.1,0.4,0.4,1,0.5,0,1,1.1,0.3,0.2,0
93,29,0,32,0,0,2,0,6,0,9,15,0,0,0
94,29,0,61,4,5,6,10,11,1,8,9,4,3,0
95,29,0,39,0,5,3,1,15,1,4,6,4,0,0
96,29,1,9,0,0.4,0.2,0.6,0.2,0,3.9,3,0,0.7,0
97,29,0,31,1,0,2,3,0,0,7,15,1,2,0
98,29,0,49,2,5,2,7,7,2,12,6,3,3,0
99,29,1,15,0,0.7,0.3,1.1,0.4,0,6.4,5,0,1.1,0
100,29,0,117.5,4,19.5,2,26,16,8,9,13,18,2,0
101,29,0,40,0,1,1,9,7,0,8,8,2,4,0
111,29,1,1,0,0.1,0.1,0.2,0.3,0.1,0.1,0.1,0,0,0
126,29,1,5,0.1,0.4,0.6,0.8,1.3,0.1,0.7,0.8,0.1,0.1,0
46,30,1,8,0,0.4,0.4,0,2.4,0.2,1.7,2,0.2,0.7,0
47,30,0,102,2,13,3.5,16,23,2,11,13,7.5,11,0
48,30,1,12,0,0.6,0.7,0,3.6,0.3,2.6,2.9,0.3,1,0
51,30,1,11,0.2,1,0.7,1.7,2.5,0.5,1.7,2,0.7,0,0
93,30,1,6,0.1,0.6,0.1,0.5,1.6,0.1,0.5,2,0.1,0.4,0
94,30,1,3,0,0.3,0.1,0.2,0.8,0.1,0.2,1,0.1,0.2,0
97,30,0,37,0,1,7,3,9,0,13,3,0,1,0
98,30,1,14,0.3,1.4,0.3,1.1,3.7,0.3,1.1,4.6,0.3,0.9,0
99,30,1,2,0,0.2,0.1,0.2,0.5,0,0.2,0.7,0,0.1,0
100,30,1,1,0,0.1,0.1,0.1,0.2,0,0.2,0.2,0.1,0,0
101,30,1,35,1.1,5.2,2.3,2.9,7.4,0,5.2,8,2.9,0,0
125,30,1,22,0.5,2,2.4,3.4,5.9,0.5,2.9,3.4,0.5,0.5,0
126,30,0,29,3,0,1,14,1,2,2,4,1,1,0
127,30,1,2,0,0.2,0.2,0.3,0.5,0,0.3,0.3,0.1,0.1,0
45,31,1,5,0,0.3,0.3,0,1.5,0.1,1.1,1.2,0.1,0.4,0
46,31,0,48.5,0,1.5,3,2,11,0,9,12,4,6,0
47,31,0,72,1,7,5,4,19,0,15,10,5,6,0
48,31,0,39.5,0,3.5,5,4,11,0,6,6,4,0,0
49,31,1,1,0,0.1,0.1,0,0.3,0,0.2,0.2,0,0.1,0
51,31,1,18,0.3,1.7,1.1,2.8,4.1,0.8,2.8,3.3,1.1,0,0
70,31,1,6,0,0.6,0.4,1,1.5,0,1,0.9,0.6,0,0
97,31,1,14,0.3,1.4,0.3,1.1,3.7,0.3,1.1,4.6,0.3,0.9,0
100,31,0,110,4,19,8,18,31,2,16,8,3,1,0
101,31,1,2,0.1,0.3,0.1,0.2,0.4,0,0.3,0.4,0.2,0,0
118,31,1,1,0,0.1,0.1,0.2,0.3,0.1,0.1,0.1,0,0,0
125,31,1,2,0,0.2,0.2,0.3,0.5,0,0.3,0.3,0.1,0.1,0
7,32,1,8,0,1,0.2,1.6,1.4,0.3,2.1,0.4,0.6,0.2,0.2
20,32,1,5,0,1,0.2,0.4,1.6,0,0.2,1,0.4,0.2,0
33,32,0,48,2,3,1,10,9,0,10,6,2,5,0
34,32,1,9,0.2,0.9,0.6,0.7,1.8,0.3,1.9,1.2,1,0.4,0
48,32,1,1,0,0.1,0.1,0,0.3,0,0.2,0.2,0,0.1,0
51,32,1,22,0.3,2,1.4,3.4,5.1,1,3.4,4.1,1.3,0,0
58,32,1,4,0.1,0.4,0.3,0.6,0.9,0.2,0.6,0.7,0.2,0,0
87,32,1,2,0,0.2,0.1,0.2,0.5,0,0.2,0.7,0,0.1,0
100,32,1,14,0.5,2.1,0.9,1.1,3,0,2.1,3.2,1.1,0,0
101,32,1,5,0.2,0.7,0.3,0.4,1.1,0,0.7,1.2,0.4,0,0
110,32,1,2,0,0.1,0.2,0.4,0.5,0.1,0.3,0.3,0,0.1,0
111,32,1,5,0,0.3,0.5,1,1.4,0.3,0.7,0.7,0,0.1,0
115,32,1,5,0,0.3,0.5,1,1.4,0.3,0.7,0.7,0,0.1,0
32,33,1,2,0,0.2,0.1,0.2,0.4,0.1,0.4,0.3,0.2,0.1,0
33,33,0,61,4,2,7,6,6,1,7,16,4,8,0
34,33,1,47,0.8,4.6,3.1,3.9,9.2,1.5,10,6.2,5.4,2.3,0
35,33,1,33.5,0.9,3.2,1.8,7.4,10.1,0.9,2.8,1.8,3.7,0.9,0
47,33,1,4,0,0.2,0.2,0,1.2,0.1,0.9,1,0.1,0.3,0
51,33,1,10,0.2,0.9,0.6,1.5,2.3,0.5,1.5,1.9,0.6,0,0
114,33,1,3,0,0.2,0.3,0.6,0.8,0.2,0.4,0.4,0,0.1,0
7,34,1,4,0,0.5,0.1,0.8,0.7,0.1,1.1,0.2,0.3,0.1,0.1
8,34,1,5,0,0.6,0.1,1,0.9,0.2,1.4,0.2,0.4,0.1,0.1
9,34,1,12,0,1.5,0.3,2.4,2.1,0.4,3.2,0.6,0.9,0.3,0.3
10,34,1,16,0.4,1.9,0,1.2,2,0,2.3,2.7,0.8,4.7,0
11,34,0,124,10,6,1,23,19,5,24,16,8,12,0
12,34,0,105,5,11,4,15,28,3,9,22,2,6,0
13,34,0,40.5,2,0.5,2,6,5,1,4,11,2,7,0
14,34,1,25,0.6,3,0,1.8,3.1,0,3.7,4.3,1.2,7.3,0
15,34,1,5,0,0.3,0.3,0.4,1.1,0.1,1.2,1.2,0.1,0.3,0
33,34,1,3,0.1,0.3,0.2,0.2,0.6,0.1,0.6,0.4,0.3,0.2,0
7,35,1,34,0.8,5.5,2.4,3.9,11.1,0,3.9,3.2,2.4,0.8,0
8,35,0,52,1,1,4,8,12,3,8,5,6,4,0
9,35,1,1,0,0.2,0.1,0.1,0.3,0,0.1,0.1,0.1,0,0
10,35,1,2,0,0.1,0.1,0.2,0.5,0,0.5,0.5,0,0.1,0
11,35,1,12,0.2,0.7,0.7,1.1,2.6,0.2,2.8,2.8,0.2,0.7,0
12,35,1,11,0.2,0.6,0.6,1,2.4,0.2,2.6,2.6,0.2,0.6,0
13,35,1,11,0.2,0.6,0.6,1,2.4,0.2,2.6,2.6,0.2,0.6,0
14,35,0,39,2,2,0,10,3,2,8,5,2,5,0
15,35,1,8,0.1,0.5,0.5,0.7,1.7,0.1,1.9,1.9,0.1,0.5,0
87,35,1,6,0.1,0.6,0.1,0.5,1.6,0.1,0.5,2,0.1,0.4,0
108,35,1,4,0.1,0.6,0.3,0.3,0.9,0,0.6,0.9,0.3,0,0
117,35,1,3,0,0.2,0.3,0.6,0.8,0.2,0.4,0.4,0,0.1,0
7,36,1,4,0.1,0.6,0.3,0.4,1.3,0,0.5,0.4,0.3,0.1,0
8,36,0,45,1,4,2,5,9,1,9,9,0,3,2
9,36,1,4,0.1,0.6,0.3,0.4,1.3,0,0.5,0.4,0.3,0.1,0
14,36,1,4,0.1,0.2,0.2,0.4,0.9,0.1,0.9,0.9,0.1,0.2,0
46,36,1,2,0,0.1,0.1,0,0.6,0,0.4,0.5,0.1,0.2,0
96,36,1,2,0,0.2,0.1,0.2,0.5,0,0.2,0.7,0,0.1,0
24,37,1,3,0,0.6,0.1,0.3,1,0,0.1,0.6,0.2,0.1,0
47,37,1,4,0,0.2,0.2,0,1.2,0.1,0.9,1,0.1,0.3,0
73,37,1,20,2,1.4,0.8,4.5,4.5,0.6,2.5,2,1.4,0.3,0
110,37,1,1,0,0.1,0.1,0.2,0.3,0.1,0.1,0.1,0,0,0
119,37,1,3,0,0.2,0.3,0.6,0.8,0.2,0.4,0.4,0,0.1,0
120,37,1,1,0,0.1,0.1,0.2,0.3,0,0.1,0.2,0,0,0
16,38,1,7,0.1,0.4,0.4,0.6,1.5,0.1,1.7,1.7,0.1,0.4,0
17,38,1,4,0.1,0.2,0.2,0.4,0.9,0.1,0.9,0.9,0.1,0.2,0
18,38,1,2,0,0.1,0.1,0.2,0.5,0,0.5,0.5,0,0.1,0
19,38,1,2,0,0.1,0.1,0.2,0.5,0,0.5,0.5,0,0.1,0
20,38,1,5,0,1,0.2,0.4,1.6,0,0.2,1,0.4,0.2,0
31,38,1,1,0,0.1,0.1,0.2,0.3,0,0.1,0.1,0.1,0,0
55,38,1,9,0,0.3,0.6,0,2.2,0,3.1,2.8,0,0,0
56,38,0,44,3,1,1,19,4,3,5,2,5,0,1
72,38,1,2,0.2,0.1,0.1,0.4,0.5,0.1,0.3,0.2,0.1,0,0
73,38,0,49,4,3,4,12,7,1,6,9,2,1,0
74,38,1,25,2.5,1.8,1,5.6,5.6,0.7,3.2,2.5,1.8,0.3,0
75,38,1,26,0,2.5,1.9,4.4,6.4,0,4.5,3.8,2.5,0,0
76,38,1,2,0,0.2,0.2,0.3,0.5,0,0.3,0.3,0.2,0,0
120,38,1,1,0,0.1,0.1,0.2,0.3,0,0.1,0.2,0,0,0
23,39,1,4,0,0.8,0.1,0.3,1.3,0,0.2,0.8,0.3,0.2,0
24,39,1,8,0,1.6,0.3,0.7,2.6,0,0.3,1.6,0.6,0.3,0
31,39,1,2,0,0.2,0.1,0.4,0.6,0.1,0.2,0.1,0.2,0.1,0
55,39,0,46,2,3,0,3,8,0,12,12,3,3,0
56,39,1,20,0,0.7,1.4,0,4.8,0,6.9,6.2,0,0,0
72,39,1,5,0.5,0.4,0.2,1.1,1.1,0.1,0.6,0.5,0.4,0.1,0
73,39,1,19,1.9,1.3,0.8,4.3,4.3,0.5,2.4,1.9,1.3,0.3,0
74,39,0,137,6,4.5,11,25,26,5,20,22,4.5,13,0
75,39,0,44.5,0,4.5,1,8,8,0,7,8,3,5,0
76,39,1,2,0,0.2,0.2,0.3,0.5,0,0.3,0.3,0.2,0,0
77,39,1,5,0,0.5,0.4,0.8,1.2,0,0.9,0.7,0.5,0,0
3,40,1,1,0,0.2,0.1,0,0.4,0,0.1,0.1,0.1,0,0
20,40,1,2,0,0.2,0.3,0.2,0.5,0,0.4,0.4,0,0,0
34,40,1,1,0,0.1,0.1,0.1,0.2,0,0.3,0.2,0,0,0
43,40,0,21,2,0,1,5,3,1,2,6,1,0,0
44,40,0,46.5,5,6,2,10,10,1.5,8,0,2,2,0
45,40,1,19,0.7,1.7,1.4,1.9,4,0.5,2.4,3.8,0.5,2.1,0
55,40,1,9,0.2,1.1,1.3,0.6,3,0.2,0.9,1.3,0.2,0.2,0
56,40,1,7,0.1,0.9,1,0.4,2.3,0.2,0.7,1,0.2,0.2,0
73,40,1,7,0,0,0.7,1.2,1.1,0,1.6,1.9,0,0.5,0
74,40,1,27,0,0,2.7,4.7,4.1,0,6.1,7.4,0,2,0
75,40,1,65,0.9,8,0.9,4.5,15.1,0.9,11.6,10.7,4.4,8,0
76,40,1,2,0,0.3,0,0.1,0.5,0,0.4,0.3,0.1,0.3,0
112,40,1,2,0.1,0.3,0.1,0.2,0.3,0,0.5,0.3,0,0.2,0
113,40,1,12,0.5,1.6,0.7,1.1,1.6,0.2,3,2.1,0,1.2,0
12,41,1,2,0.1,0.1,0.2,0.4,0.5,0,0.5,0.2,0,0,0
14,41,1,6,0.4,0.4,0.5,1.2,1.4,0.2,1.4,0.5,0,0,0
17,41,1,3,0.2,0.2,0.2,0.6,0.7,0.1,0.7,0.3,0,0,0
18,41,1,10,0.6,0.6,0.9,2.1,2.3,0.3,2.3,0.9,0,0,0
19,41,1,3,0.2,0.2,0.2,0.6,0.7,0.1,0.7,0.3,0,0,0
20,41,1,2,0,0.2,0.3,0.2,0.5,0,0.4,0.4,0,0,0
43,41,0,28,2,3,0,4,5,1,2,7,3,1,0
44,41,0,79,7,4,4,16,10,1,7,18,8,4,0
45,41,0,69,2,3,3,16,16,1,8,8,1,11,0
46,41,1,15,0.5,1.3,1.1,1.5,3.2,0.4,1.9,3,0.4,1.7,0
76,41,1,6,0.1,0.7,0.1,0.4,1.4,0.1,1.1,1,0.4,0.7,0
83,41,1,9,0,0.9,0.7,0.7,1.9,0.6,1.9,1.7,0.6,0,0
0,42,1,7,0,1.1,0.6,0.2,2.6,0,0.5,1,1,0,0
42,42,1,7,0,1,0.3,0.6,1.4,0,1.6,1.1,0.5,0.5,0
43,42,1,25,0,3.4,1.1,2.3,5.1,0,5.7,4,1.7,1.7,0
44,42,0,22,0,1,0,6,1,0,9,4,1,0,0
45,42,0,155.5,7,14.5,11,26,36,5,15,18,13,10,0
46,42,0,120,6,12,6,25,21,2,15,19,4,10,0
47,42,1,4,0.2,0.4,0.3,0.4,0.8,0.1,0.5,0.8,0.1,0.4,0
68,42,1,4,0.1,0.2,0.3,0.6,0.6,0,0.6,1.2,0.1,0.3,0
0,43,1,21,0,3.4,1.8,0.5,7.8,0,1.6,3.1,2.8,0,0
7,43,1,1.5,0,0.3,0.1,0,0.6,0,0.1,0.2,0.2,0,0
42,43,0,41,0,1,4,0,12,0,6,13,1,4,0
43,43,1,7,0,1,0.3,0.6,1.4,0,1.6,1.1,0.5,0.5,0
45,43,1,14,0.5,1.2,1,1.4,3,0.3,1.8,2.8,0.4,1.6,0
46,43,0,90.5,0,8.5,8,13,15,4,14,17,1,10,0
47,43,0,94,2,4,3,11,13,0,16,20,4,19,2
48,43,1,13,0.5,1.1,1,1.3,2.8,0.3,1.6,2.6,0.3,1.5,0
64,43,1,11,0,0.4,0.4,3,1.9,0.8,1.1,1.9,1.5,0,0
66,43,1,7,0.2,0.4,0.4,1,1.1,0.1,1,2,0.2,0.6,0
67,43,1,25,0.5,1.3,1.6,3.6,3.9,0.3,3.6,7.3,0.8,2.1,0
0,44,0,29,1,0,2,6,1,2,12,4,1,0,0
41,44,1,5,0,0.7,0.2,0.5,1,0,1.1,0.8,0.3,0.4,0
46,44,1,9,0.4,0.8,0.7,0.9,1.9,0.2,1.1,1.8,0.2,1,0
47,44,0,39,1,2,0,5,9,1,3,5,1,12,0
48,44,1,6,0.2,0.5,0.5,0.6,1.3,0.1,0.8,1.2,0.1,0.7,0
64,44,0,41,2,2,1,6,10,2,7,9,2,0,0
65,44,1,13,0.3,0.7,0.8,1.9,2,0.1,1.9,3.8,0.4,1.1,0
66,44,1,19,0.4,1,1.2,2.8,2.9,0.2,2.8,5.5,0.6,1.6,0
67,44,1,21,0.4,1.1,1.3,3.1,3.3,0.2,3.1,6.1,0.7,1.7,0
68,44,1,5,0.1,0.3,0.3,0.7,0.8,0,0.7,1.5,0.2,0.4,0
69,44,1,2,0,0.1,0.1,0.3,0.3,0,0.3,0.6,0.1,0.2,0
92,44,1,4,0,0.4,0.3,0.3,0.8,0.3,0.8,0.8,0.3,0,0
101,44,1,2,0,0.1,0.1,0.2,0.4,0,0.6,0.5,0,0.1,0
0,45,1,9,0,1.5,0.8,0.2,3.3,0,0.7,1.3,1.2,0,0
32,45,1,4,0.1,0.4,0.2,0.4,0.7,0.1,1.2,0.7,0.1,0.1,0
37,45,1,2,0,0.2,0.1,0.2,0.4,0,0.6,0.4,0,0.1,0
38,45,1,4,0.1,0.4,0.2,0.4,0.7,0.1,1.2,0.7,0.1,0.1,0
46,45,1,5,0.4,0.9,0.5,0.9,0.9,0.3,0.5,0.1,0.3,0.2,0
47,45,1,102,7.2,18.5,10.8,18.1,18.1,5.4,10.8,2.7,6.8,3.6,0
48,45,1,3,0.2,0.6,0.3,0.5,0.5,0.2,0.3,0.1,0.2,0.1,0
64,45,1,15,0,0.5,0.5,4.1,2.6,1,1.6,2.6,2.1,0,0
65,45,0,59.5,1,3.5,5,5,15,0,14,7,3,6,0
66,45,0,109.5,3,2.5,7,16,17,1,19,25,8,11,0
67,45,0,28,2,3,0,4,3,0,6,8,1,1,0
68,45,1,15,0.2,1.6,1,1.4,4.3,0.2,3,1.6,1.2,0.5,0
104,45,1,16,0,1.3,1,0.7,4.2,0,3.2,3,1.6,1,0
105,45,1,2,0,0.1,0.1,0.2,0.4,0,0.6,0.5,0,0.1,0
107,45,1,3,0,0.2,0.1,0.4,0.6,0,0.9,0.7,0,0.1,0
109,45,1,4,0,0.3,0.1,0.5,0.8,0,1.2,0.9,0.1,0.1,0
13,46,1,5,0.3,0.3,0.5,0.6,1.2,0.1,0.7,0.7,0.1,0.5,0
18,46,1,7,0.4,0.4,0.6,1.4,1.7,0.2,1.7,0.6,0,0,0
32,46,1,2,0,0.2,0.1,0.2,0.4,0,0.6,0.4,0,0.1,0
38,46,1,2,0,0.2,0.1,0.2,0.4,0,0.6,0.4,0,0.1,0
39,46,1,5,0.1,0.6,0.2,0.5,0.9,0.1,1.5,0.9,0.1,0.1,0
51,46,1,1,0,0.1,0.2,0.1,0.3,0,0.1,0.2,0,0,0
52,46,1,4,0.1,0.5,0.6,0.2,1.3,0.1,0.4,0.6,0.1,0.1,0
63,46,1,3,0,0.1,0.1,0.9,0.5,0.2,0.3,0.5,0.4,0,0
65,46,1,13,0.1,1.4,0.9,1.2,3.8,0.1,2.6,1.4,1.1,0.4,0
66,46,1,14,0.1,1.5,1,1.3,4.1,0.1,2.8,1.5,1.1,0.5,0
67,46,1,13,0.1,1.4,0.9,1.2,3.8,0.1,2.6,1.4,1.1,0.4,0
78,46,1,3,0,0,0.3,0.5,0.5,0,0.7,0.8,0,0.2,0
79,46,1,2,0,0,0.2,0.4,0.3,0,0.4,0.5,0,0.2,0
103,46,0,39,1,3,2,7,12,2,4,6,1,1,0
104,46,1,28,0,2.4,1.7,1.3,7.3,0,5.6,5.2,2.8,1.7,0
105,46,0,23,0,1,2,0,3,0,4,11,0,2,0
106,46,1,8,0.1,0.5,0.2,1,1.5,0,2.5,1.9,0.1,0.2,0
107,46,1,8,0.1,0.5,0.2,1,1.5,0,2.5,1.9,0.1,0.2,0
108,46,1,13,0.1,0.8,0.4,1.6,2.4,0,4.1,3,0.2,0.4,0
2,47,1,1,0,0.2,0.1,0,0.4,0,0.1,0.1,0.1,0,0
9,47,1,3,0.1,0.1,0.2,0.6,0.5,0.1,0.5,0.6,0.1,0.2,0
28,47,1,1,0,0.1,0.1,0.1,0.3,0,0.2,0.2,0,0,0
34,47,1,2,0,0.2,0.1,0.2,0.4,0,0.6,0.4,0,0.1,0
67,47,1,31,0.4,3.2,2.2,2.9,9,0.4,6.1,3.2,2.5,1.1,0
102,47,1,4,0,0.3,0.2,0.2,1.1,0,0.8,0.7,0.4,0.3,0
103,47,0,32.5,0,2.5,0,4,7,0,8,11,0,0,0
104,47,0,82,4,5,5,12,16,0.5,10,19,2.5,8,0
105,47,0,21,1,0,0,3,1,0,6,6,2,2,0
106,47,1,7,0.1,0.4,0.2,0.9,1.3,0,2.2,1.6,0.1,0.2,0
116,47,1,10,0.4,1.3,0.6,1,1.3,0.2,2.5,1.7,0,1,0
117,47,0,35,1,4,2,4,11,0,6,2,5,0,0
118,47,0,32,0,4,2,1,9,1,3,9,1,2,0
14,48,1,3,0.1,0.2,0.3,0.4,0.7,0.1,0.4,0.4,0.1,0.3,0
15,48,1,3,0.2,0.2,0.2,0.6,0.7,0.1,0.7,0.3,0,0,0
33,48,1,1,0,0.1,0.1,0.1,0.2,0,0.3,0.2,0,0,0
34,48,1,19,0.4,2.2,0.9,1.7,3.5,0.4,5.6,3.5,0.4,0.4,0
35,48,1,1,0,0.1,0.1,0.1,0.2,0,0.3,0.2,0,0,0
41,48,1,1,0.1,0.2,0.1,0.2,0.2,0,0.1,0,0.1,0,0
102,48,1,6,0,0.5,0.3,0.3,1.6,0,1.2,1.1,0.6,0.4,0
103,48,1,6,0,0.5,0.3,0.3,1.6,0,1.2,1.1,0.6,0.4,0
104,48,0,26,0,3,3,1,7,0,3,8,0,1,0
105,48,1,3.5,0,0.2,0.1,0.4,0.7,0,1.1,0.8,0.1,0.1,0
114,48,1,4,0.2,0.5,0.2,0.4,0.5,0.1,1,0.7,0,0.4,0
115,48,0,42,0,5,5,2,15,0,3,5,4,3,0
116,48,0,30,1,4,1,2,9,0,4,5,3,1,0
117,48,0,30,1,1,2,2,5,0,5,8,0,6,0
118,48,0,131.5,9,2.5,15,32,21,3,12,23,5,9,0
119,48,1,10,0.4,1.3,0.6,1,1.3,0.2,2.5,1.7,0,1,0
8,49,1,6,0.1,0.2,0.5,1.2,1,0.2,1,1.3,0.1,0.4,0
9,49,1,42.5,0.8,1.7,3.3,8.3,7.4,1.2,7.4,9.1,0.8,2.5,0
10,49,1,30,1.5,1.5,2.9,3.7,7.3,0.7,4.4,4.4,0.7,2.9,0
11,49,1,3,0.1,0.2,0.3,0.4,0.7,0.1,0.4,0.4,0.1,0.3,0
35,49,1,1,0,0.1,0.1,0.1,0.2,0,0.3,0.2,0,0,0
40,49,1,2,0.1,0.4,0.2,0.4,0.4,0.1,0.2,0,0.1,0.1,0
104,49,1,5,0,0.4,0.3,0.3,1.3,0,1,0.9,0.5,0.3,0
115,49,1,10,0.4,1.3,0.6,1,1.3,0.2,2.5,1.7,0,1,0
116,49,0,34,1,2.5,3,4,7,0,2,8,2.5,4,0
117,49,0,35,1,4,3,7,5,1,5,6,0,3,0
118,49,0,63.5,2,5,3,7,16,2.5,5,6,4,13,0
119,49,1,4,0.2,0.5,0.2,0.4,0.5,0.1,1,0.7,0,0.4,0
8,50,1,4,0.2,0.5,0.2,0.8,1,0.2,0.3,0.3,0.1,0.1,0.3
9,50,0,95.5,6,11,5,19,21,2.5,6,11,3,10,1
10,50,0,116,1,4,9,20,22,3,8,22,11,16,0
11,50,1,9,0.5,0.5,0.2,1.3,2.6,0.2,1.3,1.6,0.6,0.2,0
12,50,1,5,0.3,0.3,0.1,0.7,1.4,0.1,0.7,0.9,0.4,0.1,0
15,50,1,7,0.4,0.4,0.2,1,2,0.1,1,1.3,0.5,0.1,0
18,50,1,1,0.1,0.1,0,0.1,0.3,0,0.1,0.2,0.1,0,0
28,50,1,3,0.1,0.2,0.4,0.3,0.8,0,0.5,0.5,0.1,0.1,0
34,50,1,3,0.1,0.2,0.4,0.3,0.8,0,0.5,0.5,0.1,0.1,0
45,50,1,2,0,0.3,0.3,0.1,0.7,0,0.2,0.3,0,0.1,0
56,50,1,2,0,0.1,0.1,0.2,0.4,0,0.3,0.6,0.1,0.2,0
85,50,1,2.5,0,0.3,0.2,0.2,0.5,0.1,0.5,0.5,0.2,0,0
116,50,1,2,0,0.1,0.1,0.2,0.4,0,0.6,0.5,0,0.1,0
127,50,1,4,0,0.3,0.5,0.3,0.7,0,0.8,0.8,0,0.5,0.1
9,51,1,8,0.3,1,0.5,1.5,2.1,0.3,0.7,0.7,0.2,0.2,0.5
10,51,0,46.5,2,5.5,1,5,13,1,6,11,2,0,0
11,51,1,4,0.2,0.2,0.1,0.6,1.1,0.1,0.6,0.7,0.3,0.1,0
127,51,1,1,0,0.1,0.1,0.1,0.2,0,0.2,0.2,0,0.1,0
8,52,1,3,0.1,0.4,0.2,0.6,0.8,0.1,0.2,0.2,0.1,0.1,0.2
46,52,1,4,0.1,0.5,0.6,0.2,1.3,0.1,0.4,0.6,0.1,0.1,0
47,52,1,3,0,0.4,0.4,0.2,1,0.1,0.3,0.4,0.1,0.1,0
48,52,1,6,0.1,0.8,0.9,0.4,2,0.1,0.6,0.9,0.1,0.1,0
82,52,1,5.5,0,0.6,0.5,0.5,1.1,0.3,1.2,1,0.3,0,0
100,52,1,3,0,0.2,0.1,0.4,0.6,0,0.9,0.7,0,0.1,0
7,53,1,7,0.3,0.9,0.4,1.3,1.8,0.3,0.6,0.6,0.2,0.2,0.4
8,53,1,9,0.4,1.1,0.6,1.7,2.3,0.4,0.7,0.8,0.2,0.2,0.6
9,53,1,7,0.3,0.9,0.4,1.3,1.8,0.3,0.6,0.6,0.2,0.2,0.4
11,53,1,2,0.1,0.1,0.1,0.3,0.6,0,0.3,0.4,0.1,0,0
15,53,1,2,0.1,0.1,0.1,0.3,0.6,0,0.3,0.4,0.1,0,0
39,53,1,18,0.3,1.4,2.5,1.8,4.9,0,3.2,3.2,0.3,0.4,0
40,53,1,10,0.2,1.3,1.5,0.6,3.3,0.2,1,1.5,0.2,0.2,0
60,53,1,4,0.1,0.9,0.1,0.4,0.9,0,0.4,1,0.1,0.1,0
87,53,1,2,0,0.2,0.2,0.2,0.4,0.1,0.4,0.4,0.1,0,0
7,54,1,9,0.4,1.1,0.6,1.7,2.3,0.4,0.7,0.8,0.2,0.2,0.6
8,54,0,25.5,1,1.5,0,6,7,0,3,6,1,0,0
9,54,0,36,1,4,3,7,9,2,4,3,3,0,0
10,54,1,11.5,0.6,0.6,0.3,1.7,3.3,0.2,1.7,2.1,0.8,0.2,0
15,54,1,4,0.2,0.2,0.1,0.6,1.1,0.1,0.6,0.7,0.3,0.1,0
17,54,1,2,0.1,0.1,0.1,0.3,0.6,0,0.3,0.4,0.1,0,0
24,54,1,3,0.1,0.2,0.4,0.3,0.8,0,0.5,0.5,0.1,0.1,0
56,54,1,3,0,0.1,0.2,0.4,0.5,0.1,0.5,0.8,0.1,0.3,0
60,54,1,23,0.4,5.1,0.5,2.7,5.4,0,2.2,5.8,0.4,0.5,0
61,54,1,11,0.2,2.4,0.2,1.3,2.6,0,1.1,2.8,0.2,0.2,0
63,54,1,4,0.1,0.9,0.1,0.4,0.9,0,0.4,1,0.1,0.1,0
85,54,1,14,0,1.4,1.2,1.2,2.9,0.9,2.9,2.6,0.9,0,0
86,54,0,51,1,3,3,8,12,0,8,12,1,3,0
87,54,0,38,0,4,1,1,9,0,8,9,3,3,0
88,54,1,5,0,0.5,0.4,0.4,1.1,0.3,1.1,0.9,0.3,0,0
125,54,1,3,0,0.2,0.3,0.2,0.6,0,0.6,0.6,0,0.4,0.1
7,55,1,17,0.9,3.8,0,4.1,3.6,0,0.9,0.9,1.4,0.9,0.5
8,55,1,4,0.2,0.9,0,1,0.9,0,0.2,0.2,0.3,0.2,0.1
9,55,1,15.5,0.8,3.5,0,3.7,3.3,0,0.8,0.8,1.3,0.9,0.4
10,55,1,8,0.4,0.4,0.2,1.2,2.3,0.1,1.2,1.4,0.6,0.2,0
39,55,1,5,0.1,0.4,0.7,0.5,1.3,0,0.9,0.9,0.1,0.1,0
56,55,1,2,0,0.1,0.1,0.2,0.4,0,0.3,0.6,0.1,0.2,0
57,55,1,7,0,0.3,0.3,0.8,1.3,0.2,1.2,1.9,0.2,0.7,0.1
58,55,1,19,0,0.9,0.9,2.3,3.4,0.5,3.2,5.3,0.5,1.8,0.2
59,55,1,1,0,0,0.1,0.1,0.2,0,0.2,0.3,0,0.1,0
60,55,1,5,0,0.9,0.5,0.2,0.9,0,0.2,1.8,0.2,0.3,0
61,55,0,50.5,7,2.5,2,5,8,0,8,13,0,5,0
62,55,1,7,0,1.2,0.7,0.3,1.3,0,0.3,2.5,0.2,0.5,0
63,55,1,5,0,0.9,0.5,0.2,0.9,0,0.2,1.8,0.2,0.3,0
66,55,1,1,0,0.2,0,0.1,0.3,0,0.1,0.3,0,0,0
85,55,1,18,0.5,1.2,0.9,3.3,2.8,0,2.1,5.3,1.2,0.7,0
86,55,0,106.5,2,3,3,22,9,2,21,26,5.5,13,0
87,55,0,109,8,13,4,14,27,2,10,19,7,5,0
88,55,1,19,0.5,1.3,0.9,3.5,2.9,0,2.2,5.7,1.3,0.7,0
89,55,1,10,0.3,0.7,0.5,1.8,1.5,0,1.1,3,0.7,0.4,0
2,56,1,1,0,0.2,0,0.2,0.2,0,0.1,0.1,0.1,0.1,0
54,56,1,2,0,0.1,0.1,0.2,0.4,0,0.3,0.6,0.1,0.2,0
55,56,1,2,0,0.1,0.1,0.2,0.4,0,0.3,0.6,0.1,0.2,0
56,56,1,19,0,0.9,0.9,2.3,3.4,0.5,3.2,5.3,0.5,1.8,0.2
57,56,0,20,0,1,0,1,2,0,5,8,0,3,0
58,56,0,43,1,1,3,7,9,0,6,9,3,4,0
59,56,0,105,3,14,7,10,18,2,18,18,4,11,0
60,56,0,99,5,8,3,20,16,4,8,17,8,10,0
61,56,0,32,0,1,2,7,3,0,5,11,0,3,0
85,56,1,16,0.4,1.1,0.8,2.9,2.5,0,1.8,4.8,1.1,0.6,0
86,56,1,12,0.3,0.8,0.6,2.2,1.8,0,1.4,3.6,0.8,0.5,0
87,56,1,12,0.3,0.8,0.6,2.2,1.8,0,1.4,3.6,0.8,0.5,0
88,56,1,17,0.5,1.1,0.8,3.1,2.6,0,2,5.1,1.1,0.7,0
89,56,0,22,0,2,0,0,2,0,9,8,1,0,0
90,56,1,1,0,0.1,0.1,0.1,0.2,0,0.2,0.2,0.1,0,0
107,56,1,2,0,0.1,0.1,0.2,0.4,0,0.6,0.5,0,0.1,0
55,57,1,6,0,0.3,0.3,0.7,1.1,0.1,1,1.7,0.1,0.6,0.1
56,57,0,48,2,1,0,7,8,2,6,16,0,6,0
57,57,0,77.5,2,2,3.5,13,9,2.5,4,24,3.5,14,0
58,57,0,113,3,15.5,11,9,32,0,12,17,4.5,9,0
59,57,0,148,8,7.5,13.5,29,25,1,21,23,3,16,1
60,57,1,8,0,1.4,0.9,0.3,1.4,0,0.3,2.8,0.3,0.6,0
64,57,1,3,0,0.5,0.3,0.1,0.6,0,0.1,1.1,0.1,0.2,0
65,57,1,8.5,0.1,1.9,0.2,1,2,0,0.8,2.1,0.2,0.2,0
107,57,1,5,0,0.3,0.2,0.6,0.9,0,1.5,1.2,0.1,0.2,0
35,58,1,10,0.2,0.8,1.4,1,2.7,0,1.7,1.8,0.2,0.2,0
56,58,0,47,0,11,0,6,11,1,2,8,4,4,0
57,58,0,25,1,0,4,0,6,0,1,11,0,1,1
58,58,0,31,1,1,2,7,7,1,1,3,5,3,0
59,58,1,2,0,0.1,0.1,0.2,0.4,0,0.3,0.6,0.1,0.2,0
72,58,1,1,0,0,0.1,0.2,0.1,0,0.2,0.3,0,0.1,0
99,58,1,2,0,0.2,0.2,0.2,0.4,0.1,0.4,0.4,0.1,0,0
23,59,1,4,0.1,0.3,0.5,0.4,1.1,0,0.7,0.7,0.1,0.1,0
44,59,1,2,0,0.3,0.3,0.1,0.7,0,0.2,0.3,0,0.1,0
56,59,0,34,1,5,1,4,11,1,4,4,3,0,0
57,59,1,18,0,0.9,0.9,2.2,3.3,0.4,3,5,0.4,1.7,0.2
92,59,1,2,0,0.2,0.2,0.2,0.4,0.1,0.4,0.4,0.1,0,0
93,59,1,1,0,0.1,0.1,0.1,0.2,0,0.2,0.2,0.1,0,0
109,59,1,2,0,0.1,0.1,0.2,0.4,0,0.6,0.5,0,0.1,0
17,60,1,2,0,0,0.2,0.3,0.5,0,0.3,0.5,0.1,0.1,0
18,60,1,4,0,0,0.4,0.6,1,0,0.6,1,0.2,0.2,0
29,60,1,4,0,0.5,0.6,0.3,1.2,0,0.8,0.3,0.2,0.1,0
32,60,1,6,0,0.7,1,0.4,1.8,0,1.2,0.4,0.4,0.1,0
34,60,1,3,0,0.3,0.5,0.2,0.9,0,0.6,0.2,0.2,0.1,0
71,60,1,13,0.6,1,0.8,3.1,1.1,0.8,2.2,1.7,0.8,0.6,0.3
17,61,0,52,1,10,3,9,15,0,4,0,6,4,0
18,61,0,68,0,8,6,5,16,1,9,11,3,7,2
19,61,0,47,2,7,3,10,10,1,7,4,3,0,0
20,61,1,36,0,4.2,3.4,5,8.4,0.8,7.5,3.4,3.3,0,0
73,61,1,2,0.1,0.2,0.1,0.5,0.2,0.1,0.3,0.3,0.1,0.1,0
78,61,1,9,0.4,0.7,0.6,2.1,0.8,0.6,1.5,1.1,0.6,0.4,0.2
95,61,1,3,0,0.1,0.1,0.2,0.9,0,0.9,0.6,0,0.2,0
115,61,1,5,0.1,0.6,0,0.8,0.8,0.1,1.2,0.8,0.1,0.5,0
19,62,1,6,0,0,0.6,0.9,1.5,0,0.9,1.5,0.3,0.3,0
20,62,1,7,0,0.8,0.6,1,1.6,0.2,1.5,0.7,0.6,0,0
26,62,1,8.5,0,1,1.4,0.6,2.5,0,1.7,0.6,0.5,0.2,0
68,62,1,3,0,0.2,0.2,0.4,0.6,0.1,0.6,0.3,0.2,0.3,0.1
78,62,1,16.5,0.7,1.2,1.1,3.9,1.4,1.1,2.8,2.1,1.1,0.7,0.4
83,62,1,4,0.1,0.3,0.2,0.4,0.4,0,0.7,1.5,0.2,0.2,0
84,62,1,13,0.3,1,0.6,1.3,1.3,0,2.2,5.1,0.6,0.6,0
85,62,0,27.5,2,0.5,1,4,3,0,9,3,1,4,0
86,62,0,62,1,7,3,6,15,0,7,8,4,11,0
87,62,0,71,0,7,4,2,14,0,16,17,1,10,0
88,62,0,64.5,4,7.5,3,12,8,1,9,11,3,6,0
89,62,1,2,0,0.2,0.1,0.1,0.3,0,0.4,0.3,0.2,0.4,0
95,62,1,2,0,0,0,0.2,0.6,0,0.6,0.4,0,0.2,0
108,62,1,4,0.1,0.5,0,0.6,0.6,0.1,1,0.6,0.1,0.4,0
122,62,1,5,0,0.3,0.6,0.4,1.2,0,0.7,1.5,0.3,0,0
31,63,1,1,0,0.1,0.2,0.1,0.3,0,0.2,0.1,0,0,0
33,63,1,4,0,0.5,0.6,0.3,1.2,0,0.8,0.3,0.2,0.1,0
34,63,1,4,0,0.5,0.6,0.3,1.2,0,0.8,0.3,0.2,0.1,0
46,63,1,7,0,0.5,0,1.1,1.6,0.4,0.7,1.6,0.9,0.2,0
84,63,1,8,0.2,0.6,0.4,0.8,0.8,0,1.3,3.1,0.4,0.4,0
85,63,1,13,0.2,1.3,0.4,0.8,2.3,0,2.7,1.9,1.1,2.3,0
86,63,0,42,1,7,2,3,11,0,5,9,0,4,0
87,63,0,71,0,9,4,6,17,0,11,12,2,10,0
88,63,0,26,1,1,2,3,3,0,4,9,0,3,0
89,63,1,14,0.2,1.3,0.5,0.9,2.5,0,2.9,2,1.2,2.5,0
90,63,1,2,0,0,0,0.2,0.6,0,0.6,0.4,0,0.2,0
94,63,1,1,0,0,0,0.1,0.3,0,0.3,0.2,0,0.1,0
119,63,1,9,0.3,1.1,0,1.3,1.3,0.3,2.2,1.4,0.3,0.8,0
120,63,1,6,0,0.4,0.7,0.4,1.4,0,0.9,1.8,0.4,0,0
121,63,1,3,0,0.2,0.4,0.2,0.7,0,0.4,0.9,0.2,0,0
30,64,1,5,0,0.6,0.8,0.3,1.5,0,1,0.4,0.3,0.1,0
32,64,1,2,0,0.2,0.3,0.1,0.6,0,0.4,0.2,0.1,0.1,0
34,64,1,2,0,0.2,0.3,0.1,0.6,0,0.4,0.2,0.1,0.1,0
54,64,1,4,0.2,0.6,0.3,0.5,0.9,0.1,0.7,0.7,0,0,0
85,64,0,37,3,6,0,7,9,3,2,1,6,0,0
86,64,0,30,0,5,1,3,10,0,3,4,3,1,0
87,64,1,15.5,0.3,1.5,0.5,1,2.7,0,3.2,2.2,1.4,2.7,0
88,64,1,18,0.3,1.7,0.6,1.1,3.2,0,3.7,2.6,1.6,3.2,0
91,64,1,4,0,0.1,0.1,0.3,1.1,0,1.3,0.8,0,0.3,0
119,64,1,9,0.3,1.1,0,1.3,1.3,0.3,2.2,1.4,0.3,0.8,0
120,64,1,11,0,0.8,1.3,0.8,2.5,0,1.5,3.3,0.8,0,0
121,64,1,5,0,0.3,0.6,0.4,1.2,0,0.7,1.5,0.3,0,0
122,64,1,2,0,0.1,0.2,0.2,0.5,0,0.3,0.6,0.1,0,0
20,65,1,3,0,0.3,0.5,0.2,0.9,0,0.6,0.2,0.2,0.1,0
77,65,1,1,0,0.1,0.1,0.2,0.1,0.1,0.2,0.1,0.1,0,0
85,65,1,16,0.3,0.5,1.4,1.9,4.4,0.3,3,1.7,1.4,1.1,0
87,65,1,19,0.3,0.7,1.6,2.3,5.3,0.3,3.6,2,1.6,1.3,0
88,65,1,11,0.2,0.4,1,1.3,3,0.2,2.1,1.1,0.9,0.8,0
92,65,1,2,0,0,0,0.2,0.6,0,0.6,0.4,0,0.2,0
119,65,1,6,0.2,0.7,0,0.9,0.9,0.2,1.5,0.9,0.2,0.5,0
120,65,1,10,1.1,0,0.2,1.7,1.7,0.2,1.3,2.1,0.9,0.2,0.6
121,65,1,6,0.7,0,0.1,1,1,0.1,0.8,1.3,0.5,0.1,0.4
41,66,1,14,0,0.9,0,2.3,3.2,0.9,1.3,3.2,1.8,0.4,0
77,66,1,3,0.1,0.2,0.2,0.7,0.3,0.2,0.5,0.4,0.2,0.1,0.1
83,66,1,16,0.4,1.2,0.8,1.5,1.6,0,2.7,6.2,0.8,0.8,0
89,66,1,11,0.2,0.4,1,1.3,3,0.2,2.1,1.1,0.9,0.8,0
120,66,1,20,2.1,0,0.4,3.4,3.4,0.4,2.6,4.3,1.7,0.4,1.3
121,66,1,2,0.2,0,0.1,0.3,0.3,0,0.3,0.4,0.2,0.1,0.1
122,66,1,2,0.2,0,0.1,0.3,0.3,0,0.3,0.4,0.2,0.1,0.1
62,67,1,5,0,0.3,0.4,0.7,1,0.2,0.9,0.5,0.4,0.5,0.1
73,67,1,2,0.1,0.2,0.1,0.5,0.2,0.1,0.3,0.3,0.1,0.1,0
89,67,1,1,0,0,0.1,0.1,0.3,0,0.2,0.1,0.1,0.1,0
124,67,1,7,0.7,0,0.2,1.2,1.2,0.1,0.9,1.5,0.6,0.2,0.4
125,67,1,9,0,0.6,1.1,0.6,2.1,0,1.3,2.7,0.6,0,0
126,67,1,2,0,0.1,0.2,0.2,0.5,0,0.3,0.6,0.1,0,0
28,68,1,1,0,0.1,0.2,0.1,0.3,0,0.2,0.1,0,0,0
48,68,1,4,0,0.3,0,0.6,0.9,0.3,0.4,0.9,0.5,0.1,0
62,68,1,22,0,1.2,1.6,3.3,4.5,0.8,4.1,2.5,1.6,2,0.4
63,68,1,2,0,0.1,0.2,0.3,0.4,0.1,0.4,0.2,0.1,0.2,0
65,68,1,7,0,0.4,0.5,1,1.4,0.3,1.3,0.8,0.5,0.7,0.1
90,68,1,9,0,0.2,0.2,0.7,2.5,0,2.8,1.9,0,0.7,0
91,68,0,64.5,2,5.5,2,15,9,3,3,14,1,10,0
3,69,1,2,0,0,0.2,0.3,0.5,0,0.3,0.5,0.1,0.1,0
4,69,1,1,0,0,0.1,0.2,0.2,0,0.2,0.2,0,0.1,0
45,69,1,6,0,0.4,0,1,1.3,0.4,0.6,1.3,0.8,0.2,0
62,69,1,10,0,0.6,0.7,1.5,2,0.4,1.9,1.1,0.7,0.9,0.2
63,69,0,26.5,1,2,1,3,4,0,3,5,1.5,6,0
64,69,0,22,0,2,1,0,4,0,3,11,0,1,0
65,69,1,5,0,0.3,0.4,0.7,1,0.2,0.9,0.5,0.4,0.5,0.1
90,69,1,9,0,0.2,0.2,0.7,2.5,0,2.8,1.9,0,0.7,0
91,69,0,52,4,3,2,11,8,0,4,6,8,6,0
92,69,0,25,0,1,2,0,6,0,4,8,1,3,0
93,69,1,7,0,0.2,0.2,0.5,2,0,2.2,1.4,0,0.5,0
3,70,1,5,0,0.3,0.6,0.1,1.5,0,1.3,1.2,0,0,0
4,70,1,8,0,0.5,0.9,0.2,2.4,0,2.1,1.9,0,0,0
5,70,1,2,0,0.2,0.1,0.1,0.4,0,0.4,0.3,0.1,0.4,0
19,70,1,5,0,0,0.5,0.7,1.2,0,0.8,1.3,0.2,0.3,0
48,70,1,4,0.2,0.6,0.3,0.5,0.9,0.1,0.7,0.7,0,0,0
61,70,1,23,0.7,2,1.8,2.7,5.1,0.5,4.2,3.1,1.1,1.8,0
62,70,0,117,3,11,6,18,16,3,21,19,5,15,0
63,70,0,140.5,3,5,7,19,30,1.5,14,36,8,17,0
64,70,1,11,0.3,1,0.8,1.3,2.5,0.2,2,1.5,0.5,0.9,0
65,70,0,64,2,2,4,5,11,1,11,23,1,4,0
66,70,1,11,0,0.3,1.6,1.3,2.4,0.5,1.3,3,0.3,0.3,0
89,70,1,10,0.4,1.4,0.4,1.3,2,0,1.8,2,0.7,0,0
90,70,0,26,0,0,3,0,3,0,10,7,2,1,0
91,70,0,66.5,0,5.5,4,1,7,1,9,27,3,9,0
92,70,0,46.5,0,2.5,3,4,12,0,8,8,1,8,0
93,70,0,26.5,0,1.5,0,1,5,0,6,8,2,3,0
95,70,1,4,0.1,0.3,0.2,0.8,1,0,0.8,0.3,0.3,0.2,0
96,70,1,6,0.2,0.5,0.3,1.1,1.5,0,1.1,0.5,0.5,0.3,0
2,71,1,2,0,0.1,0.2,0.1,0.6,0,0.5,0.5,0,0,0
3,71,1,8,0,0.5,0.9,0.2,2.4,0,2.1,1.9,0,0,0
4,71,0,41.5,0,1,5.5,1,15,0,4,10,2,3,0
5,71,1,19,0,2,0.8,0.8,4.3,0,3.5,2.8,1.2,3.6,0
6,71,1,7,0,0.7,0.3,0.3,1.6,0,1.3,1,0.5,1.3,0
7,71,1,5,0,0.5,0.2,0.2,1.2,0,0.9,0.7,0.3,1,0
60,71,1,2,0.1,0.2,0.1,0.2,0.4,0,0.4,0.3,0.1,0.2,0
61,71,0,23,1,0,0,3,4,0,7,2,1,5,0
62,71,0,91,1,4,7,13,18,1,22,13,3,9,0
63,71,0,121.5,5,3.5,11,8,27,0,20,21,5,21,0
64,71,0,32,0,2,1,1,11,2,4,4,2,5,0
65,71,1,26,0,0.6,3.8,3.2,5.7,1.3,3.2,7,0.6,0.6,0
66,71,1,4,0,0.1,0.6,0.5,0.9,0.2,0.5,1,0.1,0.1,0
83,71,1,3,0.1,0.4,0.1,0.4,0.6,0,0.6,0.6,0.2,0,0
89,71,1,2,0.1,0.3,0.1,0.2,0.4,0,0.4,0.4,0.1,0,0
90,71,0,54,2,2,2,4,9,0,7,21,1,6,0
91,71,0,143,1,8,9,12,27,1,26,39,4,16,0
92,71,0,128.5,2,8.5,11,22,32,3,11,21,8,9,1
93,71,0,57.5,3,3,2,7,10,0.5,13,14,2,3,0
94,71,1,1,0,0,0.1,0.1,0.1,0,0.3,0.3,0,0.1,0
95,71,1,18,0.5,1.4,1,3.4,4.4,0,3.4,1.5,1.4,1,0
97,71,1,2,0,0.2,0.1,0.4,0.5,0,0.4,0.2,0.1,0.1,0
3,72,0,32,0,1,2,0,9,0,11,8,1,0,0
4,72,0,54,1,1.5,3,8,7,0,14,13,0.5,6,0
5,72,0,42.5,0,3.5,1,3,8,0,6,10,1,10,0
6,72,0,65,1,3,3,6,11,0,11,21,1,8,0
7,72,1,15,0,1.6,0.6,0.6,3.5,0,2.8,2.2,0.9,2.8,0
60,72,1,21,0.6,1.8,1.6,2.5,4.7,0.4,3.9,2.9,1,1.6,0
61,72,0,37.5,2,4,2,3,9,0,7,7,0.5,3,0
62,72,1,20,0.6,1.7,1.5,2.3,4.5,0.4,3.7,2.7,1,1.6,0
63,72,0,22,0,0,1,2,1,0,3,7,2,6,0
64,72,1,19,0.5,1.7,1.5,2.2,4.2,0.4,3.5,2.6,0.9,1.5,0
87,72,1,21,0.8,3,0.8,2.7,4.2,0,3.8,4.2,1.5,0,0
88,72,0,113.5,0,4.5,11,14,21,4,19,29,7,4,0
89,72,0,30,0,3,4,0,11,0,2,7,3,0,0
90,72,0,22.5,0,1,0,0,4,0,4,10,1.5,2,0
91,72,0,210,12,15,14,45,31,11,22,24,13,23,0
92,72,0,170,6,7.5,8,23,30,2,23,47,5.5,18,0
93,72,1,5,0,0.2,0.4,0.6,0.6,0,1.6,1.2,0,0.4,0
95,72,1,7,0.2,0.6,0.4,1.3,1.7,0,1.3,0.6,0.5,0.4,0
106,72,0,29,2,4,0,5,7,0,3,6,0,2,0
4,73,1,11,0,0.7,1.3,0.3,3.2,0,2.9,2.6,0,0,0
5,73,0,85.5,2,7,6.5,17,16,0,16,8,7,6,0
6,73,0,221,6,22,15,41,54,5,35,24,9,10,0
7,73,0,25,0,2,2,2,4,0,4,9,2,0,0
59,73,1,8,0.4,1.3,0.7,1.1,1.7,0.2,1.3,1.3,0,0,0
60,73,0,53,1,7,1,6,11,1,9,13,1,3,0
61,73,0,37,2,6,0,10,8,2,2,5,2,0,0
87,73,1,7,0.2,1,0.3,0.9,1.4,0,1.3,1.4,0.5,0,0
88,73,0,104,3,13,2,19,19,4,13,12,19,0,0
89,73,1,12,0.4,1.8,0.4,1.5,2.4,0,2.2,2.4,0.9,0,0
90,73,1,12,0,0.3,1.1,1.4,1.4,0,3.9,2.8,0,1.1,0
91,73,0,46,0,4,1,2,13,1,7,10,0,8,0
92,73,1,7,0,0.2,0.6,0.8,0.8,0,2.3,1.7,0,0.6,0
106,73,0,68,1,4,7,4,18,0,9,11,1,13,0
107,73,0,35,1,0,0,5,5,0,11,9,1,3,0
108,73,1,10,0,0.6,2,0.3,3.4,0.3,0.8,2.6,0,0,0
6,74,0,25,1,2.5,0,2,3,0,3,7,0.5,6,0
31,74,1,5,0.1,0.5,0.2,0.7,0.9,0,1.2,1.3,0.1,0,0
32,74,1,5,0.1,0.5,0.2,0.7,0.9,0,1.2,1.3,0.1,0,0
33,74,1,5,0.1,0.5,0.2,0.7,0.9,0,1.2,1.3,0.1,0,0
34,74,1,13,0.2,1.4,0.5,1.9,2.3,0,3.2,3.3,0.2,0,0
35,74,1,6,0.2,0.6,0.6,0.9,1.6,0.2,0.7,1.1,0.1,0,0
36,74,1,7,0.3,0.7,0.7,1,1.8,0.3,0.8,1.3,0.1,0,0
37,74,1,3,0.1,0.3,0.3,0.4,0.8,0.1,0.4,0.5,0.1,0,0
38,74,1,20,0.8,2,2,2.8,5.2,0.8,2.4,3.6,0.4,0,0
39,74,1,14,0.5,1.4,1.4,2,3.6,0.6,1.7,2.5,0.3,0,0
40,74,1,1,0,0.2,0.1,0.1,0.2,0,0.2,0.2,0,0,0
48,74,1,6,0.3,1,0.5,0.8,1.3,0.1,1,1,0,0,0
59,74,1,2,0.1,0.3,0.2,0.3,0.4,0.1,0.3,0.3,0,0,0
60,74,1,7,0.2,0.6,0.5,0.8,1.6,0.1,1.3,1,0.3,0.6,0
91,74,1,7,0,0.2,0.6,0.8,0.8,0,2.3,1.7,0,0.6,0
92,74,1,2,0,0.1,0.2,0.2,0.2,0,0.6,0.5,0,0.2,0
106,74,0,30,0,1,1,2,6,2,4,10,1,3,0
107,74,0,32,0,3,0,4,3,0,6,10,1,5,0
108,74,1,25,0,1.4,5,0.7,8.6,0.7,2.2,6.4,0,0,0
5,75,1,9,0,0.1,0.9,0.4,1.3,0,2.6,3.1,0.4,0.2,0
6,75,0,26,0,2,1,2,2,0,4,9,1,5,0
7,75,1,2,0,0,0.2,0.1,0.3,0,0.6,0.7,0.1,0,0
32,75,1,5,0,0.3,0.4,0.6,0.8,0,1.3,0.6,0.2,0.8,0
33,75,0,51,0,3,3,6,13,0,13,8,1,4,0
34,75,0,34,1,2,1,5,8,0,6,3,1,7,0
35,75,0,38,0,4,1,4,3,1,7,9,1,8,0
36,75,0,46.5,1,2.5,3,6,4,1,13,10,2,4,0
37,75,0,28,1,1,0,4,2,0,6,6,1,7,0
38,75,0,50.5,0.5,3,2,5,8,0,16,12,1,3,0
39,75,0,23,0,2,3,4,2,1,4,6,1,0,0
107,75,1,2.5,0.1,0.2,0.1,0.3,0.3,0,0.7,0.5,0,0.3,0
108,75,1,12,0.7,0.8,0.3,1.3,1.7,0,3.3,2.3,0.3,1.3,0
5,76,1,20,0,0.3,1.9,1,2.9,0,5.8,6.8,1,0.3,0
6,76,1,22,0,0.3,2.1,1.1,3.2,0,6.4,7.4,1.1,0.4,0
7,76,1,2,0,0,0.2,0.1,0.3,0,0.6,0.7,0.1,0,0
29,76,1,5,0,0,0.2,0.2,0.6,0.2,2.5,0.6,0.2,0.5,0
30,76,1,20,0,1,1.4,2.4,3.3,0,5.2,2.4,1,3.3,0
31,76,1,1,0,0,0.1,0.1,0.2,0,0.3,0.1,0,0.2,0
32,76,0,100,2,12,4,12,11,1,22,18,2,16,0
33,76,0,200,10,18,12,34,39,2,22,33,7,20,3
34,76,0,121,3,15,10,9,23,0,15,26,2,17,1
35,76,0,115,1,4,14,11,25,2,18,22,4,14,0
36,76,0,123,5,5,8,13,20,0,16,40,3,12,1
37,76,0,47,1,1,1,5,6,2,13,14,3,1,0
38,76,1,15,0,1.2,0.5,1.2,3.2,0.2,1.7,4.8,0.5,1.7,0
39,76,1,20,0,1.6,0.6,1.6,4.2,0.3,2.3,6.5,0.6,2.3,0
51,76,1,2,0.1,0.3,0.2,0.3,0.4,0.1,0.3,0.3,0,0,0
5,77,1,2,0,0,0.2,0.1,0.3,0,0.6,0.7,0.1,0,0
6,77,1,2,0,0,0.2,0.1,0.3,0,0.6,0.7,0.1,0,0
7,77,1,3,0,0.1,0.3,0.1,0.4,0,0.9,1,0.1,0.1,0
28,77,1,2,0,0,0.1,0.1,0.2,0.1,1,0.2,0.1,0.2,0
29,77,0,20,0,1,1,1,7,0,2,7,0,1,0
30,77,0,85,3,6,3,6,10,0,17,20,2,18,0
31,77,0,41,4,4,1,7,10,4,5,1,1,4,0
32,77,0,65.5,3,3.5,4,5,15,3,10,11,5,6,0
33,77,0,100,2,5,1,9,15,4,16,28,5,15,0
34,77,0,76.5,4,2,3,11,14,0,12,19,2.5,9,0
35,77,0,32,2,1,3,4,5,0,0,9,2,6,0
36,77,1,13,0,1,0.4,1.1,2.7,0.2,1.5,4.2,0.4,1.5,0
37,77,1,14,0,1.1,0.5,1.1,2.9,0.2,1.6,4.5,0.5,1.6,0
38,77,0,43,1,5,1,9,13,0,3,3,8,0,0
47,77,1,1,0,0.2,0.1,0.1,0.2,0,0.2,0.2,0,0,0
52,77,1,9,0.5,1.5,0.7,1.2,1.9,0.2,1.5,1.5,0,0,0
102,77,1,3,0,0,0.2,0.3,0.3,0,1.1,0.9,0.2,0,0
27,78,0,32,4,3,2,10,7,2,1,1,2,0,0
28,78,1,5,0,0,0.2,0.2,0.6,0.2,2.5,0.6,0.2,0.5,0
29,78,1,6,0,0,0.2,0.2,0.8,0.2,3,0.8,0.2,0.6,0
34,78,1,11,0,0.5,0.8,1.3,1.8,0,2.9,1.3,0.5,1.9,0
72,78,1,14,0.8,1,1,2.1,3.4,0,1.6,2.3,0.8,1,0
102,78,1,16,0,0,0.8,1.7,1.7,0,5.9,5.1,0.8,0,0
103,78,0,49,1,1,0,12,9,0,10,11,2,2,1
104,78,0,40.5,1,3.5,3,5,9,0,3,12,2,1,1
105,78,1,4,0.2,0.3,0.1,0.4,0.6,0,1.1,0.8,0.1,0.4,0
106,78,1,2,0.1,0.1,0.1,0.2,0.3,0,0.5,0.4,0.1,0.2,0
26,79,1,1,0,0,0.1,0.1,0.1,0,0.5,0.1,0,0.1,0
27,79,1,9,0,0,0.3,0.3,1.2,0.3,4.5,1.2,0.3,0.9,0
28,79,1,2,0,0,0.1,0.1,0.2,0.1,1,0.2,0.1,0.2,0
33,79,1,3,0,0.1,0.2,0.4,0.5,0,0.8,0.4,0.1,0.5,0
34,79,1,2,0,0.1,0.2,0.2,0.3,0,0.5,0.3,0.1,0.3,0
70,79,1,6,0.3,0.4,0.4,0.9,1.5,0,0.7,1,0.3,0.5,0
71,79,1,3,0.2,0.2,0.2,0.5,0.7,0,0.3,0.5,0.2,0.2,0
72,79,1,18,1,1.3,1.3,2.7,4.3,0,2,3,1,1.4,0
73,79,1,6,0.3,0.4,0.4,0.9,1.5,0,0.7,1,0.3,0.5,0
74,79,1,7,0.4,0.5,0.5,1,1.7,0,0.8,1.2,0.4,0.5,0
104,79,0,26,3,0,1,4,5,0,4,4,1,4,0
105,79,0,28,1,1,1,6,4,0,2,6,4,3,0
106,79,1,16,0.9,1.1,0.4,1.7,2.2,0,4.4,3.1,0.4,1.8,0
24,80,1,6,0.1,0.6,0.4,0.8,1,0.1,1.2,1.3,0.3,0.2,0
25,80,1,7,0.3,0.6,0.9,0.9,1.8,0.2,1.1,0.6,0.1,0.5,0
26,80,0,35,1,4.5,3,3,11,0,0,3,5.5,4,0
27,80,1,8,0.4,0.7,1,1,2.1,0.3,1.3,0.6,0.1,0.5,0
28,80,1,14.5,0.7,1.3,1.8,1.9,3.7,0.5,2.3,1.2,0.2,0.9,0
69,80,1,35,0,4.1,2.1,6.9,10.3,0.7,4.8,3.4,2.7,0,0
70,80,0,98.5,5,10,3,20,17,4,10,7,12.5,10,0
71,80,0,72.5,4,7,4,12,12,0,9,7,10.5,7,0
72,80,1,2,0.1,0.1,0.2,0.3,0.3,0,0.2,0.3,0.1,0.4,0
73,80,0,48,0,2,1,8,9,1,5,15,1,6,0
74,80,1,20,0.7,1,1.5,3,2.5,0.3,2.2,3.2,1.2,4.4,0
75,80,1,4,0.2,0.2,0.3,0.6,0.5,0.1,0.4,0.6,0.2,0.9,0
105,80,1,2,0.1,0.1,0,0.2,0.5,0.1,0.2,0.6,0.1,0.1,0
106,80,1,4,0.1,0.2,0,0.5,0.9,0.1,0.5,1.2,0.2,0.3,0
23,81,1,4,0.1,0.4,0.2,0.5,0.7,0.1,0.8,0.8,0.2,0.2,0
24,81,0,54,2,3,4,11,10,1,8,9,5,1,0
25,81,0,46.5,0,0.5,9,3,8,0,12,8,1,5,0
26,81,0,44,0,3,3,4,2,0,9,11,1,11,0
27,81,0,22,1,1,0,4,3,0,3,5,1,4,0
28,81,1,17,0.8,1.5,2.2,2.2,4.3,0.5,2.7,1.4,0.3,1.1,0
68,81,0,32,2,0,2,10,4,3,3,2,3,3,0
69,81,0,74,2,6,6,8,26,2,9,10,2,3,0
70,81,0,99.5,7,9,6,21,20,3,7,11,6.5,8,1
71,81,0,101,11,2,6,17,17,3,13,19,5,7,1
72,81,0,117,1,9,6,14,21,2,20,30,4,10,0
73,81,1,21,0.8,1,1.5,3.1,2.6,0.3,2.3,3.4,1.3,4.7,0
84,81,1,8,0.2,0.9,0.9,0.7,1.6,0.2,1.2,1.8,0,0.5,0
22,82,1,2,0,0.2,0.1,0.3,0.4,0,0.4,0.4,0.1,0.1,0
23,82,0,22,0,1,0,1,6,0,4,5,1,4,0
24,82,0,39,0,0,0,3,4,0,18,12,0,2,0
25,82,0,121.5,7,9,8,20,33,2,10,17,8.5,7,0
26,82,0,180,6,17,16,22,38,4,27,29,5,16,0
27,82,0,22,1,0,1,1,2,0,7,6,0,4,0
46,82,1,2,0,0.1,0.3,0.3,0.4,0,0.5,0.1,0.2,0.1,0
68,82,1,5,0,0.6,0.3,1,1.4,0.1,0.7,0.5,0.4,0,0
69,82,0,67,3,6,2,4,10,1,8,24,2,7,0
70,82,0,67,1,7,3,5,11,0,12,24,0,4,0
71,82,0,28,0,2,1,5,4,1,5,7,1,2,0
72,82,1,14,0.5,0.7,1,2.1,1.7,0.2,1.6,2.2,0.9,3.1,0
73,82,1,17,0.6,0.8,1.3,2.5,2.1,0.2,1.9,2.7,1.1,3.8,0
74,82,1,3,0.1,0.2,0.2,0.4,0.4,0,0.3,0.5,0.2,0.7,0
84,82,1,4,0.1,0.4,0.4,0.4,0.8,0.1,0.6,0.9,0,0.3,0
117,82,1,6,0.2,0.2,0,0.7,1.4,0.2,0.7,1.9,0.2,0.5,0
12,83,1,4,0,0.3,0.1,0.5,0.8,0,0.8,1.4,0,0,0.1
22,83,1,19,0.4,1.8,1.1,2.6,3.3,0.4,3.6,4,1.1,0.7,0
23,83,0,107,8.5,4,2,19,14,5,16,16,4.5,17,1
24,83,0,68,2,6,2,12,10,2,9,16,5,4,0
25,83,1,12,0.6,1,1.5,1.5,3.1,0.4,1.9,1,0.2,0.8,0
26,83,0,21,0,1,3,2,4,0,6,3,0,2,0
27,83,1,4,0.2,0.4,0.5,0.5,1,0.1,0.6,0.3,0.1,0.3,0
69,83,1,11,0,1.3,0.6,2.2,3.2,0.2,1.5,1.1,0.9,0,0
21,84,1,10,0.2,1,0.6,1.3,1.7,0.2,1.9,2.1,0.6,0.4,0
22,84,0,35,3,4,2,6,6,0,2,9,2,1,0
23,84,0,28,1,1,1,5,3,1,3,4,6,3,0
126,84,1,3,0.1,0.2,0.5,0.4,0.7,0.1,0.6,0.1,0.2,0.1,0
8,85,1,7,0.1,0.6,0.8,0.9,2.1,0,0.9,1.4,0.2,0,0
3,86,1,1,0,0.1,0.1,0.1,0.3,0,0.2,0.2,0,0,0
97,86,1,4,0.1,0.4,0.4,0.4,0.8,0.1,0.6,0.9,0,0.3,0
121,86,1,5,0.3,0.3,0.9,0.7,1.2,0.1,1,0.1,0.3,0.1,0
24,87,1,4,0.1,0.4,0.2,0.5,0.7,0.1,0.8,0.8,0.2,0.2,0
38,87,1,3,0,0.3,0.1,0.1,0.8,0,0.3,1.1,0.1,0.1,0.1
39,87,1,11,0,1.1,0.5,0.5,2.8,0,1.1,4.1,0.3,0.3,0.3
42,87,1,1,0,0.1,0.1,0.1,0.2,0,0.2,0.1,0.1,0.1,0
64,87,1,5,0.1,0.3,0.3,0.5,0.9,0.1,1.4,1,0.1,0.3,0
4,88,1,4,0.1,0.4,0.4,0.5,1.2,0,0.5,0.8,0.1,0,0
5,88,1,2,0,0.2,0.2,0.3,0.6,0,0.3,0.4,0,0,0
9,88,1,2,0,0.2,0.2,0.3,0.6,0,0.3,0.4,0,0,0
14,88,1,5,0,0.4,0.2,0.6,0.9,0,1,1.7,0,0,0.2
21,88,1,4,0.1,0.4,0.2,0.5,0.7,0.1,0.8,0.8,0.2,0.2,0
32,88,1,1,0,0.1,0,0.1,0.3,0,0.1,0.4,0,0,0
55,88,1,2,0,0.1,0.3,0.3,0.4,0,0.5,0.1,0.2,0.1,0
64,88,1,9,0.2,0.5,0.5,1,1.7,0.2,2.4,1.7,0.3,0.5,0
65,88,1,15,0.4,0.8,0.4,2.9,2,1.2,2.4,3.3,0.8,0.8,0
66,88,1,16,0.4,0.9,0.4,3,2.2,1.3,2.6,3.4,0.9,0.9,0
98,88,1,3,0.1,0.3,0.3,0.3,0.6,0.1,0.5,0.6,0,0.2,0
106,88,1,1,0,0.1,0,0.1,0.2,0,0.1,0.3,0.1,0.1,0
13,89,1,1,0,0.1,0,0.1,0.2,0,0.2,0.4,0,0,0
14,89,1,16,0,1.2,0.6,1.9,3.1,0,3.1,5.5,0,0,0.6
21,89,1,3,0,0.3,0.2,0.4,0.5,0.1,0.6,0.6,0.2,0.1,0
64,89,1,23,0.6,1.2,1.2,2.5,4.4,0.6,6.2,4.4,0.6,1.3,0
65,89,0,60,2,3,3,9,6,0,9,20,1,7,0
66,89,1,6,0.2,0.3,0.2,1.1,0.8,0.5,1,1.3,0.3,0.3,0
115,89,1,3,0.1,0.1,0,0.4,0.7,0.1,0.4,0.9,0.1,0.2,0
13,90,1,5,0,0,0.7,0.2,0.9,0,1.6,1.6,0,0,0
14,90,1,3,0,0,0.4,0.1,0.5,0,1,1,0,0,0
15,90,1,1,0,0,0.2,0,0.2,0,0.3,0.3,0,0,0
55,90,1,11,0.2,0.4,0.5,1.6,2.1,0.2,2.1,2.7,0.6,0.6,0
56,90,0,66,8,14,6,10,14,3,3,1,6,1,0
64,90,1,7,0.1,1,0.4,0.7,1.1,0,1.9,1.4,0.1,0.3,0
65,90,0,106.5,0,9,5,16,19,1,13,25,5.5,13,0
66,90,1,1,0,0.1,0.1,0.1,0.3,0,0.1,0.2,0.1,0,0
55,91,1,2,0,0.1,0.1,0.3,0.4,0,0.4,0.5,0.1,0.1,0
56,91,1,14,0.2,0.5,0.7,2,2.7,0.3,2.6,3.4,0.8,0.8,0
57,91,1,9,0.1,0.3,0.4,1.3,1.8,0.2,1.7,2.2,0.5,0.5,0
62,91,1,2,0,0.3,0.1,0.2,0.3,0,0.6,0.4,0,0.1,0
63,91,1,18,0.3,2.5,1.1,1.8,2.8,0,4.9,3.5,0.4,0.7,0
64,91,0,62,3,6,2,7,9,1,9,17,3,5,0
65,91,0,79,1,4.5,2,7,9,2,10,24,3.5,15,1
66,91,0,36,1,4,2,2,8,0,5,9,1,4,0
67,91,1,9,0.1,1.2,0.5,1.3,2.6,0.2,0.5,1.5,0.9,0.2,0
79,91,1,1,0,0,0,0.1,0.1,0.1,0.4,0.2,0,0.1,0
97,91,1,3,0,0.4,0.2,0.2,0.7,0.1,0.6,0.5,0.2,0.1,0
107,91,1,3,0.1,0.1,0,0.4,0.7,0.1,0.4,0.9,0.1,0.2,0
121,91,1,4,0,0.6,0.3,0.6,1,0.1,0.4,0.7,0,0.3,0
24,92,1,4,0.2,0.9,0.2,0.6,1.1,0,0.3,0.2,0.4,0.1,0
25,92,1,6,0.3,0.2,0.3,0.9,1,0.1,0.9,1.6,0.3,0.4,0
26,92,1,9,0.4,0.2,0.5,1.3,1.5,0.2,1.3,2.4,0.5,0.7,0
54,92,1,2,0,0,0.2,0.3,0.5,0.1,0.4,0.4,0.1,0,0
55,92,0,26,0,1,2,2,3,0,8,6,1,3,0
56,92,1,17,0.2,0.6,0.8,2.5,3.3,0.4,3.2,4.1,1,0.9,0
57,92,1,14,0.2,0.5,0.7,2,2.7,0.3,2.6,3.4,0.8,0.8,0
62,92,1,2,0,0.3,0.1,0.2,0.3,0,0.6,0.4,0,0.1,0
64,92,1,10,0.2,1.4,0.6,1,1.6,0,2.7,1.9,0.2,0.4,0
65,92,0,48,9,2,0,13,9,2,3,4,6,0,0
66,92,1,35,0.6,4.8,1.9,5.1,10.2,0.6,1.9,5.7,3.5,0.7,0
67,92,1,4,0.1,0.5,0.2,0.6,1.2,0.1,0.2,0.6,0.4,0.1,0
85,92,1,1,0,0,0.1,0.1,0.1,0,0.3,0.2,0.1,0.1,0
86,92,1,7,0,0.3,0.5,0.5,0.9,0,2.3,1.6,0.4,0.5,0
87,92,1,4,0,0.1,0.3,0.3,0.5,0,1.3,1,0.2,0.3,0
94,92,1,3,0.1,0.2,0.3,0.2,0.7,0,0.3,0.9,0.2,0.1,0
95,92,1,4,0,0.5,0.3,0.3,0.9,0.1,0.8,0.7,0.2,0.2,0
96,92,1,16,0,2.1,1.1,1.3,3.6,0.5,3.1,2.7,0.9,0.7,0
97,92,1,3,0,0.4,0.2,0.2,0.7,0.1,0.6,0.5,0.2,0.1,0
105,92,1,1,0,0.1,0,0.1,0.2,0,0.1,0.3,0.1,0.1,0
117,92,1,1,0,0,0.1,0.1,0.2,0,0.1,0.3,0.1,0.1,0
7,93,1,1,0,0.1,0.1,0.1,0.3,0,0.2,0.2,0,0,0
24,93,1,41,1.6,9.9,2.5,5.7,11.5,0,3.3,1.6,4.1,0.8,0
25,93,0,52,1,1,1,3,9,0,10,22,0,4,1
26,93,1,23,1.1,0.6,1.1,3.4,3.9,0.5,3.4,6.2,1.1,1.7,0
27,93,1,1,0,0,0.1,0.1,0.2,0,0.1,0.3,0.1,0.1,0
54,93,1,34,0,0.7,3.3,5.2,7.8,1.3,7.2,6.5,1.3,0.7,0
55,93,0,103,5,3,3,13,17,1,15,26,5,15,0
56,93,0,24,1,1,0,2,2,2,7,2,1,6,0
57,93,1,14,0.2,0.5,0.7,2,2.7,0.3,2.6,3.4,0.8,0.8,0
58,93,1,3,0,0.1,0.1,0.4,0.6,0.1,0.6,0.7,0.2,0.2,0
64,93,1,2,0,0.3,0.1,0.2,0.3,0,0.6,0.4,0,0.1,0
66,93,1,2,0,0.3,0.1,0.3,0.6,0,0.1,0.3,0.2,0.1,0
67,93,1,4,0.1,0.5,0.2,0.6,1.2,0.1,0.2,0.6,0.4,0.1,0
85,93,1,1,0,0,0.1,0.1,0.1,0,0.3,0.2,0.1,0.1,0
86,93,1,14,0,0.5,1,1,1.8,0,4.6,3.3,0.8,1,0
87,93,1,14,0,0.5,1,1,1.8,0,4.6,3.3,0.8,1,0
94,93,1,6,0.1,0.4,0.6,0.4,1.4,0,0.7,1.9,0.4,0.1,0
95,93,1,15,0,2,1.1,1.3,3.4,0.4,2.9,2.5,0.8,0.6,0
96,93,0,73,2,5,4,6,10,0,19,12,0,15,0
97,93,0,34.5,1,4.5,0,8,7,1,2,6,2,3,0
98,93,1,8,0,1.1,0.6,0.7,1.8,0.2,1.6,1.3,0.4,0.3,0
111,93,1,3,0,0,0.1,0.4,0.5,0,0.4,1,0.2,0.4,0
120,93,1,1,0,0.1,0.1,0.2,0.2,0,0.1,0.2,0,0.1,0
22,94,1,5,0.2,1.2,0.3,0.7,1.4,0,0.4,0.2,0.5,0.1,0
23,94,0,33,0,0,1,3,3,0,4,11,2,9,0
24,94,0,58,1,3,3,8,9,0,12,15,2,5,0
25,94,0,109,5,5,0,14,24,3,12,29,4,13,0
26,94,0,34.5,2,2.5,3,9,5,1,7,1,3,0,1
27,94,1,2,0.1,0.1,0.1,0.3,0.3,0.1,0.3,0.5,0.1,0.1,0
54,94,1,16,0,0.3,1.5,2.5,3.7,0.6,3.4,3.1,0.6,0.3,0
55,94,1,20.5,0.3,0.7,1,3,4,0.4,3.8,5,1.2,1.1,0
56,94,1,18,0.2,0.6,0.9,2.6,3.5,0.4,3.4,4.4,1,1,0
57,94,1,8,0.1,0.3,0.4,1.2,1.5,0.2,1.5,1.9,0.5,0.4,0
58,94,1,12,0.2,0.4,0.6,1.7,2.3,0.3,2.2,2.9,0.7,0.7,0
59,94,1,2,0,0.1,0.1,0.3,0.4,0,0.4,0.5,0.1,0.1,0
86,94,1,14,0,0.5,1,1,1.8,0,4.6,3.3,0.8,1,0
87,94,0,33,1,0,4,6,0,1,8,6,1,6,0
88,94,0,54.5,2,1,4,6,9,1,8,13,3.5,7,0
89,94,0,27,0,0,0,2,4,0,1,12,5,3,0
90,94,1,5,0.1,0.3,0.5,0.3,1.2,0,0.6,1.6,0.3,0.1,0
95,94,1,16.5,0,2.2,1.1,1.4,3.7,0.5,3.2,2.8,0.9,0.7,0
96,94,0,86.5,1,6.5,5,22,13,1,16,12,2,8,0
97,94,0,38,2,3,3,3,8,0,7,8,2,2,0
98,94,1,6,0,0.8,0.4,0.5,1.3,0.2,1.2,1,0.3,0.3,0
119,94,1,2,0,0,0.1,0.2,0.3,0,0.2,0.7,0.2,0.3,0
120,94,1,7,0,1.1,0.5,1.1,1.6,0.2,0.7,1.3,0,0.5,0
21,95,1,28.5,0.9,3.5,1.4,4.7,7.1,0.5,3.8,5.2,1.4,0,0
22,95,0,77,3,9,1,19,13,5,7,11,9,0,0
23,95,0,35,6,1,1,6,6,0,2,7,6,0,0
24,95,1,18,0.6,2.2,0.9,3,4.4,0.3,2.4,3.3,0.9,0,0
25,95,1,8,0,0.8,0.4,0.4,2,0,0.8,3,0.2,0.2,0.2
33,95,1,3,0,0.3,0.1,0.1,0.8,0,0.3,1.1,0.1,0.1,0.1
54,95,1,9,0.2,0.5,1.1,1.2,1.6,0.2,2.1,0.5,1.1,0.5,0
55,95,1,10,0.2,0.5,1.3,1.3,1.8,0.3,2.3,0.5,1.3,0.5,0
56,95,1,3,0.1,0.1,0.4,0.4,0.5,0.1,0.7,0.1,0.4,0.2,0
57,95,1,1,0,0.1,0.1,0.1,0.2,0,0.2,0.1,0.1,0.1,0
58,95,1,7,0.2,0.3,0.9,0.9,1.2,0.2,1.6,0.4,0.9,0.4,0
83,95,1,3,0.1,0.3,0.3,0.3,0.6,0.1,0.5,0.6,0,0.2,0
86,95,1,3,0.1,0.3,0.3,0.3,0.6,0.1,0.5,0.6,0,0.2,0
87,95,0,86,1,7,6,11,18,1,16,20,2,4,0
88,95,0,29,0,4,2,2,5,0,7,7,1,1,0
89,95,1,17,0.4,1.9,1.9,1.5,3.4,0.4,2.6,3.8,0,1.1,0
94,95,1,2,0.1,0.1,0.2,0.1,0.5,0,0.2,0.6,0.1,0.1,0
95,95,1,3,0.1,0.2,0.3,0.2,0.7,0,0.3,0.9,0.2,0.1,0
96,95,1,3,0.1,0.2,0.3,0.2,0.7,0,0.3,0.9,0.2,0.1,0
97,95,1,8,0.2,0.5,0.8,0.5,1.9,0,0.8,2.6,0.5,0.2,0
98,95,1,10,0.2,0.6,1.1,0.6,2.4,0,1.1,3.2,0.6,0.2,0
99,95,1,2,0.1,0.1,0.2,0.1,0.5,0,0.2,0.6,0.1,0.1,0
119,95,1,16,0,0,0.7,2,2.7,0,2,5.3,1.3,2,0
120,95,0,38,1,3,3,3,7,0,9,8,2,2,0
121,95,0,53,1,4,1,5,15,1,6,8,2,10,0
122,95,1,11,0.4,1.2,1.2,1,2.1,0.2,2.6,1.1,0.7,0.5,0
1,96,1,5,0.1,0.4,0.5,0.7,1.5,0,0.7,1,0.1,0,0
20,96,1,5,0.2,0.6,0.3,0.8,1.2,0.1,0.7,0.9,0.2,0,0
21,96,1,2,0.1,0.2,0.1,0.3,0.5,0,0.3,0.4,0.1,0,0
24,96,1,6,0.2,0.7,0.3,1,1.5,0.1,0.8,1.1,0.3,0,0
25,96,1,9,0,0.9,0.4,0.5,2.3,0,0.9,3.4,0.2,0.2,0.2
54,96,1,4,0.1,0.2,0.5,0.5,0.7,0.1,1,0.2,0.5,0.2,0
68,96,1,1,0,0.1,0.1,0.1,0.2,0,0.3,0.2,0,0,0
79,96,1,3,0,0,0,0.2,0.4,0.2,1.1,0.6,0.1,0.4,0
87,96,1,1,0,0.1,0.1,0.1,0.2,0,0.2,0.2,0,0.1,0
101,96,1,2,0.1,0.1,0,0.2,0.5,0.1,0.2,0.6,0.1,0.1,0
108,96,1,2,0.1,0.1,0,0.2,0.5,0.1,0.2,0.6,0.1,0.1,0
119,96,1,2,0,0,0.1,0.2,0.3,0,0.2,0.7,0.2,0.3,0
120,96,1,24,0.7,2.7,2.7,2.3,4.6,0.4,5.7,2.3,1.5,1.1,0
121,96,0,47.5,1,2.5,2,5,7,3,7,15,0,5,0
122,96,1,25,0.8,2.8,2.8,2.4,4.7,0.4,5.9,2.4,1.6,1.2,0
123,96,1,1,0,0.1,0.1,0.1,0.2,0,0.2,0.1,0.1,0.1,0
0,97,1,2,0,0.2,0.2,0.3,0.6,0,0.3,0.4,0,0,0
21,97,1,1,0,0.1,0.1,0.2,0.2,0,0.1,0.2,0.1,0,0
33,97,1,3,0,0.3,0.1,0.1,0.8,0,0.3,1.1,0.1,0.1,0.1
65,97,1,5,0.1,0.7,0.3,0.5,0.8,0,1.3,1,0.1,0.2,0
72,97,1,5,0,0,0,0.4,0.7,0.3,1.7,1.1,0.1,0.7,0
86,97,1,2,0,0.2,0.2,0.2,0.4,0.1,0.3,0.5,0,0.1,0
102,97,1,2,0.1,0.1,0,0.2,0.5,0.1,0.2,0.6,0.1,0.1,0
120,97,1,2,0.1,0.2,0.2,0.2,0.4,0,0.5,0.2,0.1,0.1,0
0,98,1,2,0,0.2,0.2,0.3,0.6,0,0.3,0.4,0,0,0
9,98,1,2,0,0.2,0.2,0.3,0.6,0,0.3,0.4,0,0,0
13,98,1,2,0,0,0.3,0.1,0.4,0,0.6,0.6,0,0,0
19,98,1,2,0,0,0.3,0.1,0.4,0,0.6,0.6,0,0,0
63,98,1,3,0,0.4,0.2,0.3,0.5,0,0.8,0.6,0.1,0.1,0
71,98,1,10,0,0,0,0.8,1.3,0.5,3.5,2.2,0.3,1.4,0
72,98,1,4,0,0,0,0.3,0.5,0.2,1.4,0.9,0.1,0.6,0
12,99,1,11,0,0,1.6,0.4,2,0,3.5,3.5,0,0,0
13,99,1,4,0,0,0.6,0.1,0.7,0,1.3,1.3,0,0,0
29,99,1,2,0,0.2,0.1,0.1,0.5,0,0.2,0.7,0,0.1,0.1
62,99,1,1,0,0.1,0.1,0.1,0.2,0,0.3,0.2,0,0,0
70,99,1,2,0,0,0,0.2,0.3,0.1,0.7,0.4,0,0.3,0
71,99,1,2,0,0,0,0.2,0.3,0.1,0.7,0.4,0,0.3,0
72,99,1,8,0,0,0,0.7,1.1,0.4,2.8,1.7,0.2,1.1,0
73,99,1,2,0,0,0,0.2,0.3,0.1,0.7,0.4,0,0.3,0
99,99,1,5,0.1,0.3,0.5,0.3,1.2,0,0.6,1.6,0.3,0.1,0
127,99,1,5,0,0.8,0.4,0.8,1.1,0.1,0.5,0.9,0,0.4,0
11,100,1,9.5,0.1,1.1,0.4,0.7,2.5,0.3,2,1.6,0.3,0.5,0
12,100,1,16,0.2,1.9,0.7,1.2,4.3,0.5,3.3,2.6,0.5,0.8,0
13,100,1,4,0,0.5,0.2,0.3,1.1,0.1,0.8,0.7,0.1,0.2,0
40,100,1,2,0,0.3,0,0.4,0.6,0.1,0.2,0.2,0.2,0,0
41,100,1,26.5,0.6,3.3,0.6,5.3,7.6,0.8,2.4,2.5,3,0.4,0
69,100,1,2,0,0.1,0,0,0.4,0,0.6,0.7,0.1,0.1,0
72,100,1,6,0,0.4,0,0.1,1,0.1,1.8,1.9,0.3,0.4,0
73,100,1,4,0,0.2,0,0.1,0.7,0.1,1.2,1.3,0.2,0.2,0
95,100,1,3,0,0.1,0.1,0.3,0.2,0,1,0.8,0.1,0.4,0
8,101,0,31,0,8,2,3,7,1,6,3,0,1,0
9,101,1,5,0,0.5,0.3,0.5,1.2,0,1.4,0.2,0.6,0.3,0
10,101,1,4,0,0.5,0.2,0.3,1.1,0.1,0.8,0.7,0.1,0.2,0
11,101,1,7,0.1,0.8,0.3,0.5,1.9,0.2,1.4,1.2,0.2,0.4,0
12,101,1,17,0.2,2,0.7,1.3,4.6,0.5,3.5,2.8,0.5,0.9,0
21,101,1,1,0,0.1,0.1,0.1,0.3,0,0.2,0.2,0,0,0
40,101,1,28,0.6,3.5,0.7,5.6,8,0.9,2.6,2.6,3.1,0.4,0
41,101,0,68.5,6.5,5,3,10,17,0,7,10,3,7,0
42,101,1,9,0.2,1.1,0.2,1.8,2.6,0.3,0.8,0.8,1,0.2,0
49,101,1,4,0.1,0.5,0.1,0.8,1.1,0.1,0.4,0.4,0.4,0.1,0
72,101,1,8,0,0.5,0,0.1,1.4,0.1,2.4,2.6,0.4,0.5,0
73,101,1,2,0,0.1,0,0,0.4,0,0.6,0.7,0.1,0.1,0
93,101,1,2,0,0.1,0.1,0.2,0.1,0,0.6,0.5,0.1,0.3,0
94,101,1,5,0,0.2,0.2,0.5,0.2,0,1.6,1.4,0.2,0.7,0
7,102,1,19,0,1.8,1.2,1.8,4.7,0,5.3,0.6,2.4,1.2,0
8,102,0,96,3,8,5,13,20,5,15,14,8,5,0
9,102,0,57,3,2,5,11,6,5,10,6,3,6,0
10,102,0,35,1,1,5,3,11,0,5,2,1,6,0
11,102,1,4,0,0.5,0.2,0.3,1.1,0.1,0.8,0.7,0.1,0.2,0
12,102,1,14,0.2,1.7,0.6,1,3.8,0.4,2.9,2.3,0.4,0.7,0
13,102,0,62,1,11,7,7,12,1,10,9,2,2,0
14,102,1,4,0,0.5,0.2,0.3,1.1,0.1,0.8,0.7,0.1,0.2,0
40,102,1,13,0.3,1.6,0.3,2.6,3.7,0.4,1.2,1.2,1.5,0.2,0
41,102,0,49,0,2,0,6,13,3,6,6,2,11,0
42,102,0,29.5,2,2.5,0,6,3,0,5,8,0,3,0
43,102,0,22,0,2,2,1,4,0,3,6,3,1,0
51,102,1,2,0.1,0.1,0,0.2,0.5,0.1,0.5,0.4,0,0.1,0
63,102,1,4,0,0.2,0,0.1,0.7,0.1,1.2,1.3,0.2,0.2,0
109,102,1,1,0,0,0,0.2,0.3,0,0.2,0.3,0,0,0
9,103,0,25,1,3.5,2.5,1,7,0,5,5,0,0,0
10,103,0,97,0,5,5,10,15,3,15,31,2,11,0
11,103,0,92.5,9,5.5,4,15,15,0,8,23,4,9,0
12,103,0,152,1,11,10,15,29,2,23,35,5,21,0
13,103,0,45.5,0,6.5,3,3,12,1,7,9,1,3,0
14,103,1,17,0.2,2,0.7,1.3,4.6,0.5,3.5,2.8,0.5,0.9,0
20,103,1,5,0.1,0.4,0.5,0.7,1.5,0,0.7,1,0.1,0,0
25,103,1,2,0,0.2,0.2,0.3,0.6,0,0.3,0.4,0,0,0
41,103,1,2,0,0.3,0,0.4,0.6,0.1,0.2,0.2,0.2,0,0
42,103,0,21,0,2,0,4,2,0,4,8,0,1,0
43,103,1,15,0.3,1.9,0.3,3,4.3,0.5,1.4,1.4,1.7,0.2,0
51,103,1,8,0.4,0.5,0,0.9,1.8,0.4,1.8,1.6,0,0.6,0
66,103,1,1,0,0.1,0,0,0.2,0,0.3,0.3,0,0.1,0
85,103,1,2,0,0.2,0,0.6,0.3,0,0.6,0.2,0,0.1,0
98,103,1,2,0,0.1,0.1,0.2,0.1,0,0.6,0.5,0.1,0.3,0
101,103,1,1.5,0,0,0,0.3,0.4,0,0.4,0.4,0,0,0
121,103,1,2,0,0.1,0,0.2,0.3,0,0.5,0.6,0.1,0.2,0
8,104,1,8,0,0.7,0.5,0.7,2,0,2.3,0.3,1,0.5,0
9,104,0,50,1,0,3,3,6,2,7,13,3,12,0
10,104,0,73,1,7,3,4,10,0,11,20,3,14,0
11,104,0,99,0,8,6,13,16,1,23,24,0,8,0
12,104,0,47,0,1,1,6,8,2,6,15,2,6,0
13,104,0,53.5,1,2.5,0,10,10,3,4,7,5,11,0
14,104,0,39,0,1,4,6,9,0,10,8,1,0,0
15,104,1,12,0,1.3,0.9,0.4,4.3,0,3.8,0.9,0.4,0,0
42,104,0,30,0,1,1,0,4,0,5,14,0,4,1
43,104,1,8,0.2,1,0.2,1.6,2.3,0.3,0.7,0.7,0.9,0.1,0
51,104,1,3,0.1,0.2,0,0.4,0.7,0.1,0.7,0.6,0,0.2,0
85,104,1,2,0,0.2,0,0.6,0.3,0,0.6,0.2,0,0.1,0
86,104,1,2,0,0.2,0,0.6,0.3,0,0.6,0.2,0,0.1,0
87,104,1,14,0,1.1,0,3.9,2.2,0,4.5,1.7,0,0.6,0
97,104,1,2,0,0.1,0.1,0.2,0.1,0,0.6,0.5,0.1,0.3,0
99,104,1,2,0,0.1,0.1,0.2,0.1,0,0.6,0.5,0.1,0.3,0
7,105,1,7,0.2,1.1,0.3,0.8,1.5,0.3,1.1,0.6,1,0,0.1
8,105,1,13,0.4,2,0.6,1.4,2.9,0.6,2.1,1,1.8,0,0.2
9,105,1,32.5,1,4.9,1.5,3.6,7.2,1.5,5.1,2.6,4.6,0,0.5
10,105,0,30,1,1,4,3,10,0,2,4,0,5,0
11,105,1,12,0.7,0.7,0.9,0.9,1.8,0,2.5,3,0.1,1.4,0
12,105,1,1,0.1,0.1,0.1,0.1,0.1,0,0.2,0.2,0,0.1,0
13,105,1,14.5,0.8,0.8,1.1,1.1,2.2,0,3.1,3.6,0.1,1.7,0
14,105,1,4,0.2,0.2,0.3,0.3,0.6,0,0.9,1,0,0.5,0
15,105,1,10,0,1.1,0.7,0.4,3.6,0,3.2,0.7,0.3,0,0
41,105,1,2,0,0.3,0,0.4,0.6,0.1,0.2,0.2,0.2,0,0
42,105,1,15,0.3,1.9,0.3,3,4.3,0.5,1.4,1.4,1.7,0.2,0
51,105,1,3,0.1,0.2,0,0.4,0.7,0.1,0.7,0.6,0,0.2,0
68,105,1,2,0,0.1,0,0,0.4,0,0.6,0.7,0.1,0.1,0
87,105,1,1,0,0.1,0,0.3,0.2,0,0.3,0.1,0,0,0
104,105,1,2,0,0,0,0.4,0.6,0,0.5,0.5,0,0,0
118,105,1,8,0.3,1.2,0.6,0.9,1.3,0.1,1.7,1.5,0.3,0.1,0
10,106,1,4,0.2,0.2,0.3,0.3,0.6,0,0.9,1,0,0.5,0
11,106,1,3,0.2,0.2,0.2,0.2,0.5,0,0.6,0.7,0,0.4,0
17,106,1,2,0,0.2,0.1,0.1,0.7,0,0.6,0.2,0.1,0,0
18,106,1,1,0,0.1,0.1,0,0.4,0,0.3,0.1,0,0,0
19,106,1,1,0,0.1,0.1,0,0.4,0,0.3,0.1,0,0,0
42,106,1,5,0.1,0.6,0.1,1,1.4,0.1,0.5,0.5,0.6,0.1,0
50,106,1,4,0.2,0.3,0,0.4,0.9,0.2,0.9,0.8,0,0.3,0
61,106,1,2,0,0.1,0,0,0.4,0,0.6,0.7,0.1,0.1,0
79,106,1,3,0,0.2,0,0,0.5,0,0.9,1,0.2,0.2,0
80,106,1,4,0,0.3,0,1.1,0.6,0,1.3,0.5,0,0.2,0
116,106,1,2,0.1,0.3,0.2,0.2,0.3,0,0.4,0.4,0.1,0,0
117,106,1,7,0.3,1,0.5,0.8,1.1,0.1,1.5,1.3,0.3,0.1,0
125,106,1,7,0,0.5,0,0.5,1.1,0,1.6,2.2,0.5,0.6,0
11,107,1,3,0.2,0.2,0.2,0.2,0.5,0,0.6,0.7,0,0.4,0
19,107,1,2,0,0.2,0.1,0.1,0.7,0,0.6,0.2,0.1,0,0
32,107,1,2,0,0.2,0.2,0.3,0.6,0,0.3,0.4,0,0,0
70,107,1,1,0,0.1,0,0,0.2,0,0.3,0.3,0,0.1,0
79,107,1,11,0,0.6,0,0.2,1.9,0.2,3.3,3.6,0.6,0.6,0
115,107,0,48.5,1,8.5,4,6,10,0,4,9,1,5,0
116,107,0,38,1,1,2,4,10,0,12,3,3,2,0
117,107,1,19,0.7,2.8,1.4,2.1,3.1,0.3,4.1,3.5,0.7,0.3,0
124,107,1,9,0,0.7,0,0.7,1.4,0,2.1,2.7,0.7,0.7,0
125,107,1,6,0,0.5,0,0.5,0.9,0,1.4,1.8,0.4,0.5,0
11,108,1,3,0.2,0.2,0.2,0.2,0.5,0,0.6,0.7,0,0.4,0
71,108,1,1,0,0.1,0,0,0.2,0,0.3,0.3,0,0.1,0
113,108,1,1,0,0.1,0,0.1,0.2,0,0.2,0.2,0,0.2,0
114,108,1,52,0,4.5,1.8,7.2,9.8,0.9,9.8,8.1,1.8,8.1,0
115,108,1,9,0.3,1.3,0.6,1,1.5,0.2,2,1.6,0.3,0.2,0
116,108,1,10,0.4,1.4,0.7,1.1,1.6,0.2,2.2,1.8,0.4,0.2,0
11,109,1,4,0.2,0.2,0.3,0.3,0.6,0,0.9,1,0,0.5,0
13,109,1,4,0.2,0.2,0.3,0.3,0.6,0,0.9,1,0,0.5,0
101,109,0,24,0,1.5,1,2,7,0,5,3,0.5,4,0
102,109,1,12,0,0.4,0,2.2,3.6,0,2.9,2.9,0,0,0
113,109,1,5,0,0.4,0.2,0.7,0.9,0.1,0.9,0.8,0.2,0.8,0
124,109,1,2,0,0.1,0,0.2,0.3,0,0.5,0.6,0.1,0.2,0
46,110,1,1,0,0.1,0,0.1,0.2,0.1,0.2,0.2,0,0.1,0
71,110,1,2,0,0.1,0,0,0.4,0,0.6,0.7,0.1,0.1,0
72,110,1,4,0,0.2,0,0.1,0.7,0.1,1.2,1.3,0.2,0.2,0
101,110,1,17.5,0,1.6,0.8,3.2,4.1,0,3.3,3.3,0.4,0.8,0
102,110,1,4,0,0.4,0.2,0.7,0.9,0,0.7,0.8,0.1,0.2,0
33,111,1,4,0.1,0.4,0.4,0.5,1.2,0,0.5,0.8,0.1,0,0
43,111,1,6,0.1,0.4,0,0.7,0.4,0,1.3,1.9,0.3,0.9,0
44,111,1,15,0.3,1,0,1.7,1,0,3.3,4.7,0.7,2.3,0
45,111,1,1,0,0.1,0,0.1,0.2,0.1,0.2,0.2,0,0.1,0
49,111,1,1,0,0.1,0,0.1,0.2,0.1,0.2,0.2,0,0.1,0
106,111,1,2,0.1,0.4,0.1,0.3,0.5,0,0.2,0.2,0.1,0.1,0
125,111,1,3,0,0.1,0,0.2,1,0,0.7,0.5,0.3,0.2,0
44,112,1,24,0.5,1.6,0,2.7,1.6,0,5.3,7.5,1.1,3.7,0
45,112,1,17,0.8,1.1,0,1.9,3.9,0.8,3.9,3.5,0,1.1,0
46,112,1,2,0.1,0.1,0,0.2,0.5,0.1,0.5,0.4,0,0.1,0
98,112,1,5,0,0.2,0.2,0.5,0.2,0,1.6,1.4,0.2,0.7,0
106,112,1,8,0.3,1.6,0.3,1.2,2.2,0,0.9,0.9,0.3,0.3,0
107,112,1,8,0.3,1.6,0.3,1.2,2.2,0,0.9,0.9,0.3,0.3,0
125,112,1,2,0,0.1,0,0.1,0.6,0,0.5,0.4,0.2,0.1,0
11,113,1,2,0.1,0.3,0.1,0.2,0.4,0.1,0.3,0.2,0.3,0,0
105,113,1,1,0,0.2,0,0.2,0.3,0,0.1,0.1,0,0.1,0
125,113,1,7,0,0.2,0,0.5,2.2,0,1.7,1.2,0.7,0.5,0
126,113,1,17,0,0.6,0,1.2,5.3,0,4.1,2.9,1.7,1.2,0
11,115,1,3,0.1,0.5,0.1,0.3,0.7,0.1,0.5,0.2,0.4,0,0.1
90,115,1,1,0,0,0.1,0.1,0.1,0,0.3,0.3,0,0.1,0
10,116,1,2,0.1,0.3,0.1,0.2,0.4,0.1,0.3,0.2,0.3,0,0
18,116,1,3,0.1,0.5,0.1,0.3,0.7,0.1,0.5,0.2,0.4,0,0.1
102,116,1,2,0.1,0.4,0.1,0.3,0.5,0,0.2,0.2,0.1,0.1,0
115,116,1,5,0.2,0.9,0.2,0.8,1.3,0,0.6,0.6,0.2,0.2,0
12,117,1,1,0,0.2,0.1,0.1,0.2,0,0.2,0.1,0.1,0,0
36,117,1,2,0,0.2,0.2,0.3,0.6,0,0.3,0.4,0,0,0
37,117,1,2,0,0.2,0.2,0.3,0.6,0,0.3,0.4,0,0,0
53,117,1,2,0.1,0.1,0,0.2,0.5,0.1,0.5,0.4,0,0.1,0
57,120,1,2,0.1,0.1,0.1,0.5,0.3,0,0.1,0.5,0.1,0.2,0
39,121,1,5,0,0.2,0.2,0.6,0.6,0,1.3,0.8,0.9,0.4,0
56,121,1,7,0.4,0.4,0.2,1.6,1.2,0,0.4,1.8,0.4,0.6,0
127,121,1,1,0,0.1,0.1,0,0.2,0,0.2,0.2,0,0.2,0
56,122,1,4,0.2,0.2,0.1,0.9,0.7,0,0.3,1,0.2,0.4,0
114,122,1,2,0,0.1,0.2,0.2,0.4,0,0.4,0.5,0,0.2,0
115,122,1,2,0,0.1,0.2,0.2,0.4,0,0.4,0.5,0,0.2,0
120,122,1,4,0.1,0.3,0.4,0.2,0.6,0,0.7,1,0,0.7,0
14,123,1,7,0,0.5,0.5,0.6,1.6,0,0.3,1.6,0.3,1.6,0
114,123,1,8,0,0.6,0.8,0.9,1.7,0,1.4,2,0,0.6,0
126,123,1,2,0.1,0.2,0.2,0.1,0.3,0,0.3,0.5,0,0.3,0
4,124,1,1,0,0,0.1,0.1,0,0,0.3,0.4,0,0.1,0
28,124,1,2,0,0.1,0.1,0.2,0.2,0,0.5,0.3,0.4,0.2,0
80,124,1,3,0,0.3,0.3,0,0.8,0,1,0.6,0,0,0
95,124,1,1,0,0.1,0,0.1,0.2,0,0.3,0.1,0.1,0.1,0
96,124,1,9,0.4,0.5,0.4,0.5,2,0,2.5,1.2,0.7,0.7,0.1
96,125,1,7,0.3,0.4,0.3,0.4,1.6,0,2,0.9,0.5,0.5,0.1
61,126,1,6,0.2,0.3,0.4,0.6,1.2,0,1,1.9,0.3,0,0.1
98,126,1,2,0.1,0.1,0.1,0.1,0.4,0,0.6,0.3,0.1,0.2,0
22,127,1,4,0,0.1,0.1,0.5,0.5,0,1.1,0.6,0.8,0.3,0
61,127,1,1,0,0,0.1,0.1,0.2,0,0.2,0.3,0.1,0,0
97,127,1,2,0.1,0.1,0.1,0.1,0.4,0,0.6,0.3,0.1,0.2,0
98,127,1,9,0.4,0.5,0.4,0.5,2,0,2.5,1.2,0.7,0.7,0.1
99,127,1,3,0.1,0.2,0.1,0.2,0.7,0,0.8,0.4,0.2,0.2,0.1
