x,y,imputed,ind,men,men_1ind,men_5ind,men_coll,men_fmp,men_mais,men_pauv,men_prop,men_surf
0,17,1,2.0,0.8,0.3,0.1,0.4,0.0,0.4,0.1,0.5,85.3
0,18,1,14.0,5.9,2.3,0.7,2.6,0.2,3.3,1.0,3.6,596.9
0,19,1,4.0,1.7,0.7,0.2,0.8,0.0,0.9,0.3,1.0,170.5
0,25,1,9.0,3.6,1.3,0.3,0.9,0.3,2.7,0.4,2.9,352.3
0,26,1,11.0,4.4,1.6,0.4,1.1,0.4,3.3,0.5,3.5,430.6
0,35,1,14.0,6.6,2.3,0.4,2.5,0.6,4.1,0.6,5.4,658.9
0,36,1,7.5,3.6,1.2,0.2,1.4,0.3,2.2,0.3,2.9,353.0
0,37,1,5.0,2.4,0.8,0.1,0.9,0.2,1.5,0.2,1.9,235.3
0,39,1,7.0,3.3,1.1,0.2,1.2,0.3,2.1,0.3,2.7,329.5
0,40,1,32.0,12.3,2.0,0.7,2.7,1.4,9.6,0.7,11.6,1450.9
0,41,1,15.0,5.7,1.0,0.3,1.3,0.6,4.4,0.3,5.4,680.1
0,46,1,1.0,0.4,0.1,0.1,0.1,0.1,0.3,0.2,0.3,43.6
0,49,1,1.0,0.4,0.1,0.1,0.1,0.1,0.3,0.2,0.3,43.6
0,55,1,7.0,2.9,0.8,0.2,1.1,0.2,1.8,0.3,2.0,289.1
0,56,0,84.5,28.0,2.0,1.0,13.0,5.0,15.0,6.0,15.0,2752.0
0,57,1,16.0,6.6,1.8,0.5,2.4,0.4,4.2,0.6,4.6,660.9
0,58,1,16.0,6.6,1.8,0.5,2.4,0.4,4.2,0.6,4.6,660.9
0,60,1,3.0,1.5,0.7,0.1,0.7,0.0,0.8,0.5,1.1,152.3
0,61,1,2.0,1.0,0.5,0.1,0.5,0.0,0.5,0.3,0.7,101.5
0,62,1,7.0,3.4,1.6,0.2,1.6,0.0,1.8,1.1,2.5,355.4
1,0,1,3.0,1.3,0.5,0.0,0.7,0.0,0.6,0.2,1.0,111.7
1,1,1,9.0,4.0,1.4,0.0,2.3,0.0,1.7,0.6,2.9,335.1
1,32,1,2.0,0.8,0.2,0.1,0.2,0.1,0.6,0.1,0.5,81.8
1,34,1,2.0,0.8,0.2,0.1,0.2,0.1,0.6,0.1,0.5,81.8
1,37,1,5.0,2.2,0.4,0.2,0.4,0.2,1.8,0.1,1.8,251.1
1,38,1,4.0,1.7,0.3,0.1,0.3,0.1,1.4,0.1,1.5,200.9
1,39,1,15.0,6.5,1.3,0.5,1.3,0.5,5.2,0.3,5.5,753.3
1,40,1,12.0,4.7,0.8,0.2,0.8,0.0,3.9,0.0,3.7,533.4
1,41,1,4.0,1.6,0.3,0.1,0.3,0.0,1.3,0.0,1.2,177.8
1,47,1,2.0,0.9,0.3,0.1,0.3,0.1,0.6,0.3,0.7,87.3
1,49,1,3.0,1.3,0.4,0.2,0.4,0.2,0.9,0.5,1.0,130.9
1,57,1,11.0,3.7,0.5,0.7,0.7,0.2,3.0,0.5,3.7,486.8
1,58,1,26.0,8.9,1.1,1.7,1.7,0.6,7.2,1.1,8.9,1150.6
1,62,1,18.0,7.2,2.6,0.7,2.6,0.0,4.6,2.0,4.6,579.3
1,64,1,6.5,2.6,0.9,0.2,0.9,0.0,1.7,0.7,1.7,209.2
1,65,1,5.0,2.4,0.9,0.1,1.3,0.1,1.1,0.4,1.2,192.0
2,0,1,10.5,4.7,1.7,0.0,2.7,0.0,2.0,0.7,3.3,391.0
2,1,1,3.0,1.3,0.5,0.0,0.7,0.0,0.6,0.2,1.0,111.7
2,31,1,15.5,6.1,1.7,1.0,1.5,1.0,4.6,0.6,3.8,633.6
2,32,0,20.0,11.0,4.0,0.0,3.0,0.0,8.0,0.0,8.0,1179.0
2,33,1,14.0,5.5,1.6,0.9,1.4,0.9,4.1,0.5,3.5,572.3
2,34,1,7.0,2.8,0.8,0.4,0.7,0.4,2.1,0.3,1.7,286.1
2,36,1,2.0,0.9,0.2,0.1,0.2,0.1,0.7,0.0,0.7,100.4
2,37,1,6.0,2.6,0.5,0.2,0.5,0.2,2.1,0.1,2.2,301.3
2,39,1,20.0,8.6,1.7,0.6,1.7,0.6,6.9,0.4,7.4,1004.4
2,40,1,9.0,3.5,0.6,0.1,0.6,0.0,2.9,0.0,2.8,400.0
2,42,0,33.5,12.0,2.0,1.0,5.0,3.0,7.0,1.0,11.0,1300.0
2,43,1,3.0,1.2,0.2,0.0,0.2,0.0,1.0,0.0,0.9,133.3
2,54,1,2.0,0.7,0.1,0.1,0.1,0.0,0.6,0.1,0.7,88.5
2,56,1,4.0,1.4,0.2,0.3,0.3,0.1,1.1,0.2,1.4,177.0
2,64,1,3.0,1.2,0.4,0.1,0.4,0.0,0.8,0.3,0.8,96.5
2,65,1,15.0,7.3,2.8,0.4,3.9,0.4,3.4,1.1,3.6,576.0
2,66,1,10.0,4.9,1.9,0.3,2.6,0.3,2.3,0.7,2.4,384.0
2,67,1,1.0,0.5,0.2,0.0,0.3,0.0,0.2,0.1,0.2,38.4
3,31,1,10.0,4.0,1.1,0.6,1.0,0.6,3.0,0.4,2.5,408.8
3,32,1,8.5,3.4,0.9,0.5,0.9,0.5,2.5,0.3,2.1,347.5
3,33,1,14.0,5.5,1.6,0.9,1.4,0.9,4.1,0.5,3.5,572.3
3,35,1,8.0,3.5,0.7,0.3,0.7,0.3,2.8,0.2,2.9,401.8
3,36,1,15.0,6.5,1.3,0.5,1.3,0.5,5.2,0.3,5.5,753.3
3,37,0,44.5,20.0,8.0,2.0,11.0,1.0,9.0,4.0,15.0,1895.0
3,39,1,8.0,3.5,0.7,0.3,0.7,0.3,2.8,0.2,2.9,401.8
3,40,1,8.0,3.1,0.5,0.1,0.5,0.0,2.6,0.0,2.5,355.6
3,41,1,21.0,8.2,1.4,0.3,1.4,0.0,6.8,0.0,6.5,933.4
3,42,1,10.0,3.9,0.7,0.1,0.7,0.0,3.2,0.0,3.1,444.5
3,43,1,6.0,2.4,0.4,0.1,0.4,0.0,2.0,0.0,1.9,266.7
3,45,1,17.5,7.6,2.5,1.3,2.5,1.3,5.1,3.0,5.9,763.7
3,46,1,1.0,0.4,0.1,0.1,0.1,0.1,0.3,0.2,0.3,43.6
3,47,1,5.0,2.2,0.7,0.4,0.7,0.4,1.5,0.8,1.7,218.2
3,57,1,2.0,0.7,0.1,0.1,0.1,0.0,0.6,0.1,0.7,88.5
3,59,1,2.0,0.7,0.1,0.1,0.1,0.0,0.6,0.1,0.7,88.5
4,27,1,1.0,0.4,0.1,0.0,0.1,0.0,0.3,0.0,0.3,39.1
4,34,1,8.0,3.2,0.9,0.5,0.8,0.5,2.4,0.3,2.0,327.0
4,35,1,6.0,2.6,0.5,0.2,0.5,0.2,2.1,0.1,2.2,301.3
4,36,1,2.0,0.9,0.2,0.1,0.2,0.1,0.7,0.0,0.7,100.4
4,37,1,4.0,1.7,0.3,0.1,0.3,0.1,1.4,0.1,1.5,200.9
4,41,1,1.0,0.4,0.1,0.0,0.1,0.0,0.3,0.0,0.3,44.4
4,45,1,2.0,0.9,0.3,0.1,0.3,0.1,0.6,0.3,0.7,87.3
4,46,1,5.0,2.2,0.7,0.4,0.7,0.4,1.5,0.8,1.7,218.2
4,47,1,2.0,0.9,0.3,0.1,0.3,0.1,0.6,0.3,0.7,87.3
4,65,1,2.0,1.0,0.4,0.1,0.5,0.1,0.5,0.1,0.5,76.8
4,66,1,2.0,1.0,0.4,0.1,0.5,0.1,0.5,0.1,0.5,76.8
4,67,1,17.0,8.3,3.2,0.5,4.4,0.5,3.9,1.2,4.1,652.8
5,27,1,9.0,3.6,1.3,0.3,0.9,0.3,2.7,0.4,2.9,352.3
5,46,1,2.0,0.9,0.3,0.1,0.3,0.1,0.6,0.3,0.7,87.3
5,66,1,2.0,1.0,0.4,0.1,0.5,0.1,0.5,0.1,0.5,76.8
5,67,1,12.0,5.8,2.2,0.3,3.1,0.3,2.7,0.9,2.9,460.8
5,68,1,4.0,1.9,0.7,0.1,1.0,0.1,0.9,0.3,1.0,153.6
6,2,1,20.0,8.9,2.3,0.0,4.0,1.0,4.9,2.0,7.9,860.3
6,3,1,14.0,6.2,1.6,0.0,2.8,0.7,3.4,1.4,5.5,602.2
6,27,1,6.0,2.7,0.4,0.0,1.3,0.8,1.4,0.6,2.5,369.3
6,30,1,4.0,1.8,0.3,0.0,0.9,0.5,0.9,0.4,1.7,246.2
6,47,1,1.0,0.4,0.1,0.0,0.1,0.1,0.3,0.1,0.4,37.6
6,50,1,5.0,2.3,0.6,0.0,0.9,0.5,1.4,0.8,1.2,209.9
6,52,1,1.0,0.5,0.1,0.0,0.2,0.1,0.3,0.2,0.2,42.0
6,67,1,10.0,4.6,1.7,0.0,1.9,0.0,2.7,0.7,3.4,439.8
7,0,1,2.0,0.9,0.2,0.0,0.4,0.1,0.5,0.2,0.8,86.0
7,2,0,23.0,13.0,7.0,1.0,9.0,0.0,4.0,3.0,8.0,1042.0
7,30,1,5.0,2.2,0.3,0.0,1.1,0.6,1.1,0.5,2.1,307.8
7,49,1,1.0,0.4,0.1,0.0,0.1,0.1,0.3,0.1,0.4,37.6
7,57,1,2.0,0.8,0.1,0.1,0.2,0.1,0.6,0.1,0.7,75.2
7,71,1,12.0,5.6,2.0,0.0,2.4,0.0,3.2,0.9,4.1,527.7
8,0,1,10.0,4.4,1.1,0.0,2.0,0.5,2.4,1.0,3.9,430.2
8,1,1,6.0,2.7,0.7,0.0,1.2,0.3,1.5,0.6,2.4,258.1
8,2,1,3.0,1.3,0.3,0.0,0.6,0.1,0.7,0.3,1.2,129.0
8,28,1,4.0,1.8,0.3,0.0,0.9,0.5,0.9,0.4,1.7,246.2
8,30,1,6.0,2.7,0.4,0.0,1.3,0.8,1.4,0.6,2.5,369.3
8,49,1,2.0,0.8,0.1,0.1,0.2,0.1,0.6,0.1,0.7,75.2
8,51,1,3.0,1.4,0.4,0.0,0.5,0.3,0.9,0.5,0.8,125.9
8,52,1,14.0,6.5,1.7,0.0,2.5,1.5,4.0,2.2,3.5,587.7
8,53,1,5.0,2.3,0.6,0.0,0.9,0.5,1.4,0.8,1.2,209.9
8,69,1,2.0,0.9,0.3,0.0,0.4,0.0,0.5,0.1,0.7,88.0
9,0,1,6.0,2.7,0.7,0.0,1.2,0.3,1.5,0.6,2.4,258.1
9,50,1,4.0,1.9,0.5,0.0,0.7,0.4,1.2,0.6,1.0,167.9
9,51,1,5.0,2.3,0.6,0.0,0.9,0.5,1.4,0.8,1.2,209.9
9,52,1,18.0,8.4,2.1,0.0,3.2,1.9,5.2,2.8,4.5,755.6
9,53,1,2.0,0.9,0.2,0.0,0.3,0.2,0.6,0.3,0.5,84.0
9,54,1,22.0,10.2,2.6,0.0,3.9,2.4,6.3,3.4,5.5,923.5
9,55,1,24.0,9.1,1.3,0.6,2.0,1.3,7.1,1.3,8.4,902.3
9,56,1,2.0,0.8,0.1,0.1,0.2,0.1,0.6,0.1,0.7,75.2
10,54,1,5.0,2.3,0.6,0.0,0.9,0.5,1.4,0.8,1.2,209.9
10,56,1,3.0,1.1,0.2,0.1,0.2,0.2,0.9,0.2,1.1,112.8
11,1,1,9.0,4.1,1.4,0.0,1.9,0.5,2.2,0.2,3.8,424.5
11,26,1,5.0,2.2,0.3,0.0,1.1,0.6,1.1,0.5,2.1,307.8
11,27,1,1.5,0.7,0.1,0.0,0.3,0.2,0.4,0.1,0.6,92.3
11,54,1,2.0,0.8,0.1,0.1,0.2,0.1,0.6,0.1,0.7,75.2
12,0,1,2.0,0.9,0.3,0.0,0.4,0.1,0.5,0.0,0.8,94.3
12,2,1,5.5,2.5,0.8,0.0,1.1,0.3,1.4,0.1,2.3,259.4
12,69,1,7.0,3.2,1.2,0.0,1.3,0.0,1.9,0.5,2.4,307.8
13,2,1,8.0,3.7,1.2,0.0,1.7,0.5,2.0,0.2,3.4,377.3
13,3,1,3.0,1.4,0.5,0.0,0.6,0.2,0.8,0.1,1.3,141.5
13,68,1,4.0,1.9,0.7,0.0,0.8,0.0,1.1,0.3,1.4,175.9
13,69,1,2.0,0.9,0.3,0.0,0.4,0.0,0.5,0.1,0.7,88.0
13,123,1,3.0,1.3,0.4,0.1,0.2,0.1,1.1,0.2,1.0,149.2
13,125,1,2.0,0.9,0.3,0.1,0.2,0.1,0.7,0.1,0.7,99.5
14,1,1,22.0,10.1,3.4,0.0,4.6,1.3,5.5,0.4,9.2,1037.6
14,69,1,4.0,1.9,0.7,0.0,0.8,0.0,1.1,0.3,1.4,175.9
15,1,1,3.0,1.4,0.5,0.0,0.6,0.2,0.8,0.1,1.3,141.5
15,121,1,4.0,1.8,0.6,0.1,0.3,0.1,1.5,0.3,1.3,199.0
15,126,1,1.0,0.4,0.1,0.0,0.1,0.0,0.3,0.1,0.3,49.7
16,3,1,6.0,3.1,1.2,0.0,1.0,0.3,2.1,0.7,2.7,336.0
16,125,1,12.0,5.9,2.7,0.2,2.5,0.0,3.4,1.3,5.0,556.0
16,126,0,20.0,12.0,6.0,0.0,2.0,0.0,10.0,3.0,9.0,1052.0
17,3,1,5.0,2.6,1.0,0.0,0.8,0.2,1.8,0.6,2.2,280.0
17,71,1,17.0,7.8,3.1,0.0,3.1,1.0,4.7,2.6,3.7,742.8
17,78,1,2.0,0.9,0.1,0.0,0.1,0.1,0.8,0.1,0.7,100.2
17,79,1,7.0,3.2,0.5,0.1,0.5,0.2,2.7,0.4,2.6,350.7
17,124,1,3.0,1.3,0.3,0.0,0.4,0.0,0.9,0.2,1.1,104.8
17,126,1,3.0,1.5,0.7,0.0,0.6,0.0,0.9,0.3,1.2,139.0
18,71,1,1.0,0.5,0.2,0.0,0.2,0.1,0.3,0.2,0.2,43.7
18,79,1,16.0,7.3,1.1,0.3,1.1,0.6,6.2,0.8,5.9,801.7
18,83,1,8.0,3.5,1.2,0.2,1.2,0.2,2.3,1.0,2.8,374.8
18,118,1,4.5,2.2,0.8,0.1,0.1,0.0,2.1,0.5,1.6,222.3
18,123,1,7.0,3.0,0.8,0.1,0.9,0.1,2.1,0.4,2.6,244.4
18,125,1,1.0,0.5,0.2,0.0,0.2,0.0,0.3,0.1,0.4,46.3
18,126,1,11.0,5.4,2.4,0.2,2.3,0.0,3.1,1.2,4.5,509.7
19,64,1,15.0,6.6,2.5,0.6,1.9,0.6,4.7,0.9,5.3,591.6
19,65,1,13.5,6.7,2.5,0.0,1.4,0.8,5.3,0.3,5.6,739.6
19,66,1,6.0,3.0,1.1,0.0,0.6,0.4,2.4,0.1,2.5,328.7
19,109,1,5.0,1.9,0.3,0.0,0.0,0.3,1.9,0.0,1.8,218.4
19,110,1,9.0,5.2,2.8,0.3,1.0,0.0,4.2,0.7,4.8,483.6
19,112,1,2.0,1.2,0.6,0.1,0.3,0.0,0.9,0.2,1.1,107.5
19,120,1,10.0,4.2,1.1,0.1,1.2,0.1,3.0,0.5,3.7,349.2
19,121,1,8.0,3.4,0.9,0.1,1.0,0.1,2.4,0.4,3.0,279.3
19,122,1,15.0,6.4,1.6,0.2,1.9,0.2,4.5,0.8,5.5,523.8
19,125,1,11.0,5.4,2.4,0.2,2.3,0.0,3.1,1.2,4.5,509.7
19,126,0,26.0,11.0,5.0,0.0,6.0,0.0,5.0,2.0,8.0,966.0
19,127,1,2.0,1.0,0.4,0.0,0.4,0.0,0.6,0.2,0.8,92.7
20,65,1,10.0,4.9,1.9,0.0,1.0,0.6,3.9,0.2,4.1,547.8
20,66,1,19.0,9.4,3.5,0.0,2.0,1.2,7.4,0.4,7.8,1040.9
20,73,1,4.5,2.1,0.8,0.0,0.8,0.3,1.3,0.7,1.0,196.6
20,74,1,3.0,1.4,0.6,0.0,0.6,0.2,0.8,0.5,0.6,131.1
20,75,1,10.0,4.6,0.7,0.2,0.7,0.4,3.9,0.5,3.7,501.1
20,76,1,22.0,10.0,1.5,0.4,1.5,0.8,8.5,1.2,8.1,1102.3
20,116,1,2.0,1.0,0.3,0.1,0.1,0.0,0.9,0.2,0.7,98.8
20,117,1,22.0,10.5,3.7,0.6,0.6,0.0,9.9,2.5,8.1,1087.0
20,118,1,5.0,2.4,0.8,0.1,0.1,0.0,2.3,0.6,1.8,247.0
20,119,1,2.0,1.0,0.3,0.1,0.1,0.0,0.9,0.2,0.7,98.8
20,120,1,22.0,9.3,2.4,0.3,2.7,0.3,6.6,1.2,8.1,768.2
20,121,1,1.0,0.4,0.1,0.0,0.1,0.0,0.3,0.1,0.4,34.9
20,126,1,18.0,8.9,4.0,0.3,3.7,0.0,5.2,2.0,7.4,834.0
20,127,1,4.0,2.0,0.9,0.1,0.8,0.0,1.2,0.4,1.7,185.3
21,66,1,2.0,0.9,0.3,0.1,0.3,0.1,0.6,0.1,0.7,78.9
21,68,1,5.0,2.2,0.8,0.2,0.6,0.2,1.6,0.3,1.8,197.2
21,69,1,1.0,0.4,0.2,0.0,0.1,0.0,0.3,0.1,0.4,39.4
21,74,1,4.0,1.8,0.7,0.0,0.7,0.2,1.1,0.6,0.9,174.8
21,75,1,9.0,5.1,2.6,0.0,2.5,0.4,2.6,0.9,2.1,405.9
21,76,0,83.5,42.0,19.0,1.0,17.0,5.0,25.0,4.0,34.0,3854.0
21,77,0,24.5,12.0,5.0,0.0,4.0,2.0,8.0,0.0,6.0,1036.0
21,83,1,4.0,1.8,0.5,0.1,0.4,0.2,1.4,0.3,1.7,190.8
21,116,1,1.0,0.6,0.3,0.0,0.1,0.0,0.5,0.1,0.5,53.7
21,117,1,14.0,8.1,4.3,0.5,1.6,0.0,6.5,1.1,7.5,752.2
22,68,1,9.0,3.9,1.5,0.4,1.1,0.4,2.8,0.6,3.2,354.9
22,69,1,5.0,2.2,0.8,0.2,0.6,0.2,1.6,0.3,1.8,197.2
22,76,1,7.0,4.0,2.0,0.0,2.0,0.3,2.0,0.7,1.7,315.7
22,77,1,3.0,1.7,0.9,0.0,0.8,0.1,0.9,0.3,0.7,135.3
22,84,1,10.0,4.5,1.2,0.2,0.9,0.5,3.6,0.7,4.3,477.0
23,74,1,3.0,1.4,0.6,0.0,0.6,0.2,0.8,0.5,0.6,131.1
23,125,1,7.0,3.0,0.8,0.1,0.9,0.1,2.1,0.4,2.6,244.4
24,76,1,2.0,1.1,0.6,0.0,0.5,0.1,0.6,0.2,0.5,90.2
24,82,1,4.0,1.8,0.5,0.1,0.4,0.2,1.4,0.3,1.7,190.8
24,83,1,18.0,8.0,2.2,0.3,1.6,1.0,6.4,1.3,7.7,858.5
24,84,1,5.0,2.2,0.6,0.1,0.4,0.3,1.8,0.4,2.1,238.5
24,87,1,3.0,1.3,0.5,0.1,0.5,0.1,0.8,0.4,1.0,140.5
24,88,1,2.0,0.9,0.3,0.1,0.3,0.1,0.6,0.2,0.7,93.7
25,83,1,5.0,2.2,0.6,0.1,0.4,0.3,1.8,0.4,2.1,238.5
25,84,1,10.0,4.5,1.2,0.2,0.9,0.5,3.6,0.7,4.3,477.0
25,85,1,11.0,4.8,1.7,0.3,1.7,0.3,3.1,1.4,3.8,515.3
25,108,1,2.0,0.8,0.1,0.0,0.0,0.1,0.8,0.0,0.7,87.4
26,21,1,13.0,7.3,3.7,0.0,4.3,0.3,3.0,1.7,5.7,578.7
26,83,1,4.0,2.1,0.8,0.0,0.5,0.0,1.6,0.2,1.9,199.2
26,84,1,21.0,10.9,4.2,0.0,2.5,0.0,8.4,0.8,10.1,1045.8
26,85,1,14.0,6.2,2.2,0.4,1.3,0.4,4.9,1.3,4.4,583.6
26,86,1,12.0,5.3,1.9,0.4,1.1,0.4,4.2,1.1,3.8,500.2
26,87,1,2.0,0.9,0.3,0.1,0.2,0.1,0.7,0.2,0.6,83.4
26,108,1,14.0,5.9,2.0,0.0,3.6,0.3,2.3,0.0,5.2,625.1
27,85,1,21.0,9.3,3.3,0.7,2.0,0.7,7.3,2.0,6.7,875.3
27,87,1,2.0,0.9,0.3,0.1,0.2,0.1,0.7,0.2,0.6,83.4
27,106,1,10.0,4.2,1.4,0.0,2.6,0.2,1.6,0.0,3.7,446.5
27,107,1,10.0,4.2,1.4,0.0,2.6,0.2,1.6,0.0,3.7,446.5
27,108,0,34.0,16.0,7.0,1.0,7.0,3.0,9.0,4.0,10.0,1244.0
27,109,1,5.0,2.1,0.7,0.0,1.3,0.1,0.8,0.0,1.9,223.3
28,85,1,6.0,2.7,1.0,0.2,0.6,0.2,2.1,0.6,1.9,250.1
28,88,1,6.0,2.7,1.0,0.2,0.6,0.2,2.1,0.6,1.9,250.1
28,108,1,4.0,1.7,0.6,0.0,1.0,0.1,0.7,0.0,1.5,178.6
28,117,1,10.0,4.2,1.4,0.3,0.6,0.6,3.6,0.3,3.7,342.0
29,18,1,1.0,0.5,0.2,0.0,0.1,0.0,0.4,0.1,0.4,56.0
29,100,1,6.0,2.6,1.0,0.0,0.3,0.1,2.3,0.2,2.4,245.8
29,102,1,1.0,0.4,0.2,0.0,0.0,0.0,0.4,0.0,0.4,41.0
29,103,1,8.0,3.5,1.4,0.0,0.5,0.2,3.0,0.3,3.2,327.7
29,115,1,1.0,0.4,0.1,0.0,0.0,0.1,0.4,0.0,0.4,34.2
29,116,1,11.0,4.6,1.5,0.3,0.6,0.6,4.0,0.3,4.0,376.2
29,117,1,13.5,5.7,1.9,0.4,0.8,0.8,4.9,0.4,4.9,461.7
30,18,1,1.0,0.5,0.2,0.0,0.1,0.0,0.4,0.1,0.4,56.0
30,19,1,14.0,7.2,2.8,0.0,2.2,0.6,5.0,1.6,6.2,784.0
30,20,1,11.0,6.2,3.1,0.0,3.7,0.3,2.5,1.4,4.8,489.6
30,98,1,4.0,1.8,0.6,0.1,0.6,0.1,1.2,0.5,1.4,187.4
30,100,1,12.0,5.2,2.0,0.0,0.7,0.2,4.5,0.5,4.8,491.5
30,101,1,1.0,0.4,0.2,0.0,0.0,0.0,0.4,0.0,0.4,41.0
30,102,1,3.0,1.3,0.5,0.0,0.2,0.1,1.1,0.1,1.2,122.9
30,110,1,2.0,0.8,0.1,0.0,0.0,0.1,0.8,0.0,0.7,87.4
30,111,1,6.0,2.3,0.4,0.0,0.0,0.4,2.3,0.0,2.1,262.1
31,19,1,12.0,6.1,2.4,0.0,1.9,0.5,4.2,1.3,5.3,672.0
31,20,1,13.0,7.3,3.7,0.0,4.3,0.3,3.0,1.7,5.7,578.7
31,88,1,4.0,2.0,0.5,0.0,0.3,0.5,1.7,0.3,1.5,246.2
31,89,1,6.0,3.0,0.8,0.0,0.5,0.8,2.5,0.5,2.2,369.2
31,97,1,4.0,1.8,0.6,0.1,0.6,0.1,1.2,0.5,1.4,187.4
32,78,1,11.0,4.8,1.8,0.5,1.4,0.5,3.4,0.7,3.9,433.8
32,82,1,5.0,2.0,0.5,0.0,1.5,0.3,0.5,0.1,1.3,153.8
32,83,1,6.0,2.4,0.6,0.0,1.8,0.3,0.6,0.1,1.6,184.5
32,89,1,9.0,4.5,1.1,0.0,0.7,1.1,3.8,0.8,3.4,553.9
32,104,1,17.0,7.4,2.9,0.0,1.0,0.3,6.4,0.6,6.7,696.4
32,105,1,10.0,4.9,1.7,0.0,1.4,1.1,3.5,0.9,3.1,384.9
33,82,1,1.0,0.4,0.1,0.0,0.3,0.1,0.1,0.0,0.3,30.8
33,108,1,7.0,3.4,1.2,0.0,1.0,0.8,2.4,0.6,2.2,269.4
33,109,0,30.0,12.0,3.0,0.0,0.0,1.0,12.0,0.0,10.0,1404.0
33,110,1,15.0,5.8,1.0,0.0,0.0,1.0,5.8,0.0,5.3,655.2
33,111,1,1.0,0.4,0.1,0.0,0.0,0.1,0.4,0.0,0.4,43.7
34,19,1,2.0,1.0,0.4,0.0,0.3,0.1,0.7,0.2,0.9,112.0
34,82,1,15.0,6.1,1.4,0.0,4.6,0.9,1.5,0.3,4.0,461.2
34,106,1,6.0,2.9,1.0,0.0,0.9,0.7,2.0,0.5,1.9,230.9
34,107,0,63.0,33.0,16.0,1.0,23.0,2.0,10.0,4.0,10.0,2397.0
34,108,0,88.5,36.0,11.0,3.0,19.0,5.0,17.0,7.0,23.0,3141.0
34,109,1,6.0,2.9,1.0,0.0,0.9,0.7,2.0,0.5,1.9,230.9
35,19,1,4.0,2.0,0.8,0.0,0.6,0.2,1.4,0.4,1.8,224.0
35,20,1,2.0,1.1,0.6,0.0,0.7,0.1,0.4,0.3,0.9,89.0
35,82,1,25.0,10.1,2.4,0.0,7.7,1.4,2.4,0.5,6.7,768.8
35,85,1,4.0,2.0,0.5,0.0,0.3,0.5,1.7,0.3,1.5,246.2
35,88,1,1.0,0.5,0.1,0.0,0.1,0.1,0.4,0.1,0.4,61.5
35,104,1,5.0,2.2,0.8,0.0,0.3,0.1,1.9,0.2,2.0,204.8
35,105,0,35.0,14.0,2.0,1.0,6.0,1.0,8.0,0.0,9.0,1463.0
35,106,0,24.5,11.0,4.0,0.0,0.0,0.0,11.0,0.0,9.0,1229.0
35,107,0,30.0,14.0,3.0,0.0,1.0,1.0,13.0,0.0,13.0,1568.0
35,108,1,6.0,2.9,1.0,0.0,0.9,0.7,2.0,0.5,1.9,230.9
36,19,1,30.0,11.2,1.5,0.8,5.2,0.8,6.0,1.5,9.8,870.8
36,20,1,2.0,0.8,0.1,0.0,0.4,0.0,0.4,0.1,0.7,58.1
36,79,1,2.0,0.9,0.2,0.0,0.2,0.1,0.7,0.1,0.8,103.9
36,80,1,9.0,3.9,0.8,0.1,1.7,0.8,2.2,0.3,2.7,365.7
36,81,1,10.0,4.3,0.9,0.1,1.9,0.9,2.4,0.4,3.0,406.3
36,82,1,10.0,4.3,0.9,0.1,1.9,0.9,2.4,0.4,3.0,406.3
36,84,1,4.0,1.7,0.4,0.0,0.8,0.3,0.9,0.2,1.2,162.5
36,87,1,13.0,5.4,1.6,0.2,2.3,1.0,3.1,0.7,3.2,515.3
36,88,1,9.0,3.7,1.1,0.1,1.6,0.7,2.1,0.4,2.2,356.7
36,94,1,3.0,1.4,0.4,0.1,0.5,0.2,0.9,0.1,0.9,149.3
36,104,1,9.0,4.0,1.1,0.2,0.8,0.6,3.2,1.1,3.4,440.6
36,105,1,6.0,2.6,0.4,0.0,0.7,0.2,1.9,0.0,2.4,258.6
36,106,0,35.0,18.0,8.0,0.0,6.0,0.0,12.0,0.0,13.0,1770.0
37,19,1,8.0,3.0,0.4,0.2,1.4,0.2,1.6,0.4,2.6,232.2
37,75,1,7.0,3.2,0.8,0.1,0.7,0.3,2.5,0.3,2.9,363.6
37,76,1,7.0,3.2,0.8,0.1,0.7,0.3,2.5,0.3,2.9,363.6
37,81,1,20.0,8.7,1.9,0.2,3.9,1.7,4.8,0.8,6.0,812.6
37,82,0,20.0,11.0,6.0,1.0,6.0,2.0,5.0,1.0,8.0,1147.0
37,83,1,11.0,4.8,1.0,0.1,2.1,0.9,2.7,0.4,3.3,446.9
37,84,1,1.0,0.4,0.1,0.0,0.2,0.1,0.2,0.0,0.3,40.6
37,86,1,1.0,0.4,0.1,0.0,0.2,0.1,0.2,0.0,0.2,39.6
37,87,1,7.0,2.9,0.9,0.1,1.2,0.5,1.7,0.3,1.8,277.5
37,88,0,18.0,11.0,6.0,0.0,3.0,1.0,8.0,1.0,5.0,891.0
37,89,1,7.0,2.9,0.9,0.1,1.2,0.5,1.7,0.3,1.8,277.5
37,90,0,45.5,16.0,2.0,0.0,11.0,2.0,5.0,0.0,8.0,1507.0
37,91,1,10.0,4.6,1.5,0.2,1.7,0.6,2.9,0.2,3.1,497.8
37,92,1,5.0,2.3,0.7,0.1,0.8,0.3,1.5,0.1,1.6,248.9
37,94,1,3.0,1.4,0.4,0.1,0.5,0.2,0.9,0.1,0.9,149.3
37,95,1,8.0,3.6,1.3,0.3,0.9,0.1,2.7,0.1,1.9,372.7
37,105,1,3.0,1.3,0.2,0.0,0.3,0.1,1.0,0.0,1.2,129.3
37,113,1,5.0,2.2,0.6,0.1,0.4,0.3,1.8,0.6,1.9,244.8
38,75,1,11.0,5.0,1.3,0.2,1.2,0.5,3.8,0.5,4.6,571.4
38,76,1,2.0,0.9,0.2,0.0,0.2,0.1,0.7,0.1,0.8,103.9
38,82,1,11.5,5.0,1.1,0.1,2.2,1.0,2.8,0.4,3.5,467.2
38,83,1,9.0,3.9,0.8,0.1,1.7,0.8,2.2,0.3,2.7,365.7
38,84,1,4.0,1.7,0.4,0.0,0.8,0.3,0.9,0.2,1.2,162.5
38,85,1,12.0,5.0,1.5,0.1,2.1,0.9,2.9,0.6,3.0,475.6
38,86,1,8.0,3.3,1.0,0.1,1.4,0.6,1.9,0.4,2.0,317.1
38,87,1,2.5,1.0,0.3,0.0,0.4,0.2,0.6,0.1,0.6,99.1
38,88,1,12.5,5.2,1.6,0.2,2.2,0.9,3.0,0.6,3.1,495.5
38,89,1,8.0,3.3,1.0,0.1,1.4,0.6,1.9,0.4,2.0,317.1
38,90,1,4.0,1.9,0.6,0.1,0.7,0.2,1.2,0.1,1.3,199.1
38,91,0,38.0,18.0,7.0,2.0,6.0,2.0,12.0,1.0,15.0,1772.0
38,92,0,38.0,16.0,4.0,0.0,4.0,1.0,12.0,3.0,12.0,1941.0
38,93,1,8.0,3.7,1.2,0.1,1.3,0.4,2.4,0.1,2.5,398.2
38,95,1,15.0,6.7,2.5,0.6,1.7,0.3,5.0,0.3,3.6,698.9
38,96,1,3.0,1.3,0.5,0.1,0.3,0.1,1.0,0.1,0.7,139.8
38,104,1,2.0,0.9,0.3,0.0,0.2,0.1,0.7,0.3,0.8,97.9
38,105,1,19.0,8.1,1.4,0.0,2.0,0.7,6.1,0.0,7.5,819.0
38,112,1,7.0,3.1,0.9,0.1,0.6,0.4,2.5,0.9,2.7,342.7
38,113,1,1.0,0.4,0.1,0.0,0.1,0.1,0.3,0.1,0.4,49.0
39,74,1,1.0,0.5,0.2,0.0,0.3,0.0,0.2,0.1,0.3,33.8
39,75,1,8.0,3.7,0.9,0.2,0.9,0.3,2.8,0.3,3.3,415.6
39,76,1,15.0,6.9,1.8,0.3,1.6,0.6,5.3,0.6,6.2,779.2
39,78,1,16.0,7.3,1.9,0.3,1.7,0.7,5.6,0.7,6.6,831.1
39,81,1,4.0,1.7,0.4,0.0,0.8,0.3,0.9,0.2,1.2,162.5
39,82,1,24.0,10.4,2.2,0.2,4.6,2.0,5.8,0.9,7.3,975.1
39,84,1,8.5,3.7,0.8,0.1,1.7,0.7,2.0,0.3,2.6,345.3
39,91,0,40.0,19.0,4.0,0.0,9.0,0.0,10.0,0.0,16.0,2144.0
39,92,0,54.0,33.0,16.0,0.0,19.0,2.0,14.0,3.0,25.0,2633.0
39,93,1,12.0,5.6,1.8,0.2,2.0,0.7,3.6,0.2,3.8,597.3
39,95,0,31.0,12.0,1.0,0.0,4.0,1.0,8.0,0.0,7.0,1452.0
39,96,1,17.0,7.6,2.8,0.6,1.9,0.3,5.7,0.3,4.1,792.1
39,98,1,5.0,2.2,0.8,0.2,0.5,0.1,1.7,0.1,1.2,233.0
39,103,1,3.0,1.3,0.4,0.1,0.2,0.2,1.1,0.4,1.1,146.9
39,104,1,8.0,3.6,1.0,0.2,0.7,0.5,2.9,1.0,3.1,391.7
39,111,1,8.0,3.6,1.0,0.2,0.7,0.5,2.9,1.0,3.1,391.7
40,74,1,6.0,3.0,1.5,0.0,1.9,0.1,1.1,0.5,1.7,202.8
40,75,1,9.0,4.1,1.1,0.2,0.9,0.4,3.2,0.4,3.7,467.5
40,76,1,8.0,3.7,0.9,0.2,0.9,0.3,2.8,0.3,3.3,415.6
40,77,1,8.0,3.7,0.9,0.2,0.9,0.3,2.8,0.3,3.3,415.6
40,78,0,25.0,11.0,3.0,1.0,5.0,1.0,6.0,0.0,8.0,1320.0
40,79,1,1.0,0.5,0.1,0.0,0.1,0.0,0.4,0.0,0.4,51.9
40,80,1,1.0,0.4,0.1,0.0,0.2,0.1,0.2,0.0,0.3,40.6
40,81,1,1.0,0.4,0.1,0.0,0.2,0.1,0.2,0.0,0.3,40.6
40,84,1,1.0,0.4,0.1,0.0,0.2,0.1,0.2,0.0,0.3,40.6
40,86,0,20.5,11.0,5.0,0.0,10.0,3.0,1.0,0.0,1.0,697.0
40,87,0,89.5,44.0,18.0,0.0,26.0,9.0,18.0,8.0,22.0,4029.0
40,91,1,9.0,4.2,1.3,0.2,1.5,0.5,2.7,0.2,2.8,448.0
40,92,0,44.0,17.0,3.0,0.0,3.0,0.0,14.0,0.0,15.0,1847.0
40,93,0,28.5,12.0,4.0,0.0,0.0,1.0,12.0,2.0,12.0,1365.0
40,94,0,27.5,13.0,6.0,1.0,4.0,1.0,9.0,0.0,6.0,1270.0
40,95,1,4.0,1.8,0.7,0.1,0.5,0.1,1.3,0.1,1.0,186.4
40,98,1,2.0,0.9,0.3,0.1,0.2,0.0,0.7,0.0,0.5,93.2
40,101,1,2.0,0.9,0.3,0.0,0.2,0.1,0.7,0.3,0.8,97.9
40,104,1,2.0,0.9,0.3,0.0,0.2,0.1,0.7,0.3,0.8,97.9
41,60,1,8.0,4.5,1.9,0.0,3.7,0.3,0.8,0.0,2.9,177.9
41,61,1,1.0,0.6,0.2,0.0,0.5,0.0,0.1,0.0,0.4,22.2
41,74,1,2.0,1.0,0.5,0.0,0.6,0.0,0.4,0.2,0.6,67.6
41,76,1,16.0,8.3,2.7,0.0,3.9,0.7,4.4,1.2,5.5,853.9
41,77,1,3.0,1.6,0.5,0.0,0.8,0.1,0.8,0.2,1.0,160.1
41,78,1,14.0,7.3,2.4,0.0,3.4,0.6,3.9,1.0,4.8,747.1
41,79,1,3.0,1.6,0.5,0.0,0.8,0.1,0.8,0.2,1.0,160.1
41,80,1,5.0,2.3,0.7,0.0,0.8,0.5,1.5,0.4,1.5,239.6
41,82,1,2.5,1.2,0.3,0.0,0.4,0.3,0.8,0.2,0.8,119.8
41,86,1,4.0,2.3,1.1,0.0,2.0,0.3,0.3,0.2,0.3,176.5
41,87,1,22.5,12.7,5.9,0.0,11.0,1.7,1.7,0.8,1.7,992.5
41,92,1,15.0,6.1,1.2,0.3,2.0,0.3,4.1,1.0,4.9,615.5
41,93,0,38.0,16.0,7.0,2.0,5.0,2.0,11.0,3.0,11.0,2043.0
41,94,1,20.0,8.1,1.6,0.4,2.7,0.4,5.4,1.3,6.5,820.7
41,95,0,28.0,13.0,4.0,0.0,6.0,0.0,7.0,2.0,7.0,1255.0
41,96,1,5.5,2.2,0.5,0.0,0.6,0.4,1.6,0.2,1.8,219.6
41,97,1,3.0,1.2,0.3,0.0,0.3,0.2,0.9,0.1,1.0,119.8
41,98,1,16.0,6.5,1.4,0.0,1.7,1.0,4.8,0.7,5.2,639.0
41,99,1,13.0,5.3,1.1,0.0,1.4,0.8,3.9,0.6,4.2,519.2
42,60,1,3.0,1.7,0.7,0.0,1.4,0.1,0.3,0.0,1.1,66.7
42,72,0,28.0,11.0,0.0,0.0,7.0,1.0,4.0,0.0,7.0,951.0
42,73,1,10.0,5.0,2.5,0.0,3.2,0.1,1.8,0.9,2.8,338.0
42,74,1,20.0,9.9,5.0,0.0,6.4,0.3,3.5,1.8,5.5,675.9
42,75,1,1.0,0.5,0.2,0.0,0.2,0.0,0.3,0.1,0.3,53.4
42,76,1,10.0,5.2,1.7,0.0,2.4,0.4,2.8,0.7,3.4,533.7
42,77,1,6.0,3.1,1.0,0.0,1.5,0.2,1.6,0.4,2.0,320.2
42,80,1,4.0,1.8,0.5,0.0,0.6,0.4,1.2,0.4,1.2,191.6
42,81,1,4.0,1.8,0.5,0.0,0.6,0.4,1.2,0.4,1.2,191.6
42,98,1,4.0,1.6,0.3,0.0,0.4,0.3,1.2,0.2,1.3,159.7
42,99,1,5.0,2.0,0.4,0.0,0.5,0.3,1.5,0.2,1.6,199.7
43,60,0,31.0,16.0,9.0,0.0,16.0,2.0,0.0,3.0,12.0,638.0
43,61,0,25.0,15.0,8.0,0.0,14.0,2.0,1.0,1.0,10.0,534.0
43,71,1,13.0,6.5,3.2,0.0,4.2,0.2,2.3,1.1,3.6,439.3
43,72,1,16.5,8.2,4.1,0.0,5.3,0.2,2.9,1.4,4.6,557.6
43,75,1,1.0,0.5,0.2,0.0,0.2,0.0,0.3,0.1,0.3,53.4
43,76,1,7.0,3.6,1.2,0.0,1.7,0.3,1.9,0.5,2.4,373.6
43,77,1,8.0,4.2,1.4,0.0,2.0,0.3,2.2,0.6,2.7,426.9
43,93,1,3.0,1.2,0.2,0.1,0.4,0.1,0.8,0.2,1.0,123.1
44,60,1,6.0,3.4,1.4,0.0,2.8,0.2,0.6,0.0,2.2,133.4
44,61,1,4.0,2.3,0.9,0.0,1.9,0.1,0.4,0.0,1.5,88.9
44,62,1,1.0,0.6,0.2,0.0,0.5,0.0,0.1,0.0,0.4,22.2
44,75,1,4.0,2.1,0.7,0.0,1.0,0.2,1.1,0.3,1.4,213.5
44,76,1,9.0,4.7,1.5,0.0,2.2,0.4,2.5,0.7,3.1,480.3
44,77,1,20.0,10.4,3.4,0.0,4.9,0.8,5.5,1.5,6.8,1067.3
44,90,0,31.0,19.0,12.0,0.0,11.0,1.0,8.0,5.0,9.0,1542.0
44,91,1,14.0,5.7,1.1,0.3,1.9,0.3,3.8,0.9,4.6,574.5
44,92,1,13.0,5.3,1.0,0.3,1.8,0.3,3.5,0.9,4.2,533.4
45,60,1,6.0,3.4,1.4,0.0,2.8,0.2,0.6,0.0,2.2,133.4
45,61,1,1.0,0.6,0.2,0.0,0.5,0.0,0.1,0.0,0.4,22.2
45,75,0,23.0,13.0,6.0,0.0,9.0,2.0,4.0,3.0,8.0,1048.0
45,76,1,21.0,10.9,3.6,0.0,5.1,0.9,5.8,1.5,7.2,1120.7
45,81,0,21.5,12.0,4.0,0.0,7.0,3.0,5.0,1.0,8.0,1077.0
45,82,1,28.0,12.9,3.7,0.0,4.3,3.1,8.6,2.5,8.6,1341.5
45,83,1,2.0,0.9,0.3,0.0,0.3,0.2,0.6,0.2,0.6,95.8
45,90,1,2.0,0.8,0.2,0.0,0.3,0.0,0.5,0.1,0.7,82.1
45,91,1,5.0,2.0,0.4,0.1,0.7,0.1,1.3,0.3,1.6,205.2
45,92,1,17.0,6.9,1.3,0.4,2.3,0.4,4.6,1.1,5.5,697.6
46,72,1,2.0,1.0,0.4,0.1,0.4,0.1,0.6,0.1,0.9,89.9
46,74,0,23.0,11.0,6.0,1.0,6.0,1.0,5.0,1.0,10.0,1248.0
46,75,0,33.0,15.0,6.0,1.0,9.0,1.0,6.0,4.0,10.0,1470.0
46,76,1,29.0,13.9,3.2,0.0,0.6,1.9,13.3,2.5,12.0,1740.0
46,77,1,7.0,3.3,0.8,0.0,0.1,0.5,3.2,0.6,2.9,420.0
46,81,0,42.0,21.0,7.0,0.0,11.0,2.0,10.0,4.0,13.0,1785.0
46,82,0,42.5,20.0,8.0,0.0,13.0,3.0,7.0,1.0,9.0,1566.0
46,84,1,5.0,2.0,0.5,0.2,0.8,0.1,1.2,0.6,1.5,205.8
46,85,1,2.0,0.9,0.2,0.0,0.3,0.1,0.6,0.1,0.8,94.1
46,91,1,2.0,0.9,0.3,0.0,0.2,0.0,0.7,0.1,0.7,82.9
46,93,1,3.0,1.4,0.5,0.0,0.3,0.1,1.1,0.1,1.1,124.3
46,94,1,6.0,2.7,1.0,0.0,0.5,0.1,2.2,0.2,2.2,248.6
47,71,1,2.0,1.0,0.4,0.1,0.4,0.1,0.6,0.1,0.9,89.9
47,72,1,12.0,6.3,2.6,0.5,2.6,0.5,3.7,0.5,5.2,539.5
47,80,1,17.0,6.7,1.7,0.7,2.7,0.3,4.0,2.0,5.0,699.7
47,81,0,67.0,35.0,15.0,0.0,20.0,5.0,15.0,4.0,26.0,2527.0
47,82,0,47.0,21.0,8.0,1.0,9.0,0.0,12.0,5.0,15.0,2523.0
47,83,1,27.0,10.6,2.6,1.1,4.2,0.5,6.4,3.2,7.9,1111.2
47,91,0,38.0,15.0,2.0,2.0,0.0,1.0,15.0,1.0,14.0,1877.0
47,93,1,3.0,1.4,0.5,0.0,0.3,0.1,1.1,0.1,1.1,124.3
47,94,1,9.0,4.1,1.5,0.0,0.8,0.2,3.3,0.3,3.3,372.9
48,75,1,2.0,1.0,0.2,0.0,0.1,0.1,0.9,0.2,0.8,120.0
48,79,1,2.0,1.0,0.2,0.0,0.1,0.1,0.9,0.2,0.8,120.0
48,80,0,56.0,37.0,24.0,0.0,31.0,5.0,6.0,2.0,20.0,2414.0
48,81,0,44.5,21.0,10.0,1.0,9.0,2.0,12.0,4.0,17.0,1996.0
48,82,0,63.0,28.0,6.0,1.0,13.0,5.0,15.0,4.0,18.0,2768.0
48,83,0,63.0,27.0,6.0,0.0,12.0,4.0,15.0,3.0,24.0,2788.0
48,86,1,1.0,0.5,0.1,0.0,0.2,0.1,0.3,0.1,0.4,47.0
48,91,1,4.0,1.8,0.7,0.0,0.4,0.1,1.4,0.1,1.5,165.7
48,92,1,22.0,10.0,3.6,0.0,2.0,0.4,8.0,0.8,8.0,911.6
48,126,1,2.0,0.9,0.2,0.0,0.4,0.1,0.5,0.1,0.7,80.6
49,80,0,62.5,35.0,16.0,1.0,18.0,5.0,17.0,6.0,23.0,2626.0
49,81,0,99.0,53.0,21.0,0.0,40.0,15.0,13.0,10.0,29.0,4481.0
49,82,0,162.0,93.0,47.0,2.0,86.0,21.0,7.0,25.0,20.0,5837.0
49,83,0,51.0,18.0,5.0,3.0,12.0,1.0,6.0,2.0,12.0,1821.0
49,84,1,2.0,0.8,0.2,0.1,0.3,0.0,0.5,0.2,0.6,82.3
49,85,1,8.0,3.6,0.9,0.0,1.0,0.5,2.6,0.6,3.2,376.4
49,91,1,2.0,0.9,0.3,0.0,0.2,0.0,0.7,0.1,0.7,82.9
49,93,1,2.0,0.9,0.3,0.0,0.2,0.0,0.7,0.1,0.7,82.9
50,74,1,1.0,0.5,0.2,0.0,0.2,0.0,0.3,0.0,0.4,45.0
50,79,1,6.0,2.9,0.7,0.0,0.1,0.4,2.8,0.5,2.5,360.0
50,80,0,70.0,36.0,17.0,1.0,22.0,3.0,14.0,3.0,22.0,3080.0
50,81,0,227.5,129.0,71.0,2.0,113.0,18.0,16.0,28.0,43.0,8029.0
50,82,0,26.0,14.0,5.0,0.0,7.0,5.0,7.0,3.0,9.0,1092.0
50,83,0,36.0,14.0,5.0,3.0,2.0,0.0,12.0,1.0,11.0,1478.0
50,89,1,6.0,2.7,0.7,0.0,0.8,0.3,1.9,0.4,2.4,282.3
50,90,0,31.5,14.0,6.0,0.0,7.0,1.0,7.0,3.0,9.0,1302.0
50,91,1,2.0,0.9,0.3,0.0,0.2,0.0,0.7,0.1,0.7,82.9
51,73,1,1.0,0.5,0.2,0.0,0.2,0.0,0.3,0.0,0.4,45.0
51,77,1,1.0,0.6,0.2,0.0,0.3,0.0,0.3,0.1,0.4,51.4
51,78,1,6.0,3.4,1.5,0.0,1.5,0.0,1.9,0.6,2.4,308.2
51,79,0,56.5,31.0,16.0,0.0,27.0,5.0,4.0,4.0,8.0,2244.0
51,80,1,20.0,9.1,2.3,0.0,2.7,1.2,6.4,1.5,8.1,940.9
51,81,0,40.5,23.0,12.0,0.0,20.0,4.0,3.0,3.0,12.0,1802.0
51,82,0,51.5,29.0,17.0,1.0,25.0,3.0,4.0,9.0,16.0,2332.0
51,83,1,16.0,7.2,1.8,0.0,2.1,0.9,5.1,1.2,6.5,752.7
51,84,1,13.0,5.9,1.5,0.0,1.7,0.7,4.2,1.0,5.2,611.6
52,76,1,2.0,1.1,0.5,0.0,0.5,0.0,0.6,0.2,0.8,102.8
52,78,0,36.0,12.0,2.0,1.0,11.0,0.0,1.0,0.0,3.0,1205.0
52,79,0,38.0,20.0,9.0,1.0,17.0,4.0,3.0,1.0,10.0,1543.0
52,80,0,62.0,25.0,5.0,1.0,14.0,3.0,11.0,1.0,14.0,2459.0
52,81,0,66.0,37.0,17.0,0.0,28.0,4.0,9.0,8.0,21.0,2725.0
52,82,0,71.5,38.0,15.0,1.0,33.0,10.0,5.0,4.0,15.0,2995.0
52,83,1,19.5,8.8,2.2,0.0,2.6,1.1,6.2,1.4,7.9,917.4
52,84,0,35.0,13.0,0.0,1.0,1.0,1.0,12.0,0.0,13.0,1748.0
53,72,1,1.0,0.5,0.2,0.0,0.2,0.0,0.3,0.0,0.4,45.0
53,74,1,1.0,0.5,0.2,0.0,0.2,0.0,0.3,0.0,0.4,45.0
53,77,1,4.0,2.2,1.0,0.0,1.0,0.0,1.2,0.4,1.6,205.5
53,78,1,7.0,3.9,1.8,0.0,1.7,0.0,2.2,0.7,2.8,359.6
53,79,1,12.0,6.8,3.0,0.0,3.0,0.0,3.8,1.1,4.9,616.5
53,80,0,51.0,27.0,16.0,2.0,18.0,0.0,9.0,5.0,14.0,2221.0
53,81,0,39.0,22.0,9.0,0.0,14.0,3.0,8.0,4.0,13.0,1931.0
53,82,1,14.0,6.3,1.6,0.0,1.8,0.8,4.5,1.0,5.6,658.6
53,83,1,8.0,3.6,0.9,0.0,1.0,0.5,2.6,0.6,3.2,376.4
54,74,1,3.0,1.6,0.7,0.1,0.7,0.1,0.9,0.1,1.3,134.9
54,80,0,32.5,16.0,2.0,0.0,5.0,2.0,11.0,0.0,11.0,1631.0
54,81,0,39.0,21.0,7.0,1.0,5.0,1.0,16.0,2.0,19.0,2579.0
55,80,1,14.0,6.3,1.6,0.0,1.8,0.8,4.5,1.0,5.6,658.6
55,81,0,62.0,28.0,7.0,2.0,10.0,1.0,18.0,3.0,23.0,2552.0
55,82,0,24.0,11.0,2.0,0.0,1.0,2.0,10.0,3.0,8.0,1003.0
56,68,1,2.0,0.8,0.2,0.0,0.0,0.1,0.8,0.1,0.8,76.4
56,80,1,6.0,3.1,1.6,0.0,1.1,0.0,2.0,0.7,2.7,328.4
56,81,0,51.0,22.0,4.0,1.0,6.0,3.0,16.0,1.0,19.0,2158.0
56,82,1,5.0,2.6,1.3,0.0,0.9,0.0,1.7,0.6,2.2,273.7
58,89,1,4.0,2.1,1.0,0.0,0.8,0.0,1.3,0.4,1.8,219.0
59,33,1,5.0,2.6,1.2,0.0,2.1,0.3,0.5,0.2,2.1,138.3
59,89,1,2.0,1.0,0.5,0.0,0.4,0.0,0.6,0.2,0.9,109.5
60,30,1,11.0,5.8,2.7,0.0,4.8,0.6,1.0,0.4,4.6,304.3
60,31,1,7.0,3.7,1.7,0.0,3.0,0.4,0.7,0.3,2.9,193.6
60,32,0,28.0,17.0,10.0,0.0,17.0,0.0,0.0,6.0,10.0,640.0
60,33,1,13.0,6.9,3.2,0.0,5.7,0.7,1.2,0.5,5.4,359.6
60,34,1,17.0,9.0,4.2,0.0,7.4,1.0,1.6,0.6,7.1,470.2
60,51,1,1.0,0.4,0.1,0.0,0.0,0.0,0.4,0.1,0.4,38.2
60,85,1,10.0,5.2,2.6,0.0,1.9,0.0,3.3,1.1,4.4,547.4
61,28,1,4.0,2.2,1.4,0.2,2.0,0.0,0.2,0.9,1.2,109.7
61,29,1,2.0,1.1,0.7,0.1,1.0,0.0,0.1,0.5,0.6,54.8
61,30,1,7.0,4.1,2.5,0.0,3.3,0.2,0.8,0.6,2.3,275.5
61,31,0,34.0,18.0,9.0,0.0,17.0,0.0,1.0,2.0,14.0,912.0
61,32,1,3.0,1.8,1.1,0.0,1.4,0.1,0.4,0.3,1.0,118.1
61,33,1,1.0,0.6,0.4,0.0,0.5,0.0,0.1,0.1,0.3,39.4
61,34,1,6.0,3.5,2.1,0.0,2.8,0.2,0.7,0.5,1.9,236.1
61,35,1,1.0,0.6,0.4,0.0,0.5,0.0,0.1,0.1,0.3,39.4
61,37,1,3.0,1.8,1.1,0.0,1.4,0.1,0.4,0.3,1.0,118.1
62,29,1,8.0,4.3,2.8,0.3,4.0,0.0,0.3,1.8,2.5,219.4
62,30,1,12.0,7.1,4.2,0.0,5.7,0.4,1.4,1.1,3.9,472.2
62,31,1,1.0,0.6,0.4,0.0,0.5,0.0,0.1,0.1,0.3,39.4
63,28,1,5.0,2.7,1.7,0.2,2.5,0.0,0.2,1.2,1.5,137.1
63,53,1,9.0,3.8,1.0,0.0,0.3,0.2,3.5,0.5,3.5,344.0
64,43,1,14.0,5.9,1.6,0.5,3.8,0.0,2.1,0.0,3.8,515.3
64,44,0,40.0,20.0,7.0,1.0,14.0,2.0,6.0,6.0,13.0,1474.0
64,45,1,7.0,4.5,2.6,0.0,2.9,0.8,1.6,1.3,2.6,315.9
64,46,1,3.0,1.9,1.1,0.0,1.2,0.3,0.7,0.6,1.1,135.4
64,50,1,5.0,2.1,0.6,0.0,0.1,0.1,2.0,0.3,1.9,191.1
64,51,1,7.0,2.9,0.8,0.0,0.2,0.2,2.7,0.4,2.7,267.6
64,52,0,26.5,16.0,8.0,0.0,7.0,4.0,9.0,4.0,10.0,1124.0
64,53,0,28.0,14.0,6.0,1.0,9.0,3.0,5.0,4.0,5.0,1012.0
64,54,1,3.0,1.2,0.3,0.0,0.1,0.1,1.1,0.2,1.2,114.7
65,43,0,24.5,13.0,6.0,0.0,8.0,2.0,5.0,0.0,8.0,871.0
65,44,1,12.0,5.1,1.4,0.5,3.2,0.0,1.9,0.0,3.2,441.7
65,46,1,12.5,8.0,4.7,0.0,5.2,1.4,2.8,2.4,4.7,564.2
65,49,1,4.0,2.6,1.5,0.0,1.7,0.5,0.9,0.8,1.5,180.5
65,50,1,2.0,0.8,0.2,0.0,0.0,0.1,0.8,0.1,0.8,76.4
66,23,1,7.0,3.8,2.4,0.3,3.5,0.0,0.3,1.6,2.2,192.0
66,47,1,7.0,3.3,0.9,0.0,0.7,0.4,2.6,0.2,3.3,381.5
66,48,0,32.0,18.0,9.0,0.0,13.0,4.0,5.0,2.0,9.0,1492.0
66,49,0,18.0,14.0,10.0,0.0,10.0,0.0,4.0,3.0,9.0,1005.0
66,50,1,7.0,2.9,0.8,0.0,0.2,0.2,2.7,0.4,2.7,267.6
67,46,1,14.0,6.6,1.8,0.0,1.3,0.9,5.3,0.4,6.6,763.0
67,47,1,9.0,4.2,1.1,0.0,0.8,0.6,3.4,0.3,4.2,490.5
67,48,1,2.0,0.9,0.2,0.0,0.2,0.1,0.7,0.1,0.9,109.0
67,89,1,21.0,9.3,3.3,0.5,6.5,1.4,2.8,1.9,7.0,821.3
68,89,1,1.0,0.4,0.2,0.0,0.3,0.1,0.1,0.1,0.3,39.1
72,119,1,1.0,0.4,0.2,0.0,0.3,0.1,0.1,0.1,0.3,39.1
73,6,1,1.0,0.4,0.1,0.0,0.1,0.1,0.3,0.1,0.4,46.6
75,6,1,2.0,0.9,0.1,0.0,0.3,0.3,0.6,0.2,0.8,93.3
78,4,1,2.0,0.9,0.1,0.0,0.3,0.3,0.6,0.2,0.8,93.3
79,5,1,2.0,0.9,0.1,0.0,0.3,0.3,0.6,0.2,0.8,93.3
81,87,1,5.0,2.2,0.8,0.1,1.5,0.3,0.7,0.4,1.7,195.6
83,2,1,4.0,1.7,0.2,0.0,0.5,0.5,1.2,0.3,1.6,186.6
83,85,1,3.0,1.3,0.5,0.1,0.9,0.2,0.4,0.3,1.0,117.3
85,2,1,5.0,2.2,0.3,0.0,0.7,0.7,1.5,0.4,2.0,233.2
85,3,1,8.0,3.5,0.4,0.0,1.1,1.1,2.4,0.6,3.2,373.2
86,0,1,10.0,5.0,3.1,0.5,1.4,0.0,3.6,1.2,4.0,414.0
87,0,1,3.0,1.5,0.9,0.1,0.4,0.0,1.1,0.4,1.2,124.2
88,0,1,8.0,4.0,2.5,0.4,1.1,0.0,2.9,1.0,3.2,331.2
88,1,1,3.0,1.5,0.9,0.1,0.4,0.0,1.1,0.4,1.2,124.2
89,0,1,5.0,2.5,1.5,0.2,0.7,0.0,1.8,0.6,2.0,207.0
89,112,1,4.0,1.8,0.6,0.1,1.3,0.3,0.5,0.4,1.3,156.4
90,1,1,13.0,6.5,4.0,0.6,1.9,0.0,4.6,1.5,5.3,538.3
90,107,1,2.0,0.9,0.3,0.0,0.6,0.1,0.3,0.2,0.7,78.2
91,1,1,3.0,1.3,0.2,0.0,0.4,0.4,0.9,0.2,1.2,139.9
91,2,1,6.0,2.6,0.3,0.0,0.8,0.8,1.8,0.5,2.4,279.9
91,85,1,1.0,0.4,0.2,0.0,0.3,0.1,0.1,0.1,0.3,39.1
91,106,1,1.0,0.4,0.2,0.0,0.3,0.1,0.1,0.1,0.3,39.1
91,110,1,2.0,0.9,0.3,0.0,0.6,0.1,0.3,0.2,0.7,78.2
93,85,1,4.0,1.8,0.6,0.1,1.3,0.3,0.5,0.4,1.3,156.4
94,126,1,15.0,6.6,3.0,0.6,1.2,0.6,5.4,1.8,6.6,681.0
95,6,1,4.0,1.7,0.2,0.0,0.5,0.5,1.2,0.3,1.6,186.6
95,126,1,10.0,4.4,2.0,0.4,0.8,0.4,3.6,1.2,4.4,454.0
96,6,1,14.5,8.1,3.7,0.0,4.7,0.6,3.4,1.2,6.5,863.1
97,7,1,8.0,4.5,2.1,0.0,2.6,0.3,1.9,0.7,3.6,476.2
97,85,1,4.0,2.0,0.5,0.1,0.7,0.4,1.3,0.3,1.6,195.5
97,86,1,8.0,4.0,1.1,0.2,1.5,0.7,2.5,0.5,3.3,391.1
98,7,1,9.0,5.0,2.3,0.0,2.9,0.4,2.1,0.8,4.1,535.7
98,8,1,9.0,5.0,2.3,0.0,2.9,0.4,2.1,0.8,4.1,535.7
98,85,1,2.0,1.0,0.3,0.0,0.4,0.2,0.6,0.1,0.8,97.8
98,86,1,10.0,5.0,1.4,0.2,1.8,0.9,3.2,0.7,4.1,488.9
98,87,1,9.0,4.5,1.2,0.2,1.6,0.8,2.9,0.6,3.7,440.0
98,114,1,2.0,1.0,0.5,0.1,0.4,0.1,0.6,0.2,0.9,104.2
99,85,1,9.0,4.5,1.2,0.2,1.6,0.8,2.9,0.6,3.7,440.0
99,86,0,22.0,13.0,7.0,0.0,10.0,0.0,3.0,3.0,8.0,1112.0
99,113,1,2.0,1.0,0.5,0.1,0.4,0.1,0.6,0.2,0.9,104.2
99,114,1,16.0,7.7,3.8,0.6,3.2,0.6,4.5,1.9,7.0,833.9
100,82,0,23.0,11.0,5.0,0.0,3.0,0.0,8.0,0.0,5.0,1086.0
100,83,1,17.0,9.7,4.9,0.0,4.0,0.8,5.7,0.8,6.5,603.9
100,85,0,29.0,17.0,8.0,0.0,14.0,2.0,3.0,4.0,16.0,1292.0
100,86,1,2.0,1.0,0.3,0.0,0.4,0.2,0.6,0.1,0.8,97.8
101,82,1,6.0,2.7,0.4,0.0,1.5,0.0,1.2,0.6,2.1,232.6
101,83,0,59.0,29.0,12.0,2.0,15.0,0.0,14.0,2.0,24.0,3064.0
101,84,1,21.0,9.4,1.4,0.0,5.1,0.0,4.3,2.2,7.2,813.9
101,85,1,3.0,1.7,0.9,0.0,0.7,0.1,1.0,0.1,1.1,106.6
102,84,1,2.0,0.9,0.1,0.0,0.5,0.0,0.4,0.2,0.7,77.5
105,76,1,2.0,0.9,0.3,0.0,0.3,0.2,0.6,0.2,0.7,91.5
106,4,1,4.0,2.2,1.0,0.0,1.3,0.2,0.9,0.3,1.8,238.1
106,73,1,4.0,1.8,0.7,0.0,0.7,0.3,1.1,0.3,1.3,183.0
107,4,1,2.0,1.1,0.5,0.0,0.6,0.1,0.5,0.2,0.9,119.1
107,73,1,4.0,1.8,0.7,0.0,0.7,0.3,1.1,0.3,1.3,183.0
108,88,1,1.0,0.6,0.3,0.0,0.3,0.0,0.3,0.0,0.4,35.5
118,37,1,1.0,0.5,0.2,0.0,0.2,0.1,0.3,0.1,0.3,45.8
125,40,1,8.0,3.7,1.3,0.0,1.4,0.7,2.3,0.7,2.7,366.0
125,41,1,1.0,0.5,0.2,0.0,0.2,0.1,0.3,0.1,0.3,45.8
125,118,1,6.0,2.7,0.6,0.2,1.7,0.3,1.0,0.6,2.5,239.8
125,119,1,32.0,14.3,3.4,0.8,9.3,1.7,5.0,3.4,13.5,1279.2
126,41,1,2.0,0.9,0.3,0.0,0.3,0.2,0.6,0.2,0.7,91.5
126,119,1,6.0,2.8,0.9,0.0,1.2,0.2,1.6,0.7,2.1,293.4
127,117,1,4.0,1.9,0.6,0.0,0.8,0.1,1.1,0.4,1.4,195.6
127,119,1,4.0,1.9,0.6,0.0,0.8,0.1,1.1,0.4,1.4,195.6
127,120,1,11.0,4.7,0.9,0.2,2.1,0.4,2.6,0.6,3.6,445.9
127,122,1,2.0,0.9,0.2,0.0,0.4,0.1,0.5,0.1,0.7,81.1