x,y,imputed,ind,men,men_1ind,men_5ind,men_coll,men_fmp,men_mais,men_pauv,men_prop,men_surf
0,0,0,63.0,16.0,1.0,7.0,2.0,6.0,14.0,7.0,8.0,1389.0
0,1,1,21.0,7.2,1.1,0.8,0.0,1.3,7.2,3.9,3.9,547.2
0,2,1,18.0,6.2,0.9,0.7,0.0,1.1,6.2,3.3,3.3,469.0
0,3,1,3.0,1.0,0.2,0.1,0.0,0.2,1.0,0.6,0.6,78.2
0,6,1,1.0,0.4,0.1,0.0,0.0,0.1,0.4,0.1,0.3,25.0
0,9,1,4.0,1.6,0.6,0.1,0.0,0.2,1.6,0.9,1.1,112.8
0,12,1,2.0,0.8,0.3,0.0,0.0,0.1,0.8,0.5,0.6,56.4
0,13,1,4.0,1.6,0.6,0.1,0.0,0.2,1.6,0.9,1.1,112.8
0,14,1,30.0,11.5,3.9,1.0,0.3,2.3,11.2,4.9,5.9,910.8
0,15,1,9.5,3.6,1.2,0.3,0.1,0.7,3.5,1.6,1.9,288.4
1,0,0,65.5,26.0,5.0,2.0,0.0,5.0,26.0,10.0,18.0,1941.0
1,1,0,41.0,13.0,1.0,1.0,0.0,3.0,13.0,9.0,9.0,1078.0
1,2,0,31.0,12.0,3.0,1.0,2.0,2.0,10.0,5.0,3.0,846.0
1,3,1,3.0,1.0,0.2,0.1,0.0,0.2,1.0,0.6,0.6,78.2
1,5,1,3.0,1.1,0.3,0.1,0.0,0.2,1.1,0.4,0.9,74.9
1,7,1,1.0,0.4,0.1,0.0,0.0,0.1,0.4,0.1,0.3,25.0
1,10,1,20.0,7.9,3.0,0.4,0.0,0.8,7.9,4.5,5.7,564.2
1,14,1,4.0,1.5,0.5,0.1,0.0,0.3,1.5,0.7,0.8,121.4
1,16,1,2.0,0.8,0.3,0.1,0.0,0.2,0.8,0.3,0.4,60.7
2,0,0,85.0,25.0,1.0,3.0,0.0,7.0,25.0,19.0,19.0,1692.0
2,1,0,46.0,12.0,2.0,4.0,0.0,1.0,12.0,8.0,10.0,958.0
2,2,1,10.0,3.4,0.5,0.4,0.0,0.6,3.4,1.8,1.8,260.6
2,4,1,4.0,1.4,0.4,0.1,0.0,0.3,1.4,0.5,1.2,99.9
2,14,1,4.0,1.5,0.5,0.1,0.0,0.3,1.5,0.7,0.8,121.4
2,17,1,1.0,0.4,0.1,0.0,0.0,0.1,0.4,0.2,0.2,30.4
2,19,1,6.0,2.3,0.9,0.3,0.0,0.3,2.3,1.2,1.6,172.5
3,0,1,4.0,1.4,0.2,0.2,0.0,0.3,1.4,0.7,0.7,104.2
3,1,1,13.0,4.4,0.7,0.5,0.0,0.8,4.4,2.4,2.4,338.7
3,2,1,14.0,4.8,0.7,0.5,0.0,0.9,4.8,2.6,2.6,364.8
3,4,0,43.0,14.0,4.0,3.0,1.0,2.0,13.0,6.0,8.0,1216.0
3,5,0,44.0,15.0,2.0,2.0,14.0,9.0,1.0,10.0,1.0,1147.0
3,16,0,55.0,19.0,2.0,4.0,0.0,6.0,19.0,14.0,15.0,1216.0
3,17,1,25.0,9.6,3.3,0.8,0.3,1.9,9.3,4.1,4.9,759.0
3,18,1,15.0,5.7,2.0,0.5,0.1,1.1,5.6,2.5,3.0,455.4
3,19,1,8.0,3.1,1.2,0.4,0.0,0.4,3.1,1.6,2.1,230.0
4,1,1,12.0,4.5,1.1,0.4,0.0,0.8,4.5,2.7,3.1,349.7
4,2,1,14.0,5.3,1.3,0.4,0.0,0.9,5.3,3.2,3.6,408.0
4,3,0,37.0,16.0,5.0,1.0,0.0,5.0,16.0,4.0,8.0,1156.0
4,4,1,18.0,8.6,3.6,0.9,0.0,1.8,8.6,2.7,6.8,700.6
4,5,1,7.0,3.3,1.4,0.4,0.0,0.7,3.3,1.0,2.6,272.5
4,15,0,42.0,12.0,1.0,3.0,0.0,4.0,12.0,9.6,12.0,694.0
4,16,1,4.0,1.5,0.3,0.2,0.0,0.2,1.5,0.4,0.8,131.1
4,17,1,2.0,0.8,0.1,0.1,0.0,0.1,0.8,0.2,0.4,65.6
4,18,0,25.0,11.0,4.0,1.0,0.0,3.0,11.0,5.0,5.0,661.0
4,19,0,28.0,13.0,7.0,1.0,2.0,1.0,11.0,6.0,6.0,1116.0
4,20,1,2.0,0.8,0.2,0.1,0.0,0.1,0.8,0.2,0.6,81.8
4,23,1,1.0,0.4,0.1,0.0,0.0,0.0,0.4,0.1,0.3,40.9
5,1,1,14.0,5.3,1.3,0.4,0.0,0.9,5.3,3.2,3.6,408.0
5,2,0,36.0,13.0,1.0,0.0,0.0,3.0,13.0,6.0,8.0,1087.0
5,3,0,53.0,19.0,5.0,1.0,0.0,3.0,19.0,12.0,12.0,1553.0
5,4,1,1.0,0.5,0.2,0.0,0.0,0.1,0.5,0.2,0.4,38.9
5,16,1,28.0,10.5,2.0,1.3,0.0,1.1,10.5,2.5,5.8,917.7
5,17,0,105.0,40.0,12.0,5.0,0.0,6.0,40.0,17.0,30.0,3003.0
5,18,0,55.0,21.0,6.0,1.0,0.0,1.0,21.0,10.0,12.0,1566.0
5,19,1,29.0,11.6,3.3,1.2,0.0,0.8,11.6,2.9,8.7,1186.1
5,20,1,9.0,3.6,1.0,0.4,0.0,0.3,3.6,0.9,2.7,368.1
5,22,1,7.0,2.8,0.8,0.3,0.0,0.2,2.8,0.7,2.1,286.3
5,23,1,5.0,2.0,0.6,0.2,0.0,0.1,2.0,0.5,1.5,204.5
6,0,1,9.0,3.4,0.8,0.3,0.0,0.6,3.4,2.0,2.3,262.3
6,1,1,20.0,7.5,1.8,0.6,0.0,1.4,7.5,4.5,5.1,582.9
6,2,1,9.0,3.4,0.8,0.3,0.0,0.6,3.4,2.0,2.3,262.3
6,3,1,18.0,6.8,1.6,0.5,0.0,1.2,6.8,4.1,4.6,524.6
6,4,1,4.0,1.9,0.8,0.2,0.0,0.4,1.9,0.6,1.5,155.7
6,15,1,9.0,3.4,0.6,0.4,0.0,0.4,3.4,0.8,1.9,295.0
6,16,0,41.0,16.0,3.0,0.0,0.0,5.0,16.0,7.0,12.0,1197.0
6,17,1,18.0,6.8,1.3,0.9,0.0,0.7,6.8,1.6,3.7,590.0
6,18,0,50.0,21.0,8.0,1.0,0.0,3.0,21.0,5.0,15.0,1588.0
6,19,1,2.0,0.8,0.2,0.1,0.0,0.1,0.8,0.2,0.6,81.8
6,20,1,13.0,5.2,1.5,0.6,0.0,0.4,5.2,1.3,3.9,531.7
7,0,1,3.0,1.1,0.3,0.1,0.0,0.2,1.1,0.7,0.8,87.4
7,1,1,4.0,1.5,0.4,0.1,0.0,0.3,1.5,0.9,1.0,116.6
7,3,1,3.0,1.1,0.3,0.1,0.0,0.2,1.1,0.7,0.8,87.4
7,5,1,5.0,2.4,1.0,0.2,0.0,0.5,2.4,0.8,1.9,194.6
7,6,1,5.0,2.4,1.0,0.2,0.0,0.5,2.4,0.8,1.9,194.6
7,16,0,47.0,18.0,4.0,2.0,0.0,2.0,18.0,6.0,14.0,1499.0
7,17,0,70.0,24.0,5.0,5.0,0.0,3.0,24.0,5.0,14.0,1787.0
7,18,1,20.0,7.5,1.4,1.0,0.0,0.8,7.5,1.8,4.2,655.5
7,19,1,2.0,0.8,0.2,0.1,0.0,0.1,0.8,0.2,0.6,81.8
8,16,1,27.0,10.2,1.9,1.3,0.0,1.1,10.2,2.4,5.6,885.0
8,17,1,15.0,5.6,1.1,0.7,0.0,0.6,5.6,1.3,3.1,491.6
8,18,1,2.0,0.8,0.1,0.1,0.0,0.1,0.8,0.2,0.4,65.6
8,19,0,38.5,16.0,4.0,1.0,3.0,1.0,13.0,2.0,11.0,1498.0
9,16,1,4.0,1.3,0.2,0.3,0.0,0.1,1.3,0.6,0.8,85.4
9,18,1,10.0,3.1,0.6,0.8,0.0,0.3,3.1,1.5,2.1,213.5
9,19,1,1.0,0.3,0.1,0.1,0.0,0.0,0.3,0.2,0.2,21.3
10,6,1,2.0,0.9,0.2,0.0,0.1,0.1,0.8,0.5,0.6,69.5
10,18,1,7.0,2.2,0.4,0.6,0.0,0.2,2.2,1.1,1.5,149.4
10,19,1,2.0,0.6,0.1,0.2,0.0,0.1,0.6,0.3,0.4,42.7
10,35,1,1.0,0.4,0.1,0.1,0.0,0.0,0.4,0.2,0.2,33.3
10,51,1,5.0,1.7,0.5,0.5,0.0,0.1,1.7,0.6,1.2,122.5
11,5,1,2.0,0.9,0.2,0.0,0.1,0.1,0.8,0.5,0.6,69.5
11,7,1,12.0,5.2,1.5,0.2,0.5,0.8,4.7,2.8,3.5,417.0
11,11,1,5.0,1.7,0.2,0.3,0.0,0.1,1.7,0.8,1.0,168.4
11,13,1,15.0,5.0,0.6,0.9,0.0,0.3,5.0,2.5,3.1,505.3
11,14,1,22.0,6.9,1.3,1.8,0.0,0.8,6.9,3.3,4.6,469.7
11,15,1,17.0,5.3,1.0,1.4,0.0,0.6,5.3,2.6,3.6,362.9
12,6,1,10.0,4.4,1.2,0.2,0.4,0.6,4.0,2.3,2.9,347.5
12,7,1,12.0,5.2,1.5,0.2,0.5,0.8,4.7,2.8,3.5,417.0
12,8,1,6.0,2.6,0.8,0.1,0.2,0.4,2.4,1.4,1.8,208.5
12,9,1,2.0,0.7,0.1,0.1,0.0,0.0,0.7,0.3,0.4,67.4
12,10,1,17.0,5.7,0.7,1.1,0.0,0.4,5.7,2.8,3.5,572.7
12,11,0,51.0,16.0,1.0,3.0,0.0,3.0,16.0,4.0,9.0,1377.0
12,12,1,2.0,0.7,0.1,0.1,0.0,0.0,0.7,0.3,0.4,67.4
12,13,0,34.0,12.0,3.0,1.0,0.0,2.0,12.0,7.0,6.0,870.0
12,15,1,5.0,1.6,0.3,0.4,0.0,0.2,1.6,0.8,1.0,106.7
13,4,1,3.0,1.3,0.4,0.1,0.1,0.2,1.2,0.7,0.9,104.2
13,7,1,1.0,0.4,0.1,0.0,0.0,0.1,0.4,0.2,0.3,34.8
13,9,1,2.0,0.7,0.1,0.1,0.0,0.0,0.7,0.3,0.4,67.4
13,10,1,5.0,1.7,0.2,0.3,0.0,0.1,1.7,0.8,1.0,168.4
13,11,0,57.0,19.0,4.0,4.0,0.0,1.0,19.0,5.0,14.0,1840.0
13,12,0,90.0,28.0,4.0,6.0,0.0,6.0,28.0,14.0,24.0,2486.0
13,13,0,33.0,14.0,5.0,2.0,0.0,3.0,14.0,9.0,8.0,1149.0
13,14,1,6.0,1.9,0.3,0.5,0.0,0.2,1.9,0.9,1.3,128.1
13,15,1,3.0,0.9,0.2,0.2,0.0,0.1,0.9,0.5,0.6,64.0
13,16,1,8.0,2.5,0.5,0.7,0.0,0.3,2.5,1.2,1.7,170.8
13,18,1,1.0,0.3,0.1,0.1,0.0,0.0,0.3,0.2,0.2,21.3
14,4,1,1.0,0.4,0.1,0.0,0.0,0.1,0.4,0.2,0.3,31.2
14,6,1,4.0,1.7,0.4,0.1,0.0,0.4,1.7,0.8,1.2,124.8
14,8,1,1.0,0.4,0.1,0.0,0.0,0.1,0.4,0.2,0.3,31.2
14,9,1,21.0,6.3,0.8,1.6,0.0,0.4,6.3,2.8,5.5,483.4
14,10,1,7.0,2.1,0.3,0.5,0.0,0.1,2.1,0.9,1.8,161.1
14,11,1,5.0,1.5,0.2,0.4,0.0,0.1,1.5,0.7,1.3,115.1
14,12,0,40.0,13.0,2.0,3.0,0.0,3.0,13.0,7.0,5.0,1038.0
14,13,0,47.0,15.0,2.0,3.0,0.0,1.0,15.0,7.0,13.0,1196.0
14,14,1,15.0,5.1,1.1,0.8,0.0,0.8,5.1,2.4,3.6,400.1
14,16,1,14.0,4.8,1.0,0.7,0.0,0.7,4.8,2.2,3.4,373.4
14,18,1,6.0,2.0,0.4,0.3,0.0,0.3,2.0,1.0,1.4,160.0
15,4,1,2.0,0.8,0.2,0.0,0.0,0.2,0.8,0.4,0.6,62.4
15,5,1,2.0,0.8,0.2,0.0,0.0,0.2,0.8,0.4,0.6,62.4
15,6,1,2.0,0.8,0.2,0.0,0.0,0.2,0.8,0.4,0.6,62.4
15,8,1,25.0,10.4,2.6,0.5,0.0,2.6,10.4,4.7,7.3,779.7
15,13,1,15.0,4.5,0.6,1.1,0.0,0.3,4.5,2.0,4.0,345.3
15,15,1,6.0,2.0,0.4,0.3,0.0,0.3,2.0,1.0,1.4,160.0
15,16,1,3.0,1.0,0.2,0.2,0.0,0.2,1.0,0.5,0.7,80.0
16,4,1,5.0,2.1,0.5,0.1,0.0,0.5,2.1,0.9,1.5,155.9
16,6,1,2.0,0.8,0.2,0.0,0.0,0.2,0.8,0.4,0.6,62.4
16,7,1,4.0,1.7,0.4,0.1,0.0,0.4,1.7,0.8,1.2,124.8
16,9,1,4.0,1.2,0.2,0.3,0.0,0.1,1.2,0.5,1.1,92.1
16,13,1,1.0,0.3,0.0,0.1,0.0,0.0,0.3,0.1,0.3,23.0
16,14,1,16.0,5.4,1.1,0.8,0.0,0.8,5.4,2.6,3.8,426.7
16,15,1,15.0,5.1,1.1,0.8,0.0,0.8,5.1,2.4,3.6,400.1
16,16,1,12.0,4.1,0.8,0.6,0.0,0.6,4.1,1.9,2.9,320.0
16,17,1,3.0,1.0,0.2,0.2,0.0,0.2,1.0,0.5,0.7,80.0
16,46,1,3.0,0.9,0.1,0.2,0.0,0.2,0.9,0.3,0.6,86.4
16,47,1,18.5,5.3,0.4,1.5,0.0,1.5,5.3,1.9,3.4,532.5
17,14,1,2.0,0.7,0.1,0.1,0.0,0.1,0.7,0.3,0.5,53.3
17,16,1,2.0,0.7,0.1,0.1,0.0,0.1,0.7,0.3,0.5,53.3
17,17,1,5.0,1.7,0.4,0.2,0.0,0.2,1.7,0.8,1.2,133.3
17,46,1,3.0,0.9,0.1,0.2,0.0,0.2,0.9,0.3,0.6,86.4
17,47,0,30.0,11.0,2.0,1.0,0.0,1.0,11.0,4.0,6.0,756.0
17,48,0,31.0,12.0,2.0,0.0,0.0,2.0,12.0,4.0,8.0,1017.0
17,49,1,26.0,9.2,1.6,1.4,0.0,1.9,9.2,3.5,7.0,894.0
17,52,1,3.0,1.1,0.2,0.2,0.0,0.2,1.1,0.4,0.8,103.2
17,54,1,11.0,3.7,1.0,1.0,0.0,0.2,3.7,1.2,2.7,269.6
18,18,1,1.0,0.3,0.1,0.0,0.0,0.0,0.3,0.2,0.2,26.7
18,47,1,24.0,6.9,0.5,2.0,0.0,2.0,6.9,2.5,4.5,690.8
18,48,0,42.0,17.0,7.0,2.0,0.0,3.0,17.0,9.0,14.0,1399.0
18,49,1,14.0,5.0,0.9,0.7,0.0,1.0,5.0,1.9,3.8,481.4
18,50,1,20.0,7.1,1.2,1.0,0.0,1.5,7.1,2.7,5.4,687.7
18,51,1,18.0,6.4,1.1,0.9,0.0,1.3,6.4,2.4,4.9,618.9
18,52,1,8.0,2.8,0.5,0.4,0.0,0.6,2.8,1.1,2.2,275.1
18,53,1,7.0,2.5,0.4,0.4,0.0,0.5,2.5,0.9,1.9,240.7
18,54,1,23.0,7.8,2.2,2.2,0.0,0.4,7.8,2.6,5.6,563.7
18,55,1,10.0,3.4,0.9,0.9,0.0,0.2,3.4,1.1,2.5,245.1
18,56,1,4.0,1.4,0.4,0.4,0.0,0.1,1.4,0.5,1.0,98.0
19,42,1,6.0,2.2,0.7,0.6,0.0,0.1,2.2,1.0,1.4,199.7
19,46,1,2.0,0.9,0.2,0.1,0.0,0.2,0.9,0.4,0.6,61.3
19,47,1,14.5,6.3,1.8,0.6,0.0,1.6,6.3,3.0,4.5,444.1
19,49,1,3.0,1.0,0.1,0.2,0.0,0.1,1.0,0.4,0.5,79.9
19,50,1,6.0,2.0,0.2,0.4,0.0,0.3,2.0,0.9,1.1,159.9
19,51,1,9.0,3.0,0.3,0.6,0.0,0.4,3.0,1.3,1.6,239.8
19,53,1,9.0,3.0,0.3,0.6,0.0,0.4,3.0,1.3,1.6,239.8
19,54,0,44.0,14.0,3.0,2.0,0.0,3.0,14.0,5.0,8.0,923.0
19,55,1,7.0,2.3,0.5,0.3,0.0,0.5,2.3,1.0,1.3,220.8
19,56,1,5.0,1.7,0.4,0.2,0.0,0.3,1.7,0.7,1.0,157.7
20,42,1,1.0,0.4,0.1,0.1,0.0,0.0,0.4,0.2,0.2,33.3
20,43,1,2.0,0.7,0.2,0.2,0.0,0.0,0.7,0.3,0.5,66.6
20,48,1,3.0,1.3,0.4,0.1,0.0,0.3,1.3,0.6,0.9,91.9
20,50,1,4.0,1.3,0.2,0.3,0.0,0.2,1.3,0.6,0.7,106.6
20,51,1,4.0,1.3,0.2,0.3,0.0,0.2,1.3,0.6,0.7,106.6
20,52,1,21.0,6.9,0.8,1.4,0.0,1.0,6.9,3.0,3.8,559.5
20,54,1,6.0,2.0,0.5,0.3,0.0,0.4,2.0,0.9,1.1,189.3
20,56,1,1.0,0.3,0.1,0.0,0.0,0.1,0.3,0.1,0.2,31.5
21,43,1,8.0,3.0,0.9,0.7,0.0,0.2,3.0,1.3,1.9,266.2
21,44,0,56.0,21.0,5.0,1.0,0.0,7.0,21.0,12.0,15.0,1664.0
21,45,1,13.0,5.7,1.6,0.5,0.0,1.4,5.7,2.7,4.1,398.1
21,48,1,6.0,2.6,0.7,0.2,0.0,0.7,2.6,1.2,1.9,183.8
21,49,1,8.0,2.6,0.3,0.5,0.0,0.4,2.6,1.1,1.5,213.1
21,51,1,2.0,0.7,0.1,0.1,0.0,0.1,0.7,0.3,0.4,53.3
21,54,1,21.0,7.0,1.6,1.0,0.0,1.4,7.0,3.0,4.0,662.4
21,55,1,4.0,1.3,0.3,0.2,0.0,0.3,1.3,0.6,0.8,126.2
21,56,1,1.0,0.3,0.1,0.0,0.0,0.1,0.3,0.1,0.2,31.5
22,44,0,39.0,11.0,1.0,2.0,0.0,4.0,11.0,8.8,8.0,920.0
22,45,1,6.0,2.6,0.7,0.2,0.0,0.7,2.6,1.2,1.9,183.8
22,49,1,7.0,2.3,0.3,0.5,0.0,0.3,2.3,1.0,1.3,186.5
22,50,1,3.0,1.0,0.1,0.2,0.0,0.1,1.0,0.4,0.5,79.9
22,51,1,16.0,5.3,0.6,1.1,0.0,0.8,5.3,2.3,2.9,426.3
22,52,1,11.0,3.6,0.4,0.7,0.0,0.5,3.6,1.6,2.0,293.1
22,54,1,22.0,7.3,1.7,1.0,0.0,1.5,7.3,3.1,4.2,693.9
22,55,1,5.0,1.7,0.4,0.2,0.0,0.3,1.7,0.7,1.0,157.7
22,56,1,2.0,0.7,0.2,0.1,0.0,0.1,0.7,0.3,0.4,63.1
23,43,1,25.0,9.3,2.9,2.3,0.0,0.6,9.3,4.1,5.8,832.0
23,44,1,22.0,9.6,2.7,0.9,0.0,2.4,9.6,4.5,6.9,673.8
23,45,1,2.0,0.9,0.2,0.1,0.0,0.2,0.9,0.4,0.6,61.3
23,46,1,2.0,0.9,0.2,0.1,0.0,0.2,0.9,0.4,0.6,61.3
23,48,1,3.0,1.3,0.4,0.1,0.0,0.3,1.3,0.6,0.9,91.9
23,49,1,8.0,2.6,0.3,0.5,0.0,0.4,2.6,1.1,1.5,213.1
23,50,1,17.0,5.6,0.7,1.1,0.0,0.8,5.6,2.4,3.1,452.9
23,51,1,29.0,9.6,1.1,1.9,0.0,1.4,9.6,4.1,5.3,772.6
23,52,1,20.0,6.6,0.8,1.3,0.0,1.0,6.6,2.9,3.6,532.9
23,53,1,5.0,1.6,0.2,0.3,0.0,0.2,1.6,0.7,0.9,133.2
23,54,1,18.0,6.0,1.4,0.9,0.0,1.2,6.0,2.6,3.4,567.8
23,55,1,7.0,2.3,0.5,0.3,0.0,0.5,2.3,1.0,1.3,220.8
23,56,1,6.0,2.0,0.5,0.3,0.0,0.4,2.0,0.9,1.1,189.3
24,42,1,7.0,2.2,0.4,0.5,0.0,0.2,2.2,0.7,1.4,168.7
24,43,1,5.0,1.6,0.3,0.3,0.0,0.1,1.6,0.5,1.0,120.5
24,45,1,2.0,0.8,0.2,0.1,0.0,0.2,0.8,0.3,0.6,60.8
24,46,0,33.0,14.0,5.0,1.0,0.0,5.0,14.0,7.0,7.0,1072.0
24,47,1,9.0,3.6,0.7,0.3,0.0,1.1,3.6,1.5,2.8,273.7
24,49,1,22.0,7.8,1.8,1.0,0.0,1.1,7.8,2.4,4.9,731.7
24,50,1,6.0,2.1,0.5,0.3,0.0,0.3,2.1,0.7,1.3,199.6
24,51,1,1.0,0.4,0.1,0.0,0.0,0.1,0.4,0.1,0.2,33.3
24,52,0,33.0,11.0,1.0,1.0,0.0,3.0,11.0,6.0,4.0,851.0
24,53,0,48.0,16.0,3.0,4.0,0.0,5.0,16.0,4.0,11.0,1407.0
24,56,1,5.0,1.7,0.5,0.4,0.0,0.2,1.7,0.5,1.2,138.0
25,41,1,29.0,9.2,1.6,1.9,0.0,0.8,9.2,3.0,6.0,698.7
25,44,1,3.0,1.2,0.2,0.1,0.0,0.4,1.2,0.5,0.9,91.2
25,45,1,4.0,1.6,0.3,0.1,0.0,0.5,1.6,0.7,1.2,121.6
25,46,1,5.0,2.0,0.4,0.2,0.0,0.6,2.0,0.8,1.6,152.1
25,47,0,29.5,13.0,6.0,1.0,0.0,0.0,13.0,5.0,9.0,1134.0
25,48,0,51.0,25.0,11.0,1.0,0.0,1.0,25.0,10.0,12.0,1658.0
25,49,0,30.0,14.0,4.0,1.0,0.0,2.0,14.0,4.0,11.0,1157.0
25,51,1,1.0,0.4,0.1,0.0,0.0,0.1,0.4,0.1,0.2,33.3
25,52,1,10.0,3.6,0.8,0.5,0.0,0.5,3.6,1.1,2.2,332.6
25,53,1,27.0,9.6,2.2,1.2,0.0,1.4,9.6,2.9,6.1,898.0
25,54,1,12.0,4.1,1.1,0.9,0.0,0.4,4.1,1.3,2.8,331.2
26,40,1,2.0,0.6,0.1,0.1,0.0,0.1,0.6,0.2,0.4,48.2
26,41,1,21.0,6.7,1.2,1.4,0.0,0.6,6.7,2.2,4.3,506.0
26,42,1,4.0,1.3,0.2,0.3,0.0,0.1,1.3,0.4,0.8,96.4
26,43,1,6.0,1.9,0.3,0.4,0.0,0.2,1.9,0.6,1.2,144.6
26,44,1,3.0,1.2,0.2,0.1,0.0,0.4,1.2,0.5,0.9,91.2
26,45,0,41.0,14.0,5.0,4.0,0.0,2.0,14.0,6.0,9.0,1082.0
26,46,0,36.0,14.0,4.0,1.0,0.0,2.0,14.0,3.0,9.0,1254.0
26,47,0,56.0,20.0,3.0,3.0,0.0,6.0,20.0,3.0,14.0,1635.0
26,48,0,46.0,18.0,10.0,3.0,0.0,1.0,18.0,3.0,13.0,1539.0
26,49,0,42.0,18.0,9.0,3.0,1.0,1.0,17.0,8.0,12.0,1466.0
26,50,0,50.5,21.0,4.0,2.0,0.0,6.0,21.0,9.0,9.0,1666.0
26,51,0,36.0,13.0,3.0,2.0,0.0,4.0,13.0,7.0,6.0,1477.0
26,52,1,14.0,5.0,1.1,0.6,0.0,0.7,5.0,1.5,3.1,465.6
26,53,1,21.0,7.5,1.7,1.0,0.0,1.1,7.5,2.3,4.7,698.4
26,54,0,53.0,16.0,3.0,5.0,0.0,3.0,16.0,3.0,11.0,1499.0
26,55,1,3.0,1.0,0.3,0.2,0.0,0.1,1.0,0.3,0.7,82.8
26,56,1,3.0,1.0,0.3,0.2,0.0,0.1,1.0,0.3,0.7,82.8
26,58,1,5.0,1.7,0.5,0.4,0.0,0.2,1.7,0.5,1.2,138.0
27,37,1,3.0,1.5,0.5,0.0,0.0,0.4,1.5,0.5,1.0,120.0
27,40,1,1.0,0.3,0.1,0.1,0.0,0.0,0.3,0.1,0.2,24.1
27,41,1,12.0,3.8,0.7,0.8,0.0,0.3,3.8,1.2,2.5,289.1
27,45,1,22.0,8.8,1.8,0.7,0.0,2.6,8.8,3.7,6.8,669.0
27,46,1,4.0,1.6,0.3,0.1,0.0,0.5,1.6,0.7,1.2,121.6
27,47,1,18.0,7.2,1.4,0.5,0.0,2.2,7.2,3.1,5.6,547.4
27,48,1,16.0,6.4,1.3,0.5,0.0,1.9,6.4,2.7,5.0,486.6
27,49,0,42.0,18.0,4.0,1.0,0.0,5.0,18.0,4.0,11.0,1758.0
27,50,0,47.0,21.0,5.0,3.0,3.0,5.0,18.0,5.0,15.0,1998.0
27,51,1,22.0,7.8,1.8,1.0,0.0,1.1,7.8,2.4,4.9,731.7
27,52,0,45.0,15.0,4.0,4.0,0.0,0.0,15.0,2.0,10.0,1913.0
27,53,0,36.0,13.0,2.0,2.0,0.0,2.0,13.0,3.0,10.0,1382.0
27,55,1,1.0,0.3,0.1,0.1,0.0,0.0,0.3,0.1,0.2,27.6
27,56,1,3.0,1.0,0.3,0.2,0.0,0.1,1.0,0.3,0.7,82.8
27,57,1,7.0,2.4,0.6,0.5,0.0,0.3,2.4,0.8,1.7,193.2
27,58,1,2.0,0.7,0.2,0.1,0.0,0.1,0.7,0.2,0.5,55.2
27,123,1,6.0,1.6,0.2,0.6,0.0,0.4,1.6,0.8,1.1,99.6
27,126,1,4.0,1.0,0.1,0.3,0.0,0.1,1.0,0.3,0.7,68.0
28,37,1,2.0,1.0,0.3,0.0,0.0,0.2,1.0,0.3,0.7,80.0
28,38,1,13.0,6.5,2.2,0.0,0.0,1.6,6.5,2.2,4.3,520.0
28,39,1,13.0,4.1,0.7,0.9,0.0,0.4,4.1,1.3,2.7,313.2
28,40,1,7.0,2.2,0.4,0.5,0.0,0.2,2.2,0.7,1.4,168.7
28,45,1,6.0,2.4,0.5,0.2,0.0,0.7,2.4,1.0,1.9,182.5
28,46,0,34.0,12.0,2.0,2.0,0.0,5.0,12.0,1.0,10.0,832.0
28,47,1,8.0,3.2,0.6,0.2,0.0,1.0,3.2,1.4,2.5,243.3
28,48,0,35.5,13.0,4.0,1.0,0.0,0.0,13.0,3.0,11.0,1032.0
28,49,0,76.0,27.0,3.0,2.0,0.0,5.0,27.0,13.0,14.0,2458.0
28,50,1,26.0,9.3,2.1,1.2,0.0,1.3,9.3,2.8,5.8,864.7
28,51,0,25.0,13.0,3.0,0.0,0.0,1.0,13.0,2.0,8.0,1221.0
28,52,0,43.0,16.0,5.0,3.0,0.0,2.0,16.0,4.0,10.0,1505.0
28,53,1,24.0,8.6,1.9,1.1,0.0,1.2,8.6,2.6,5.4,798.2
28,55,1,9.0,3.1,0.8,0.7,0.0,0.3,3.1,1.0,2.1,248.4
28,57,1,5.0,1.7,0.5,0.4,0.0,0.2,1.7,0.5,1.2,138.0
28,124,1,1.0,0.3,0.0,0.1,0.0,0.0,0.3,0.1,0.2,17.0
28,125,1,4.0,1.0,0.1,0.3,0.0,0.1,1.0,0.3,0.7,68.0
28,127,1,5.0,1.3,0.1,0.3,0.0,0.1,1.3,0.4,0.9,85.0
29,37,1,6.0,1.8,0.0,0.3,0.0,0.3,1.8,0.6,1.3,174.9
29,38,1,15.5,4.7,0.0,0.7,0.0,0.7,4.7,1.5,3.3,451.9
29,39,1,12.0,4.2,0.9,0.5,0.0,0.7,4.2,1.4,2.1,284.3
29,40,1,30.0,10.6,2.2,1.2,0.0,1.9,10.6,3.4,5.3,710.7
29,41,1,3.0,1.1,0.2,0.1,0.0,0.2,1.1,0.3,0.5,71.1
29,45,1,9.0,3.0,0.9,0.7,0.0,0.4,3.0,1.2,2.0,216.1
29,46,1,26.0,8.8,2.5,1.9,0.0,1.1,8.8,3.4,5.7,624.4
29,47,1,5.0,1.7,0.5,0.4,0.0,0.2,1.7,0.7,1.1,120.1
29,48,1,26.0,8.8,2.5,1.9,0.0,1.1,8.8,3.4,5.7,624.4
29,49,1,5.0,1.7,0.5,0.4,0.0,0.2,1.7,0.6,1.1,126.1
29,50,1,31.0,10.7,3.2,2.7,0.0,1.1,10.7,3.7,6.9,782.0
29,51,1,22.5,7.7,2.3,1.9,0.0,0.8,7.7,2.7,5.0,567.6
29,52,0,103.0,34.0,9.0,7.0,0.0,5.0,34.0,10.0,8.0,3145.0
29,53,0,34.0,14.0,4.0,2.0,0.0,3.0,14.0,5.0,10.0,1275.0
29,54,1,9.0,3.6,0.8,0.3,0.1,0.6,3.5,0.9,2.1,306.3
29,55,0,42.0,17.0,6.0,2.0,0.0,4.0,17.0,3.0,13.0,1637.0
29,56,0,51.0,17.0,2.0,3.0,0.0,5.0,17.0,7.0,12.0,1624.0
29,57,1,5.0,2.0,0.4,0.2,0.0,0.3,2.0,0.5,1.1,170.1
30,37,1,12.0,3.7,0.0,0.6,0.0,0.6,3.7,1.1,2.5,349.8
30,38,1,9.0,2.8,0.0,0.4,0.0,0.4,2.8,0.8,1.9,262.4
30,39,1,10.0,3.5,0.7,0.4,0.0,0.6,3.5,1.1,1.8,236.9
30,43,1,6.5,2.3,0.5,0.3,0.0,0.4,2.3,0.7,1.1,154.0
30,46,1,2.0,0.7,0.2,0.1,0.0,0.1,0.7,0.3,0.4,48.0
30,47,1,8.0,2.7,0.8,0.6,0.0,0.4,2.7,1.1,1.8,192.1
30,50,1,37.0,12.7,3.8,3.2,0.0,1.3,12.7,4.5,8.3,933.4
30,51,0,50.0,16.0,3.0,4.0,0.0,3.0,16.0,4.0,6.0,1281.0
30,52,0,77.0,22.0,4.0,9.0,0.0,4.0,22.0,4.0,17.0,1796.0
30,53,0,82.0,24.0,2.0,6.0,0.0,5.0,24.0,5.0,11.0,2181.0
30,54,1,12.0,4.8,1.1,0.4,0.1,0.8,4.7,1.2,2.7,408.4
30,55,1,5.0,2.0,0.4,0.2,0.0,0.3,2.0,0.5,1.1,170.1
30,56,0,107.0,37.0,11.0,5.0,0.0,6.0,37.0,17.0,19.0,2477.0
30,57,0,34.0,11.0,1.0,2.0,0.0,2.0,11.0,4.0,6.0,907.0
30,58,1,7.0,2.8,0.6,0.3,0.1,0.5,2.7,0.7,1.6,238.2
30,59,1,4.0,1.4,0.2,0.2,0.0,0.2,1.4,0.6,1.1,129.4
30,60,1,6.0,2.1,0.4,0.2,0.0,0.2,2.1,1.0,1.7,194.1
31,50,0,45.0,14.0,2.0,2.0,0.0,1.0,14.0,3.0,9.0,1081.0
31,51,1,6.0,2.1,0.6,0.5,0.0,0.2,2.1,0.7,1.3,151.4
31,52,0,45.0,14.0,0.0,4.0,0.0,1.0,14.0,2.0,11.0,1385.0
31,53,0,78.0,22.0,3.0,6.0,0.0,1.0,22.0,6.0,16.0,2056.0
31,54,1,19.0,7.5,1.7,0.7,0.1,1.3,7.4,2.0,4.3,646.6
31,55,0,43.0,16.0,5.0,1.0,5.0,1.0,11.0,4.0,5.0,1291.0
31,56,0,113.0,40.0,9.0,3.0,2.0,11.0,38.0,17.0,22.0,3215.0
31,57,0,132.5,48.0,12.0,6.0,17.0,17.0,31.0,26.0,17.0,3208.0
31,58,0,144.0,43.0,5.0,9.0,0.0,17.0,43.0,15.0,22.0,2838.0
31,60,1,3.0,1.0,0.2,0.1,0.0,0.1,1.0,0.5,0.8,97.0
31,127,1,1.0,0.3,0.0,0.1,0.0,0.0,0.3,0.1,0.2,17.0
32,41,1,9.0,3.2,0.7,0.4,0.0,0.6,3.2,1.0,1.6,213.2
32,42,1,2.0,0.7,0.1,0.1,0.0,0.1,0.7,0.2,0.4,47.4
32,43,1,10.0,3.5,0.7,0.4,0.0,0.6,3.5,1.1,1.8,236.9
32,47,1,5.0,1.7,0.5,0.4,0.0,0.2,1.7,0.7,1.1,120.1
32,48,1,6.0,2.0,0.6,0.4,0.0,0.3,2.0,0.8,1.3,144.1
32,49,1,1.0,0.3,0.1,0.1,0.0,0.0,0.3,0.1,0.2,25.2
32,50,0,70.0,26.0,6.0,3.0,0.0,5.0,26.0,7.0,22.0,1850.0
32,51,0,92.0,27.0,3.0,8.0,0.0,8.0,27.0,12.0,22.0,2012.0
32,52,1,15.0,5.2,1.5,1.3,0.0,0.5,5.2,1.8,3.4,378.4
32,53,1,15.0,5.2,1.5,1.3,0.0,0.5,5.2,1.8,3.4,378.4
32,54,0,50.0,15.0,1.0,4.0,0.0,5.0,15.0,4.0,6.0,1482.0
32,55,0,28.0,12.0,3.0,1.0,0.0,2.0,12.0,3.0,8.0,849.0
32,56,1,24.0,9.5,2.1,0.9,0.2,1.6,9.3,2.5,5.5,816.7
32,57,0,56.0,16.0,2.0,5.0,0.0,4.0,16.0,8.0,14.0,1358.0
32,58,0,101.5,29.0,3.0,6.0,0.0,10.0,29.0,5.0,19.0,2391.0
32,59,1,25.5,8.8,1.5,1.0,0.0,1.0,8.8,4.1,7.2,824.8
32,62,1,8.0,2.7,0.5,0.3,0.0,0.3,2.7,1.3,2.3,258.7
32,87,1,2.0,0.9,0.3,0.1,0.0,0.1,0.9,0.3,0.3,30.9
33,41,1,2.0,0.7,0.1,0.1,0.0,0.1,0.7,0.2,0.4,47.4
33,42,1,9.0,3.2,0.7,0.4,0.0,0.6,3.2,1.0,1.6,213.2
33,43,1,3.0,1.1,0.2,0.1,0.0,0.2,1.1,0.3,0.5,71.1
33,44,1,3.0,1.0,0.3,0.2,0.0,0.1,1.0,0.4,0.7,72.0
33,45,1,4.0,1.4,0.4,0.3,0.0,0.2,1.4,0.5,0.9,96.1
33,46,1,7.0,2.4,0.7,0.5,0.0,0.3,2.4,0.9,1.5,168.1
33,47,1,12.0,4.1,1.1,0.9,0.0,0.5,4.1,1.6,2.6,288.2
33,48,1,23.0,7.8,2.2,1.7,0.0,1.0,7.8,3.0,5.1,552.3
33,51,1,24.5,8.4,2.5,2.1,0.0,0.8,8.4,2.9,5.5,618.0
33,52,0,110.5,36.0,9.0,8.0,0.0,6.0,36.0,17.0,23.0,3001.0
33,53,1,17.5,6.0,1.8,1.5,0.0,0.6,6.0,2.1,3.9,441.5
33,54,1,20.0,7.9,1.8,0.7,0.1,1.3,7.8,2.1,4.6,680.6
33,55,0,39.0,13.0,1.0,1.0,0.0,2.0,13.0,4.0,8.0,1365.0
33,56,0,43.0,18.0,6.0,3.0,0.0,2.0,18.0,7.0,13.0,1641.0
33,57,1,14.0,5.6,1.2,0.5,0.1,0.9,5.5,1.4,3.2,476.4
33,58,1,21.0,8.3,1.9,0.8,0.1,1.4,8.2,2.2,4.8,714.6
33,61,1,3.0,1.0,0.2,0.1,0.0,0.1,1.0,0.5,0.8,97.0
34,43,1,2.0,1.0,0.3,0.0,0.0,0.2,1.0,0.3,0.7,80.0
34,44,1,4.0,1.6,0.3,0.0,0.0,0.2,1.6,0.8,1.2,132.0
34,46,1,5.0,2.0,0.4,0.0,0.0,0.3,2.0,0.9,1.6,165.0
34,47,1,4.0,1.6,0.3,0.0,0.0,0.2,1.6,0.8,1.2,132.0
34,48,1,4.0,1.6,0.3,0.0,0.0,0.2,1.6,0.8,1.2,132.0
34,50,1,4.0,1.6,0.4,0.1,0.0,0.3,1.6,0.6,1.5,128.8
34,51,1,19.0,7.7,2.1,0.3,0.0,1.4,7.7,2.8,7.3,611.8
34,52,1,13.0,5.2,1.4,0.2,0.0,1.0,5.2,1.9,5.0,418.6
34,53,0,115.0,41.0,6.0,4.0,0.0,6.0,41.0,17.0,28.0,3084.0
34,54,0,36.0,13.0,2.0,2.0,0.0,4.0,13.0,6.0,8.0,1226.0
34,55,0,146.0,42.0,0.0,10.0,0.0,22.0,42.0,25.0,2.0,2806.0
34,56,0,47.0,17.0,2.0,1.0,0.0,4.0,17.0,6.0,12.0,1208.0
34,57,0,73.0,25.0,7.0,5.0,0.0,4.0,25.0,17.0,12.0,1970.0
34,58,0,80.0,39.0,15.0,0.0,6.0,13.0,33.0,19.0,9.0,2373.0
34,59,1,6.0,1.9,0.1,0.4,0.0,0.7,1.9,0.8,1.4,171.4
35,42,1,3.0,1.5,0.5,0.0,0.0,0.4,1.5,0.5,1.0,120.0
35,43,1,1.0,0.5,0.2,0.0,0.0,0.1,0.5,0.2,0.3,40.0
35,44,1,2.0,0.8,0.2,0.0,0.0,0.1,0.8,0.4,0.6,66.0
35,46,1,19.0,7.5,1.6,0.0,0.0,1.2,7.5,3.6,5.9,627.0
35,49,1,3.0,1.2,0.3,0.1,0.0,0.2,1.2,0.4,1.2,96.6
35,51,1,1.0,0.4,0.1,0.0,0.0,0.1,0.4,0.1,0.4,32.2
35,53,1,10.0,4.0,1.1,0.2,0.0,0.7,4.0,1.5,3.9,322.0
35,54,1,14.0,5.6,1.5,0.3,0.0,0.8,5.6,1.7,3.6,419.4
35,55,1,19.0,7.6,2.0,0.4,0.0,1.0,7.6,2.2,4.9,569.2
35,56,0,50.0,14.0,1.0,2.0,0.0,2.0,14.0,4.0,13.0,1247.0
35,57,0,41.0,14.0,5.0,3.0,0.0,0.0,14.0,5.0,11.0,1080.0
35,58,1,33.0,13.1,3.5,0.7,0.0,1.8,13.1,3.9,8.5,988.6
35,59,0,39.0,18.0,7.0,2.0,0.0,3.0,18.0,9.0,12.0,1275.0
35,60,1,2.0,0.6,0.0,0.1,0.0,0.2,0.6,0.2,0.5,57.1
35,61,1,9.0,2.9,0.2,0.6,0.0,1.0,2.9,1.1,2.0,257.1
36,45,1,2.0,0.8,0.2,0.0,0.0,0.1,0.8,0.4,0.6,66.0
36,46,1,4.0,1.6,0.3,0.0,0.0,0.2,1.6,0.8,1.2,132.0
36,48,1,2.0,0.8,0.2,0.0,0.0,0.1,0.8,0.4,0.6,66.0
36,49,1,2.0,0.8,0.2,0.0,0.0,0.1,0.8,0.3,0.8,64.4
36,55,1,3.0,1.2,0.3,0.1,0.0,0.2,1.2,0.4,0.8,89.9
36,56,1,6.0,2.4,0.6,0.1,0.0,0.3,2.4,0.7,1.5,179.7
36,58,0,66.0,22.0,6.0,4.0,0.0,4.0,22.0,5.0,17.0,1885.0
36,59,0,37.0,13.0,2.0,1.0,0.0,3.0,13.0,5.0,9.0,1192.0
36,60,0,86.0,25.0,4.0,7.0,2.0,4.0,23.0,9.0,5.0,2079.0
36,61,1,18.0,5.7,0.4,1.2,0.0,2.0,5.7,2.2,4.1,514.2
37,45,1,2.0,0.8,0.2,0.0,0.0,0.1,0.8,0.4,0.6,66.0
37,57,1,5.0,2.0,0.5,0.1,0.0,0.3,2.0,0.6,1.3,149.8
37,58,0,44.0,15.0,3.0,2.0,0.0,3.0,15.0,5.0,12.0,1026.0
37,59,0,72.0,22.0,3.0,4.0,6.0,8.0,16.0,14.0,4.0,1643.0
37,60,0,133.0,39.0,8.0,7.0,20.0,14.0,19.0,30.0,5.0,2663.0
37,61,0,32.0,11.0,0.0,1.0,0.0,4.0,11.0,3.0,7.0,995.0
37,62,1,3.0,1.0,0.1,0.2,0.0,0.3,1.0,0.4,0.7,85.7
37,64,1,4.0,1.7,0.7,0.1,0.0,0.1,1.7,0.7,0.7,61.7
38,49,1,2.5,1.0,0.3,0.0,0.0,0.2,1.0,0.4,1.0,80.5
38,55,1,4.0,1.6,0.4,0.1,0.0,0.2,1.6,0.5,1.0,119.8
38,57,1,4.0,1.6,0.4,0.1,0.0,0.2,1.6,0.5,1.0,119.8
38,58,1,5.0,2.0,0.5,0.1,0.0,0.3,2.0,0.6,1.3,149.8
38,59,1,28.0,8.9,0.6,1.9,0.0,3.2,8.9,3.5,6.4,799.9
38,60,0,44.0,16.0,5.0,3.0,0.0,2.0,16.0,10.0,15.0,1348.0
38,61,0,118.0,37.0,9.0,5.0,0.0,11.0,37.0,19.0,27.0,2308.0
38,62,0,71.5,23.0,5.0,5.0,1.0,4.0,22.0,9.0,16.0,1833.0
38,63,1,22.0,7.0,0.5,1.5,0.0,2.5,7.0,2.8,5.0,628.5
39,54,1,2.0,0.7,0.1,0.1,0.0,0.2,0.7,0.3,0.4,47.6
39,55,1,8.0,2.9,0.5,0.4,0.0,0.7,2.9,1.2,1.6,190.5
39,57,1,2.0,0.7,0.1,0.1,0.0,0.2,0.7,0.3,0.4,47.6
39,58,1,7.0,2.5,0.4,0.4,0.0,0.6,2.5,1.1,1.4,166.7
39,59,1,17.0,6.1,1.1,0.9,0.0,1.6,6.1,2.6,3.3,404.8
39,60,1,13.0,4.7,0.8,0.7,0.0,1.2,4.7,2.0,2.5,309.6
39,61,1,6.0,2.2,0.4,0.3,0.0,0.6,2.2,0.9,1.2,142.9
39,62,0,179.0,48.0,3.0,16.0,0.0,21.0,48.0,32.0,2.0,3765.0
39,63,1,4.0,1.4,0.2,0.2,0.0,0.4,1.4,0.6,0.8,95.3
40,59,1,15.0,5.4,0.9,0.8,0.0,1.4,5.4,2.3,2.9,357.2
40,66,1,4.0,1.7,0.7,0.1,0.0,0.1,1.7,0.7,0.7,61.7
40,95,1,2.0,0.9,0.3,0.1,0.0,0.1,0.9,0.3,0.3,30.9
41,56,1,4.0,1.4,0.2,0.2,0.0,0.4,1.4,0.6,0.8,95.3
41,60,1,15.0,5.4,0.9,0.8,0.0,1.4,5.4,2.3,2.9,357.2
41,63,1,4.0,1.4,0.2,0.2,0.0,0.4,1.4,0.6,0.8,95.3
41,65,1,12.0,5.2,2.0,0.4,0.0,0.4,5.2,2.0,2.0,185.2
41,95,1,4.0,1.7,0.7,0.1,0.0,0.1,1.7,0.7,0.7,61.7
41,96,1,1.0,0.4,0.2,0.0,0.0,0.0,0.4,0.2,0.2,15.4
42,124,1,4.0,1.4,0.1,0.0,0.0,0.2,1.4,0.3,1.0,77.0
43,97,1,1.0,0.4,0.2,0.0,0.0,0.0,0.4,0.2,0.2,15.4
44,61,1,3.0,1.0,0.0,0.1,0.0,0.1,1.0,0.6,0.6,68.1
44,63,1,3.0,1.0,0.0,0.1,0.0,0.1,1.0,0.6,0.6,68.1
44,98,1,4.0,1.3,0.3,0.2,0.0,0.2,1.3,0.8,0.7,88.1
44,127,1,3.0,1.2,0.2,0.1,0.0,0.5,1.2,0.8,0.9,86.7
45,64,1,1.0,0.3,0.1,0.1,0.0,0.0,0.3,0.2,0.2,20.3
46,63,1,3.0,1.0,0.0,0.1,0.0,0.1,1.0,0.6,0.6,68.1
46,64,1,7.0,2.2,0.6,0.7,0.0,0.3,2.2,1.1,1.5,142.0
46,102,1,9.0,3.0,0.8,0.5,0.0,0.3,3.0,1.9,1.6,198.2
47,77,1,2.0,0.6,0.2,0.2,0.0,0.1,0.6,0.3,0.4,40.6
47,105,1,5.0,1.4,0.1,0.3,0.1,0.3,1.3,0.9,0.8,102.9
47,106,1,3.0,0.8,0.1,0.2,0.1,0.2,0.7,0.5,0.5,61.8
47,127,1,6.0,2.3,0.4,0.2,0.0,1.0,2.3,1.5,1.7,173.4
48,98,1,3.0,1.0,0.3,0.2,0.0,0.1,1.0,0.6,0.5,66.1
48,103,1,9.5,3.2,0.8,0.5,0.0,0.4,3.2,2.0,1.7,209.2
48,104,0,44.0,14.0,2.0,4.0,0.0,4.0,14.0,8.0,10.0,973.0
48,105,0,75.0,20.0,3.0,6.0,0.0,6.0,20.0,12.0,14.0,1060.0
48,106,0,60.5,18.0,1.0,2.0,0.0,5.0,18.0,8.0,13.0,1119.0
48,107,1,31.0,8.7,0.8,1.6,0.8,1.6,7.9,5.6,4.8,638.3
48,125,1,1.0,0.4,0.1,0.0,0.0,0.2,0.4,0.3,0.3,28.9
48,127,1,9.0,3.5,0.6,0.3,0.0,1.5,3.5,2.3,2.6,260.1
49,77,1,2.0,0.6,0.2,0.2,0.0,0.1,0.6,0.3,0.4,40.6
49,104,1,26.0,7.9,1.3,1.3,0.6,1.6,7.3,1.3,4.7,612.0
49,105,1,15.5,4.7,0.8,0.8,0.4,0.9,4.3,0.8,2.8,364.9
49,106,1,30.0,9.1,1.5,1.5,0.7,1.8,8.4,1.5,5.5,706.2
49,107,0,33.0,11.0,0.0,1.0,1.0,0.0,10.0,5.0,4.0,680.0
49,108,1,1.0,0.3,0.0,0.0,0.0,0.1,0.3,0.0,0.2,23.5
49,126,1,3.0,0.8,0.1,0.3,0.0,0.0,0.8,0.4,0.7,63.8
49,127,1,9.0,2.5,0.3,0.8,0.0,0.1,2.5,1.2,2.2,191.5
50,76,1,4.0,1.3,0.3,0.4,0.0,0.2,1.3,0.6,0.9,81.1
50,77,1,5.0,1.6,0.4,0.5,0.0,0.2,1.6,0.8,1.1,101.4
50,106,1,5.0,1.5,0.2,0.2,0.1,0.3,1.4,0.2,0.9,117.7
50,109,1,12.0,4.2,0.8,0.8,0.0,0.5,4.2,2.0,2.9,292.9
50,110,1,14.0,4.9,1.0,1.0,0.0,0.6,4.9,2.4,3.4,341.7
51,109,1,20.0,7.0,1.4,1.4,0.0,0.8,7.0,3.4,4.8,488.2
51,110,0,46.0,16.0,2.0,1.0,2.0,3.0,14.0,6.0,9.0,1267.0
51,111,1,23.0,8.1,1.6,1.6,0.0,1.0,8.1,3.9,5.5,561.4
52,76,1,1.0,0.3,0.1,0.1,0.0,0.0,0.3,0.2,0.2,20.3
52,77,1,12.0,3.8,1.0,1.2,0.0,0.5,3.8,1.9,2.6,243.4
52,78,1,2.0,0.6,0.2,0.2,0.0,0.1,0.6,0.3,0.4,40.6
52,102,1,10.0,3.3,0.9,0.6,0.0,0.4,3.3,2.1,1.8,220.2
52,107,1,1.0,0.3,0.0,0.0,0.0,0.1,0.3,0.0,0.2,23.5
52,109,1,2.0,0.7,0.1,0.1,0.0,0.1,0.7,0.3,0.5,48.8
52,110,0,86.0,28.0,7.0,5.0,0.0,2.0,28.0,10.0,19.0,1874.0
52,111,0,49.0,14.0,3.0,4.0,0.0,3.0,14.0,5.0,10.0,1000.0
52,127,1,11.0,3.0,0.3,1.0,0.0,0.2,3.0,1.5,2.7,234.0
53,75,1,1.0,0.3,0.1,0.1,0.0,0.0,0.3,0.2,0.2,20.3
53,77,1,4.0,1.3,0.3,0.4,0.0,0.2,1.3,0.6,0.9,81.1
53,102,1,2.0,0.7,0.2,0.1,0.0,0.1,0.7,0.4,0.4,44.0
53,104,1,4.0,1.2,0.2,0.2,0.1,0.2,1.1,0.2,0.7,94.2
53,110,0,77.0,24.0,6.0,7.0,0.0,3.0,24.0,7.0,16.0,1828.0
53,125,1,5.0,1.4,0.2,0.5,0.0,0.1,1.4,0.7,1.2,106.4
53,127,0,49.0,14.0,1.0,3.0,0.0,2.0,14.0,7.0,12.0,1003.0
54,76,1,7.0,2.5,0.8,0.3,0.2,0.5,2.3,1.5,1.1,114.9
54,77,1,1.0,0.4,0.1,0.0,0.0,0.1,0.4,0.2,0.2,16.4
54,78,1,6.0,2.2,0.7,0.3,0.2,0.5,2.0,1.3,0.9,98.5
54,103,1,1.0,0.3,0.1,0.0,0.0,0.0,0.3,0.1,0.2,24.8
54,105,1,6.0,1.6,0.2,0.5,0.0,0.4,1.6,0.9,1.0,98.4
54,109,1,5.0,1.5,0.0,0.4,0.0,0.2,1.5,0.8,1.3,105.3
54,110,0,77.0,27.0,9.0,5.0,0.0,7.0,27.0,13.0,17.0,1648.0
54,111,0,141.0,39.0,3.0,12.0,0.0,6.0,39.0,18.0,33.0,2689.0
54,125,1,10.0,2.2,0.1,0.9,0.3,0.3,1.9,0.7,1.3,162.2
54,127,0,55.0,24.0,8.0,1.0,0.0,4.0,24.0,13.0,17.0,1775.0
55,75,1,5.0,1.8,0.6,0.2,0.1,0.4,1.7,1.0,0.8,82.1
55,76,1,25.0,9.1,2.8,1.2,0.7,1.9,8.4,5.2,3.8,410.5
55,77,1,27.0,9.8,3.0,1.3,0.7,2.1,9.1,5.7,4.2,443.3
55,78,1,6.0,2.2,0.7,0.3,0.2,0.5,2.0,1.3,0.9,98.5
55,102,1,4.0,1.3,0.2,0.1,0.0,0.2,1.3,0.2,1.0,99.1
55,104,1,9.0,2.4,0.3,0.7,0.0,0.6,2.4,1.4,1.5,147.7
55,110,0,44.0,11.0,2.0,4.0,0.0,2.0,11.0,6.0,6.0,695.0
55,111,0,155.0,45.0,8.0,11.0,6.0,10.0,39.0,25.0,27.0,2327.0
55,112,1,5.0,1.5,0.0,0.4,0.0,0.2,1.5,0.8,1.3,105.3
55,127,0,42.5,13.0,1.0,3.0,0.0,3.0,13.0,4.0,10.0,819.0
56,76,1,9.0,3.3,1.0,0.4,0.3,0.7,3.0,1.9,1.4,147.8
56,77,1,1.0,0.4,0.1,0.0,0.0,0.1,0.4,0.2,0.2,16.4
56,78,1,11.0,4.0,1.2,0.5,0.3,0.8,3.7,2.3,1.7,180.6
56,100,1,2.0,0.7,0.1,0.1,0.0,0.1,0.7,0.1,0.5,49.6
56,104,1,45.0,12.2,1.3,3.5,0.0,3.1,12.2,7.0,7.4,738.3
56,105,1,5.0,1.4,0.1,0.4,0.0,0.3,1.4,0.8,0.8,82.0
56,110,1,15.0,4.4,0.0,1.1,0.0,0.5,4.4,2.5,3.8,315.8
56,111,0,79.0,25.0,4.0,3.0,0.0,6.0,25.0,16.0,15.0,1744.0
56,112,0,74.0,26.0,10.0,5.0,0.0,5.0,26.0,18.0,18.0,1462.0
56,113,0,70.0,22.0,5.0,4.0,0.0,2.0,22.0,13.0,18.0,1384.0
56,114,1,1.0,0.3,0.1,0.0,0.0,0.0,0.3,0.1,0.2,24.2
57,77,1,4.0,1.5,0.4,0.2,0.1,0.3,1.4,0.8,0.6,65.7
57,78,1,17.0,6.2,1.9,0.8,0.5,1.3,5.7,3.6,2.6,279.1
57,80,1,6.0,1.9,0.2,0.2,0.0,0.4,1.9,0.9,1.1,71.4
57,102,1,1.0,0.3,0.1,0.0,0.0,0.0,0.3,0.1,0.2,24.8
57,104,1,12.0,3.3,0.3,0.9,0.0,0.8,3.3,1.9,2.0,196.9
57,105,1,3.0,0.8,0.1,0.2,0.0,0.2,0.8,0.5,0.5,49.2
57,107,1,3.0,0.8,0.1,0.2,0.0,0.2,0.8,0.5,0.5,49.2
57,111,1,10.0,2.9,0.0,0.7,0.0,0.4,2.9,1.6,2.5,210.5
57,112,1,14.0,4.1,0.0,1.0,0.0,0.5,4.1,2.3,3.6,294.8
58,77,1,9.0,3.3,1.0,0.4,0.3,0.7,3.0,1.9,1.4,147.8
58,78,1,15.0,5.5,1.7,0.7,0.4,1.2,5.1,3.1,2.3,246.3
58,81,1,19.0,6.0,0.7,0.7,0.0,1.3,6.0,3.0,3.3,226.0
58,101,1,27.0,8.9,1.7,0.8,0.0,1.3,8.9,1.7,6.8,669.1
58,102,1,19.0,6.2,1.2,0.6,0.0,0.9,6.2,1.2,4.8,470.8
58,105,1,20.0,5.4,0.6,1.6,0.0,1.4,5.4,3.1,3.3,328.2
58,112,1,6.0,1.7,0.0,0.4,0.0,0.2,1.7,1.0,1.5,126.3
58,127,1,20.0,4.4,0.3,1.8,0.6,0.6,3.8,1.5,2.6,324.4
59,75,1,6.0,1.9,0.2,0.2,0.0,0.4,1.9,0.9,1.1,71.4
59,78,1,17.0,5.4,0.6,0.6,0.0,1.2,5.4,2.7,3.0,202.2
59,81,1,21.0,6.3,1.6,1.6,0.2,0.6,6.1,2.8,4.5,343.1
59,82,1,6.0,1.8,0.5,0.5,0.1,0.2,1.7,0.8,1.3,98.0
59,85,1,1.0,0.3,0.1,0.1,0.0,0.0,0.3,0.2,0.2,22.0
59,101,0,40.0,12.0,1.0,4.0,0.0,1.0,12.0,7.0,11.0,822.0
59,102,0,147.0,40.0,4.0,13.0,0.0,8.0,40.0,25.0,37.0,2692.0
59,103,1,8.0,2.5,0.4,0.4,0.0,0.3,2.5,0.7,2.2,196.2
59,104,0,51.0,15.0,1.0,3.0,0.0,4.0,15.0,5.0,8.0,892.0
59,112,0,36.0,17.0,6.0,0.0,1.0,6.0,16.0,11.0,7.0,988.0
59,122,1,7.0,2.0,0.1,0.4,0.0,0.3,2.0,0.3,1.5,136.8
59,124,1,4.0,1.2,0.1,0.1,0.0,0.1,1.2,0.2,0.9,85.5
59,127,0,61.0,17.0,1.0,4.0,1.0,3.0,16.0,5.0,15.0,1188.0
60,55,1,7.0,2.3,0.0,0.2,0.0,0.2,2.3,1.4,1.4,158.8
60,76,1,3.0,0.9,0.1,0.1,0.0,0.2,0.9,0.5,0.5,35.7
60,79,1,4.0,1.2,0.3,0.3,0.0,0.1,1.2,0.5,0.9,65.4
60,82,1,6.0,1.8,0.5,0.5,0.1,0.2,1.7,0.8,1.3,98.0
60,98,1,1.0,0.3,0.1,0.0,0.0,0.0,0.3,0.1,0.2,24.8
60,100,1,4.0,1.3,0.2,0.2,0.0,0.1,1.3,0.4,1.1,98.1
60,101,0,70.0,24.0,6.0,4.0,0.0,9.0,24.0,12.0,11.0,1597.0
60,102,0,208.0,66.0,13.0,14.0,0.0,13.0,66.0,25.0,28.0,4782.0
60,103,1,21.0,6.6,1.2,1.2,0.0,0.8,6.6,2.0,5.7,515.1
60,112,1,42.0,11.5,1.3,3.8,0.0,3.2,11.5,2.5,8.3,822.8
60,113,1,10.0,2.7,0.3,0.9,0.0,0.8,2.7,0.6,2.0,195.9
60,115,0,66.0,19.0,3.0,3.0,3.0,6.0,16.0,10.0,8.0,1166.0
60,121,1,6.0,1.7,0.1,0.3,0.0,0.2,1.7,0.2,1.3,117.3
60,122,0,66.5,19.0,2.0,3.0,2.0,3.0,17.0,3.0,9.0,1462.0
60,124,0,50.0,14.0,1.0,3.0,0.0,2.0,14.0,6.0,12.0,944.0
60,126,1,8.0,2.5,0.1,0.1,0.0,0.1,2.5,0.5,1.8,171.0
60,127,0,169.0,52.0,6.0,5.0,1.0,4.0,51.0,10.0,40.0,4933.0
61,78,1,2.0,0.6,0.1,0.1,0.0,0.1,0.6,0.3,0.4,23.8
61,79,1,1.0,0.3,0.1,0.1,0.0,0.0,0.3,0.1,0.2,16.3
61,80,1,19.0,5.7,1.5,1.5,0.2,0.6,5.5,2.6,4.0,310.4
61,82,1,10.5,3.1,0.8,0.8,0.1,0.3,3.0,1.4,2.2,171.6
61,83,1,10.0,3.0,0.8,0.8,0.1,0.3,2.9,1.4,2.1,163.4
61,84,1,6.0,2.0,0.5,0.3,0.0,0.2,2.0,1.3,1.1,132.1
61,86,1,6.0,2.0,0.5,0.3,0.0,0.2,2.0,1.3,1.1,132.1
61,87,1,3.0,1.0,0.3,0.2,0.0,0.1,1.0,0.6,0.5,66.1
61,88,1,3.0,1.0,0.3,0.2,0.0,0.1,1.0,0.6,0.5,66.1
61,101,1,10.0,3.2,0.6,0.6,0.0,0.4,3.2,0.9,2.7,245.3
61,102,1,29.5,9.3,1.6,1.6,0.0,1.1,9.3,2.7,8.0,723.6
61,103,0,28.0,11.0,1.0,0.0,0.0,3.0,11.0,2.0,8.0,814.0
61,106,1,6.0,2.0,0.4,0.3,0.0,0.7,2.0,1.1,0.4,94.7
61,113,0,60.0,20.0,3.0,4.0,2.0,2.0,18.0,9.0,16.0,1490.0
61,114,0,56.0,18.0,3.0,4.0,0.0,3.0,18.0,10.0,18.0,1281.0
61,115,1,4.0,1.3,0.3,0.2,0.0,0.0,1.3,0.4,0.9,97.0
61,121,1,14.0,4.1,0.3,0.8,0.0,0.5,4.1,0.5,3.1,273.6
61,122,0,68.0,22.0,4.0,3.0,0.0,3.0,22.0,8.0,15.0,1882.0
61,123,0,40.0,14.0,2.0,3.0,0.0,4.0,14.0,6.0,11.0,603.0
61,126,1,46.0,14.2,0.7,0.7,0.0,0.7,14.2,2.8,10.6,983.0
61,127,0,151.5,43.0,2.0,8.0,0.0,10.0,43.0,8.0,34.0,3740.0
62,71,1,4.0,1.3,0.3,0.4,0.0,0.2,1.3,0.6,0.9,81.1
62,83,1,4.0,1.2,0.3,0.3,0.0,0.1,1.2,0.5,0.9,65.4
62,85,1,2.0,0.7,0.2,0.1,0.0,0.1,0.7,0.4,0.4,44.0
62,86,1,2.0,0.7,0.2,0.1,0.0,0.1,0.7,0.4,0.4,44.0
62,87,1,4.0,1.3,0.3,0.2,0.0,0.2,1.3,0.8,0.7,88.1
62,95,1,3.0,1.0,0.2,0.1,0.0,0.1,1.0,0.2,0.8,74.3
62,102,1,9.0,2.8,0.5,0.5,0.0,0.3,2.8,0.8,2.4,220.8
62,103,1,4.0,1.3,0.2,0.2,0.0,0.1,1.3,0.4,1.1,98.1
62,104,1,7.0,2.3,0.5,0.4,0.0,0.8,2.3,1.3,0.5,110.5
62,106,1,13.0,4.3,0.9,0.6,0.0,1.5,4.3,2.4,0.9,205.2
62,107,0,52.0,14.0,2.0,5.0,0.0,2.0,14.0,11.2,5.0,637.0
62,112,1,3.0,0.8,0.1,0.3,0.0,0.2,0.8,0.2,0.6,58.8
62,113,0,60.0,22.0,2.0,2.0,2.0,4.0,20.0,7.0,14.0,1704.0
62,114,0,91.0,27.0,1.0,4.0,0.0,3.0,27.0,3.0,25.0,3041.0
62,115,1,16.0,5.1,1.1,0.7,0.0,0.0,5.1,1.5,3.6,388.0
62,122,1,16.0,4.7,0.3,0.9,0.0,0.6,4.7,0.6,3.5,312.7
62,123,1,12.0,3.5,0.2,0.7,0.0,0.4,3.5,0.4,2.6,234.5
62,126,0,79.5,25.0,2.0,4.0,3.0,5.0,22.0,2.0,19.0,1758.0
62,127,0,155.0,52.0,5.0,4.0,6.0,7.0,46.0,8.0,40.0,4514.0
63,72,1,5.0,1.6,0.4,0.5,0.0,0.2,1.6,0.8,1.1,101.4
63,74,1,4.0,1.3,0.1,0.1,0.0,0.3,1.3,0.6,0.7,47.6
63,81,1,3.0,0.9,0.2,0.2,0.0,0.1,0.9,0.4,0.6,49.0
63,83,1,19.0,5.7,1.5,1.5,0.2,0.6,5.5,2.6,4.0,310.4
63,84,1,16.0,5.4,1.4,0.9,0.0,0.6,5.4,3.4,2.9,352.3
63,85,0,88.0,30.0,10.0,8.0,0.0,4.0,30.0,13.0,20.0,2510.0
63,86,1,19.0,6.4,1.6,1.1,0.0,0.7,6.4,4.0,3.5,418.4
63,87,1,5.0,1.7,0.4,0.3,0.0,0.2,1.7,1.1,0.9,110.1
63,98,1,6.0,2.0,0.4,0.2,0.0,0.3,2.0,0.4,1.5,148.7
63,102,1,17.0,5.4,0.9,0.9,0.0,0.6,5.4,1.6,4.6,417.0
63,103,1,5.0,1.6,0.3,0.3,0.0,0.2,1.6,0.5,1.3,122.7
63,104,1,10.0,3.3,0.7,0.5,0.0,1.2,3.3,1.8,0.7,157.8
63,105,1,1.0,0.3,0.1,0.0,0.0,0.1,0.3,0.2,0.1,15.8
63,106,1,12.0,4.0,0.8,0.6,0.0,1.4,4.0,2.2,0.8,189.4
63,107,1,11.0,3.7,0.7,0.5,0.0,1.3,3.7,2.0,0.7,173.6
63,110,1,11.0,3.0,0.3,1.0,0.0,0.8,3.0,0.7,2.2,215.5
63,113,0,171.0,52.0,7.0,11.0,1.0,14.0,51.0,23.0,21.0,4242.0
63,114,0,50.0,16.0,2.0,2.0,0.0,0.0,16.0,2.0,16.0,1449.0
63,115,1,23.0,7.3,1.6,1.0,0.0,0.0,7.3,2.1,5.2,557.8
63,123,0,98.0,33.0,7.0,5.0,0.0,10.0,33.0,15.0,30.0,2626.0
63,124,0,55.0,20.0,5.0,2.0,1.0,3.0,19.0,9.0,10.0,1380.0
63,126,1,5.0,1.5,0.1,0.1,0.0,0.1,1.5,0.3,1.2,106.8
63,127,1,2.0,0.6,0.0,0.0,0.0,0.0,0.6,0.1,0.5,42.7
64,67,1,2.0,0.5,0.0,0.2,0.0,0.0,0.5,0.3,0.5,42.3
64,70,1,4.0,1.1,0.1,0.4,0.0,0.1,1.1,0.5,0.9,84.5
64,76,1,4.0,1.3,0.1,0.2,0.0,0.3,1.3,0.4,1.0,76.8
64,80,1,6.0,2.1,0.5,0.3,0.0,0.2,2.1,0.7,1.6,155.0
64,83,0,51.0,15.0,3.0,3.0,4.0,5.0,11.0,8.0,8.0,1154.0
64,84,0,79.0,24.0,2.0,5.0,0.0,3.0,24.0,4.0,16.0,2297.0
64,85,0,127.0,43.0,9.0,8.0,1.0,15.0,42.0,24.0,29.0,3014.0
64,86,1,31.0,8.5,0.5,2.2,0.0,1.4,8.5,2.5,6.6,628.5
64,87,1,5.0,1.4,0.1,0.4,0.0,0.2,1.4,0.4,1.1,101.4
64,98,1,5.0,1.6,0.6,0.5,0.1,0.0,1.5,0.5,1.2,115.5
64,103,1,28.0,9.1,1.5,2.3,0.0,2.8,9.1,3.3,4.3,790.3
64,104,0,77.0,23.0,2.0,5.0,0.0,5.0,23.0,6.0,19.0,1948.0
64,105,0,28.0,13.0,5.0,1.0,0.0,1.0,13.0,3.0,10.0,1346.0
64,110,1,2.0,0.6,0.1,0.1,0.0,0.0,0.6,0.2,0.5,43.2
64,113,0,109.0,32.0,3.0,5.0,0.0,1.0,32.0,8.0,23.0,2360.0
64,114,1,23.0,8.2,1.5,1.1,0.0,1.3,8.2,3.4,5.1,561.7
64,115,1,31.0,11.1,2.0,1.4,0.0,1.7,11.1,4.6,6.8,757.1
64,122,1,4.0,1.7,0.6,0.2,0.3,0.3,1.4,0.4,1.0,140.7
64,123,0,156.0,51.0,7.0,7.0,0.0,14.0,51.0,11.0,38.0,4014.0
64,124,0,151.0,46.0,9.0,11.0,0.0,8.0,46.0,21.0,30.0,3852.0
64,125,1,22.0,6.8,0.8,1.1,0.0,1.3,6.8,1.9,3.8,631.4
64,126,1,5.0,1.6,0.2,0.3,0.0,0.3,1.6,0.4,0.9,143.5
65,75,1,2.0,0.6,0.0,0.1,0.0,0.1,0.6,0.2,0.5,38.4
65,83,1,24.0,8.4,1.9,1.2,0.0,1.0,8.4,2.6,6.2,619.9
65,84,0,87.5,28.0,4.0,6.0,1.0,4.0,27.0,6.0,19.0,2980.0
65,85,0,223.0,63.0,3.0,16.0,0.0,18.0,63.0,34.0,38.0,5312.0
65,86,1,26.0,7.1,0.5,1.8,0.0,1.2,7.1,2.1,5.5,527.1
65,91,1,4.0,1.2,0.2,0.2,0.0,0.2,1.2,0.7,0.5,61.7
65,93,1,5.0,1.4,0.2,0.3,0.0,0.3,1.4,0.9,0.7,77.1
65,97,1,1.0,0.3,0.1,0.1,0.0,0.0,0.3,0.1,0.2,23.1
65,98,1,30.0,9.8,3.5,2.9,0.6,0.0,9.2,2.9,7.5,692.9
65,100,1,5.0,1.6,0.3,0.4,0.0,0.5,1.6,0.6,0.8,141.1
65,103,1,5.0,1.6,0.3,0.4,0.0,0.5,1.6,0.6,0.8,141.1
65,104,0,52.0,18.0,5.0,3.0,1.0,2.0,17.0,3.0,10.0,1370.0
65,105,1,6.0,2.0,0.5,0.3,0.0,0.4,2.0,0.9,1.4,167.4
65,111,1,24.0,7.1,1.2,1.5,0.0,0.5,7.1,1.9,5.6,517.9
65,112,1,49.0,14.6,2.5,3.1,0.0,1.1,14.6,3.9,11.5,1057.3
65,113,0,110.0,36.0,6.0,4.0,0.0,10.0,36.0,17.0,26.0,2693.0
65,114,1,4.0,1.4,0.3,0.2,0.0,0.2,1.4,0.6,0.9,97.7
65,115,1,15.0,5.4,1.0,0.7,0.0,0.8,5.4,2.2,3.3,366.3
65,118,0,41.0,13.0,4.0,3.0,1.0,1.0,12.0,3.0,11.0,1212.0
65,123,0,104.0,35.0,7.0,6.0,0.0,5.0,35.0,15.0,24.0,2365.0
65,124,0,177.0,59.0,7.0,10.0,1.0,14.0,58.0,21.0,43.0,4335.0
65,125,0,90.5,34.0,10.0,4.0,5.0,9.0,29.0,23.0,14.0,2212.0
65,126,1,22.0,6.8,0.8,1.1,0.0,1.3,6.8,1.9,3.8,631.4
66,70,1,5.0,1.3,0.1,0.5,0.0,0.1,1.3,0.6,1.2,105.7
66,78,1,5.0,1.6,0.1,0.2,0.0,0.3,1.6,0.6,1.3,96.0
66,79,1,4.0,1.4,0.3,0.2,0.0,0.2,1.4,0.4,1.0,103.3
66,81,1,1.0,0.4,0.1,0.0,0.0,0.0,0.4,0.1,0.3,25.8
66,83,1,20.0,7.0,1.6,1.0,0.0,0.8,7.0,2.2,5.2,516.6
66,84,1,6.0,1.6,0.1,0.4,0.0,0.3,1.6,0.5,1.3,121.6
66,85,1,34.0,9.3,0.6,2.4,0.0,1.5,9.3,2.7,7.2,689.3
66,86,0,44.5,12.0,1.0,2.0,0.0,2.0,12.0,0.0,12.0,1159.0
66,93,1,6.0,1.7,0.3,0.4,0.0,0.4,1.7,1.1,0.8,92.5
66,95,1,1.0,0.3,0.1,0.1,0.0,0.0,0.3,0.1,0.2,23.1
66,96,1,9.0,2.9,1.0,0.9,0.2,0.0,2.7,0.9,2.2,207.9
66,97,0,65.0,17.0,1.0,7.0,0.0,4.0,17.0,6.0,14.0,1146.0
66,98,0,178.0,51.0,7.0,12.0,0.0,8.0,51.0,18.0,42.0,4245.0
66,99,1,4.0,1.3,0.2,0.3,0.0,0.4,1.3,0.5,0.6,112.9
66,100,0,32.5,12.0,4.0,3.0,0.0,2.0,12.0,6.0,6.0,805.0
66,101,1,11.0,3.6,0.6,0.9,0.0,1.1,3.6,1.3,1.7,310.5
66,102,0,65.0,24.0,6.0,5.0,10.0,6.0,14.0,6.0,9.0,1975.0
66,103,1,12.0,3.9,0.6,1.0,0.0,1.2,3.9,1.4,1.8,338.7
66,104,1,25.0,8.5,1.9,1.2,0.0,1.5,8.5,3.8,5.8,697.7
66,105,1,2.0,0.7,0.2,0.1,0.0,0.1,0.7,0.3,0.5,55.8
66,111,1,25.0,7.4,1.3,1.6,0.0,0.6,7.4,2.0,5.9,539.4
66,112,1,28.0,8.3,1.4,1.8,0.0,0.6,8.3,2.2,6.6,604.2
66,113,0,75.0,21.0,2.0,6.0,0.0,4.0,21.0,10.0,15.0,1307.0
66,115,0,58.0,19.0,4.0,2.0,0.0,3.0,19.0,9.0,15.0,1649.0
66,116,0,31.0,11.0,2.0,0.0,0.0,2.0,11.0,6.0,8.0,850.0
66,118,0,59.0,16.0,2.0,4.0,0.0,2.0,16.0,9.0,14.0,1178.0
66,119,1,8.0,3.4,1.2,0.5,0.6,0.6,2.8,0.8,2.0,281.4
66,123,1,5.0,2.1,0.8,0.3,0.4,0.4,1.7,0.5,1.2,175.9
66,124,0,126.0,41.0,10.0,6.0,9.0,8.0,32.0,19.0,18.0,2966.0
66,125,0,92.0,32.0,6.0,4.0,1.0,9.0,31.0,10.0,24.0,2289.0
66,126,0,177.0,52.0,8.0,11.0,0.0,16.0,52.0,16.0,12.0,4304.0
67,65,1,7.0,1.8,0.1,0.7,0.0,0.1,1.8,0.9,1.6,148.0
67,70,1,5.0,1.3,0.1,0.5,0.0,0.1,1.3,0.6,1.2,105.7
67,72,1,2.0,0.5,0.0,0.2,0.0,0.0,0.5,0.3,0.5,42.3
67,80,1,2.0,0.7,0.2,0.1,0.0,0.1,0.7,0.2,0.5,51.7
67,88,1,10.0,2.7,0.2,0.7,0.0,0.4,2.7,0.8,2.1,202.7
67,96,1,1.0,0.3,0.1,0.1,0.0,0.0,0.3,0.1,0.2,23.1
67,98,0,89.0,31.0,6.0,3.0,2.0,7.0,29.0,13.0,22.0,2234.0
67,99,0,145.0,50.0,11.0,7.0,34.0,13.0,16.0,25.0,12.0,3398.0
67,100,1,10.0,3.2,0.5,0.8,0.0,1.0,3.2,1.2,1.5,282.3
67,101,1,9.0,2.9,0.5,0.7,0.0,0.9,2.9,1.1,1.4,254.0
67,102,0,41.0,11.0,2.0,3.0,0.0,1.0,11.0,6.0,9.0,892.0
67,103,0,103.0,28.0,1.0,5.0,0.0,6.0,28.0,9.0,17.0,2066.0
67,104,1,29.0,9.8,2.2,1.3,0.0,1.8,9.8,4.5,6.7,809.3
67,105,1,3.0,1.0,0.2,0.1,0.0,0.2,1.0,0.5,0.7,83.7
67,110,0,69.0,22.0,3.0,3.0,0.0,4.0,22.0,3.0,20.0,1789.0
67,111,0,102.0,32.0,8.0,6.0,0.0,6.0,32.0,11.0,20.0,2477.0
67,112,0,65.0,24.0,4.0,1.0,0.0,4.0,24.0,8.0,17.0,2278.0
67,113,1,26.0,7.7,1.3,1.6,0.0,0.6,7.7,2.1,6.1,561.0
67,115,0,54.0,15.0,2.0,5.0,0.0,2.0,15.0,6.0,12.0,1385.0
67,116,0,67.0,20.0,4.0,4.0,0.0,4.0,20.0,7.0,14.0,1696.0
67,117,0,91.5,29.0,6.0,6.0,1.0,3.0,28.0,15.0,22.0,2078.0
67,118,0,40.0,18.0,7.0,1.0,0.0,3.0,18.0,9.0,12.0,1273.0
67,119,1,3.0,1.3,0.5,0.2,0.2,0.2,1.1,0.3,0.8,105.5
67,124,1,20.0,6.2,0.7,1.0,0.0,1.2,6.2,1.7,3.4,574.0
67,125,0,70.0,28.0,4.0,3.0,0.0,8.0,28.0,12.0,12.0,1798.0
67,126,0,38.0,15.0,4.0,2.0,1.0,1.0,14.0,6.0,11.0,1277.0
68,68,1,3.0,0.8,0.1,0.3,0.0,0.1,0.8,0.4,0.7,63.4
68,69,1,7.0,1.8,0.1,0.7,0.0,0.1,1.8,0.9,1.6,148.0
68,71,1,3.0,0.8,0.1,0.3,0.0,0.1,0.8,0.4,0.7,63.4
68,80,1,11.0,3.8,0.9,0.6,0.0,0.4,3.8,1.2,2.9,284.1
68,81,1,17.0,6.0,1.4,0.8,0.0,0.7,6.0,1.9,4.4,439.1
68,82,1,15.0,5.2,1.2,0.8,0.0,0.6,5.2,1.6,3.9,387.4
68,88,1,1.0,0.3,0.0,0.1,0.0,0.0,0.3,0.1,0.2,20.3
68,91,1,3.0,0.9,0.1,0.2,0.0,0.2,0.9,0.5,0.4,46.3
68,93,1,48.0,13.8,2.2,2.9,0.0,2.9,13.8,8.7,6.5,740.4
68,94,1,4.0,1.3,0.5,0.4,0.1,0.0,1.2,0.4,1.0,92.4
68,97,1,1.0,0.3,0.1,0.1,0.0,0.0,0.3,0.1,0.2,23.1
68,98,0,137.0,37.0,4.0,11.0,0.0,8.0,37.0,9.0,26.0,2573.0
68,99,0,207.5,60.0,6.0,17.0,18.0,23.0,42.0,32.0,8.0,4423.0
68,102,1,27.0,8.8,1.5,2.2,0.0,2.7,8.8,3.2,4.1,762.1
68,103,0,74.0,26.0,7.0,4.0,0.0,6.0,26.0,8.0,18.0,2260.0
68,110,0,81.0,22.0,1.0,5.0,0.0,8.0,22.0,11.0,4.0,1511.0
68,111,0,243.0,75.0,11.0,15.0,30.0,25.0,45.0,38.0,35.0,5317.0
68,112,0,133.0,45.0,7.0,5.0,0.0,6.0,45.0,6.0,36.0,4571.0
68,113,1,21.0,6.2,1.1,1.3,0.0,0.5,6.2,1.7,4.9,453.1
68,114,1,3.0,1.1,0.2,0.1,0.0,0.2,1.1,0.4,0.7,73.3
68,115,1,6.0,2.1,0.4,0.3,0.0,0.3,2.1,0.9,1.3,146.5
68,116,0,60.0,19.0,2.0,3.0,1.0,1.0,18.0,5.0,13.0,1591.0
68,117,1,27.0,9.7,1.7,1.2,0.0,1.5,9.7,4.0,5.9,659.4
68,118,0,32.0,11.0,1.0,1.0,0.0,1.0,11.0,3.0,7.0,1139.0
68,119,0,249.5,81.0,14.0,14.0,50.0,37.0,31.0,31.0,21.0,6514.0
68,120,0,159.5,47.0,5.0,9.0,0.0,4.0,47.0,4.0,37.0,4613.0
68,121,1,32.0,13.5,4.9,1.8,2.4,2.5,11.1,3.1,8.0,1125.5
68,123,0,64.0,18.0,5.0,5.0,4.0,5.0,14.0,13.0,4.0,1307.0
68,124,0,73.0,27.0,7.0,4.0,0.0,6.0,27.0,13.0,22.0,2241.0
68,125,1,20.0,6.2,0.7,1.0,0.0,1.2,6.2,1.7,3.4,574.0
69,66,1,12.0,3.2,0.3,1.1,0.0,0.3,3.2,1.5,2.8,253.6
69,67,1,8.0,2.1,0.2,0.8,0.0,0.2,2.1,1.0,1.9,169.1
69,70,1,5.0,1.3,0.1,0.5,0.0,0.1,1.3,0.6,1.2,105.7
69,72,1,5.0,1.3,0.1,0.5,0.0,0.1,1.3,0.6,1.2,105.7
69,75,1,1.0,0.3,0.1,0.1,0.0,0.0,0.3,0.1,0.2,16.8
69,77,1,9.0,2.5,0.8,0.7,0.0,0.1,2.5,1.1,2.0,151.1
69,78,1,10.0,2.8,0.8,0.7,0.0,0.1,2.8,1.2,2.2,167.9
69,79,1,3.0,0.9,0.1,0.1,0.0,0.2,0.9,0.3,0.8,57.6
69,80,1,24.0,7.6,0.5,1.1,0.0,1.6,7.6,2.7,6.2,460.9
69,81,1,15.0,4.7,0.3,0.7,0.0,1.0,4.7,1.7,3.9,288.0
69,89,1,40.0,11.2,0.5,2.7,1.6,2.1,9.6,4.8,4.3,696.5
69,90,0,57.0,18.0,1.0,2.0,1.0,3.0,17.0,7.0,12.0,1649.0
69,91,0,62.0,15.0,2.0,7.0,1.0,0.0,14.0,5.0,9.0,842.0
69,92,0,56.0,20.0,3.0,3.0,0.0,5.0,20.0,4.0,17.0,1700.0
69,93,0,108.5,36.0,4.0,5.0,0.0,9.0,36.0,13.0,31.0,3067.0
69,94,0,189.0,57.0,12.0,12.0,1.0,10.0,56.0,19.0,38.0,4171.0
69,95,1,10.0,3.1,0.6,0.8,0.6,0.6,2.5,1.3,1.9,174.0
69,98,0,62.5,18.0,3.0,3.0,1.0,3.0,17.0,3.0,15.0,1494.0
69,99,1,2.0,0.7,0.2,0.1,0.0,0.1,0.7,0.3,0.5,51.2
69,101,0,71.0,23.0,4.0,4.0,0.0,4.0,23.0,13.0,16.0,1784.0
69,102,0,150.0,54.0,11.0,6.0,1.0,12.0,53.0,25.0,31.0,3924.0
69,103,0,78.5,22.0,2.0,6.0,0.0,2.0,22.0,5.0,15.0,1627.0
69,111,0,73.0,22.0,4.0,5.0,1.0,6.0,21.0,9.0,11.0,1378.0
69,112,0,127.0,49.0,16.0,3.0,16.0,11.0,33.0,17.0,22.0,3688.0
69,113,0,33.0,12.0,4.0,3.0,0.0,2.0,12.0,5.0,8.0,1013.0
69,114,1,4.0,1.4,0.3,0.2,0.1,0.1,1.3,0.3,0.7,116.1
69,115,1,5.0,1.8,0.4,0.3,0.1,0.2,1.7,0.4,0.9,145.2
69,117,0,73.0,24.0,4.0,4.0,5.0,8.0,19.0,8.0,12.0,1889.0
69,118,0,71.0,23.0,5.0,4.0,0.0,4.0,23.0,8.0,16.0,2164.0
69,119,0,103.5,38.0,6.0,0.0,7.0,4.0,31.0,4.0,29.0,3213.0
69,120,0,57.5,21.0,4.0,2.0,3.0,2.0,18.0,1.0,15.0,2460.0
70,67,1,6.0,1.6,0.1,0.6,0.0,0.1,1.6,0.8,1.4,126.8
70,68,1,4.0,1.1,0.1,0.4,0.0,0.1,1.1,0.5,0.9,84.5
70,72,1,5.0,1.3,0.1,0.5,0.0,0.1,1.3,0.6,1.2,105.7
70,73,1,4.0,1.1,0.1,0.4,0.0,0.1,1.1,0.5,0.9,84.5
70,74,1,8.0,2.2,0.7,0.6,0.0,0.1,2.2,1.0,1.8,134.3
70,75,1,2.0,0.6,0.2,0.1,0.0,0.0,0.6,0.2,0.4,33.6
70,76,1,1.0,0.3,0.1,0.1,0.0,0.0,0.3,0.1,0.2,16.8
70,77,1,14.0,3.9,1.2,1.0,0.0,0.1,3.9,1.7,3.1,235.0
70,78,0,52.0,14.0,2.0,5.0,0.0,0.0,14.0,4.0,10.0,754.0
70,79,1,3.0,0.9,0.1,0.1,0.0,0.2,0.9,0.3,0.8,57.6
70,80,1,2.0,0.6,0.0,0.1,0.0,0.1,0.6,0.2,0.5,38.4
70,82,1,5.0,1.6,0.1,0.2,0.0,0.3,1.6,0.6,1.3,96.0
70,89,1,11.0,3.1,0.1,0.7,0.4,0.6,2.7,1.3,1.2,191.5
70,90,0,75.0,23.0,3.0,3.0,0.0,5.0,23.0,10.0,16.0,1552.0
70,91,0,206.0,55.0,4.0,9.0,0.0,15.0,55.0,25.0,46.0,4373.0
70,92,0,134.0,39.0,10.0,11.0,0.0,5.0,39.0,15.0,26.0,3141.0
70,93,0,106.0,34.0,4.0,6.0,0.0,3.0,34.0,11.0,30.0,2448.0
70,94,0,72.0,21.0,1.0,4.0,1.0,4.0,20.0,9.0,15.0,2064.0
70,95,1,18.0,5.5,1.0,1.4,1.0,1.0,4.5,2.4,3.5,313.3
70,100,0,161.5,58.0,17.0,11.0,43.0,26.0,15.0,36.0,15.0,3117.0
70,101,0,82.0,27.0,6.0,6.0,0.0,4.0,27.0,14.0,19.0,1938.0
70,102,0,80.0,29.0,8.0,4.0,3.0,4.0,26.0,10.0,17.0,2242.0
70,103,1,40.0,13.3,3.3,2.8,0.0,1.7,13.3,5.6,9.4,1024.4
70,110,1,4.0,1.2,0.2,0.3,0.1,0.2,1.1,0.3,0.5,108.8
70,111,1,2.0,0.6,0.1,0.1,0.0,0.1,0.6,0.2,0.2,54.4
70,112,0,129.0,44.0,9.0,5.0,0.0,9.0,44.0,10.0,31.0,4664.0
70,113,0,173.5,58.0,8.0,7.0,2.0,4.0,56.0,7.0,49.0,6135.0
70,114,0,68.0,20.0,1.0,3.0,1.0,6.0,19.0,3.0,11.0,2304.0
70,116,1,6.0,2.1,0.5,0.3,0.1,0.2,2.0,0.5,1.1,174.2
70,117,0,54.0,20.0,4.0,2.0,5.0,6.0,15.0,8.0,12.0,1632.0
70,118,1,23.0,8.2,1.9,1.2,0.4,0.8,7.8,1.9,4.3,667.8
70,119,1,22.0,7.9,1.8,1.2,0.0,2.4,7.9,4.3,4.3,506.0
71,67,1,1.0,0.3,0.0,0.1,0.0,0.0,0.3,0.1,0.2,21.1
71,68,1,4.0,1.1,0.1,0.4,0.0,0.1,1.1,0.5,0.9,84.5
71,75,1,14.0,3.9,1.2,1.0,0.0,0.1,3.9,1.7,3.1,235.0
71,77,1,8.0,2.2,0.7,0.6,0.0,0.1,2.2,1.0,1.8,134.3
71,78,1,7.0,1.9,0.6,0.5,0.0,0.1,1.9,0.8,1.6,117.5
71,79,1,7.0,2.2,0.2,0.3,0.0,0.5,2.2,0.8,1.8,134.4
71,80,1,3.0,0.9,0.1,0.1,0.0,0.2,0.9,0.3,0.8,57.6
71,81,1,3.0,0.9,0.1,0.1,0.0,0.2,0.9,0.3,0.8,57.6
71,90,1,24.0,6.7,0.3,1.6,1.0,1.3,5.7,2.9,2.6,417.9
71,91,0,60.0,18.0,2.0,5.0,0.0,4.0,18.0,8.0,13.0,1405.0
71,92,0,61.0,17.0,1.0,4.0,0.0,5.0,17.0,10.0,15.0,1102.0
71,93,0,81.0,26.0,6.0,7.0,1.0,7.0,25.0,11.0,21.0,2175.0
71,94,0,61.0,17.0,4.0,6.0,3.0,2.0,14.0,5.0,7.0,1490.0
71,95,1,3.0,0.9,0.2,0.2,0.2,0.2,0.7,0.4,0.6,52.2
71,100,1,12.0,4.0,1.0,0.8,0.0,0.5,4.0,1.7,2.8,307.3
71,101,0,57.0,16.0,4.0,4.0,0.0,2.0,16.0,5.0,13.0,1323.0
71,102,0,50.0,15.0,3.0,2.0,0.0,2.0,15.0,4.0,9.0,1209.0
71,103,1,18.0,6.0,1.5,1.2,0.0,0.8,6.0,2.5,4.2,461.0
71,108,1,6.0,1.7,0.1,0.4,0.1,0.1,1.6,0.3,1.4,140.2
71,111,1,4.0,1.2,0.2,0.3,0.1,0.2,1.1,0.3,0.5,108.8
71,112,0,40.0,12.0,3.0,3.0,0.0,2.0,12.0,2.0,7.0,1090.0
71,113,1,2.0,0.6,0.1,0.1,0.0,0.1,0.6,0.2,0.2,54.4
71,114,0,154.5,71.0,23.0,4.0,41.0,17.0,30.0,7.0,20.0,5504.0
71,115,0,126.5,39.0,8.0,6.0,4.0,7.0,35.0,15.0,13.0,2917.0
72,68,1,3.0,0.8,0.1,0.3,0.0,0.1,0.8,0.4,0.7,63.4
72,77,1,20.0,5.6,1.7,1.5,0.0,0.2,5.6,2.4,4.4,335.7
72,78,1,10.0,2.8,0.8,0.7,0.0,0.1,2.8,1.2,2.2,167.9
72,79,1,10.0,3.1,0.2,0.4,0.0,0.7,3.1,1.1,2.6,192.0
72,94,1,16.0,4.9,0.9,1.2,0.9,0.9,4.0,2.2,3.1,278.5
72,101,0,144.0,44.0,6.0,9.0,44.0,26.0,0.0,33.0,0.0,2659.0
72,102,0,97.0,29.0,4.0,5.0,21.0,14.0,8.0,23.0,3.0,1609.0
72,103,0,93.0,30.0,5.0,5.0,11.0,7.0,19.0,14.0,12.0,2773.0
72,104,1,2.0,0.6,0.0,0.1,0.1,0.0,0.5,0.1,0.5,46.7
72,107,1,10.0,2.8,0.2,0.7,0.2,0.2,2.6,0.5,2.3,233.6
72,108,1,5.0,1.4,0.1,0.3,0.1,0.1,1.3,0.2,1.1,116.8
72,110,1,37.0,11.2,1.4,2.3,0.9,1.9,10.3,2.8,4.2,1006.7
72,111,0,86.0,34.0,10.0,4.0,20.0,8.0,14.0,8.0,4.0,2067.0
72,112,1,30.5,9.2,1.2,1.9,0.8,1.5,8.4,2.3,3.5,829.8
72,113,0,152.0,44.0,2.0,8.0,1.0,2.0,43.0,1.0,13.0,4044.0
72,114,0,80.0,27.0,6.0,5.0,4.0,1.0,23.0,6.0,18.0,2294.0
72,115,1,4.0,1.4,0.3,0.2,0.1,0.1,1.3,0.3,0.7,116.1
73,74,1,3.0,0.8,0.2,0.2,0.0,0.0,0.8,0.4,0.7,50.4
73,75,1,1.0,0.3,0.1,0.1,0.0,0.0,0.3,0.1,0.2,16.8
73,80,1,3.0,0.9,0.1,0.1,0.0,0.2,0.9,0.3,0.8,57.6
73,95,1,5.0,1.5,0.3,0.4,0.3,0.3,1.2,0.7,1.0,87.0
73,100,0,113.0,30.0,0.0,8.0,0.0,11.0,30.0,18.0,14.0,1925.0
73,101,0,813.0,274.0,79.0,47.0,261.0,125.0,13.0,198.0,7.0,15951.0
73,102,0,313.0,100.0,14.0,15.0,36.0,31.0,64.0,44.0,47.0,7190.0
73,103,0,230.0,73.0,18.0,19.0,8.0,12.0,65.0,34.0,50.0,5065.0
73,104,1,24.0,6.7,0.4,1.6,0.4,0.4,6.3,1.2,5.5,560.7
73,105,1,2.0,0.6,0.0,0.1,0.1,0.0,0.5,0.1,0.5,46.7
73,107,1,12.0,3.3,0.2,0.8,0.2,0.2,3.1,0.6,2.8,280.3
73,108,0,108.0,32.0,5.0,8.0,28.0,18.0,4.0,20.0,1.0,2055.0
73,109,0,611.0,182.0,35.0,45.0,155.0,79.0,27.0,128.0,4.0,14329.0
73,110,0,81.0,27.0,3.0,5.0,0.0,3.0,27.0,6.0,16.0,3394.0
73,111,0,251.0,110.0,35.0,6.0,86.0,38.0,24.0,49.0,9.0,6680.0
73,112,0,262.5,113.0,39.0,8.0,77.0,38.0,36.0,55.0,23.0,7212.0
73,113,0,271.0,97.0,27.0,13.0,79.0,36.0,18.0,60.0,12.0,6759.0
73,114,1,17.0,6.1,1.4,0.9,0.3,0.6,5.8,1.4,3.2,493.6
74,65,1,13.0,4.0,0.7,0.9,0.0,0.4,4.0,1.4,2.7,237.8
74,66,1,5.0,1.5,0.3,0.3,0.0,0.1,1.5,0.6,1.0,91.5
74,67,1,5.0,1.5,0.3,0.3,0.0,0.1,1.5,0.6,1.0,91.5
74,68,1,16.0,4.9,0.9,1.1,0.0,0.4,4.9,1.8,3.3,292.7
74,69,1,17.0,6.5,2.4,1.3,0.0,0.5,6.5,4.6,3.2,354.6
74,70,1,1.0,0.4,0.1,0.1,0.0,0.0,0.4,0.3,0.2,20.9
74,72,1,2.0,0.8,0.3,0.2,0.0,0.1,0.8,0.5,0.4,41.7
74,73,1,4.0,1.5,0.6,0.3,0.0,0.1,1.5,1.1,0.8,83.4
74,74,1,1.0,0.2,0.0,0.1,0.0,0.0,0.2,0.1,0.2,10.8
74,75,1,13.0,3.2,0.2,1.4,0.0,0.0,3.2,1.1,2.5,140.0
74,79,1,7.0,2.7,1.0,0.2,0.0,0.5,2.7,1.4,1.7,111.8
74,80,1,4.0,1.5,0.6,0.1,0.0,0.3,1.5,0.8,1.0,63.9
74,81,1,2.0,0.8,0.3,0.1,0.0,0.1,0.8,0.4,0.5,31.9
74,90,1,1.0,0.3,0.0,0.1,0.0,0.1,0.3,0.0,0.2,25.5
74,99,1,22.0,6.7,2.1,1.5,0.3,0.9,6.4,3.5,4.4,382.5
74,100,1,6.0,1.8,0.6,0.4,0.1,0.2,1.7,1.0,1.2,104.3
74,101,0,428.5,166.0,58.0,24.0,127.0,49.0,39.0,115.0,35.0,10215.0
74,102,0,242.5,85.0,21.0,14.0,6.0,13.0,79.0,40.0,47.0,5662.0
74,103,0,309.5,109.0,29.0,17.0,81.0,32.0,28.0,64.0,21.0,6707.0
74,104,0,123.0,45.0,11.0,7.0,27.0,8.0,18.0,13.0,12.0,3892.0
74,105,1,4.0,1.1,0.2,0.3,0.0,0.3,1.1,0.5,0.8,75.9
74,106,1,2.0,0.6,0.1,0.2,0.0,0.1,0.6,0.2,0.4,37.9
74,107,1,15.0,4.2,0.6,1.2,0.2,1.0,4.0,1.7,2.9,284.6
74,108,0,337.0,157.0,70.0,16.0,156.0,60.0,1.0,97.0,1.0,9560.0
74,109,0,43.0,15.0,4.0,2.0,3.0,2.0,12.0,2.0,7.0,1492.0
74,110,0,294.0,122.0,35.0,11.0,96.0,39.0,26.0,65.0,24.0,8596.0
74,111,0,64.0,29.0,9.0,3.0,6.0,3.0,23.0,7.0,14.0,2827.0
74,112,0,170.0,65.0,21.0,7.0,40.0,15.0,25.0,25.0,14.0,4777.0
74,113,0,119.0,39.0,15.0,10.0,28.0,10.0,11.0,25.0,10.0,2529.0
74,114,1,12.0,4.3,1.0,0.7,0.0,1.3,4.3,2.3,2.3,276.0
75,65,1,5.0,1.5,0.3,0.3,0.0,0.1,1.5,0.6,1.0,91.5
75,68,1,6.0,1.8,0.3,0.4,0.0,0.2,1.8,0.7,1.2,109.8
75,69,1,1.0,0.4,0.1,0.1,0.0,0.0,0.4,0.3,0.2,20.9
75,73,1,4.0,1.5,0.6,0.3,0.0,0.1,1.5,1.1,0.8,83.4
75,74,1,12.0,2.9,0.2,1.3,0.0,0.0,2.9,1.1,2.3,129.3
75,79,1,1.0,0.4,0.1,0.0,0.0,0.1,0.4,0.2,0.2,16.0
75,84,1,3.0,0.9,0.1,0.2,0.0,0.2,0.9,0.1,0.6,76.4
75,90,1,4.0,1.2,0.2,0.3,0.0,0.3,1.2,0.2,0.8,101.9
75,99,1,1.0,0.3,0.1,0.1,0.0,0.0,0.3,0.2,0.2,17.4
75,101,0,252.5,86.0,13.0,15.0,60.0,26.0,26.0,52.0,19.0,5585.0
75,102,0,291.0,119.0,45.0,14.0,95.0,42.0,24.0,58.0,14.0,7750.0
75,103,0,377.0,132.0,23.0,16.0,88.0,56.0,44.0,73.0,31.0,9174.0
75,104,0,177.0,67.0,17.0,7.0,46.0,34.0,21.0,43.0,8.0,4831.0
75,105,1,37.0,10.4,1.4,2.8,0.5,2.4,9.9,4.3,7.1,702.1
75,106,1,6.0,1.7,0.2,0.5,0.1,0.4,1.6,0.7,1.2,113.8
75,107,1,13.0,3.7,0.5,1.0,0.2,0.8,3.5,1.5,2.5,246.7
75,108,0,131.0,54.0,15.0,2.0,22.0,11.0,32.0,28.0,28.0,3653.0
75,109,1,29.5,10.7,1.8,1.2,1.8,1.2,8.9,4.8,4.8,819.4
75,110,0,94.0,37.0,14.0,4.0,34.0,10.0,3.0,24.0,3.0,2512.0
75,111,0,52.0,20.0,6.0,4.0,16.0,4.0,4.0,6.0,4.0,1535.0
75,112,0,112.5,42.0,11.0,4.0,20.0,7.0,22.0,12.0,13.0,3550.0
75,113,0,136.0,43.0,8.0,8.0,0.0,10.0,43.0,15.0,20.0,3438.0
75,114,1,2.0,0.7,0.2,0.1,0.0,0.2,0.7,0.4,0.4,46.0
76,66,1,5.0,1.5,0.3,0.3,0.0,0.1,1.5,0.6,1.0,91.5
76,70,1,5.0,1.9,0.7,0.4,0.0,0.2,1.9,1.3,1.0,104.3
76,72,1,3.0,1.1,0.4,0.2,0.0,0.1,1.1,0.8,0.6,62.6
76,73,1,1.0,0.4,0.1,0.1,0.0,0.0,0.4,0.3,0.2,20.9
76,86,1,7.0,2.1,0.3,0.5,0.0,0.5,2.1,0.3,1.5,178.3
76,102,0,81.0,28.0,4.0,3.0,5.0,6.0,23.0,7.0,18.0,2426.0
76,103,0,78.0,29.0,7.0,4.0,0.0,12.0,29.0,13.0,18.0,2262.0
76,104,0,28.5,13.0,3.0,0.0,0.0,4.0,13.0,2.0,10.0,1086.0
76,105,0,83.0,27.0,6.0,6.0,1.0,10.0,26.0,8.0,16.0,2285.0
76,106,0,44.5,20.0,6.0,1.0,0.0,3.0,20.0,3.0,17.0,1710.0
76,107,0,174.0,56.0,10.0,13.0,42.0,23.0,14.0,37.0,9.0,4185.0
76,108,0,512.0,217.0,77.0,18.0,145.0,72.0,72.0,135.0,38.0,12333.0
76,109,0,545.0,198.0,49.0,25.0,44.0,63.0,154.0,119.0,26.0,12389.0
76,110,0,227.5,99.0,37.0,9.0,75.0,30.0,24.0,42.0,5.0,7079.0
76,112,0,141.0,49.0,10.0,6.0,37.0,23.0,12.0,33.0,8.0,3047.0
77,65,1,2.0,0.6,0.1,0.1,0.0,0.1,0.6,0.2,0.4,36.6
77,68,1,10.0,3.1,0.6,0.7,0.0,0.3,3.1,1.1,2.1,182.9
77,69,1,7.0,2.7,1.0,0.6,0.0,0.2,2.7,1.9,1.3,146.0
77,71,1,4.0,1.5,0.6,0.3,0.0,0.1,1.5,1.1,0.8,83.4
77,73,1,8.0,3.0,1.1,0.6,0.0,0.3,3.0,2.2,1.5,166.9
77,74,1,10.0,2.5,0.2,1.1,0.0,0.0,2.5,0.9,1.9,107.7
77,78,1,5.0,1.2,0.1,0.5,0.0,0.0,1.2,0.4,1.0,53.9
77,80,1,6.0,2.3,0.8,0.2,0.0,0.4,2.3,1.2,1.4,95.8
77,81,1,1.0,0.4,0.1,0.0,0.0,0.1,0.4,0.2,0.2,16.0
77,101,1,3.0,0.9,0.3,0.2,0.0,0.1,0.9,0.5,0.6,52.2
77,102,0,130.0,39.0,4.0,8.0,0.0,13.0,39.0,21.0,32.0,2545.0
77,103,0,126.0,42.0,5.0,5.0,0.0,7.0,42.0,18.0,37.0,2829.0
77,104,1,1.0,0.3,0.0,0.1,0.0,0.1,0.3,0.1,0.2,19.0
77,107,0,44.5,14.0,4.0,3.0,10.0,3.0,4.0,7.0,4.0,1145.0
77,108,0,214.0,84.0,25.0,7.0,2.0,15.0,82.0,41.0,58.0,6386.0
77,109,0,149.0,69.0,27.0,6.0,52.0,24.0,17.0,45.0,12.0,4664.0
77,110,0,435.0,160.0,45.0,24.0,100.0,58.0,60.0,95.0,18.0,9948.0
77,111,1,3.0,1.1,0.2,0.1,0.2,0.1,0.9,0.5,0.5,83.3
78,68,1,5.0,1.5,0.3,0.3,0.0,0.1,1.5,0.6,1.0,91.5
78,71,1,6.0,2.3,0.9,0.5,0.0,0.2,2.3,1.6,1.1,125.1
78,74,1,16.0,3.9,0.3,1.7,0.0,0.0,3.9,1.4,3.1,172.4
78,85,1,6.0,1.8,0.3,0.4,0.0,0.4,1.8,0.3,1.3,152.8
78,89,1,17.0,5.1,0.8,1.2,0.0,1.2,5.1,0.8,3.6,432.9
78,90,1,5.0,1.5,0.2,0.3,0.0,0.3,1.5,0.2,1.0,127.3
78,102,1,43.0,13.2,4.0,2.9,0.6,1.7,12.6,6.9,8.6,747.6
78,103,0,292.0,115.0,30.0,12.0,64.0,52.0,51.0,71.0,17.0,7344.0
78,104,0,157.5,61.0,13.0,6.0,7.0,17.0,54.0,27.0,36.0,4093.0
78,105,0,248.0,90.0,17.0,9.0,80.0,31.0,10.0,50.0,39.0,4990.0
78,106,0,47.0,20.0,7.0,1.0,19.0,3.0,1.0,7.0,10.0,1017.0
78,107,0,210.5,92.0,31.0,7.0,1.0,22.0,91.0,47.0,72.0,7334.0
78,108,0,363.5,143.0,43.0,14.0,65.0,46.0,78.0,81.0,49.0,10774.0
78,109,0,73.0,30.0,7.0,1.0,11.0,5.0,19.0,14.0,11.0,2196.0
78,110,0,75.0,32.0,10.0,3.0,6.0,3.0,26.0,11.0,16.0,2539.0
78,111,1,17.0,6.2,1.0,0.7,1.0,0.7,5.2,2.7,2.7,472.2
79,65,0,27.0,11.0,2.0,0.0,0.0,3.0,11.0,7.0,4.0,708.0
79,69,1,5.0,1.2,0.1,0.6,0.0,0.1,1.2,0.5,1.0,100.8
79,73,1,6.0,1.5,0.1,0.7,0.0,0.1,1.5,0.5,1.2,121.0
79,80,1,2.0,0.7,0.1,0.2,0.0,0.2,0.7,0.4,0.4,33.8
79,85,0,50.5,13.0,0.0,6.0,0.0,4.0,13.0,5.0,6.0,802.0
79,86,1,37.0,12.0,3.0,1.7,0.0,1.3,12.0,4.7,9.0,897.9
79,87,1,7.0,2.3,0.6,0.3,0.0,0.2,2.3,0.9,1.7,169.9
79,90,1,8.0,2.5,0.3,0.5,0.0,0.5,2.5,0.8,1.6,130.8
79,91,1,21.0,6.6,0.9,1.3,0.0,1.3,6.6,2.0,4.2,343.3
79,92,1,17.0,5.3,0.7,1.0,0.0,1.0,5.3,1.6,3.4,277.9
79,93,1,16.0,5.0,0.7,1.0,0.0,1.0,5.0,1.5,3.2,261.6
79,94,1,9.0,3.4,1.1,0.3,0.0,0.4,3.4,1.1,2.0,263.0
79,101,1,3.0,0.8,0.2,0.3,0.2,0.1,0.6,0.3,0.3,38.3
79,103,1,31.0,8.5,2.2,2.7,1.8,1.3,6.7,2.7,3.1,396.3
79,104,0,217.5,77.0,21.0,12.0,47.0,29.0,30.0,53.0,21.0,4261.0
79,105,0,180.0,59.0,10.0,11.0,9.0,13.0,50.0,25.0,41.0,3381.0
79,106,0,369.5,148.0,58.0,18.0,125.0,38.0,23.0,90.0,15.0,8215.0
79,107,0,297.0,109.0,32.0,16.0,61.0,31.0,48.0,67.0,36.0,6703.0
79,108,0,275.0,107.0,34.0,12.0,65.0,31.0,42.0,61.0,30.0,7229.0
79,109,0,97.0,42.0,17.0,3.0,26.0,7.0,16.0,14.0,15.0,3102.0
79,110,0,317.5,126.0,51.0,13.0,120.0,44.0,6.0,78.0,3.0,6615.0
80,60,1,5.0,1.6,0.0,0.2,0.0,0.2,1.6,1.0,1.0,113.4
80,63,1,4.0,1.3,0.0,0.1,0.0,0.1,1.3,0.8,0.8,90.8
80,65,0,47.0,15.0,1.0,2.0,0.0,2.0,15.0,9.0,12.0,1010.0
80,66,1,10.0,3.5,0.4,0.2,0.0,0.8,3.5,1.9,2.3,276.7
80,67,1,6.5,2.3,0.3,0.1,0.0,0.5,2.3,1.2,1.5,179.9
80,69,1,2.0,0.5,0.0,0.2,0.0,0.0,0.5,0.2,0.4,40.3
80,70,1,2.0,0.5,0.0,0.2,0.0,0.0,0.5,0.2,0.4,40.3
80,85,0,30.5,11.0,2.0,1.0,0.0,1.0,11.0,0.0,8.0,935.0
80,86,0,97.5,35.0,10.0,9.0,0.0,4.0,35.0,10.0,24.0,2860.0
80,87,0,98.0,31.0,2.0,4.0,0.0,9.0,31.0,13.0,15.0,1941.0
80,88,1,2.0,0.7,0.2,0.1,0.0,0.1,0.7,0.3,0.5,48.5
80,92,1,20.0,6.3,0.9,1.2,0.0,1.2,6.3,1.9,4.0,327.0
80,93,1,21.0,6.6,0.9,1.3,0.0,1.3,6.6,2.0,4.2,343.3
80,94,1,5.0,1.9,0.6,0.2,0.0,0.2,1.9,0.6,1.1,146.1
80,95,1,9.0,3.4,1.1,0.3,0.0,0.4,3.4,1.1,2.0,263.0
80,103,1,24.0,6.6,1.7,2.1,1.4,1.0,5.2,2.1,2.4,306.8
80,104,0,278.0,75.0,6.0,21.0,0.0,22.0,75.0,51.0,63.0,4643.0
80,105,0,200.5,63.0,11.0,15.0,0.0,17.0,63.0,23.0,45.0,4005.0
80,106,0,69.0,28.0,9.0,2.0,0.0,7.0,28.0,13.0,12.0,1645.0
80,107,0,158.0,58.0,18.0,8.0,13.0,9.0,45.0,25.0,34.0,4106.0
80,108,0,60.0,28.0,11.0,1.0,0.0,8.0,28.0,17.0,18.0,1945.0
81,60,1,2.0,0.7,0.0,0.1,0.0,0.1,0.7,0.4,0.4,45.4
81,61,1,2.0,0.7,0.0,0.1,0.0,0.1,0.7,0.4,0.4,45.4
81,65,1,8.0,2.8,0.3,0.2,0.0,0.7,2.8,1.5,1.8,221.4
81,66,1,3.0,1.1,0.1,0.1,0.0,0.2,1.1,0.6,0.7,83.0
81,67,0,67.0,25.0,8.0,4.0,0.0,3.0,25.0,14.0,19.0,2125.0
81,68,0,47.0,16.0,5.0,3.0,0.0,2.0,16.0,9.0,6.0,1109.0
81,71,1,7.0,1.8,0.2,0.8,0.0,0.2,1.8,0.6,1.4,141.1
81,81,1,12.0,4.2,0.6,1.0,0.0,1.0,4.2,2.3,2.6,203.0
81,85,1,4.0,1.3,0.3,0.2,0.0,0.1,1.3,0.5,1.0,97.1
81,86,0,92.0,27.0,2.0,6.0,0.0,13.0,27.0,20.0,27.0,1650.0
81,87,0,100.0,33.0,6.0,4.0,0.0,6.0,33.0,10.0,22.0,2781.0
81,88,1,4.0,1.3,0.3,0.2,0.0,0.1,1.3,0.5,1.0,97.1
81,94,1,8.0,3.0,1.0,0.2,0.0,0.4,3.0,1.0,1.8,233.8
81,95,1,13.0,4.9,1.6,0.4,0.0,0.6,4.9,1.6,2.8,379.8
81,96,1,3.0,1.1,0.4,0.1,0.0,0.1,1.1,0.4,0.7,87.7
81,103,1,10.0,2.8,0.7,0.9,0.6,0.4,2.2,0.9,1.0,127.8
81,104,0,220.0,67.0,16.0,17.0,58.0,29.0,9.0,50.0,3.0,3867.0
81,105,0,156.0,48.0,11.0,13.0,0.0,11.0,48.0,36.0,21.0,2469.0
81,106,1,13.0,4.7,0.4,0.7,0.4,2.2,4.3,1.4,2.9,355.0
81,107,1,16.0,5.8,0.4,0.9,0.5,2.7,5.3,1.8,3.6,436.9
82,65,1,1.0,0.4,0.0,0.0,0.0,0.1,0.4,0.2,0.2,27.7
82,67,0,89.0,26.0,4.0,5.0,0.0,5.0,26.0,13.0,24.0,1788.0
82,68,0,35.0,15.0,4.0,1.0,2.0,4.0,13.0,9.0,11.0,1235.0
82,69,1,3.0,0.8,0.1,0.3,0.0,0.1,0.8,0.3,0.6,60.5
82,73,1,4.0,1.0,0.1,0.5,0.0,0.1,1.0,0.4,0.8,80.6
82,75,1,1.0,0.4,0.1,0.0,0.0,0.1,0.4,0.2,0.2,16.0
82,81,1,2.0,0.7,0.1,0.2,0.0,0.2,0.7,0.4,0.4,33.8
82,82,1,1.0,0.4,0.1,0.1,0.0,0.1,0.4,0.2,0.2,16.9
82,87,0,25.0,12.0,6.0,0.0,0.0,3.0,12.0,9.0,12.0,760.0
82,88,1,18.0,5.9,1.5,0.8,0.0,0.6,5.9,2.3,4.4,436.8
82,89,1,7.0,2.2,0.3,0.4,0.0,0.4,2.2,0.7,1.4,114.4
82,96,1,17.0,6.4,2.1,0.5,0.0,0.8,6.4,2.1,3.7,496.7
82,97,0,42.0,14.0,3.0,2.0,0.0,1.0,14.0,6.0,14.0,790.0
82,101,1,1.0,0.3,0.1,0.1,0.1,0.0,0.2,0.1,0.1,12.8
82,105,1,7.0,2.5,0.2,0.4,0.2,1.2,2.3,0.8,1.6,191.1
83,66,1,6.0,2.1,0.2,0.1,0.0,0.5,2.1,1.1,1.4,166.0
83,67,0,92.0,31.0,6.0,4.0,0.0,5.0,31.0,11.0,20.0,2951.0
83,68,1,14.0,4.9,0.6,0.3,0.0,1.2,4.9,2.6,3.2,387.4
83,69,1,6.0,1.5,0.1,0.7,0.0,0.1,1.5,0.5,1.2,121.0
83,72,1,4.0,1.0,0.1,0.5,0.0,0.1,1.0,0.4,0.8,80.6
83,73,1,5.0,1.2,0.1,0.6,0.0,0.1,1.2,0.5,1.0,100.8
83,74,1,7.0,2.7,1.0,0.2,0.0,0.5,2.7,1.4,1.7,111.8
83,82,1,18.0,6.3,1.0,1.5,0.0,1.5,6.3,3.4,3.9,304.5
83,83,1,2.0,0.7,0.1,0.2,0.0,0.2,0.7,0.4,0.4,33.8
83,84,1,1.0,0.3,0.1,0.0,0.0,0.0,0.3,0.1,0.2,24.3
83,88,1,13.0,4.2,1.1,0.6,0.0,0.5,4.2,1.7,3.2,315.5
83,89,0,34.0,13.0,4.0,0.0,0.0,2.0,13.0,5.0,10.0,1036.0
83,90,1,5.0,1.6,0.2,0.3,0.0,0.3,1.6,0.5,1.0,81.7
83,97,0,31.0,12.0,2.0,0.0,0.0,2.0,12.0,6.0,12.0,1041.0
84,64,1,2.0,0.6,0.2,0.2,0.0,0.1,0.6,0.3,0.4,39.2
84,65,1,1.0,0.3,0.1,0.1,0.0,0.0,0.3,0.1,0.2,19.6
84,66,1,15.0,4.8,1.6,1.3,0.0,0.5,4.8,2.1,2.9,294.1
84,67,1,4.0,1.3,0.4,0.4,0.0,0.1,1.3,0.6,0.8,78.4
84,73,1,2.0,0.6,0.1,0.2,0.0,0.2,0.6,0.4,0.3,31.5
84,83,1,4.0,1.6,0.4,0.1,0.0,0.5,1.6,0.4,1.2,121.4
84,84,1,5.0,1.6,0.4,0.4,0.1,0.3,1.5,0.7,0.7,104.4
84,88,1,8.0,2.6,0.6,0.6,0.2,0.5,2.4,1.2,1.2,167.0
84,89,0,50.0,15.0,1.0,2.0,0.0,3.0,15.0,7.0,12.0,1192.0
84,90,0,117.0,36.0,6.0,6.0,2.0,7.0,34.0,16.0,21.0,2917.0
84,91,0,72.0,24.0,4.0,2.0,0.0,4.0,24.0,10.0,20.0,1803.0
84,92,1,29.0,10.6,2.7,2.0,0.9,1.3,9.7,4.5,7.5,752.8
84,93,1,11.0,4.0,1.0,0.8,0.3,0.5,3.7,1.7,2.9,285.6
84,98,1,3.0,0.9,0.2,0.3,0.0,0.3,0.9,0.5,0.3,58.5
85,62,1,2.0,0.7,0.2,0.1,0.0,0.1,0.7,0.4,0.6,68.1
85,65,1,6.0,1.9,0.6,0.5,0.0,0.2,1.9,0.9,1.2,117.6
85,68,1,5.0,1.6,0.5,0.4,0.0,0.2,1.6,0.7,1.0,98.0
85,71,1,5.0,1.4,0.2,0.5,0.0,0.4,1.4,0.9,0.9,78.8
85,73,1,5.0,1.4,0.2,0.5,0.0,0.4,1.4,0.9,0.9,78.8
85,74,1,5.0,2.1,0.6,0.0,0.0,0.1,2.1,0.6,1.4,160.4
85,80,1,2.0,0.8,0.2,0.0,0.0,0.3,0.8,0.2,0.6,60.7
85,84,1,5.0,1.6,0.4,0.4,0.1,0.3,1.5,0.7,0.7,104.4
85,87,1,4.0,1.3,0.3,0.3,0.1,0.2,1.2,0.6,0.6,83.5
85,88,1,6.0,1.9,0.4,0.4,0.1,0.4,1.8,0.9,0.9,125.3
85,90,0,49.0,18.0,4.0,2.0,1.0,2.0,17.0,4.0,16.0,1499.0
85,91,0,150.0,50.0,12.0,9.0,3.0,13.0,47.0,24.0,32.0,4274.0
85,92,0,153.0,49.0,9.0,10.0,2.0,13.0,47.0,26.0,35.0,3313.0
85,93,1,13.0,4.7,1.2,0.9,0.4,0.6,4.3,2.0,3.4,337.5
85,94,1,110.0,33.3,6.5,9.2,0.0,11.1,33.3,18.5,10.2,2143.6
86,64,1,4.0,1.3,0.4,0.4,0.0,0.1,1.3,0.6,0.8,78.4
86,66,1,6.0,1.9,0.6,0.5,0.0,0.2,1.9,0.9,1.2,117.6
86,67,1,5.0,1.6,0.5,0.4,0.0,0.2,1.6,0.7,1.0,98.0
86,72,1,4.0,1.1,0.1,0.4,0.0,0.3,1.1,0.8,0.7,63.0
86,73,1,5.0,1.4,0.2,0.5,0.0,0.4,1.4,0.9,0.9,78.8
86,74,1,1.0,0.4,0.1,0.0,0.0,0.0,0.4,0.1,0.3,32.1
86,76,1,5.0,2.1,0.6,0.0,0.0,0.1,2.1,0.6,1.4,160.4
86,77,0,39.0,14.0,5.0,3.0,0.0,1.0,14.0,5.0,7.0,899.0
86,78,0,56.0,18.0,3.0,4.0,1.0,3.0,17.0,9.0,11.0,1327.0
86,79,1,15.0,6.2,1.4,0.4,0.0,1.9,6.2,1.6,4.6,455.3
86,87,1,10.0,3.2,0.7,0.7,0.2,0.6,3.0,1.4,1.4,208.8
86,88,1,30.0,9.6,2.2,2.2,0.6,1.9,9.0,4.3,4.3,626.3
86,89,1,3.0,1.1,0.3,0.2,0.1,0.1,1.0,0.5,0.8,77.9
86,90,1,17.0,6.2,1.6,1.2,0.5,0.8,5.7,2.7,4.4,441.3
86,91,0,139.0,48.0,14.0,10.0,31.0,11.0,17.0,27.0,15.0,3327.0
86,92,0,105.0,36.0,10.0,6.0,0.0,6.0,36.0,15.0,27.0,2890.0
86,93,0,83.0,28.0,1.0,3.0,5.0,4.0,23.0,12.0,20.0,2396.0
86,94,1,6.0,1.8,0.4,0.5,0.0,0.6,1.8,1.0,0.6,116.9
87,67,1,1.0,0.3,0.1,0.1,0.0,0.0,0.3,0.1,0.2,19.6
87,72,1,12.0,3.4,0.4,1.3,0.0,0.9,3.4,2.2,2.1,189.0
87,74,1,7.0,2.9,0.8,0.0,0.0,0.2,2.9,0.8,1.9,224.6
87,75,1,2.0,0.8,0.2,0.0,0.0,0.1,0.8,0.2,0.6,64.2
87,77,0,68.0,19.0,3.0,6.0,0.0,6.0,19.0,8.0,15.0,1262.0
87,78,0,90.0,35.0,10.0,1.0,24.0,12.0,11.0,19.0,11.0,2324.0
87,79,1,16.0,6.6,1.5,0.4,0.0,2.1,6.6,1.7,4.9,485.6
87,80,1,16.0,6.6,1.5,0.4,0.0,2.1,6.6,1.7,4.9,485.6
87,81,1,5.0,2.1,0.5,0.1,0.0,0.6,2.1,0.5,1.5,151.8
87,82,1,3.0,1.2,0.3,0.1,0.0,0.4,1.2,0.3,0.9,91.1
87,89,1,22.0,8.0,2.0,1.5,0.6,1.0,7.4,3.4,5.7,571.1
87,90,1,17.0,6.2,1.6,1.2,0.5,0.8,5.7,2.7,4.4,441.3
87,91,1,22.0,8.0,2.0,1.5,0.6,1.0,7.4,3.4,5.7,571.1
87,92,1,18.0,6.6,1.7,1.2,0.5,0.8,6.1,2.8,4.7,467.3
88,65,1,2.0,0.6,0.2,0.2,0.0,0.1,0.6,0.3,0.4,39.2
88,66,1,5.0,1.6,0.5,0.4,0.0,0.2,1.6,0.7,1.0,98.0
88,78,1,16.0,6.7,1.8,0.0,0.0,0.4,6.7,1.8,4.4,513.3
88,79,0,32.0,11.0,2.0,2.0,0.0,3.0,11.0,4.0,9.0,745.0
88,80,0,104.5,37.0,9.0,3.0,2.0,9.0,35.0,15.0,25.0,2532.0
88,81,0,159.0,46.0,8.0,13.0,3.0,5.0,43.0,28.0,36.0,3118.0
88,82,1,24.0,9.9,2.3,0.6,0.0,3.1,9.9,2.5,7.3,728.5
88,90,1,10.0,3.6,0.9,0.7,0.3,0.5,3.3,1.6,2.6,259.6
88,91,1,11.0,4.0,1.0,0.8,0.3,0.5,3.7,1.7,2.9,285.6
89,78,1,6.0,2.1,0.3,0.3,0.2,0.3,1.9,0.9,1.3,128.3
89,79,1,8.0,3.1,0.8,0.4,0.1,1.0,3.0,1.0,2.6,221.6
89,80,0,37.0,13.0,2.0,1.0,0.0,4.0,13.0,4.0,11.0,846.0
89,81,0,77.0,22.0,4.0,3.0,0.0,5.0,22.0,5.0,17.0,1588.0
89,82,1,21.0,8.2,2.0,1.0,0.3,2.6,7.9,2.6,6.9,581.8
89,85,1,10.0,4.1,1.0,0.3,0.0,0.4,4.1,1.4,2.9,300.9
89,86,0,177.0,64.0,6.0,6.0,64.0,39.0,0.0,51.2,0.0,4342.0
89,87,0,101.0,24.0,1.0,9.0,2.0,10.0,22.0,13.0,14.0,786.0
89,88,0,554.0,201.0,44.0,18.0,165.0,96.0,36.0,147.0,27.0,12396.0
89,89,1,24.0,7.7,1.7,1.7,0.5,1.5,7.2,3.5,3.5,501.0
90,82,0,59.0,18.0,3.0,4.0,1.0,3.0,17.0,6.0,16.0,1398.0
90,83,1,22.0,8.6,2.1,1.0,0.3,2.8,8.3,2.8,7.2,609.5
90,84,1,18.0,7.3,1.8,0.5,0.0,0.8,7.3,2.6,5.2,541.6
90,85,0,208.0,61.0,8.0,11.0,0.0,12.0,61.0,22.0,46.0,3967.0
90,86,0,140.0,45.0,5.0,9.0,0.0,9.0,45.0,24.0,32.0,3024.0
90,87,0,113.0,41.0,9.0,3.0,1.0,15.0,40.0,17.0,31.0,3507.0
90,88,0,79.0,27.0,4.0,3.0,0.0,5.0,27.0,16.0,20.0,2029.0
90,89,1,5.0,1.6,0.4,0.4,0.1,0.3,1.5,0.7,0.7,104.4
91,70,1,3.0,0.8,0.1,0.3,0.0,0.2,0.8,0.6,0.5,47.2
91,79,1,13.0,5.1,1.2,0.6,0.2,1.6,4.9,1.6,4.3,360.1
91,80,0,226.0,75.0,12.0,15.0,0.0,13.0,75.0,34.0,61.0,4499.0
91,81,0,157.0,49.0,5.0,8.0,2.0,14.0,47.0,36.0,36.0,2998.0
91,82,0,49.0,11.0,0.0,4.0,0.0,1.0,11.0,5.0,11.0,780.0
91,83,0,32.0,11.0,2.0,2.0,3.0,3.0,8.0,4.0,4.0,902.0
91,84,0,62.0,17.0,3.0,5.0,1.0,3.0,16.0,7.0,13.0,1347.0
91,85,0,98.0,32.0,5.0,5.0,0.0,6.0,32.0,22.0,20.0,2092.0
91,86,0,33.0,15.0,5.0,1.0,0.0,4.0,15.0,9.0,12.0,965.0
91,87,1,19.0,7.7,1.9,0.6,0.0,0.8,7.7,2.8,5.5,571.7
92,76,1,1.0,0.3,0.1,0.1,0.0,0.1,0.3,0.1,0.2,21.4
92,78,1,60.0,20.6,3.4,3.4,1.7,3.4,18.9,8.6,12.9,1283.1
92,79,0,128.0,44.0,7.0,6.0,20.0,17.0,24.0,21.0,21.0,2605.0
92,80,0,126.0,40.0,4.0,5.0,0.0,9.0,40.0,16.0,32.0,3138.0
92,81,0,180.0,56.0,9.0,11.0,0.0,14.0,56.0,30.0,49.0,3758.0
92,82,0,81.0,32.0,8.0,3.0,1.0,7.0,31.0,17.0,25.0,2340.0
92,83,0,58.0,23.0,8.0,3.0,0.0,3.0,23.0,11.0,19.0,1640.0
92,84,0,175.0,59.0,13.0,10.0,0.0,9.0,59.0,33.0,38.0,3347.0
92,85,0,145.0,55.0,13.0,6.0,2.0,11.0,53.0,28.0,38.0,3830.0
92,86,1,12.0,4.9,1.2,0.3,0.0,0.5,4.9,1.7,3.5,361.0
93,65,1,7.0,2.0,0.2,0.8,0.0,0.5,2.0,1.3,1.2,110.2
93,68,1,1.0,0.3,0.0,0.1,0.0,0.1,0.3,0.2,0.2,15.8
93,72,1,20.0,5.6,0.6,2.2,0.0,1.6,5.6,3.8,3.4,315.0
93,78,1,3.0,1.0,0.2,0.2,0.1,0.2,0.9,0.4,0.6,64.2
93,79,0,97.0,31.0,4.0,5.0,0.0,5.0,31.0,14.0,25.0,2193.0
93,80,0,100.5,33.0,5.0,6.0,0.0,10.0,33.0,15.0,26.0,2286.0
93,81,0,80.0,29.0,6.0,6.0,0.0,7.0,29.0,8.0,23.0,2654.0
93,82,0,113.0,31.0,4.0,8.0,0.0,7.0,31.0,11.0,19.0,2473.0
93,83,0,85.0,26.0,3.0,5.0,0.0,3.0,26.0,14.0,18.0,1979.0
93,84,1,10.0,4.1,1.0,0.3,0.0,0.4,4.1,1.4,2.9,300.9
93,85,0,38.0,15.0,4.0,1.0,0.0,2.0,15.0,8.0,12.0,1216.0
94,61,1,4.0,1.4,0.4,0.2,0.0,0.2,1.4,0.8,1.2,136.2
94,62,1,2.0,0.7,0.2,0.1,0.0,0.1,0.7,0.4,0.6,68.1
94,66,1,11.0,3.4,0.6,0.7,0.1,0.7,3.3,1.8,1.7,235.9
94,67,0,34.5,12.0,2.0,1.0,0.0,3.0,12.0,4.0,6.0,800.0
94,68,1,34.0,10.6,1.7,2.2,0.4,2.2,10.2,5.6,5.2,729.1
94,69,1,7.0,2.6,0.7,0.3,0.0,0.6,2.6,1.0,1.9,167.1
94,70,1,5.0,1.8,0.5,0.2,0.0,0.4,1.8,0.7,1.3,119.4
94,73,1,4.0,1.5,0.4,0.2,0.0,0.3,1.5,0.6,1.1,95.5
94,76,1,5.0,1.3,0.0,0.4,0.0,0.0,1.3,0.4,1.1,103.7
94,78,1,1.0,0.3,0.0,0.1,0.0,0.0,0.3,0.1,0.2,20.7
94,79,1,37.0,9.5,0.4,2.9,0.0,0.4,9.5,2.9,8.1,767.5
94,80,0,86.0,29.0,4.0,4.0,0.0,6.0,29.0,11.0,20.0,2098.0
94,81,0,112.0,33.0,3.0,9.0,1.0,6.0,32.0,14.0,25.0,2821.0
94,82,0,139.0,48.0,9.0,7.0,0.0,6.0,48.0,25.0,37.0,3171.0
94,83,0,57.0,18.0,2.0,4.0,0.0,1.0,18.0,10.0,11.0,1548.0
94,84,0,51.0,17.0,3.0,4.0,0.0,3.0,17.0,11.0,13.0,1127.0
95,61,1,3.0,1.1,0.3,0.1,0.0,0.1,1.1,0.6,0.9,102.1
95,62,1,27.0,9.8,2.7,1.2,0.0,1.2,9.8,5.1,7.8,919.2
95,65,1,9.0,2.8,0.5,0.6,0.1,0.6,2.7,1.5,1.4,193.0
95,66,0,31.0,12.0,3.0,2.0,0.0,4.0,12.0,3.0,6.0,816.0
95,68,0,127.0,38.0,8.0,10.0,0.0,7.0,38.0,28.0,30.0,2469.0
95,69,0,36.5,17.0,5.0,0.0,0.0,4.0,17.0,10.0,5.0,835.0
95,70,1,3.0,1.1,0.3,0.1,0.0,0.2,1.1,0.4,0.8,71.6
95,71,1,4.0,1.5,0.4,0.2,0.0,0.3,1.5,0.6,1.1,95.5
95,74,1,4.0,1.0,0.0,0.3,0.0,0.0,1.0,0.3,0.9,83.0
95,75,1,7.0,1.8,0.1,0.6,0.0,0.1,1.8,0.6,1.5,145.2
95,80,1,26.0,6.7,0.3,2.1,0.0,0.3,6.7,2.1,5.7,539.3
95,81,0,105.0,34.0,7.0,5.0,0.0,4.0,34.0,23.0,24.0,2601.0
95,82,0,133.5,45.0,13.0,11.0,0.0,9.0,45.0,26.0,36.0,3218.0
95,83,0,67.0,23.0,5.0,2.0,0.0,3.0,23.0,5.0,17.0,2033.0
96,62,1,3.0,1.1,0.3,0.1,0.0,0.1,1.1,0.6,0.9,102.1
96,63,1,13.0,4.7,1.3,0.6,0.0,0.6,4.7,2.4,3.8,442.6
96,64,1,11.0,3.4,0.6,0.7,0.1,0.7,3.3,1.8,1.7,235.9
96,66,1,4.0,1.3,0.2,0.3,0.1,0.3,1.2,0.7,0.6,85.8
96,67,1,11.0,3.4,0.6,0.7,0.1,0.7,3.3,1.8,1.7,235.9
96,68,1,23.0,7.2,1.2,1.5,0.3,1.5,6.9,3.8,3.5,493.2
96,69,1,10.0,3.7,1.0,0.4,0.0,0.8,3.7,1.4,2.7,238.8
96,70,1,4.0,1.5,0.4,0.2,0.0,0.3,1.5,0.6,1.1,95.5
96,75,1,2.0,0.5,0.0,0.2,0.0,0.0,0.5,0.2,0.4,41.5
96,81,0,112.0,37.0,8.0,8.0,2.0,7.0,35.0,11.0,23.0,2385.0
96,82,0,97.5,29.0,5.0,7.0,1.0,2.0,28.0,9.0,22.0,2701.0
97,56,1,3.0,1.1,0.3,0.1,0.0,0.1,1.1,0.6,0.9,102.1
97,63,1,4.0,1.4,0.4,0.2,0.0,0.2,1.4,0.8,1.2,136.2
97,64,1,23.5,7.4,1.2,1.5,0.3,1.5,7.1,3.9,3.6,503.9
97,76,1,9.0,2.3,0.1,0.7,0.0,0.1,2.3,0.7,2.0,186.7
97,77,1,5.0,1.3,0.0,0.4,0.0,0.0,1.3,0.4,1.1,103.7
97,81,0,40.0,18.0,6.0,1.0,0.0,2.0,18.0,8.0,15.0,1159.0
98,63,1,8.0,2.9,0.8,0.3,0.0,0.3,2.9,1.5,2.3,272.3
98,64,1,30.0,9.4,1.5,1.9,0.4,1.9,9.0,5.0,4.6,643.3
99,63,1,2.0,0.7,0.2,0.1,0.0,0.1,0.7,0.3,0.5,47.4
99,64,0,70.0,24.0,6.0,5.0,1.0,1.0,23.0,14.0,16.0,1707.0
99,65,1,10.0,3.3,0.8,0.6,0.0,0.9,3.3,2.6,2.4,265.5
99,78,1,5.0,1.3,0.0,0.4,0.0,0.0,1.3,0.4,1.1,103.7
100,63,1,4.0,1.3,0.4,0.3,0.0,0.2,1.3,0.5,1.0,94.7
100,64,1,46.0,15.3,3.5,2.8,0.0,4.2,15.3,11.8,11.2,1221.1
100,65,1,4.0,1.3,0.3,0.2,0.0,0.4,1.3,1.0,1.0,106.2
100,71,1,3.0,1.1,0.3,0.1,0.0,0.2,1.1,0.4,0.8,71.6
101,62,1,3.0,1.0,0.3,0.2,0.0,0.1,1.0,0.4,0.7,71.0
101,65,1,3.0,1.0,0.2,0.2,0.0,0.3,1.0,0.8,0.7,79.6
101,71,1,5.0,1.8,0.5,0.2,0.0,0.4,1.8,0.7,1.3,119.4
101,72,1,4.0,1.5,0.4,0.2,0.0,0.3,1.5,0.6,1.1,95.5
102,61,1,14.0,4.7,1.3,0.9,0.0,0.5,4.7,1.8,3.4,331.5
102,62,1,7.0,2.3,0.6,0.4,0.0,0.3,2.3,0.9,1.7,165.8
102,65,1,3.0,1.0,0.2,0.2,0.0,0.3,1.0,0.8,0.7,79.6
103,61,0,80.5,26.0,6.0,6.0,0.0,7.0,26.0,15.0,25.0,2333.0
103,62,1,48.0,16.0,4.3,3.1,0.0,1.8,16.0,6.2,11.7,1136.6
104,61,0,43.0,17.0,7.0,2.0,2.0,1.0,15.0,6.0,8.0,1117.0
104,62,1,7.0,2.4,0.5,0.2,0.0,0.5,2.4,1.0,1.3,190.7
105,60,1,6.0,2.1,0.4,0.2,0.0,0.4,2.1,0.9,1.1,163.5
105,61,0,64.0,19.0,2.0,2.0,0.0,4.0,19.0,8.0,14.0,1771.0
106,61,0,45.0,17.0,4.0,1.0,0.0,5.0,17.0,4.0,11.0,1513.0
107,60,1,1.0,0.3,0.1,0.0,0.0,0.1,0.3,0.1,0.2,27.2
107,61,0,24.0,13.0,5.0,0.0,1.0,3.0,12.0,6.0,5.0,924.0
107,62,1,28.0,9.6,1.8,0.9,0.0,1.8,9.6,4.1,5.0,762.9
108,59,0,41.0,15.0,1.0,1.0,3.0,5.0,12.0,9.0,13.0,1020.0
108,60,0,113.0,32.0,3.0,7.0,2.0,8.0,30.0,20.0,21.0,2454.0
108,61,0,63.0,23.0,4.0,2.0,0.0,2.0,23.0,8.0,21.0,1624.0
108,62,1,17.0,5.9,1.1,0.6,0.0,1.1,5.9,2.5,3.1,463.2
108,63,1,2.0,0.7,0.1,0.1,0.0,0.1,0.7,0.3,0.4,54.5
109,59,0,94.0,30.0,7.0,6.0,0.0,5.0,30.0,15.0,22.0,2304.0
109,60,0,150.0,42.0,6.0,9.0,0.0,7.0,42.0,17.0,33.0,3175.0
109,61,0,130.0,35.0,3.0,5.0,0.0,11.0,35.0,21.0,28.0,2203.0
109,62,1,13.0,4.5,1.3,0.9,0.0,0.3,4.5,2.5,3.5,398.8
110,58,1,6.0,1.6,0.0,0.5,0.0,0.2,1.6,0.8,1.3,119.3
110,59,0,52.0,18.0,2.0,1.0,0.0,1.0,18.0,5.0,14.0,1667.0
110,60,0,46.0,11.0,2.0,7.0,0.0,2.0,11.0,8.8,5.0,804.0
110,61,1,3.0,1.0,0.3,0.2,0.0,0.1,1.0,0.6,0.8,92.0
110,62,1,4.0,1.4,0.4,0.3,0.0,0.1,1.4,0.8,1.1,122.7
111,58,1,68.0,18.4,0.0,5.5,0.0,2.8,18.4,9.2,14.7,1351.7
111,59,0,139.0,45.0,6.0,10.0,0.0,12.0,45.0,26.0,34.0,3254.0
111,60,1,27.0,9.4,2.7,1.8,0.0,0.7,9.4,5.3,7.3,828.3
111,61,1,23.0,8.0,2.3,1.6,0.0,0.6,8.0,4.5,6.2,705.6
112,51,1,1.0,0.3,0.1,0.1,0.0,0.0,0.3,0.2,0.2,20.8
112,59,0,71.0,26.0,7.0,3.0,3.0,4.0,23.0,15.0,16.0,1664.0
112,60,0,137.0,44.0,7.0,9.0,0.0,6.0,44.0,18.0,37.0,3235.0
112,61,1,21.0,7.3,2.1,1.4,0.0,0.5,7.3,4.1,5.7,644.2
113,59,1,20.0,6.9,2.0,1.4,0.0,0.5,6.9,3.9,5.4,613.6
113,60,0,59.0,18.0,1.0,3.0,0.0,4.0,18.0,11.0,16.0,1335.0
113,61,1,7.0,2.4,0.7,0.5,0.0,0.2,2.4,1.4,1.9,214.7
114,59,1,19.0,6.1,1.7,1.3,0.0,0.0,6.1,2.5,4.9,559.2
114,60,1,25.0,8.1,2.2,1.7,0.0,0.0,8.1,3.3,6.4,735.8
114,61,1,5.0,1.6,0.4,0.3,0.0,0.0,1.6,0.7,1.3,147.2
115,50,1,4.0,1.2,0.4,0.2,0.0,0.1,1.2,0.9,0.9,83.2
115,59,1,7.0,2.3,0.6,0.5,0.0,0.0,2.3,0.9,1.8,206.0
115,60,0,82.0,28.0,6.0,3.0,0.0,6.0,28.0,15.0,16.0,2451.0
115,61,1,19.0,6.1,1.7,1.3,0.0,0.0,6.1,2.5,4.9,559.2
116,59,1,2.0,0.6,0.2,0.1,0.0,0.0,0.6,0.3,0.5,58.9
116,60,0,48.0,19.0,7.0,2.0,2.0,1.0,17.0,8.0,7.0,1372.0
116,61,1,8.0,2.6,0.7,0.5,0.0,0.0,2.6,1.1,2.0,235.5
117,59,0,42.0,14.0,2.0,1.0,6.0,5.0,8.0,6.0,6.0,1112.0
117,60,1,5.0,1.6,0.4,0.3,0.0,0.0,1.6,0.7,1.3,147.2
118,51,1,6.0,1.9,0.6,0.3,0.0,0.2,1.9,1.3,1.3,124.8
118,52,1,9.0,2.8,0.9,0.5,0.0,0.3,2.8,2.0,2.0,187.1
118,59,0,199.0,57.0,6.0,17.0,1.0,16.0,56.0,27.0,47.0,4322.0
118,60,0,102.0,40.0,8.0,2.0,0.0,10.0,40.0,23.0,27.0,2510.0
119,58,1,9.0,2.9,0.7,0.7,0.0,0.2,2.9,2.0,2.0,172.1
119,59,0,285.5,90.0,22.0,21.0,46.0,27.0,44.0,67.0,24.0,6016.0
119,60,0,217.0,70.0,14.0,13.0,39.0,26.0,31.0,55.0,24.0,4328.0
120,51,1,3.0,0.8,0.2,0.2,0.0,0.0,0.8,0.3,0.5,49.8
120,52,1,16.0,4.5,1.2,1.2,0.0,0.0,4.5,1.8,2.4,265.7
120,54,1,4.0,1.3,0.3,0.3,0.0,0.1,1.3,0.9,0.9,76.5
120,57,1,7.0,2.3,0.6,0.6,0.0,0.1,2.3,1.6,1.6,133.9
120,58,1,19.0,6.2,1.6,1.6,0.0,0.4,6.2,4.3,4.3,363.3
120,59,0,32.0,12.0,4.0,1.0,0.0,4.0,12.0,7.0,11.0,782.0
120,60,1,28.0,8.1,0.0,2.2,0.0,2.7,8.1,3.8,5.4,656.9
121,44,1,15.0,4.7,1.6,0.8,0.0,0.5,4.7,3.4,3.4,311.9
121,45,1,4.0,1.2,0.4,0.2,0.0,0.1,1.2,0.9,0.9,83.2
121,46,1,3.0,0.9,0.3,0.2,0.0,0.1,0.9,0.7,0.7,62.4
121,51,1,4.0,1.1,0.3,0.3,0.0,0.0,1.1,0.5,0.6,66.4
121,53,1,14.0,4.0,1.1,1.1,0.0,0.0,4.0,1.6,2.1,232.5
121,58,0,53.0,21.0,6.0,3.0,0.0,3.0,21.0,8.0,17.0,1693.0
121,59,1,24.0,6.9,0.0,1.8,0.0,2.3,6.9,3.2,4.6,563.1
122,44,1,4.0,1.2,0.4,0.2,0.0,0.1,1.2,0.9,0.9,83.2
122,45,1,6.0,1.9,0.6,0.3,0.0,0.2,1.9,1.3,1.3,124.8
122,49,1,6.0,1.7,0.5,0.5,0.0,0.0,1.7,0.7,0.9,99.6
122,52,1,9.0,2.5,0.7,0.7,0.0,0.0,2.5,1.0,1.4,149.4
122,53,1,1.0,0.3,0.1,0.1,0.0,0.0,0.3,0.1,0.2,16.6
122,57,1,10.0,3.3,0.8,0.8,0.0,0.2,3.3,2.2,2.2,191.2
122,58,0,46.0,15.0,4.0,6.0,0.0,3.0,15.0,8.0,8.0,909.0
123,45,1,6.0,1.9,0.6,0.3,0.0,0.2,1.9,1.3,1.3,124.8
123,53,0,76.0,28.0,13.0,5.0,0.0,2.0,28.0,22.0,14.0,1694.0
123,54,0,100.0,24.0,1.0,12.0,0.0,3.0,24.0,19.0,20.0,1670.0
123,56,0,42.0,16.0,5.0,2.0,0.0,3.0,16.0,10.0,10.0,984.0
123,57,0,53.0,18.0,3.0,4.0,0.0,2.0,18.0,8.0,15.0,1364.0
124,29,1,2.0,0.6,0.1,0.2,0.0,0.1,0.6,0.3,0.5,34.9
124,53,0,71.0,21.0,1.0,5.0,0.0,5.0,21.0,16.0,18.0,1565.0
124,54,0,149.0,48.0,13.0,13.0,0.0,7.0,48.0,36.0,30.0,2864.0
124,55,1,13.0,4.4,1.2,0.9,0.0,1.0,4.4,2.6,3.8,358.6
124,56,1,1.0,0.3,0.1,0.1,0.0,0.1,0.3,0.2,0.3,27.6
125,36,1,2.0,0.6,0.1,0.1,0.0,0.1,0.6,0.3,0.5,43.4
125,53,1,11.0,3.2,0.8,0.8,0.0,0.4,3.2,1.6,1.8,210.3
125,54,1,55.5,18.6,5.2,3.7,0.0,4.5,18.6,11.2,16.4,1530.9
125,55,1,5.0,1.7,0.5,0.3,0.0,0.4,1.7,1.0,1.5,137.9
126,52,1,3.0,0.9,0.2,0.2,0.0,0.1,0.9,0.4,0.5,57.4
126,53,1,11.0,3.2,0.8,0.8,0.0,0.4,3.2,1.6,1.8,210.3
127,13,1,6.0,1.8,0.3,0.5,0.0,0.2,1.8,0.6,1.3,103.8
127,49,1,10.0,2.9,0.7,0.7,0.0,0.4,2.9,1.4,1.6,191.2
127,50,1,19.0,5.6,1.3,1.3,0.0,0.7,5.6,2.7,3.1,363.2
127,52,1,1.0,0.3,0.1,0.1,0.0,0.0,0.3,0.1,0.2,19.1