x,y,imputed,ind,ind_0_3,ind_11_17,ind_18_24,ind_25_39,ind_40_54,ind_4_5,ind_55_64,ind_65_79,ind_6_10,ind_80p,ind_inc
46,8,1,3,0.2,0.1,0.1,0.8,0.5,0.2,0.3,0.5,0.3,0,0
52,42,1,6,0.1,0.4,0.2,1.3,1.2,0.2,0.8,0.7,0.6,0.1,0.4
42,8,1,7,0.5,0.2,0.3,1.9,1.1,0.4,0.7,1.1,0.7,0,0.1
49,8,1,4,0.3,0.1,0.2,1.1,0.6,0.2,0.4,0.6,0.4,0,0.1
37,42,1,3,0,0.3,0.1,0.4,0.6,0.1,0.8,0.4,0.1,0.2,0
0,42,1,10,0.5,0.9,1,1.9,2.7,0.2,0.7,0.9,0.3,0.2,0.7
5,42,1,2,0.1,0.2,0.2,0.4,0.6,0,0.1,0.2,0.1,0,0.1
39,42,1,4,0,0.4,0.1,0.5,0.9,0.1,1.1,0.6,0.1,0.2,0
29,42,1,8,0.5,0.2,0,2,2,0.5,0.8,1.3,0.7,0,0
30,42,1,6,0.2,0.9,0.4,0.8,1.7,0.2,1.1,0.3,0.3,0,0.1
29,8,1,2,0.1,0.1,0.1,0.4,0.4,0,0.5,0.4,0,0,0
32,42,1,11,0.3,1.6,0.8,1.5,3.1,0.3,2.1,0.5,0.6,0,0.2
31,42,1,16,0.5,2.3,1.2,2.1,4.5,0.5,3.1,0.7,0.9,0,0.2
41,8,1,14,1.1,0.5,0.5,3.8,2.2,0.8,1.3,2.2,1.3,0,0.3
50,8,1,1,0,0.1,0.1,0.1,0.2,0,0.2,0.2,0,0.1,0
26,53,0,37,2,4,1,8,5,1,6,7,2,1,0
25,53,0,140,7,6,8,35,28,6,14,21,8,7,0
52,6,1,4,0,0.3,0.3,0.4,0.9,0.2,0.6,0.9,0.1,0.3,0
34,6,1,4,0.1,0.4,0.2,0.5,0.7,0,0.6,1.2,0.2,0.1,0
2,37,1,3,0,0.5,0,0.2,1.1,0,0.4,0.3,0.3,0,0.2
50,16,1,2,0,0.2,0.1,0.1,0.5,0.1,0.2,0.6,0.1,0.1,0
41,16,1,1,0.1,0.1,0,0.2,0.2,0,0.1,0.2,0,0.1,0
22,37,1,2,0,0.3,0,0.1,0.6,0,0.3,0.3,0,0.3,0.1
47,16,1,8,0.8,0.6,0.2,1.5,1.3,0.4,0.4,1.3,0.4,0.9,0.2
20,16,1,2,0,0.2,0.1,0.3,0.3,0.1,0.4,0.2,0.3,0.1,0
16,37,1,2,0,0.2,0.1,0.3,0.6,0,0.3,0.4,0.1,0,0
24,53,0,136,10.5,10,8,27,18,3,24,20,7.5,7,1
51,16,1,4,0.1,0.5,0.1,0.3,0.9,0.2,0.4,1.2,0.2,0.1,0
18,6,1,8,0.5,1.7,0,1.9,1.6,0.3,0,0.4,0.9,0.7,0
37,16,1,5,0,0.9,0.3,0.3,1.6,0,1.1,0.4,0.1,0,0.3
48,37,1,3,0.1,0.2,0.2,0.2,0.6,0,0.5,0.5,0.4,0.3,0
59,37,1,7,0.2,0.4,0.3,1.6,1.4,0.2,0.9,0.9,0.6,0.1,0.4
27,37,1,1,0,0.2,0,0,0.3,0,0.1,0.2,0,0.2,0
34,37,1,3,0.1,0.4,0.2,0.4,0.8,0.1,0.6,0.1,0.2,0,0.1
3,37,1,10,0,1.6,0,0.7,3.7,0,1.3,1,1,0,0.7
15,37,1,3,0,0.3,0.1,0.4,0.9,0.1,0.5,0.5,0.2,0,0
32,37,1,3,0.1,0.4,0.2,0.4,0.8,0.1,0.6,0.1,0.2,0,0.1
42,37,1,7,0.2,0.6,0.5,0.6,1.4,0,1.1,1.1,0.9,0.6,0
0,53,1,2,0.2,0.2,0.1,0.2,0.4,0.1,0.3,0.4,0,0,0.1
19,21,1,3,0.2,0.2,0.1,0.6,0.8,0,0.5,0.2,0.1,0,0.3
42,21,1,2,0.2,0.2,0,0.4,0.3,0.1,0.1,0.3,0.1,0.2,0.1
0,66,1,4,0.1,0.5,0.2,0.2,1.2,0,0.5,0.9,0.1,0.2,0.1
53,6,1,3,0,0.3,0.2,0.3,0.6,0.1,0.5,0.7,0.1,0.2,0
1,53,1,2,0.2,0.2,0.1,0.2,0.4,0.1,0.3,0.4,0,0,0.1
11,21,1,1,0,0.1,0,0.1,0.2,0,0.2,0.2,0.1,0.1,0
43,21,1,1,0.1,0.1,0,0.2,0.2,0,0.1,0.2,0,0.1,0
5,66,1,2,0,0.2,0.1,0.1,0.6,0,0.2,0.5,0.1,0.1,0.1
8,53,1,2,0.1,0.2,0.1,0.4,0.7,0,0.2,0.1,0.1,0,0.1
21,53,1,2,0,0.3,0,0.2,0.3,0,0.5,0.5,0.1,0.1,0
23,53,0,39.5,0,0,0,9,3,0,14,8,0.5,5,0
42,103,1,2,0.2,0.3,0.1,0.4,0.4,0.1,0.2,0.1,0.2,0,0
36,16,1,1,0,0.2,0,0.1,0.3,0,0.2,0.1,0,0,0.1
5,37,1,5,0.3,0.4,0.5,1,1.4,0.1,0.3,0.4,0.2,0.1,0.3
2,53,1,2,0.2,0.2,0.1,0.2,0.4,0.1,0.3,0.4,0,0,0.1
5,35,1,3,0.2,0.4,0.1,0.3,0.6,0,0.5,0.5,0.1,0.2,0.1
27,53,1,16,0.9,0.9,0.5,2.5,2,0,3.2,3.9,0.5,1.4,0.2
28,53,1,2,0.1,0.1,0.1,0.3,0.2,0,0.4,0.5,0.1,0.2,0
43,53,1,2,0.2,0.4,0,0.2,0.5,0,0.3,0.2,0.2,0,0
46,53,1,6,0.5,1.1,0.1,0.7,1.4,0,0.9,0.5,0.6,0.1,0.1
24,35,1,4,0.2,0.4,0.1,1.1,1.1,0.2,0.5,0.3,0.1,0,0
32,35,1,1,0.1,0.1,0,0.2,0.2,0,0.2,0,0.1,0.1,0
55,52,1,12,0.6,1.1,0.3,2.7,2.3,0.3,0.9,1.7,1.3,0.8,0
56,52,1,13,0.7,1.2,0.3,2.9,2.5,0.3,1,1.9,1.4,0.8,0
40,65,1,7,0,0.9,0.7,0,2.6,0,1.5,0.9,0,0.4,0
27,54,0,94,6,4,11,18,16,2.5,19,5,5.5,7,0
20,66,1,3,0,0.2,0.1,0.6,0.9,0.1,0.6,0.3,0.1,0,0.1
23,66,1,1,0,0.1,0.1,0.2,0.3,0,0.2,0.1,0,0,0
28,66,1,6,0,0.4,0.3,1.1,1.9,0.1,1.3,0.6,0.1,0,0.2
37,66,1,4,0.1,0.7,0,0.5,0.9,0,0.5,0.4,0.4,0.4,0.1
26,34,1,1,0,0.1,0,0.3,0.3,0.1,0.1,0.1,0,0,0
28,34,1,3,0.1,0.3,0.1,0.8,0.8,0.2,0.4,0.2,0.1,0,0
37,34,1,2,0.1,0.2,0.1,0.3,0.4,0.1,0.3,0.1,0.1,0.2,0.1
38,34,1,2,0.1,0.2,0.1,0.3,0.4,0.1,0.3,0.1,0.1,0.2,0.1
50,65,1,8,0.3,0.7,0.3,1.7,2.6,0.6,0.6,0.6,0.6,0,0
51,65,1,28,1.1,2.6,1.1,5.8,9,2.1,2.1,2.1,2.1,0,0
52,65,1,1,0,0.1,0,0.2,0.3,0.1,0.1,0.1,0.1,0,0
35,63,1,4,0,0.5,0.2,0.5,1.2,0,0.3,0.6,0.3,0.3,0.1
64,63,1,5,0.1,0.7,0.5,0.4,1.6,0.1,0.3,0.6,0.3,0.2,0.2
65,63,1,1,0,0.1,0.1,0.1,0.3,0,0.1,0.1,0.1,0.1,0
20,48,1,3,0.1,0,0.2,0.3,0.4,0.1,0.5,0.9,0.1,0.4,0
16,8,1,6,0.4,1.3,0,1.4,1.2,0.3,0,0.3,0.6,0.5,0
17,8,1,6,0.4,1.3,0,1.4,1.2,0.3,0,0.3,0.6,0.5,0
18,8,1,1,0.1,0.2,0,0.2,0.2,0,0,0.1,0.1,0.1,0
20,8,1,5,0.2,0.3,0.2,1,1.1,0.1,1.2,0.9,0,0,0
21,8,1,2,0.1,0.1,0.1,0.4,0.4,0,0.5,0.4,0,0,0
18,66,1,5,0.5,0.3,0.3,0.7,0.5,0.1,1.3,0.8,0.2,0.3,0
38,66,1,1,0,0.2,0,0.1,0.2,0,0.2,0.1,0.1,0.1,0
0,34,0,37,0,1,4,4,9,1,7,8,2,1,0
21,51,1,2,0,0.3,0,0.2,0.3,0,0.5,0.5,0.1,0.1,0
26,51,1,4,0.2,0.2,0.1,0.6,0.5,0,0.8,1,0.1,0.4,0.1
28,54,1,2,0.1,0.1,0.1,0.3,0.2,0,0.4,0.5,0.1,0.2,0
33,54,1,1,0.1,0.1,0.1,0.2,0.2,0,0.1,0.2,0,0,0
9,23,1,5,0,0.1,0.3,0.5,1.1,0.3,0.7,1.3,0.1,0.6,0
17,66,1,2,0.2,0.1,0.1,0.3,0.2,0,0.5,0.4,0.1,0.1,0
18,51,1,1,0,0,0,0.2,0.2,0,0.2,0.2,0.1,0.1,0
25,51,1,9,0.5,0.5,0.3,1.4,1.1,0,1.8,2.2,0.3,0.8,0.1
37,63,1,6,0,0.8,0.3,0.8,1.8,0,0.5,0.9,0.4,0.4,0.1
62,63,0,43,1,4,5,5,7,2,4,2,4,0,9
63,63,1,35,1,4.6,3.4,3.1,11.3,0.5,1.8,4.5,2.1,1.6,1.1
1,30,1,12,0.7,1.6,0.5,1.3,2.2,0.2,2,2,0.6,0.7,0.2
8,23,1,5,0,0.1,0.3,0.5,1.1,0.3,0.7,1.3,0.1,0.6,0
3,54,1,7,0.7,0.9,0.2,0.7,1.3,0.4,1.1,1.3,0.2,0,0.2
6,54,1,2,0.1,0.2,0.1,0.4,0.7,0,0.2,0.1,0.1,0,0.1
23,54,1,1,0,0.2,0,0.1,0.2,0,0.3,0.2,0,0,0
8,66,1,4,0.1,0.5,0.2,0.2,1.2,0,0.5,0.9,0.1,0.2,0.1
51,66,1,8,0,0,0.4,0.8,1.1,0,2.1,1.7,0.4,1.5,0
72,66,1,2,0.1,0.2,0,0.2,0.5,0.1,0.3,0.4,0.1,0.1,0
51,34,1,20,0.9,2.2,1.3,2.5,5.8,0.6,2.5,1.6,1.3,0.9,0.4
52,34,1,14,0.6,1.5,0.9,1.8,4.1,0.4,1.8,1.1,0.9,0.6,0.3
0,47,1,9,1,1,0.5,2.4,1,0.2,0.7,0.7,0.5,0.5,0.5
38,11,1,4,0.1,0.4,0.2,0.5,0.7,0,0.6,1.2,0.2,0.1,0
39,11,1,4,0.1,0.4,0.2,0.5,0.7,0,0.6,1.2,0.2,0.1,0
34,54,1,5,0.2,0.2,0.4,1.1,1.1,0,0.7,1.1,0.1,0.1,0
20,41,1,3,0,0.5,0,0.1,0.8,0,0.4,0.5,0.1,0.5,0.1
30,41,1,10,0.3,1.5,0.7,1.3,2.8,0.3,1.9,0.4,0.6,0,0.2
31,41,1,4,0.1,0.6,0.3,0.5,1.1,0.1,0.8,0.2,0.2,0,0.1
0,35,1,22,1,2.1,0.6,2.3,4.6,0.4,3.8,4.4,1.3,1.1,0.4
2,35,1,2,0.1,0.2,0.1,0.2,0.4,0,0.4,0.4,0.1,0.1,0
39,35,1,1,0.1,0.1,0,0.2,0.2,0,0.2,0,0.1,0.1,0
39,66,1,8,0.3,1.4,0,1.1,1.7,0.1,1.1,0.7,0.7,0.8,0.1
40,66,1,5,0.5,0.5,0.3,1.2,0.6,0,0.8,0.8,0.3,0,0
57,34,1,3,0.1,0.3,0.3,0.4,0.6,0,0.5,0.3,0.3,0.2,0
15,51,1,2,0,0.1,0.1,0.3,0.3,0,0.5,0.4,0.1,0.1,0.1
35,51,1,1,0.1,0.1,0.1,0.2,0.2,0,0.1,0.2,0,0,0
43,51,1,5,0.4,0.9,0.1,0.6,1.1,0,0.8,0.4,0.5,0.1,0.1
55,51,1,3,0.1,0.3,0.1,0.7,0.6,0.1,0.2,0.4,0.3,0.2,0
56,51,1,21,1.1,1.9,0.6,4.6,4.1,0.5,1.6,3,2.2,1.4,0
57,51,1,3,0.1,0.3,0.1,0.7,0.6,0.1,0.2,0.4,0.3,0.2,0
58,51,1,5,0.3,0.5,0.1,1.1,1,0.1,0.4,0.7,0.5,0.3,0
62,51,1,2,0.2,0,0.1,0.5,0.3,0.1,0.2,0.5,0,0.1,0
65,64,1,3,0.1,0.4,0.3,0.3,1,0,0.1,0.4,0.2,0.1,0.1
0,32,1,3,0.1,0.3,0.1,0.3,0.6,0,0.5,0.6,0.2,0.2,0.1
1,32,1,17,0.7,1.6,0.4,1.8,3.6,0.3,3,3.4,1,0.9,0.3
2,32,1,9,0.4,0.9,0.2,0.9,1.9,0.1,1.6,1.8,0.5,0.5,0.2
3,32,1,2,0.1,0.2,0.1,0.2,0.4,0,0.4,0.4,0.1,0.1,0
7,32,1,10,0.6,1.4,0.4,1,1.8,0.1,1.7,1.7,0.5,0.6,0.2
1,29,1,4,0.2,0.5,0.2,0.4,0.7,0.1,0.7,0.7,0.2,0.2,0.1
2,29,1,4,0.2,0.5,0.2,0.4,0.7,0.1,0.7,0.7,0.2,0.2,0.1
3,29,1,9,0.5,1.2,0.4,0.9,1.7,0.2,1.5,1.5,0.4,0.5,0.2
4,29,1,8,0.4,1.1,0.3,0.8,1.5,0.1,1.4,1.4,0.4,0.5,0.1
34,29,1,1,0.1,0.1,0,0.2,0.2,0,0.2,0,0.1,0.1,0
24,54,1,32,0,5.2,0,3.3,5.2,0,8.5,7.2,0.6,2,0
25,54,0,51,9,1,1,15,4,6,4,2,6,3,0
10,42,1,2,0,0.2,0.1,0.3,0.6,0,0.3,0.4,0.1,0,0
18,42,1,4,0.1,0.4,0.1,0.5,1.2,0.1,0.7,0.7,0.2,0,0
25,42,1,4,0.2,0.1,0,1,1,0.3,0.4,0.6,0.4,0,0
2,52,1,7,0.7,0.9,0.2,0.7,1.3,0.4,1.1,1.3,0.2,0,0.2
11,52,1,3,0,0.1,0.1,0.5,0.5,0.1,0.7,0.5,0.2,0.2,0.1
23,52,1,5,0,0.8,0,0.5,0.8,0,1.4,1.1,0.1,0.3,0
24,52,0,57,1,7,2,7,7,0,7,14,0,9,3
25,52,0,72.5,1,10.5,6,7,17,2,10,9,3,7,0
26,52,1,7,0.4,0.4,0.2,1.1,0.9,0,1.4,1.7,0.2,0.6,0.1
53,52,1,2,0.1,0.2,0.1,0.4,0.4,0,0.2,0.3,0.2,0.1,0
54,52,1,3,0.1,0.3,0.1,0.7,0.6,0.1,0.2,0.4,0.3,0.2,0
1,65,1,2,0.2,0.3,0.1,0.4,0.3,0.1,0.1,0.3,0.2,0,0
39,65,1,1,0,0.1,0,0.1,0.3,0,0.1,0.2,0.1,0.1,0
10,23,1,7,0,0.7,0.2,0.7,1.6,0,1.6,1.6,0.4,0.2,0
13,43,1,1,0,0.1,0,0.1,0.3,0,0.2,0.2,0.1,0,0
14,43,1,1,0,0.1,0,0.1,0.3,0,0.2,0.2,0.1,0,0
29,43,1,9,0.6,0.3,0,2.2,2.3,0.6,0.8,1.4,0.8,0,0
32,43,1,5,0.1,0.7,0.4,0.7,1.4,0.1,1,0.2,0.3,0,0.1
37,43,1,5,0,0.5,0.1,0.6,1.1,0.1,1.4,0.8,0.1,0.3,0
39,43,1,19,0,1.7,0.6,2.3,4,0.6,5.2,2.9,0.6,1.1,0
40,43,1,4,0,0.6,0.3,0.4,0.9,0.1,0.7,0.3,0.7,0,0
49,43,1,4,0.1,0.3,0.3,0.4,0.8,0,0.6,0.6,0.5,0.4,0
50,43,1,2,0.1,0.1,0.1,0.4,0.4,0.1,0.3,0.2,0.2,0,0.1
51,43,1,8,0.2,0.5,0.3,1.8,1.6,0.2,1.1,1,0.7,0.1,0.5
52,43,1,9,0.2,0.6,0.3,2,1.8,0.2,1.2,1.1,0.9,0.1,0.6
53,43,1,7.5,0.2,0.4,0.3,1.7,1.5,0.2,1,0.9,0.7,0.1,0.5
18,14,1,3,0.1,0.2,0.2,0.6,0.6,0.2,0.3,0.6,0.2,0,0
23,14,1,4,0.2,0.4,0.2,0.7,0.5,0.2,0.7,1,0.1,0,0
40,14,1,1,0.1,0,0,0.3,0.1,0.1,0.1,0.2,0.1,0,0
42,14,1,3,0.2,0.1,0.1,0.8,0.5,0.2,0.3,0.5,0.3,0,0
45,14,1,2,0.2,0.1,0.1,0.5,0.3,0.1,0.2,0.3,0.2,0,0
11,63,1,1,0,0.1,0.1,0.1,0.3,0,0.1,0.1,0.1,0,0.1
29,63,1,4,0,0.3,0.2,0.8,1.2,0.1,0.8,0.4,0.1,0,0.1
51,33,1,4,0.2,0.4,0.3,0.5,1.2,0.1,0.5,0.3,0.2,0.2,0.1
52,33,1,3,0.1,0.3,0.2,0.4,0.9,0.1,0.4,0.2,0.2,0.1,0.1
4,60,1,2,0.2,0.3,0.1,0.4,0.3,0.1,0.1,0.3,0.2,0,0
4,59,1,6,0.5,0.7,0.3,1.3,0.9,0.2,0.3,1,0.7,0.1,0
34,11,1,2,0.1,0.2,0.1,0.2,0.3,0,0.3,0.6,0.1,0.1,0
35,11,1,5,0.1,0.5,0.2,0.6,0.9,0,0.8,1.5,0.2,0.1,0.1
37,11,1,1,0,0.1,0.1,0.1,0.2,0,0.2,0.3,0,0,0
11,23,1,4,0,0.4,0.1,0.4,0.9,0,0.9,0.9,0.3,0.1,0
26,54,0,49,3,5,2,9,4,3,7,7,2,6,1
74,67,1,1,0.1,0.1,0,0.1,0.3,0,0.1,0.2,0.1,0,0
13,14,1,1,0.1,0.1,0,0.3,0.1,0,0.2,0.2,0,0,0
15,14,1,7,0.3,0.4,0.4,1.4,1.5,0.4,0.7,1.4,0.5,0,0
10,51,1,3,0,0.1,0.1,0.5,0.5,0.1,0.7,0.5,0.2,0.2,0.1
33,51,1,3,0.2,0.2,0.2,0.6,0.6,0,0.4,0.6,0.1,0.1,0
42,51,1,5,0.4,0.9,0.1,0.6,1.1,0,0.8,0.4,0.5,0.1,0.1
64,64,1,2,0.1,0.3,0.2,0.2,0.6,0,0.1,0.2,0.1,0.1,0.1
57,33,1,2,0,0.2,0.2,0.3,0.4,0,0.4,0.2,0.2,0.1,0
62,62,1,10.5,0.3,1.4,1,0.9,3.4,0.2,0.6,1.3,0.6,0.5,0.3
63,62,1,3,0.1,0.4,0.3,0.3,1,0,0.1,0.4,0.2,0.1,0.1
14,14,1,7,1,0.7,0.2,1.6,0.7,0,1.2,1.2,0.2,0.2,0
16,14,0,24,0,1,1,5,6,0,4,4,1,1,1
17,14,0,35,0,6,1,6,5,1,2,6,3,4,1
0,65,1,7,0.6,0.9,0.3,1.4,1,0.3,0.3,1.2,0.9,0.1,0
5,65,1,3,0.3,0.1,0.1,0.6,0.5,0.2,0.5,0.2,0.3,0.1,0.1
37,65,1,1,0,0.1,0,0.1,0.3,0,0.1,0.2,0.1,0.1,0
38,65,1,13,0,1.7,0.6,1.7,3.7,0,1.2,2,0.9,0.9,0.3
12,59,1,2,0.1,0.1,0.1,0.3,0.6,0,0.3,0.3,0.1,0,0.1
14,59,1,3,0.1,0.1,0.2,0.4,0.9,0.1,0.4,0.4,0.2,0.1,0.1
5,60,1,22,1.8,2.8,0.9,4.6,3.2,0.9,0.9,3.7,2.7,0.5,0
5,59,1,5,0.4,0.6,0.2,1.1,0.7,0.2,0.2,0.9,0.6,0.1,0
12,60,1,2,0.1,0.1,0.1,0.3,0.6,0,0.3,0.3,0.1,0,0.1
13,60,1,9,0.3,0.5,0.6,1.1,2.8,0.2,1.2,1.2,0.6,0.2,0.3
15,59,1,4,0.1,0.1,0.4,0.5,0.5,0,0.9,0.9,0,0.6,0
1,47,1,3,0.3,0.3,0.2,0.8,0.3,0.1,0.2,0.2,0.2,0.2,0.2
10,47,1,22,0.3,0.6,1,3.5,3.5,0.3,5.1,3.8,1.6,1.6,0.7
13,47,1,2,0,0.1,0.1,0.3,0.3,0,0.5,0.4,0.1,0.1,0.1
14,47,1,3,0,0.1,0.1,0.5,0.5,0.1,0.7,0.5,0.2,0.2,0.1
36,11,1,21,0.5,2.1,1,2.6,3.6,0,3.3,6.1,1,0.5,0.3
47,35,1,1,0,0.1,0,0.1,0.3,0,0.3,0.1,0.1,0,0
7,51,1,1,0,0.1,0.1,0.2,0.3,0,0.1,0.1,0.1,0,0
9,51,1,2,0.1,0.2,0.1,0.4,0.7,0,0.2,0.1,0.1,0,0.1
34,51,1,5,0.2,0.2,0.4,1.1,1.1,0,0.7,1.1,0.1,0.1,0
5,29,1,8,0.3,0.8,0.6,1.4,1.5,0.6,1.4,0.3,0.5,0.4,0.2
6,29,1,3,0.1,0.3,0.2,0.5,0.6,0.2,0.5,0.1,0.2,0.2,0.1
27,29,1,4,0.2,0.4,0.1,1.1,1.1,0.2,0.5,0.3,0.1,0,0
35,29,1,3,0.2,0.1,0,0.6,0.3,0,0.7,0.4,0.1,0.5,0.1
38,29,1,1,0.1,0,0,0.2,0.1,0,0.2,0.2,0,0.2,0
39,29,1,3,0.2,0.1,0,0.6,0.3,0,0.7,0.4,0.1,0.5,0.1
42,29,1,1,0,0.1,0,0.1,0.3,0,0.3,0.1,0.1,0,0
22,48,1,2,0,0,0.1,0.2,0.3,0.1,0.3,0.6,0.1,0.3,0
24,48,1,1.5,0,0,0.1,0.1,0.2,0,0.3,0.5,0.1,0.2,0
25,48,1,2,0,0,0.1,0.2,0.3,0.1,0.3,0.6,0.1,0.3,0
30,48,1,2,0.1,0.1,0.1,0.4,0.4,0,0.3,0.4,0.1,0.1,0
37,48,1,3,0.2,0.2,0.2,0.6,0.6,0,0.4,0.6,0.1,0.1,0
26,9,1,3,0.1,0.2,0.1,0.6,0.7,0.1,0.7,0.5,0,0,0
4,30,1,14,0.8,1.9,0.5,1.5,2.6,0.2,2.4,2.4,0.7,0.8,0.2
5,30,0,47,1,3,2,3,20,0,7,6,3,2,0
6,30,1,14,0.5,1.4,1,2.4,2.7,1,2.5,0.5,0.9,0.7,0.4
8,30,1,4,0.1,0.4,0.3,0.7,0.8,0.3,0.7,0.1,0.3,0.2,0.1
16,30,1,4,0.2,0.3,0.2,1.1,1,0.1,0.4,0.3,0.3,0.1,0
24,30,1,1,0,0.1,0.1,0.1,0.2,0,0.2,0.1,0.1,0.1,0
33,30,1,4,0.3,0.4,0.1,0.7,0.7,0.1,0.6,0.2,0.3,0.4,0.2
39,30,1,4,0.3,0.1,0,0.8,0.4,0,0.8,0.6,0.1,0.7,0.2
40,30,1,2,0,0.2,0.1,0.2,0.5,0,0.5,0.2,0.1,0.1,0.1
42,30,1,10,0.2,1.1,0.5,1.1,2.5,0.1,2.5,0.9,0.7,0.2,0.2
45,30,1,2,0.2,0.1,0.1,0.5,0.3,0.1,0.3,0.2,0.1,0.1,0
47,30,1,1,0.1,0,0,0.3,0.2,0,0.2,0.1,0.1,0,0
52,30,1,5,0.1,0.5,0.5,0.7,1,0,0.9,0.5,0.4,0.4,0
35,79,1,2,0.1,0.3,0.1,0.4,0.5,0.1,0.2,0.1,0.2,0,0
41,79,1,5,0.3,0.6,0.4,1.3,0.7,0.1,0.7,0.5,0.4,0,0
42,79,1,9,0.5,1.1,0.7,2.2,1.3,0.2,1.2,0.9,0.7,0.1,0.1
43,79,1,19,1,2.3,1.5,4.8,2.7,0.4,2.5,1.9,1.5,0.2,0.2
44,79,1,3,0.2,0.4,0.2,0.8,0.4,0.1,0.4,0.3,0.2,0,0
21,46,1,2,0,0,0.1,0.2,0.3,0.1,0.3,0.6,0.1,0.3,0
23,46,1,11,0.3,0.1,0.5,1,1.5,0.3,1.8,3.4,0.5,1.6,0
25,46,1,1,0,0,0.1,0.1,0.1,0,0.2,0.3,0.1,0.1,0
36,46,1,7,0.3,0.3,0.5,1.5,1.5,0,1,1.5,0.2,0.2,0
15,10,1,1,0.1,0.2,0,0.2,0.2,0,0,0.1,0.1,0.1,0
20,10,1,12,0.5,0.8,0.5,2.3,2.6,0.3,2.9,2.1,0,0,0
11,60,1,7,0.3,0.4,0.4,0.9,2.1,0.2,0.9,0.9,0.4,0.2,0.3
14,60,1,4,0.1,0.2,0.3,0.5,1.2,0.1,0.5,0.5,0.3,0.1,0.2
15,60,1,1,0,0,0.1,0.1,0.2,0,0.2,0.2,0,0.2,0
4,79,1,1,0,0.1,0.1,0.2,0.2,0.1,0.1,0.1,0.1,0,0
20,11,1,23,1.4,2.4,1,4.3,2.9,1,3.8,5.7,0.5,0,0
21,11,1,5,0.3,0.5,0.2,1,0.6,0.2,0.8,1.3,0.1,0,0
33,11,1,3,0.1,0.3,0.1,0.4,0.5,0,0.5,0.9,0.1,0.1,0
4,67,1,2,0,0.2,0.1,0.1,0.6,0,0.2,0.5,0.1,0.1,0.1
8,67,1,2,0,0.2,0.1,0.1,0.6,0,0.2,0.5,0.1,0.1,0.1
38,67,1,8,0.3,1.4,0,1.1,1.7,0.1,1.1,0.7,0.7,0.8,0.1
39,67,1,4,0.1,0.7,0,0.5,0.9,0,0.5,0.4,0.4,0.4,0.1
50,67,1,2,0,0,0.1,0.2,0.3,0,0.5,0.4,0.1,0.4,0
52,67,1,9,0,0,0.4,0.9,1.3,0,2.4,1.9,0.4,1.7,0
70,67,1,2,0.1,0.2,0,0.2,0.5,0.1,0.3,0.4,0.1,0.1,0
73,67,1,5,0.3,0.6,0,0.4,1.3,0.1,0.7,1.1,0.3,0.2,0
3,64,1,3,0.3,0.4,0.1,0.6,0.4,0.1,0.1,0.5,0.4,0.1,0
10,64,1,4,0.1,0.2,0.3,0.5,1.2,0.1,0.5,0.5,0.3,0.1,0.2
11,64,1,4,0.1,0.2,0.3,0.5,1.2,0.1,0.5,0.5,0.3,0.1,0.2
25,64,1,4,0,0.3,0.2,0.8,1.2,0.1,0.8,0.4,0.1,0,0.1
30,64,1,3,0,0.4,0.1,0.4,0.9,0,0.2,0.5,0.2,0.2,0.1
37,64,1,6,0,0.8,0.3,0.8,1.8,0,0.5,0.9,0.4,0.4,0.1
41,64,1,4,0,0.5,0.4,0,1.5,0,0.9,0.5,0,0.2,0
50,64,1,5,0.2,0.4,0.2,1,1.6,0.4,0.4,0.4,0.4,0,0
52,64,1,6,0.2,0.6,0.2,1.2,1.9,0.4,0.5,0.5,0.5,0,0
7,29,1,4,0.1,0.4,0.3,0.7,0.8,0.3,0.7,0.1,0.3,0.2,0.1
44,29,1,1,0,0.1,0,0.1,0.3,0,0.3,0.1,0.1,0,0
45,29,1,3,0.3,0.1,0.1,0.8,0.5,0.1,0.5,0.3,0.2,0.1,0
46,29,1,10,0.9,0.5,0.4,2.6,1.6,0.3,1.6,0.8,0.7,0.5,0.1
51,29,1,10,0.2,1.1,0.9,1.4,1.9,0,1.8,1.1,0.9,0.7,0
23,23,1,3,0,0.2,0.1,0.5,0.5,0.2,0.6,0.3,0.5,0.1,0
24,23,1,11,0,0.8,0.4,1.8,1.9,0.6,2.3,1.2,1.8,0.2,0
42,23,1,1,0.1,0.1,0,0.2,0.2,0,0.1,0.2,0,0.1,0
47,23,1,5,0.4,0.3,0.1,0.8,1.1,0.2,1.1,0.4,0.1,0.4,0.1
48,23,1,3,0.2,0.2,0.1,0.4,0.6,0.1,0.6,0.3,0.1,0.3,0.1
52,23,1,2,0,0.2,0.1,0.1,0.5,0.1,0.2,0.6,0.1,0.1,0
18,9,1,12,0.8,2.6,0,2.9,2.4,0.5,0,0.5,1.3,1,0
9,82,1,1,0,0.1,0.1,0.2,0.2,0.1,0.1,0.1,0.1,0,0
10,82,1,13,0.5,1.3,1.1,2.2,2,0.5,3.2,0.8,0.3,1.1,0
11,82,1,10,0.4,1,0.8,1.7,1.5,0.4,2.5,0.7,0.2,0.8,0
12,82,1,3,0.1,0.3,0.3,0.5,0.4,0.1,0.7,0.2,0.1,0.3,0
14,82,1,1,0,0.1,0.1,0.2,0.2,0,0.2,0.1,0,0.1,0
37,82,1,3,0.2,0.4,0.2,0.6,0.7,0.1,0.3,0.2,0.3,0,0
50,82,1,3,0.1,0.3,0.2,0.2,0.5,0,0.5,0.5,0.1,0.5,0.1
57,82,1,2,0,0.2,0.1,0.1,0.4,0,0.4,0.4,0,0.4,0
13,13,1,5,0.7,0.5,0.2,1.1,0.5,0,0.8,0.8,0.2,0.2,0
37,13,1,5,0.1,0.5,0.2,0.6,0.9,0,0.8,1.5,0.2,0.1,0.1
38,13,1,10,0.2,1,0.5,1.2,1.7,0,1.6,2.9,0.5,0.3,0.1
39,13,1,1,0,0.1,0.1,0.1,0.2,0,0.2,0.3,0,0,0
2,33,1,1,0,0.1,0,0.1,0.2,0,0.2,0.2,0.1,0.1,0
7,33,1,6,0.3,0.8,0.3,0.6,1.1,0.1,1,1,0.3,0.4,0.1
13,33,1,2,0.1,0.1,0.1,0.6,0.5,0.1,0.2,0.1,0.1,0.1,0
17,33,1,3,0.2,0.2,0.1,0.8,0.8,0.1,0.3,0.2,0.2,0.1,0
28,33,1,5,0.3,0.5,0.1,1.3,1.3,0.3,0.7,0.4,0.1,0,0
31,33,1,4,0.3,0.4,0.1,0.7,0.7,0.1,0.6,0.2,0.3,0.4,0.2
50,33,1,3,0.1,0.3,0.2,0.4,0.9,0.1,0.4,0.2,0.2,0.1,0.1
59,62,1,14,0.4,1.6,1,1.8,2.2,0.2,2.5,2.5,0.6,1.2,0
60,62,1,21,0.6,2.8,2,1.9,6.8,0.3,1.1,2.7,1.3,0.9,0.6
61,62,1,10,0.3,1.3,1,0.9,3.2,0.2,0.5,1.3,0.6,0.4,0.3
5,72,1,2,0.1,0.3,0.1,0.5,0.3,0.1,0.2,0.1,0.2,0.1,0
6,72,1,10,0.6,1.7,0.5,2.2,1.7,0.4,0.8,0.5,0.9,0.6,0.1
7,72,0,29,1,6,2,2,11,0,1,4,1,1,0
8,72,1,6,0.4,1,0.3,1.3,1,0.2,0.5,0.3,0.5,0.4,0.1
15,72,1,2,0.2,0.1,0.1,0.3,0.2,0,0.5,0.4,0.1,0.1,0
16,72,1,4,0.4,0.2,0.2,0.6,0.4,0.1,1.1,0.7,0.1,0.2,0
34,72,1,4,0,0,0.4,0.2,0.3,0,1.3,1,0.2,0.6,0
35,72,1,18,0.5,1.4,0,5.8,1.4,1.7,1.7,1.9,2.5,1.1,0
49,72,1,5,0.5,0.5,0.3,1.2,0.6,0,0.8,0.8,0.3,0,0
52,72,1,5,0.4,0.2,0.3,2,0.6,0.2,0.1,0.5,0.7,0,0
53,72,1,6,0.4,0.3,0.3,2.4,0.7,0.3,0.1,0.6,0.9,0,0
42,104,1,9,0.9,1.2,0.3,2,1.7,0.5,0.8,0.5,0.9,0.1,0.1
5,79,1,8,0.4,1.2,0.7,1.8,1.6,0.5,0.5,0.5,0.6,0.1,0.1
12,46,1,2,0,0.1,0.1,0.3,0.3,0,0.5,0.4,0.1,0.1,0.1
38,46,1,2,0.1,0.1,0.1,0.4,0.4,0,0.3,0.4,0.1,0.1,0
41,46,1,8.5,0.6,1.6,0.2,1,2,0,1.3,0.6,0.8,0.2,0.2
21,10,1,1,0,0.1,0.1,0.2,0.2,0,0.2,0.2,0,0,0
53,23,1,2,0,0.2,0.1,0.1,0.5,0.1,0.2,0.6,0.1,0.1,0
73,73,1,1,0,0.1,0,0.1,0.3,0,0.1,0.1,0.2,0.1,0
14,15,1,13,1.8,1.3,0.4,3,1.3,0,2.2,2.2,0.4,0.4,0
15,15,1,9,0.4,0.5,0.5,1.8,1.9,0.5,0.9,1.8,0.7,0,0
16,15,1,4,0.2,0.2,0.2,0.8,0.9,0.2,0.4,0.8,0.3,0,0
18,29,1,2,0.1,0.1,0.1,0.6,0.5,0.1,0.2,0.1,0.1,0.1,0
21,29,1,3,0.1,0.2,0.3,0.2,0.8,0,0.6,0.4,0.2,0.2,0
24,29,1,2,0.1,0.1,0.2,0.1,0.5,0,0.4,0.3,0.1,0.2,0
52,29,1,1,0,0.1,0.1,0.1,0.2,0,0.2,0.1,0.1,0.1,0
12,85,1,17,0.6,1.7,1.4,2.9,2.6,0.6,4.2,1.1,0.4,1.5,0
13,85,1,11,0.4,1.1,0.9,1.9,1.7,0.4,2.7,0.7,0.3,0.9,0
21,85,1,1,0.1,0.1,0.1,0.2,0.2,0,0.1,0,0.1,0.1,0
22,85,1,5,0.3,0.6,0.3,0.9,1.2,0.1,0.6,0,0.3,0.5,0.2
44,85,1,3,0.3,0.2,0,0.7,0.2,0,0.4,0.3,0.4,0.5,0
51,85,1,1,0,0.1,0,0.1,0.2,0,0.2,0.2,0,0.2,0
0,55,1,1,0.1,0.1,0,0.1,0.2,0.1,0.2,0.2,0,0,0
1,55,1,2,0.2,0.2,0.1,0.2,0.4,0.1,0.3,0.4,0,0,0.1
3,55,1,5,0.5,0.6,0.2,0.5,0.9,0.3,0.8,0.9,0.1,0,0.2
4,55,1,4,0.4,0.5,0.1,0.4,0.8,0.2,0.6,0.8,0.1,0,0.1
19,55,1,4,0.1,0.1,0.2,0.6,0.6,0.1,0.9,0.7,0.3,0.3,0.1
20,55,1,4,0,0.6,0,0.4,0.7,0,1.1,0.9,0.1,0.2,0
23,55,1,3,0,0.5,0,0.3,0.5,0,0.8,0.7,0,0.2,0
25,55,1,6,0.3,0.3,0.2,0.9,0.8,0,1.2,1.5,0.2,0.5,0.1
26,55,1,14,0.8,0.8,0.4,2.2,1.8,0,2.8,3.4,0.4,1.2,0.2
27,55,1,10,0.6,0.6,0.3,1.6,1.3,0,2,2.4,0.3,0.8,0.1
34,55,1,1,0.1,0.1,0.1,0.2,0.2,0,0.1,0.2,0,0,0
46,55,1,1,0.1,0.2,0,0.1,0.2,0,0.2,0.1,0.1,0,0
47,55,1,7,0.6,1.3,0.1,0.8,1.6,0,1.1,0.6,0.7,0.1,0.1
16,9,1,12,0.8,2.6,0,2.9,2.4,0.5,0,0.5,1.3,1,0
38,68,1,12,0.4,2,0,1.6,2.6,0.2,1.7,1.1,1.1,1.1,0.2
27,9,1,2,0.1,0.1,0.1,0.4,0.4,0,0.5,0.4,0,0,0
17,75,1,2,0.2,0.1,0.1,0.3,0.2,0,0.5,0.4,0.1,0.1,0
18,75,1,2,0.2,0.1,0.1,0.3,0.2,0,0.5,0.4,0.1,0.1,0
33,75,1,10,0,0,0.9,0.6,0.6,0,3.4,2.4,0.6,1.5,0
5,86,1,2,0,0.4,0.1,0.2,0.8,0,0.1,0.1,0.2,0,0.1
21,86,1,1,0.1,0.1,0.1,0.2,0.2,0,0.1,0,0.1,0.1,0
23,86,1,4,0.3,0.4,0.3,0.7,1,0.1,0.4,0,0.3,0.3,0.2
39,86,1,2,0.1,0.1,0,0.5,0.6,0.1,0.1,0.2,0.1,0.2,0
49,86,1,4,0.1,0.4,0.2,0.3,0.7,0,0.7,0.7,0.1,0.7,0.1
50,86,1,16,0.4,0.9,0,1.3,3.6,0.4,4,2.7,0,2.2,0.5
41,104,1,27,2.7,3.5,1,6.1,5.1,1.4,2.4,1.4,2.8,0.4,0.2
43,104,1,4,0.4,0.5,0.1,0.9,0.8,0.2,0.4,0.2,0.4,0.1,0
44,104,1,10,1,1.3,0.4,2.3,1.9,0.5,0.9,0.5,1,0.1,0.1
1,69,1,5,0.1,0.6,0.3,0.3,1.4,0,0.6,1.2,0.2,0.2,0.1
6,69,1,1,0,0.1,0.1,0.1,0.3,0,0.1,0.2,0,0.1,0
23,47,1,5,0.1,0.1,0.3,0.5,0.7,0.1,0.8,1.5,0.2,0.7,0
27,47,1,6,0.1,0.1,0.3,0.6,0.8,0.1,1,1.8,0.3,0.9,0
37,47,1,3,0.2,0.2,0.2,0.6,0.6,0,0.4,0.6,0.1,0.1,0
40,47,1,2,0.2,0.4,0,0.2,0.5,0,0.3,0.2,0.2,0,0
3,67,1,3,0.1,0.3,0.2,0.2,0.9,0,0.3,0.7,0.1,0.1,0.1
0,88,1,6,0.1,1,0.3,0.6,2.6,0.1,0.2,0.2,0.6,0,0.3
34,88,1,4,0.1,0.7,0.2,0.6,1.2,0.2,0.2,0.4,0.2,0.2,0
61,88,1,5,0.4,0.3,0.5,1.5,0.9,0.4,0.2,0.5,0.3,0,0
42,64,1,2,0,0.2,0.2,0,0.8,0,0.4,0.3,0,0.1,0
51,64,1,5,0.2,0.4,0.2,1,1.6,0.4,0.4,0.4,0.4,0,0
1,58,1,1,0.1,0.1,0,0.2,0.2,0,0.1,0.2,0.1,0,0
11,58,1,9,0.3,0.5,0.6,1.1,2.8,0.2,1.2,1.2,0.6,0.2,0.3
13,58,1,3,0.1,0.1,0.2,0.4,0.9,0.1,0.4,0.4,0.2,0.1,0.1
14,58,1,1,0,0.1,0.1,0.1,0.3,0,0.1,0.1,0.1,0,0.1
19,58,1,2,0,0.1,0.2,0.3,0.3,0,0.4,0.4,0,0.3,0
20,58,1,2,0,0.1,0.1,0.4,0.6,0,0.4,0.2,0.1,0,0.1
54,58,1,3,0.2,0.1,0.2,0.7,0.7,0.1,0.3,0.3,0.2,0.2,0
63,58,1,2,0.1,0.3,0.2,0.2,0.6,0,0.1,0.2,0.1,0.1,0.1
39,68,1,1,0,0.2,0,0.1,0.2,0,0.2,0.1,0.1,0.1,0
49,68,1,3,0.3,0.3,0.2,0.7,0.4,0,0.5,0.5,0.1,0,0
0,89,1,3,0.1,0.5,0.1,0.3,1.3,0.1,0.1,0.1,0.3,0,0.1
1,89,1,2,0,0.4,0.1,0.2,0.8,0,0.1,0.1,0.2,0,0.1
33,89,1,12,0.2,2,0.7,1.7,3.5,0.5,0.8,1.3,0.5,0.8,0
61,89,1,4,0.3,0.3,0.4,1.2,0.8,0.3,0.1,0.4,0.2,0,0
62,89,1,2,0.1,0.1,0.2,0.6,0.4,0.2,0.1,0.2,0.1,0,0
16,59,1,2,0,0.1,0.2,0.3,0.3,0,0.4,0.4,0,0.3,0
18,59,1,3,0.1,0.1,0.3,0.4,0.4,0,0.6,0.6,0,0.5,0
19,59,1,10,0.3,0.3,1,1.3,1.3,0,2.1,2.1,0,1.6,0
53,59,1,13,0.8,0.6,0.8,2.8,3,0.6,1.4,1.4,0.8,0.8,0
54,59,1,20,1.3,0.8,1.3,4.3,4.7,0.8,2.1,2.1,1.3,1.3,0
55,59,1,9,0.6,1.1,0.3,2.6,1.4,0.1,1.2,0.8,0.6,0.3,0
56,59,1,20,1.3,2.4,0.7,5.8,3,0.3,2.7,1.7,1.4,0.7,0
7,69,1,3,0.1,0.3,0.2,0.2,0.9,0,0.3,0.7,0.1,0.1,0.1
8,69,1,9,0.2,1.1,0.5,0.5,2.6,0,1.1,2.1,0.3,0.4,0.2
9,69,1,1,0,0.1,0.1,0.1,0.3,0,0.1,0.2,0,0.1,0
49,69,1,2,0.2,0.2,0.1,0.5,0.3,0,0.3,0.3,0.1,0,0
37,10,1,2,0.1,0.2,0.1,0.2,0.3,0,0.3,0.6,0.1,0.1,0
38,10,1,7,0.2,0.7,0.3,0.9,1.2,0,1.1,2,0.3,0.2,0.1
39,10,1,4,0.1,0.4,0.2,0.5,0.7,0,0.6,1.2,0.2,0.1,0
8,90,1,4,0.1,0.7,0.2,0.4,1.7,0.1,0.1,0.1,0.4,0,0.2
9,90,1,3,0.1,0.5,0.1,0.3,1.3,0.1,0.1,0.1,0.3,0,0.1
13,90,1,4,0.2,0.6,0.4,0.9,0.8,0.2,0.2,0.2,0.3,0.1,0.1
32,90,1,2,0.1,0.3,0.1,0.3,0.6,0.1,0.1,0.2,0.1,0.1,0
33,90,1,21,0.4,3.5,1.3,3.1,6.1,0.9,1.3,2.2,0.9,1.3,0
34,90,1,9,0.2,1.5,0.5,1.3,2.6,0.4,0.6,0.9,0.4,0.6,0
62,90,1,1,0.1,0.1,0.1,0.3,0.2,0.1,0,0.1,0,0,0
63,90,1,11,0.9,0.7,1,3.3,2.1,0.9,0.4,1,0.7,0,0
16,60,1,10,0.3,0.3,1,1.3,1.3,0,2.1,2.1,0,1.6,0
2,0,1,2,0,0.2,0.1,0.5,0.4,0,0.4,0.3,0.1,0,0
3,0,1,3,0,0.3,0.1,0.7,0.5,0,0.6,0.5,0.2,0.1,0
23,0,1,2,0.1,0.2,0.1,0.4,0.5,0.1,0.2,0.3,0.1,0,0
29,0,1,1,0.1,0.1,0,0.2,0.3,0,0.1,0.2,0,0,0
57,0,1,2,0.2,0.1,0.1,0.4,0.2,0.1,0.4,0.2,0.1,0.2,0
8,91,1,4,0.1,0.7,0.2,0.4,1.7,0.1,0.1,0.1,0.4,0,0.2
9,91,1,1,0,0.2,0.1,0.1,0.4,0,0,0,0.1,0,0.1
12,91,1,5,0.2,0.8,0.4,1.1,1,0.3,0.3,0.3,0.4,0.1,0.1
13,91,1,7,0.3,1.1,0.7,1.6,1.4,0.4,0.4,0.4,0.5,0.1,0.1
14,91,1,5,0.2,0.8,0.4,1.1,1,0.3,0.3,0.3,0.4,0.1,0.1
33,91,1,15,0.5,1.5,0.8,2.6,3.4,0.3,2.8,0.8,1.5,0.8,0
36,91,1,3,0.2,0.2,0,0.8,0.9,0.2,0.1,0.2,0.2,0.2,0
42,91,1,8,0.2,0.9,0.4,0.5,1.4,0,1.4,1.4,0.2,1.4,0.2
20,32,1,3,0.1,0.3,0.1,0.8,0.8,0.2,0.4,0.2,0.1,0,0
21,32,1,4,0.2,0.4,0.1,1.1,1.1,0.2,0.5,0.3,0.1,0,0
23,32,1,3,0.1,0.3,0.1,0.8,0.8,0.2,0.4,0.2,0.1,0,0
35,32,1,7,0.5,0.7,0.2,1.2,1.3,0.2,1,0.3,0.5,0.8,0.3
40,32,1,8,0.2,0.9,0.3,0.9,2,0.1,2,0.7,0.5,0.2,0.2
51,32,1,1,0,0.1,0.1,0.1,0.3,0,0.1,0.1,0.1,0.1,0
52,32,1,25,1.1,2.7,1.6,3.2,7.3,0.7,3.2,2,1.6,1.1,0.5
53,32,1,5,0.2,0.6,0.3,0.6,1.5,0.2,0.6,0.4,0.3,0.2,0.1
54,32,1,2,0.1,0.2,0.1,0.2,0.6,0.1,0.3,0.2,0.1,0.1,0
54,12,1,2,0,0.2,0.1,0.2,0.5,0.1,0.3,0.5,0,0.1,0
55,12,1,3,0,0.3,0.2,0.3,0.6,0.1,0.5,0.7,0.1,0.2,0
13,123,1,1,0,0.2,0.1,0.1,0.2,0,0.2,0.1,0,0.1,0
14,123,1,4,0,0.7,0.5,0.4,0.8,0,0.7,0.4,0.1,0.4,0
15,123,1,1,0,0.2,0.1,0.1,0.2,0,0.2,0.1,0,0.1,0
22,123,1,8,0.6,1.2,0.5,1.6,1.7,0.1,0.6,0.8,0.4,0.5,0
36,123,1,4,0.2,0.3,0.2,0.8,1.1,0.1,0.6,0.3,0.3,0.1,0
39,123,1,8,0.3,0.7,0.3,1.7,2.2,0.2,1.2,0.5,0.7,0.2,0
40,123,1,17,1.3,1,1.3,3.3,2.7,0.7,3,1.7,0.7,1,0.3
46,23,1,2,0.2,0.1,0,0.3,0.4,0.1,0.4,0.2,0,0.2,0.1
9,68,1,1,0,0.1,0.1,0.1,0.3,0,0.1,0.2,0,0.1,0
37,68,1,2,0.1,0.3,0,0.3,0.4,0,0.3,0.2,0.2,0.2,0
52,68,1,6,0,0,0.3,0.6,0.8,0,1.6,1.3,0.3,1.1,0
53,68,1,6,0,0,0.3,0.6,0.8,0,1.6,1.3,0.3,1.1,0
14,13,1,1,0.1,0.1,0,0.3,0.1,0,0.2,0.2,0,0,0
17,13,1,18,0.7,1.1,1.1,3.5,3.9,1,1.8,3.5,1.4,0,0
18,13,1,6,0.2,0.3,0.4,1.2,1.3,0.3,0.6,1.2,0.5,0,0
19,13,1,4,0.2,0.2,0.2,0.8,0.9,0.2,0.4,0.8,0.3,0,0
26,13,1,2,0.1,0.1,0.1,0.4,0.4,0,0.5,0.4,0,0,0
27,13,1,5,0.2,0.3,0.2,1,1.1,0.1,1.2,0.9,0,0,0
29,13,1,5,0.2,0.3,0.2,1,1.1,0.1,1.2,0.9,0,0,0
53,13,1,6,0,0.5,0.4,0.7,1.3,0.3,1,1.3,0.1,0.4,0
56,13,1,1,0,0.1,0.1,0.1,0.2,0,0.2,0.2,0,0.1,0
10,69,1,3,0.3,0.2,0.2,0.4,0.3,0,0.8,0.5,0.1,0.2,0
37,69,1,5,0.1,0.8,0,0.7,1.1,0.1,0.7,0.5,0.4,0.5,0.1
38,69,1,2,0.1,0.3,0,0.3,0.4,0,0.3,0.2,0.2,0.2,0
8,46,1,4,0.1,0.5,0.2,0.8,1.4,0,0.4,0.3,0.2,0,0.1
40,3,1,2,0,0.1,0.1,0.2,0.1,0,0.6,0.7,0,0.1,0.1
41,3,1,2,0,0.1,0.1,0.2,0.1,0,0.6,0.7,0,0.1,0.1
50,3,1,3,0.2,0.1,0.1,0.6,0.4,0.1,0.6,0.4,0.2,0.3,0
51,3,1,14,1.2,0.6,0.4,2.9,1.8,0.4,2.7,1.8,0.8,1.4,0
18,94,1,1,0,0.1,0.1,0.2,0.2,0.1,0.1,0.1,0.1,0,0
25,94,1,10,0.7,1.1,0.7,1.8,2.4,0.2,1.1,0,0.7,0.9,0.4
26,94,1,1,0.1,0.1,0.1,0.2,0.2,0,0.1,0,0.1,0.1,0
27,94,1,7,0.5,0.8,0.5,1.2,1.7,0.1,0.8,0,0.5,0.6,0.3
28,94,1,1,0.1,0.1,0.1,0.2,0.2,0,0.1,0,0.1,0.1,0
33,94,1,3,0.1,0.3,0.1,0.5,0.7,0,0.6,0.2,0.3,0.2,0
59,94,1,4,0,0.6,0.1,0.6,0.6,0.1,0.6,0.5,0.4,0.5,0
60,94,1,5,0.1,0.7,0.3,0.7,1.3,0.2,0.5,0.8,0.2,0.2,0
61,94,1,10,0.2,1.3,0.6,1.5,2.7,0.3,1,1.6,0.4,0.4,0
62,94,1,16,0.2,2.1,0.9,2.4,4.2,0.5,1.7,2.6,0.7,0.7,0
63,94,1,8,0.1,1.1,0.5,1.2,2.1,0.2,0.8,1.3,0.3,0.4,0
68,94,1,5,0.4,0.3,0.5,1.5,0.9,0.4,0.2,0.5,0.3,0,0
17,60,1,6,0.1,0.2,0.6,0.8,0.8,0,1.3,1.3,0,0.9,0
46,60,1,4,0,0.5,0.4,0,1.5,0,0.9,0.5,0,0.2,0
21,84,1,4,0.3,0.4,0.3,0.7,1,0.1,0.4,0,0.3,0.3,0.2
25,84,1,3,0.2,0.3,0.2,0.5,0.7,0.1,0.3,0,0.2,0.3,0.2
44,84,1,1,0.1,0.1,0,0.2,0.1,0,0.1,0.1,0.1,0.2,0
52,4,1,9,0.8,0.4,0.3,1.9,1.1,0.2,1.8,1.1,0.5,0.9,0
2,95,1,5,0.1,0.9,0.3,0.5,2.1,0.1,0.1,0.1,0.5,0,0.3
3,95,1,5,0.1,0.9,0.3,0.5,2.1,0.1,0.1,0.1,0.5,0,0.3
19,5,1,4,0,0.2,0,1,0.5,0,0.9,0.9,0.3,0.2,0
20,5,1,4,0.5,0.1,0.3,1,0.5,0.2,0.4,0.9,0.1,0,0
28,5,1,3,0.2,0.3,0.1,0.6,0.8,0.1,0.2,0.5,0.1,0.1,0
34,5,1,2,0,0.2,0.1,0.3,0.6,0,0.2,0.3,0.2,0,0.1
39,5,1,4,0,0.4,0.1,0.4,0.9,0.1,0.9,0.5,0.4,0.2,0.1
40,5,1,2,0,0.1,0.1,0.2,0.1,0,0.6,0.7,0,0.1,0.1
42,5,1,2,0,0.1,0.1,0.2,0.1,0,0.6,0.7,0,0.1,0.1
44,5,1,6,0,0.2,0.2,0.7,0.3,0,1.9,1.9,0,0.4,0.4
51,5,1,3,0.2,0.1,0.1,0.6,0.4,0.1,0.6,0.4,0.2,0.3,0
52,5,1,12,1,0.5,0.4,2.5,1.5,0.3,2.4,1.5,0.7,1.2,0
62,85,1,1,0,0.2,0,0.1,0.2,0,0.2,0.1,0.1,0,0.1
21,123,1,14,1.1,2,0.9,2.7,2.9,0.2,1.1,1.5,0.7,0.9,0
48,96,1,1,0.1,0.1,0,0.2,0.2,0,0.1,0.1,0.1,0.1,0
34,75,0,43,0,4,6,4,5,0,9,11,1,3,0
35,75,0,31,0,4,0,5,7,1,5,6,3,0,0
36,75,1,2,0.1,0.1,0,0.6,0.2,0.2,0.2,0.2,0.3,0.1,0
39,75,1,3,0.1,0.2,0,1,0.2,0.3,0.3,0.3,0.4,0.2,0
50,75,1,14,1,0.7,0.7,5.6,1.7,0.7,0.3,1.3,2,0,0
51,75,1,8,0.6,0.4,0.4,3.2,0.9,0.4,0.2,0.8,1.1,0,0
42,7,1,9,0.7,0.3,0.3,2.4,1.4,0.5,0.9,1.4,0.9,0,0.2
52,66,1,10,0,0,0.5,1,1.4,0,2.6,2.1,0.5,1.9,0
53,66,1,1,0,0,0.1,0.1,0.1,0,0.3,0.2,0,0.2,0
70,66,1,5,0.3,0.6,0,0.4,1.3,0.1,0.7,1.1,0.3,0.2,0
30,108,1,7,0.5,0.5,0.5,1.8,0.8,0.4,0.8,0.9,0.5,0.3,0
31,108,1,8,0.6,0.6,0.6,2,0.9,0.5,0.9,1,0.6,0.3,0
77,108,1,3,0.2,0.2,0.3,0.7,0.6,0,0.6,0.1,0.2,0.1,0
52,58,1,4,0.2,0.2,0.3,0.8,0.9,0.2,0.4,0.4,0.3,0.3,0
53,58,1,7,0.4,0.3,0.5,1.5,1.6,0.3,0.7,0.7,0.5,0.5,0
62,96,1,2,0,0.3,0.2,0.1,0.4,0.1,0.3,0.4,0.1,0.1,0
42,9,1,2,0.2,0.1,0.1,0.5,0.3,0.1,0.2,0.3,0.2,0,0
46,9,1,4,0.3,0.1,0.2,1.1,0.6,0.2,0.4,0.6,0.4,0,0.1
12,40,1,2,0,0.2,0.1,0.3,0.6,0,0.3,0.4,0.1,0,0
13,40,1,2,0,0.2,0.1,0.3,0.6,0,0.3,0.4,0.1,0,0
23,40,1,4,0,0.6,0,0.1,1.2,0,0.5,0.6,0.1,0.7,0.2
27,40,1,4,0,0.6,0,0.1,1.2,0,0.5,0.6,0.1,0.7,0.2
31,40,1,2,0.1,0.3,0.1,0.3,0.5,0.1,0.4,0.1,0.1,0,0
2,70,1,2,0,0.2,0.1,0.1,0.6,0,0.2,0.5,0.1,0.1,0.1
7,70,1,4,0.1,0.5,0.2,0.2,1.2,0,0.5,0.9,0.1,0.2,0.1
8,70,1,1,0,0.1,0.1,0.1,0.3,0,0.1,0.2,0,0.1,0
9,70,1,3,0.1,0.3,0.2,0.2,0.9,0,0.3,0.7,0.1,0.1,0.1
32,70,1,5,0.1,0.8,0,0.7,1.1,0.1,0.7,0.5,0.4,0.5,0.1
36,70,1,9,0.3,1.5,0,1.3,2,0.1,1.3,0.8,0.8,0.8,0.1
45,102,1,5,0.2,0.7,0.1,1.2,1.2,0,0.2,0.3,0.5,0.5,0.1
59,102,1,4,0.3,0.6,0,0.6,0.8,0.1,0.7,0.2,0.2,0.4,0.1
60,102,1,9,0,1.3,1,0.5,2,0.2,1.2,2,0.3,0.3,0.2
61,102,1,5,0,0.7,0.6,0.3,1.1,0.1,0.7,1.1,0.1,0.2,0.1
75,102,1,4,0.2,0.4,0.1,0.6,0.7,0.1,0.6,0.8,0.3,0.2,0
4,71,1,4,0.1,0.5,0.2,0.2,1.2,0,0.5,0.9,0.1,0.2,0.1
5,71,1,11,0.7,1.8,0.6,2.4,1.8,0.4,0.9,0.6,1,0.7,0.1
6,71,1,7,0.4,1.2,0.4,1.5,1.2,0.3,0.5,0.4,0.6,0.4,0.1
7,71,1,6,0.4,1,0.3,1.3,1,0.2,0.5,0.3,0.5,0.4,0.1
9,71,1,11,0.7,1.8,0.6,2.4,1.8,0.4,0.9,0.6,1,0.7,0.1
22,71,1,3,0,0.2,0.1,0.6,0.9,0.1,0.6,0.3,0.1,0,0.1
35,71,1,3,0.1,0.2,0,1,0.2,0.3,0.3,0.3,0.4,0.2,0
43,103,1,28,2.9,3.7,1,6.3,5.3,1.4,2.5,1.4,2.9,0.4,0.2
44,103,1,18,1.8,2.4,0.7,4.1,3.4,0.9,1.6,0.9,1.8,0.3,0.1
60,103,1,9,0,1.3,1,0.5,2,0.2,1.2,2,0.3,0.3,0.2
61,103,1,4,0,0.6,0.4,0.2,0.9,0.1,0.5,0.9,0.1,0.2,0.1
62,103,1,3,0,0.4,0.3,0.2,0.7,0.1,0.4,0.7,0.1,0.1,0
64,103,1,5,0,0.7,0.6,0.3,1.1,0.1,0.7,1.1,0.1,0.2,0.1
75,103,1,3,0.2,0.3,0.1,0.5,0.5,0.1,0.4,0.6,0.2,0.1,0
76,103,1,5,0.3,0.5,0.2,0.8,0.9,0.1,0.7,1,0.3,0.2,0
50,92,1,17,0,2.9,0.4,2.9,2.4,0.4,2.4,2,1.6,2,0
51,92,1,3,0,0.5,0.1,0.5,0.4,0.1,0.4,0.3,0.3,0.4,0
61,92,1,5,0.1,0.7,0.3,0.7,1.3,0.2,0.5,0.8,0.2,0.2,0
62,92,1,2,0,0.3,0.1,0.3,0.5,0.1,0.2,0.3,0.1,0.1,0
5,62,1,1,0.1,0,0,0.2,0.2,0.1,0.2,0.1,0.1,0,0
7,62,1,8,0.8,0.4,0.2,1.7,1.3,0.6,1.3,0.4,0.9,0.2,0.2
11,62,1,2,0.1,0.1,0.1,0.3,0.6,0,0.3,0.3,0.1,0,0.1
27,62,1,8,0,0.6,0.4,1.5,2.5,0.2,1.7,0.7,0.2,0,0.2
28,62,1,2,0,0.1,0.1,0.4,0.6,0,0.4,0.2,0.1,0,0.1
35,62,1,1,0,0.1,0,0.1,0.3,0,0.1,0.2,0.1,0.1,0
58,62,1,2,0.1,0.2,0.1,0.3,0.3,0,0.3,0.4,0.1,0.2,0
51,14,1,2,0,0.2,0.1,0.2,0.5,0.1,0.3,0.5,0,0.1,0
13,73,1,3,0.1,0.4,0,0.7,0.6,0.2,0.3,0.2,0.4,0,0.1
14,73,1,3,0.1,0.4,0,0.7,0.6,0.2,0.3,0.2,0.4,0,0.1
34,73,1,8,0,0,0.7,0.5,0.5,0,2.7,1.9,0.5,1.2,0
25,105,1,6,0.1,0.6,0.3,1.3,1.6,0.3,0.5,0.8,0,0,0.5
26,105,1,4,0.1,0.4,0.2,0.9,1.1,0.2,0.3,0.5,0,0,0.3
41,105,1,1,0.1,0.1,0,0.2,0.2,0.1,0.1,0.1,0.1,0,0
28,15,1,4,0.2,0.2,0.2,0.8,0.9,0.1,0.9,0.7,0,0,0
36,15,1,4,0.1,0.4,0.2,0.5,0.7,0,0.6,1.2,0.2,0.1,0
51,15,1,2,0,0.2,0.1,0.2,0.5,0.1,0.3,0.5,0,0.1,0
52,15,1,5,0,0.5,0.3,0.6,1.1,0.2,0.8,1.1,0.1,0.3,0
2,96,0,31,2,0,1,9,5,1,2,2,6,3,0
3,96,1,7,0.3,0.4,0.5,1.7,1.2,0.3,1.1,0.6,0.9,0,0
26,96,1,1,0,0.1,0.1,0.2,0.3,0,0.1,0.1,0,0,0.1
27,96,1,1,0,0.1,0.1,0.2,0.3,0,0.1,0.1,0,0,0.1
47,96,1,5,0.2,0.7,0.1,1.2,1.2,0,0.2,0.3,0.5,0.5,0.1
9,107,1,1,0,0,0.1,0.1,0.3,0,0.2,0.2,0,0.1,0
26,107,1,2,0.1,0.2,0.1,0.1,0.4,0,1,0.1,0,0,0
27,107,1,2,0.1,0.2,0.1,0.1,0.4,0,1,0.1,0,0,0
28,107,1,3,0.1,0.3,0.1,0.1,0.7,0,1.6,0.1,0,0,0
41,107,1,2,0.2,0.2,0.2,0.3,0.5,0,0,0.2,0,0.3,0.1
44,107,1,4,0.3,0.4,0.3,0.7,0.9,0.1,0,0.5,0.1,0.6,0.1
68,107,1,3,0,0.2,0.3,0.2,0.9,0.1,0.3,0.4,0.3,0.2,0.1
78,107,1,12,0.7,1,1.2,2.6,2.4,0.1,2.3,0.6,0.8,0.2,0.1
88,107,1,6,0.1,0.4,0.3,1.1,1,0.1,0.9,1.3,0.4,0.3,0.1
15,27,1,6,0.4,0.4,0.3,1.6,1.5,0.1,0.7,0.4,0.4,0.2,0
22,27,1,5,0.2,0.4,0.5,0.4,1.2,0,0.9,0.7,0.3,0.4,0
29,27,1,6,0.3,0.6,0.2,1.6,1.6,0.3,0.8,0.5,0.1,0,0
39,27,1,5,0.3,0.2,0,1,0.5,0,1,0.7,0.2,0.9,0.2
15,17,1,2,0.1,0.2,0.1,0.4,0.5,0,0.3,0.1,0.1,0,0.2
23,17,1,3,0,0.2,0.1,0.5,0.5,0.2,0.6,0.3,0.5,0.1,0
27,17,1,2,0,0.2,0.1,0.3,0.3,0.1,0.4,0.2,0.3,0.1,0
37,17,1,3,0,0.5,0.2,0.2,0.9,0,0.7,0.2,0.1,0,0.2
38,17,1,5,0,0.9,0.3,0.3,1.6,0,1.1,0.4,0.1,0,0.3
49,17,1,4,0.4,0.3,0.1,0.8,0.6,0.2,0.2,0.7,0.2,0.4,0.1
50,17,1,2,0,0.2,0.1,0.1,0.5,0.1,0.2,0.6,0.1,0.1,0
52,17,1,4,0.1,0.5,0.1,0.3,0.9,0.2,0.4,1.2,0.2,0.1,0
31,76,1,1,0.1,0.1,0,0.3,0.1,0,0.1,0.1,0.1,0.1,0
32,76,1,4,0.4,0.2,0.1,1.3,0.4,0.1,0.2,0.5,0.4,0.4,0
33,76,1,13,1.5,0.6,0.3,4.3,1.5,0.3,0.6,1.5,1.2,1.2,0
34,76,0,31,1,2,3,3,10,0,6,2,1,3,0
40,76,1,18,1,2.2,1.4,4.5,2.5,0.4,2.4,1.8,1.4,0.2,0.2
42,76,1,3,0.2,0.4,0.2,0.8,0.4,0.1,0.4,0.3,0.2,0,0
47,76,1,2,0.2,0.1,0,0.4,0.1,0,0.3,0.2,0.3,0.4,0
53,76,1,2,0,0.2,0.1,0.1,0.4,0,0.4,0.4,0,0.4,0
7,108,1,5,0,0.2,0.3,0.3,1.5,0,0.9,1.2,0.1,0.5,0
8,108,1,6,0,0.3,0.3,0.4,1.8,0,1,1.5,0.1,0.6,0
33,108,1,3,0.2,0.2,0.2,0.7,0.4,0.2,0.4,0.4,0.2,0.1,0
44,108,1,2,0.2,0.2,0.2,0.3,0.5,0,0,0.2,0,0.3,0.1
56,108,1,2,0.1,0.3,0.1,0.3,0.4,0,0.3,0.2,0.2,0.1,0
67,108,1,1,0,0.1,0.1,0.1,0.3,0,0.1,0.1,0.1,0.1,0
68,108,1,8,0.1,0.6,0.7,0.6,2.4,0.1,0.8,1,0.7,0.6,0.4
35,28,1,2,0.1,0.1,0,0.4,0.2,0,0.4,0.3,0.1,0.3,0.1
39,28,1,2,0.1,0.1,0,0.4,0.2,0,0.4,0.3,0.1,0.3,0.1
48,28,1,7,0.7,0.3,0.2,1.9,1.1,0.2,1.1,0.6,0.5,0.3,0.1
49,28,1,2,0.2,0.1,0.1,0.5,0.3,0.1,0.3,0.2,0.1,0.1,0
57,28,1,1,0,0.1,0.1,0.1,0.2,0,0.2,0.1,0.1,0.1,0
4,109,1,3,0.2,0.2,0.3,0.5,0.7,0.1,0.3,0.3,0.2,0.2,0
5,109,1,1,0,0,0.1,0.1,0.3,0,0.2,0.2,0,0.1,0
6,109,1,3,0,0.2,0.2,0.2,0.9,0,0.5,0.7,0,0.3,0
7,109,1,4,0,0.2,0.2,0.3,1.2,0,0.7,0.9,0.1,0.4,0
8,109,1,6,0,0.3,0.3,0.4,1.8,0,1,1.5,0.1,0.6,0
29,109,1,3,0.1,0.3,0.1,0.1,0.7,0,1.6,0.1,0,0,0
30,109,1,13,0.9,0.9,1,3.2,1.5,0.8,1.5,1.7,0.9,0.6,0
31,109,1,17,1.2,1.2,1.2,4.2,2,1,2,2.2,1.2,0.8,0
32,109,1,3,0.2,0.2,0.2,0.7,0.4,0.2,0.4,0.4,0.2,0.1,0
33,109,1,3,0.2,0.2,0.2,0.7,0.4,0.2,0.4,0.4,0.2,0.1,0
54,109,1,8,0.3,1.1,0.3,1.4,1.4,0,1.3,1,0.9,0.3,0
75,109,1,2,0.1,0.2,0.2,0.4,0.4,0,0.4,0.1,0.1,0.1,0
77,109,1,27,1.6,2.2,2.7,5.9,5.4,0.3,5.1,1.3,1.7,0.5,0.3
78,109,0,41,4,5.5,1,8,6,0,7,4,2.5,1,2
79,109,1,15.5,0.9,1.2,1.5,3.4,3.1,0.2,2.9,0.8,1,0.3,0.2
80,109,1,3,0.1,0.2,0.2,0.5,0.5,0.1,0.4,0.6,0.2,0.1,0.1
81,109,0,15.5,0,0,2,2,2,0,2,4,0.5,3,0
82,109,1,12.5,0.2,0.8,0.6,2.3,2.2,0.3,1.8,2.7,0.8,0.5,0.3
84,109,0,46,1,7,2,7,9,1,4,7,5,3,0
85,109,1,18,0.4,1.2,0.9,3.3,3.1,0.4,2.6,3.8,1.2,0.7,0.4
13,19,1,3,0.2,0.2,0.1,0.6,0.8,0,0.5,0.2,0.1,0,0.3
14,19,1,7,0.5,0.5,0.3,1.3,1.8,0,1.2,0.4,0.3,0,0.7
15,19,1,5,0.4,0.4,0.2,0.9,1.2,0,0.9,0.3,0.2,0,0.5
23,19,1,5,0,0.4,0.2,0.8,0.8,0.3,1,0.6,0.8,0.1,0
29,19,1,3,0,0.2,0.1,0.5,0.5,0.2,0.6,0.3,0.5,0.1,0
42,19,1,2,0.2,0.2,0,0.4,0.3,0.1,0.1,0.3,0.1,0.2,0.1
9,119,1,2,0.1,0.2,0.2,0.2,0.6,0,0.2,0.3,0.1,0.1,0
38,78,1,3,0.2,0.4,0.2,0.6,0.7,0.1,0.3,0.2,0.3,0,0
39,78,1,8,0.5,1.1,0.4,1.7,1.8,0.3,0.8,0.5,0.7,0.1,0.1
40,78,1,14,0.8,1.7,1.1,3.5,2,0.3,1.8,1.4,1.1,0.1,0.2
41,78,1,5,0.3,0.6,0.4,1.3,0.7,0.1,0.7,0.5,0.4,0,0
43,78,1,2,0.1,0.2,0.2,0.5,0.3,0,0.3,0.2,0.2,0,0
44,78,1,8,0.4,1,0.6,2,1.1,0.2,1.1,0.8,0.6,0.1,0.1
31,110,1,9,0.6,0.7,0.7,2.2,1,0.5,1,1.2,0.7,0.4,0
32,110,1,4,0.3,0.3,0.3,1,0.4,0.2,0.5,0.5,0.3,0.2,0
33,110,1,2,0.1,0.2,0.2,0.5,0.2,0.1,0.2,0.3,0.1,0.1,0
53,110,1,2,0.1,0.3,0.1,0.3,0.4,0,0.3,0.2,0.2,0.1,0
54,110,1,3,0.1,0.4,0.1,0.5,0.5,0,0.5,0.4,0.4,0.1,0
12,20,1,4,0.3,0.3,0.2,0.8,1,0,0.7,0.2,0.1,0,0.4
13,20,1,5,0.4,0.4,0.2,0.9,1.2,0,0.9,0.3,0.2,0,0.5
14,20,1,4,0.3,0.3,0.2,0.8,1,0,0.7,0.2,0.1,0,0.4
16,20,1,3,0.2,0.2,0.1,0.6,0.8,0,0.5,0.2,0.1,0,0.3
17,20,1,3,0.2,0.2,0.1,0.6,0.8,0,0.5,0.2,0.1,0,0.3
37,20,1,4,0,0.7,0.2,0.2,1.3,0,0.9,0.4,0.1,0,0.2
43,20,1,5,0.5,0.4,0.1,0.9,0.8,0.3,0.3,0.8,0.3,0.5,0.1
3,111,1,1,0.1,0.1,0.1,0.2,0.2,0,0.1,0.1,0,0.1,0
4,111,1,3,0.2,0.2,0.3,0.5,0.7,0.1,0.3,0.3,0.2,0.2,0
6,111,1,3,0.2,0.2,0.3,0.5,0.7,0.1,0.3,0.3,0.2,0.2,0
7,111,1,2,0.1,0.2,0.2,0.3,0.5,0.1,0.2,0.2,0.1,0.1,0
8,111,1,6,0.4,0.5,0.6,1,1.4,0.2,0.6,0.6,0.3,0.4,0
17,111,1,6,0.3,0.5,0.4,0.5,1.5,0.1,1,1,0.3,0.1,0.3
18,111,1,2,0.1,0.2,0.1,0.2,0.5,0,0.3,0.3,0.1,0.1,0.1
32,111,1,10,0.8,0.8,0.3,2.4,1.5,0.6,0.7,1,1.3,0.6,0
76,111,1,3,0,0.3,0.2,0.3,0.6,0.1,0.5,0.5,0.1,0.2,0.2
77,111,1,2,0,0.2,0.1,0.2,0.4,0,0.4,0.4,0.1,0.1,0.1
78,111,1,12,0.1,1.1,0.6,1.1,2.5,0.3,2.1,2.2,0.6,0.8,0.6
79,111,0,52,1,2,5,4,6,0,6,22,0,4,2
80,111,0,91,1,8,7,15,9,1,11,17,4,16,2
81,111,0,103,1,10,9,10,24,0,15,19,4,9,2
82,111,0,90.5,1,8,8,9,21,6,12,14,2.5,8,1
83,111,1,11,0,0,0.4,2,1.3,0,2.4,3.3,0,1.6,0
3,50,1,6,0.6,0.7,0.3,1.6,0.7,0.2,0.5,0.5,0.3,0.3,0.3
8,50,1,2,0.1,0.2,0.1,0.4,0.7,0,0.2,0.1,0.1,0,0.1
9,50,1,1,0,0.1,0.1,0.2,0.3,0,0.1,0.1,0.1,0,0
11,50,1,1,0,0,0,0.2,0.2,0,0.2,0.2,0.1,0.1,0
15,50,1,2,0,0.1,0.1,0.3,0.3,0,0.5,0.4,0.1,0.1,0.1
25,50,1,2,0,0,0.1,0.2,0.3,0.1,0.3,0.6,0.1,0.3,0
33,50,1,4,0.2,0.2,0.3,0.8,0.8,0,0.6,0.9,0.1,0.1,0
42,50,1,2,0.2,0.4,0,0.2,0.5,0,0.3,0.2,0.2,0,0
48,50,1,4,0.3,0.7,0.1,0.5,0.9,0,0.6,0.3,0.4,0.1,0.1
49,50,1,2,0.2,0.4,0,0.2,0.5,0,0.3,0.2,0.2,0,0
56,50,1,5,0.3,0.5,0.1,1.1,1,0.1,0.4,0.7,0.5,0.3,0
37,70,1,4,0.1,0.7,0,0.5,0.9,0,0.5,0.4,0.4,0.4,0.1
48,70,1,2,0.2,0.2,0.1,0.5,0.3,0,0.3,0.3,0.1,0,0
67,70,1,5.5,0.4,0.4,0.5,1.2,1.3,0.2,0.7,0.4,0.1,0.2,0.1
11,22,1,6,0,0.6,0.2,0.6,1.3,0,1.3,1.4,0.4,0.2,0
16,22,1,4,0.3,0.3,0.2,0.8,1,0,0.7,0.2,0.1,0,0.4
23,22,1,2,0,0.2,0.1,0.3,0.3,0.1,0.4,0.2,0.3,0.1,0
34,22,1,2,0,0.3,0.1,0.1,0.6,0,0.5,0.2,0.1,0,0.1
48,22,1,3,0.2,0.2,0.1,0.4,0.6,0.1,0.6,0.3,0.1,0.3,0.1
42,112,1,2,0.3,0.1,0,0.4,0.2,0,0.5,0.2,0.2,0.1,0
63,112,1,6,0.1,0.4,0.5,0.4,1.8,0.1,0.6,0.8,0.5,0.5,0.3
75,112,1,11,0.1,1,0.6,1,2.2,0.3,2,2,0.5,0.7,0.6
76,112,1,14,0.2,1.2,0.7,1.3,2.9,0.4,2.5,2.5,0.7,0.9,0.7
77,112,1,1,0,0.1,0,0.1,0.2,0,0.2,0.2,0,0.1,0.1
78,112,1,3,0,0.3,0.2,0.3,0.6,0.1,0.5,0.5,0.1,0.2,0.2
79,112,0,101,5,13,9,14,16,1,14,19,2,7,1
80,112,0,103,1,13,14,13,24,2,16,9,7,3,1
81,112,0,115.5,3,5,23,22,16,1,18,20,2.5,4,1
82,112,1,12,0,0,0.5,2.2,1.4,0,2.6,3.6,0,1.7,0
36,71,1,11,0.3,0.8,0,3.6,0.9,1,1,1.2,1.5,0.7,0
37,71,1,5,0.1,0.4,0,1.6,0.4,0.5,0.5,0.5,0.7,0.3,0
66,71,1,11,0.8,0.7,1.1,2.4,2.7,0.3,1.4,0.9,0.3,0.3,0.1
67,71,1,3,0.2,0.2,0.3,0.7,0.7,0.1,0.4,0.2,0.1,0.1,0
48,12,1,3,0.2,0.1,0.1,0.8,0.5,0.2,0.3,0.5,0.3,0,0
51,12,1,1,0,0.1,0.1,0.1,0.2,0,0.2,0.2,0,0.1,0
2,113,1,6,0.4,0.5,0.6,1,1.4,0.2,0.6,0.6,0.3,0.4,0
4,113,1,6,0.4,0.5,0.6,1,1.4,0.2,0.6,0.6,0.3,0.4,0
5,113,1,4,0.3,0.3,0.4,0.7,0.9,0.1,0.4,0.4,0.2,0.3,0
14,113,1,2,0.1,0.2,0.1,0.2,0.5,0,0.3,0.3,0.1,0.1,0.1
15,113,1,6,0.3,0.5,0.4,0.5,1.5,0.1,1,1,0.3,0.1,0.3
16,113,1,7,0.3,0.6,0.5,0.6,1.7,0.1,1.2,1.2,0.3,0.1,0.4
17,113,1,14,0.7,1.2,1,1.2,3.4,0.1,2.3,2.3,0.7,0.3,0.8
18,113,1,6,0.3,0.5,0.4,0.5,1.5,0.1,1,1,0.3,0.1,0.3
26,113,1,4,0.2,0.3,0.2,0.2,0.8,0,2.1,0.2,0,0,0
27,113,1,1,0,0.1,0,0.1,0.2,0,0.5,0.1,0,0,0
39,113,1,20,1.6,1.6,0.7,4.8,3,1.1,1.4,2.1,2.5,1.2,0
41,113,1,4,0.6,0.2,0,0.7,0.4,0.1,0.9,0.5,0.3,0.3,0
42,113,1,8,1.3,0.4,0,1.5,0.8,0.1,1.8,0.9,0.7,0.5,0
43,113,1,18,3,0.9,0,3.3,1.8,0.3,3.9,2.1,1.5,1.2,0
57,113,1,1,0,0.1,0,0.2,0.2,0,0.2,0.1,0.1,0.1,0
73,113,1,11,0.7,0.5,0.5,2.1,2.7,0.2,0.5,2.7,0.4,0.7,0
74,113,1,15,0.9,0.6,0.6,2.8,3.8,0.3,0.6,3.8,0.6,1,0
75,113,1,3,0,0.3,0.2,0.3,0.6,0.1,0.5,0.5,0.1,0.2,0.2
79,113,0,117.5,3.5,5,3,23,27,0,22,22,6,5,1
80,113,0,24,1,3,1,0,5,0,4,5,0,5,0
81,113,0,96.5,5,6,6.5,13,16,1,20,19,3,7,0
7,24,1,4,0,0.1,0.2,0.4,0.9,0.2,0.6,1,0.1,0.5,0
8,24,1,8,0,0.2,0.4,0.8,1.7,0.4,1.2,2.1,0.2,1,0
10,24,1,2,0,0.2,0.1,0.2,0.4,0,0.4,0.5,0.1,0.1,0
24,24,1,4,0,0.3,0.1,0.7,0.7,0.2,0.8,0.4,0.7,0.1,0
32,24,1,4,0,0.7,0.2,0.2,1.3,0,0.9,0.4,0.1,0,0.2
0,114,1,6,0.4,0.5,0.6,1,1.4,0.2,0.6,0.6,0.3,0.4,0
1,114,1,2,0.1,0.2,0.2,0.3,0.5,0.1,0.2,0.2,0.1,0.1,0
16,114,1,13,0.6,1.1,0.9,1.1,3.2,0.1,2.1,2.2,0.6,0.3,0.8
17,114,1,11,0.5,1,0.8,1,2.7,0.1,1.8,1.8,0.5,0.2,0.6
18,114,1,7,0.3,0.6,0.5,0.6,1.7,0.1,1.2,1.2,0.3,0.1,0.4
19,114,1,5,0.3,0.4,0.3,0.4,1.2,0.1,0.8,0.8,0.3,0.1,0.3
24,114,1,2,0,0.1,0.1,0.1,0.6,0,0.7,0.1,0.2,0.1,0
26,114,1,3,0.1,0.3,0.1,0.1,0.7,0,1.6,0.1,0,0,0
38,114,1,9,0.7,0.7,0.3,2.2,1.4,0.5,0.6,0.9,1.2,0.5,0
39,114,1,25,2,2,0.9,6,3.7,1.4,1.7,2.6,3.2,1.5,0
40,114,1,4,0.6,0.2,0,0.7,0.4,0.1,0.9,0.5,0.3,0.3,0
43,114,1,2,0.3,0.1,0,0.4,0.2,0,0.5,0.2,0.2,0.1,0
44,114,1,3,0.5,0.2,0,0.5,0.3,0,0.7,0.4,0.2,0.2,0
46,114,1,6,1,0.3,0,1.1,0.6,0.1,1.3,0.7,0.5,0.4,0
49,114,1,1,0.2,0,0,0.2,0.1,0,0.2,0.1,0.1,0.1,0
51,114,1,6,0.2,0.8,0.2,1.1,1.1,0,1,0.7,0.7,0.2,0
52,114,1,1,0,0.1,0,0.2,0.2,0,0.2,0.1,0.1,0.1,0
57,114,1,10,0.4,1.4,0.4,1.7,1.7,0,1.6,1.2,1.2,0.4,0
58,114,1,3,0.1,0.4,0.1,0.5,0.5,0,0.5,0.4,0.4,0.1,0
64,114,1,5,0.1,0.4,0.4,0.4,1.5,0.1,0.5,0.6,0.4,0.4,0.2
69,114,1,6,0.1,0.4,0.5,0.4,1.8,0.1,0.6,0.8,0.5,0.5,0.3
70,114,1,7,0.4,0.3,0.3,1.3,1.8,0.1,0.3,1.8,0.3,0.4,0
72,114,1,9,0.5,0.4,0.4,1.7,2.2,0.2,0.4,2.2,0.4,0.6,0
73,114,1,4,0.2,0.2,0.2,0.7,1,0.1,0.2,1,0.2,0.2,0
78,114,1,2,0,0.2,0.1,0.2,0.4,0,0.4,0.4,0.1,0.1,0.1
79,114,0,86,0,8,2,14,12,2,14,15,10,9,0
80,114,0,46,0,3,1,4,7,0,6,17,2,6,0
81,114,0,34.5,1,0.5,0,3,5,1,9,7,1,7,0
82,114,1,1,0,0,0,0.2,0.1,0,0.2,0.3,0,0.2,0
22,125,1,2,0.2,0.3,0.1,0.4,0.4,0,0.2,0.2,0.1,0.1,0
24,105,1,4,0.1,0.4,0.2,0.9,1.1,0.2,0.3,0.5,0,0,0.3
42,105,1,38,3.9,5,1.4,8.6,7.2,1.9,3.3,1.9,3.9,0.6,0.3
59,105,1,2,0.2,0.3,0,0.3,0.4,0,0.4,0.1,0.1,0.2,0
25,25,1,6,0,0.5,0.2,1,1,0.3,1.2,0.7,1,0.1,0
26,25,1,2,0,0.2,0.1,0.3,0.3,0.1,0.4,0.2,0.3,0.1,0
28,25,1,2,0,0.2,0.1,0.3,0.3,0.1,0.4,0.2,0.3,0.1,0
34,25,1,2,0,0.3,0.1,0.1,0.6,0,0.5,0.2,0.1,0,0.1
35,25,1,4,0,0.7,0.2,0.2,1.3,0,0.9,0.4,0.1,0,0.2
37,25,1,2,0,0.3,0.1,0.1,0.6,0,0.5,0.2,0.1,0,0.1
40,25,1,10,1,0.8,0.3,1.8,1.6,0.5,0.5,1.6,0.5,1.1,0.3
47,25,1,9,0.7,0.6,0.2,1.3,1.9,0.4,1.9,0.8,0.2,0.8,0.2
48,25,0,28,2,4,2,9,1,1,4,3,1,1,0
49,25,1,14,1.2,0.9,0.3,2.1,2.9,0.6,3,1.2,0.3,1.2,0.3
51,25,1,2,0,0.2,0.1,0.1,0.5,0.1,0.2,0.6,0.1,0.1,0
55,25,1,3,0.2,0.3,0.2,0.2,1.2,0,0.4,0,0.3,0,0.2
12,84,1,20,0.7,2,1.7,3.4,3,0.8,4.9,1.3,0.5,1.7,0
13,84,1,8,0.3,0.8,0.7,1.3,1.2,0.3,2,0.5,0.2,0.7,0
23,115,1,11,0,0.7,0.7,0.4,3.2,0,3.5,0.7,1.1,0.7,0
24,115,0,43,1,7,2,8,12,2,2,2,7,0,0
25,115,1,2,0.1,0.2,0.1,0.1,0.4,0,1,0.1,0,0,0
38,115,1,1,0.1,0.1,0,0.2,0.1,0.1,0.1,0.1,0.1,0.1,0
39,115,1,11,0.9,0.9,0.4,2.7,1.6,0.6,0.8,1.1,1.4,0.6,0
40,115,1,4,0.6,0.2,0,0.7,0.4,0.1,0.9,0.5,0.3,0.3,0
41,115,1,2,0.3,0.1,0,0.4,0.2,0,0.5,0.2,0.2,0.1,0
52,115,1,3,0.1,0.4,0.1,0.5,0.5,0,0.5,0.4,0.4,0.1,0
58,115,1,9,0.3,1.2,0.3,1.6,1.6,0,1.4,1.1,1.1,0.4,0
66,115,1,2,0,0.1,0.2,0.1,0.6,0,0.2,0.3,0.2,0.2,0.1
69,115,1,9,0.1,0.6,0.8,0.7,2.7,0.1,0.9,1.2,0.8,0.7,0.4
70,115,1,2,0.1,0.1,0.1,0.4,0.5,0,0.1,0.5,0.1,0.1,0
78,115,1,8,0.1,0.7,0.4,0.7,1.7,0.2,1.4,1.5,0.4,0.5,0.4
79,115,1,19,0.2,1.7,1,1.7,3.9,0.5,3.4,3.4,1,1.2,1
80,115,0,56,0,1,5,4,11,2,13,11,2,6,1
81,115,0,39,0,3,3,1,10,0,4,10,2,4,2
82,115,1,7,0,0,0.3,1.3,0.8,0,1.5,2.1,0,1,0
83,115,1,4,0,0,0.1,0.7,0.5,0,0.9,1.2,0,0.6,0
4,26,1,1,0.1,0.1,0,0.1,0.2,0,0.2,0.2,0,0.1,0
5,26,1,16,0.6,1.6,1.1,2.7,3.1,1.1,2.9,0.6,1.1,0.8,0.4
9,26,1,2,0.1,0.2,0.1,0.3,0.4,0.1,0.4,0.1,0.1,0.1,0.1
13,26,1,1,0.1,0.1,0,0.3,0.2,0,0.1,0.1,0.1,0,0
14,26,1,3,0.2,0.2,0.1,0.8,0.8,0.1,0.3,0.2,0.2,0.1,0
15,26,1,2,0.1,0.1,0.1,0.6,0.5,0.1,0.2,0.1,0.1,0.1,0
22,26,1,8,0.3,0.6,0.8,0.6,2,0,1.4,1.1,0.6,0.6,0
23,26,1,4,0.1,0.3,0.4,0.3,1,0,0.7,0.6,0.3,0.3,0
33,26,1,4,0.3,0.4,0.1,0.7,0.7,0.1,0.6,0.2,0.3,0.4,0.2
35,26,1,1,0.1,0,0,0.2,0.1,0,0.2,0.2,0,0.2,0
39,26,1,8,0.5,0.3,0,1.6,0.8,0,1.7,1.1,0.3,1.4,0.3
40,26,0,27,0,3,0,5,3,1,6,6,0,3,0
41,26,1,1.5,0,0.2,0.1,0.2,0.4,0,0.4,0.1,0.1,0,0
44,26,1,3,0.1,0.3,0.1,0.3,0.7,0,0.8,0.3,0.2,0.1,0.1
47,26,1,25,2.3,1.1,0.9,6.6,4,0.9,4,2,1.7,1.2,0.3
48,26,1,12,1.1,0.6,0.4,3.2,1.9,0.4,1.9,1,0.8,0.6,0.1
49,26,1,14,1.3,0.6,0.5,3.7,2.2,0.5,2.3,1.1,1,0.6,0.2
50,26,1,5,0.1,0.5,0.5,0.7,1,0,0.9,0.5,0.4,0.4,0
51,26,1,3,0.1,0.3,0.3,0.4,0.6,0,0.5,0.3,0.3,0.2,0
54,26,1,3,0.1,0.3,0.3,0.4,0.6,0,0.5,0.3,0.3,0.2,0
0,116,1,4,0.2,0.4,0.4,0.4,1.2,0.1,0.4,0.5,0.2,0.1,0.1
22,116,1,6,0,0.5,0.5,0.8,1.6,0,1,0.7,0.5,0.3,0.1
23,116,1,20,0.1,1.6,1.8,2.8,5.4,0.1,3.2,2.2,1.6,1,0.2
24,116,1,11,0,0.9,1,1.5,3,0.1,1.8,1.2,0.9,0.5,0.1
25,116,1,12,0.8,1.2,0.3,2.3,3.1,0.3,0.7,1.5,1,0.7,0.1
40,116,1,2,0.2,0.1,0.2,0.4,0.3,0.1,0.3,0.2,0.1,0.1,0
41,116,1,3,0.2,0.2,0.2,0.6,0.5,0.1,0.5,0.3,0.1,0.2,0.1
42,116,1,1,0.1,0.1,0.1,0.2,0.1,0,0.2,0.1,0,0.1,0
43,116,1,5,0.4,0.3,0.4,0.9,0.8,0.2,0.9,0.5,0.2,0.3,0.1
80,116,0,66,1,2,1,9,13,2,12,11,5,8,2
81,116,1,8,0.2,0.4,0.2,0.7,1.6,0.2,2,1.4,0.2,1.1,0
82,116,1,1,0,0.1,0,0.1,0.2,0,0.3,0.2,0,0.1,0
83,116,1,1,0,0.1,0,0.1,0.2,0,0.3,0.2,0,0.1,0
3,27,1,2,0.1,0.3,0.1,0.2,0.4,0,0.3,0.4,0.1,0.1,0
4,27,1,2,0.1,0.3,0.1,0.2,0.4,0,0.3,0.4,0.1,0.1,0
5,27,1,14,0.5,1.4,1,2.4,2.7,1,2.5,0.5,0.9,0.7,0.4
6,27,1,12,0.4,1.2,0.9,2,2.3,0.9,2.2,0.4,0.8,0.6,0.3
14,27,1,3,0.2,0.2,0.1,0.8,0.8,0.1,0.3,0.2,0.2,0.1,0
49,27,1,11,1,0.5,0.4,2.9,1.8,0.4,1.8,0.9,0.7,0.5,0.1
50,27,1,7,0.1,0.7,0.6,1,1.4,0,1.3,0.8,0.6,0.5,0
51,86,1,7,0.2,0.4,0,0.6,1.5,0.2,1.7,1.2,0,1,0.2
52,86,1,7,0.2,0.4,0,0.6,1.5,0.2,1.7,1.2,0,1,0.2
0,117,1,26,1.2,2.7,2.7,2.8,7.5,0.4,2.4,3.5,1.6,0.8,0.4
1,117,1,6,0.3,0.6,0.6,0.6,1.7,0.1,0.6,0.8,0.4,0.2,0.1
22,117,1,5,0,0.4,0.4,0.7,1.3,0,0.8,0.6,0.4,0.3,0.1
27,117,1,10.5,0.7,1.1,0.3,2,2.7,0.2,0.6,1.3,0.9,0.6,0.1
28,117,1,2,0.1,0.2,0.1,0.4,0.5,0,0.1,0.3,0.2,0.1,0
29,117,1,13,0.9,1.3,0.3,2.5,3.4,0.3,0.7,1.6,1.1,0.7,0.2
30,117,1,2,0.1,0.2,0.1,0.2,0.5,0,0.1,0.5,0.1,0.1,0.1
49,117,1,4,0.3,0.2,0.3,0.8,0.6,0.2,0.7,0.4,0.2,0.2,0.1
81,117,1,4,0.1,0.2,0.1,0.4,0.8,0.1,1,0.7,0.1,0.5,0
82,117,1,1,0,0.1,0,0.1,0.2,0,0.3,0.2,0,0.1,0
83,117,1,3,0.1,0.1,0.1,0.3,0.6,0.1,0.7,0.5,0.1,0.4,0
78,108,0,21,0,0,1,3,5,0,4,3,1,4,0
79,108,1,22,1.3,1.8,2.2,4.8,4.4,0.2,4.2,1.1,1.4,0.4,0.2
80,108,1,3,0.1,0.2,0.2,0.5,0.5,0.1,0.4,0.6,0.2,0.1,0.1
81,108,1,1,0,0.1,0.1,0.2,0.2,0,0.1,0.2,0.1,0,0
83,108,1,2,0,0.1,0.1,0.4,0.4,0,0.3,0.4,0.1,0.1,0.1
11,57,1,8,0.3,0.4,0.5,1,2.5,0.2,1,1.1,0.5,0.2,0.3
12,57,1,3,0.1,0.1,0.2,0.4,0.9,0.1,0.4,0.4,0.2,0.1,0.1
30,57,1,2,0,0.3,0.1,0.3,0.6,0,0.2,0.3,0.1,0.1,0
31,57,1,1,0,0.1,0,0.1,0.3,0,0.1,0.2,0.1,0.1,0
22,118,1,24,0.1,1.9,2.2,3.4,6.5,0.1,3.8,2.6,1.9,1.2,0.3
22,119,1,16,0.1,1.3,1.4,2.2,4.3,0.1,2.6,1.8,1.3,0.8,0.1
23,119,1,4,0,0.3,0.4,0.6,1.1,0,0.6,0.5,0.3,0.2,0
27,119,1,2,0.1,0.2,0.1,0.4,0.5,0,0.1,0.3,0.2,0.1,0
30,119,1,5,0.2,0.5,0.3,0.6,1.2,0.1,0.3,1.1,0.3,0.3,0.1
31,119,1,14,0.7,1.4,0.8,1.7,3.4,0.1,0.8,3.1,0.8,0.9,0.3
32,119,1,11,0.5,1.1,0.7,1.3,2.6,0.1,0.7,2.4,0.7,0.7,0.2
65,119,1,10,0,0.7,0.7,0.7,3,0.3,1,2.7,0.3,0.3,0.3
68,119,1,3,0,0.2,0.2,0.2,0.9,0.1,0.3,0.8,0.1,0.1,0.1
0,30,1,7,0.4,1,0.3,0.7,1.3,0.1,1.2,1.2,0.3,0.4,0.1
14,121,1,1,0,0.2,0.1,0.1,0.2,0,0.2,0.1,0,0.1,0
15,121,1,2,0,0.3,0.3,0.2,0.4,0,0.3,0.2,0.1,0.2,0
22,121,1,19,1.5,2.7,1.2,3.7,4,0.2,1.5,2,1,1.2,0
40,121,1,3,0.2,0.2,0.2,0.6,0.5,0.1,0.5,0.3,0.1,0.2,0.1
49,121,1,1,0.1,0.1,0.1,0.2,0.1,0,0.2,0.1,0,0.1,0
53,121,1,1,0.1,0.1,0.1,0.2,0.1,0,0.2,0.1,0.1,0,0
60,121,1,2,0.2,0.1,0.1,0.4,0.5,0,0.2,0.3,0.2,0,0
61,121,1,2,0.2,0.1,0.1,0.4,0.5,0,0.2,0.3,0.2,0,0
63,121,1,8,0.7,0.5,0.5,1.5,1.8,0.1,1,1.1,0.6,0.1,0.1
64,121,1,2,0.2,0.1,0.1,0.4,0.5,0,0.2,0.3,0.2,0,0
66,121,1,3,0.3,0.2,0.2,0.6,0.7,0,0.4,0.4,0.2,0,0
67,121,1,13,1.2,0.8,0.9,2.4,2.9,0.2,1.5,1.7,1,0.2,0.2
81,121,1,11,0,1.1,0.9,1.1,2.3,0.2,2.5,1.7,0.8,0.2,0.2
82,121,1,5,0,0.5,0.4,0.5,1,0.1,1.1,0.8,0.4,0.1,0.1
0,31,1,7,0.3,0.7,0.2,0.7,1.5,0.1,1.2,1.4,0.4,0.4,0.1
1,31,1,12,0.5,1.2,0.3,1.3,2.5,0.2,2.1,2.4,0.7,0.6,0.2
2,31,0,25,1,0,2,3,6,0,7,4,0,1,1
3,31,1,17,0.7,1.6,0.4,1.8,3.6,0.3,3,3.4,1,0.9,0.3
4,31,1,23,1,2.2,0.6,2.4,4.8,0.4,4,4.6,1.4,1.2,0.4
5,31,1,7,0.4,1,0.3,0.7,1.3,0.1,1.2,1.2,0.3,0.4,0.1
8,31,1,5,0.3,0.7,0.2,0.5,0.9,0.1,0.8,0.9,0.2,0.3,0.1
11,31,1,4,0.2,0.3,0.2,1.1,1,0.1,0.4,0.3,0.3,0.1,0
12,31,1,4,0.2,0.3,0.2,1.1,1,0.1,0.4,0.3,0.3,0.1,0
16,31,1,2,0.1,0.1,0.1,0.6,0.5,0.1,0.2,0.1,0.1,0.1,0
17,31,1,1,0.1,0.1,0,0.3,0.2,0,0.1,0.1,0.1,0,0
19,31,1,1,0.1,0.1,0,0.3,0.2,0,0.1,0.1,0.1,0,0
20,31,1,2,0.1,0.2,0.1,0.5,0.5,0.1,0.3,0.2,0,0,0
29,31,1,3,0.1,0.3,0.1,0.8,0.8,0.2,0.4,0.2,0.1,0,0
40,31,1,6,0.1,0.7,0.3,0.7,1.5,0.1,1.5,0.5,0.4,0.1,0.1
41,31,1,8,0.2,0.9,0.3,0.9,2,0.1,2,0.7,0.5,0.2,0.2
51,31,1,4,0.2,0.4,0.3,0.5,1.2,0.1,0.5,0.3,0.2,0.2,0.1
52,31,1,16,0.7,1.8,1,2,4.7,0.5,2,1.3,1,0.7,0.3
53,31,1,11,0.5,1.2,0.7,1.4,3.2,0.3,1.4,0.9,0.7,0.5,0.2
55,60,1,14,0.9,1.7,0.5,4,2.1,0.2,1.9,1.2,1,0.5,0
56,60,0,25,1,3,0,4,6,1,8,0,1,1,0
58,60,1,3,0.2,0.4,0.1,0.9,0.5,0,0.4,0.2,0.2,0.1,0
60,60,1,4,0.1,0.5,0.4,0.4,1.3,0.1,0.2,0.5,0.2,0.2,0.1
8,122,1,2,0.1,0.2,0.2,0.2,0.6,0,0.2,0.3,0.1,0.1,0
14,122,1,19,0,3.1,2.6,2,3.6,0,3.1,2,0.5,2.1,0
15,122,1,1,0,0.2,0.1,0.1,0.2,0,0.2,0.1,0,0.1,0
21,122,1,4,0.3,0.6,0.3,0.8,0.8,0,0.3,0.4,0.2,0.3,0
22,122,1,11,0.9,1.6,0.7,2.1,2.3,0.1,0.9,1.1,0.6,0.7,0
30,122,1,5,0.2,0.4,0.2,1.1,1.4,0.1,0.8,0.3,0.4,0.1,0
39,122,1,3,0.1,0.3,0.1,0.6,0.8,0.1,0.4,0.2,0.3,0.1,0
57,122,1,1,0.1,0.1,0.1,0.2,0.1,0,0.2,0.1,0.1,0,0
58,122,1,18,1.2,1.2,1.5,3.8,2.8,0.2,3,2.3,1.5,0.5,0
59,122,1,16,1.1,1.1,1.3,3.3,2.5,0.2,2.7,2,1.3,0.5,0
60,122,1,12,1.1,0.8,0.8,2.2,2.7,0.1,1.4,1.6,0.9,0.2,0.2
64,122,1,1,0.1,0.1,0.1,0.2,0.2,0,0.1,0.1,0.1,0,0
65,122,1,4,0.4,0.3,0.3,0.7,0.9,0,0.5,0.5,0.3,0,0.1
66,122,1,4,0.4,0.3,0.3,0.7,0.9,0,0.5,0.5,0.3,0,0.1
80,122,1,2,0,0.2,0.2,0.2,0.4,0,0.5,0.3,0.2,0,0
81,122,1,11,0,1.1,0.9,1.1,2.3,0.2,2.5,1.7,0.8,0.2,0.2
43,91,1,3,0.1,0.3,0.2,0.2,0.5,0,0.5,0.5,0.1,0.5,0.1
44,91,1,2,0,0.2,0.1,0.1,0.4,0,0.4,0.4,0,0.4,0
46,91,1,4,0.1,0.4,0.2,0.3,0.7,0,0.7,0.7,0.1,0.7,0.1
50,91,1,5,0,0.8,0.1,0.9,0.7,0.1,0.7,0.6,0.5,0.6,0
9,22,1,3,0,0.1,0.1,0.3,0.7,0.1,0.4,0.8,0.1,0.4,0
10,22,1,3,0,0.3,0.1,0.3,0.6,0,0.7,0.7,0.2,0.1,0
5,61,1,17,1.8,0.9,0.4,3.6,2.7,1.3,2.7,0.9,1.8,0.4,0.5
6,61,1,5,0.5,0.3,0.1,1.1,0.8,0.4,0.8,0.3,0.5,0.1,0.1
9,61,1,4,0.4,0.2,0.1,0.9,0.6,0.3,0.7,0.2,0.4,0.1,0.1
10,61,1,4,0.1,0.2,0.3,0.5,1.2,0.1,0.5,0.5,0.3,0.1,0.2
11,61,1,1,0,0.1,0.1,0.1,0.3,0,0.1,0.1,0.1,0,0.1
13,61,1,3,0.1,0.1,0.2,0.4,0.9,0.1,0.4,0.4,0.2,0.1,0.1
15,61,1,4,0.1,0.2,0.3,0.5,1.2,0.1,0.5,0.5,0.3,0.1,0.2
16,61,1,1,0,0.1,0.1,0.1,0.3,0,0.1,0.1,0.1,0,0.1
48,61,1,3,0,0.4,0.3,0,1.1,0,0.6,0.4,0,0.2,0
56,61,1,2,0.1,0.2,0.1,0.3,0.3,0,0.3,0.4,0.1,0.2,0
57,61,1,2,0.1,0.2,0.1,0.3,0.3,0,0.3,0.4,0.1,0.2,0
58,61,1,17,0.5,2,1.2,2.2,2.7,0.2,3,3,0.7,1.5,0
59,61,1,32,0.9,3.7,2.3,4.2,5.1,0.4,5.6,5.6,1.4,2.8,0
60,61,1,23,0.7,3,2.2,2.1,7.4,0.4,1.2,2.9,1.4,1,0.7
62,61,1,7,0.2,0.9,0.7,0.6,2.3,0.1,0.4,0.9,0.4,0.3,0.2
22,12,1,2,0.1,0.2,0.1,0.4,0.3,0.1,0.3,0.5,0,0,0
26,12,1,1,0,0.1,0.1,0.2,0.2,0,0.2,0.2,0,0,0
28,12,1,2,0.1,0.1,0.1,0.4,0.4,0,0.5,0.4,0,0,0
31,12,1,1,0,0.1,0.1,0.1,0.2,0,0.2,0.3,0,0,0
38,12,0,47,2,8,2,11,9,0,1,6,7,1,0
39,12,1,4,0.1,0.4,0.2,0.5,0.7,0,0.6,1.2,0.2,0.1,0
59,123,1,6,0.4,0.4,0.5,1.2,0.9,0.1,1,0.8,0.5,0.2,0
60,123,1,6,0.5,0.4,0.4,1.1,1.3,0.1,0.7,0.8,0.5,0.1,0.1
80,123,1,9,0,0.8,0.7,0.8,1.9,0.2,2.1,1.4,0.7,0.2,0.2
81,123,1,12,0,1.2,0.9,1.2,2.5,0.2,2.8,1.9,0.9,0.2,0.2
21,124,1,11,0.9,1.6,0.7,2.1,2.3,0.1,0.9,1.1,0.6,0.7,0
22,124,1,2,0.2,0.3,0.1,0.4,0.4,0,0.2,0.2,0.1,0.1,0
29,124,1,5,0.3,0.5,0.1,1,1.3,0.1,0.3,0.6,0.4,0.3,0.1
36,124,1,12,0.5,1,0.5,2.5,3.3,0.3,1.8,0.8,1,0.3,0
44,124,1,1,0.1,0.1,0.1,0.2,0.1,0,0.2,0.1,0,0.1,0
45,124,1,8,0.6,0.5,0.6,1.6,1.2,0.3,1.4,0.8,0.3,0.5,0.2
46,124,1,6,0.5,0.3,0.5,1.2,0.9,0.2,1.1,0.6,0.2,0.4,0.1
52,124,1,8,0.5,0.6,0.7,1.7,1.2,0.1,1.3,1,0.7,0.2,0
53,124,1,9,0.6,0.6,0.8,1.9,1.4,0.1,1.5,1.1,0.7,0.3,0
59,124,1,4,0.3,0.3,0.3,0.8,0.6,0.1,0.7,0.5,0.3,0.1,0
60,124,1,19,1.7,1.2,1.2,3.5,4.3,0.2,2.3,2.5,1.5,0.3,0.3
13,93,1,6,0.3,0.9,0.5,1.4,1.2,0.3,0.4,0.4,0.4,0.1,0.1
33,93,1,6,0.2,0.6,0.3,1,1.4,0.1,1.2,0.3,0.6,0.3,0
36,93,1,9,0.6,0.6,0,2.3,2.6,0.6,0.3,0.7,0.6,0.7,0
50,93,1,2,0,0.3,0.1,0.3,0.3,0.1,0.3,0.2,0.2,0.2,0
52,93,1,3,0,0.5,0.1,0.5,0.4,0.1,0.4,0.3,0.3,0.4,0
53,93,1,3,0,0.5,0.1,0.5,0.4,0.1,0.4,0.3,0.3,0.4,0
54,93,1,5,0,0.8,0.1,0.9,0.7,0.1,0.7,0.6,0.5,0.6,0
61,93,1,2,0,0.3,0.1,0.3,0.5,0.1,0.2,0.3,0.1,0.1,0
62,93,1,13,0.2,1.7,0.8,1.9,3.4,0.4,1.3,2.1,0.6,0.6,0
13,24,1,4,0,0.4,0.1,0.4,0.9,0,0.9,0.9,0.3,0.1,0
47,24,1,11,0.9,0.7,0.2,1.7,2.4,0.5,2.4,0.9,0.2,0.9,0.2
24,125,1,6,0.5,0.8,0.4,1.2,1.2,0.1,0.5,0.6,0.3,0.4,0
26,125,1,7,0.5,0.7,0.2,1.3,1.8,0.1,0.4,0.9,0.6,0.4,0.1
29,125,1,8,0.5,0.8,0.2,1.5,2.1,0.2,0.4,1,0.7,0.5,0.1
33,125,1,4,0.2,0.3,0.2,0.8,1.1,0.1,0.6,0.3,0.3,0.1,0
36,125,1,4,0.2,0.3,0.2,0.8,1.1,0.1,0.6,0.3,0.3,0.1,0
37,125,1,6,0.2,0.5,0.3,1.3,1.7,0.1,0.9,0.4,0.5,0.1,0
58,125,1,2,0.1,0.1,0.2,0.4,0.3,0,0.3,0.3,0.2,0.1,0
59,125,1,4,0.3,0.3,0.3,0.8,0.6,0.1,0.7,0.5,0.3,0.1,0
60,105,1,7,0,1,0.8,0.4,1.5,0.2,0.9,1.6,0.2,0.3,0.1
68,105,1,2,0,0.3,0.2,0.1,0.4,0.1,0.3,0.4,0.1,0.1,0
11,84,1,8,0.3,0.8,0.7,1.3,1.2,0.3,2,0.5,0.2,0.7,0
39,4,1,1,0,0.1,0,0.1,0.2,0,0.3,0.1,0.1,0.1,0
42,4,1,2,0,0.1,0.1,0.2,0.1,0,0.6,0.7,0,0.1,0.1
44,4,1,2,0,0.1,0.1,0.2,0.1,0,0.6,0.7,0,0.1,0.1
50,4,1,1,0.1,0.1,0,0.2,0.1,0,0.2,0.1,0.1,0.1,0
51,4,1,23,1.9,1,0.7,4.9,2.9,0.6,4.5,2.9,1.3,2.3,0
6,126,1,1,0,0.2,0,0,0.3,0,0.1,0.3,0,0,0.1
7,126,1,2,0,0.3,0,0.1,0.6,0.1,0.1,0.5,0.1,0.1,0.1
13,126,1,4,0,0.7,0.5,0.4,0.8,0,0.7,0.4,0.1,0.4,0
21,126,1,1,0.1,0,0,0.2,0.1,0,0.2,0.2,0.1,0.1,0
25,126,1,13,1.6,0.2,0.2,2.4,1.6,0,2.7,2.7,0.9,0.7,0
29,126,1,2,0.3,0,0,0.4,0.3,0,0.4,0.4,0.1,0.1,0
36,126,1,6,0.7,0.1,0.1,1.1,0.7,0,1.3,1.3,0.4,0.3,0
37,126,1,9,1.1,0.1,0.1,1.7,1.1,0,1.9,1.9,0.6,0.5,0
38,126,1,9,1.1,0.1,0.1,1.7,1.1,0,1.9,1.9,0.6,0.5,0
39,126,1,4,0.5,0.1,0.1,0.7,0.5,0,0.8,0.8,0.3,0.2,0
43,126,1,3,0.1,0.4,0.1,0.7,0.1,0,0.6,0.5,0.3,0.2,0
58,126,1,1,0,0.1,0.1,0.1,0.3,0,0.1,0.1,0,0.2,0
59,126,1,18,0.8,1.9,1.1,1.9,4.6,0.4,1.9,1.9,0.4,2.7,0.4
60,126,1,5,0,0.2,0.2,0.8,1,0,1.1,1.1,0.2,0.4,0
61,126,1,7,0,0.3,0.3,1.2,1.4,0,1.4,1.5,0.3,0.6,0
62,126,1,1,0,0,0.1,0.2,0.2,0,0.2,0.2,0,0.1,0
49,35,1,3,0.1,0.3,0.1,0.3,0.7,0,0.8,0.3,0.2,0.1,0.1
50,35,1,2,0.1,0.2,0.1,0.2,0.6,0.1,0.3,0.2,0.1,0.1,0
51,35,0,39,3,5,3,8,6,0,1,6,7,0,0
57,35,1,5,0.1,0.5,0.5,0.7,1,0,0.9,0.5,0.4,0.4,0
58,35,1,4,0.1,0.4,0.4,0.6,0.8,0,0.7,0.4,0.3,0.3,0
2,127,1,4,0,0.6,0,0.2,1.3,0.1,0.3,1,0.1,0.2,0.2
4,127,1,4,0,0.6,0,0.2,1.3,0.1,0.3,1,0.1,0.2,0.2
5,127,1,4,0,0.6,0,0.2,1.3,0.1,0.3,1,0.1,0.2,0.2
6,127,1,2,0,0.3,0,0.1,0.6,0.1,0.1,0.5,0.1,0.1,0.1
51,36,1,5,0.1,0.3,0.2,1.1,1,0.1,0.7,0.6,0.5,0.1,0.3
52,36,1,2,0.1,0.1,0.1,0.4,0.4,0.1,0.3,0.2,0.2,0,0.1
2,97,1,22,1,1.4,1.6,5.5,3.7,0.8,3.4,1.8,2.8,0,0
3,97,1,5,0.2,0.3,0.4,1.2,0.8,0.2,0.8,0.4,0.7,0,0
4,97,1,17,0.8,1.1,1.2,4.2,2.8,0.6,2.7,1.4,2.2,0,0
16,97,1,10,1.2,0.9,1.1,1.5,1.8,0,0.4,1.7,0.6,0.8,0
39,97,1,6,0.1,0.6,0.3,1.3,1.6,0.3,0.5,0.8,0,0,0.5
50,97,1,3,0.2,0.4,0,0.5,0.6,0.1,0.5,0.2,0.1,0.3,0.1
51,97,1,2,0.2,0.3,0,0.3,0.4,0,0.4,0.1,0.1,0.2,0
55,97,1,1,0.1,0.2,0,0.2,0.2,0,0.2,0,0,0.1,0
67,97,1,2,0,0.3,0.2,0.1,0.4,0.1,0.3,0.4,0.1,0.1,0
10,56,1,3,0.1,0.1,0.2,0.4,0.9,0.1,0.4,0.4,0.2,0.1,0.1
23,56,1,5,0,0.4,0.2,1,1.5,0.1,1.1,0.5,0.1,0,0.1
28,56,1,3,0,0.2,0.1,0.6,0.9,0.1,0.6,0.3,0.1,0,0.1
33,56,1,3,0,0.4,0.1,0.4,0.9,0,0.2,0.5,0.2,0.2,0.1
34,56,1,4,0,0.5,0.2,0.5,1.2,0,0.3,0.6,0.3,0.3,0.1
46,56,1,12,0,1.5,1.1,0,4.5,0,2.6,1.5,0,0.8,0
2,28,1,20,1.1,2.8,0.8,2.1,3.7,0.3,3.4,3.4,1,1.1,0.3
0,118,1,10,0.4,1.1,1.1,1.1,2.9,0.1,0.9,1.4,0.6,0.3,0.1
1,118,1,11,0.5,1.1,1.1,1.2,3.2,0.2,1,1.5,0.7,0.3,0.2
27,118,1,5,0.3,0.5,0.1,1,1.3,0.1,0.3,0.6,0.4,0.3,0.1
28,118,1,5,0.3,0.5,0.1,1,1.3,0.1,0.3,0.6,0.4,0.3,0.1
29,118,1,19,1.3,1.9,0.4,3.7,4.9,0.4,1.1,2.4,1.6,1.1,0.2
30,118,1,9,0.5,0.9,0.5,1.1,2.2,0.1,0.5,2,0.5,0.5,0.2
31,118,1,6,0.3,0.6,0.4,0.7,1.4,0.1,0.4,1.3,0.3,0.4,0.1
82,118,1,5,0.1,0.2,0.1,0.5,1,0.1,1.3,0.9,0.1,0.7,0
19,38,1,3,0,0.3,0.1,0.4,0.9,0.1,0.5,0.5,0.2,0,0
21,38,1,3,0,0.5,0,0.1,0.8,0,0.4,0.5,0.1,0.5,0.1
23,38,1,2,0,0.3,0,0.1,0.6,0,0.3,0.3,0,0.3,0.1
27,38,1,2,0,0.3,0,0.1,0.6,0,0.3,0.3,0,0.3,0.1
33,38,1,1,0,0.2,0.1,0.1,0.3,0,0.2,0,0.1,0,0
34,38,1,1,0,0.2,0.1,0.1,0.3,0,0.2,0,0.1,0,0
45,38,1,3,0.1,0.2,0.2,0.2,0.6,0,0.5,0.5,0.4,0.3,0
58,38,1,3,0.1,0.2,0.1,0.6,0.6,0.1,0.4,0.4,0.3,0,0.2
5,39,1,2,0.1,0.2,0.2,0.4,0.6,0,0.1,0.2,0.1,0,0.1
6,39,1,2,0.1,0.2,0.2,0.4,0.6,0,0.1,0.2,0.1,0,0.1
7,39,1,7,0.4,0.6,0.7,1.3,1.9,0.1,0.5,0.6,0.3,0.1,0.5
11,39,1,1,0,0.1,0,0.1,0.3,0,0.2,0.2,0.1,0,0
22,39,1,3,0,0.5,0,0.1,0.8,0,0.4,0.5,0.1,0.5,0.1
27,39,1,4,0,0.6,0,0.1,1.2,0,0.5,0.6,0.1,0.7,0.2
30,39,1,2,0.1,0.3,0.1,0.3,0.5,0.1,0.4,0.1,0.1,0,0
32,39,1,4,0.1,0.6,0.3,0.5,1.1,0.1,0.8,0.2,0.2,0,0.1
44,39,1,9,0.2,0.8,0.6,0.8,1.8,0,1.4,1.4,1.2,0.8,0
47,39,1,5,0.1,0.4,0.3,0.4,1,0,0.8,0.8,0.7,0.5,0
48,39,1,2,0,0.2,0.1,0.2,0.4,0,0.3,0.3,0.3,0.2,0
17,101,1,3,0.4,0.3,0.3,0.5,0.5,0,0.1,0.5,0.2,0.2,0
32,101,1,6,0.1,0.6,0.3,1.3,1.6,0.3,0.5,0.8,0,0,0.5
51,101,1,4,0.3,0.6,0,0.6,0.8,0.1,0.7,0.2,0.2,0.4,0.1
14,12,1,3,0.4,0.3,0.1,0.7,0.3,0,0.5,0.5,0.1,0.1,0
5,43,1,5,0.3,0.4,0.5,1,1.4,0.1,0.3,0.4,0.2,0.1,0.3
10,43,1,3,0,0.3,0.1,0.4,0.9,0.1,0.5,0.5,0.2,0,0
35,73,0,26,0,2,4,1,7,0,2,4,2,4,0
36,73,1,2,0.1,0.1,0,0.6,0.2,0.2,0.2,0.2,0.3,0.1,0
44,73,1,2,0.2,0.2,0.1,0.5,0.3,0,0.3,0.3,0.1,0,0
3,44,1,4,0.2,0.3,0.4,0.8,1.1,0.1,0.3,0.3,0.1,0.1,0.3
6,44,1,3,0.2,0.3,0.3,0.6,0.8,0,0.2,0.3,0.1,0,0.2
9,44,1,3,0.2,0.3,0.3,0.6,0.8,0,0.2,0.3,0.1,0,0.2
13,44,1,4,0.1,0.4,0.1,0.5,1.2,0.1,0.7,0.7,0.2,0,0
14,44,1,12,0.2,1.3,0.4,1.5,3.5,0.2,2,2.2,0.7,0,0
16,44,1,2,0,0.2,0.1,0.3,0.6,0,0.3,0.4,0.1,0,0
17,44,1,4,0.1,0.4,0.1,0.5,1.2,0.1,0.7,0.7,0.2,0,0
21,44,1,1,0,0.2,0,0,0.3,0,0.1,0.2,0,0.2,0
23,44,1,2,0,0.3,0,0.1,0.6,0,0.3,0.3,0,0.3,0.1
26,44,1,4,0.2,0.1,0,1,1,0.3,0.4,0.6,0.4,0,0
38,44,1,2,0,0.2,0.1,0.2,0.4,0.1,0.5,0.3,0.1,0.1,0
39,44,0,24,0,0,1,3,4,0,7,3,0,5,1
40,44,1,29,0,4.3,2.2,2.9,6.5,0.7,5.1,2.2,5.1,0,0
49,44,1,7,0.2,0.6,0.5,0.6,1.4,0,1.1,1.1,0.9,0.6,0
51,44,1,1,0,0.1,0.1,0.2,0.2,0,0.1,0.1,0.1,0,0.1
53,44,1,11,0.3,0.7,0.4,2.4,2.2,0.3,1.5,1.4,1,0.1,0.7
0,115,1,12,0.8,1,1.1,2.1,2.8,0.3,1.1,1.3,0.7,0.8,0
2,115,1,2,0.1,0.2,0.2,0.3,0.5,0.1,0.2,0.2,0.1,0.1,0
3,115,1,6,0.4,0.5,0.6,1,1.4,0.2,0.6,0.6,0.3,0.4,0
17,115,1,2,0.1,0.2,0.1,0.2,0.5,0,0.3,0.3,0.1,0.1,0.1
22,115,1,18,0,1.1,1.2,0.6,5.2,0,5.8,1.2,1.7,1.2,0
59,115,1,3,0.1,0.4,0.1,0.5,0.5,0,0.5,0.4,0.4,0.1,0
68,106,1,9,0.1,0.6,0.8,0.7,2.7,0.1,0.9,1.2,0.8,0.7,0.4
69,106,1,12,0.2,0.9,1,0.9,3.6,0.2,1.2,1.6,1,0.9,0.5
92,106,1,2,0,0.1,0.1,0.3,0.4,0,0.4,0.4,0.1,0.1,0.1
7,45,1,15,0.8,1.3,1.6,2.8,4.1,0.3,1,1.3,0.5,0.3,1
16,45,1,2,0,0.2,0.1,0.3,0.6,0,0.3,0.4,0.1,0,0
17,45,1,4,0.1,0.4,0.1,0.5,1.2,0.1,0.7,0.7,0.2,0,0
24,45,1,1,0,0.2,0,0,0.3,0,0.1,0.2,0,0.2,0
25,45,1,7,0.4,0.2,0,1.7,1.8,0.4,0.7,1.1,0.7,0,0
40,45,1,6,0,0.9,0.5,0.6,1.3,0.1,1.1,0.5,1,0,0
41,45,1,1,0,0.1,0.1,0.1,0.2,0,0.2,0.1,0.2,0,0
67,110,1,1,0,0.1,0.1,0.1,0.3,0,0.1,0.1,0.1,0.1,0
1,49,1,3,0.3,0.3,0.2,0.8,0.3,0.1,0.2,0.2,0.2,0.2,0.2
3,49,1,1,0.1,0.1,0,0.3,0.1,0,0.1,0.1,0,0.1,0.1
6,49,1,5,0.2,0.6,0.3,0.9,1.7,0,0.5,0.3,0.3,0,0.2
0,46,1,4,0.4,0.5,0.2,1.1,0.5,0.1,0.3,0.3,0.2,0.2,0.2
5,80,1,3,0.1,0.5,0.3,0.7,0.6,0.2,0.2,0.2,0.2,0,0
35,80,1,2,0.1,0.3,0.1,0.4,0.5,0.1,0.2,0.1,0.2,0,0
36,80,1,6,0.4,0.8,0.3,1.3,1.3,0.2,0.6,0.4,0.5,0.1,0.1
43,80,1,2,0.1,0.2,0.2,0.5,0.3,0,0.3,0.2,0.2,0,0
45,80,1,11,1.1,0.8,0,2.3,0.8,0,1.5,1.1,1.5,1.9,0
41,18,1,4,0.4,0.3,0.1,0.8,0.6,0.2,0.2,0.7,0.2,0.4,0.1
52,18,1,2,0,0.2,0.1,0.1,0.5,0.1,0.2,0.6,0.1,0.1,0
0,48,1,6,0.6,0.7,0.3,1.6,0.7,0.2,0.5,0.5,0.3,0.3,0.3
1,48,1,5,0.5,0.5,0.3,1.4,0.5,0.1,0.4,0.4,0.3,0.3,0.3
8,48,1,1,0,0.1,0.1,0.2,0.3,0,0.1,0.1,0.1,0,0
9,48,1,8,0.2,1,0.5,1.5,2.7,0,0.8,0.5,0.5,0,0.3
10,48,1,8,0.1,0.2,0.3,1.3,1.3,0.1,1.9,1.4,0.6,0.6,0.2
11,48,1,2,0,0.1,0.1,0.3,0.3,0,0.5,0.4,0.1,0.1,0.1
13,48,1,2,0,0.1,0.1,0.3,0.3,0,0.5,0.4,0.1,0.1,0.1
18,48,1,1,0,0,0,0.2,0.2,0,0.2,0.2,0.1,0.1,0
6,110,1,3,0,0.2,0.2,0.2,0.9,0,0.5,0.7,0,0.3,0
7,110,1,12,0,0.6,0.6,0.8,3.5,0,2.1,2.9,0.2,1.3,0
8,110,1,5,0,0.2,0.3,0.3,1.5,0,0.9,1.2,0.1,0.5,0
9,110,1,7,0,0.4,0.4,0.5,2,0,1.2,1.7,0.1,0.7,0
18,110,1,4,0.2,0.3,0.3,0.3,1,0,0.7,0.7,0.2,0.1,0.2
68,110,1,7,0.1,0.5,0.6,0.5,2.2,0.1,0.7,0.9,0.6,0.5,0.3
78,110,1,7,0.4,0.6,0.7,1.5,1.4,0.1,1.3,0.3,0.5,0.1,0.1
79,110,1,1,0.1,0.1,0.1,0.2,0.2,0,0.2,0,0.1,0,0
80,110,0,38.5,2,1,7,5,7,0,5,8,0.5,3,0
81,110,0,54,4,4,5,6,5,0,9,11,3,7,0
82,110,0,73,0,4,3,8,10,4,11,16,2,15,0
83,110,0,29,2,3,1,3,5,0,2,5,1,6,1
84,110,0,23,1,2,1,6,3,0,4,2,2,2,0
9,49,1,4,0.1,0.5,0.2,0.8,1.4,0,0.4,0.3,0.2,0,0.1
11,49,1,9,0.1,0.3,0.4,1.4,1.4,0.1,2.1,1.6,0.6,0.7,0.3
12,49,1,2,0,0.1,0.1,0.3,0.3,0,0.5,0.4,0.1,0.1,0.1
25,49,1,5,0.1,0.1,0.3,0.5,0.7,0.1,0.8,1.5,0.2,0.7,0
26,49,1,2,0,0,0.1,0.2,0.3,0.1,0.3,0.6,0.1,0.3,0
32,49,1,5,0.2,0.2,0.4,1.1,1.1,0,0.7,1.1,0.1,0.1,0
44,49,1,3,0.2,0.5,0.1,0.3,0.7,0,0.5,0.2,0.3,0.1,0.1
47,49,1,4,0.3,0.7,0.1,0.5,0.9,0,0.6,0.3,0.4,0.1,0.1
55,49,1,8,0.4,0.7,0.2,1.8,1.6,0.2,0.6,1.2,0.8,0.5,0
3,28,1,10,0.6,1.4,0.4,1,1.8,0.1,1.7,1.7,0.5,0.6,0.2
5,28,1,1,0,0.1,0.1,0.2,0.2,0.1,0.2,0,0.1,0,0
6,28,1,4,0.1,0.4,0.3,0.7,0.8,0.3,0.7,0.1,0.3,0.2,0.1
8,28,1,1,0,0.1,0.1,0.2,0.2,0.1,0.2,0,0.1,0,0
11,28,1,1,0.1,0.1,0,0.3,0.2,0,0.1,0.1,0.1,0,0
14,28,1,5,0.3,0.3,0.2,1.4,1.3,0.1,0.6,0.4,0.3,0.1,0
22,28,1,2,0.1,0.1,0.2,0.1,0.5,0,0.4,0.3,0.1,0.2,0
23,28,1,3,0.1,0.2,0.3,0.2,0.8,0,0.6,0.4,0.2,0.2,0
34,28,1,2,0.1,0.2,0.1,0.3,0.4,0.1,0.3,0.1,0.1,0.2,0.1
20,12,1,2,0.1,0.2,0.1,0.4,0.3,0.1,0.3,0.5,0,0,0
21,12,1,12,0.7,1.3,0.5,2.3,1.5,0.5,2,3,0.2,0,0
8,73,1,7,0.4,1.2,0.4,1.5,1.2,0.3,0.5,0.4,0.6,0.4,0.1
41,112,1,2,0.3,0.1,0,0.4,0.2,0,0.5,0.2,0.2,0.1,0
40,127,1,2,0.1,0.2,0.1,0.5,0.1,0,0.4,0.3,0.2,0.1,0
43,127,1,6,0.1,0.7,0.2,1.5,0.2,0,1.3,1,0.6,0.4,0
44,127,1,2,0.1,0.2,0.1,0.5,0.1,0,0.4,0.3,0.2,0.1,0
48,127,1,3,0.1,0.4,0.1,0.7,0.1,0,0.6,0.5,0.3,0.2,0
49,127,1,1,0,0.1,0,0.3,0,0,0.2,0.2,0.1,0.1,0
50,127,1,3,0.1,0.3,0.2,0.3,0.8,0.1,0.3,0.3,0.1,0.4,0.1
51,127,1,8,0.3,0.8,0.5,0.8,2,0.2,0.9,0.9,0.2,1.2,0.2
52,127,1,5,0.2,0.5,0.3,0.5,1.3,0.1,0.5,0.6,0.1,0.8,0.1
53,127,1,10,0.4,1.1,0.6,1.1,2.5,0.2,1.1,1.1,0.2,1.5,0.2
21,36,1,4,0,0.6,0,0.1,1.2,0,0.5,0.6,0.1,0.7,0.2
26,36,1,2,0,0.3,0,0.1,0.6,0,0.3,0.3,0,0.3,0.1
49,36,1,5,0.1,0.4,0.3,0.4,1,0,0.8,0.8,0.7,0.5,0
50,36,1,3,0.1,0.2,0.1,0.6,0.6,0.1,0.4,0.4,0.3,0,0.2
50,87,1,2,0,0.1,0,0.2,0.4,0.1,0.5,0.3,0,0.3,0.1
51,87,1,4,0.1,0.2,0,0.3,0.9,0.1,1,0.7,0,0.6,0.1
60,87,1,3,0.2,0.2,0.3,0.9,0.6,0.2,0.1,0.3,0.2,0,0
61,87,1,7,0.6,0.4,0.7,2.1,1.3,0.6,0.2,0.7,0.4,0,0
9,73,1,6,0.4,1,0.3,1.3,1,0.2,0.5,0.3,0.5,0.4,0.1
57,60,1,13,0.9,1.5,0.4,3.8,2,0.2,1.8,1.1,0.9,0.4,0
4,112,1,7,0.5,0.6,0.6,1.2,1.6,0.2,0.7,0.7,0.4,0.5,0
5,112,1,3,0.2,0.2,0.3,0.5,0.7,0.1,0.3,0.3,0.2,0.2,0
6,112,1,2,0.1,0.2,0.2,0.3,0.5,0.1,0.2,0.2,0.1,0.1,0
15,112,1,16,0.8,1.4,1.1,1.4,3.9,0.2,2.6,2.6,0.8,0.3,0.9
16,112,1,2,0.1,0.2,0.1,0.2,0.5,0,0.3,0.3,0.1,0.1,0.1
27,112,1,1,0,0.1,0,0.1,0.2,0,0.5,0.1,0,0,0
14,74,1,23,0.8,2.8,0.4,5.7,4.5,1.2,2,1.6,2.8,0.4,0.8
15,74,1,24,2.3,1.3,1.4,3.6,2.3,0.4,6.3,4.1,0.9,1.4,0
16,74,1,4,0.4,0.2,0.2,0.6,0.4,0.1,1.1,0.7,0.1,0.2,0
43,2,1,4,0,0.1,0.1,0.5,0.2,0,1.3,1.3,0,0.2,0.3
3,99,1,7,0.3,0.4,0.5,1.7,1.2,0.3,1.1,0.6,0.9,0,0
4,99,1,3,0.1,0.2,0.2,0.7,0.5,0.1,0.5,0.3,0.4,0,0
16,99,1,10,1.2,0.9,1.1,1.5,1.8,0,0.4,1.7,0.6,0.8,0
48,100,1,15,0.7,2.1,0.3,3.5,3.5,0,0.7,1,1.4,1.4,0.4
51,2,1,4,0.3,0.2,0.1,0.9,0.5,0.1,0.8,0.5,0.2,0.4,0
35,2,1,8,0,0.8,0.2,0.8,1.7,0.2,1.9,1,0.8,0.4,0.2
7,73,1,8,0.5,1.3,0.4,1.8,1.4,0.3,0.6,0.4,0.7,0.5,0.1
2,36,1,15,0,2.5,0,1,5.5,0,2,1.5,1.5,0,1
3,36,1,2,0,0.3,0,0.1,0.7,0,0.3,0.2,0.2,0,0.2
14,36,1,3,0,0.3,0.1,0.4,0.9,0.1,0.5,0.5,0.2,0,0
8,74,1,4,0.2,0.7,0.2,0.9,0.7,0.1,0.3,0.2,0.4,0.3,0
10,74,1,25,0.9,3.1,0.4,6.1,4.8,1.3,2.2,1.8,3.1,0.4,0.9
12,74,1,2,0.1,0.3,0,0.5,0.4,0.1,0.2,0.1,0.2,0,0.1
13,74,1,1,0,0.1,0,0.3,0.2,0.1,0.1,0.1,0.1,0,0
17,74,1,5,0.5,0.3,0.3,0.7,0.5,0.1,1.3,0.8,0.2,0.3,0
23,74,1,1,0,0.1,0.1,0.2,0.3,0,0.2,0.1,0,0,0
2,99,1,10,0.5,0.6,0.7,2.5,1.6,0.4,1.6,0.8,1.3,0,0
17,99,1,15,1.8,1.4,1.6,2.3,2.7,0,0.7,2.5,0.9,1.1,0
49,99,1,3,0.1,0.4,0.1,0.7,0.7,0,0.1,0.2,0.3,0.3,0.1
70,99,1,25,0,3.8,1.9,3.2,6,0,3.8,2.2,1.3,2.2,0.6
71,99,1,17,0,2.6,1.3,2.1,4.1,0,2.6,1.5,0.9,1.5,0.4
72,99,1,6,0,0.9,0.5,0.8,1.4,0,0.9,0.5,0.3,0.5,0.2
73,99,1,2,0,0.3,0.1,0.3,0.5,0,0.3,0.2,0.1,0.2,0
8,106,1,1,0,0,0.1,0.1,0.3,0,0.2,0.2,0,0.1,0
62,127,1,3,0,0.1,0.1,0.5,0.6,0,0.6,0.7,0.1,0.3,0
65,127,1,1,0,0,0,0.2,0.2,0,0.2,0.2,0.1,0.1,0
5,96,1,2,0.1,0.1,0.1,0.5,0.3,0.1,0.3,0.2,0.3,0,0
16,96,1,2,0.2,0.2,0.2,0.3,0.4,0,0.1,0.3,0.1,0.2,0
17,96,1,4,0.5,0.4,0.4,0.6,0.7,0,0.2,0.7,0.2,0.3,0
25,96,1,10,0.3,1.1,0.5,2.1,2.6,0.5,0.8,1.3,0,0,0.8
49,100,1,14,0.6,2,0.3,3.3,3.3,0,0.6,1,1.3,1.3,0.3
50,100,1,10,0.7,1.5,0,1.5,2,0.2,1.8,0.5,0.5,1,0.3
33,74,1,11,0,0,1,0.7,0.7,0,3.6,2.6,0.7,1.7,0
83,112,1,15,0,0,0.6,2.7,1.8,0,3.3,4.5,0,2.1,0
34,2,1,16.5,0,1.9,0.6,2.4,5,0,1.5,2.4,1.5,0.3,0.9
34,74,0,19,1,1,2,1,5,1,3,2,1,2,0
73,74,1,1,0,0.1,0,0.1,0.3,0,0.1,0.1,0.2,0.1,0
6,81,1,6,0.3,0.9,0.5,1.4,1.2,0.3,0.4,0.4,0.4,0.1,0.1
36,81,1,5,0.3,0.6,0.3,1,1.1,0.2,0.5,0.3,0.5,0.1,0.1
37,81,1,7,0.4,0.9,0.4,1.5,1.6,0.3,0.6,0.5,0.6,0.1,0.1
35,74,1,8,0.3,0.6,0,2.6,0.6,0.7,0.7,0.9,1.1,0.5,0
36,74,1,13,0.4,1,0,4.2,1,1.2,1.2,1.4,1.8,0.8,0
47,74,1,1,0.1,0.1,0.1,0.2,0.1,0,0.2,0.2,0,0,0
49,74,1,18,1.9,1.9,1,4.3,2.4,0,2.8,2.8,0.9,0,0
20,2,1,11,1.4,0.3,0.7,2.8,1.4,0.7,1,2.4,0.3,0,0
21,2,1,2,0.2,0.1,0.1,0.5,0.3,0.1,0.2,0.4,0.1,0,0
28,2,1,5,0.4,0.5,0.2,0.9,1.3,0.2,0.4,0.8,0.2,0.1,0
33,2,1,11,0,1.3,0.4,1.6,3.3,0,1,1.6,1,0.2,0.6
35,81,1,3,0.2,0.4,0.2,0.6,0.7,0.1,0.3,0.2,0.3,0,0
50,74,1,5,0.4,0.2,0.3,2,0.6,0.2,0.1,0.5,0.7,0,0
10,81,1,5,0.2,0.5,0.4,0.9,0.8,0.2,1.2,0.3,0.1,0.4,0
4,25,1,3,0,0.1,0.1,0.3,0.7,0.1,0.4,0.8,0.1,0.4,0
72,100,1,6,0,0.9,0.5,0.8,1.4,0,0.9,0.5,0.3,0.5,0.2
47,81,1,5,0.5,0.3,0,1,0.4,0,0.7,0.5,0.7,0.9,0
2,98,1,9,0.4,0.6,0.7,2.2,1.5,0.3,1.4,0.7,1.2,0,0
3,98,1,22,1,1.4,1.6,5.5,3.7,0.8,3.4,1.8,2.8,0,0
5,25,1,5,0,0.1,0.3,0.5,1.1,0.3,0.7,1.3,0.1,0.6,0
6,25,1,3,0,0.1,0.1,0.3,0.7,0.1,0.4,0.8,0.1,0.4,0
7,25,1,3,0,0.1,0.1,0.3,0.7,0.1,0.4,0.8,0.1,0.4,0
36,95,1,2,0.1,0.1,0,0.5,0.6,0.1,0.1,0.2,0.1,0.2,0
61,95,1,2,0,0.3,0.1,0.3,0.5,0.1,0.2,0.3,0.1,0.1,0
63,95,1,5,0.1,0.7,0.3,0.7,1.3,0.2,0.5,0.8,0.2,0.2,0
46,81,1,2,0.2,0.1,0,0.4,0.1,0,0.3,0.2,0.3,0.4,0
49,81,1,5,0.5,0.3,0,1,0.4,0,0.7,0.5,0.7,0.9,0
68,98,1,6,0,0.9,0.7,0.3,1.3,0.2,0.8,1.3,0.2,0.2,0.1
9,106,1,2,0,0.1,0.1,0.1,0.6,0,0.4,0.5,0,0.2,0
44,106,1,10,0.7,1.1,0.8,1.7,2.3,0.2,0,1.1,0.2,1.5,0.4
9,25,1,2,0,0.1,0.1,0.2,0.4,0.1,0.3,0.5,0.1,0.2,0
12,25,1,2,0,0.2,0.1,0.2,0.4,0,0.4,0.5,0.1,0.1,0
7,127,1,4,0,0.6,0,0.2,1.3,0.1,0.3,1,0.1,0.2,0.2
41,106,0,26,0,3,1,5,5,1,5,1,2,3,0
71,100,1,7,0,1.1,0.5,0.9,1.7,0,1.1,0.6,0.3,0.6,0.2
43,106,1,12,0.9,1.4,0.9,2,2.7,0.2,0,1.4,0.2,1.8,0.5
73,100,1,5,0,0.8,0.4,0.6,1.2,0,0.8,0.4,0.3,0.4,0.1
74,100,1,1,0,0.2,0.1,0.1,0.2,0,0.2,0.1,0,0.1,0
18,95,1,6,0.3,0.9,0.5,1.4,1.2,0.3,0.4,0.4,0.4,0.1,0.1
82,120,1,4,0.1,0.2,0.1,0.4,0.8,0.1,1,0.7,0.1,0.5,0
70,98,1,4,0,0.6,0.3,0.5,1,0,0.6,0.3,0.2,0.4,0.1
71,98,1,5,0,0.8,0.4,0.6,1.2,0,0.8,0.4,0.3,0.4,0.1
26,106,1,2,0.1,0.2,0.1,0.1,0.4,0,1,0.1,0,0,0
38,106,1,3,0.2,0.2,0.1,0.7,0.5,0.2,0.2,0.3,0.4,0.2,0
40,106,1,12,0.9,1.4,0.9,2,2.7,0.2,0,1.4,0.2,1.8,0.5
42,106,1,11,0.8,1.2,0.8,1.9,2.5,0.2,0,1.3,0.2,1.7,0.4
45,106,1,4,0.6,0.2,0,0.7,0.4,0.1,0.9,0.5,0.3,0.3,0
33,95,1,2,0.1,0.2,0.1,0.3,0.5,0,0.4,0.1,0.2,0.1,0
13,25,1,1,0,0.1,0,0.1,0.2,0,0.2,0.2,0.1,0.1,0
14,25,1,1,0,0.1,0,0.1,0.2,0,0.2,0.2,0.1,0.1,0
17,25,1,4,0.3,0.3,0.2,0.8,1,0,0.7,0.2,0.1,0,0.4
24,25,1,9,0,0.7,0.3,1.5,1.5,0.5,1.8,1,1.5,0.2,0
21,87,1,5,0.3,0.6,0.3,0.9,1.2,0.1,0.6,0,0.3,0.5,0.2
26,87,1,1,0.1,0.1,0.1,0.2,0.2,0,0.1,0,0.1,0.1,0
4,98,1,5,0.2,0.3,0.4,1.2,0.8,0.2,0.8,0.4,0.7,0,0
16,98,1,18,2.2,1.6,1.9,2.7,3.3,0,0.8,3,1.1,1.4,0
17,98,1,4,0.5,0.4,0.4,0.6,0.7,0,0.2,0.7,0.2,0.3,0
57,98,1,10,0.7,1.5,0,1.5,2,0.2,1.8,0.5,0.5,1,0.3
58,98,1,4,0.3,0.6,0,0.6,0.8,0.1,0.7,0.2,0.2,0.4,0.1
39,106,1,8,0.6,0.6,0.3,1.9,1.2,0.5,0.6,0.8,1,0.5,0
26,4,1,1,0.1,0.1,0,0.2,0.3,0,0.1,0.2,0,0,0
26,95,1,1,0.1,0.1,0.1,0.2,0.2,0,0.1,0,0.1,0.1,0
16,25,1,5,0.4,0.4,0.2,0.9,1.2,0,0.9,0.3,0.2,0,0.5
35,18,1,1,0,0.2,0,0.1,0.3,0,0.2,0.1,0,0,0.1
38,18,1,2,0,0.3,0.1,0.1,0.6,0,0.5,0.2,0.1,0,0.1
16,4,1,1,0,0,0,0.3,0.1,0,0.2,0.2,0.1,0.1,0
19,4,1,2,0,0.1,0,0.5,0.3,0,0.4,0.4,0.2,0.1,0
20,4,1,3,0.4,0.1,0.2,0.7,0.4,0.2,0.3,0.6,0.1,0,0
22,4,1,2,0.2,0.1,0.1,0.5,0.3,0.1,0.2,0.4,0.1,0,0
27,4,1,1,0.1,0.1,0,0.2,0.3,0,0.1,0.2,0,0,0
28,4,1,2,0.1,0.2,0.1,0.4,0.5,0.1,0.2,0.3,0.1,0,0
29,4,1,2,0.1,0.2,0.1,0.4,0.5,0.1,0.2,0.3,0.1,0,0
7,107,1,2,0,0.1,0.1,0.1,0.6,0,0.4,0.5,0,0.2,0
81,120,1,16,0.3,0.7,0.4,1.4,3.3,0.4,4,2.9,0.4,2.2,0
31,1,1,4,0,0.5,0.1,0.6,1.2,0,0.4,0.6,0.3,0.1,0.2
72,98,1,1,0,0.2,0.1,0.1,0.2,0,0.2,0.1,0,0.1,0
24,78,1,1,0.1,0.1,0.1,0.2,0.2,0,0.1,0,0.1,0.1,0
32,78,1,5,0.6,0.2,0.1,1.6,0.6,0.1,0.2,0.6,0.5,0.5,0
32,77,1,2,0.2,0.1,0.1,0.7,0.2,0,0.1,0.2,0.2,0.2,0
11,92,1,5,0.2,0.8,0.4,1.1,1,0.3,0.3,0.3,0.4,0.1,0.1
23,1,1,4,0.5,0.1,0.3,1,0.5,0.2,0.4,0.9,0.1,0,0
32,1,1,1,0,0.1,0,0.1,0.3,0,0.1,0.2,0.1,0,0.1
33,77,1,13,1.5,0.6,0.3,4.3,1.5,0.3,0.6,1.5,1.2,1.2,0
57,77,1,2,0,0.2,0.1,0.1,0.4,0,0.4,0.4,0,0.4,0
5,83,1,3,0.1,0.5,0.3,0.7,0.6,0.2,0.2,0.2,0.2,0,0
34,77,1,5,0.6,0.2,0.1,1.6,0.6,0.1,0.2,0.6,0.5,0.5,0
38,77,1,8,0.5,1.1,0.4,1.7,1.8,0.3,0.8,0.5,0.7,0.1,0.1
39,77,1,29,1.9,3.8,1.5,6.1,6.5,1.1,2.7,1.9,2.7,0.4,0.4
40,77,1,3,0.2,0.4,0.2,0.8,0.4,0.1,0.4,0.3,0.2,0,0
35,92,1,11,0.8,0.8,0,2.7,3.1,0.8,0.4,0.8,0.8,0.8,0
36,3,1,2,0,0.2,0.1,0.2,0.4,0,0.5,0.2,0.2,0.1,0.1
73,120,1,3,0,0.1,0.1,0.5,0.6,0,0.6,0.7,0.1,0.3,0
33,1,1,2,0,0.2,0.1,0.3,0.6,0,0.2,0.3,0.2,0,0.1
34,1,1,4,0,0.5,0.1,0.6,1.2,0,0.4,0.6,0.3,0.1,0.2
14,92,1,2,0.1,0.3,0.2,0.5,0.4,0.1,0.1,0.1,0.2,0,0
12,83,1,7,0.3,0.7,0.6,1.2,1,0.3,1.7,0.4,0.2,0.6,0
13,83,1,1,0,0.1,0.1,0.2,0.2,0,0.2,0.1,0,0.1,0
14,83,1,2,0.1,0.2,0.2,0.3,0.3,0.1,0.5,0.1,0,0.2,0
37,127,1,6,0.7,0.1,0.1,1.1,0.7,0,1.3,1.3,0.4,0.3,0
49,92,1,3,0.1,0.3,0.2,0.2,0.5,0,0.5,0.5,0.1,0.5,0.1
36,92,1,1,0,0.1,0,0.2,0.3,0.1,0,0.1,0.1,0.1,0
35,3,1,7,0,0.7,0.2,0.7,1.5,0.2,1.7,0.8,0.7,0.3,0.2
0,92,1,5,0.1,0.9,0.3,0.5,2.1,0.1,0.1,0.1,0.5,0,0.3
33,92,1,21,0.7,2.2,1.1,3.6,4.7,0.3,4,1.1,2.2,1.1,0
34,92,1,11,0.4,1.1,0.6,1.9,2.4,0.2,2.1,0.6,1.1,0.6,0
65,120,1,16,0,1.1,1.1,1.1,4.8,0.5,1.6,4.3,0.5,0.5,0.5
1,1,1,5,0,0.6,0,0.5,1.7,0,0.7,0.8,0.5,0.2,0
4,1,1,2,0,0.2,0,0.2,0.7,0,0.3,0.3,0.2,0.1,0
5,1,1,10.5,0,1.2,0,1.1,3.6,0,1.4,1.8,1.1,0.3,0
20,1,1,1,0.1,0,0.1,0.3,0.1,0.1,0.1,0.2,0,0,0
8,127,1,2,0,0.3,0,0.1,0.6,0.1,0.1,0.5,0.1,0.1,0.1
9,127,1,2,0,0.3,0,0.1,0.6,0.1,0.1,0.5,0.1,0.1,0.1
24,127,1,2,0.3,0,0,0.4,0.3,0,0.4,0.4,0.1,0.1,0
29,127,1,4,0.5,0.1,0.1,0.7,0.5,0,0.8,0.8,0.3,0.2,0
10,92,1,3,0.1,0.5,0.3,0.7,0.6,0.2,0.2,0.2,0.2,0,0
34,3,1,10,0,1.2,0.4,1.4,3.1,0,0.9,1.4,0.9,0.2,0.5
68,120,1,1,0,0.1,0.1,0.1,0.3,0,0.1,0.3,0,0,0
66,120,0,29,2,1,1,9,3,0,5,5,1,2,0
67,120,0,36,2,5,1,9,6,1,4,1,5,1,1
5,3,1,9,0,1.1,0,0.9,3.1,0,1.2,1.5,0.9,0.3,0
33,3,1,2,0,0.2,0.1,0.3,0.6,0,0.2,0.3,0.2,0,0.1
22,120,1,14,0.1,1.1,1.3,2,3.8,0.1,2.2,1.5,1.1,0.7,0.1
14,3,1,2,0,0.1,0,0.5,0.3,0,0.4,0.4,0.2,0.1,0
30,120,1,3,0.1,0.3,0.2,0.3,0.7,0,0.2,0.7,0.2,0.2,0.1
39,120,1,1,0,0.1,0,0.2,0.3,0,0.2,0.1,0.1,0,0
53,120,1,3,0.2,0.2,0.3,0.6,0.5,0,0.5,0.4,0.2,0.1,0
30,3,1,3,0,0.3,0.1,0.4,0.9,0,0.3,0.4,0.3,0.1,0.2
16,120,1,4,0,0.7,0.5,0.4,0.8,0,0.7,0.4,0.1,0.4,0
9,120,1,5,0.2,0.5,0.5,0.5,1.4,0.1,0.5,0.7,0.3,0.2,0.1
22,3,1,1,0.1,0,0.1,0.3,0.1,0.1,0.1,0.2,0,0,0
21,3,1,4,0.5,0.1,0.3,1,0.5,0.2,0.4,0.9,0.1,0,0
73,42,1,3,0.1,0.3,0.1,0.8,0.6,0.1,0.2,0.3,0.3,0.1,0.1
102,63,1,8,0.3,0.6,0.5,1.2,1.6,0.4,0.6,1.3,0.9,0.6,0
65,13,1,1,0.1,0.1,0,0.1,0.3,0,0,0.2,0.1,0.1,0
78,35,1,6,0,0.5,0.5,0.7,1,0,1.4,1,0.2,0.5,0.2
121,15,1,2,0,0.3,0.2,0.3,0.5,0.1,0.2,0.2,0.1,0.1,0
109,69,1,19.5,1.1,2.7,2.7,3.6,5.3,1.1,0.6,0.2,2,0.2,0
110,69,1,18,0.6,1.4,1.2,2.7,3.7,0.8,1.4,2.9,2.1,1.2,0
120,15,1,3,0,0.4,0.3,0.5,0.8,0.1,0.3,0.3,0.1,0.2,0
106,88,1,6,0.3,0.7,0.6,0.7,1.4,0,0.8,0.8,0.2,0.4,0.1
101,63,1,9,0.3,0.7,0.6,1.3,1.9,0.4,0.7,1.5,1,0.6,0
96,52,1,16,1,0.7,1.7,2.4,3.8,0.3,1.7,2.4,1,1,0
99,52,1,8,0.5,0.3,0.8,1.2,1.9,0.2,0.9,1.2,0.5,0.5,0
79,35,1,6,0,0.5,0.5,0.7,1,0,1.4,1,0.2,0.5,0.2
65,35,1,2,0.2,0.2,0.1,0.7,0.2,0.1,0.1,0.2,0.2,0,0
113,16,1,22,1.2,2.7,0.5,3.7,5.6,0.7,1.2,2.5,3.4,0,0.5
98,33,1,8,0.5,0.4,0.4,1.1,0.8,0,1.8,2.1,0,0.9,0
114,16,1,1,0,0.1,0,0.2,0.3,0,0.1,0.1,0.2,0,0
87,63,1,1,0,0.1,0.1,0.2,0.2,0,0.1,0.1,0.1,0.1,0
96,33,1,18,1,0.9,0.8,2.4,1.9,0,4.1,4.8,0.1,2,0
66,13,1,19,1.1,2.4,0.9,2.6,5.2,0.2,0.7,2.8,1.1,1.8,0.2
90,63,1,5,0.7,0.8,0.3,1.2,1,0,0.3,0.4,0,0.3,0
74,42,0,30,0,3,3,12,3,1,1,3,3,1,0
108,69,1,17,1,2.3,2.3,3.2,4.6,1,0.5,0.2,1.7,0.2,0
86,33,1,10,0.8,0.8,1.2,2.3,2.1,0.4,0.8,0.6,0.6,0.2,0.2
75,42,1,2,0.1,0.1,0,0.2,0.4,0,0.4,0.5,0,0.3,0
95,33,1,8,0.5,0.4,0.4,1.1,0.8,0,1.8,2.1,0,0.9,0
103,42,0,163.5,9,30.5,13,29,34,8,17,1,18,2,2
88,73,1,3,0.1,0.1,0.2,0.4,0.6,0.1,0.7,0.4,0.4,0,0
80,58,1,2,0.2,0.3,0.1,0.5,0.3,0.1,0.1,0.2,0.2,0,0
80,73,0,25,0,3,2,3,5,0,4,6,0,2,0
77,73,1,9,0.8,0.8,0.5,1.4,2.2,0,1.1,1.1,0.5,0.6,0
84,67,1,22,0.9,1.3,1.3,3.8,6,0.4,1.7,3,2.1,1.3,0.2
67,13,0,32,3,4,0,8,4,1,2,4,4,2,0
97,33,1,9,0.5,0.5,0.4,1.2,0.9,0,2,2.4,0.1,1,0
85,67,1,13,0.6,0.9,0.6,3.1,1.2,0.5,1.5,2.5,1.5,0.6,0
94,33,1,2,0.1,0.1,0.1,0.3,0.2,0,0.5,0.5,0,0.2,0
68,73,1,4,0.3,0.3,0.4,0.9,1,0.1,0.5,0.3,0.1,0.1,0
76,51,1,17,0.3,1.1,1.4,2.1,3.2,0.4,3.5,2.1,0.4,2.1,0.4
86,51,1,21,1.2,1.2,0,5.2,4.1,2.3,1.8,2.3,1.7,0.6,0.6
78,58,1,9,0.8,0.7,0.7,2.1,2.3,0.3,0.2,0.8,0.3,0.8,0
69,73,1,2,0.2,0.1,0.2,0.4,0.5,0.1,0.2,0.2,0,0.1,0
87,46,0,28.5,2,0,2,5,4,0,7,5,0.5,3,0
100,46,1,6,0.1,0.5,0.5,0.9,1.3,0.1,0.7,1.2,0.3,0.4,0
79,58,0,45,1,4,1,8,11,1,7,5,4,3,0
97,58,1,23,1.2,1.8,1.7,4.3,5.7,0.2,1.4,2.9,2.1,1,0.7
98,58,1,2,0.1,0.2,0.1,0.4,0.5,0,0.1,0.2,0.2,0.1,0.1
81,63,1,1,0,0,0.1,0.1,0.3,0,0.2,0.2,0,0.1,0
87,73,1,9,0.2,0.4,0.5,1.3,2,0.2,2.2,1.1,1.1,0,0
80,33,1,17,1.7,0.5,0.6,3.6,4.2,1.1,0.6,1.9,1.4,0.8,0.6
81,33,0,29,2,0,2,5,6,1,5,5,1,2,0
83,67,0,31,3,7,2,5,6,0,3,2,3,0,0
100,52,1,16.5,0,0.7,1.9,1.4,4.8,0,5.3,0.5,0.9,0.5,0.5
80,63,1,15.5,0.4,0.7,0.9,1.5,4.2,0.3,2.3,3.4,0.7,0.9,0.2
102,69,1,6,0,0.3,0.3,0.9,0.6,0,2,1.3,0.2,0.4,0
86,46,1,10,1.3,1.2,0.5,1.9,2.1,0.2,0.8,0.9,0.6,0.3,0.2
82,67,1,10,0.4,0.6,0.6,1.7,2.7,0.2,0.8,1.3,1,0.6,0.1
65,15,1,13,0.7,1.6,0.6,1.8,3.6,0.2,0.5,1.9,0.7,1.2,0.2
102,79,1,1,0.1,0.1,0,0.1,0.3,0,0.1,0.2,0.1,0,0
66,15,0,32,1,0.5,3,7,7,0,7,5,0.5,1,0
86,65,1,3,0,0.2,0.3,0.5,0.6,0.2,0.4,0.4,0.2,0.2,0
82,33,1,3,0.3,0.1,0.1,0.6,0.7,0.2,0.1,0.3,0.3,0.2,0.1
85,33,1,2,0.2,0.2,0.2,0.5,0.4,0.1,0.2,0.1,0.1,0,0
89,54,1,8,0.4,0.4,0,2,1.6,0.9,0.7,0.9,0.7,0.2,0.2
81,69,1,7,0.3,0.4,0.4,1.2,1.9,0.1,0.5,1,0.7,0.4,0.1
72,46,1,5,0.1,0.5,0.4,0.6,1.5,0,0.7,0.6,0.3,0.3,0
101,46,1,12,0.2,1,1,1.9,2.6,0.2,1.5,2.3,0.6,0.7,0
71,88,1,3,0,0.6,0.1,0.3,0.7,0,0.5,0.2,0.3,0.1,0.2
105,88,0,38,0,9,1,2,12,0,0,2,5,6,1
78,3,1,6,0.3,0.5,0.5,1.1,1.1,0.2,0.9,0.7,0.5,0.2,0
69,52,1,2,0.2,0,0.1,0.5,0.3,0.1,0.2,0.5,0,0.1,0
63,52,1,4,0.4,0,0.2,0.9,0.6,0.2,0.4,1,0.1,0.2,0
94,52,0,37,0,4,2,4,10,1,7,5,2,0,2
102,88,1,8,0.1,1.1,0.4,0.9,1.9,0.1,1.1,1.6,0.4,0.4,0
85,65,1,3,0,0.2,0.3,0.5,0.6,0.2,0.4,0.4,0.2,0.2,0
92,51,1,1,0,0.1,0,0.1,0.3,0,0.3,0.1,0,0.1,0
68,88,1,2,0.1,0.1,0.2,0.6,0.4,0.2,0.1,0.2,0.1,0,0
69,88,1,3,0.2,0.2,0.3,0.9,0.6,0.2,0.1,0.3,0.2,0,0
70,88,1,3,0,0.6,0.1,0.3,0.7,0,0.5,0.2,0.3,0.1,0.2
92,54,1,2,0,0.1,0.1,0.2,0.6,0,0.6,0.2,0,0.2,0
100,79,1,2,0.1,0.2,0.1,0.3,0.5,0.1,0.3,0.3,0.1,0,0
85,46,1,10,1.3,1.2,0.5,1.9,2.1,0.2,0.8,0.9,0.6,0.3,0.2
86,52,1,2,0.1,0.1,0,0.5,0.4,0.2,0.2,0.2,0.2,0,0.1
75,51,1,3,0,0.2,0.2,0.4,0.6,0,0.6,0.4,0.1,0.4,0.1
127,65,1,17,1.2,1.2,1.2,1.2,5.9,0,1.7,0.6,1.7,1.7,0.6
93,54,0,22,1,0,6,6,5,0,0,2,2,0,0
77,63,1,4,0.4,0.3,0.3,0.9,1,0.1,0.1,0.4,0.1,0.4,0
104,79,1,11,0.7,0.9,0.4,1.6,2.9,0.4,1.5,1.8,0.8,0,0
80,69,1,4,0.2,0.2,0.2,0.7,1.1,0.1,0.3,0.6,0.4,0.2,0
76,79,1,1,0,0.1,0.1,0.1,0.2,0,0.2,0.2,0.1,0,0
95,53,0,55.5,2,5.5,3,14,8,1,6,7,5,4,0
94,54,0,40,1,4,6,6,8,1,7,3,2,2,0
95,54,1,2,0.1,0.1,0.2,0.3,0.5,0.1,0.2,0.3,0.1,0.1,0
98,79,1,7,0.2,0.6,0.5,1.4,1.4,0.3,0.9,0.5,0.3,0.9,0
103,79,1,19,1.1,1.6,0.7,2.8,5,0.7,2.5,3.2,1.4,0,0
84,65,0,39,0,7,4,4,9,0,2,8,4,1,0
67,73,1,3,0.2,0.2,0.3,0.7,0.7,0.1,0.4,0.2,0.1,0.1,0
63,33,1,2,0.2,0.2,0.1,0.7,0.2,0.1,0.1,0.2,0.2,0,0
62,6,1,1,0,0.1,0.1,0.2,0.1,0,0.1,0.2,0.1,0.1,0
77,3,1,11,0.5,1,0.9,2,2,0.3,1.7,1.4,0.9,0.3,0
91,3,1,13,0.5,1.3,1.5,0.8,3.6,0,1.5,0.8,0.7,2.3,0
75,78,1,20,0.5,1.6,1.6,3.2,3.8,0,3.8,3.3,2.2,0,0
95,52,0,32,1,1,5,3,5,0,9,5,0,2,1
74,46,1,24,0.6,2.3,1.6,2.9,7.2,0.2,3.5,2.9,1.3,1.5,0
102,46,1,24,0.3,2,2,3.8,5.3,0.3,2.9,4.7,1.2,1.5,0
103,46,1,5,0.1,0.4,0.4,0.8,1.1,0.1,0.6,1,0.2,0.3,0
122,35,1,4,0.3,0.2,0.1,0.8,1.1,0.3,0.3,0.4,0.3,0.1,0.1
82,104,1,4,0,0.3,0.4,0.3,0.6,0,0.7,1.2,0,0.5,0
83,65,1,9,0.2,0.4,0.5,0.9,2.4,0.2,1.3,2,0.4,0.6,0.1
63,51,1,33,3.3,0,1.3,7.3,5.3,2,3.3,8.6,0.6,1.3,0
70,51,1,1,0,0.1,0.1,0.1,0.2,0,0.2,0.1,0,0.2,0
99,79,1,13,0.3,1.1,0.9,2.6,2.6,0.6,1.7,0.9,0.6,1.7,0
114,5,1,2,0.1,0.1,0.1,0.5,0.3,0.1,0.4,0.2,0.1,0.1,0
67,15,1,4,0.2,0.5,0.2,0.6,1.1,0,0.1,0.6,0.2,0.4,0.1
65,16,1,8,0,0.5,0.2,1.3,1.6,0.2,0.9,2,0.5,0.6,0.2
78,16,1,2,0.2,0.2,0,0.5,0.5,0.1,0.1,0.2,0.1,0.1,0
111,16,1,15,0.8,1.8,0.4,2.5,3.8,0.5,0.8,1.7,2.3,0,0.4
112,16,1,14,0.8,1.7,0.3,2.3,3.6,0.5,0.8,1.5,2.2,0,0.3
74,15,1,3,0.1,0.1,0.3,0.5,0.7,0.1,0.7,0.1,0.1,0.1,0.2
64,51,1,3,0.3,0,0.1,0.6,0.5,0.2,0.3,0.8,0.1,0.1,0
62,33,1,2,0.2,0.2,0.1,0.7,0.2,0.1,0.1,0.2,0.2,0,0
118,62,1,17,0.6,0.6,0,3.1,2.4,0.6,1.8,2.4,3.1,1.8,0.6
80,107,1,5,0.1,0.3,0.3,0.9,0.9,0.1,0.7,1.1,0.3,0.2,0.1
115,30,1,13,0.9,0.9,0.5,2.4,3.5,0.7,1.3,1.3,0.7,0.4,0.4
77,15,1,1,0.1,0.1,0.1,0.2,0.2,0,0.1,0,0.1,0.1,0
115,59,1,9,0.5,0.7,0.3,1.5,1.6,0.6,1.4,0.7,1,0.7,0
117,59,1,5,0.3,0.4,0.2,0.8,0.9,0.3,0.8,0.4,0.5,0.4,0
71,46,1,15,0.4,1.4,1,1.8,4.5,0.1,2.2,1.8,0.8,1,0
87,11,1,19,0.7,2,2,2.7,4.2,0.2,2.2,2.5,0.3,1.7,0.5
81,104,0,29,0,3,1,2,4,0,8,7,1,3,0
65,6,1,9,0,0.5,0.7,1.8,1.2,0.2,0.7,2.3,0.9,0.5,0.2
66,6,1,16,0,0.9,1.3,3.1,2.2,0.3,1.3,4.1,1.6,0.9,0.3
76,78,1,5,0.1,0.4,0.4,0.8,1,0,1,0.8,0.5,0,0
111,69,1,5,0.2,0.4,0.3,0.7,1,0.2,0.4,0.8,0.6,0.4,0
66,46,0,175,13,21,16,34,27,4,21,17,11,10,1
111,3,0,33,1,6,2,4,10,1,3,3,1,2,0
99,78,1,4,0.1,0.3,0.3,0.8,0.8,0.2,0.5,0.3,0.2,0.5,0
66,4,1,5,0.1,0.5,0.3,0.5,1.2,0,0.2,1.2,0.3,0.6,0.1
71,8,1,3,0.1,0.1,0.3,0.5,0.7,0.1,0.7,0.1,0.1,0.1,0.2
114,30,1,10,0.3,1.5,1.2,1.6,2.3,0.6,0.6,0.6,0.7,0.6,0
64,48,0,70,0,8,3,6,18,0,11,14,3,6,1
68,46,1,24,1.2,1.2,3.1,3.7,4.3,0.6,2.5,3.7,0.6,2.5,0.6
100,78,1,10,0.6,0.8,0.4,1.4,2.7,0.4,1.3,1.7,0.7,0,0
68,4,1,5,0.1,0.5,0.3,0.5,1.2,0,0.2,1.2,0.3,0.6,0.1
110,16,1,6,0.3,0.7,0.1,1,1.5,0.2,0.3,0.7,1,0,0.2
104,42,1,20,0.8,1.7,2.5,3.3,2.5,0,4.2,4.2,0.8,0,0
105,42,1,26,0.8,3.8,1.1,3.4,5,0.8,5.4,2.7,1.5,1.1,0.4
82,62,1,2,0.1,0.1,0.1,0.2,0.5,0,0.3,0.5,0.1,0.1,0
81,107,1,27.5,0.6,1.8,1.4,5,4.8,0.6,3.9,5.9,1.8,1.1,0.6
88,30,1,4,0.3,0.3,0.5,0.9,0.8,0.2,0.3,0.3,0.2,0.1,0.1
85,26,1,3,0.2,0.2,0.4,0.7,0.6,0.1,0.2,0.2,0.2,0.1,0.1
86,26,1,6,0.5,0.5,0.7,1.4,1.2,0.2,0.5,0.4,0.4,0.1,0.1
63,46,1,9,0.1,0.9,0.5,0.8,2.5,0.2,1.4,0.9,1.2,0.2,0.3
64,46,0,70.5,2,10,4.5,5,16,1,11,11,0,10,0
77,4,1,5,0.2,0.5,0.4,0.9,0.9,0.1,0.8,0.6,0.4,0.2,0
91,4,1,6,0.2,0.6,0.7,0.4,1.6,0,0.7,0.4,0.3,1.1,0
121,37,1,25,1.4,2.7,1.7,3.7,6.5,1,1.5,3.6,1.9,0.8,0.2
122,37,0,43.5,2,4,2,6,8,0.5,4,9,7,1,0
92,3,1,8,0.3,0.8,0.9,0.5,2.2,0,0.9,0.5,0.5,1.4,0
99,3,1,1,0,0.1,0.1,0.1,0.3,0,0.1,0.1,0,0.2,0
100,3,1,2,0.2,0.1,0.1,0.5,0.5,0,0.2,0.3,0.1,0,0
112,3,0,35.5,2,1,3,10,8,1.5,5,4,1,0,0
64,73,1,1,0.1,0.1,0.1,0.2,0.3,0,0.1,0.1,0,0,0
98,50,0,92,3,14,4,19,17,1,13,9,9,3,0
99,50,1,35,2.7,2.7,0.9,9.8,2.7,4.5,3.6,0.9,3.6,3.6,0
78,59,1,7,0.6,0.5,0.5,1.7,1.8,0.3,0.1,0.6,0.3,0.6,0
79,59,0,38,4,3,0,11,8,0,5,3,1,2,1
97,59,1,20,1,1.6,1.5,3.7,5,0.2,1.2,2.5,1.9,0.8,0.6
75,26,1,7,0.7,1.5,0.2,1.5,1.1,0.3,0.7,0.2,0.8,0,0
78,104,1,8,0.5,0.7,0.3,1.2,1.5,0.2,1.1,1.6,0.5,0.4,0
85,47,1,10,1.3,1.2,0.5,1.9,2.1,0.2,0.8,0.9,0.6,0.3,0.2
112,69,1,9,0.3,0.7,0.6,1.3,1.9,0.4,0.7,1.5,1,0.6,0
75,11,1,13.5,0.9,1.6,1.1,2.7,2.5,0.5,1.3,0.7,1.3,0.7,0.2
78,11,1,8,0.5,1,0.6,1.6,1.5,0.3,0.8,0.4,0.8,0.4,0.1
126,11,1,6,0.2,0.7,0.5,0.5,1.8,0.2,0.9,0.5,0,0.3,0.4
101,78,1,12,0.7,1,0.4,1.8,3.2,0.4,1.6,2,0.9,0,0
57,8,1,1,0,0.1,0.1,0.1,0.2,0,0.2,0.2,0,0.1,0
112,59,1,7,0.5,0.9,0.4,1.2,1.3,0.4,0.4,0.6,0.9,0.3,0.1
73,26,1,5,0.4,0.4,0.2,1,0.8,0.1,0.5,0.7,0.5,0.3,0.1
74,26,1,26,2.1,2.1,1.2,5,4.4,0.4,2.7,3.5,2.7,1.3,0.6
65,48,0,32.5,1,2.5,1,5,3,1,7,5,2,3,2
70,46,1,7,0.2,0.7,0.5,0.8,2.1,0.1,1,0.8,0.4,0.4,0
58,16,1,1,0,0.1,0.1,0.1,0.3,0,0.2,0.2,0,0,0
66,16,1,22,0,1.5,0.5,3.5,4.5,0.5,2.5,5.5,1.5,1.5,0.5
67,48,1,2,0.1,0.1,0.3,0.3,0.4,0,0.2,0.3,0,0.2,0.1
68,13,1,14,0.8,1.8,0.6,1.9,3.9,0.1,0.5,2.1,0.8,1.3,0.2
76,13,1,2,0.1,0.2,0.2,0.4,0.4,0.1,0.2,0.1,0.2,0.1,0
77,13,1,11,0.7,1.3,0.9,2.2,2.1,0.4,1,0.6,1,0.6,0.2
80,62,1,16,0.4,0.7,1,1.6,4.3,0.3,2.3,3.5,0.7,1,0.2
81,62,1,3,0.1,0.1,0.2,0.3,0.8,0.1,0.4,0.7,0.1,0.2,0
71,6,1,3,0.1,0.1,0.3,0.5,0.7,0.1,0.7,0.1,0.1,0.1,0.2
71,26,1,1,0.1,0.1,0,0.2,0.2,0,0.1,0.1,0.1,0.1,0
65,46,0,88,3,3,4,17,13,3,12,17,3,13,0
71,53,1,5,0.1,0.3,0.4,0.6,1,0.1,1.1,0.6,0.1,0.6,0.1
96,53,0,47.5,1,3.5,7,6,15,2,5,4,2,0,2
97,53,1,1,0.1,0,0.1,0.1,0.2,0,0.1,0.2,0.1,0.1,0
99,53,1,19,1.2,0.8,2,2.8,4.5,0.4,2,2.9,1.2,1.2,0
100,53,1,8,0,0.4,0.9,0.7,2.3,0,2.6,0.2,0.5,0.2,0.2
100,50,0,68,5.5,10,5,17,10,1,10,0,6.5,3,0
80,72,0,65,9,5,2,19,10,6,3,6,4,1,0
81,72,1,14,0.9,0.9,0,1.7,0.4,0.4,4.2,3.8,1.3,0,0.4
101,49,1,12,0.2,1,1,1.9,2.6,0.2,1.5,2.3,0.6,0.7,0
88,11,1,17,0.7,1.8,1.8,2.4,3.8,0.2,2,2.2,0.2,1.5,0.4
125,11,1,4,0.1,0.5,0.3,0.4,1.2,0.1,0.6,0.4,0,0.2,0.2
102,78,0,39,3,2,0,5,6,2,2,9,3,2,5
103,78,1,7,0.4,0.6,0.3,1,1.9,0.2,0.9,1.2,0.5,0,0
81,67,1,10,0.4,0.6,0.6,1.7,2.7,0.2,0.8,1.3,1,0.6,0.1
59,15,1,5,0,0.5,0.3,0.6,1.1,0.2,0.8,1.1,0.1,0.3,0
85,15,1,2,0.1,0.2,0.2,0.3,0.4,0,0.2,0.3,0,0.2,0.1
87,15,1,3,0.1,0.3,0.3,0.4,0.7,0,0.4,0.4,0,0.3,0.1
96,15,1,8,0.8,0.5,0.1,1.9,0.9,0.4,1.3,0.7,0.5,0.9,0
97,15,1,8,0.8,0.5,0.1,1.9,0.9,0.4,1.3,0.7,0.5,0.9,0
113,15,1,7,0.6,0.3,0.4,1.5,1.5,0.1,0.7,1.2,0.5,0.1,0.1
119,15,1,2,0.2,0.1,0.1,0.5,0.5,0,0.2,0.3,0.1,0,0
121,49,1,2,0.1,0.2,0.1,0.3,0.5,0.1,0.1,0.3,0.2,0.1,0
80,59,1,8,0.8,1,0.5,1.9,1,0.3,0.5,0.8,1,0.2,0
70,26,1,14,1.1,1.1,0.6,2.7,2.4,0.2,1.5,1.9,1.5,0.7,0.3
116,58,1,4,0.2,0.3,0.1,0.7,0.8,0.3,0.6,0.3,0.4,0.3,0
97,77,1,7,0.2,0.6,0.5,1.4,1.4,0.3,0.9,0.5,0.3,0.9,0
99,16,1,17,0.2,1.6,0.6,2.7,3.7,0.2,2.9,3.1,0.8,1,0.2
78,13,1,11,0.7,1.3,0.9,2.2,2.1,0.4,1,0.6,1,0.6,0.2
77,72,1,16,1.4,1.5,1,2.4,3.9,0,1.9,1.9,1,1,0
79,72,1,4,0.4,0.4,0.2,0.6,1,0,0.5,0.5,0.2,0.2,0
127,6,1,2,0,0.2,0.2,0.2,0.6,0.1,0.3,0.2,0,0.1,0.1
98,49,0,81,5,14,8,13,21,0,4,6,8,0,2
100,49,1,15,0.2,1.3,1.3,2.4,3.3,0.2,1.8,2.9,0.7,0.9,0
122,12,1,2,0,0.3,0.2,0.3,0.5,0.1,0.2,0.2,0.1,0.1,0
64,69,1,1,0.1,0.1,0.1,0.2,0.3,0,0.1,0.1,0,0,0
67,46,0,81.5,2,8,7,6,23,1.5,10,14,6,4,0
66,56,1,2,0.1,0.3,0.2,0.2,0.6,0,0.1,0.2,0.1,0.1,0.1
74,76,1,5,0.3,0.7,0.2,1,0.6,0.5,0.7,0.5,0.4,0.1,0
92,76,1,5,0.4,0,0.9,0.7,0.8,0.1,1,0.7,0.3,0.1,0
93,76,1,14,1.1,0,2.6,1.9,2.3,0.4,2.6,1.9,0.8,0.4,0
96,76,0,59,3,9,3,15,12,3,6,2,3,1,2
86,50,1,24,3.1,2.8,1.1,4.5,5,0.6,1.9,2.2,1.4,0.8,0.6
87,50,1,5,0.6,0.6,0.2,0.9,1.1,0.1,0.4,0.5,0.3,0.2,0.1
96,50,0,65.5,8,8.5,1,19,11,4,4,1,8,0,1
97,50,0,52,4,6,4,16,8,1,4,4,4,1,0
83,72,1,6,0.4,0.4,0,0.7,0.2,0.2,1.8,1.6,0.5,0,0.2
97,49,1,4,0.3,0.3,0.1,1.2,0.3,0.5,0.4,0.1,0.4,0.4,0
118,59,1,16,0.9,1.2,0.5,2.6,3,1.1,2.5,1.2,1.8,1.2,0
119,59,1,6,0.3,0.5,0.2,1,1.1,0.4,0.9,0.5,0.6,0.5,0
87,26,1,7,0.6,0.6,0.9,1.6,1.4,0.3,0.6,0.4,0.4,0.1,0.1
72,47,1,2,0.1,0.2,0.1,0.2,0.6,0,0.3,0.3,0.1,0.1,0
73,47,1,1,0,0.1,0.1,0.1,0.3,0,0.1,0.1,0.1,0.1,0
74,47,1,11,0.3,1.1,0.7,1.3,3.3,0.1,1.6,1.3,0.6,0.7,0
84,47,1,3,0.2,0.2,0,0.7,0.6,0.3,0.3,0.3,0.2,0.1,0.1
86,47,1,4,0.5,0.5,0.2,0.8,0.8,0.1,0.3,0.4,0.2,0.1,0.1
87,47,1,14,1.8,1.6,0.7,2.6,2.9,0.3,1.2,1.3,0.8,0.5,0.3
97,18,1,3,0,0.3,0.1,0.5,0.7,0,0.5,0.5,0.2,0.2,0
64,4,1,13,0.9,0.9,0,2.7,2.7,0.4,2.2,2.2,0.5,0.5,0
100,77,1,2,0.1,0.2,0.1,0.3,0.5,0.1,0.3,0.3,0.1,0,0
101,77,1,19,1.1,1.6,0.7,2.8,5,0.7,2.5,3.2,1.4,0,0
95,76,1,2,0,0.2,0.1,0.4,0.4,0.1,0.3,0.1,0.1,0.3,0
109,38,1,18,1.5,1,0.5,2,2.5,0,3,3.5,2,1,1
121,38,0,34,3,0,0,7,7,1,5,4,3,2,2
122,38,1,5,0.3,0.5,0.3,0.8,1.3,0.2,0.3,0.7,0.4,0.2,0
72,8,1,1,0,0,0.1,0.2,0.2,0.1,0.2,0,0,0.1,0.1
121,12,1,11.5,0,1.6,1.3,1.9,3,0.2,1.1,1.3,0.4,0.7,0
61,26,1,5,0.4,0.4,0.3,1.6,0.6,0.3,0.4,0.4,0.4,0.1,0.1
71,48,1,2,0.1,0.2,0.1,0.2,0.6,0,0.3,0.3,0.1,0.1,0
100,48,1,1,0,0.1,0.1,0.2,0.2,0,0.1,0.2,0,0.1,0
101,48,0,33,1,2,0,8,2,0,5,9,2,4,0
113,5,0,31,3,2,1,7,8,1,1,2,3,3,0
95,78,1,1,0,0.1,0.1,0.2,0.2,0,0.1,0.1,0.1,0.1,0
96,78,1,11,0.2,1,0.7,2.2,2.2,0.5,1.5,0.7,0.5,1.5,0
98,78,0,29,1,5,3,2,8,1,1,3,3,2,0
66,55,1,4,0.4,0,0.2,0.9,0.6,0.2,0.4,1,0.1,0.2,0
68,55,1,2,0.2,0,0.1,0.5,0.3,0.1,0.2,0.5,0,0.1,0
63,69,1,3,0.2,0.2,0.3,0.7,0.7,0.1,0.4,0.2,0.1,0.1,0
105,90,1,7,0.3,0.8,0.7,0.9,1.7,0,1,0.9,0.2,0.4,0.1
88,90,1,3,0.2,0.2,0.1,0.6,0.5,0,0.7,0.3,0.1,0.3,0
76,3,1,2,0.1,0.2,0.1,0.4,0.4,0.1,0.3,0.2,0.1,0.1,0
100,51,0,29,3,0,2,9,7,0,3,1,4,0,0
60,26,1,10,0.8,0.8,0.7,3.3,1.2,0.7,0.7,0.8,0.8,0.1,0.1
76,102,1,5,0.3,0.5,0.2,0.8,0.9,0.1,0.7,1,0.3,0.2,0
83,102,1,7,0,0.6,0.8,0.6,1,0,1.1,2.1,0,0.8,0
96,77,0,44,0,5,3,4,13,3,4,6,3,2,1
65,4,1,2,0,0.2,0.1,0.2,0.5,0,0.1,0.5,0.1,0.2,0.1
74,41,1,18,0.7,1.6,0.4,4.7,3.7,0.7,1.5,1.8,1.8,0.7,0.4
75,41,1,10,0.4,0.4,0,1.1,2.1,0,2.1,2.5,0,1.4,0
93,51,0,37,1,5,0,4,6,1,5,10,4,1,0
94,51,1,6,0,0.4,0.2,0.7,1.7,0,1.7,0.6,0,0.7,0
95,51,1,1,0.1,0,0.1,0.1,0.2,0,0.1,0.2,0.1,0.1,0
96,12,1,9,0.9,0.6,0.1,2.2,1,0.4,1.4,0.8,0.6,1,0
66,48,0,83,1,7,4,6,14,1,18,10,4,17,1
87,48,1,4,0.5,0.5,0.2,0.8,0.8,0.1,0.3,0.4,0.2,0.1,0.1
92,55,1,7,0,0.4,0.2,0.9,2,0,2,0.6,0,0.9,0
93,55,0,46,1,2,3,9,7,1,10,6,4,1,2
110,4,0,34.5,5,3,1,7,7,3.5,2,2,2,2,0
98,16,1,5,0,0.5,0.2,0.8,1.1,0.1,0.8,0.9,0.2,0.3,0.1
89,82,1,1,0,0.1,0.1,0.1,0.2,0,0.1,0.2,0.1,0.1,0
90,82,1,1,0.1,0,0.2,0.1,0.2,0,0.2,0.1,0.1,0,0
96,51,0,57,2,5,3,12,14,1,5,7,5,3,0
97,51,0,105,19,12.5,11,26,12,7,2,4,11.5,0,0
72,30,1,4,0.3,0.3,0.2,0.8,0.7,0.1,0.4,0.5,0.4,0.2,0.1
89,55,1,2,0.1,0.1,0,0.5,0.4,0.2,0.2,0.2,0.2,0,0.1
109,4,1,1,0.1,0,0.1,0.2,0.2,0,0.1,0.2,0.1,0,0
88,9,1,7,0.3,1.2,0.3,1.4,1.2,0.3,0.5,0.8,0.6,0.3,0.1
65,43,1,20,1.2,2.8,1.2,1.2,4.4,0,3.6,2.8,0.4,2,0.4
66,43,1,7,0.4,1,0.4,0.4,1.6,0,1.3,1,0.1,0.7,0.1
68,43,0,41,5,6.5,5,10,7,2,3,0,2.5,0,0
94,53,1,11,0,0.7,0.3,1.4,3.1,0,3.1,1,0,1.4,0
104,43,0,29,0,2,0,3,8,0,5,6,3,2,0
63,37,1,4,0,0.6,0.2,0.5,0.9,0.1,0.8,0.5,0.2,0.2,0
123,37,1,9,0.5,1,0.6,1.3,2.3,0.4,0.5,1.3,0.7,0.3,0.1
57,21,1,6,0.3,0.6,0.5,0.5,2.4,0,0.8,0,0.6,0,0.3
112,2,0,45,6,1,5,10,9,1,5,2,4,2,0
120,50,1,7,0.4,0.8,0.5,1,1.8,0.3,0.4,1,0.5,0.2,0.1
81,105,0,35,0,5,2,2,7,2,5,4,6,2,0
69,47,1,7,0.3,0.4,0.9,1.1,1.2,0.2,0.7,1.1,0.2,0.7,0.2
70,47,1,11,0.3,1.1,0.7,1.3,3.3,0.1,1.6,1.3,0.6,0.7,0
59,77,1,2,0,0.2,0.1,0.1,0.4,0,0.4,0.4,0,0.4,0
95,77,0,28.5,1,0,1,8,2,2.5,4,2,2,6,0
81,8,1,2,0.1,0.3,0.1,0.4,0.4,0.1,0.1,0.2,0.2,0.1,0
88,8,1,1,0,0.2,0,0.2,0.2,0,0.1,0.1,0.1,0.1,0
87,88,1,4,0.2,0.2,0.2,0.8,0.7,0.1,0.9,0.5,0.1,0.3,0
67,74,1,2,0.2,0.1,0.2,0.4,0.5,0.1,0.2,0.2,0,0.1,0
74,48,1,20,0.5,1.9,1.4,2.4,6,0.2,2.9,2.4,1,1.3,0
112,5,1,28,1.8,2,0.9,6.8,4.6,0.7,5.9,2,1.3,1.8,0.2
89,9,1,26,0.9,4.5,1.1,5.2,4.5,1.1,1.9,3,2.3,1.1,0.4
96,16,1,2,0,0.2,0.1,0.3,0.4,0,0.4,0.4,0.1,0.1,0
97,16,1,14,0.2,1.3,0.5,2.2,3,0.2,2.4,2.5,0.7,0.8,0.2
74,30,1,21,1.7,1.7,0.9,4,3.6,0.3,2.2,2.8,2.2,1.1,0.5
63,49,0,35,0,8,2,0,12,0,6,6,0,1,0
64,49,1,7,0.1,0.7,0.4,0.6,1.9,0.2,1.1,0.7,0.9,0.2,0.2
58,26,1,6,0.1,0.6,0.5,0.9,1.2,0,1.1,0.7,0.5,0.4,0
119,46,1,1,0,0.1,0.1,0.1,0.3,0,0.3,0,0.1,0,0
73,76,1,17,1,2.4,0.7,3.4,2,1.7,2.4,1.7,1.4,0.3,0
83,37,1,5,0.5,0.2,0.4,1.3,0.6,0.4,0.7,0.5,0.1,0.2,0.1
84,37,1,5,0.5,0.2,0.4,1.3,0.6,0.4,0.7,0.5,0.1,0.2,0.1
106,37,1,2,0.2,0.1,0.1,0.2,0.3,0,0.3,0.4,0.2,0.1,0.1
109,37,1,11,0.9,0.6,0.3,1.2,1.5,0,1.9,2.2,1.2,0.6,0.6
120,37,1,15,0.8,1.6,1,2.3,3.9,0.6,0.9,2.2,1.1,0.5,0.1
65,14,1,13,0.7,1.6,0.6,1.8,3.6,0.2,0.5,1.9,0.7,1.2,0.2
111,2,1,29,1.8,2,0.9,7.1,4.8,0.7,6.2,2.1,1.4,1.8,0.2
71,7,1,9,0.2,0.2,1,1.4,2.1,0.5,2.1,0.3,0.2,0.5,0.5
66,80,1,4,0.1,0.8,0.1,0.4,0.9,0,0.7,0.3,0.4,0.1,0.2
80,80,1,7,0.3,0.6,0.4,0.9,1.4,0.2,1.1,1.1,0.5,0.5,0
92,80,1,1,0.1,0,0.2,0.1,0.2,0,0.2,0.1,0.1,0,0
65,49,1,4,0.2,0.2,0.5,0.6,0.8,0.1,0.4,0.6,0.1,0.4,0.1
74,49,1,26,0.6,2.5,1.8,3.1,7.8,0.2,3.8,3.1,1.4,1.7,0
80,105,1,7,0,0.6,0.8,0.6,1,0,1.1,2.1,0,0.8,0
59,47,1,2,0.1,0.2,0.1,0.4,0.4,0,0.2,0.3,0.2,0.1,0
66,47,0,59,4,12,2,11,8,4,4,4,5,4,1
88,47,1,5,0.6,0.6,0.2,0.9,1.1,0.1,0.4,0.5,0.3,0.2,0.1
101,47,1,7,0.1,0.6,0.6,1.1,1.5,0.1,0.9,1.4,0.3,0.4,0
102,47,0,39,0,3.5,3,4,9,0.5,10,4,0,5,0
57,18,1,1,0,0.1,0.1,0.1,0.3,0,0.2,0.2,0,0,0
59,18,1,5,0.2,0.7,0.6,0.3,1.3,0.2,0.9,0.8,0,0,0
75,18,1,1,0.1,0.1,0,0.3,0.3,0,0,0.1,0,0.1,0
76,18,1,12,0.9,1.3,0.3,3.1,3.1,0.6,0.6,0.9,0.6,0.6,0
98,18,1,2,0,0.2,0.1,0.3,0.4,0,0.4,0.4,0.1,0.1,0
79,84,1,3,0.1,0.2,0,0.8,0.4,0.1,0.2,0.7,0.1,0.2,0.2
92,77,1,3,0.2,0,0.6,0.4,0.5,0.1,0.6,0.4,0.1,0.1,0
94,77,0,32,4,0,0,13,4,1,0,5,2,3,0
112,4,1,19,1.2,1.3,0.6,4.6,3.1,0.5,4,1.4,0.9,1.2,0.2
72,9,1,3,0.1,0.1,0.3,0.5,0.7,0.1,0.7,0.1,0.1,0.1,0.2
125,9,1,1,0,0.1,0.1,0.1,0.3,0,0.1,0.1,0,0.1,0.1
61,38,1,2,0,0.3,0.1,0.3,0.4,0.1,0.4,0.2,0.1,0.1,0
104,38,1,15,0.3,2.4,1.6,1.6,5.4,0.3,0.9,1.3,0.3,0.9,0
105,38,0,51.5,3,6.5,6,8,10,1,6,6,3,2,0
88,88,0,26.5,3,2.5,1,3,7,0,4,4,1,1,0
89,88,1,5,0.3,0.3,0.2,1.1,0.8,0.1,1.1,0.6,0.1,0.4,0
66,14,0,39.5,1,3,1,13,5,2,1,3,4.5,3,3
87,12,1,7,0.3,0.7,0.7,1,1.6,0.1,0.8,0.9,0.1,0.6,0.2
61,48,1,1,0,0.1,0.1,0.1,0.3,0,0.2,0.1,0.1,0,0
63,48,1,5,0.1,0.5,0.3,0.4,1.4,0.1,0.8,0.5,0.7,0.1,0.1
82,85,1,2,0.1,0.2,0.1,0.2,0.4,0,0.3,0.3,0.2,0.2,0
55,45,1,6,0.1,0.4,0.2,1.3,1.2,0.2,0.8,0.7,0.6,0.1,0.4
90,9,1,5,0.5,0.3,0.1,1.2,0.6,0.2,0.8,0.4,0.3,0.6,0
58,76,1,3,0.1,0.3,0.2,0.2,0.5,0,0.5,0.5,0.1,0.5,0.1
67,76,1,8,0.1,1.5,0.3,0.8,1.8,0,1.4,0.6,0.8,0.3,0.4
83,36,1,2,0.2,0.1,0.2,0.5,0.2,0.2,0.3,0.2,0,0.1,0
96,13,1,14,1.4,0.9,0.2,3.5,1.5,0.7,2.2,1.2,0.9,1.5,0
66,72,1,20,1.5,1.4,1.9,4.4,4.8,0.6,2.5,1.6,0.5,0.6,0.2
71,30,1,1,0.1,0.1,0,0.2,0.2,0,0.1,0.1,0.1,0.1,0
115,27,1,5,0.4,0.4,0.2,0.9,1.3,0.3,0.5,0.5,0.3,0.1,0.1
77,102,1,2,0.1,0.2,0.1,0.3,0.4,0,0.3,0.4,0.1,0.1,0
75,77,1,7,0.2,0.6,0.6,1.1,1.3,0,1.3,1.1,0.8,0,0
74,77,1,22,1.3,3.1,0.9,4.4,2.6,2.2,3.1,2.2,1.8,0.4,0
59,76,1,6,0.1,0.6,0.3,0.4,1.1,0,1.1,1.1,0.1,1.1,0.1
54,44,1,7,0.2,0.4,0.3,1.6,1.4,0.2,0.9,0.9,0.6,0.1,0.4
88,43,1,4,0.1,0.5,0.4,0.8,0.6,0.2,0.4,0.3,0.4,0.3,0
89,90,1,15,0.8,0.9,0.6,3.2,2.5,0.2,3.4,1.7,0.4,1.3,0
104,90,1,17,0.3,2.3,0.9,2,4,0.1,2.3,3.4,0.8,0.9,0
80,106,1,20,0.4,1.3,1,3.7,3.5,0.4,2.9,4.3,1.3,0.8,0.4
78,105,1,2,0.1,0.2,0.1,0.3,0.4,0,0.3,0.4,0.1,0.1,0
60,47,1,6,0.1,0.6,0.3,0.5,1.6,0.2,0.9,0.6,0.8,0.2,0.2
61,47,1,7,0.1,0.7,0.4,0.6,1.9,0.2,1.1,0.7,0.9,0.2,0.2
62,47,1,6,0.1,0.6,0.3,0.5,1.6,0.2,0.9,0.6,0.8,0.2,0.2
63,47,1,26,0.4,2.5,1.5,2.4,7.2,0.7,4,2.5,3.4,0.7,0.7
67,47,0,38,2,1,1,6,8,1,4,9,0,6,0
68,47,1,2,0.1,0.1,0.3,0.3,0.4,0,0.2,0.3,0,0.2,0.1
111,4,1,15,0.9,1.1,0.5,3.7,2.5,0.3,3.2,1.1,0.7,0.9,0.1
73,9,1,1,0,0,0.1,0.2,0.2,0.1,0.2,0,0,0.1,0.1
102,43,0,48,5,4,3,11,10,1,3,7,4,0,0
103,43,0,153,4,23,7,20,38,4,9,20,10,11,7
86,67,1,5,0.2,0.4,0.2,1.2,0.5,0.2,0.6,0.9,0.6,0.2,0
101,67,1,2,0,0.1,0.1,0.3,0.2,0,0.7,0.4,0.1,0.1,0
81,106,0,27,2,1,2,6,4,1,3,4,2,2,0
59,26,1,1,0,0.1,0.1,0.1,0.2,0,0.2,0.1,0.1,0.1,0
76,12,1,12,0.8,1.5,1,2.4,2.3,0.4,1.1,0.6,1.1,0.6,0.2
87,85,1,3,0.1,0.2,0.2,0.4,0.6,0.1,0.5,0.5,0.2,0.2,0
106,85,1,1,0,0,0.1,0.2,0.1,0,0.2,0.2,0,0.2,0
84,68,1,2,0.1,0.1,0.1,0.4,0.5,0,0.2,0.3,0.2,0.1,0
96,96,1,11.5,1.7,0.4,0,3.8,0.4,0.4,2.5,0.8,0.6,0.9,0
74,43,0,33,4,1,2,9,5,1,2,3,6,0,0
112,43,1,1,0,0.1,0.1,0.1,0.3,0,0.3,0,0.1,0,0
123,13,1,5,0,0.7,0.5,0.8,1.3,0.1,0.5,0.6,0.2,0.3,0
106,20,1,4,0.3,0,0.3,1,0.3,0.2,0.7,0.7,0.2,0.3,0
122,20,1,4,0.2,0.5,0.1,0.6,1,0.1,0.3,0.5,0.2,0.1,0.4
67,72,1,15,1.2,1,1.5,3.3,3.6,0.4,1.9,1.2,0.4,0.4,0.1
81,86,1,3,0.2,0.2,0.1,0.6,0.5,0,0.7,0.3,0.1,0.3,0
67,56,1,5,0.1,0.7,0.5,0.4,1.6,0.1,0.3,0.6,0.3,0.2,0.2
97,56,1,11,0.6,0.9,0.8,2,2.7,0.1,0.7,1.4,1,0.5,0.3
78,84,1,8,0.2,0.6,0,2.1,1,0.4,0.6,1.9,0.2,0.6,0.4
93,77,1,13,1,0,2.5,1.8,2.1,0.3,2.5,1.8,0.7,0.3,0
73,77,1,6,0.4,0.8,0.2,1.2,0.7,0.6,0.9,0.6,0.5,0.1,0
69,43,1,2,0.1,0.3,0.1,0.1,0.5,0,0.4,0.3,0,0.2,0
62,3,1,1,0.1,0.1,0,0.2,0.2,0,0.2,0.2,0,0,0
63,3,1,6,0.4,0.4,0,1.3,1.3,0.2,1,1,0.2,0.2,0
64,3,1,6,0.4,0.4,0,1.3,1.3,0.2,1,1,0.2,0.2,0
67,3,1,1,0,0.1,0.1,0.1,0.2,0,0.1,0.2,0.1,0.1,0
104,21,1,1,0.1,0.1,0.1,0.1,0.2,0,0.2,0.1,0.1,0,0
67,14,1,2,0.1,0.3,0.1,0.3,0.5,0,0.1,0.3,0.1,0.2,0
77,14,1,11,0.7,1.3,0.9,2.2,2.1,0.4,1,0.6,1,0.6,0.2
75,50,1,22,0.5,1.4,1.8,2.7,4.1,0.5,4.6,2.7,0.5,2.7,0.5
113,27,1,4,0.1,0.6,0.5,0.7,1,0.2,0.2,0.2,0.3,0.2,0
79,105,1,19,1.2,1.7,0.6,2.9,3.5,0.6,2.6,3.8,1.2,0.9,0
101,68,1,22,0,0.9,0.9,3.3,2.4,0,7.5,4.7,0.9,1.4,0
58,9,1,6,0,0.5,0.4,0.7,1.3,0.3,1,1.3,0.1,0.4,0
108,38,0,32,3,5,0,7,5,1,2,6,1,2,0
86,12,0,35,2,3,1,8,9,1,3,3,4,1,0
57,19,1,2,0.1,0.3,0.2,0.1,0.5,0.1,0.4,0.3,0,0,0
110,5,1,4,0.2,0.3,0.1,1,0.7,0.1,0.8,0.3,0.2,0.3,0
66,5,1,5,0.1,0.5,0.3,0.5,1.2,0,0.2,1.2,0.3,0.6,0.1
77,85,1,4,0.1,0.3,0,1.1,0.5,0.2,0.3,0.9,0.1,0.3,0.2
77,84,1,5,0.1,0.4,0,1.3,0.6,0.3,0.4,1.1,0.1,0.4,0.3
103,68,1,3,0,0.1,0.1,0.5,0.3,0,1,0.7,0.1,0.2,0
102,68,1,10,0,0.4,0.4,1.5,1.1,0,3.4,2.1,0.4,0.7,0
92,2,1,9,0.3,0.9,1.1,0.5,2.5,0,1.1,0.5,0.5,1.6,0
85,13,1,8,0.3,0.8,0.8,1.2,1.8,0.1,0.9,1.1,0.1,0.7,0.2
86,13,1,7,0.3,0.7,0.7,1,1.6,0.1,0.8,0.9,0.1,0.6,0.2
97,13,1,16,1.6,1,0.2,3.9,1.8,0.8,2.5,1.4,1,1.8,0
120,13,1,8,0,1.1,0.9,1.3,2.1,0.2,0.7,0.9,0.3,0.5,0
122,13,1,8,0,1.1,0.9,1.3,2.1,0.2,0.7,0.9,0.3,0.5,0
61,30,1,9,0.7,0.8,0.6,2.9,1.1,0.6,0.6,0.8,0.7,0.1,0.1
61,27,1,11,0.9,0.9,0.7,3.6,1.3,0.7,0.7,0.9,0.9,0.2,0.2
72,86,1,3,0,0.6,0.1,0.3,0.7,0,0.5,0.2,0.3,0.1,0.2
71,27,1,10,0.8,0.8,0.5,1.9,1.7,0.2,1.1,1.3,1,0.5,0.2
72,27,1,1,0.1,0.1,0,0.2,0.2,0,0.1,0.1,0.1,0.1,0
73,27,1,28,2.3,2.3,1.2,5.4,4.8,0.4,2.9,3.7,2.9,1.5,0.6
74,27,1,4,0.3,0.3,0.2,0.8,0.7,0.1,0.4,0.5,0.4,0.2,0.1
87,27,1,3,0.2,0.2,0.4,0.7,0.6,0.1,0.2,0.2,0.2,0.1,0.1
106,86,0,30,1,3,3,3,6,2,4,3,2,2,1
93,56,1,3,0.4,0.5,0.2,0.7,0.6,0,0.2,0.2,0,0.2,0
88,10,1,15,0.5,2.6,0.7,3,2.6,0.6,1.1,1.7,1.3,0.7,0.2
81,68,1,4,0.2,0.2,0.2,0.7,1.1,0.1,0.3,0.6,0.4,0.2,0
73,90,1,7,0.1,1.3,0.3,0.7,1.6,0,1.2,0.5,0.6,0.3,0.4
106,38,0,53.5,0,7.5,4,6,9,1,11,12,0,3,0
78,14,1,1,0.1,0.1,0.1,0.2,0.2,0,0.1,0,0.1,0.1,0
74,50,0,32,0,4,1,4,9,2,6,5,0,1,0
118,47,1,3,0,0.1,0.3,0.3,0.9,0,0.9,0.1,0.2,0.1,0.1
119,47,1,2,0,0.1,0.2,0.2,0.6,0,0.6,0,0.1,0.1,0.1
58,18,1,11,0.4,1.6,1.3,0.7,2.7,0.5,2,1.8,0,0,0
73,84,1,4,0.1,0.3,0.3,0.6,0.8,0,0.8,0.7,0.4,0,0
57,9,1,1,0,0.1,0.1,0.1,0.2,0,0.2,0.2,0,0.1,0
107,41,1,11,0.3,1.6,0.5,1.5,2.1,0.3,2.3,1.1,0.6,0.5,0.2
108,41,1,6,0.2,0.9,0.3,0.8,1.1,0.2,1.2,0.6,0.3,0.3,0.1
109,41,0,35.5,2,5.5,1,5,8,0,4,5,1,2,2
126,67,1,4,0.1,0.5,0,0.5,0.8,0.2,1.1,0.6,0.1,0,0.1
127,67,1,5.5,0.2,0.6,0,0.6,1.1,0.3,1.5,0.8,0.2,0,0.2
79,106,1,11,0.7,0.9,1.1,2.4,2.2,0.1,2.1,0.5,0.7,0.2,0.1
58,19,1,12,0.5,1.7,1.5,0.7,2.9,0.5,2.2,2,0,0,0
59,19,1,2,0.1,0.3,0.2,0.1,0.5,0.1,0.4,0.3,0,0,0
75,19,1,7,0.5,0.7,0.2,1.8,1.8,0.3,0.4,0.5,0.4,0.4,0
78,85,1,10,0.2,0.8,0,2.6,1.3,0.5,0.8,2.3,0.2,0.8,0.5
109,5,1,12,1.1,0.5,0.6,2.6,2.6,0.2,1.2,2,0.8,0.2,0.2
65,5,1,25,0.6,2.3,1.8,2.3,5.8,0,1.2,5.8,1.7,2.9,0.6
71,5,1,10,0.3,0.8,0.5,0.8,2.8,0.3,1.4,1.7,0.5,0.6,0.3
97,78,0,39,4,4,0,8,9,3,1,4,3,2,1
127,10,1,9,0.3,1.1,0.8,0.8,2.6,0.3,1.3,0.8,0,0.5,0.5
62,45,0,61.5,0,18.5,4,12,12,2,4,0,9,0,0
67,90,1,4,0.3,0.3,0.4,1.2,0.8,0.3,0.1,0.4,0.2,0,0
72,75,1,10,0.3,1,0,1.3,2.7,0,0.7,1.3,1.7,0.7,0.3
123,36,1,4,0.2,0.4,0.3,0.6,1,0.2,0.3,0.6,0.3,0.1,0
106,39,0,42,0,3,3,6,8,2,5,9,4,1,1
121,39,1,22,1.2,2.4,1.5,3.3,5.7,0.9,1.3,3.1,1.6,0.8,0.2
121,13,0,32,2,5,0,5,6,2,5,5,1,1,0
52,20,1,4,0.1,0.5,0.1,0.3,0.9,0.2,0.4,1.2,0.2,0.1,0
57,20,0,36.5,1,3.5,5,8,6,2,6,0,2,1,2
105,20,1,9,0.7,0,0.7,2.2,0.8,0.4,1.5,1.5,0.4,0.8,0
70,27,0,32,6,1,0,11,6,3,3,1,1,0,0
87,86,1,4,0.2,0.2,0.2,0.8,0.7,0.1,0.9,0.5,0.1,0.3,0
88,86,1,7,0.4,0.4,0.3,1.5,1.2,0.1,1.5,0.8,0.2,0.6,0
114,27,1,5,0.1,0.7,0.6,0.8,1.2,0.3,0.3,0.3,0.4,0.3,0
119,27,1,24,1.7,1.7,1,4.4,6.4,1.3,2.4,2.4,1.3,0.7,0.7
120,27,1,4.5,0.3,0.2,0.2,0.9,1.2,0.4,0.3,0.4,0.3,0.2,0.1
106,19,1,1,0.1,0,0.1,0.2,0.1,0,0.2,0.2,0,0.1,0
78,56,1,10,0.9,0.7,0.7,2.4,2.5,0.4,0.2,0.9,0.4,0.9,0
89,56,1,2,0,0.1,0.2,0.4,0.4,0.1,0.3,0.3,0.1,0.1,0
67,10,1,10,0,0.6,0.8,1.9,1.4,0.2,0.8,2.5,1,0.6,0.2
68,10,1,1,0,0.1,0.1,0.2,0.1,0,0.1,0.2,0.1,0.1,0
89,10,1,18.5,0.7,3.2,0.8,3.7,3.2,0.8,1.3,2.1,1.6,0.8,0.3
124,10,1,4,0.1,0.5,0.3,0.4,1.2,0.1,0.6,0.4,0,0.2,0.2
126,10,1,8,0.2,0.9,0.7,0.7,2.4,0.2,1.2,0.7,0,0.5,0.5
95,96,1,6,0.9,0.2,0,2,0.2,0.2,1.3,0.4,0.3,0.5,0
68,90,1,4,0.3,0.3,0.4,1.2,0.8,0.3,0.1,0.4,0.2,0,0
74,90,1,7,0.1,1.3,0.3,0.7,1.6,0,1.2,0.5,0.6,0.3,0.4
79,90,1,1,0,0.2,0,0.1,0.2,0,0.2,0.1,0.1,0,0.1
94,34,1,4,0.2,0.2,0.2,0.5,0.4,0,0.9,1.1,0,0.5,0
95,34,1,2,0.1,0.1,0.1,0.3,0.2,0,0.5,0.5,0,0.2,0
74,28,1,2,0.2,0.2,0.1,0.4,0.3,0,0.2,0.3,0.2,0.1,0
67,11,1,2,0.1,0.3,0.1,0.3,0.5,0,0.1,0.3,0.1,0.2,0
70,11,1,2,0,0.1,0.2,0.3,0.5,0.1,0.5,0.1,0,0.1,0.1
71,11,1,1,0,0,0.1,0.2,0.2,0.1,0.2,0,0,0.1,0.1
73,11,1,1,0,0,0.1,0.2,0.2,0.1,0.2,0,0,0.1,0.1
74,11,1,3,0.1,0.1,0.3,0.5,0.7,0.1,0.7,0.1,0.1,0.1,0.2
62,44,1,17,0,2.6,1,2.3,3.9,0.6,3.5,1.9,0.6,0.6,0
84,38,1,6,0.6,0.2,0.5,1.5,0.8,0.5,0.8,0.6,0.1,0.3,0.1
54,22,1,1,0,0.1,0,0.1,0.2,0.1,0.1,0.3,0.1,0,0
56,22,1,3,0.2,0.3,0.2,0.2,1.2,0,0.4,0,0.3,0,0.2
57,22,1,13,0.7,1.4,1,1,5.1,0,1.7,0,1.4,0,0.7
58,22,1,5,0.3,0.5,0.4,0.4,2,0,0.6,0,0.5,0,0.3
104,22,1,4,0.2,0.3,0.3,0.6,0.6,0.1,0.7,0.6,0.4,0,0.2
64,50,1,3,0,0.3,0.2,0.3,0.8,0.1,0.4,0.3,0.4,0.1,0.1
73,1,1,5,0.1,0.4,0.3,0.4,1.4,0.1,0.7,0.8,0.3,0.3,0.2
74,1,1,10,0.3,0.8,0.5,0.8,2.8,0.3,1.4,1.7,0.5,0.6,0.3
112,1,1,12,0.8,0.8,0.4,2.9,2,0.3,2.5,0.8,0.6,0.8,0.1
60,27,1,1,0.1,0.1,0.1,0.3,0.1,0,0.1,0.1,0.1,0,0
96,94,1,19,0.9,1.6,1.2,2.3,3.8,0.5,2.9,2.9,1.4,1.5,0
120,29,1,26,1.9,1.2,0.9,5.2,7,2.3,1.9,2.3,1.9,0.9,0.5
85,68,1,1,0,0.1,0.1,0.2,0.1,0,0.1,0.2,0.1,0.1,0
99,68,1,5,0.6,0.5,0.3,1.1,0.8,0.5,0.1,0.8,0.2,0,0.1
120,43,1,6,0.3,0.7,0.4,0.9,1.6,0.2,0.4,0.9,0.4,0.2,0
83,101,1,5,0,0.4,0.6,0.4,0.7,0,0.8,1.5,0,0.6,0
89,38,1,5,0.5,0.2,0.4,1.3,0.6,0.4,0.7,0.5,0.1,0.2,0.1
58,75,1,4,0.3,0.2,0.2,1.6,0.5,0.2,0.1,0.4,0.5,0,0
103,89,1,19,0.3,2.5,1,2.2,4.5,0.2,2.5,3.8,1,1,0
58,39,1,1,0,0.1,0.1,0.2,0.2,0,0.1,0.1,0.1,0,0.1
91,39,1,3,0.2,0.1,0.2,0.5,0.4,0.1,0.5,0.5,0.4,0.1,0
92,39,1,6,0.5,0.3,0.3,1.1,0.8,0.2,0.9,0.9,0.8,0.2,0
104,39,0,36,2,2,0,10,5,3,9,1,3,1,0
69,74,1,5,0.4,0.3,0.5,1.1,1.2,0.1,0.6,0.4,0.1,0.2,0.1
78,2,1,1,0,0.1,0.1,0.2,0.2,0,0.2,0.1,0.1,0,0
62,50,1,2,0,0.2,0.1,0.2,0.5,0,0.3,0.2,0.3,0.1,0.1
63,50,0,26,1,0,3,3,5,0,7,6,0,0,1
58,20,1,13,0.5,1.9,1.6,0.8,3.2,0.5,2.4,2.1,0,0,0
103,20,1,3,0.2,0.2,0.2,0.5,0.5,0.1,0.5,0.4,0.3,0,0.1
72,28,0,33.5,1,4.5,2,5,8,1,6,4,0,2,0
96,32,1,10,0.6,0.5,0.5,1.3,1,0,2.3,2.6,0.1,1.1,0
73,28,0,33,2,6,4,3,12,0,1,3,2,0,0
105,19,1,7,0.6,0,0.6,1.7,0.6,0.3,1.1,1.2,0.3,0.6,0
79,56,1,22,2,1.6,1.6,5.2,5.6,0.8,0.4,2,0.8,2,0
71,10,1,4,0.1,0.1,0.4,0.6,1,0.2,1,0.1,0.1,0.2,0.2
54,23,1,4,0.1,0.5,0.1,0.3,0.9,0.2,0.4,1.2,0.2,0.1,0
57,23,1,2,0.1,0.2,0.1,0.2,0.8,0,0.3,0,0.2,0,0.1
72,23,1,3,0.3,0.1,0.1,0.5,0.5,0,0.7,0.4,0.1,0.3,0
96,23,1,14.5,0.7,3,1.1,1.7,4.1,0.7,0.9,1.4,0.9,0,0
63,44,1,23,0,3.5,1.3,3,5.2,0.8,4.8,2.6,0.9,0.9,0
68,89,1,9,0.7,0.6,0.8,2.7,1.7,0.7,0.3,0.9,0.6,0,0
106,41,1,25,0.7,3.7,1.1,3.3,4.8,0.7,5.1,2.6,1.5,1.1,0.4
68,74,1,2,0.2,0.1,0.2,0.4,0.5,0.1,0.2,0.2,0,0.1,0
66,7,1,8,0,0.5,0.6,1.6,1.1,0.1,0.6,2,0.8,0.5,0.2
72,7,1,4,0.1,0.1,0.4,0.6,1,0.2,1,0.1,0.1,0.2,0.2
83,32,1,9,0.9,0.3,0.3,1.9,2.2,0.6,0.3,1,0.7,0.5,0.3
87,32,1,3,0.2,0.2,0.4,0.7,0.6,0.1,0.2,0.2,0.2,0.1,0.1
119,28,1,6,0.4,0.4,0.3,1.1,1.6,0.3,0.6,0.6,0.3,0.2,0.2
104,19,1,21,1.3,1.3,1.6,3.3,3.3,0.7,3.6,2.9,2,0,1
75,25,1,5,0.4,0.5,0.1,1.3,1.3,0.2,0.3,0.4,0.2,0.3,0
86,25,1,7,0.6,0.6,0.9,1.6,1.4,0.3,0.6,0.4,0.4,0.1,0.1
95,25,1,13,0.7,2.7,0.9,1.5,3.7,0.7,0.8,1.2,0.8,0,0
96,25,1,4,0.2,0.8,0.3,0.5,1.1,0.2,0.3,0.4,0.2,0,0
106,18,1,3,0.2,0,0.2,0.8,0.3,0.1,0.5,0.5,0.1,0.3,0
102,93,1,6,0.4,0,0.6,0.6,1.2,0.2,1.2,0.4,1.2,0.2,0
98,56,1,12.5,0.6,1,0.9,2.3,3.1,0.1,0.8,1.6,1.2,0.5,0.4
69,23,1,8,0.4,1.7,0.3,1.4,2,0,0.8,0.8,0.3,0.3,0
95,23,1,8,0.4,1.6,0.6,0.9,2.3,0.4,0.5,0.8,0.5,0,0
98,92,1,3,0.1,0.2,0.2,0.4,0.6,0.1,0.5,0.5,0.2,0.2,0
74,44,1,10,0.4,0.9,0.2,2.7,2,0.4,0.8,1,1,0.4,0.2
68,44,0,63,2,9,4,7,11,1,8,8,3,10,0
100,44,1,1,0,0.1,0.1,0.2,0.1,0,0.2,0.2,0.1,0,0
103,41,0,91,3,6,6,21,19,5.5,14,8,5.5,1,2
95,22,1,12,0.6,2.4,0.9,1.4,3.4,0.6,0.8,1.1,0.8,0,0
96,22,1,5,0.2,1,0.4,0.6,1.4,0.3,0.3,0.5,0.3,0,0
105,87,1,29,1.4,3.2,2.8,3.7,6.9,0,4.1,3.7,0.9,1.8,0.5
104,20,1,24,1.5,1.5,1.9,3.8,3.8,0.7,4.1,3.4,2.2,0,1.1
82,32,1,13,1.3,0.4,0.4,2.8,3.2,0.9,0.4,1.5,1.1,0.6,0.4
71,28,1,18,1.4,1.5,0.8,3.5,3,0.3,1.9,2.4,1.9,0.9,0.4
79,61,1,3,0.3,0.2,0.2,0.7,0.8,0.1,0,0.3,0.1,0.3,0
80,61,1,22,0.5,0.9,1.4,2.2,5.9,0.4,3.2,4.9,0.9,1.4,0.3
90,61,1,3,0.4,0.5,0.2,0.7,0.6,0,0.2,0.2,0,0.2,0
68,12,1,3,0.2,0.4,0.1,0.4,0.8,0,0.1,0.5,0.2,0.3,0
75,12,1,4,0.3,0.5,0.3,0.8,0.7,0.1,0.4,0.2,0.4,0.2,0.1
103,19,1,4,0.2,0.3,0.3,0.6,0.6,0.1,0.7,0.6,0.4,0,0.2
97,92,1,9,0.4,0.7,0.6,1.1,1.8,0.2,1.4,1.4,0.7,0.7,0
87,44,1,22.5,0.7,2.6,2,4.4,3.7,1.1,2.2,1.8,2.2,1.8,0
88,44,1,11,0.4,1.2,1,2.1,1.8,0.5,1.1,0.9,1.1,0.9,0
102,44,0,32,1,3,3,3,7,1,7,4,0,3,0
103,44,0,30,2,2.5,1.5,3,7,2,5,5,0,2,0
105,41,0,68,6,8,6,15,11,2,9,5,4,2,0
102,89,1,3,0,0.4,0.2,0.4,0.7,0,0.4,0.6,0.1,0.2,0
104,89,1,12.5,0.2,1.7,0.6,1.5,3,0.1,1.7,2.5,0.6,0.6,0
105,89,1,14,0.7,1.6,1.3,1.8,3.3,0,2,1.8,0.4,0.9,0.2
84,36,1,10,1,0.4,0.8,2.5,1.3,0.8,1.3,1.1,0.2,0.4,0.2
120,36,1,10,0.5,1.1,0.7,1.5,2.6,0.4,0.6,1.4,0.8,0.3,0.1
121,36,1,18,1,2,1.2,2.7,4.7,0.7,1.1,2.6,1.3,0.6,0.1
122,36,0,33,2,7,2,4,6,0,4,8,0,0,0
105,39,0,58,2,3,5,5,15,0,9,10,2,6,1
107,39,0,23,2,1,1,4,5,1,0,5,1,3,0
108,39,0,55,3,8,3,13,8,2,8,5,2,3,0
61,28,1,2,0.2,0.2,0.1,0.7,0.2,0.1,0.1,0.2,0.2,0,0
97,61,1,6,0.8,1,0.3,1.5,1.2,0,0.3,0.5,0,0.4,0
111,61,1,9,0.6,1.2,0.5,1.6,1.7,0.5,0.5,0.8,1.1,0.4,0.1
112,61,1,10,0.7,1.3,0.6,1.8,1.8,0.6,0.6,0.9,1.2,0.4,0.1
126,27,1,4,0.3,0.2,0.1,0.8,1.1,0.3,0.3,0.4,0.3,0.1,0.1
96,92,1,3,0.1,0.2,0.2,0.4,0.6,0.1,0.5,0.5,0.2,0.2,0
97,93,1,24,1.2,2,1.6,2.9,4.8,0.6,3.6,3.6,1.8,1.9,0
103,93,1,3,0.2,0,0.3,0.3,0.6,0.1,0.6,0.2,0.6,0.1,0
63,45,0,101.5,0.5,10,5,6,26,1,22,19,5,6,1
64,45,1,5,0,0.7,0.3,0.7,1.1,0.2,1,0.6,0.2,0.2,0
59,17,1,2,0.1,0.3,0.2,0.1,0.5,0.1,0.4,0.3,0,0,0
87,96,1,3,0.1,0.2,0.1,0.3,0.5,0.1,0.5,0.7,0.2,0.3,0
64,5,1,2,0.1,0.1,0,0.4,0.4,0.1,0.3,0.4,0.1,0.1,0
69,44,1,6,0.4,0.8,0.4,0.4,1.3,0,1.1,0.8,0.1,0.6,0.1
113,29,1,4,0.1,0.6,0.5,0.7,1,0.2,0.2,0.2,0.3,0.2,0
77,2,1,9,0.4,0.8,0.7,1.6,1.7,0.3,1.4,1.1,0.7,0.3,0
97,14,1,5,0.5,0.3,0.1,1.2,0.6,0.2,0.8,0.4,0.3,0.6,0
79,34,1,13,0,1,1,1.6,2.1,0,3.1,2.1,0.5,1.1,0.5
80,34,1,12,1.2,0.4,0.4,2.5,2.9,0.8,0.4,1.4,1,0.6,0.4
64,47,0,49,3,4,3,6,13,2,4,9,1,4,0
65,47,0,144.5,11,9.5,10,23,30,3,13,24,10,9,2
86,99,0,34,1,5,2,5,8,1,2,3,3,2,2
110,70,1,24,0.8,1.9,1.6,3.6,4.9,1.1,1.9,3.8,2.7,1.7,0
62,32,1,2,0.2,0.2,0.1,0.7,0.2,0.1,0.1,0.2,0.2,0,0
60,28,1,4,0.3,0.3,0.3,1.3,0.5,0.3,0.3,0.3,0.3,0,0.1
85,99,1,5,0.1,0.4,0.2,0.6,0.9,0.1,0.8,1.1,0.3,0.5,0
80,57,1,19.5,2,2.5,1.2,4.7,2.5,0.8,1.2,1.8,2.4,0.4,0
53,18,1,1,0,0.1,0,0.1,0.2,0.1,0.1,0.3,0.1,0,0
54,18,1,10,0.2,1.2,0.2,0.7,2.4,0.5,1,3.1,0.5,0.2,0
103,18,1,4,0.2,0.3,0.3,0.6,0.6,0.1,0.7,0.6,0.4,0,0.2
104,18,1,3,0.2,0.2,0.2,0.5,0.5,0.1,0.5,0.4,0.3,0,0.1
105,18,0,18,1,1,5,5,2,0,3,1,0,0,0
70,24,1,3,0.3,0.1,0.1,0.5,0.5,0,0.7,0.4,0.1,0.3,0
72,24,1,19,1.6,1,0.8,3,3,0,4.7,2.5,0.8,1.6,0
75,24,1,1,0.1,0.1,0,0.3,0.3,0,0,0.1,0,0.1,0
97,94,1,17,0.8,1.4,1.1,2.1,3.4,0.4,2.6,2.6,1.3,1.3,0
98,94,1,3,0.1,0.2,0.2,0.4,0.6,0.1,0.5,0.5,0.2,0.2,0
53,17,1,2,0,0.2,0.1,0.1,0.5,0.1,0.2,0.6,0.1,0.1,0
63,5,1,1,0.1,0.1,0,0.2,0.2,0,0.2,0.2,0,0,0
102,51,1,3,0,0.1,0.3,0.3,0.9,0,0.9,0.1,0.2,0.1,0.1
124,51,1,1,0.1,0.1,0.1,0.1,0.3,0,0.1,0.1,0.1,0,0
89,39,1,15,1.6,0.6,1.2,3.8,1.9,1.2,1.9,1.6,0.3,0.6,0.3
125,27,1,4,0.3,0.2,0.1,0.8,1.1,0.3,0.3,0.4,0.3,0.1,0.1
61,29,1,12,1,1,0.8,3.9,1.4,0.8,0.8,1,1,0.1,0.2
79,60,0,48,4,4,6,9,9,1,5,4,6,0,0
72,2,1,5,0.1,0.4,0.3,0.4,1.4,0.1,0.7,0.8,0.3,0.3,0.2
79,70,1,20,1.1,2.3,0,1.7,5.1,0.6,2.9,4.6,1.1,0.6,0
108,70,1,44,2.6,6,6,8.2,12,2.6,1.3,0.4,4.5,0.4,0
109,70,1,22,1.3,3,3,4.1,6,1.3,0.6,0.2,2.3,0.2,0
96,61,1,3,0.4,0.5,0.2,0.7,0.6,0,0.2,0.2,0,0.2,0
114,29,1,18,0.5,2.6,2.1,2.9,4.2,1.1,1.1,1.1,1.3,1.1,0
115,29,1,16,1.1,1.1,0.7,2.9,4.3,0.9,1.6,1.6,0.9,0.4,0.5
111,60,1,19,1.3,2.6,1.1,3.4,3.4,1.1,1.1,1.7,2.3,0.8,0.2
112,60,1,16,1.1,2.1,0.9,2.9,2.9,0.9,0.9,1.4,2,0.7,0.2
113,60,1,26,1.7,3.5,1.5,4.7,4.7,1.4,1.5,2.3,3.2,1.2,0.3
64,70,1,4,0.3,0.3,0.4,0.9,1,0.1,0.5,0.3,0.1,0.1,0
80,70,0,25,1,2,2,4,5,0,3,3,1,4,0
81,70,0,50,2,6,1,7,12,1,11,9,1,0,0
111,70,1,15,0.5,1.2,1,2.2,3.1,0.7,1.2,2.4,1.7,1,0
79,57,0,33,0,3,2,1,8,0,2,12,1,4,0
80,64,1,11,0.3,0.5,0.7,1.1,2.9,0.2,1.6,2.4,0.5,0.7,0.1
98,93,1,5,0.2,0.4,0.3,0.6,1,0.1,0.8,0.8,0.4,0.4,0
97,32,1,15,0.8,0.8,0.7,2,1.5,0,3.4,4,0.1,1.7,0
88,96,1,10,0.2,0.8,0.3,1.1,1.8,0.2,1.6,2.3,0.7,1,0
106,87,1,7,0.3,0.8,0.7,0.9,1.7,0,1,0.9,0.2,0.4,0.1
60,25,1,2,0,0.1,0.1,0.3,0.4,0.1,0.2,0.5,0.1,0.1,0.1
90,39,1,29,2.3,1.5,1.5,5.3,3.8,0.8,4.6,4.6,3.8,0.8,0
109,40,1,5,0.4,0.3,0.1,0.6,0.7,0,0.8,1,0.5,0.3,0.3
98,32,1,10,0.6,0.5,0.5,1.3,1,0,2.3,2.6,0.1,1.1,0
120,28,1,11,0.8,0.5,0.4,2.2,2.9,1,0.8,1,0.8,0.4,0.2
126,32,1,2,0.1,0.1,0.1,0.4,0.5,0.2,0.2,0.2,0.1,0.1,0
73,29,0,25,1,0,2,0,7,1,5,1,3,5,0
80,60,1,32.5,3.4,4.1,2,7.8,4.1,1.3,2,3,4.1,0.7,0
70,74,1,13,0.4,1.3,0,1.7,3.5,0,0.9,1.7,2.2,0.9,0.4
79,74,1,3,0.3,0.3,0.2,0.4,0.7,0,0.3,0.4,0.2,0.2,0
88,87,1,8,0.4,0.5,0.3,1.7,1.4,0.1,1.8,0.9,0.2,0.7,0
114,28,1,9,0.3,1.3,1.1,1.5,2.1,0.5,0.5,0.5,0.7,0.5,0
72,29,0,27,1,1,2,3,8,1,5,5,0,0,1
81,60,1,7,0.7,0.9,0.4,1.7,0.9,0.3,0.4,0.7,0.9,0.1,0
115,60,1,7,0.4,0.5,0.2,1.2,1.3,0.5,1.1,0.5,0.8,0.5,0
69,24,1,36,2.1,7.6,1.4,6.2,9,0,3.4,3.5,1.4,1.4,0
94,24,1,4,0.2,0.8,0.3,0.5,1.1,0.2,0.3,0.4,0.2,0,0
121,40,1,21,1.1,2.3,1.4,3.1,5.4,0.9,1.3,3,1.6,0.7,0.2
108,40,0,37,1,3,0,5,6,1,9,6,1,5,0
113,28,1,18,0.5,2.6,2.1,2.9,4.2,1.1,1.1,1.1,1.3,1.1,0
91,61,1,2,0.3,0.3,0.1,0.5,0.4,0,0.1,0.2,0,0.1,0
96,31,1,11,0.6,0.6,0.5,1.5,1.1,0,2.5,2.9,0.1,1.2,0
99,32,1,1,0.1,0.1,0,0.1,0.1,0,0.2,0.3,0,0.1,0
74,45,1,14.5,0.6,1.3,0.3,3.8,2.9,0.6,1.2,1.5,1.4,0.6,0.3
67,44,0,67.5,6,8.5,2,17,13,3,2,5,7,3,1
88,57,1,1,0,0.1,0.1,0.2,0.2,0,0.1,0.1,0.1,0.1,0
87,64,1,9,0,0.5,0.9,1.6,1.7,0.5,1.2,1.2,0.7,0.7,0
90,64,1,10,1.4,1.7,0.5,2.5,1.9,0,0.6,0.8,0,0.6,0
63,40,1,2,0,0.3,0.1,0.3,0.4,0.1,0.4,0.2,0.1,0.1,0
83,31,1,7,0.7,0.2,0.2,1.5,1.7,0.5,0.2,0.8,0.6,0.4,0.2
71,74,1,1,0,0.1,0,0.1,0.3,0,0.1,0.1,0.2,0.1,0
88,74,0,33,0,4.5,1,4,6,1,3,5,6.5,1,1
65,7,1,3,0,0.2,0.2,0.6,0.4,0,0.2,0.8,0.3,0.2,0.1
78,57,0,39.5,1,7.5,1,6,11,0,1,5,2,5,0
61,25,1,4,0,0.3,0.1,0.6,0.8,0.1,0.4,1,0.3,0.3,0.1
64,44,0,81,2,7,3,12,16,0,14,15,6,6,0
83,64,1,2,0.1,0.1,0.1,0.2,0.5,0,0.3,0.5,0.1,0.1,0
89,64,1,16,0,0.8,1.7,2.9,3,0.8,2.1,2.1,1.3,1.3,0
115,28,1,7,0.5,0.5,0.3,1.3,1.8,0.4,0.7,0.7,0.4,0.2,0.2
71,31,1,31,3,6.6,0.7,6.6,5.2,1.5,3,0.7,3.7,0,0
97,31,1,4,0.2,0.2,0.2,0.5,0.4,0,0.9,1.1,0,0.5,0
67,12,1,16,0.9,2,0.7,2.2,4.4,0.2,0.6,2.4,0.9,1.5,0.2
76,0,1,11,0.5,1,0.9,2,2,0.3,1.7,1.4,0.9,0.3,0
101,66,1,4,0,0.2,0.2,0.6,0.4,0,1.4,0.8,0.2,0.2,0
66,44,0,73.5,3,2,3.5,7,14,0,16,18,4,6,0
81,57,1,26,2.7,3.3,1.6,6.2,3.3,1.1,1.6,2.4,3.3,0.5,0
98,57,1,16,0.8,1.2,1.1,3,4,0.2,1,2,1.5,0.7,0.5
70,25,1,18,1.6,0.9,0.8,2.8,2.8,0,4.4,2.3,0.8,1.6,0
84,64,0,27.5,0,4,3.5,1,8,0,4,4,2,1,0
68,24,1,4,0.2,0.8,0.2,0.7,1,0,0.4,0.4,0.1,0.2,0
86,24,1,4,0.3,0.3,0.5,0.9,0.8,0.2,0.3,0.3,0.2,0.1,0.1
95,24,1,5,0.2,1,0.4,0.6,1.4,0.3,0.3,0.5,0.3,0,0
76,75,1,1,0.1,0.1,0.1,0.1,0.2,0,0.1,0.1,0.1,0.1,0
107,40,0,44,2,3,0,9,3,1,8,11,1,6,0
86,66,1,7,0.3,0.5,0.3,1.7,0.7,0.3,0.8,1.3,0.8,0.3,0
69,25,1,4,0.2,0.8,0.2,0.7,1,0,0.4,0.4,0.1,0.2,0
88,64,1,3,0,0.2,0.3,0.5,0.6,0.2,0.4,0.4,0.2,0.2,0
113,1,1,18,1.1,1.3,0.6,4.4,3,0.4,3.8,1.3,0.9,1.1,0.1
74,40,1,8,0.3,0.3,0,0.9,1.7,0,1.7,2,0,1.1,0
75,40,1,8,0.3,0.3,0,0.9,1.7,0,1.7,2,0,1.1,0
59,39,1,2,0.1,0.1,0.1,0.4,0.4,0.1,0.3,0.2,0.2,0,0.1
62,31,1,8,0.6,0.7,0.5,2.6,1,0.5,0.5,0.7,0.7,0.1,0.1
89,74,1,13,0.3,0.6,0.8,1.9,2.8,0.3,3.1,1.6,1.6,0,0
74,0,1,6,0.2,0.5,0,0.7,1.4,0,1.6,0.9,0.5,0.2,0
113,0,0,47,2,7,4,5,13,0,4,9,2,0,1
65,44,0,125.5,4,11,7,13,21,4.5,22,28,7,8,0
71,25,1,6.5,0.6,0.3,0.3,1,1,0,1.6,0.8,0.3,0.6,0
88,89,0,25,0,0,1,5,7,1,0,5,1,5,0
106,40,0,85,7,5,7,21,15,3,7,6,9,4,1
105,40,0,62,3,3,6,11,11,1,8,6,4,2,7
61,31,1,4,0.3,0.3,0.3,1.3,0.5,0.3,0.3,0.3,0.3,0,0.1
116,60,1,15,0.8,1.1,0.5,2.5,2.8,1,2.3,1.2,1.6,1.2,0
77,83,1,5,0.1,0.4,0,1.3,0.6,0.3,0.4,1.1,0.1,0.4,0.3
82,57,1,1,0.1,0.1,0.1,0.2,0.1,0.1,0.1,0.1,0.1,0,0
96,93,1,5,0.2,0.4,0.3,0.6,1,0.1,0.8,0.8,0.4,0.4,0
83,103,1,5,0,0.4,0.6,0.4,0.7,0,0.8,1.5,0,0.6,0
66,45,0,64,0,2,1,2,9,0,20,20,2,8,0
67,45,0,56,1,1,2,5,7,0,9,19,1,11,0
103,40,1,4,0.1,0.6,0.4,0.4,1.4,0.1,0.3,0.3,0.1,0.3,0
75,29,1,4,0.4,0.8,0.1,0.8,0.7,0.2,0.4,0.1,0.5,0,0
69,45,1,3,0.2,0.4,0.2,0.2,0.6,0,0.5,0.4,0.1,0.3,0.1
71,45,1,4,0.1,0.4,0.1,1,0.8,0.2,0.3,0.4,0.4,0.2,0.1
90,92,1,2,0.1,0.2,0.1,0.2,0.4,0,0.3,0.3,0.2,0.2,0
72,87,1,1,0,0.2,0,0.1,0.2,0,0.2,0.1,0.1,0,0.1
87,99,1,16,0.3,1.3,0.5,1.8,2.9,0.3,2.6,3.7,1,1.6,0
74,2,1,6,0.2,0.5,0.3,0.5,1.7,0.2,0.8,1,0.3,0.3,0.2
90,74,1,5,0.6,0.5,0.3,1.1,0.8,0.5,0.1,0.8,0.2,0,0.1
97,57,1,12,0.6,0.9,0.9,2.2,3,0.1,0.8,1.5,1.1,0.5,0.4
91,75,1,16,2,1.6,0.8,3.6,2.4,1.6,0.4,2.4,0.8,0,0.4
74,29,0,28,3,2,2,5,6,1,3,3,2,1,0
127,66,1,12,0.4,1.4,0,1.4,2.3,0.7,3.2,1.8,0.4,0,0.4
73,0,1,4,0.2,0.3,0,0.5,0.9,0,1,0.6,0.3,0.2,0
116,17,1,3,0.1,0.4,0.1,0.5,0.7,0.1,0.2,0.3,0.5,0,0.1
123,0,1,9.5,0.2,0.8,0.4,1.3,2.9,0.2,0.4,1.2,1.3,0.2,0.6
73,75,1,4,0.1,0.4,0,0.5,1.1,0,0.3,0.5,0.7,0.3,0.1
81,103,1,4,0,0.3,0.4,0.3,0.6,0,0.7,1.2,0,0.5,0
78,103,1,2,0.1,0.2,0.1,0.3,0.4,0,0.3,0.4,0.1,0.1,0
104,40,1,28.5,0.6,4.5,3,3,10.2,0.6,1.8,2.4,0.6,1.8,0
118,60,0,30,0,5,3,2,10,1,5,1,1,2,0
78,83,1,4,0.1,0.3,0,1.1,0.5,0.2,0.3,0.9,0.1,0.3,0.2
114,0,0,33,0,1,0,6,11,1,3,3,6,1,1
65,45,0,96.5,3,6.5,2,13,10,3,11,26,8,11,3
82,103,1,1,0,0.1,0.1,0.1,0.1,0,0.2,0.3,0,0.1,0
104,91,1,1,0.1,0,0.1,0.1,0.2,0,0.2,0.1,0.2,0,0
68,45,1,12,0.7,1.7,0.7,0.7,2.6,0,2.2,1.7,0.2,1.2,0.3
76,17,1,8,0.6,0.8,0.2,2.1,2.1,0.4,0.4,0.6,0.4,0.4,0
77,17,1,3,0.2,0.3,0.1,0.8,0.8,0.1,0.2,0.2,0.1,0.2,0
123,14,1,10,0,1.4,1.1,1.7,2.6,0.2,0.9,1.1,0.4,0.6,0
122,14,0,37,1,4,0,8,10,1,2,6,4,0,1
90,75,1,14,1.7,1.4,0.7,3.1,2.1,1.4,0.4,2.1,0.7,0,0.4
87,87,1,4,0.2,0.2,0.2,0.8,0.7,0.1,0.9,0.5,0.1,0.3,0
105,91,1,6,0.4,0,0.6,0.6,1.2,0.2,1.2,0.4,1.2,0.2,0
96,24,1,30,1.6,6.1,2.2,3.4,8.5,1.6,1.9,2.8,1.9,0,0
85,14,1,9,0.4,0.9,0.9,1.3,2,0.1,1.1,1.2,0.1,0.8,0.2
86,14,1,5,0.2,0.5,0.5,0.7,1.1,0.1,0.6,0.6,0.1,0.5,0.1
88,97,1,3,0.1,0.2,0.1,0.3,0.5,0.1,0.5,0.7,0.2,0.3,0
69,89,1,3,0.2,0.2,0.3,0.9,0.6,0.2,0.1,0.3,0.2,0,0
89,75,1,11.5,0.3,0.5,0.7,1.6,2.5,0.3,2.8,1.4,1.4,0,0
96,14,1,16,1.6,1,0.2,3.9,1.8,0.8,2.5,1.4,1,1.8,0
126,66,1,5,0.2,0.6,0,0.6,0.9,0.3,1.3,0.7,0.2,0,0.2
66,17,1,8,0,0.5,0.2,1.3,1.6,0.2,0.9,2,0.5,0.6,0.2
74,25,1,20,1.7,1,0.9,3.2,3.2,0,4.9,2.6,0.8,1.7,0
87,97,0,26,0,3,3,7,6,2,3,1,0,1,0
74,89,1,5,0.1,0.9,0.2,0.5,1.1,0,0.8,0.4,0.5,0.2,0.3
98,95,1,3.5,0.2,0.3,0.2,0.4,0.7,0.1,0.5,0.5,0.3,0.3,0
86,98,0,43,1,6,4,2,13,0,7,9,0,0,1
103,91,1,14,0.9,0,1.4,1.4,2.8,0.5,2.8,0.9,2.8,0.5,0
118,61,0,44,0,7,1,7,9,1,2,7,4,5,1
87,74,1,5,0.1,0.3,0.3,0.7,1.1,0.1,1.2,0.6,0.6,0,0
96,17,1,7,0.1,0.7,0.2,1.1,1.5,0.1,1.2,1.3,0.3,0.4,0.1
121,14,0,38,1,3,1,6,10,0,5,7,1,0,4
71,89,1,6,0.1,1.1,0.2,0.6,1.4,0,1,0.5,0.6,0.2,0.3
85,100,1,4,0.1,0.3,0.1,0.5,0.7,0.1,0.6,0.9,0.3,0.4,0
86,97,1,4,0.1,0.3,0.1,0.5,0.7,0.1,0.6,0.9,0.3,0.4,0
77,103,1,15,0.9,1.4,0.5,2.3,2.8,0.4,2.1,3,0.9,0.7,0
89,91,1,18,1,1,0.8,3.8,3,0.3,4.1,2,0.5,1.5,0
73,91,1,4,0.1,0.8,0.1,0.4,0.9,0,0.7,0.3,0.4,0.1,0.2
56,23,1,6,0.3,0.6,0.5,0.5,2.4,0,0.8,0,0.6,0,0.3
87,45,0,29,2,3,2,8,7,1,3,2,1,0,0
114,17,1,21,1.2,2.6,0.4,3.5,5.4,0.7,1.2,2.3,3.2,0,0.5
97,60,0,34,0,4,2,3,10,0,6,5,3,1,0
117,60,1,29,1.6,2.2,1,4.8,5.4,1.9,4.5,2.2,3.2,2.2,0
120,14,1,4,0,0.6,0.4,0.7,1,0.1,0.4,0.4,0.2,0.2,0
85,66,1,16.5,0.8,1.2,0.8,3.9,1.5,0.6,1.9,3.1,1.9,0.8,0
87,98,1,9,0.1,0.7,0.3,1,1.6,0.2,1.5,2.1,0.6,0.9,0
84,100,1,3,0,0.3,0.3,0.3,0.4,0,0.5,0.9,0,0.3,0
98,31,1,4,0.2,0.2,0.2,0.5,0.4,0,0.9,1.1,0,0.5,0
90,60,1,4,0.6,0.7,0.2,1,0.8,0,0.2,0.3,0,0.2,0
101,45,1,3,0.1,0.3,0.4,0.5,0.4,0,0.6,0.6,0.1,0,0
98,17,1,17,0.2,1.6,0.6,2.7,3.7,0.2,2.9,3.1,0.8,1,0.2
113,17,1,8,0.4,1,0.2,1.3,2.1,0.3,0.4,0.9,1.2,0,0.2
83,66,1,12,0.5,0.7,0.7,2.1,3.3,0.2,0.9,1.6,1.2,0.7,0.1
86,100,1,7,0.1,0.6,0.2,0.8,1.3,0.1,1.1,1.6,0.5,0.7,0
86,45,1,24,0.8,2.7,2.1,4.7,3.9,1.2,2.3,2,2.3,2,0
62,7,1,3,0,0.2,0.2,0.6,0.4,0,0.2,0.8,0.3,0.2,0.1
97,17,1,16,0.2,1.5,0.6,2.5,3.5,0.2,2.7,2.9,0.8,0.9,0.2
96,95,1,33,1.7,2.7,2.1,4,6.6,0.8,5,5,2.5,2.6,0
57,7,1,2,0,0.2,0.1,0.2,0.5,0.1,0.3,0.5,0,0.1,0
82,66,1,25,1,1.4,1.5,4.4,6.8,0.5,1.9,3.4,2.4,1.5,0.2
94,55,1,5,0,0.3,0.2,0.6,1.4,0,1.4,0.5,0,0.6,0
81,66,1,7,0.3,0.4,0.4,1.2,1.9,0.1,0.5,1,0.7,0.4,0.1
116,61,1,11,0.4,0.4,0,1.9,1.6,0.4,1.2,1.6,1.9,1.2,0.4
113,61,1,2,0.1,0.3,0.1,0.4,0.4,0.1,0.1,0.2,0.2,0.1,0
81,71,0,41,1,7,2,9,7,1,5,7,2,0,0
82,71,1,13,0.8,0.8,0,1.6,0.4,0.4,3.9,3.5,1.2,0,0.4
80,71,0,36,2,4,3,5,10,0,3,3,1,4,1
64,71,1,6,0.5,0.4,0.6,1.3,1.4,0.2,0.7,0.5,0.1,0.2,0.1
65,71,1,16,1.2,1.1,1.5,3.6,3.9,0.5,2,1.2,0.4,0.5,0.1
117,61,0,38,0,3,5,3,13,2,3,5,1,2,1
107,114,1,10,0.2,0.8,1.1,0.9,2.7,0,0.8,2.3,0.3,0.6,0.3
106,114,1,7.5,0.1,0.6,0.8,0.7,2.1,0,0.6,1.7,0.2,0.5,0.2
117,104,1,2,0.1,0,0.4,0.2,0.4,0,0.5,0.4,0,0,0
106,104,1,23,1.7,2.8,0.4,3.8,5.8,0.3,2.4,1.7,1,2.4,0.7
116,104,1,8,0.4,0,1.4,0.7,1.7,0,2.1,1.7,0,0,0
123,111,1,3,0.1,0.3,0.2,0.6,0.6,0,0.3,0.4,0.4,0.1,0
113,123,1,2,0.1,0.1,0.1,0.4,0.4,0,0.2,0.4,0.2,0.1,0
115,104,1,3,0.1,0,0.5,0.3,0.6,0,0.8,0.7,0,0,0
105,104,1,6,0.4,0.7,0.1,1,1.5,0.1,0.6,0.5,0.3,0.6,0.2
122,111,0,41,0,3,3,7,9,2,5,3,3,5,1
121,111,1,26,0.7,2.6,1.5,5.6,4.9,0.4,2.3,3.8,3.4,0.8,0
107,104,1,4,0.3,0.5,0.1,0.6,1,0.1,0.4,0.3,0.2,0.4,0.1
94,115,1,3,0,0.2,0.2,0.4,0.6,0,0.6,0.7,0.1,0.1,0.1
95,115,1,18,0.3,1.1,1.1,2.2,3.9,0,3.6,3.9,0.5,0.6,0.8
96,115,1,8,0.1,0.5,0.5,1,1.7,0,1.6,1.7,0.2,0.3,0.4
107,115,1,3,0,0.3,0.3,0.3,0.8,0,0.2,0.7,0.1,0.2,0.1
108,115,1,19,0.3,1.6,2,1.7,5.2,0,1.4,4.4,0.6,1.2,0.6
120,109,1,1,0.1,0.1,0.1,0.1,0.2,0,0.2,0.1,0,0.1,0
121,109,1,8,0.4,0.6,0.6,0.8,2,0.1,1.4,1.1,0.3,0.7,0
112,104,1,28,1.6,2.8,1.2,6.7,3.1,0.8,4.7,3.9,1.6,1.2,0.4
119,109,1,7,0.3,0.8,0.5,1.1,1.3,0.3,0.6,1.3,0.4,0.4,0
117,109,1,7,0.3,0.8,0.5,1.1,1.3,0.3,0.6,1.3,0.4,0.4,0
118,109,1,10,0.5,1.1,0.7,1.6,1.8,0.5,0.8,1.9,0.5,0.6,0
113,104,1,13,0.7,1.3,0.5,3.1,1.5,0.4,2.2,1.8,0.7,0.6,0.2
114,95,1,5,0.1,0.1,0.5,0.8,1.4,0.3,0.5,0.5,0.1,0.5,0.2
114,123,1,20,1,1.1,0.5,4.2,3.7,0,2.1,4.2,2.1,1.1,0
125,93,1,11,0.2,1.8,0.4,1.6,3,0.2,1.8,1.2,0.3,0.5,0
126,93,1,10,0.2,1.6,0.3,1.5,2.7,0.2,1.6,1.1,0.3,0.5,0
127,93,1,4,0.1,0.6,0.1,0.6,1.1,0.1,0.6,0.5,0.1,0.2,0
116,109,1,5,0.3,0.5,0.3,0.8,0.9,0.3,0.4,0.9,0.3,0.3,0
104,121,1,15,0.8,1.6,0,3.1,2.9,0.5,2.4,2.4,0.8,0.5,0
105,121,1,5,0,0.4,0.3,0.8,0.7,0.1,1.3,0.4,0.4,0.3,0.3
106,121,1,1,0,0.1,0,0.2,0.1,0,0.2,0.1,0.1,0.1,0.1
107,121,1,15,0,1.3,0.8,2.5,2.1,0.4,3.8,1.3,1.2,0.8,0.8
108,121,1,3,0,0.2,0.2,0.5,0.4,0.1,0.7,0.3,0.2,0.2,0.2
116,121,1,2,0.1,0.1,0.2,0.3,0.5,0,0.2,0.3,0.1,0.1,0.1
119,86,1,18,0.5,0.5,1.8,2.8,5.1,0.9,1.8,1.8,0.5,1.8,0.5
115,123,1,2,0.1,0.1,0.2,0.3,0.5,0,0.2,0.3,0.1,0.1,0.1
116,123,1,5,0.3,0.3,0.6,0.7,1.2,0,0.4,0.7,0.2,0.4,0.2
116,122,1,6,0.3,0.4,0.7,0.8,1.4,0.1,0.5,0.9,0.3,0.4,0.2
122,109,1,9,0.5,0.6,0.6,0.9,2.2,0.2,1.6,1.3,0.3,0.8,0
119,85,1,12,0.3,0.3,1.2,1.9,3.4,0.6,1.2,1.2,0.3,1.3,0.3
120,85,1,4,0.2,0.4,0,0.7,0.5,0,0.8,0.8,0.3,0.3,0
119,123,1,12.5,0.7,0.8,1.4,1.7,3,0.1,1.1,1.8,0.6,0.9,0.4
104,122,1,28,1.5,2.9,0,5.9,5.4,1,4.4,4.4,1.5,1,0
115,122,1,1,0.1,0.1,0.1,0.1,0.2,0,0.1,0.1,0.1,0.1,0
115,124,1,21,1.2,1.3,2.3,2.9,4.9,0.2,1.9,3.1,1,1.5,0.7
117,124,1,25,1.4,1.6,2.7,3.5,5.9,0.2,2.2,3.7,1.2,1.8,0.8
117,123,1,6,0.3,0.4,0.7,0.8,1.4,0.1,0.5,0.9,0.3,0.4,0.2
118,123,1,2,0.1,0.1,0.2,0.3,0.5,0,0.2,0.3,0.1,0.1,0.1
105,122,1,11,0,0.9,0.6,1.9,1.5,0.3,2.8,0.9,0.9,0.6,0.6
114,122,1,2,0.1,0.1,0.1,0.4,0.4,0,0.2,0.4,0.2,0.1,0
98,108,1,7,0,0.3,0.5,0.6,2,0,1.7,0.8,0.5,0.6,0
121,80,1,2,0.1,0.2,0,0.3,0.3,0,0.4,0.4,0.1,0.2,0
119,111,1,3,0.1,0.3,0.2,0.5,0.6,0.1,0.2,0.6,0.2,0.2,0
103,122,1,5,0.2,0.5,0,1,1,0.2,0.8,0.8,0.3,0.2,0
114,96,1,5,0.2,0,0.9,0.4,1.1,0,1.3,1.1,0,0,0
98,109,1,3,0,0.1,0.2,0.2,0.9,0,0.7,0.4,0.2,0.3,0
99,109,1,4,0,0.2,0.3,0.3,1.1,0,1,0.5,0.3,0.3,0
97,108,1,6,0,0.2,0.5,0.5,1.7,0,1.4,0.7,0.5,0.5,0
114,124,1,5,0.3,0.3,0.1,1,0.9,0,0.5,1.1,0.5,0.3,0
93,125,1,10,0.3,0.6,0.4,0.9,2.5,0.2,2.2,1.5,0.6,0.5,0.3
94,125,1,5,0.2,0.3,0.2,0.4,1.3,0.1,1.1,0.7,0.3,0.2,0.2
115,125,1,16,0.9,1,1.8,2.2,3.8,0.1,1.4,2.3,0.8,1.2,0.5
116,125,1,8,0.4,0.5,0.9,1.1,1.9,0.1,0.7,1.2,0.4,0.6,0.2
127,125,0,38,1,3,2,3,10,1,6,8,0,2,2
83,122,1,2,0,0.2,0.2,0.2,0.4,0,0.5,0.3,0.2,0,0
96,109,1,2,0,0.1,0.1,0.2,0.6,0,0.5,0.2,0.1,0.2,0
106,82,1,4,0.2,0,0.5,0.6,0.4,0,0.7,0.9,0.1,0.6,0
107,82,1,17,0.9,0,2.2,2.6,1.7,0,3.1,3.5,0.4,2.6,0
126,75,1,13,0.2,1.3,0.8,1.8,2.6,0.3,2.6,0.8,1,1.6,0
127,75,1,17,0.3,1.7,1,2.4,3.4,0.4,3.4,1,1.4,2,0
108,82,1,5,0.3,0,0.6,0.8,0.5,0,0.9,1,0.1,0.8,0
93,105,0,35,4,3,4,8,4,0,4,2,3,3,0
94,105,1,3,0.4,0.1,0,1,0.1,0.1,0.7,0.2,0.2,0.2,0
120,82,1,5,0.2,0.5,0,0.8,0.7,0,1,1,0.4,0.4,0
118,93,1,16,1,1.9,1,1.4,3.4,0,3.4,1.5,0,1.9,0.5
119,93,1,12,0.7,1.5,0.7,1.1,2.5,0,2.5,1.1,0,1.5,0.4
120,93,1,6,0.1,0.9,0.2,0.9,1.6,0.1,1,0.7,0.2,0.3,0
107,102,1,2,0.2,0.2,0,0.3,0.5,0,0.2,0.2,0.1,0.2,0.1
114,102,1,21,1.2,2.1,0.9,5,2.4,0.6,3.5,2.9,1.2,0.9,0.3
115,102,1,2,0.1,0,0.4,0.2,0.4,0,0.5,0.4,0,0,0
126,91,1,5,0.1,0.8,0.2,0.7,1.4,0.1,0.8,0.6,0.1,0.2,0
119,92,1,5,0.3,0.6,0.3,0.4,1.1,0,1.1,0.5,0,0.6,0.1
126,92,1,5,0.1,0.8,0.2,0.7,1.4,0.1,0.8,0.6,0.1,0.2,0
127,92,1,17,0.3,2.7,0.6,2.5,4.7,0.3,2.7,1.9,0.5,0.8,0
105,113,1,10,0.2,0.8,1.1,0.9,2.7,0,0.8,2.3,0.3,0.6,0.3
106,113,1,10,0.2,0.8,1.1,0.9,2.7,0,0.8,2.3,0.3,0.6,0.3
107,113,1,2,0,0.2,0.2,0.2,0.5,0,0.1,0.5,0.1,0.1,0.1
123,113,1,4,0.1,0.4,0.2,0.9,0.8,0.1,0.3,0.6,0.5,0.1,0
93,117,1,28,0.8,1.7,1.2,2.5,7.1,0.4,6.3,4.2,1.7,1.3,0.8
94,117,0,33.5,0,2.5,1,3,11,1,5,6,1,3,0
95,117,1,17,0.5,1.6,0.3,1.6,2.9,0,2.6,5,0.4,2.1,0
96,117,0,40,2,5,3,6,7,1,4,3,2,7,0
97,117,0,48,5.5,3.5,5,6,9,1,7,11,0,0,0
95,105,1,7,1,0.3,0,2.3,0.3,0.2,1.5,0.5,0.4,0.5,0
81,126,1,7.5,0.6,0.9,0.7,1.4,1.5,0.1,0.4,1.2,0.4,0,0.3
82,126,1,4,0.3,0.5,0.4,0.7,0.8,0,0.2,0.7,0.2,0,0.2
92,126,1,6,0.8,0.8,0.5,0.9,1.3,0.1,0.5,0.9,0.2,0,0
93,126,1,1,0.1,0.1,0.1,0.2,0.2,0,0.1,0.2,0,0,0
115,126,1,21,1.6,2.2,1.2,3.6,4.6,0,1.7,3,1.6,1,0.5
116,126,1,15.5,1.2,1.6,0.9,2.7,3.4,0,1.2,2.2,1.2,0.7,0.4
117,126,1,4,0.3,0.4,0.2,0.7,0.9,0,0.3,0.6,0.3,0.2,0.1
107,116,1,7,0.5,0.2,1.1,1.1,2.1,0,0.9,0.4,0.2,0.5,0
97,107,0,30,2,4,1,4,6,1,5,5,2,0,0
104,98,1,20,0,2.9,0.6,3.5,4.1,0.6,2.2,3.5,1.3,1,0.3
105,98,1,19,0,2.7,0.6,3.3,4,0.6,2.1,3.3,1.2,0.9,0.3
106,98,1,4,0,0.6,0.1,0.7,0.8,0.1,0.4,0.7,0.3,0.2,0.1
93,106,1,20,0.3,1.2,1.3,2.5,4.3,0,4,4.3,0.6,0.6,0.9
94,106,1,6,0.1,0.3,0.4,0.7,1.3,0,1.2,1.3,0.2,0.2,0.3
95,106,0,29,2,3,2,4,5,0,2,3,1,6,1
96,119,1,4,0.1,0.4,0,0.4,0.7,0,0.6,1.2,0.1,0.5,0
115,119,1,1,0,0.1,0,0.2,0.2,0,0.1,0.2,0.1,0.1,0
117,110,1,24,1.2,2.6,1.7,3.8,4.5,1.2,1.9,4.5,1.2,1.4,0
118,110,1,22,1.1,2.4,1.5,3.5,4.1,1.1,1.8,4.1,1.1,1.3,0
119,110,1,23,1.1,2.5,1.6,3.7,4.3,1.1,1.8,4.3,1.2,1.4,0
120,110,1,16,0.8,1.1,1.1,1.7,3.9,0.3,2.8,2.3,0.6,1.4,0
121,110,0,46,2,9,0,8,7,2,2,6,5,5,0
122,110,1,23,1.2,1.6,1.6,2.4,5.7,0.4,4.1,3.2,0.8,2,0
123,110,0,41,4,3,2,11,8,2,5,1,3,2,0
93,107,1,8,0.1,0.5,0.5,1,1.7,0,1.6,1.7,0.2,0.3,0.4
95,107,1,3,0,0.1,0.2,0.2,0.9,0,0.7,0.4,0.2,0.3,0
96,107,0,43,3,5,1,11,8,3,1,6,5,0,0
120,87,1,2,0,0.3,0.1,0.3,0.6,0,0.3,0.2,0.1,0.1,0
105,102,1,3,0.2,0.4,0.1,0.5,0.8,0,0.3,0.2,0.1,0.3,0.1
106,102,1,7,0.5,0.9,0.1,1.2,1.8,0.1,0.7,0.5,0.3,0.7,0.2
105,112,1,4,0.1,0.3,0.4,0.4,1.1,0,0.3,0.9,0.1,0.3,0.1
120,81,1,5,0.2,0.5,0,0.8,0.7,0,1,1,0.4,0.4,0
121,81,1,3,0.1,0.4,0,0.5,0.4,0,0.6,0.6,0.2,0.2,0
103,123,1,2,0.1,0.2,0,0.4,0.4,0.1,0.3,0.3,0.1,0.1,0
104,123,1,7,0.4,0.7,0,1.5,1.4,0.2,1.1,1.1,0.4,0.2,0
104,103,1,16,0,2.3,0.5,2.8,3.3,0.5,1.8,2.8,1,0.8,0.2
105,103,0,29,0,6,0,6,6,2,4,1,2,1,1
106,103,0,29,1,2,0,5,5,2,2,3,1,8,0
107,103,1,22,1.6,2.6,0.3,3.6,5.6,0.3,2.3,1.7,1,2.3,0.7
112,103,1,3,0.2,0.3,0.1,0.7,0.3,0.1,0.5,0.4,0.2,0.1,0.1
113,103,1,6,0.3,0.6,0.3,1.4,0.7,0.2,1,0.8,0.3,0.3,0.1
114,103,0,27,1,1,4,2,4,1,5,7,0,2,0
115,103,0,30,2,3,3,9,4,0,1,4,3,0,1
116,103,1,2,0.1,0,0.4,0.2,0.4,0,0.5,0.4,0,0,0
120,84,0,28,1,0,2,2,8,1,2,8,0,4,0
121,84,1,17,0.6,1.9,0,2.9,2.3,0,3.3,3.5,1.2,1.3,0
122,84,1,11,0.4,1.2,0,1.9,1.5,0,2.1,2.3,0.8,0.8,0
123,84,1,7,0.3,0.8,0,1.2,0.9,0,1.4,1.4,0.5,0.5,0
92,127,1,26,3.4,3.4,2,4.1,5.5,0.7,2.1,4.1,0.7,0,0
95,127,1,5,0.2,0.4,0.3,1.2,1,0.2,0.3,1,0.1,0.3,0
96,127,1,7,0.3,0.6,0.4,1.7,1.3,0.3,0.4,1.4,0.1,0.4,0.1
115,127,1,9,0.7,0.9,0.5,1.6,2,0,0.7,1.3,0.7,0.4,0.2
116,127,1,25,1.9,2.6,1.4,4.3,5.5,0,2,3.5,2,1.2,0.6
117,127,1,16,1.2,1.7,0.9,2.8,3.5,0,1.3,2.3,1.2,0.7,0.4
93,116,1,3,0.1,0.2,0.1,0.3,0.8,0,0.7,0.4,0.2,0.1,0.1
94,116,1,13,0.4,0.8,0.6,1.1,3.3,0.2,2.9,1.9,0.8,0.6,0.4
95,116,0,55,2,3,3,9,9,2,10,11,3,1,2
96,116,1,24,0.7,2.2,0.4,2.2,4.1,0,3.7,7.1,0.6,3,0
108,116,1,15,1.1,0.4,2.3,2.3,4.6,0,1.9,0.8,0.4,1.2,0
109,116,1,11,0.8,0.3,1.7,1.7,3.4,0,1.4,0.6,0.3,0.8,0
115,97,1,1,0,0,0.2,0.1,0.2,0,0.3,0.2,0,0,0
107,83,1,6,0.3,0,0.8,0.9,0.6,0,1.1,1.2,0.2,0.9,0
108,83,1,3,0.1,0,0.4,0.5,0.3,0,0.5,0.6,0.1,0.5,0
109,83,1,3,0.1,0,0.4,0.5,0.3,0,0.5,0.6,0.1,0.5,0
119,83,1,1,0,0,0.1,0.2,0.3,0.1,0.1,0.1,0,0.1,0
119,87,1,3,0.1,0.1,0.3,0.5,0.8,0.1,0.3,0.3,0.1,0.3,0.1
83,118,1,1,0,0.1,0,0.1,0.2,0,0.3,0.2,0,0.1,0
94,118,1,8,0.2,0.5,0.4,0.7,2,0.1,1.8,1.2,0.5,0.4,0.2
95,118,0,44,1,4,2,4,13,0,3,1,7,0,9
96,118,1,3,0.1,0.3,0,0.3,0.5,0,0.4,0.9,0.1,0.4,0
97,118,1,12.5,0.4,1.2,0.2,1.2,2.1,0,1.9,3.7,0.3,1.5,0
98,118,1,4,0.1,0.4,0,0.4,0.7,0,0.6,1.2,0.1,0.5,0
103,120,1,1,0,0.1,0,0.2,0.1,0,0.2,0.1,0.1,0.1,0.1
106,120,1,2,0.2,0,0.3,0.3,0.6,0,0.3,0.1,0,0.2,0
107,120,1,4,0.3,0.1,0.6,0.6,1.3,0,0.5,0.2,0.1,0.3,0
115,120,1,7,0.3,0.4,0.2,1.5,1.3,0,0.7,1.5,0.7,0.4,0
116,120,1,1,0,0.1,0,0.2,0.2,0,0.1,0.2,0.1,0.1,0
118,124,1,17,1,1.1,1.9,2.3,4,0.1,1.5,2.5,0.8,1.2,0.6
127,124,1,4,0.4,0.3,0.4,1.3,0.5,0.2,0.3,0.4,0.1,0,0.1
120,83,1,6,0.2,0.7,0,1,0.8,0,1.2,1.3,0.4,0.4,0
121,83,1,5,0.2,0.5,0,0.8,0.7,0,1,1,0.4,0.4,0
122,83,1,4,0.2,0.4,0,0.7,0.5,0,0.8,0.8,0.3,0.3,0
123,83,1,11,0.4,1.2,0,1.9,1.5,0,2.1,2.3,0.8,0.8,0
122,112,1,15,0.4,1.5,0.9,3.3,2.8,0.2,1.3,2.2,2,0.4,0
123,112,1,21,0.6,2.1,1.2,4.6,4,0.3,1.8,3.1,2.7,0.6,0
105,99,1,4,0,0.6,0.1,0.7,0.8,0.1,0.4,0.7,0.3,0.2,0.1
