x,y,imputed,ind,men,men_1ind,men_5ind,men_coll,men_fmp,men_mais,men_pauv,men_prop,men_surf
16,0,1,13,4.8,1.1,0.4,0,0.7,4.8,0.2,4.6,608.6
19,0,1,7,2.6,0.6,0.2,0,0.4,2.6,0.1,2.5,327.7
25,0,1,13,5.1,0.9,0.3,0,0,5.1,0.3,4.2,631.9
26,0,0,42.5,14,3,1,0,0,14,2,14,1690
27,0,1,14.5,6.1,2,0.4,0,0,6.1,0,5.7,701.7
36,0,1,2,0.9,0.3,0.1,0,0,0.9,0,0.9,108.8
41,0,1,2,1.1,0.3,0,0,0.1,1.1,0,1,107.1
42,0,1,4,2.1,0.5,0,0,0.3,2.1,0,2,214.3
47,0,1,5,2.2,0.7,0.1,0,0.1,2.2,0.2,2.2,299.9
74,0,1,2,0.8,0.2,0,0,0,0.8,0,0.7,109.8
88,0,1,5,2,0.6,0.3,0.1,0,1.9,0.2,1.7,246.7
89,0,1,1,0.4,0.1,0.1,0,0,0.4,0,0.3,49.3
115,0,1,70,27.6,10.1,3.7,13.8,2.8,13.8,12,2.8,2658.2
116,0,0,223,102,54,10,90,12,12,44,0,6664
117,0,0,58.5,22,6,4,0,2,22,3,14,1873
118,0,0,41,24,11,0,0,0,24,0,21,2524
119,0,1,16,7.9,2.7,0,1.1,0.8,6.8,0.5,5.4,640.8
120,0,0,72.5,41,18,0,2,3,39,2,33,3520
121,0,0,89.5,46,18,2,0,2,46,1,42,4242
122,0,0,52.5,27,10,0,0,3,27,1,27,2796
123,0,0,26,11,3,0,0,0,11,0,8,1118
17,1,1,2,0.7,0.2,0.1,0,0.1,0.7,0,0.7,93.6
19,1,1,1,0.4,0.1,0,0,0.1,0.4,0,0.4,46.8
20,1,1,19.5,7.3,1.7,0.7,0,1,7.3,0.3,6.9,912.9
25,1,1,20,7.9,1.4,0.5,0,0,7.9,0.5,6.5,972.1
26,1,1,9,3.8,1.3,0.3,0,0,3.8,0,3.5,435.5
38,1,1,16,7.4,2.7,0.6,0,0,7.4,0.3,7.1,870.5
39,1,0,57.5,21,4,2,0,1,21,0,21,2180
40,1,0,39,20,7,1,0,1,20,0,18,1917
41,1,0,38,19,6,1,0,0,19,1,19,1859
42,1,1,14,7.5,1.9,0,0,0.9,7.5,0,7,749.9
87,1,1,5,2,0.6,0.3,0.1,0,1.9,0.2,1.7,246.7
88,1,1,2,0.8,0.2,0.1,0.1,0,0.7,0.1,0.7,98.7
116,1,0,113.5,70,47,1,61,6,9,39,0,4103
117,1,0,151,74,28,4,56,16,18,31,5,5234
118,1,0,90,37,8,4,20,15,17,13,8,2878
119,1,0,42.5,26,15,1,11,3,15,4,12,2043
120,1,0,61.5,31,15,1,3,4,28,3,23,3051
121,1,0,81.5,44,19,3,6,5,38,5,34,4255
122,1,0,97,39,5,3,0,5,39,1,32,4077
123,1,0,94.5,36,6,1,0,3,36,1,7,3428
125,1,1,5,1.6,0.2,0.2,0.1,0.2,1.5,0,1,170.5
126,1,1,7,2.7,0.2,0,0,0.1,2.7,0,2.7,373.9
20,2,0,26.5,13,5,0,0,2,13,1,12,1338
21,2,1,2,0.8,0.1,0,0,0,0.8,0,0.7,97.2
37,2,1,2,0.9,0.3,0.1,0,0,0.9,0,0.9,108.8
38,2,1,4,1.9,0.7,0.1,0,0,1.9,0.1,1.8,217.6
39,2,0,30.5,14,5,0,0,1,14,0,13,1564
40,2,1,22,10.2,3.7,0.8,0,0,10.2,0.4,9.8,1197
41,2,0,46,17,1,2,0,1,17,0,16,1782
42,2,1,4,2.1,0.5,0,0,0.3,2.1,0,2,214.3
112,2,1,4,1.6,0.6,0.2,0.8,0.2,0.8,0.7,0.2,151.9
116,2,1,1,0.5,0.2,0,0.1,0.1,0.4,0,0.3,40.1
117,2,0,66,27,6,1,0,2,27,3,23,2840
118,2,0,146,65,23,4,38,14,27,30,17,4942
119,2,0,80.5,44,23,3,18,4,26,4,21,4002
120,2,0,94.5,64,45,2,35,7,29,8,28,4750
121,2,0,42,17,5,2,0,3,17,0,15,1692
122,2,0,89.5,34,8,4,0,5,34,1,27,3794
123,2,0,98.5,33,5,5,0,2,33,2,28,3362
124,2,1,28,8.9,1.3,1.3,0.6,1.3,8.3,0,5.7,954.5
19,3,1,11.5,4.3,1,0.4,0,0.6,4.3,0.2,4.1,538.4
20,3,1,5,1.9,0.4,0.2,0,0.3,1.9,0.1,1.8,234.1
21,3,1,5,2,0.3,0.1,0,0,2,0.1,1.6,243
38,3,1,8,3.7,1.3,0.3,0,0,3.7,0.1,3.6,435.3
39,3,0,28,11,4,1,0,0,11,0,11,1062
72,3,1,5,2,0.6,0,0,0,2,0,1.7,274.5
75,3,1,5,2,0.6,0,0,0,2,0,1.7,274.5
112,3,1,2,0.8,0.3,0.1,0.4,0.1,0.4,0.3,0.1,75.9
117,3,0,57,26,12,3,0,2,26,4,13,2243
118,3,0,75,49,30,0,5,0,44,2,28,4581
119,3,0,106,60,30,1,24,5,36,6,30,4935
120,3,0,87.5,41,16,2,13,1,28,3,22,4203
121,3,0,38,19,7,0,0,1,19,1,18,1839
122,3,0,37,15,4,0,0,3,15,1,13,1488
123,3,0,66,27,11,3,0,0,27,1,24,2582
124,3,0,41,19,5,1,0,0,19,1,18,1695
8,4,1,1,0.6,0.3,0,0,0,0.6,0,0.5,55.3
29,4,1,1,0.4,0.1,0,0,0,0.4,0,0.4,48.4
56,4,1,24,9.8,1.5,0.5,0,0.5,9.8,0,9.8,1362.6
72,4,0,45,16,3,1,0,0,16,1,15,1725
73,4,1,6,2.4,0.7,0,0,0,2.4,0,2.1,329.4
74,4,1,31,12.7,3.8,0,0,0,12.7,0,10.8,1701.8
117,4,0,56.5,31,16,0,12,8,19,7,16,2406
118,4,1,42,20.6,7.1,0,2.8,2.1,17.8,1.4,14.2,1682.1
119,4,0,121.5,60,27,3,24,11,36,10,29,5403
120,4,0,62,30,10,1,6,6,24,3,20,2966
121,4,0,87,49,24,1,0,3,49,5,35,4647
122,4,0,129,61,19,3,7,16,54,7,34,4952
123,4,0,54,24,7,1,0,3,24,2,20,2602
124,4,1,11,3.5,0.5,0.5,0.2,0.5,3.3,0,2.2,375
28,5,1,3,1.3,0.4,0.1,0,0,1.3,0,1.2,145.2
29,5,1,1,0.4,0.1,0,0,0,0.4,0,0.4,48.4
56,5,1,3,1.2,0.2,0.1,0,0.1,1.2,0,1.2,170.3
72,5,0,34.5,15,4,1,0,1,15,1,13,1467
73,5,0,37,15,4,1,1,2,14,0,14,1687
74,5,0,43,17,4,0,2,2,15,0,14,1809
75,5,1,24,8.2,0,0.5,0,1.6,8.2,1.1,6.5,768
76,5,1,3,1,0.1,0.1,0,0.1,1,0,0.9,109.3
117,5,0,184.5,84,29,3,68,19,16,40,15,5769
118,5,0,105,46,18,6,25,6,21,11,20,3864
119,5,0,47.5,22,5,1,0,5,22,2,17,2150
120,5,0,42,23,11,1,4,3,19,2,12,2198
121,5,0,158.5,79,36,6,33,14,46,13,44,6350
122,5,0,88.5,26,5,7,0,1,26,4,23,2751
123,5,1,9,3.6,0.9,0.4,0,0.2,3.6,0.5,2.9,298.9
26,6,1,5,2.1,0.7,0.1,0,0,2.1,0,2,242
28,6,1,2,0.8,0.3,0.1,0,0,0.8,0,0.8,96.8
73,6,1,8,2.7,0,0.2,0,0.5,2.7,0.4,2.2,256
74,6,1,10,3.4,0,0.2,0,0.7,3.4,0.5,2.7,320
75,6,0,50,17,2,1,0,3,17,1,11,1718
76,6,1,8,2.7,0.1,0.3,0,0.1,2.7,0,2.4,291.4
79,6,1,5,1.7,0.1,0.2,0,0.1,1.7,0,1.5,182.1
92,6,1,6,2.2,0.2,0.1,0,0.2,2.2,0.1,2.2,255.8
116,6,0,35.5,16,5,0,0,0,16,1,14,1418
117,6,0,38,17,4,1,0,2,17,0,15,1802
118,6,0,82.5,39,17,3,19,7,20,2,15,3263
119,6,0,36,13,4,2,0,3,13,3,11,1322
121,6,1,39.5,15.6,3.9,1.6,0,0.8,15.6,2.3,12.5,1311.7
122,6,0,70,22,2,3,0,3,22,5,9,2065
38,7,1,2,1.1,0.3,0,0,0.1,1.1,0,1,107.1
73,7,1,2,0.7,0,0,0,0.1,0.7,0.1,0.5,64
78,7,1,18,6.1,0.3,0.6,0,0.3,6.1,0,5.5,655.6
79,7,0,37,15,3,1,0,0,15,1,14,1505
80,7,1,9,3.1,0.2,0.3,0,0.2,3.1,0,2.7,327.8
92,7,1,51,18.8,1.8,0.9,0,1.8,18.8,0.9,18.8,2174.2
101,7,1,6,2,0.6,0.6,0,0.2,2,0,1.8,253.2
102,7,1,2,0.7,0.2,0.2,0,0.1,0.7,0,0.6,84.4
115,7,1,2,0.7,0.2,0.2,0,0.1,0.7,0,0.6,84.4
116,7,0,90,36,12,4,0,4,36,6,29,3599
117,7,0,39,18,6,0,1,1,17,0,15,1811
118,7,0,41,24,12,0,0,0,24,0,21,2262
119,7,1,5,2.3,0.6,0,0.1,0.3,2.2,0.3,1.4,234.3
2,8,1,8,4.6,2.1,0,0,0.4,4.6,0.4,4.4,442
3,8,1,6.5,3.7,1.7,0,0,0.3,3.7,0.3,3.6,359.1
36,8,1,2,1.1,0.3,0,0,0.1,1.1,0,1,107.1
38,8,1,2,1.1,0.3,0,0,0.1,1.1,0,1,107.1
64,8,1,13,6.3,1.8,0,0,0.9,6.3,0,5.8,809.6
65,8,1,15,7.2,2.1,0,0,1,7.2,0,6.7,934.1
79,8,1,7,2.4,0.1,0.2,0,0.1,2.4,0,2.1,255
80,8,1,6,2,0.1,0.2,0,0.1,2,0,1.8,218.5
81,8,1,3,1,0.1,0.1,0,0.1,1,0,0.9,109.3
114,8,1,5,1.7,0.5,0.5,0,0.1,1.7,0,1.5,211
115,8,0,30,14,3,1,0,1,14,2,13,1278
116,8,0,110.5,51,18,4,1,5,50,2,45,5059
117,8,1,10,4.7,1.3,0,0.3,0.5,4.4,0.5,2.9,468.6
118,8,0,25.5,11,2,1,0,2,11,2,9,1262
119,8,1,2,0.9,0.3,0,0,0.1,0.9,0.1,0.6,93.7
2,9,1,18,10.3,4.7,0,0,0.8,10.3,0.8,9.9,994.5
3,9,0,24,11,1,0,0,4,11,2,10,1317
12,9,1,2,1.1,0.5,0,0,0.1,1.1,0.1,1.1,110.5
13,9,1,10,5.7,2.6,0,0,0.4,5.7,0.4,5.5,552.5
25,9,1,3,1.2,0.2,0.1,0,0,1.2,0.1,1,145.8
65,9,1,1,0.5,0.1,0,0,0.1,0.5,0,0.4,62.3
86,9,1,19,7.7,2.4,1.2,0.6,0,7.1,0.6,6.5,937.5
114,9,1,23,7.7,2.4,2.4,0,0.6,7.7,0,7.1,970.7
115,9,1,1,0.3,0.1,0.1,0,0,0.3,0,0.3,42.2
116,9,1,17.5,8.2,2.3,0,0.5,0.9,7.7,0.9,5,820
117,9,0,61,25,8,2,0,4,25,0,18,2139
118,9,0,53,23,6,1,0,1,23,1,20,2559
119,9,1,4,1.9,0.5,0,0.1,0.2,1.8,0.2,1.1,187.4
123,9,1,2,0.8,0.2,0.1,0,0,0.8,0.1,0.6,66.4
2,10,0,27,11,4,1,0,0,11,0,11,1204
3,10,1,5,2.2,0.8,0.1,0,0,2.2,0.1,2.1,304.9
12,10,0,28,11,3,0,0,0,11,1,10,1009
40,10,1,3,1.3,0.4,0.1,0,0.1,1.3,0.1,1.3,179.9
41,10,1,18,8,2.4,0.4,0,0.4,8,0.8,8,1079.6
58,10,1,2,0.8,0.2,0,0,0.1,0.8,0.1,0.8,105.6
86,10,1,23,10.1,2.8,0,0,0.5,10.1,2.8,9.7,1060.8
87,10,1,12,5.3,1.4,0,0,0.2,5.3,1.4,5,553.4
116,10,1,17,7.8,2.6,0.3,0,0.3,7.8,0,6.8,815.7
117,10,0,29,14,4,1,0,1,14,2,12,1419
119,10,1,2,0.9,0.3,0,0,0,0.9,0,0.8,96
2,11,1,1,0.4,0.2,0,0,0,0.4,0,0.4,61
3,11,1,10,4.4,1.6,0.2,0,0,4.4,0.2,4.2,609.8
4,11,1,10,4.4,1.6,0.2,0,0,4.4,0.2,4.2,609.8
5,11,1,13,5.7,2.1,0.3,0,0,5.7,0.3,5.4,792.7
6,11,0,34,13,4,0,0,2,13,0,13,1520
7,11,1,13,6.3,1.3,0,0,0.4,6.3,0,6.3,680.5
10,11,1,1,0.5,0.1,0,0,0,0.5,0,0.5,52.3
11,11,1,2,0.8,0.2,0,0,0.1,0.8,0.1,0.7,81.3
12,11,1,19,7.4,2.1,0,0,1.1,7.4,1.1,6.3,772.1
13,11,1,10,3.9,1.1,0,0,0.6,3.9,0.6,3.3,406.4
27,11,1,1,0.5,0.2,0,0.1,0,0.4,0.1,0.4,50.7
36,11,1,3,1.3,0.4,0.1,0,0.1,1.3,0.1,1.3,179.9
41,11,1,2,0.9,0.3,0,0,0,0.9,0.1,0.9,120
64,11,1,4,1.7,0.4,0,0,0.2,1.7,0.2,1.6,211.2
87,11,1,2,0.9,0.2,0,0,0,0.9,0.2,0.8,92.2
116,11,1,1,0.5,0.2,0,0,0,0.5,0,0.4,48
117,11,1,28,12.9,4.3,0.4,0,0.4,12.9,0,11.2,1343.6
118,11,1,3,1.4,0.5,0,0,0,1.4,0,1.2,144
120,11,1,1,0.5,0.2,0,0,0,0.5,0,0.4,48
4,12,1,4,1.8,0.7,0.1,0,0,1.8,0.1,1.7,243.9
6,12,1,3,1.4,0.3,0,0,0.1,1.4,0,1.4,157
7,12,1,12,5.8,1.2,0,0,0.4,5.8,0,5.8,628.1
51,12,1,2,0.9,0.3,0,0,0,0.9,0.1,0.9,120
117,12,1,7,3.2,1.1,0.1,0,0.1,3.2,0,2.8,335.9
118,12,1,6,2.8,0.9,0.1,0,0.1,2.8,0,2.4,287.9
94,13,1,1,0.4,0.1,0,0,0,0.4,0,0.3,40.1
95,13,1,10,3.8,0.9,0.1,0,0.1,3.8,0.3,3.2,400.8
31,14,1,3,1.4,0.6,0.1,0.1,0.1,1.3,0.2,1.1,152
64,14,1,6,2.5,0.5,0.1,0,0.3,2.5,0.3,2.4,316.8
86,14,1,13,5.7,1.6,0,0,0.3,5.7,1.6,5.5,599.6
87,14,0,55,21,4,3,0,1,21,3,19,2036
88,14,0,34.5,13,0,0,0,3,13,1,13,1211
93,14,1,2,0.8,0.2,0,0,0,0.8,0.1,0.6,80.2
94,14,1,47,17.8,4.4,0.6,0,0.6,17.8,1.3,15.2,1883.8
95,14,1,14,5.3,1.3,0.2,0,0.2,5.3,0.4,4.5,561.1
8,15,1,4,1.6,0.4,0,0,0.2,1.6,0.2,1.3,162.6
12,15,1,1,0.4,0.1,0,0,0.1,0.4,0.1,0.3,40.6
30,15,1,5,2.4,1.1,0.1,0.2,0.1,2.2,0.4,1.8,253.3
42,15,1,2,0.9,0.3,0,0,0,0.9,0.1,0.9,120
64,15,1,1,0.4,0.1,0,0,0,0.4,0,0.4,52.8
86,15,0,39,12,2,3,0,0,12,1,10,1371
87,15,0,64,30,13,2,6,3,24,7,20,3018
88,15,0,61,25,8,3,1,0,24,0,22,2369
93,15,1,6,2.9,1.4,0.2,0,0.2,2.9,0,2.4,261.1
94,15,1,19,9.1,4.6,0.8,0,0.8,9.1,0,7.6,826.9
28,16,1,2,0.9,0.4,0,0.1,0,0.8,0.2,0.7,101.3
55,16,1,1,0.4,0.1,0,0,0,0.4,0,0.4,60
87,16,1,13,4.9,1.1,0,0,0.7,4.9,0,3.6,467.1
88,16,1,26,9.9,2.2,0,0,1.3,9.9,0,7.2,934.2
4,17,1,2,0.9,0.3,0.1,0,0.1,0.9,0,0.9,107.6
27,17,1,10,4.7,2.2,0.2,0.4,0.2,4.3,0.8,3.5,506.7
28,17,0,60,23,5,0,0,4,23,4,15,2343
29,17,1,3,1.4,0.6,0.1,0.1,0.1,1.3,0.2,1.1,152
42,17,1,1,0.4,0.1,0,0,0,0.4,0,0.4,60
48,17,1,2,0.9,0.3,0,0,0,0.9,0.1,0.9,120
61,17,1,7,3,0.6,0.1,0,0.3,3,0.3,2.8,369.6
75,17,1,2,0.8,0.1,0,0,0,0.8,0,0.8,113.6
87,17,1,2,0.8,0.2,0,0,0.1,0.8,0,0.6,71.9
88,17,1,17,6.4,1.5,0,0,0.9,6.4,0,4.7,610.8
3,18,1,4,1.8,0.5,0.1,0,0.1,1.8,0,1.8,215.2
4,18,1,1,0.5,0.1,0,0,0,0.5,0,0.5,53.8
26,18,1,1,0.5,0.2,0,0.1,0,0.4,0.1,0.4,50.7
27,18,1,18,8.5,3.9,0.4,0.7,0.4,7.8,1.4,6.4,912
28,18,0,29.5,11,3,2,0,1,11,1,11,1021
47,18,1,5,2.2,0.7,0.1,0,0.1,2.2,0.2,2.2,299.9
61,18,1,21,8.9,1.9,0.2,0,0.9,8.9,0.9,8.4,1108.9
62,18,1,9,3.8,0.8,0.1,0,0.4,3.8,0.4,3.6,475.2
3,19,1,4,1.8,0.5,0.1,0,0.1,1.8,0,1.8,215.2
4,19,1,20,9,2.6,0.6,0,0.6,9,0,9,1076.1
24,19,1,4,2,0.8,0.1,0,0.1,2,0.1,1.7,251.7
25,19,1,34,17,7.2,0.9,0,0.9,17,0.9,14.3,2139.3
26,19,0,56,24,8,2,0,2,24,2,21,2784
27,19,0,63,28,8,0,0,2,28,0,27,2671
28,19,0,49.5,23,4,0,0,2,23,2,17,2240
29,19,1,8,3.8,1.7,0.2,0.3,0.2,3.5,0.6,2.8,405.3
46,19,1,1,0.4,0.1,0,0,0,0.4,0,0.4,60
61,19,1,20.5,8.7,1.8,0.2,0,0.9,8.7,0.9,8.2,1082.5
62,19,1,19,8.1,1.7,0.2,0,0.8,8.1,0.8,7.6,1003.3
67,19,1,20,8.2,1.2,0.4,0,0.4,8.2,0,8.2,1135.5
3,20,1,31,10.9,1.7,0.8,0,0,10.9,0.8,10.9,1307.9
4,20,0,47,15,2,3,0,2,15,2,14,1979
22,20,1,2,0.8,0,0.1,0,0.2,0.8,0.1,0.6,95
23,20,1,5,1.9,0,0.2,0,0.5,1.9,0.2,1.6,237.5
24,20,1,10,3.9,0,0.4,0,1.1,3.9,0.4,3.2,475.1
25,20,0,60,24,6,3,0,1,24,1,23,2845
26,20,1,18,7.2,1,0.5,0,1.5,7.2,0,6.2,1044.5
27,20,1,8,3.2,0.5,0.2,0,0.7,3.2,0,2.7,464.2
28,20,0,30,12,2,0,0,2,12,0,12,1297
29,20,1,6,2.4,0.3,0.2,0,0.5,2.4,0,2.1,348.2
61,20,1,27,10.3,2.5,1.5,0,0.5,10.3,0.5,9.8,1071.7
62,20,1,23,8.8,2.1,1.3,0,0.4,8.8,0.4,8.4,912.9
68,20,1,2,0.8,0.2,0.1,0,0,0.8,0,0.8,102.6
93,20,1,9,3.8,0.8,0.3,0,0,3.8,0.3,3,518.2
4,21,1,6,2.1,0.3,0.2,0,0,2.1,0.2,2.1,253.1
24,21,1,5,1.9,0,0.2,0,0.5,1.9,0.2,1.6,237.5
25,21,1,6.5,2.5,0,0.2,0,0.7,2.5,0.2,2.1,308.8
61,21,1,5,1.9,0.5,0.3,0,0.1,1.9,0.1,1.8,198.5
71,21,1,4,1.5,0.4,0.1,0,0,1.5,0,1.5,205.2
84,21,1,7,3,0.7,0.1,0,0.2,3,0.1,2.9,423.1
85,21,1,11,4.7,1,0.2,0,0.3,4.7,0.2,4.5,664.9
93,21,1,6,2.5,0.5,0.2,0,0,2.5,0.2,2,345.5
108,21,1,3,1.2,0.1,0,0,0.1,1.2,0.1,1.1,136.2
71,22,1,6,2.3,0.6,0.2,0,0,2.3,0,2.3,307.9
85,22,1,42.5,18.1,4,0.7,0,1.3,18.1,0.7,17.4,2568.7
86,22,1,28,13.5,5.8,0,0,0,13.5,3.9,10.6,1502.3
107,22,1,7,2.8,0.2,0,0,0.3,2.8,0.2,2.6,317.9
108,22,0,35,15,5,1,0,0,15,0,14,1843
109,22,1,2,0.8,0,0,0,0.1,0.8,0,0.8,90.8
51,23,1,7,2.5,0.5,0.2,0,0,2.5,0.4,2.5,300.3
58,23,1,3,1.1,0.3,0.1,0,0,1.1,0,1.1,153.9
76,23,1,7,2.7,0.4,0.3,0,0.7,2.7,0.1,2.6,346.8
85,23,1,3,1.3,0.3,0,0,0.1,1.3,0,1.2,181.3
86,23,1,1,0.5,0.2,0,0,0,0.5,0.1,0.4,53.7
107,23,1,24.5,9.8,0.6,0,0,1.2,9.8,0.6,9.2,1112.6
108,23,1,4,1.6,0.1,0,0,0.2,1.6,0.1,1.5,181.6
75,24,1,2,0.8,0.2,0.1,0,0,0.8,0,0.8,102.6
76,24,1,14.5,5.7,0.9,0.6,0,1.4,5.7,0.3,5.4,718.5
77,24,1,1,0.4,0.1,0,0,0.1,0.4,0,0.4,49.5
62,25,1,4,1.5,0.4,0.1,0,0,1.5,0,1.5,205.2
78,25,1,6.5,2.5,0.4,0.3,0,0.6,2.5,0.1,2.4,322.1
86,25,1,8,3.4,1,0.3,0,0.3,3.4,0.6,3.1,343.5
100,25,1,6,2.4,0.4,0,0,0,2.4,0.1,2.1,342.6
61,26,1,2,0.8,0.2,0.1,0,0,0.8,0,0.8,102.6
86,26,1,36.5,15.4,4.7,1.3,0,1.3,15.4,2.7,14.1,1567.2
91,26,1,2,0.8,0.2,0.1,0,0,0.8,0.1,0.7,115.2
99,26,1,15,5.9,1,0,0,0,5.9,0.3,5.2,856.6
100,26,1,13,5.2,0.9,0,0,0,5.2,0.2,4.5,742.3
111,26,1,2,0.8,0,0,0,0.1,0.8,0,0.8,90.8
45,27,1,2,0.7,0.2,0.1,0,0,0.7,0.1,0.7,85.8
86,27,1,6,2.5,0.8,0.2,0,0.2,2.5,0.4,2.3,257.6
89,27,1,2,0.8,0.3,0.1,0,0.1,0.8,0.1,0.8,85.9
91,27,1,6,2.5,0.5,0.2,0,0,2.5,0.2,2,345.5
11,28,1,15,6.8,1.9,0,0,0.5,6.8,1,5.8,765
12,28,1,13,5.9,1.7,0,0,0.4,5.9,0.8,5,663
89,28,1,2,0.8,0.3,0.1,0,0.1,0.8,0.1,0.8,85.9
90,28,0,50.5,26,12,0,0,1,26,1,22,2907
91,28,1,7,3,0.6,0.2,0,0,3,0.2,2.3,403
103,28,1,4,1.6,0.3,0,0,0,1.6,0.1,1.4,228.4
104,28,1,3,1.2,0.2,0,0,0,1.2,0.1,1,171.3
11,29,1,3,1.4,0.4,0,0,0.1,1.4,0.2,1.2,153
46,29,1,10,3.6,0.8,0.3,0,0,3.6,0.5,3.6,429
47,29,1,1,0.4,0.1,0,0,0,0.4,0.1,0.4,42.9
57,29,1,2,0.8,0.2,0.1,0,0,0.8,0,0.8,102.6
58,29,1,1,0.4,0.1,0,0,0,0.4,0,0.4,51.3
68,29,1,3,1.1,0.3,0.1,0,0,1.1,0,1.1,153.9
90,29,0,35,16,5,1,0,3,16,2,15,1689
91,29,1,3,1.3,0.3,0.1,0,0,1.3,0.1,1,172.7
102,29,1,2,0.8,0.1,0,0,0,0.8,0,0.7,114.2
103,29,1,11,4.4,0.8,0,0,0,4.4,0.2,3.8,628.1
104,29,1,4,1.6,0.3,0,0,0,1.6,0.1,1.4,228.4
23,30,1,17,6.5,1,0.5,0,0.8,6.5,0,5.8,730.5
24,30,1,11.5,4.4,0.7,0.3,0,0.5,4.4,0,3.9,494.2
46,30,1,18,6.5,1.4,0.5,0,0,6.5,0.9,6.5,772.2
56,30,1,12,4.8,0.7,0.2,0,0.7,4.8,0.4,4.1,494.8
57,30,1,23,9.2,1.3,0.4,0,1.3,9.2,0.7,7.9,948.4
58,30,1,24,9.6,1.3,0.4,0,1.3,9.6,0.8,8.2,989.6
68,30,1,26,9.4,1.4,1.2,0,0.9,9.4,1.2,8.9,1072.5
69,30,1,8,2.9,0.4,0.4,0,0.3,2.9,0.4,2.8,330
83,30,1,4,1.7,0.5,0.1,0,0.1,1.7,0,1.5,207.7
100,30,1,3,1.2,0.4,0,0,0,1.2,0.1,0.9,129
3,31,1,6,3,0.7,0,0,0.3,3,0.1,2.8,327.2
21,31,1,2,0.8,0.1,0.1,0,0.1,0.8,0,0.7,85.9
22,31,1,18,6.9,1.1,0.5,0,0.8,6.9,0,6.1,773.5
23,31,1,13,5,0.8,0.4,0,0.6,5,0,4.4,558.6
24,31,1,16,6.1,1,0.5,0,0.7,6.1,0,5.4,687.5
56,31,1,2,0.8,0.1,0,0,0.1,0.8,0.1,0.7,82.5
57,31,1,14,5.6,0.8,0.2,0,0.8,5.6,0.4,4.8,577.3
58,31,1,25.5,10.2,1.4,0.4,0,1.4,10.2,0.8,8.8,1051.5
59,31,1,7,2.8,0.4,0.1,0,0.4,2.8,0.2,2.4,288.6
67,31,1,2,0.7,0.1,0.1,0,0.1,0.7,0.1,0.7,82.5
68,31,0,25,14,5,0,0,1,14,2,13,1576
69,31,0,52,23,7,2,4,4,19,5,15,2649
83,31,1,26,10.8,3,0.9,0,0.9,10.8,0,10,1350.3
84,31,1,4,1.7,0.5,0.1,0,0.1,1.7,0,1.5,207.7
122,31,1,10,3.6,0.9,0.7,0,0.7,3.6,0.2,3.1,399.6
3,32,1,17,8.4,2,0,0,0.9,8.4,0.3,7.8,927
4,32,1,1,0.5,0.1,0,0,0.1,0.5,0,0.5,54.5
22,32,1,4,1.5,0.2,0.1,0,0.2,1.5,0,1.4,171.9
23,32,1,25,9.6,1.5,0.8,0,1.1,9.6,0,8.5,1074.2
56,32,1,2,0.8,0.1,0,0,0.1,0.8,0.1,0.7,82.5
57,32,0,43,19,6,0,0,1,19,1,17,2018
58,32,0,26,11,3,0,0,0,11,2,6,1040
68,32,1,16,5.8,0.9,0.7,0,0.6,5.8,0.7,5.5,660
69,32,0,48,15,4,2,0,1,15,2,14,1913
82,32,1,22,9.2,2.6,0.7,0,0.7,9.2,0,8.4,1142.5
83,32,1,4,1.7,0.5,0.1,0,0.1,1.7,0,1.5,207.7
122,32,1,13,4.6,1.2,0.9,0,0.9,4.6,0.3,4,519.4
3,33,1,11.5,5.7,1.4,0,0,0.6,5.7,0.2,5.3,627.1
4,33,1,3,1.5,0.4,0,0,0.2,1.5,0.1,1.4,163.6
5,33,1,6,3,0.7,0,0,0.3,3,0.1,2.8,327.2
22,33,1,4,1.5,0.2,0.1,0,0.2,1.5,0,1.4,171.9
23,33,1,5,1.9,0.3,0.2,0,0.2,1.9,0,1.7,214.8
56,33,1,2,0.8,0.1,0,0,0.1,0.8,0.1,0.7,82.5
57,33,1,16.5,6.6,0.9,0.3,0,0.9,6.6,0.5,5.7,680.4
69,33,1,23,8.3,1.2,1,0,0.8,8.3,1,7.9,948.7
81,33,0,27.5,11,2,1,0,2,11,1,10,1311
82,33,0,26,11,1,0,0,2,11,1,11,1160
120,33,1,11,3.5,0.5,0.4,0,0.2,3.5,0.5,2.9,450.1
121,33,0,67.5,29,9,2,2,6,27,4,23,3142
122,33,1,18,6.4,1.6,1.2,0,1.2,6.4,0.4,5.6,719.2
2,34,1,8,4,1,0,0,0.4,4,0.1,3.7,436.2
3,34,0,33.5,16,6,1,0,1,16,3,13,1724
4,34,0,45,16,3,2,0,2,16,2,15,2083
5,34,1,6,3,0.7,0,0,0.3,3,0.1,2.8,327.2
39,34,1,6,2.4,0.7,0.2,0,0.1,2.4,0.4,2,276.4
69,34,1,21.5,7.8,1.2,1,0,0.8,7.8,1,7.4,886.9
119,34,1,15,4.8,0.8,0.5,0,0.2,4.8,0.8,4,613.8
120,34,1,34,10.8,1.7,1.1,0,0.6,10.8,1.7,9.1,1391.2
121,34,0,42,21,8,1,0,0,21,1,17,2139
122,34,1,4,1.4,0.4,0.3,0,0.3,1.4,0.1,1.2,159.8
1,35,1,5,2.1,0.5,0,0,0.2,2.1,0.1,1.7,268.6
3,35,1,22.5,9.3,2.1,0,0,0.8,9.3,0.4,7.6,1208.7
4,35,1,23,9.5,2.1,0,0,0.9,9.5,0.4,7.7,1235.6
69,35,1,12,4.3,0.7,0.5,0,0.4,4.3,0.5,4.1,495
70,35,1,2,0.7,0.1,0.1,0,0.1,0.7,0.1,0.7,82.5
119,35,1,27,8.1,0.4,1.4,0,0,8.1,0.4,7.2,893.2
120,35,1,6,1.8,0.1,0.3,0,0,1.8,0.1,1.6,198.5
121,35,1,15,4.5,0.2,0.8,0,0,4.5,0.2,4,496.2
38,36,1,1,0.4,0.1,0.1,0,0,0.4,0,0.4,51.7
121,36,1,12,3.6,0.2,0.6,0,0,3.6,0.2,3.2,397
0,37,1,3,1.2,0.3,0,0,0.1,1.2,0.1,1,161.2
17,37,1,1.5,0.6,0.1,0,0,0.1,0.6,0,0.5,64.5
18,37,1,10,3.8,0.6,0.3,0,0.5,3.8,0,3.4,429.7
19,37,1,2,0.8,0.1,0.1,0,0.1,0.8,0,0.7,85.9
39,37,1,10,4.2,1.2,0.6,0,0.3,4.2,0.3,4.2,517.3
40,37,1,5,2.1,0.6,0.3,0,0.2,2.1,0.2,2.1,258.6
42,37,1,12,4.7,1.4,0.5,0,0.2,4.7,0.7,4,552.7
91,37,1,3,1.2,0.2,0.1,0,0.3,1.2,0.1,1.1,148.6
92,37,1,19,7.5,1.1,0.7,0,1.9,7.5,0.4,7.1,941.4
19,38,1,4,1.5,0.2,0.1,0,0.2,1.5,0,1.4,171.9
39,38,1,6,2.5,0.7,0.4,0,0.2,2.5,0.2,2.5,310.4
40,38,0,34,15,3,1,0,4,15,0,9,1786
41,38,1,25,9.8,2.9,1,0,0.5,9.8,1.5,8.3,1151.5
42,38,1,2,0.8,0.2,0.1,0,0,0.8,0.1,0.7,92.1
103,38,1,11,4.3,1.4,0,0,0,4.3,0.3,3.4,473.1
104,38,0,37,15,3,1,0,3,15,0,14,1643
105,38,1,9,3.5,1.2,0,0,0,3.5,0.2,2.8,387.1
34,39,1,3,1.2,0.2,0.1,0,0.3,1.2,0,1,174.1
39,39,1,2,0.8,0.2,0.1,0,0.1,0.8,0.1,0.8,103.5
40,39,1,9,3.8,1.1,0.5,0,0.3,3.8,0.3,3.8,465.5
41,39,1,6,2.4,0.7,0.2,0,0.1,2.4,0.4,2,276.4
51,39,1,1,0.4,0.1,0,0,0,0.4,0.1,0.4,42.9
104,39,1,15.5,6,2,0,0,0,6,0.4,4.8,666.7
18,40,1,1,0.5,0.3,0,0,0,0.5,0,0.4,65.4
19,40,1,1,0.5,0.3,0,0,0,0.5,0,0.4,65.4
33,40,1,5,1.9,0.5,0.2,0,0.2,1.9,0.3,1.9,205.7
35,40,1,5,1.9,0.5,0.2,0,0.2,1.9,0.3,1.9,205.7
50,40,1,2,0.8,0.2,0.1,0,0.1,0.8,0.1,0.7,116.6
72,40,1,2.5,0.9,0.1,0,0,0,0.9,0,0.8,115.1
33,41,1,8,3.1,0.8,0.3,0,0.3,3.1,0.5,3.1,329.2
34,41,0,27,11,3,1,1,0,10,3,8,1196
35,41,1,2,0.8,0.2,0.1,0,0.1,0.8,0.1,0.8,82.3
100,41,1,2,1.2,0.7,0,0,0.1,1.2,0.2,1,126.8
102,41,1,17,7,1.9,0.5,0,1.4,7,0.9,4.9,757.7
111,41,1,2,0.9,0.3,0,0,0.1,0.9,0.1,0.7,95.5
112,41,1,2,0.9,0.3,0,0,0.1,0.9,0.1,0.7,95.5
33,42,1,21,8.1,2,0.7,0,0.7,8.1,1.4,8.1,864
34,42,1,16,6.2,1.5,0.5,0,0.5,6.2,1,6.2,658.3
35,42,1,2,0.8,0.2,0.1,0,0.1,0.8,0.1,0.8,82.3
46,42,1,2,0.8,0.2,0.1,0,0.1,0.8,0.1,0.7,116.6
99,42,0,27,11,4,1,0,1,11,2,9,1419
100,42,0,37,17,6,2,1,0,16,2,15,1960
101,42,1,26,10.8,3,0.8,0,2.2,10.8,1.3,7.5,1158.8
102,42,1,22.5,9.3,2.6,0.7,0,1.9,9.3,1.2,6.5,1002.8
111,42,1,12,5.2,1.9,0.2,0,0.8,5.2,0.5,3.9,573
112,42,0,31,13,4,2,0,0,13,1,11,1159
7,43,1,1,0.5,0.2,0,0,0,0.5,0.1,0.5,45
33,43,1,3,1.2,0.3,0.1,0,0.1,1.2,0.2,1.2,123.4
56,43,1,4,1.5,0.1,0,0,0,1.5,0,1.4,184.1
99,43,1,7,4.3,2.3,0,0,0.3,4.3,0.7,3.3,443.7
100,43,1,12,7.4,4,0,0,0.6,7.4,1.1,5.7,760.6
101,43,1,11,4.6,1.3,0.3,0,0.9,4.6,0.6,3.2,490.3
102,43,1,16,6.6,1.8,0.5,0,1.3,6.6,0.8,4.6,713.1
110,43,1,15,6.5,2.4,0.2,0,1,6.5,0.6,4.9,716.3
111,43,0,25,11,5,1,0,1,11,3,11,1207
112,43,0,38,15,3,1,0,1,15,1,15,1561
113,43,1,14.5,6.3,2.3,0.2,0,0.9,6.3,0.6,4.7,692.4
4,44,1,5,2.7,1.3,0,0,0.4,2.7,0.1,1.9,264.9
5,44,1,31,17,8.1,0,0,2.2,17,0.7,11.8,1642.3
6,44,1,22,10.5,3.8,0,0,0,10.5,1.9,10.5,989
7,44,0,81.5,31,10,4,0,6,31,13,4,2596
55,44,1,4,1.6,0.3,0.2,0,0.2,1.6,0.2,1.3,233.2
56,44,1,7,2.6,0.2,0,0,0,2.6,0,2.4,322.2
84,44,1,2,0.7,0,0,0,0,0.7,0,0.7,102.7
85,44,1,3,1,0.1,0.1,0,0,1,0.1,1,154
102,44,1,2,0.8,0.2,0.1,0,0.2,0.8,0.1,0.6,89.1
110,44,1,6,2.6,0.9,0.1,0,0.4,2.6,0.2,2,286.5
111,44,1,8,3.5,1.3,0.1,0,0.5,3.5,0.3,2.6,382
112,44,1,17,7.3,2.7,0.2,0,1.1,7.3,0.7,5.6,811.8
3,45,1,11,4.5,1.2,0.1,0,0.1,4.5,0,4.2,505.7
4,45,0,57,19,1,3,0,2,19,0,17,2020
5,45,0,42.5,17,6,1,1,1,16,0,15,1878
6,45,1,17.5,6.9,1.5,0.4,0,0.5,6.9,0.3,6.7,805.1
7,45,1,10,4,0.9,0.2,0,0.3,4,0.1,3.8,460.1
23,45,1,1,0.5,0.3,0,0,0,0.5,0,0.4,65.4
126,45,1,8,3.4,1.2,0.4,0,0.2,3.4,0.2,3.2,435.2
3,46,0,22,11,5,1,0,1,11,3,10,1175
4,46,0,39,15,2,0,0,1,15,0,14,1479
5,46,0,47,20,5,1,0,3,20,2,17,2588
6,46,0,61,29,10,1,0,4,29,5,21,2785
7,46,1,9,3.6,0.8,0.2,0,0.3,3.6,0.1,3.4,414.1
8,46,1,3,1.2,0.3,0.1,0,0.1,1.2,0,1.1,138
46,46,1,6,2.4,0.5,0.2,0,0.2,2.4,0.4,2,349.8
125,46,1,3,1.3,0.4,0.1,0,0.1,1.3,0.1,1.2,163.2
126,46,0,34,13,3,1,0,2,13,3,12,1371
127,46,1,26,11.1,3.9,1.3,0,0.7,11.1,0.7,10.4,1414.4
3,47,1,3,1.2,0.3,0,0,0,1.2,0,1.1,137.9
4,47,1,28,11.4,3.1,0.3,0,0.3,11.4,0,10.7,1287.3
5,47,1,20,8.1,2.2,0.2,0,0.2,8.1,0,7.7,919.5
6,47,0,51.5,21,6,0,0,2,21,0,20,2533
7,47,1,9,3.6,0.8,0.2,0,0.3,3.6,0.1,3.4,414.1
8,47,1,22,8.7,1.9,0.5,0,0.6,8.7,0.3,8.4,1012.2
10,47,1,13,5.2,1.1,0.3,0,0.4,5.2,0.2,5,598.1
127,47,1,2,0.9,0.3,0.1,0,0,0.9,0,0.8,108.8
4,48,1,8,3.3,0.9,0.1,0,0.1,3.3,0,3.1,367.8
5,48,1,11,4.5,1.2,0.1,0,0.1,4.5,0,4.2,505.7
6,48,1,30,11.9,2.6,0.7,0,0.9,11.9,0.4,11.5,1380.2
7,48,1,7.5,3,0.7,0.2,0,0.2,3,0.1,2.9,345.1
8,48,1,1,0.4,0.1,0,0,0,0.4,0,0.4,46
66,48,1,22,10.5,4.3,0.6,0,1.2,10.5,0,9.9,1164.5
72,48,1,2,0.7,0.1,0,0,0,0.7,0,0.7,92.1
105,48,1,2,0.8,0.2,0.1,0,0.2,0.8,0.1,0.6,89.1
6,49,1,6,2.4,0.5,0.1,0,0.2,2.4,0.1,2.3,276
7,49,1,8,3.2,0.7,0.2,0,0.2,3.2,0.1,3.1,368.1
46,49,1,2,0.8,0.2,0.1,0,0.1,0.8,0.1,0.7,116.6
55,49,1,6,2.4,0.5,0.2,0,0.2,2.4,0.4,2,349.8
65,49,1,6,2.2,0.2,0,0,0,2.2,0,2,276.2
66,49,1,13.5,6.5,2.7,0.4,0,0.8,6.5,0,6.1,714.5
44,50,1,2,0.8,0.2,0.1,0,0.1,0.8,0.1,0.7,116.6
45,50,1,9.5,3.9,0.8,0.4,0,0.4,3.9,0.6,3.1,553.9
46,50,1,18,6.9,2.1,0.9,0,0.4,6.9,0.4,6.4,715.7
65,50,1,4,1.5,0.1,0,0,0,1.5,0,1.4,184.1
116,50,1,1,0.4,0.1,0,0,0,0.4,0,0.3,48.7
22,51,1,1,0.5,0.3,0,0,0,0.5,0,0.4,65.4
44,51,1,4.5,1.8,0.4,0.2,0,0.2,1.8,0.3,1.5,262.4
45,51,0,34,13,5,3,0,0,13,1,11,1604
46,51,0,22,13,6,0,0,2,13,2,10,1261
47,51,1,4,1.5,0.5,0.2,0,0.1,1.5,0.1,1.4,159
74,51,1,4,1.5,0.1,0,0,0,1.5,0,1.4,184.1
117,51,1,9,3.6,0.7,0.4,0,0.4,3.6,0.2,3,438.4
19,52,1,5,2.4,1.3,0.2,0,0.2,2.4,0,2,327.1
45,52,1,3,1.2,0.2,0.1,0,0.1,1.2,0.2,1,174.9
11,53,1,2,1,0.4,0,0,0.1,1,0.1,0.8,97
30,53,1,9,3.2,0.5,0.3,0,0,3.2,0.3,2.7,363.4
31,53,1,7,2.5,0.4,0.2,0,0,2.5,0.2,2.1,282.6
41,53,1,4,1.6,0.3,0.2,0,0.2,1.6,0.2,1.3,233.2
89,53,1,18,6.3,0.4,0.4,0,0,6.3,0.4,5.9,923.9
90,53,1,6,2.1,0.1,0.1,0,0,2.1,0.1,2,308
117,53,1,5,2,0.4,0.2,0,0.2,2,0.1,1.7,243.6
0,54,1,2,1,0.4,0,0,0.1,1,0.1,0.8,97
18,54,1,2,0.9,0.5,0.1,0,0.1,0.9,0,0.8,130.8
19,54,1,5,2.4,1.3,0.2,0,0.2,2.4,0,2,327.1
20,54,1,1,0.5,0.3,0,0,0,0.5,0,0.4,65.4
32,54,1,8,2.9,0.4,0.3,0,0,2.9,0.3,2.4,323
41,54,1,2,0.8,0.2,0.1,0,0.1,0.8,0.1,0.7,116.6
86,54,1,4,1.4,0.1,0.1,0,0,1.4,0.1,1.3,205.3
105,54,1,1,0.4,0.1,0,0,0,0.4,0.1,0.3,41.2
108,54,1,4,1.6,0.4,0.2,0.1,0.2,1.5,0.3,1.4,164.7
117,54,1,1,0.4,0.1,0,0,0,0.4,0,0.3,48.7
1,55,1,19,9.5,3.5,0,0,0.7,9.5,0.7,7.7,921.1
2,55,1,9,4.5,1.7,0,0,0.3,4.5,0.3,3.7,436.3
3,55,1,3,1.5,0.6,0,0,0.1,1.5,0.1,1.2,145.4
18,55,1,3,1.4,0.8,0.1,0,0.1,1.4,0,1.2,196.3
19,55,1,3,1.4,0.8,0.1,0,0.1,1.4,0,1.2,196.3
20,55,1,1,0.5,0.3,0,0,0,0.5,0,0.4,65.4
21,55,1,3.5,1.7,0.9,0.1,0,0.1,1.7,0,1.4,229
31,55,1,4,1.4,0.2,0.1,0,0,1.4,0.1,1.2,161.5
32,55,1,2,0.7,0.1,0.1,0,0,0.7,0.1,0.6,80.8
86,55,1,2,0.7,0,0,0,0,0.7,0,0.7,102.7
1,56,1,13,6.5,2.4,0,0,0.5,6.5,0.5,5.3,630.3
10,56,1,6,3,1.1,0,0,0.2,3,0.2,2.4,290.9
31,56,1,8,2.9,0.4,0.3,0,0,2.9,0.3,2.4,323
33,56,1,2,0.7,0.1,0.1,0,0,0.7,0.1,0.6,80.8
55,56,1,5,2.1,0.7,0.1,0,0.2,2.1,0.3,1.9,243.9
30,57,1,3,1.1,0.2,0.1,0,0,1.1,0.1,0.9,121.1
44,57,1,2,0.8,0.2,0.1,0,0.1,0.8,0.1,0.7,116.6
83,57,1,2,0.7,0,0,0,0,0.7,0,0.7,102.7
104,57,0,24,11,2,0,0,1,11,1,8,1355
115,57,1,6,2.4,0.6,0.3,0.2,0.3,2.2,0.4,2.1,247
118,57,1,13,4.6,0.5,0.3,0,0.5,4.6,0.2,3.9,449.7
119,57,1,30,10.7,1.2,0.8,0,1.2,10.7,0.4,9.1,1037.8
26,58,1,7,2.5,0.4,0.2,0,0,2.5,0.2,2.1,282.6
30,58,1,4,1.4,0.2,0.1,0,0,1.4,0.1,1.2,161.5
50,58,1,20,7.6,2.4,1,0,0.5,7.6,0.5,7.1,795.2
51,58,1,24,10.2,3.2,0.5,0,0.9,10.2,1.4,9.2,1170.9
52,58,1,9,3.8,1.2,0.2,0,0.3,3.8,0.5,3.5,439.1
103,58,1,5,2,0.5,0.2,0.1,0.2,1.9,0.3,1.7,205.8
104,58,1,19,7.5,1.8,0.9,0.4,0.9,7.1,1.3,6.6,782.1
105,58,1,8,3.2,0.7,0.4,0.2,0.4,3,0.6,2.8,329.3
118,58,1,23,8.2,0.9,0.6,0,0.9,8.2,0.3,7,795.6
119,58,0,45,17,2,1,0,2,17,1,14,1503
120,58,0,31.5,12,4,1,0,2,12,1,10,1415
121,58,1,14.5,5.7,1.1,0.6,0,0.6,5.7,0.3,4.9,706.3
122,58,1,7,2.8,0.6,0.3,0,0.3,2.8,0.1,2.4,341
30,59,1,2,0.7,0.1,0.1,0,0,0.7,0.1,0.6,80.8
51,59,1,13,5.5,1.8,0.2,0,0.5,5.5,0.8,5,634.2
52,59,1,1,0.4,0.1,0,0,0,0.4,0.1,0.4,48.8
87,59,1,3,1,0.1,0.1,0,0,1,0.1,1,154
119,59,1,4,1.4,0.2,0.1,0,0.2,1.4,0.1,1.2,138.4
120,59,1,6,2.1,0.2,0.2,0,0.2,2.1,0.1,1.8,207.6
121,59,1,8,3.2,0.6,0.3,0,0.3,3.2,0.2,2.7,389.7
122,59,1,5,2,0.4,0.2,0,0.2,2,0.1,1.7,243.6
90,60,1,1,0.4,0.1,0,0,0,0.4,0,0.4,61.8
73,61,1,2,0.8,0.2,0,0,0,0.8,0,0.8,108.6
74,61,1,13,5.4,1.2,0.3,0,0,5.4,0.3,5.1,705.9
75,61,1,3,1.3,0.3,0.1,0,0,1.3,0.1,1.2,162.9
40,62,1,6,2.6,0.9,0.2,0,0.3,2.6,0.2,2.2,280.3
41,62,1,2,0.9,0.3,0.1,0,0.1,0.9,0.1,0.7,93.4
73,62,1,2,0.8,0.2,0,0,0,0.8,0,0.8,108.6
120,62,1,2,0.9,0.3,0,0,0,0.9,0,0.8,82.3
36,63,1,6,2.6,0.9,0.2,0,0.3,2.6,0.2,2.2,280.3
37,63,1,27,11.7,4,0.7,0,1.5,11.7,0.7,9.9,1261.3
38,63,1,6,2.6,0.9,0.2,0,0.3,2.6,0.2,2.2,280.3
39,63,1,11,4.8,1.6,0.3,0,0.6,4.8,0.3,4,513.9
40,63,1,5,2.2,0.7,0.1,0,0.3,2.2,0.1,1.8,233.6
63,63,1,3,1.3,0.3,0.1,0,0,1.3,0.1,1.2,162.9
100,63,1,2,0.9,0.2,0,0,0,0.9,0,0.8,106
36,64,1,1,0.4,0.1,0,0,0.1,0.4,0,0.4,46.7
37,64,1,10,4.3,1.5,0.3,0,0.5,4.3,0.3,3.6,467.2
65,64,1,3,1.3,0.3,0.1,0,0,1.3,0.1,1.2,162.9
112,64,1,2,0.8,0.1,0,0,0,0.8,0,0.6,80.3
114,64,0,38,11,0,3,0,1,11,1,11,1396
115,64,1,15,5.9,0.7,0,0,0.4,5.9,0.4,4.8,602.2
116,64,1,1,0.5,0.2,0,0,0,0.5,0,0.4,41.2
46,65,1,9,3.3,0.8,0.3,0,0.2,3.3,0,3.1,352.9
47,65,1,16,5.8,1.4,0.6,0,0.3,5.8,0,5.5,627.3
48,65,1,3,1.1,0.3,0.1,0,0.1,1.1,0,1,117.6
53,65,1,2,0.7,0.2,0.1,0,0,0.7,0,0.7,78.4
57,65,1,4,1.7,0.4,0.1,0,0,1.7,0.1,1.6,217.2
112,65,1,3,1.2,0.1,0,0,0.1,1.2,0.1,1,120.4
114,65,1,3,1.2,0.1,0,0,0.1,1.2,0.1,1,120.4
115,65,1,12,4.7,0.6,0,0,0.3,4.7,0.3,3.8,481.8
116,65,1,8,4.4,2.5,0.2,0,0.7,4.4,0.7,3.9,488.4
11,66,1,4,1.7,0.4,0.1,0,0,1.7,0.2,1.5,219.9
26,66,1,2,0.8,0.1,0.1,0,0,0.8,0,0.6,95.2
46,66,1,13,4.7,1.1,0.4,0,0.2,4.7,0,4.5,509.7
47,66,1,13,4.7,1.1,0.4,0,0.2,4.7,0,4.5,509.7
48,66,1,2,0.7,0.2,0.1,0,0,0.7,0,0.7,78.4
58,66,1,3,1.3,0.3,0.1,0,0,1.3,0.1,1.2,162.9
115,66,1,2,0.8,0.1,0,0,0,0.8,0,0.6,80.3
116,66,1,19.5,10.8,6,0.6,0,1.8,10.8,1.8,9.6,1190.4
117,66,1,5,2.8,1.5,0.2,0,0.5,2.8,0.5,2.5,305.2
97,67,1,6,2.8,0.7,0,0.2,0,2.6,0,2.3,318
117,67,0,28.5,12,4,1,0,3,12,1,11,1298
20,68,1,2,0.8,0.1,0.1,0,0,0.8,0,0.6,95.2
25,68,1,5,1.9,0.3,0.2,0,0,1.9,0.1,1.4,237.9
97,68,0,28,12,4,0,0,1,12,0,12,1145
98,68,1,6,2.8,0.7,0,0.2,0,2.6,0,2.3,318
125,68,1,21,9.6,3.5,0,0,0,9.6,0,7.9,864.5
24,69,1,2,0.8,0.1,0.1,0,0,0.8,0,0.6,95.2
25,69,1,2,0.8,0.1,0.1,0,0,0.8,0,0.6,95.2
67,69,1,2,0.8,0.2,0,0,0,0.8,0,0.8,108.6
73,69,1,3,1.3,0.3,0.1,0,0,1.3,0.1,1.2,162.9
98,69,1,13,6.1,1.5,0,0.4,0,5.7,0,5,689
112,69,1,4,1.6,0.2,0,0,0.1,1.6,0.1,1.3,160.6
124,69,0,34,12,3,2,0,0,12,1,12,1492
5,70,1,6,2.2,0.5,0.1,0,0.2,2.2,0.1,2.1,261.5
6,70,1,3,1.3,0.3,0.1,0,0,1.3,0.1,1.1,164.9
87,70,1,2,0.8,0.2,0,0,0,0.8,0,0.8,123.7
91,70,1,1,0.4,0.1,0,0,0,0.4,0,0.4,61.8
96,70,1,2,0.9,0.2,0,0,0,0.9,0,0.8,106
115,70,1,1,0.5,0.1,0,0,0,0.5,0,0.4,53
123,70,1,9,4.8,1.8,0,0,0.5,4.8,0.8,4.5,480.2
124,70,0,52,21,4,0,1,2,20,1,19,2192
4,71,1,7,2.6,0.6,0.1,0,0.2,2.6,0.1,2.4,305.1
5,71,1,26,9.7,2.4,0.5,0,0.8,9.7,0.5,8.9,1133.3
29,71,1,2,0.8,0.2,0,0,0,0.8,0,0.7,88.5
32,71,1,2,0.8,0.2,0,0,0.1,0.8,0.1,0.6,95.1
33,71,1,3,1.2,0.3,0,0,0.1,1.2,0.1,1,142.6
34,71,1,1,0.4,0.1,0,0,0,0.4,0,0.3,47.5
41,71,1,12,4.6,1.1,0.7,0,0,4.6,0.4,2.8,618.7
84,71,1,2,1,0.4,0,0,0.1,1,0.1,0.9,104.9
89,71,1,1,0.4,0.1,0,0,0,0.4,0,0.4,61.8
123,71,1,3,1.6,0.6,0,0,0.2,1.6,0.2,1.5,160.1
124,71,1,17,9,3.3,0,0,0.9,9,1.4,8.5,907.1
3,72,1,14,5.2,1.3,0.3,0,0.4,5.2,0.3,4.8,610.2
4,72,1,14,5.2,1.3,0.3,0,0.4,5.2,0.3,4.8,610.2
6,72,1,2,0.9,0.2,0,0,0,0.9,0.1,0.7,110
28,72,1,2,0.8,0.2,0,0,0,0.8,0,0.7,88.5
30,72,1,4,1.6,0.3,0.1,0,0,1.6,0,1.4,177.1
31,72,0,43,16,4,2,0,1,16,3,15,1485
32,72,1,16,6.6,1.6,0,0,0.8,6.6,0.8,5.1,760.6
40,72,1,5,1.9,0.4,0.3,0,0,1.9,0.1,1.2,257.8
41,72,1,14,5.4,1.2,0.8,0,0,5.4,0.4,3.3,721.8
84,72,1,4,1.9,0.8,0.1,0,0.2,1.9,0.2,1.9,209.9
85,72,1,14,6.8,2.9,0.2,0,0.7,6.8,0.7,6.6,734.6
125,72,1,7,3.7,1.4,0,0,0.4,3.7,0.6,3.5,373.5
3,73,1,16,5.9,1.4,0.3,0,0.5,5.9,0.3,5.5,697.4
4,73,1,4,1.5,0.4,0.1,0,0.1,1.5,0.1,1.4,174.4
31,73,1,19,7.9,1.9,0,0,0.9,7.9,0.9,6,903.2
40,73,1,1,0.4,0.1,0.1,0,0,0.4,0,0.2,51.6
84,73,1,7,3.4,1.5,0.1,0,0.4,3.4,0.4,3.3,367.3
85,73,1,15.5,7.5,3.2,0.3,0,0.8,7.5,0.8,7.3,813.3
86,73,1,9.5,4,0.9,0.2,0,0,4,0,3.8,587.4
87,73,0,34,13,4,1,0,3,13,4,7,1171
3,74,1,12.5,4.6,1.1,0.3,0,0.4,4.6,0.3,4.3,544.8
4,74,0,31,12,2,0,0,0,12,0,12,1246
30,74,1,14,5.5,1.1,0.3,0,0,5.5,0,4.9,619.8
66,74,1,7,3.5,1.3,0,0,0.4,3.5,0.4,3.1,367.7
84,74,1,15,7.3,3.1,0.3,0,0.8,7.3,0.8,7,787
85,74,0,91,41,19,2,2,3,39,7,24,4128
86,74,1,13,5.5,1.3,0.3,0,0,5.5,0,5.1,803.8
87,74,1,2,0.8,0.2,0,0,0,0.8,0,0.8,123.7
0,75,1,4,1.6,0.4,0.1,0,0.1,1.6,0.2,1.6,158.1
1,75,1,25,11.5,4,0.5,0,0,11.5,0.5,8,1180
2,75,1,4,1.8,0.6,0.1,0,0,1.8,0.1,1.3,188.8
4,75,1,2,0.9,0.3,0,0,0,0.9,0,0.6,94.4
5,75,1,13,6,2.1,0.3,0,0,6,0.3,4.2,613.6
6,75,1,5,2.2,0.5,0.1,0,0,2.2,0.2,1.8,274.9
21,75,1,5,1.9,0.3,0.2,0,0,1.9,0.1,1.4,237.9
29,75,1,3,1.2,0.2,0.1,0,0,1.2,0,1.1,132.8
30,75,1,12,4.7,0.9,0.2,0,0,4.7,0,4.2,531.3
31,75,1,14,5.5,1.1,0.3,0,0,5.5,0,4.9,619.8
44,75,1,2,0.9,0.3,0.1,0,0.1,0.9,0.1,0.6,73.6
66,75,1,24,12,4.4,0,0,1.3,12,1.3,10.7,1260.6
67,75,0,25,14,8,0,0,0,14,2,14,1257
68,75,1,5,2.5,0.9,0,0,0.3,2.5,0.3,2.2,262.6
84,75,0,20,11,4,0,4,2,7,3,6,994
85,75,0,86.5,41,16,4,5,2,36,4,33,3921
86,75,0,31,13,3,1,0,0,13,0,12,1463
87,75,1,27,11.8,4.2,0,0,1.4,11.8,1.4,9.7,1159.6
88,75,1,8,3.5,1.2,0,0,0.4,3.5,0.4,2.9,343.6
127,75,1,2,0.9,0.1,0,0,0.1,0.9,0.1,0.6,111.3
0,76,1,4,1.6,0.4,0.1,0,0.1,1.6,0.2,1.6,158.1
1,76,1,3,1.4,0.5,0.1,0,0,1.4,0.1,1,141.6
2,76,1,1,0.5,0.2,0,0,0,0.5,0,0.3,47.2
5,76,1,1,0.5,0.2,0,0,0,0.5,0,0.3,47.2
24,76,1,6,2.3,0.4,0.3,0,0,2.3,0.1,1.7,285.5
37,76,1,2,0.8,0.2,0.1,0,0,0.8,0.1,0.5,103.1
46,76,0,33.5,12,3,1,0,3,12,3,4,963
47,76,1,17.5,8.3,3.2,0.5,0.9,1.1,7.4,0.9,5.2,799.2
48,76,1,18,8.5,3.3,0.6,0.9,1.1,7.6,0.9,5.4,822.1
56,76,1,5,2.1,0.5,0.1,0,0,2.1,0.1,2,271.5
84,76,1,21,6.8,1.4,1.4,0.7,0.4,6.1,0.7,5.4,793.5
85,76,0,21,16,12,0,0,1,16,3,14,1058
86,76,0,39,18,6,1,0,0,18,0,16,1489
89,76,1,4,1.7,0.6,0,0,0.2,1.7,0.2,1.4,171.8
92,76,1,2,0.8,0.2,0,0,0,0.8,0,0.8,123.7
0,77,1,8,3.1,0.8,0.2,0,0.2,3.1,0.5,3.1,316.2
20,77,1,10,3.8,0.7,0.4,0,0,3.8,0.2,2.9,475.8
46,77,0,35,14,3,1,0,2,14,2,14,1460
47,77,0,97,51,24,2,20,9,31,8,23,3970
48,77,0,44.5,25,8,0,8,3,17,4,11,2582
49,77,1,8,3.8,1.5,0.2,0.4,0.5,3.4,0.4,2.4,365.4
73,77,1,1,0.5,0.2,0,0,0.1,0.5,0.1,0.4,52.5
79,77,1,3,1.2,0.3,0,0,0.1,1.2,0.2,1.1,121
82,77,1,6,1.9,0.4,0.4,0.2,0.1,1.7,0.2,1.5,226.7
83,77,1,12.5,4,0.9,0.9,0.4,0.2,3.6,0.4,3.2,472.3
84,77,1,16,5.2,1.1,1.1,0.6,0.3,4.6,0.5,4.1,604.6
85,77,1,19,6.1,1.3,1.3,0.6,0.3,5.5,0.6,4.9,718
86,77,0,56,22,4,2,0,3,22,2,13,1798
95,77,1,3,1.3,0.3,0.1,0,0,1.3,0,1.2,185.5
96,77,1,2,0.9,0.2,0,0,0,0.9,0,0.8,106
97,77,1,2,0.9,0.2,0,0,0,0.9,0,0.8,106
5,78,1,1,0.5,0.2,0,0,0,0.5,0,0.3,47.2
20,78,1,4,1.5,0.3,0.2,0,0,1.5,0.1,1.2,190.3
21,78,1,7,2.6,0.5,0.3,0,0,2.6,0.2,2,333
43,78,1,2,0.9,0.3,0.1,0,0.1,0.9,0.1,0.6,73.6
44,78,1,26,11.3,4.3,0.9,0,1.7,11.3,1.7,7.8,956.8
45,78,0,40,17,3,0,0,2,17,0,16,1589
46,78,1,15,7.1,2.8,0.5,0.8,0.9,6.3,0.8,4.5,685.1
47,78,0,94,47,24,3,14,5,33,4,19,4277
48,78,0,66.5,27,9,3,1,2,26,3,20,2998
49,78,0,23,12,5,0,1,0,11,1,10,1315
50,78,1,7,3.3,1.3,0.2,0.4,0.4,2.9,0.4,2.1,319.7
51,78,1,4,1.9,0.7,0.1,0.2,0.2,1.7,0.2,1.2,182.7
79,78,1,30,12.3,3.1,0,0,0.8,12.3,2.3,10.8,1210
80,78,1,1,0.4,0.1,0,0,0,0.4,0.1,0.4,40.3
81,78,1,6,1.9,0.4,0.4,0.2,0.1,1.7,0.2,1.5,226.7
82,78,1,23,7.4,1.6,1.6,0.8,0.4,6.6,0.8,5.9,869.1
83,78,1,10,3.2,0.7,0.7,0.3,0.2,2.9,0.3,2.6,377.9
0,79,1,4,1.6,0.4,0.1,0,0.1,1.6,0.2,1.6,158.1
45,79,0,50,19,4,3,0,3,19,2,12,2099
46,79,0,28,14,4,0,0,2,14,0,12,1383
47,79,0,117,64,34,3,6,6,58,9,37,5654
48,79,0,91.5,48,22,3,10,5,38,6,27,4494
49,79,0,21,13,5,0,0,2,13,0,8,1767
50,79,1,18.5,8.8,3.4,0.6,1,1.1,7.8,1,5.5,844.9
55,79,1,9,4.3,1.7,0.3,0.5,0.6,3.8,0.5,2.7,411
75,79,1,1,0.5,0.2,0,0,0.1,0.5,0.1,0.4,52.5
79,79,0,37,16,4,2,0,0,16,2,16,1444
80,79,1,5,2.1,0.5,0,0,0.1,2.1,0.4,1.8,201.7
81,79,0,26,15,7,0,0,1,15,0,11,1481
82,79,1,4,1.3,0.3,0.3,0.1,0.1,1.2,0.1,1,151.1
95,79,1,6,2.5,0.6,0.1,0,0,2.5,0,2.4,371
0,80,1,2,0.9,0.2,0.1,0.1,0,0.8,0.1,0.8,93.1
46,80,0,43,23,7,0,0,3,23,3,17,2034
47,80,0,46,27,14,0,0,1,27,3,22,2442
48,80,0,40.5,15,5,3,0,2,15,2,11,1529
49,80,0,39.5,19,6,1,0,1,19,0,17,2193
50,80,0,49,23,6,0,0,4,23,4,20,2468
51,80,1,15,5.7,1.1,0.2,0,0.4,5.7,0.4,3.5,583
55,80,1,2,0.8,0.1,0,0,0.1,0.8,0.1,0.5,77.7
79,80,1,16,6.7,1.3,0.5,0,0.5,6.7,0.2,5.8,681.5
80,80,0,61.5,28,8,2,1,4,27,8,20,2888
81,80,0,26,11,4,1,0,0,11,1,8,1284
82,80,1,3,1.3,0.3,0,0,0.1,1.3,0.1,1.1,133.5
84,80,1,2,0.8,0.2,0,0,0.1,0.8,0.1,0.7,89
95,80,1,2,0.9,0.4,0,0,0,0.9,0.1,0.9,100.8
127,80,1,2,0.7,0.2,0.1,0,0,0.7,0,0.6,85.1
46,81,1,5,2.5,0.8,0.1,0,0.3,2.5,0.2,2,238.9
48,81,1,1,0.5,0.2,0,0,0.1,0.5,0,0.4,47.8
49,81,1,18,8.9,2.8,0.5,0,1,8.9,0.8,7.4,860.2
50,81,1,22,10.8,3.4,0.6,0,1.2,10.8,0.9,9,1051.4
51,81,1,18,6.9,1.3,0.3,0,0.5,6.9,0.5,4.2,699.6
79,81,1,2,0.8,0.2,0.1,0,0.1,0.8,0,0.7,85.2
80,81,1,10,4.2,0.8,0.3,0,0.3,4.2,0.1,3.6,425.9
127,81,1,4,1.4,0.3,0.2,0,0,1.4,0,1.2,170.3
49,82,1,8,3.9,1.2,0.2,0,0.5,3.9,0.3,3.3,382.3
50,82,0,44,14,1,2,4,6,10,5,3,1166
83,82,1,6,2.5,0.6,0.1,0,0.2,2.5,0.2,2.2,267
84,82,1,4,1.7,0.4,0.1,0,0.1,1.7,0.1,1.4,178
127,82,1,24,8.4,1.8,1.3,0,0.3,8.4,0.3,7.4,1021.7
13,83,1,4,1.6,0.2,0,0,0.1,1.6,0.1,1.4,191
14,83,1,11,4.5,0.6,0,0,0.2,4.5,0.4,3.9,525.3
47,83,1,2,1,0.3,0.1,0,0.1,1,0.1,0.8,95.6
50,83,1,15,7.4,2.3,0.4,0,0.8,7.4,0.6,6.1,716.8
51,83,1,8,3.1,0.6,0.1,0,0.2,3.1,0.2,1.9,310.9
63,83,1,4,1.6,0.4,0.1,0,0.2,1.6,0.1,1.3,188
67,83,1,4,1.6,0.4,0.1,0,0.2,1.6,0.1,1.3,188
78,83,1,2,0.8,0.2,0.1,0,0.1,0.8,0,0.7,85.2
79,83,1,2,0.8,0.2,0.1,0,0.1,0.8,0,0.7,85.2
80,83,1,3,1.2,0.2,0.1,0,0.1,1.2,0,1.1,127.8
81,83,1,5,2.1,0.5,0.1,0,0.2,2.1,0.2,1.8,222.5
82,83,1,5,2.1,0.5,0.1,0,0.2,2.1,0.2,1.8,222.5
83,83,1,16,6.8,1.5,0.2,0,0.5,6.8,0.5,5.8,712
126,83,1,7,2.5,0.5,0.4,0,0.1,2.5,0.1,2.2,298
127,83,1,9,3.2,0.7,0.5,0,0.1,3.2,0.1,2.8,383.1
14,84,0,34,13,3,1,0,2,13,2,12,1351
15,84,1,15.5,6.3,0.8,0,0,0.3,6.3,0.5,5.5,740.2
51,84,1,19,7.3,1.4,0.3,0,0.6,7.3,0.6,4.5,738.5
77,84,1,25,10.4,2.1,0.8,0,0.8,10.4,0.3,9.1,1064.8
78,84,1,16,6.7,1.3,0.5,0,0.5,6.7,0.2,5.8,681.5
79,84,0,18,11,4,0,0,1,11,0,10,1106
80,84,1,20,8.3,1.7,0.6,0,0.6,8.3,0.2,7.3,851.9
81,84,1,21,8.9,2,0.3,0,0.7,8.9,0.7,7.5,934.5
82,84,1,2,0.8,0.2,0,0,0.1,0.8,0.1,0.7,89
126,84,1,3,1.1,0.2,0.2,0,0,1.1,0,0.9,127.7
14,85,1,18,7.3,1,0,0,0.3,7.3,0.6,6.4,859.5
15,85,1,8,3.3,0.4,0,0,0.1,3.3,0.3,2.8,382
16,85,1,17,6.8,2.3,0.5,0,0.9,6.8,1.4,5.9,621.5
44,85,1,5,1.9,0.6,0.2,0,0.1,1.9,0.2,1.6,230.8
45,85,1,3,1.2,0.3,0.1,0,0.1,1.2,0.1,1,138.5
76,85,1,4,1.9,0.8,0.1,0,0,1.9,0.2,1.7,201.5
77,85,0,42.5,15,1,1,0,2,15,1,13,1642
78,85,1,28,13.1,5.4,0.6,0,0,13.1,1.2,11.9,1410.7
81,85,1,1,0.5,0.2,0,0,0,0.5,0,0.4,50.4
125,85,1,4,2.1,1.2,0.1,0,0.1,2.1,0.1,2,278.8
35,86,1,2,0.8,0.2,0,0,0,0.8,0,0.8,92.7
44,86,1,2,0.8,0.2,0.1,0,0,0.8,0.1,0.7,92.3
63,86,1,2,0.8,0.2,0,0,0.1,0.8,0,0.7,94
77,86,1,1,0.5,0.2,0,0,0,0.5,0,0.4,50.4
78,86,1,11,5.1,2.1,0.2,0,0,5.1,0.5,4.7,554.2
106,86,1,7,2.7,0.5,0.1,0,0.1,2.7,0.1,2.1,296.3
107,86,1,2,0.8,0.2,0,0,0,0.8,0,0.6,84.7
120,86,1,1,0.5,0.3,0,0,0,0.5,0,0.5,69.7
21,87,1,4,1.7,0.5,0.1,0,0,1.7,0.1,1.6,197.5
22,87,1,5,2.2,0.7,0.1,0,0,2.2,0.1,2,246.9
34,87,1,5,2,0.5,0.1,0,0.1,2,0,1.9,231.7
35,87,1,7,2.8,0.7,0.1,0,0.1,2.8,0,2.6,324.4
36,87,1,7,2.7,0.8,0.3,0,0.1,2.7,0.3,2.3,323.1
37,87,1,1,0.4,0.1,0,0,0,0.4,0,0.3,46.2
74,87,1,6,2.4,0.6,0.1,0,0.3,2.4,0.1,2,282
75,87,1,1,0.4,0.1,0,0,0,0.4,0,0.3,47
106,87,0,25,11,4,1,0,2,11,1,9,1224
107,87,1,12,4.5,0.9,0.2,0,0.2,4.5,0.2,3.6,508
121,87,1,2,1.1,0.6,0.1,0,0.1,1.1,0.1,1,139.4
19,88,1,9.5,3.8,1.3,0.3,0,0.5,3.8,0.8,3.3,347.3
20,88,1,11,4.4,1.5,0.3,0,0.6,4.4,0.9,3.8,402.2
21,88,1,12,5.2,1.6,0.3,0,0,5.2,0.3,4.9,592.5
22,88,1,14,6.1,1.9,0.4,0,0,6.1,0.4,5.7,691.3
23,88,1,2,0.9,0.3,0.1,0,0,0.9,0.1,0.8,98.8
32,88,1,6,2.4,0.6,0.1,0,0.1,2.4,0,2.3,278
34,88,1,6,2.4,0.6,0.1,0,0.1,2.4,0,2.3,278
35,88,1,6,2.4,0.6,0.1,0,0.1,2.4,0,2.3,278
36,88,1,2,0.8,0.2,0.1,0,0,0.8,0.1,0.7,92.3
60,88,1,3,1.2,0.3,0.1,0,0.1,1.2,0.1,1,141
72,88,1,7,2.8,0.7,0.2,0,0.3,2.8,0.2,2.3,329
106,88,0,25,11,6,1,1,0,10,2,8,1038
107,88,0,57,21,6,4,3,2,18,1,16,2390
109,88,1,7,2.7,0.5,0.1,0,0.1,2.7,0.1,2.1,296.3
33,89,1,2,0.8,0.2,0,0,0,0.8,0,0.8,92.7
34,89,1,2,0.8,0.2,0,0,0,0.8,0,0.8,92.7
36,89,1,1,0.4,0.1,0,0,0,0.4,0,0.3,46.2
48,89,1,2,0.8,0.1,0,0,0.1,0.8,0.1,0.5,77.7
52,89,1,4,1.5,0.3,0.1,0,0.1,1.5,0.1,0.9,155.5
106,89,1,14,5.3,1.1,0.2,0,0.2,5.3,0.2,4.2,592.7
107,89,1,6,2.3,0.5,0.1,0,0.1,2.3,0.1,1.8,254
108,89,1,7,2.7,0.5,0.1,0,0.1,2.7,0.1,2.1,296.3
109,89,1,11,4.2,0.8,0.2,0,0.2,4.2,0.2,3.3,465.7
6,90,1,17,7.3,2,0.5,0,0.3,7.3,0.9,7,760.5
7,90,1,11,4.7,1.3,0.3,0,0.2,4.7,0.6,4.5,492.1
35,90,1,1,0.4,0.1,0,0,0,0.4,0,0.4,46.3
52,90,1,1,0.4,0.1,0,0,0,0.4,0,0.3,46.2
74,90,1,4,2,1.1,0,0,0,2,0.3,1.9,231.5
116,90,1,1,0.5,0.3,0,0,0,0.5,0,0.5,69.7
6,91,1,9,3.9,1.1,0.2,0,0.2,3.9,0.5,3.7,402.6
7,91,1,4,1.7,0.5,0.1,0,0.1,1.7,0.2,1.7,178.9
28,91,1,1,0.4,0.1,0,0,0,0.4,0,0.4,46.3
30,91,1,4,1.6,0.4,0.1,0,0.1,1.6,0,1.5,185.4
34,91,1,1,0.4,0.1,0,0,0,0.4,0,0.4,46.3
42,91,1,4,1.7,0.1,0.1,0.1,0.1,1.6,0.2,1.4,163.8
116,91,1,3,1.6,0.9,0.1,0,0.1,1.6,0.1,1.5,209.1
118,91,1,5,2.7,1.5,0.2,0,0.2,2.7,0.2,2.5,348.5
8,92,1,4,1.7,0.5,0.1,0,0.1,1.7,0.2,1.7,178.9
9,92,1,4,1.7,0.5,0.1,0,0.1,1.7,0.2,1.7,178.9
23,92,1,6,2.4,0.6,0.1,0,0.1,2.4,0,2.3,278
59,92,1,3,1.2,0.3,0.1,0,0.1,1.2,0.1,1,141
109,92,1,7,3.2,0.5,0.2,0,0.2,3.2,0.2,3,303.2
110,92,1,19,8.8,1.4,0.7,0,0.7,8.8,0.7,8.1,823.1
111,92,1,6.5,2.7,0.6,0,0,0.2,2.7,0.4,2.3,303.5
9,93,1,18,7.8,2.1,0.5,0,0.3,7.8,1,7.4,805.2
10,93,1,14,6,1.7,0.4,0,0.3,6,0.8,5.8,626.3
32,93,1,2,0.8,0.2,0,0,0,0.8,0,0.8,92.7
58,93,1,2,0.8,0.2,0,0,0.1,0.8,0,0.7,94
59,93,1,4,1.6,0.4,0.1,0,0.2,1.6,0.1,1.3,188
69,93,1,1,0.5,0.3,0,0,0,0.5,0.1,0.5,57.9
8,94,1,5,2.2,0.6,0.1,0,0.1,2.2,0.3,2.1,223.7
9,94,1,10,4.3,1.2,0.3,0,0.2,4.3,0.6,4.1,447.3
10,94,1,12,5.2,1.4,0.3,0,0.2,5.2,0.7,5,536.8
58,94,1,1,0.4,0.1,0,0,0,0.4,0,0.3,47
59,94,1,6,2.4,0.6,0.1,0,0.3,2.4,0.1,2,282
110,94,1,2,0.9,0.1,0.1,0,0.1,0.9,0.1,0.9,86.6
111,94,1,2,0.8,0.2,0,0,0.1,0.8,0.1,0.7,93.4
1,95,1,10,4.3,1.1,0.5,0.2,0,4.1,0.7,4.1,465.6
2,95,1,12,5.1,1.4,0.6,0.2,0,4.9,0.8,4.9,558.7
3,95,1,10,4.3,1.1,0.5,0.2,0,4.1,0.7,4.1,465.6
36,95,1,2,0.9,0.1,0,0.1,0,0.8,0.1,0.7,81.9
110,95,1,3,1.2,0.3,0,0,0.1,1.2,0.2,1,140.1
1,96,1,19,8.1,2.2,0.9,0.3,0,7.8,1.2,7.8,884.6
3,96,1,2,0.9,0.2,0.1,0.1,0,0.8,0.1,0.8,93.1
50,96,1,3,1.2,0.3,0.1,0,0.1,1.2,0.1,1,138.5
66,96,1,3,1.5,0.8,0,0,0,1.5,0.2,1.4,173.6
104,96,1,7,2.7,1,0.2,0,0,2.7,0,2.5,247.7
105,96,1,14,5.4,1.9,0.4,0,0,5.4,0,5.1,495.4
106,96,1,4,1.7,0.4,0,0,0.1,1.7,0.3,1.4,186.8
107,96,1,2,0.8,0.2,0,0,0.1,0.8,0.1,0.7,93.4
120,96,1,3,1.6,0.9,0.1,0,0.1,1.6,0.1,1.5,209.1
41,97,1,2,0.9,0.1,0,0.1,0,0.8,0.1,0.7,81.9
51,97,1,4,1.5,0.5,0.2,0,0.1,1.5,0.2,1.3,184.6
55,97,1,3,1.2,0.3,0.1,0,0.1,1.2,0.1,1,138.5
106,97,1,14,5.8,1.3,0,0,0.4,5.8,0.9,4.9,653.8
119,97,1,1,0.5,0.3,0,0,0,0.5,0,0.5,69.7
120,97,1,2,1.1,0.6,0.1,0,0.1,1.1,0.1,1,139.4
127,97,1,2,0.9,0.2,0,0,0.1,0.9,0.1,0.7,103.8
15,98,1,1,0.4,0.1,0,0,0,0.4,0.1,0.4,44.7
39,98,1,10,4.3,0.4,0.2,0.2,0.2,4.1,0.6,3.5,409.4
40,98,1,10,4.3,0.4,0.2,0.2,0.2,4.1,0.6,3.5,409.4
41,98,1,5,2.1,0.2,0.1,0.1,0.1,2,0.3,1.8,204.7
42,98,1,2,0.9,0.1,0,0.1,0,0.8,0.1,0.7,81.9
50,98,1,10,3.8,1.2,0.4,0,0.2,3.8,0.4,3.3,461.5
51,98,1,5,1.9,0.6,0.2,0,0.1,1.9,0.2,1.6,230.8
96,98,1,6,2.3,0.8,0.2,0,0,2.3,0,2.2,212.3
97,98,1,5,1.9,0.7,0.1,0,0,1.9,0,1.8,176.9
98,98,1,1,0.4,0.1,0,0,0,0.4,0,0.4,35.4
119,98,1,3,1.6,0.9,0.1,0,0.1,1.6,0.1,1.5,209.1
120,98,1,4,2.1,1.2,0.1,0,0.1,2.1,0.1,2,278.8
126,98,1,14,6,1.1,0,0,0.7,6,0.5,5,726.4
127,98,1,14,6,1.1,0,0,0.7,6,0.5,5,726.4
32,99,1,2,0.8,0.2,0,0,0,0.8,0,0.8,92.7
39,99,1,18,7.7,0.7,0.3,0.4,0.3,7.3,1,6.3,737
40,99,0,18,11,6,0,0,0,11,2,11,1105
41,99,1,1,0.4,0,0,0,0,0.4,0.1,0.4,40.9
51,99,1,4,1.5,0.5,0.2,0,0.1,1.5,0.2,1.3,184.6
53,99,1,1,0.4,0.1,0,0,0,0.4,0,0.3,46.2
66,99,1,15,7.5,4,0,0,0,7.5,1,7,868
67,99,1,7,3.5,1.9,0,0,0,3.5,0.5,3.3,405.1
97,99,1,3,1.2,0.4,0.1,0,0,1.2,0,1.1,106.2
125,99,1,1,0.5,0.3,0,0,0,0.5,0,0.5,69.7
126,99,1,4,1.7,0.3,0,0,0.2,1.7,0.1,1.4,207.5
127,99,1,15,6.4,1.2,0,0,0.7,6.4,0.5,5.4,778.3
22,100,1,6,2.7,0.8,0.1,0.1,0.1,2.6,0.1,2.7,325.1
23,100,1,8,3.6,1.1,0.2,0.2,0.2,3.4,0.2,3.6,433.5
25,100,1,3,1.3,0.4,0.1,0,0.1,1.3,0.1,1.3,162.5
32,100,1,6,3.1,1,0,0,0.3,3.1,0,2.6,336
40,100,1,3,1.4,0.4,0.1,0,0.1,1.4,0,1.2,145.3
44,100,1,2,0.9,0.2,0,0,0.1,0.9,0,0.8,96.9
45,100,1,1,0.5,0.1,0,0,0,0.5,0,0.4,48.4
57,100,1,13,5.9,2,0.1,0,0.9,5.9,0.8,5.4,559.4
58,100,1,8,3.6,1.2,0.1,0,0.6,3.6,0.5,3.3,344.2
59,100,1,12,5.4,1.9,0.1,0,0.9,5.4,0.7,4.9,516.4
65,100,1,1,0.5,0.2,0,0,0.1,0.5,0.1,0.4,43
66,100,1,25,11.7,3.3,0,0,1.7,11.7,1.7,10,1140.8
67,100,0,27,14,5,0,0,2,14,3,12,1082
18,101,1,2,0.9,0.2,0.1,0,0,0.9,0,0.8,109.4
23,101,1,4,1.8,0.6,0.1,0.1,0.1,1.7,0.1,1.8,216.7
25,101,1,1,0.4,0.1,0,0,0,0.4,0,0.4,54.2
40,101,1,5,2.3,0.6,0.1,0,0.2,2.3,0,2,242.1
46,101,1,2,1,0.4,0.1,0,0,1,0.1,0.9,98
50,101,1,2,1,0.4,0.1,0,0,1,0.1,0.9,98
57,101,1,17,7.7,2.6,0.2,0,1.2,7.7,1.1,7,731.5
58,101,1,6,2.7,0.9,0.1,0,0.4,2.7,0.4,2.5,258.2
59,101,1,26,11.8,4,0.3,0,1.9,11.8,1.6,10.7,1118.8
60,101,1,2,0.9,0.3,0,0,0.1,0.9,0.1,0.8,86.1
67,101,1,5,2.3,0.7,0,0,0.3,2.3,0.3,2,228.2
95,101,1,3,1.2,0.1,0.1,0,0.1,1.2,0,1.2,136.4
103,101,1,3,1.1,0.2,0.2,0,0,1.1,0,1,121.1
110,101,1,16,6.2,1.7,1,0,0,6.2,0.3,5.5,629.3
111,101,1,8,3.4,1,0.5,0,0,3.4,0,3.1,350.7
0,102,1,5,2.1,0.7,0.2,0,0.2,2.1,0.1,1.9,208.4
9,102,1,5,1.9,0.5,0.1,0,0.2,1.9,0.1,1.8,212.4
23,102,1,8,3.6,1.1,0.2,0.2,0.2,3.4,0.2,3.6,433.5
24,102,1,5,2.2,0.7,0.1,0.1,0.1,2.1,0.1,2.2,270.9
25,102,1,8,3.6,1.1,0.2,0.2,0.2,3.4,0.2,3.6,433.5
26,102,1,4,2,0.7,0,0,0.2,2,0,1.7,224
27,102,1,2,1,0.3,0,0,0.1,1,0,0.9,112
40,102,1,9,4.2,1.1,0.2,0,0.4,4.2,0,3.7,435.9
57,102,1,7,3.2,1.1,0.1,0,0.5,3.2,0.4,2.9,301.2
58,102,1,1,0.5,0.2,0,0,0.1,0.5,0.1,0.4,43
96,102,1,2,0.7,0.1,0.1,0,0,0.7,0,0.7,80.7
108,102,1,1,0.4,0.1,0.1,0,0,0.4,0,0.3,39.3
109,102,1,29.5,11.4,3.2,1.9,0,0,11.4,0.6,10.2,1160.3
110,102,0,51,22,5,0,0,2,22,1,16,2009
111,102,1,10,4.2,1.3,0.6,0,0,4.2,0,3.9,438.4
0,103,1,2,0.8,0.3,0.1,0,0.1,0.8,0.1,0.8,83.4
8,103,1,4,1.5,0.4,0.1,0,0.2,1.5,0.1,1.4,169.9
9,103,1,18.5,7.1,1.9,0.5,0,0.8,7.1,0.5,6.6,785.7
10,103,1,18,6.9,1.8,0.5,0,0.8,6.9,0.5,6.4,764.5
11,103,1,11,4.2,1.1,0.3,0,0.5,4.2,0.3,3.9,467.2
12,103,1,1,0.4,0.1,0,0,0,0.4,0,0.4,42.5
14,103,1,6,2.3,0.6,0.2,0,0.3,2.3,0.2,2.1,254.8
23,103,1,4,1.8,0.6,0.1,0.1,0.1,1.7,0.1,1.8,216.7
26,103,1,1,0.5,0.2,0,0,0,0.5,0,0.4,56
27,103,1,1,0.5,0.2,0,0,0,0.5,0,0.4,56
38,103,1,1,0.5,0.1,0,0,0,0.5,0,0.4,48.4
40,103,1,9,4.2,1.1,0.2,0,0.4,4.2,0,3.7,435.9
41,103,1,2,0.9,0.2,0,0,0.1,0.9,0,0.8,96.9
82,103,1,2,0.8,0.1,0.1,0,0.1,0.8,0,0.8,90.9
96,103,1,6,2.2,0.3,0.4,0,0.1,2.2,0,2.1,242.2
97,103,1,7.5,2.8,0.4,0.5,0,0.1,2.8,0,2.6,302.8
98,103,0,27,13,5,0,0,1,13,1,11,1334
99,103,1,6,2.2,0.3,0.4,0,0.1,2.2,0,2.1,242.2
111,103,1,10,4.2,1.3,0.6,0,0,4.2,0,3.9,438.4
12,104,1,1,0.4,0.1,0,0,0,0.4,0,0.4,42.5
13,104,1,3.5,1.4,0.4,0.1,0,0.2,1.4,0.1,1.2,148.7
14,104,1,2,0.8,0.2,0.1,0,0.1,0.8,0.1,0.7,84.9
22,104,1,2.5,1.1,0.4,0.1,0,0.1,1.1,0.1,1.1,135.5
26,104,1,1.5,0.8,0.3,0,0,0.1,0.8,0,0.6,84
38,104,1,5,2.3,0.6,0.1,0,0.2,2.3,0,2,242.1
40,104,1,2,0.9,0.2,0,0,0.1,0.9,0,0.8,96.9
96,104,1,30.5,11.2,1.5,2,0,0.5,11.2,0,10.7,1231.2
97,104,1,2,0.7,0.1,0.1,0,0,0.7,0,0.7,80.7
98,104,0,51,21,7,2,0,1,21,0,21,1994
10,105,1,14,5.9,1.5,0.4,0.2,0.4,5.7,0,5.5,648.6
12,105,1,5,2.2,0.8,0.1,0,0,2.2,0.3,2.2,223.7
13,105,1,20,9,3.2,0.2,0,0,9,1.1,9,894.9
14,105,1,7,3.1,1.1,0.1,0,0,3.1,0.4,3.1,313.2
15,105,1,12,5.4,1.9,0.1,0,0,5.4,0.7,5.4,537
16,105,1,5,2.3,0.6,0.2,0,0,2.3,0,2.1,273.5
40,105,1,6,2.8,0.7,0.1,0,0.2,2.8,0,2.4,290.6
52,105,1,1,0.5,0.2,0,0,0,0.5,0,0.4,49
89,105,1,2,0.8,0.1,0.1,0,0.1,0.8,0,0.8,90.9
96,105,0,68.5,27,8,4,5,4,22,3,19,2531
97,105,1,5,2.8,1.2,0,0,0.2,2.8,0,2.6,272.2
98,105,1,2,1.1,0.5,0,0,0.1,1.1,0,1,108.9
123,105,1,9,3.6,0.8,0.2,0,0.3,3.6,0.2,3.2,455.8
124,105,1,24,9.5,2.3,0.5,0,0.9,9.5,0.5,8.6,1215.4
3,106,1,3,1.6,0.6,0,0,0,1.6,0.2,1.4,151.4
8,106,1,4,1.7,0.4,0.1,0.1,0.1,1.6,0,1.6,185.3
9,106,1,1,0.4,0.1,0,0,0,0.4,0,0.4,46.3
10,106,1,7,3,0.8,0.2,0.1,0.2,2.9,0,2.7,324.3
14,106,1,11,4.9,1.8,0.1,0,0,4.9,0.6,4.9,492.2
15,106,0,36.5,18,8,1,0,0,18,2,18,1635
16,106,1,3,1.4,0.4,0.1,0,0,1.4,0,1.2,164.1
40,106,1,3,1.4,0.4,0.1,0,0.1,1.4,0,1.2,145.3
54,106,1,2,1,0.4,0.1,0,0,1,0.1,0.9,98
59,106,1,4,1.8,0.6,0,0,0.3,1.8,0.2,1.6,172.1
95,106,0,25,11,4,0,0,0,11,0,10,990
96,106,0,32,16,6,1,0,2,16,2,15,1754
97,106,1,18,10.1,4.3,0,0,0.7,10.1,0,9.4,979.9
123,106,1,17,6.7,1.6,0.3,0,0.6,6.7,0.3,6.1,860.9
124,106,0,37,15,5,3,0,0,15,0,14,1468
125,106,1,3,1.2,0.3,0.1,0,0.1,1.2,0.1,1.1,151.9
2,107,1,4,2.1,0.8,0.1,0,0.1,2.1,0.2,1.9,201.9
8,107,1,2,0.8,0.2,0.1,0,0.1,0.8,0,0.8,92.7
9,107,0,23,11,4,1,0,0,11,1,11,1235
10,107,1,16,6.8,1.8,0.5,0.3,0.5,6.5,0,6.2,741.2
14,107,1,3,1.3,0.5,0,0,0,1.3,0.2,1.3,134.2
15,107,1,19,8.5,3.1,0.2,0,0,8.5,1.1,8.5,850.2
16,107,1,6,2.8,0.8,0.2,0,0,2.8,0,2.5,328.2
33,107,1,2,1,0.3,0,0,0.1,1,0,0.9,112
34,107,1,3,1.5,0.5,0,0,0.1,1.5,0,1.3,168
41,107,1,1,0.5,0.1,0,0,0,0.5,0,0.4,48.4
94,107,1,4,1.6,0.1,0.1,0,0.1,1.6,0,1.6,181.9
95,107,1,13,5.1,0.5,0.5,0,0.5,5.1,0,5.1,591
9,108,1,1,0.4,0.1,0,0,0,0.4,0,0.4,46.3
10,108,1,15,6.3,1.6,0.5,0.2,0.5,6.1,0,5.9,694.9
15,108,1,6,2.7,1,0.1,0,0,2.7,0.3,2.7,268.5
16,108,1,7,3.2,0.9,0.3,0,0,3.2,0,2.9,383
49,108,1,1,0.5,0.2,0,0,0,0.5,0,0.4,49
103,108,1,1,0.4,0,0.1,0,0,0.4,0,0.3,40.4
105,108,1,2,0.7,0.1,0.1,0,0,0.7,0,0.7,80.7
107,108,1,3,1.3,0.4,0.2,0,0,1.3,0,1.2,131.5
10,109,1,4,1.7,0.4,0.1,0.1,0.1,1.6,0,1.6,185.3
14,109,1,4,1.8,0.6,0,0,0,1.8,0.2,1.8,179
18,109,1,1,0.5,0.1,0,0,0,0.5,0,0.4,54.7
49,109,1,8,3.8,1.6,0.3,0,0,3.8,0.3,3.5,392
50,109,1,1,0.5,0.2,0,0,0,0.5,0,0.4,49
14,110,1,4,2.1,1,0.1,0.3,0.2,1.8,0.3,1.4,189
51,110,1,3,1.4,0.6,0.1,0,0,1.4,0.1,1.3,147
79,110,1,3,1.3,0.5,0.1,0.1,0.3,1.2,0.1,1.2,153.8
80,110,1,2,0.9,0.3,0.1,0.1,0.2,0.8,0.1,0.8,102.5
81,110,1,5.5,2.4,0.8,0.2,0.1,0.5,2.3,0.2,2.2,282
87,110,1,4,1.6,0.1,0.1,0,0.1,1.6,0,1.6,181.9
3,111,1,1,0.5,0.2,0,0,0.1,0.5,0.1,0.4,50.1
50,111,1,1,0.5,0.2,0,0,0,0.5,0,0.4,49
77,111,1,8,3.5,1.2,0.3,0.2,0.8,3.3,0.3,3.2,410.2
78,111,1,6,2.6,0.9,0.2,0.1,0.6,2.5,0.2,2.4,307.6
79,111,1,7,3.1,1.1,0.3,0.2,0.7,2.9,0.3,2.8,358.9
80,111,1,22.5,9.9,3.4,0.9,0.6,2.2,9.3,0.9,9,1153.6
81,111,1,7,3.1,1.1,0.3,0.2,0.7,2.9,0.3,2.8,358.9
104,111,1,2,0.7,0.1,0.1,0,0.1,0.7,0.1,0.6,96
2,112,1,5,2.3,0.8,0,0,0.4,2.3,0.7,2,250.4
77,112,1,2,0.9,0.3,0.1,0.1,0.2,0.8,0.1,0.8,102.5
80,112,1,4.5,2,0.7,0.2,0.1,0.4,1.9,0.2,1.8,230.7
81,112,1,3,1.3,0.5,0.1,0.1,0.3,1.2,0.1,1.2,153.8
23,113,1,3,1.9,1.1,0,0.1,0.1,1.8,0.2,1.6,147.5
62,113,1,1,0.6,0.3,0,0.1,0,0.5,0.2,0.4,50.4
81,113,1,1,0.4,0.2,0,0,0.1,0.4,0,0.4,51.3
117,113,1,5,1.8,0.3,0.2,0,0.1,1.8,0.2,1.8,212.5
9,114,1,2,1,0.5,0.1,0.1,0.1,0.9,0.1,0.7,94.5
21,114,1,1,0.6,0.4,0,0,0,0.6,0.1,0.5,49.2
24,114,1,4,2.5,1.5,0,0.1,0.1,2.4,0.3,2.1,196.7
68,114,1,4,2.3,1.1,0,0.4,0.2,1.9,0.8,1.7,201.5
101,114,1,2,0.7,0.1,0.1,0,0.1,0.7,0.1,0.6,96
116,114,1,3,1.1,0.2,0.1,0,0.1,1.1,0.1,1.1,127.5
117,114,1,15,5.4,0.9,0.5,0,0.4,5.4,0.5,5.3,637.5
1,115,1,4,1.8,0.5,0,0,0.3,1.8,0.1,1.8,181.7
15,115,1,1,0.5,0.2,0,0.1,0,0.4,0.1,0.4,47.3
55,115,1,25,10.4,2.8,0.7,0,0,10.4,3.5,7.6,978.5
56,115,1,8,4.6,2.3,0,0.8,0.4,3.8,1.5,3.4,403
101,115,1,10,3.6,0.7,0.5,0.2,0.5,3.4,0.3,3.1,480.2
114,115,1,3.5,1.3,0.2,0.2,0.1,0.2,1.2,0.1,1.1,168.1
115,115,0,24,11,4,1,0,1,11,1,7,1027
116,115,0,44,21,11,1,0,2,21,2,19,2358
117,115,1,2,0.9,0.1,0,0,0,0.9,0,0.8,104
125,115,1,1,0.4,0.1,0,0,0,0.4,0,0.4,42.5
2,116,1,4,1.8,0.5,0,0,0.3,1.8,0.1,1.8,181.7
7,116,1,5,2.6,1.2,0.2,0.3,0.2,2.3,0.3,1.8,236.3
15,116,1,4,2.1,1,0.1,0.3,0.2,1.8,0.3,1.4,189
16,116,1,2,1.2,0.6,0,0,0,1.2,0.2,1.1,100
32,116,1,8.5,3.8,0.9,0,0,0.9,3.8,0.5,3.3,374.2
55,116,1,10,4.2,1.1,0.3,0,0,4.2,1.4,3.1,391.4
56,116,1,8,4.6,2.3,0,0.8,0.4,3.8,1.5,3.4,403
82,116,1,12,5.7,1.9,0,0,0,5.7,1.6,4.7,642
83,116,1,10,4.7,1.6,0,0,0,4.7,1.3,3.9,535
115,116,0,57,23,8,3,1,0,22,1,21,2509
116,116,0,65,23,4,3,0,0,23,1,21,2768
117,116,0,39,21,10,0,0,2,21,1,16,2190
125,116,1,18,6.5,1.1,0.6,0,0.4,6.5,0.6,6.3,765.1
126,116,1,11,4.2,0.7,0.5,0,0,4.2,0,4,549.1
1,117,1,3,1.3,0.4,0,0,0.2,1.3,0.1,1.3,136.3
7,117,1,2,1,0.5,0.1,0.1,0.1,0.9,0.1,0.7,94.5
14,117,1,4,2.1,1,0.1,0.3,0.2,1.8,0.3,1.4,189
16,117,1,2,1.2,0.6,0,0,0,1.2,0.2,1.1,100
17,117,1,4,2.3,1.2,0,0,0.1,2.3,0.4,2.1,200.1
18,117,1,6,3.5,1.8,0,0,0.1,3.5,0.6,3.2,300.1
19,117,1,2,1.2,0.6,0,0,0,1.2,0.2,1.1,100
20,117,0,20,11,5,0,3,1,8,0,5,1071
21,117,1,13,8.1,4.9,0,0.2,0.2,7.9,1,6.9,639.2
32,117,1,12,5.4,1.3,0,0,1.3,5.4,0.8,4.6,528.3
33,117,1,5,2.3,0.5,0,0,0.5,2.3,0.3,1.9,220.1
36,117,1,4,1.9,0.8,0.2,0,0,1.9,0.2,1.8,196
55,117,1,1,0.4,0.1,0,0,0,0.4,0.1,0.3,39.1
82,117,1,9,4.3,1.4,0,0,0,4.3,1.2,3.6,481.5
83,117,0,34.5,15,4,2,0,3,15,2,9,1744
114,117,1,11,3.9,0.8,0.6,0.2,0.6,3.7,0.4,3.4,528.2
115,117,1,10,3.6,0.7,0.5,0.2,0.5,3.4,0.3,3.1,480.2
116,117,1,15,6.6,1.1,0,0,0,6.6,0.4,5.9,779.6
117,117,1,22,9.7,1.6,0,0,0,9.7,0.5,8.6,1143.5
125,117,1,5,1.8,0.3,0.2,0,0.1,1.8,0.2,1.8,212.5
126,117,1,14,5.4,0.9,0.6,0,0,5.4,0,5.1,698.8
2,118,1,4,1.8,0.5,0,0,0.3,1.8,0.1,1.8,181.7
3,118,1,4,1.8,0.5,0,0,0.3,1.8,0.1,1.8,181.7
4,118,1,5,2.2,0.7,0,0,0.4,2.2,0.1,2.2,227.1
5,118,1,6,2.7,0.8,0,0,0.5,2.7,0.2,2.7,272.5
6,118,1,1,0.5,0.2,0,0.1,0,0.4,0.1,0.4,47.3
10,118,1,4,2.1,1,0.1,0.3,0.2,1.8,0.3,1.4,189
12,118,1,9,4.6,2.2,0.3,0.6,0.4,4,0.6,3.2,425.3
13,118,1,15,7.7,3.6,0.5,0.9,0.7,6.8,1,5.3,708.9
14,118,1,8,4.1,1.9,0.3,0.5,0.4,3.6,0.5,2.8,378.1
15,118,1,3,1.5,0.7,0.1,0.2,0.1,1.3,0.2,1.1,141.8
17,118,1,12,6.9,3.6,0,0,0.2,6.9,1.1,6.4,600.2
18,118,1,10,5.8,3,0,0,0.2,5.8,0.9,5.3,500.2
19,118,0,24.5,13,5,1,0,2,13,3,10,887
20,118,0,32,22,13,0,2,3,20,4,18,1997
21,118,1,11,6.8,4.2,0,0.2,0.2,6.6,0.8,5.8,540.9
22,118,1,9,5.6,3.4,0,0.2,0.2,5.4,0.7,4.8,442.5
23,118,1,3,1.9,1.1,0,0.1,0.1,1.8,0.2,1.6,147.5
24,118,1,4,2.5,1.5,0,0.1,0.1,2.4,0.3,2.1,196.7
32,118,1,8,3.6,0.9,0,0,0.9,3.6,0.5,3.1,352.2
33,118,1,13,5.9,1.4,0,0,1.4,5.9,0.8,5,572.3
83,118,1,4,1.9,0.6,0,0,0,1.9,0.5,1.6,214
84,118,1,3,1.4,0.5,0,0,0,1.4,0.4,1.2,160.5
114,118,1,11,3.9,0.8,0.6,0.2,0.6,3.7,0.4,3.4,528.2
115,118,1,2,0.7,0.1,0.1,0,0.1,0.7,0.1,0.6,96
125,118,1,11,4,0.6,0.4,0,0.3,4,0.4,3.9,467.5
3,119,1,1,0.4,0.1,0,0,0.1,0.4,0,0.4,45.4
4,119,1,7,3.1,0.9,0,0,0.6,3.1,0.2,3.1,317.9
16,119,1,5,2.9,1.5,0,0,0.1,2.9,0.5,2.7,250.1
17,119,1,15,8.7,4.5,0,0,0.2,8.7,1.4,8,750.2
18,119,1,6,3.5,1.8,0,0,0.1,3.5,0.6,3.2,300.1
19,119,0,36,19,10,0,5,1,14,3,14,1535
20,119,0,84.5,38,15,3,2,5,36,8,17,3299
21,119,0,71,38,17,1,4,9,34,3,23,4434
22,119,1,1,0.6,0.4,0,0,0,0.6,0.1,0.5,49.2
25,119,1,4,2.5,1.5,0,0.1,0.1,2.4,0.3,2.1,196.7
26,119,1,1,0.5,0.2,0,0,0,0.5,0,0.4,56
29,119,1,2,1,0.3,0,0,0.1,1,0,0.9,112
76,119,1,1,0.4,0.2,0,0,0.1,0.4,0,0.4,51.3
105,119,1,7,2.5,0.5,0.4,0.1,0.4,2.4,0.2,2.2,336.1
117,119,1,2,0.9,0.1,0,0,0,0.9,0,0.8,104
123,119,1,16.5,6,1,0.6,0,0.4,6,0.6,5.8,701.3
124,119,1,11,4,0.6,0.4,0,0.3,4,0.4,3.9,467.5
4,120,1,11,3.8,0.8,0,0,0,3.8,0.3,3.5,455.5
5,120,1,11,3.8,0.8,0,0,0,3.8,0.3,3.5,455.5
6,120,1,18,9.3,4.8,0.5,0.5,0.5,8.8,1.4,7.9,846.1
7,120,1,5,2.6,1.3,0.1,0.1,0.1,2.5,0.4,2.2,235
8,120,1,1,0.5,0.3,0,0,0,0.5,0.1,0.4,47
17,120,1,2,0.9,0.3,0,0,0,0.9,0.1,0.9,90.2
18,120,1,4,1.8,0.6,0,0,0.1,1.8,0.1,1.7,180.3
19,120,0,18,11,5,0,0,0,11,2,11,876
21,120,1,19,7.2,2,1,0,0.9,7.2,0.9,6,673.7
22,120,0,34,17,7,1,0,3,17,4,14,1316
23,120,1,2,0.8,0.2,0.1,0,0.1,0.8,0.1,0.6,70.9
26,120,1,2,1,0.3,0,0,0.3,1,0.3,0.7,116.9
27,120,1,1,0.5,0.2,0,0,0.1,0.5,0.2,0.3,58.4
39,120,1,4,2,0.8,0.1,0,0,2,0.3,1.9,175.4
41,120,1,5,2.1,0.7,0.3,0,0,2.1,0,1.9,222.1
55,120,1,1,0.3,0.1,0.1,0,0.1,0.3,0,0.3,45.8
60,120,1,1,0.4,0.1,0.1,0,0.1,0.4,0,0.3,32.9
85,120,1,4,1.6,0.4,0.2,0.1,0.2,1.5,0,1.4,187.5
96,120,1,4,1.9,0.7,0,0,0.1,1.9,0,1.7,231.6
117,120,1,10,4.4,1.2,0,0,0.9,4.4,0.9,3.5,667.4
121,120,1,7,3.5,1,0,0,0.3,3.5,0,3.3,382.5
122,120,1,17,8.6,2.5,0,0,0.6,8.6,0,8,929
123,120,0,33.5,15,4,0,0,1,15,3,14,1534
124,120,1,6,3,0.9,0,0,0.2,3,0,2.8,327.9
7,121,1,13,6.7,3.4,0.3,0.3,0.3,6.4,1,5.7,611.1
8,121,1,12,6.2,3.2,0.3,0.3,0.3,5.9,1,5.2,564.1
9,121,1,7,3.6,1.9,0.2,0.2,0.2,3.4,0.6,3.1,329
18,121,1,2,0.9,0.3,0,0,0,0.9,0.1,0.9,90.2
19,121,1,17,7.8,2.5,0,0,0.4,7.8,0.6,7.3,766.3
22,121,1,18,6.8,1.9,1,0,0.8,6.8,0.8,5.7,638.2
23,121,0,38,19,7,0,0,3,19,4,19,1422
24,121,1,4,1.5,0.4,0.2,0,0.2,1.5,0.2,1.3,141.8
32,121,1,8,3.4,1,0.3,0,0.2,3.4,0.2,2.9,391.2
33,121,1,11,4.7,1.3,0.4,0,0.3,4.7,0.3,4,537.9
39,121,1,19,9.3,3.7,0.5,0,0,9.3,1.4,8.8,833.2
40,121,1,8,3.9,1.6,0.2,0,0,3.9,0.6,3.7,350.8
117,121,1,2,0.9,0.2,0,0,0.2,0.9,0.2,0.7,133.5
122,121,1,7,3.5,1,0,0,0.3,3.5,0,3.3,382.5
123,121,0,31,14,3,0,0,1,14,3,12,1275
8,122,1,11,5.7,2.9,0.3,0.3,0.3,5.4,0.9,4.8,517.1
9,122,0,16,12,9,0,0,0,12,2,9,1134
15,122,1,2,1,0.4,0.1,0,0.2,1,0,1,89.6
18,122,0,31,13,2,1,0,0,13,0,12,1496
19,122,1,4,1.8,0.6,0,0,0.1,1.8,0.1,1.7,180.3
21,122,1,1,0.4,0.1,0.1,0,0,0.4,0,0.3,35.5
22,122,1,12,4.5,1.3,0.6,0,0.6,4.5,0.6,3.8,425.5
24,122,1,13,4.9,1.4,0.7,0,0.6,4.9,0.6,4.1,460.9
25,122,1,10,3.8,1.1,0.5,0,0.5,3.8,0.5,3.2,354.6
32,122,1,24,10.3,2.9,0.9,0,0.7,10.3,0.7,8.8,1173.6
33,122,1,19,8.2,2.3,0.7,0,0.5,8.2,0.5,7,929.1
39,122,1,10,4.9,2,0.2,0,0,4.9,0.7,4.6,438.5
52,122,1,5,1.7,0.3,0.5,0,0.3,1.7,0.2,1.5,229.1
55,122,1,4,1.4,0.2,0.4,0,0.2,1.4,0.2,1.2,183.3
64,122,1,4,1.5,0.3,0.2,0,0.2,1.5,0.1,1.3,131.6
92,122,1,3,1.3,0.4,0.1,0,0.1,1.3,0.1,1.2,140.4
122,122,1,10,5,1.4,0,0,0.4,5,0,4.7,546.5
123,122,1,7,3.5,1,0,0,0.3,3.5,0,3.3,382.5
0,123,1,1,0.3,0.1,0,0,0,0.3,0,0.3,41.4
8,123,1,1,0.5,0.3,0,0,0,0.5,0.1,0.4,47
9,123,1,7.5,3.9,2,0.2,0.2,0.2,3.7,0.6,3.3,352.5
18,123,0,34,17,9,1,0,1,17,1,16,1640
20,123,1,13,6,1.9,0,0,0.3,6,0.4,5.6,586
21,123,1,18,6.8,1.9,1,0,0.8,6.8,0.8,5.7,638.2
22,123,1,15,5.7,1.6,0.8,0,0.7,5.7,0.7,4.8,531.9
24,123,1,3,1.1,0.3,0.2,0,0.1,1.1,0.1,1,106.4
25,123,1,4,1.5,0.4,0.2,0,0.2,1.5,0.2,1.3,141.8
27,123,1,1,0.5,0.2,0,0,0.1,0.5,0.2,0.3,58.4
29,123,0,33,15,4,0,0,1,15,1,14,1436
30,123,1,6,3.1,1,0,0,0.8,3.1,1,2.1,350.6
31,123,1,7,3,0.8,0.3,0,0.2,3,0.2,2.6,342.3
32,123,1,2,0.9,0.2,0.1,0,0.1,0.9,0.1,0.7,97.8
45,123,1,4,1.7,0.6,0.2,0,0,1.7,0,1.6,177.7
58,123,1,5,1.8,0.3,0.3,0,0.3,1.8,0.2,1.7,164.5
69,123,1,2,0.7,0.1,0.1,0,0.1,0.7,0,0.7,87.9
70,123,1,5,1.8,0.3,0.2,0,0.2,1.8,0.1,1.8,219.8
112,123,1,3,1.4,0.5,0,0,0.1,1.4,0,1.3,173.7
122,123,1,1.5,0.8,0.2,0,0,0.1,0.8,0,0.7,82
17,124,1,11,5.1,1.6,0,0,0.2,5.1,0.4,4.7,495.9
18,124,0,25,11,3,0,0,0,11,1,10,1202
19,124,1,16,7.4,2.3,0,0,0.4,7.4,0.5,6.8,721.3
20,124,1,20,9.2,2.9,0,0,0.4,9.2,0.7,8.5,901.6
21,124,0,50,17,3,3,0,1,17,1,16,1876
22,124,1,32,12.1,3.4,1.7,0,1.5,12.1,1.5,10.2,1134.6
29,124,1,13,6.8,2.3,0,0,1.7,6.8,2.3,4.5,759.7
30,124,0,44,25,13,0,0,2,25,0,22,2240
31,124,1,10,4.3,1.2,0.4,0,0.3,4.3,0.3,3.7,489
32,124,1,18,7.8,2.1,0.7,0,0.5,7.8,0.5,6.6,880.2
33,124,1,10,4.3,1.2,0.4,0,0.3,4.3,0.3,3.7,489
45,124,1,3,1.2,0.4,0.2,0,0,1.2,0,1.2,133.2
59,124,1,5,1.8,0.3,0.3,0,0.3,1.8,0.2,1.7,164.5
67,124,1,7.5,2.7,0.5,0.2,0,0.4,2.7,0.1,2.7,329.6
68,124,1,30,10.9,2,1,0,1.5,10.9,0.5,10.9,1318.5
69,124,1,7,2.5,0.5,0.2,0,0.3,2.5,0.1,2.5,307.7
70,124,1,4,1.5,0.3,0.1,0,0.2,1.5,0.1,1.5,175.8
112,124,1,2,0.9,0.3,0,0,0.1,0.9,0,0.9,115.8
16,125,1,1,0.4,0.1,0,0,0.1,0.4,0,0.4,50.1
18,125,1,2,0.9,0.3,0,0,0.1,0.9,0,0.8,100.2
21,125,1,5,2.2,0.7,0.1,0,0.3,2.2,0,1.9,250.4
22,125,1,3,1.3,0.4,0.1,0,0.2,1.3,0,1.2,150.2
26,125,1,4,1.6,0.6,0.1,0,0,1.6,0,1.3,160.8
29,125,1,16,6.6,2.4,0.5,0,0,6.6,0,5.2,643.3
30,125,0,34.5,21,10,1,1,3,20,1,19,2636
31,125,0,80,46,29,2,5,2,41,12,30,4669
32,125,1,15,6.6,1.7,0.4,0,0.6,6.6,0.5,6.1,709.9
41,125,1,1,0.4,0.1,0.1,0,0,0.4,0,0.4,44.4
45,125,1,3,1.2,0.4,0.2,0,0,1.2,0,1.2,133.2
59,125,1,1,0.4,0.1,0.1,0,0.1,0.4,0,0.3,32.9
67,125,1,4,1.5,0.3,0.1,0,0.2,1.5,0.1,1.5,175.8
69,125,1,1,0.4,0.1,0,0,0,0.4,0,0.4,44
14,126,1,5,2.4,1.1,0.2,0,0.4,2.4,0,2.4,223.9
15,126,1,6,2.9,1.3,0.3,0,0.5,2.9,0,2.9,268.7
16,126,1,9,4,1.3,0.2,0,0.6,4,0,3.5,450.7
17,126,1,6,2.7,0.9,0.1,0,0.4,2.7,0,2.3,300.5
19,126,1,4,1.8,0.6,0.1,0,0.2,1.8,0,1.6,200.3
20,126,1,3,1.3,0.4,0.1,0,0.2,1.3,0,1.2,150.2
24,126,1,4,1.8,0.6,0.1,0,0.2,1.8,0,1.6,200.3
29,126,1,4,1.6,0.6,0.1,0,0,1.6,0,1.3,160.8
30,126,0,41,22,8,0,2,2,20,2,15,1751
31,126,0,47,20,4,3,1,4,19,2,14,2045
32,126,1,22.5,10,2.6,0.6,0,0.9,10,0.7,9.2,1064.9
33,126,1,9,4,1,0.2,0,0.4,4,0.3,3.7,426
34,126,1,6,2.7,0.7,0.1,0,0.2,2.7,0.2,2.5,284
37,126,1,2,0.8,0.3,0.1,0,0,0.8,0,0.8,88.8
38,126,1,2,0.8,0.3,0.1,0,0,0.8,0,0.8,88.8
50,126,1,5,1.7,0.3,0.5,0,0.3,1.7,0.2,1.5,229.1
58,126,1,2,0.7,0.1,0.1,0,0.1,0.7,0.1,0.7,65.8
59,126,1,1.5,0.6,0.1,0.1,0,0.1,0.6,0.1,0.5,49.3
60,126,1,16,5.9,1.1,0.8,0,0.8,5.9,0.5,5.4,526.3
14,127,1,2,1,0.4,0.1,0,0.2,1,0,1,89.6
15,127,1,8,3.8,1.7,0.3,0,0.7,3.8,0,3.8,358.3
16,127,1,1,0.4,0.1,0,0,0.1,0.4,0,0.4,50.1
17,127,1,5,2.2,0.7,0.1,0,0.3,2.2,0,1.9,250.4
24,127,1,4,1.8,0.6,0.1,0,0.2,1.8,0,1.6,200.3
26,127,1,3,1.2,0.4,0.1,0,0,1.2,0,1,120.6
29,127,1,1,0.4,0.1,0,0,0,0.4,0,0.3,40.2
30,127,0,28.5,16,9,0,0,3,16,4,10,1207
31,127,0,81,35,8,2,0,8,35,3,21,3187
32,127,0,42,21,5,0,0,1,21,1,20,1970
33,127,1,20.5,9.1,2.4,0.5,0,0.8,9.1,0.7,8.4,970.2
37,127,1,5,2.1,0.7,0.3,0,0,2.1,0,1.9,222.1
41,127,1,3,1.2,0.4,0.2,0,0,1.2,0,1.2,133.2
60,127,1,21,7.8,1.4,1.1,0,1.1,7.8,0.7,7.1,690.7
61,127,1,2,1,0.4,0,0,0,1,0.2,0.9,105.8
63,127,1,2,1,0.4,0,0,0,1,0.2,0.9,105.8
88,127,1,7,3.1,0.9,0.1,0,0.1,3.1,0.3,2.7,327.5
89,127,1,11,4.9,1.5,0.2,0,0.2,4.9,0.4,4.2,514.7
120,127,1,6,2.6,0.7,0,0,0.5,2.6,0.5,2.1,400.4
