x,y,imputed,ind,ind_0_3,ind_11_17,ind_18_24,ind_25_39,ind_40_54,ind_4_5,ind_55_64,ind_65_79,ind_6_10,ind_80p,ind_inc
92,9,2,13,0.4,0.4,0.6,1.7,2.5,0,3.5,3.5,0,0,0.4
92,10,3,52,0.8,2,1.9,9.9,6.3,0.9,5.1,18.1,1.6,5.4,0
92,11,1,4,0.1,0,0.1,0.8,0.4,0.1,0.7,1.3,0.2,0.3,0
92,12,1,2,0,0,0.1,0.4,0.2,0.1,0.3,0.6,0.1,0.2,0
93,0,2,9,0.5,0.7,0.7,1.5,1.5,0,2,0.9,0.7,0.5,0
93,1,2,2,0,0.2,0.2,0.4,0.4,0,0.4,0.2,0.2,0,0
91,9,3,21,0.6,0.6,1.1,2.8,4,0,5.6,5.7,0,0,0.6
91,10,3,227,7.2,16.5,11,35,49,5.2,31,42.2,7.2,22.5,0.2
91,11,7,49,1.8,2.5,3.1,6.3,9.6,1.9,9.6,8.3,1.9,3.8,0.2
89,16,3,60,0,1.6,1.7,5.8,10.9,0.5,13,18.6,0.6,7.3,0
89,19,1,105,5,3,3.5,21.4,17.4,4,16.4,18.4,3,11.4,1.5
89,20,3,20,0,2.3,0.8,1.6,6.9,0,3,1.6,0.7,3.1,0
94,27,1,1,0,0.1,0.1,0.1,0.3,0,0.1,0.1,0.1,0.1,0
94,30,1,1,0,0.1,0.1,0.1,0.3,0,0.1,0.1,0.1,0.1,0
88,16,1,3,0,0.3,0.1,0.4,1.1,0,0.3,0.3,0.4,0,0.1
88,19,3,22,0,1.1,0.5,3.4,2,0,4.2,5.1,1.1,3.1,1.5
88,20,4,11,0,1.2,0.4,1.1,3.8,0,1.4,1,0.8,1,0.3
90,3,2,3,0,0.1,0.2,0.4,0.6,0,0.8,0.8,0,0,0.1
90,10,4,34,1.3,1.6,2.1,4.3,6.4,1.3,6.4,5.9,1.4,2.9,0.4
90,11,1,11,0.4,0.5,0.7,1.4,2.1,0.4,2.1,1.9,0.5,0.9,0.1
90,16,3,27,0,0.6,1.4,3.7,4.3,0.4,5.6,7,0.6,3.2,0.2
85,4,1,2,0,0.2,0.1,0.1,0.5,0,0.3,0.5,0.1,0.1,0.1
85,20,1,4,0,0.4,0.2,0.5,1.4,0,0.4,0.4,0.5,0,0.2
85,23,1,1,0,0.1,0,0.1,0.4,0,0.1,0.1,0.1,0,0.1
86,18,2,6,0,0.5,0.2,0.8,2.2,0,0.6,0.6,0.8,0,0.3
86,19,1,1,0,0.1,0,0.1,0.4,0,0.1,0.1,0.1,0,0.1
95,32,2,4,0,0.2,0.1,0.4,1,0,0.9,1,0.1,0.2,0.1
96,32,4,20,0,0,0,1.8,4.2,0,6.5,6.6,0,0.9,0
96,33,1,2,0,0,0,0.2,0.4,0,0.6,0.7,0,0.1,0
82,0,5,147.5,4.8,11.3,4.8,23,27,3.4,24.8,21.8,4.8,18.2,3.6
82,1,4,11,0.2,1.2,0.2,1.9,2,0.2,2.4,1.2,0.2,1.1,0.4
82,2,1,5,0.1,0.6,0.1,0.8,0.9,0.1,1.1,0.6,0.1,0.5,0.1
82,3,1,3,0,0.3,0.2,0.2,0.7,0,0.4,0.7,0.2,0.1,0.2
82,5,3,21,0,2.1,1.4,1.4,4.9,0,2.8,4.9,1.4,0.7,1.4
82,17,1,23,0,0,1,3.1,3.3,0,2.1,8.3,0.1,5.1,0
82,18,3,42,1,0,1,3.9,8.7,0,3.9,11.7,1.9,9.9,0
82,26,1,3,0.1,0.3,0.1,0.3,0.9,0.1,0.4,0.4,0.2,0.1,0.1
98,30,2,4,0.2,0.5,0.2,0.8,0.7,0.1,0.8,0.2,0.1,0.2,0.2
98,31,4,14,0.7,1.5,0.7,2.9,2.3,0.4,3,0.7,0.3,0.8,0.7
98,32,2,6,0.3,0.7,0.4,1.3,1.2,0.2,1.3,0.2,0,0.2,0.2
81,0,2,23,1.4,0.9,0.3,3.6,5.6,0.6,2.5,4.7,1.1,1.7,0.6
81,2,2,30,1.8,1.1,0.4,4.8,7.4,0.7,3.3,6.2,1.4,2.2,0.7
81,3,5,46,2,2.4,1.4,6.3,12.6,0.9,5.8,7.7,1.7,4.5,0.7
81,17,1,2,0.1,0.2,0.2,0.3,0.6,0,0.2,0.2,0,0.2,0
81,26,1,3,0.1,0.3,0.1,0.3,0.9,0.1,0.4,0.4,0.2,0.1,0.1
78,14,1,1,0,0.1,0.1,0.2,0.3,0,0.1,0.1,0,0.1,0
78,28,1,3,0.1,0.3,0.1,0.3,0.9,0.1,0.4,0.4,0.2,0.1,0.1
69,7,3,16,0.4,2.1,0.4,1.2,4.5,0.4,4.1,2.1,0.4,0.4,0
69,17,1,18,1.9,0.5,0,5.2,2.8,0,1.4,2.4,3.3,0.5,0
69,18,3,100,3.1,7.6,9,10.6,20.7,2,13.3,21,5.1,4.6,3
69,19,1,4,0.1,0.2,0,0.5,0.9,0,0.8,1,0.3,0.2,0
69,25,1,7,0.4,0.6,0.5,1.3,2.7,0,0.7,0.6,0,0.1,0.1
69,26,1,1,0,0.1,0.1,0.2,0.4,0,0.1,0.1,0,0,0
69,27,2,3,0.1,0.3,0.2,0.6,1.2,0,0.3,0.3,0,0,0
69,28,1,10,0.5,0.8,0.7,1.9,3.8,0,1,0.9,0,0.2,0.2
70,7,1,1,0,0.1,0,0.1,0.3,0,0.3,0.2,0,0,0
70,27,1,1,0,0.1,0.1,0.2,0.4,0,0.1,0.1,0,0,0
70,28,1,15.5,0.8,1.2,1.1,3,5.9,0,1.6,1.3,0,0.3,0.3
71,25,1,3,0.2,0.2,0.2,0.6,1.1,0,0.3,0.3,0,0,0.1
68,7,3,76,1.6,2.5,1.3,7.5,12.8,0.1,14.6,25.7,3.1,5.8,1
68,8,3,26,0.7,2.3,1.1,2,7,0.4,6.5,4.6,0.5,0.9,0
68,15,2,3,0.2,0.2,0.2,0.5,0.7,0,0.3,0.4,0.1,0.4,0
68,16,1,3,0.2,0,0.1,0.8,0.3,0,0.2,0.5,0.3,0.5,0.1
68,17,3,55,3.6,4,3,9,9.6,0.1,5.8,9.3,4.6,6,0
68,18,3,104.5,3.5,16.3,0,11.6,18.5,1.1,24,15.9,2.8,10.8,0
68,21,1,3,0.1,0.2,0.2,0.5,1,0,0.4,0.2,0,0.4,0
68,24,3,6,0.5,0.4,0.1,1.4,1.4,0.3,0.4,0.3,0.8,0.2,0.2
68,25,7,29,1.7,1.9,0.5,3.6,8.4,0.4,1.9,7.6,1.8,0.6,0.6
68,26,5,20,1.2,1.3,0.3,2.8,5.9,0.2,1.3,4.9,1.1,0.5,0.5
68,27,5,16,0.6,1.1,0.9,2.6,5.4,0,1.7,2.4,0,1.1,0.2
72,6,1,4,0,0.4,0,0.2,0.5,0,1.1,1.1,0,0.7,0
72,18,0,48,2,1,3,9,5,2,8,9,1,6,2
72,19,3,15,0.6,1.3,1.3,2.4,4.7,0,1.7,1.3,0,1.7,0
72,27,1,1,0,0.1,0.1,0.2,0.4,0,0.1,0.1,0,0,0
97,35,1,4,0.2,0.5,0.3,0.9,0.8,0.1,0.9,0.1,0,0.1,0.1
76,30,1,2,0,0.2,0.1,0.2,0.6,0,0.3,0.3,0.1,0.1,0.1
80,28,1,1,0,0.1,0.1,0.1,0.3,0,0.1,0.1,0.1,0.1,0
80,29,1,2,0,0.2,0.1,0.2,0.6,0,0.3,0.3,0.1,0.1,0.1
100,20,1,2,0,0,0.1,0.3,0.3,0,0.6,0.4,0.1,0.1,0.1
100,30,1,4,0.1,0.3,0.1,0.9,0.4,0.1,1,0.3,0.2,0.4,0.2
100,31,3,15,0.2,1,0.3,1.9,2,0.3,4.2,2.1,0.5,2,0.5
100,32,1,1,0,0.1,0,0,0.2,0,0.3,0.2,0,0.2,0
73,5,1,1,0,0.1,0,0,0.1,0,0.3,0.3,0,0.2,0
73,6,4,17,0,1.6,0,0.8,2.2,0,4.7,4.7,0,3,0
74,17,1,1,0,0.1,0.1,0.2,0.3,0,0.1,0.1,0,0.1,0
79,28,2,4,0,0.4,0.2,0.4,1.2,0,0.6,0.6,0.2,0.2,0.2
79,29,1,2,0,0.2,0.1,0.2,0.6,0,0.3,0.3,0.1,0.1,0.1
83,0,1,2,0,0.2,0,0.3,0.4,0.1,0.5,0.2,0,0.2,0.1
83,5,1,4,0,0.4,0.3,0.3,0.9,0,0.5,0.9,0.3,0.1,0.3
83,25,2,5,0.1,0.5,0.2,0.5,1.5,0.1,0.7,0.7,0.3,0.2,0.2
65,8,1,1,0,0.1,0,0.1,0.1,0,0.2,0.3,0,0.1,0.1
65,9,4,30,1.5,2.2,1.5,3.5,1.5,0,7,7.7,0,2.8,2.3
65,14,4,15,0.7,0.2,0.1,2.5,1.3,0.8,2,4.4,0,3,0
65,15,1,2,0,0.1,0.1,0.3,0.4,0.1,0.4,0.6,0,0,0
65,17,1,3,0.1,0.2,0,0.4,0.6,0.1,0.3,1.1,0,0.2,0
65,18,1,2,0,0.2,0,0.3,0.4,0,0.2,0.7,0,0.2,0
65,19,2,5,0.3,0.6,0.1,0.6,1.4,0,1,0.6,0.1,0.3,0
65,20,2,7,0.5,0.7,0.6,1,1.7,0,1.5,0.6,0,0,0.4
65,23,1,1,0.1,0.1,0,0.2,0.2,0,0.2,0,0.2,0,0
65,24,3,30,1.4,2.3,0,6.8,7,0.2,4.7,1.8,4.9,0.9,0
75,30,1,12,0.3,1.3,0.5,1.1,3.7,0.3,1.6,1.6,0.8,0.5,0.3
99,29,1,2,0.1,0.2,0.1,0.4,0.4,0.1,0.4,0.1,0,0.1,0.1
99,30,1,2,0,0.2,0.1,0.4,0.2,0,0.5,0.2,0.1,0.2,0.1
99,31,5,27,0.5,2,0.5,3.8,3.5,0.5,7.4,3.5,0.9,3.5,0.9
99,32,1,1,0,0.1,0,0,0.2,0,0.3,0.2,0,0.2,0
63,13,2,122.5,0.6,10.1,6,15.7,24.8,2,19.2,18.4,4.6,20.1,1
63,14,3,40,2.3,2.3,1,4.4,7.4,1,4,11.5,1.7,4.4,0
63,19,3,7,0.5,0.9,0.2,0.9,2.1,0,1.4,0.5,0.2,0.3,0
63,21,2,11,0.9,1.1,0.9,1.5,2.7,0,2.4,0.9,0,0,0.6
63,23,1,1,0,0.1,0,0.3,0.2,0,0.1,0.2,0.1,0,0
63,27,1,3,0.1,0.2,0,0.8,0.6,0.1,0.4,0.6,0.1,0.1,0
67,5,1,1,0.1,0,0,0.2,0.2,0,0,0.3,0,0.2,0
67,6,1,4,0.4,0.1,0.1,0.7,0.6,0,0.2,1.3,0,0.6,0
67,7,1,2,0.1,0,0.1,0.1,0.5,0,0.5,0.6,0,0.1,0
67,11,1,4,0.1,0.2,0.1,0.6,0.9,0.1,0.8,1.2,0,0,0
67,15,2,31,0.9,0,1.5,4.2,5.3,0,4.9,9.2,1.3,3.2,0.5
67,16,2,79,1.8,6,3.4,5.9,13.2,0,12.9,21.1,2.2,11.1,1.4
67,17,3,11,0.2,0.9,0,1.6,2.2,0.2,1.1,3.9,0,0.9,0
67,18,1,2,0,0.2,0,0.3,0.4,0,0.2,0.7,0,0.2,0
67,20,2,5,0.3,0.7,0.1,0.7,1.5,0,1,0.3,0.2,0.2,0
67,22,1,1,0.1,0.1,0,0.1,0.3,0,0.2,0.1,0,0.1,0
67,24,6,41,3.7,2.7,0,9.7,8.8,2.7,2.7,1.7,6.4,1.7,0.9
67,25,2,3,0.1,0.2,0,0.4,0.9,0,0.2,0.8,0.2,0.1,0.1
67,26,1,4,0,0.1,0.1,0.2,0.8,0,0.5,1.4,0,0.9,0
77,16,1,1,0,0.1,0.1,0.2,0.3,0,0.1,0.1,0,0.1,0
77,30,2,4,0,0.4,0.2,0.4,1.2,0,0.6,0.6,0.2,0.2,0.2
56,10,2,7,0.2,0.5,0.2,1.8,0.3,0,1.1,1.8,0.5,0.3,0.3
56,12,1,6,0.2,0.5,0.2,1.6,0.2,0,0.9,1.6,0.4,0.2,0.2
56,13,3,19,1.9,3.4,0.5,4.5,3.9,0,1,1.9,1.9,0,0
56,17,1,1,0.1,0.1,0,0.2,0.2,0.1,0.1,0.1,0.1,0,0
56,18,1,1,0.1,0.1,0,0.2,0.2,0.1,0.1,0.1,0.1,0,0
56,20,2,17,1.3,1.4,0,3.4,3.4,0.7,2.1,3.4,1.3,0,0
56,21,1,320,15.1,15.1,19,40.3,63.5,9,51.3,62.4,14.1,25.2,5
56,22,4,188,6.1,20.3,8.3,26.7,39.2,4.3,21,38.4,10.1,10.6,3
56,23,2,7,0.2,0.8,0.3,0.8,1.8,0,0.8,1.4,0.5,0.4,0
56,24,4,22,0.3,3.1,1.3,2.2,5.9,0,2.2,4.3,1.8,0.9,0
56,25,2,5,0.1,0.4,0.2,0.5,1.1,0,0.6,0.9,0.4,0.4,0.4
56,26,2,552,18.3,42,26.3,94.1,122.8,18,65.2,99.2,28.1,36.6,1.4
56,27,2,32,2.6,0.8,1.8,8.7,6,0,6.9,2.6,1.8,0.8,0
66,7,2,18,2,0.6,0.6,3.2,2.6,0,0.6,5.8,0,2.6,0
66,8,1,3,0.1,0.2,0.1,0.4,0.2,0,0.7,0.8,0,0.3,0.2
66,9,3,8,0.3,0.6,0.3,0.9,0.5,0,1.8,2.2,0,0.8,0.6
66,15,1,2,0,0.1,0.1,0.3,0.4,0.1,0.4,0.6,0,0,0
66,16,3,43,1.7,1.4,0.7,6.5,8.5,0.7,9.9,8.6,0,5,0
66,17,2,4,0.1,0.3,0,0.5,0.8,0.1,0.4,1.5,0,0.3,0
66,18,1,4,0.1,0.3,0,0.6,0.8,0.1,0.4,1.4,0,0.3,0
66,20,2,16,1.2,2,0.3,2,5,0,3.5,0.9,0.5,0.6,0
66,21,1,2,0.1,0.3,0,0.3,0.6,0,0.4,0.1,0.1,0.1,0
66,24,1,3,0.2,0.2,0,0.6,0.7,0,0.5,0.1,0.6,0.1,0
66,25,3,6,0.4,0.5,0,1.2,1.4,0,1,0.1,1.2,0.2,0
66,26,3,5,0.2,0.4,0.1,0.7,1.1,0,0.7,0.7,0.6,0.5,0
66,27,3,8,0,0.2,0.2,0.4,1.6,0,1,2.8,0,1.8,0
66,28,3,13,0,0.4,0.5,0.5,2.6,0,1.6,4.6,0,2.8,0
50,6,1,1,0,0.1,0.1,0.1,0.2,0,0.2,0.1,0.1,0.1,0
50,8,2,3,0,0.2,0.3,0.4,0.7,0,0.5,0.5,0.2,0.1,0.1
50,9,4,45,0,4.3,3.1,5.4,12.5,1.5,6.1,7,3.5,0.8,0.8
50,10,4,54,1,0,4,5,12,0,8,12,3.1,6.9,2
50,16,4,17.5,1.3,0.9,0.6,2.9,2.5,0.1,3.1,3.5,1,1.6,0
50,18,6,19,0.3,1.3,1.1,2.3,4.1,0,4,4,0.7,0.8,0.4
50,19,2,7,0.1,0.3,0.3,1.4,1.1,0,1.6,1.3,0.5,0.3,0.1
50,21,3,6,0,0.5,0.1,1.2,1.3,0,1.2,1.3,0,0.3,0.1
50,22,6,24,0,1.7,0.1,4.7,4.9,0,5.3,5.4,0.2,1.3,0.4
50,24,2,11,0.2,0.9,1,0.4,3,0,1.1,3,0.8,0.6,0
50,25,7,44,0.7,2.6,1.5,2.3,5.5,0.6,6.6,16.3,1.1,6,0.8
50,26,1,4,0.1,0.2,0.1,0.2,0.4,0.1,0.6,1.5,0.1,0.6,0.1
64,13,1,4,0.2,0,0,0.7,0.2,0.2,0.5,1.2,0,1,0
64,14,4,106,1,8,3,9.4,23.1,3.1,22.1,17.5,5,12.8,1
64,15,6,34,0.8,1.4,0,9.3,5.4,0.8,5.5,3.9,4.6,2.3,0
64,16,2,9,0.3,0.4,0,2.3,1.6,0.2,1.5,1,1.1,0.6,0
64,17,2,6,0.4,0.8,0.1,0.8,1.8,0,1.3,0.3,0.2,0.3,0
64,19,2,7,0.5,0.9,0.2,0.9,2.1,0,1.5,0.4,0.2,0.3,0
64,21,1,4,0.3,0.4,0.3,0.6,1,0,0.9,0.3,0,0,0.2
64,24,1,2,0,0.1,0,0.6,0.4,0,0.3,0.4,0.1,0.1,0
64,26,1,1,0,0.1,0,0.3,0.2,0,0.1,0.2,0.1,0,0
64,27,2,7,0.1,0.4,0,2,1.4,0.2,0.9,1.4,0.4,0.2,0
57,10,3,127,4.1,15.2,3.9,16.8,26.3,4.7,18.7,20,4.6,10.1,2.6
57,11,2,18.5,0.9,2.2,0.8,2.9,3.1,0.2,1.6,3.3,1.6,1.3,0.6
57,12,1,10,0.3,0.7,0.4,2.6,0.4,0,1.5,2.6,0.7,0.4,0.4
57,13,1,6,0.6,1.1,0.2,1.4,1.2,0,0.3,0.6,0.6,0,0
57,21,1,49,1.2,6.1,1.1,6.3,11.8,1,7.4,10.5,1.2,2.4,0
57,22,6,49,2.7,1.9,1.9,5.2,12.5,0,6.5,8.5,3.3,6.5,0
57,23,3,25,1.3,1,1.1,3,6.2,0,3.4,4.2,1.5,3.3,0
57,24,5,161,2.7,17.5,10.6,24.1,39.4,0.8,24.9,23.6,4,10.6,2.8
57,25,7,88,5.3,5.8,5.1,16.2,12.6,1.3,12.9,10.1,7.5,10.6,0.6
57,26,1,645,29.9,52.9,33.7,109.7,158.1,15.6,79.9,86.4,41.5,25.1,12.2
57,27,2,644,23.2,46.7,36,116,134.1,14.2,79.6,105.6,26.2,56.4,6
57,28,2,7,0.5,0.5,0,1.8,1.2,0.2,0.9,0.9,0.5,0.5,0
58,10,2,9,0.4,1,0.4,1.4,1.5,0.1,0.8,1.7,0.8,0.6,0.3
58,11,1,7,0.7,1.3,0.2,1.6,1.4,0,0.4,0.7,0.7,0,0
58,23,1,4,0.2,0.2,0.1,0.3,0.9,0.1,0.6,1,0.2,0.2,0.2
58,24,2,71,2.3,5.5,2.4,7.5,16.8,0.2,12.2,20.2,0.2,3.5,0.2
58,25,6,164,5.9,10.9,8.6,23.8,31,1.8,30.1,32.5,5.7,12,1.7
58,26,5,282,7.7,19.3,12,37.3,51.4,5.6,47.5,58.3,15,23,4.9
58,27,0,595,14,49,36,87,123,8.5,87,96,25.5,65,4
103,2,1,4,0.1,0.1,0.3,0.4,1,0,0.3,0.8,0.3,0.7,0
103,17,0,41,0,0,0,3,9,0,5,14,1,9,0
103,19,2,12,0,0,1.2,1.8,2.1,0.3,3.1,1.5,0.5,1.5,0
103,20,3,23,0.4,1.6,0.4,1,4.9,0,2.6,5.5,2.6,4,0
103,22,1,5,0.1,0.3,0.1,0.2,1.1,0,0.6,1.2,0.5,0.9,0
103,37,1,1,0,0,0,0.1,0.2,0,0.3,0.3,0,0.1,0
45,3,1,10,0.3,0.8,0.6,1.7,2.2,0.3,0.9,2.1,0.3,0.7,0.1
45,4,6,123.5,3.1,7.2,6,17.9,25.9,3.8,13.8,21.3,3,17.8,3.7
45,5,5,43,2.7,0.9,2.1,6.4,8.5,0.8,7.8,8.9,1.5,2,1.4
45,6,3,22,1.3,0.2,0.4,3.3,4.5,0.2,4.7,6,0.7,0.4,0.3
45,7,3,25,1.1,2.3,0.5,3,6,0,3.9,6.6,0.3,0.8,0.5
45,9,1,1,0,0.2,0,0.1,0.3,0,0.1,0.2,0,0.1,0
45,19,2,3,0.2,0.2,0.1,0.8,0.8,0.1,0.1,0.6,0.1,0,0
45,23,1,4,0.1,0.2,0.2,0.6,0.4,0.1,0.6,1.4,0.2,0.2,0
47,3,1,13,0.2,0.6,0.9,2.6,2.9,0,2.1,2.3,0.8,0.6,0
47,4,6,111.5,0.7,4.7,5.3,16.5,25,2,19.3,27,5.1,5.9,0
47,5,3,24,2.5,2.5,0.9,3.4,4.2,0.9,5.2,4.4,0,0,0
47,9,1,2,0.1,0,0,0.3,0.4,0,0.5,0.6,0.1,0,0
47,22,4,217,8.3,8.8,11.9,34.6,48.7,3.1,33.8,36.1,11.5,17.1,3.1
102,0,1,2,0,0.2,0.1,0.2,0.7,0.1,0.2,0.2,0.1,0.2,0
102,1,1,6,0.1,0.5,0.3,0.5,2,0.3,0.5,0.7,0.3,0.8,0
102,2,3,24,0.8,0.8,1.6,2.4,6.3,0,1.7,4.8,1.6,4,0
102,3,1,2,0.1,0.1,0.1,0.2,0.5,0,0.2,0.4,0.1,0.3,0
102,20,2,11,0.2,0.7,0.2,0.5,2.4,0,1.3,2.6,1.2,1.9,0
102,21,1,79,2.1,10.5,5.1,4.3,20.5,0,7.8,18.7,2.8,7.2,0
102,30,1,1,0,0,0,0.1,0.2,0,0.3,0.3,0,0,0.1
104,0,1,3,0.1,0.3,0.1,0.3,1,0.1,0.3,0.3,0.1,0.4,0
104,5,1,14,0,1.3,0.7,2,2,0,2.6,2.7,0,2.7,0
104,6,1,7,0,0.7,0.4,1,1,0,1.3,1.3,0,1.3,0
104,17,4,25,0,0,2.5,3.7,4.3,0.6,6.4,3.2,1.1,3.2,0
104,35,1,2,0,0,0,0.2,0.5,0,0.6,0.6,0,0,0.1
104,34,1,3,0,0.1,0.1,0.2,0.7,0,0.9,0.9,0,0,0.1
104,37,1,3,0.1,0.2,0,0.2,0.5,0,0.8,0.8,0,0.4,0
101,20,0,31,1,1,1,6,4,0,6,5,0,7,0
101,21,6,74,3,1,1.9,10.7,12.6,0,20.2,12.6,1,8.9,2.1
48,4,2,48,0.1,4.4,1.7,2,10.3,0,6.6,14.7,2.7,3.5,2
48,6,2,9,0.7,0.4,0.2,1.4,1.7,0.1,2.1,2.3,0.1,0,0
48,7,1,3,0.2,0,0,0.5,0.6,0,0.7,0.9,0.1,0,0
48,9,3,71,4.2,7.1,3.1,3.7,14,0,11.2,17.3,0.3,8.1,2
48,10,1,6,0.2,0,0.2,0.9,0.3,0,1.1,2.9,0.2,0.2,0
48,13,1,2,0.1,0,0,0.2,0.6,0.1,0.5,0.5,0,0,0
48,16,1,3,0.1,0.1,0.1,0.6,0.5,0,0.7,0.5,0.2,0.1,0.1
48,18,1,8,0.6,0.6,0.3,2,2.1,0.3,0.3,1.5,0.3,0,0
48,19,5,16,0.8,1,0.7,3.9,3.7,0.4,1.5,3.1,0.7,0.2,0
48,21,5,39.5,2.3,3,1.5,6.7,9.7,0.8,4.8,6.2,2.5,1.2,0.8
48,22,5,75,4.9,7.5,4,12,20.9,1.1,7.4,11.9,3.1,1.1,1.1
43,4,2,107,3,8.4,2.6,15,18.4,1,19.4,15.6,4.4,18.2,1
43,5,2,22,0,1.9,1.9,3.7,5,0,5,1.9,1.9,0.7,0
43,7,4,19,0.4,2,0.1,1.2,3.8,0,3.5,5.6,1.2,1,0.2
43,8,2,53,3.4,5.7,2.5,9.1,10.9,2,10,3.2,4.1,0.6,1.5
43,9,2,8,0.3,1.4,0.3,0.7,2.1,0,0.7,1.7,0,0.5,0.3
43,10,3,11,0.5,0,0,0.9,3.6,0.5,2.7,2.8,0,0,0
43,11,1,2,0.1,0,0,0.2,0.6,0.1,0.5,0.5,0,0,0
43,15,4,26,0.1,1.6,0.5,3.5,6.2,1,4.3,6,1.3,1,0.5
43,16,7,126,4.9,4.8,9.1,25.3,20.5,3.4,16.3,22.4,4.3,13.4,1.6
43,17,4,311,6.4,20.1,11.1,37.1,63.7,5.9,44.4,69.6,12.5,33.5,6.7
43,18,3,10,0,0.8,0.4,1,2.1,0,1.5,2.8,0.4,0.6,0.4
43,19,3,15,0,1.9,1.1,1.4,2.6,0,1.4,5.4,0.1,0.9,0.2
43,20,2,9,0.3,0.3,0.4,1.1,1.7,0,1.1,2.8,0.2,0.8,0.3
43,21,1,3,0.2,0,0.1,0.2,0.4,0,1.1,0.7,0,0.2,0.1
44,4,6,49,2.2,2.8,4.8,8.6,8.6,1.5,6.2,12.6,1.7,0,0
44,5,1,5,0,0.4,0.4,0.9,1.1,0,1.2,0.4,0.4,0.2,0
44,6,1,1,0,0.1,0.1,0.2,0.2,0,0.2,0.1,0.1,0,0
44,7,3,4,0.1,0.7,0.1,0.4,1.1,0,0.4,0.8,0,0.3,0.1
44,9,2,14,0.5,2.3,0.5,1.3,3.7,0,1.3,3.1,0,0.8,0.5
44,10,1,1,0,0,0,0.1,0.3,0,0.3,0.3,0,0,0
44,13,1,1,0.1,0,0,0.1,0.2,0.1,0.2,0.3,0,0,0
44,19,4,28,0,4.4,2.1,2.8,5,0,2.1,10.1,0,1.5,0
44,20,1,2,0,0.1,0.1,0.3,0.4,0,0.1,0.6,0.1,0.2,0.1
44,21,2,2,0,0,0.2,0.4,0.4,0,0.2,0.6,0,0.2,0
105,0,3,24,0.6,2.1,1.1,2.2,8,1,2.2,2.6,1,3.2,0
105,5,0,15.5,0.5,0,0,0,2,0,2,4,0,7,0
105,6,0,17,0,1,0,0,2,0,1,9,1,3,0
105,16,0,36.5,0,2.5,2,0,9,1,7,7,2,6,0
105,17,1,5,0.1,0.4,0,0.6,0.8,0,1.3,1.1,0,0.5,0.2
105,18,1,2,0,0.1,0.1,0.1,0.5,0,0.3,0.5,0.1,0.2,0.1
105,32,2,11,0,0.3,0.3,0.8,2.6,0,3.2,3.4,0,0,0.4
105,33,3,26,0.3,0.8,1,2.2,5.7,0.1,6.5,8.1,0.3,0.3,0.7
105,34,2,8,0,0.2,0.2,0.7,1.8,0,2.2,2.5,0,0.1,0.3
60,19,1,1,0.1,0.1,0,0.2,0.2,0.1,0.1,0.1,0.1,0,0
60,23,6,64,4.7,3.7,1,11,14.2,3.4,3.9,15.6,2.2,1.2,3.1
60,24,4,255.5,4.7,25.9,10.3,46.3,48.9,10.6,37,38.4,14.2,15.1,4.1
60,25,2,56,2.7,3.1,2.4,8.3,17.3,1.7,3.7,9,3.4,2.3,2.1
60,26,3,218,7.9,22.1,8.2,35.7,56.6,3,21.6,28.4,18.6,12.5,3.4
60,27,2,96,2,12,4,15,17,0,9,21,8,7,1
42,7,2,4,0,0.4,0,0.2,0.8,0,0.8,1.2,0.4,0.2,0
42,8,6,173,8.9,12.7,4.9,30.8,40.9,3.9,27.8,21.7,12.5,6,2.9
42,10,2,8,0.3,0,0,0.7,2.6,0.4,2,2,0,0,0
42,13,2,29,2,0.5,1.4,3.9,4.9,1.7,6.4,7.3,0,0,0.9
42,14,3,18.5,1.2,0.3,0.9,2.5,3.1,1.1,4.1,4.7,0,0,0.6
42,15,5,32,0,2.1,0.5,4.2,7.9,1.1,5.2,7.3,2,1.1,0.6
42,16,7,71,0,3.3,6.7,7.9,18.9,1.4,10.2,15.2,2.6,3.8,1
42,17,2,13,0.1,1.3,0.3,1.6,3.1,0.1,1.9,2.9,0.7,0.6,0.4
42,18,4,18,0.1,1.3,0.8,1.7,3.5,0.1,2.7,5.2,0.8,1.1,0.7
42,19,3,9,0,0.4,0.7,0.7,1.4,0,1.4,3.1,0.2,0.7,0.4
42,20,2,112,4.5,4,1.8,13.5,23.3,1,19.9,28.6,7,6.6,1.8
42,21,3,108,2.7,6.6,4.6,17.5,20.8,2,11.8,29.7,1.6,9.1,1.6
49,9,3,18,0.4,1,1.5,2.5,3.6,0,4,2.5,1,1,0.5
49,10,4,23,0.6,0,0.7,3.5,1.5,0,4.1,11.3,0.6,0.7,0
49,16,6,107.5,7.4,7,5,22.5,17.5,0,18.2,17.6,3.2,8.6,0.5
49,19,1,1,0,0,0,0.2,0.2,0,0.2,0.2,0.1,0.1,0
49,21,2,11,0,0.9,0.7,1.8,3.3,0,1.4,2.2,0.2,0.5,0
49,22,2,20,0,1.8,1.9,3.1,6.7,0,1.9,3.6,0.5,0.5,0
106,1,1,3,0.1,0.3,0.1,0.3,1,0.1,0.3,0.3,0.1,0.4,0
106,8,1,2,0,0,0,0,0.6,0,0.2,0.7,0.1,0.4,0
106,16,1,6,0.2,0.5,0,0.8,0.9,0,1.5,1.3,0,0.6,0.2
106,17,3,9,0.3,0.7,0,1.1,1.5,0,2.2,2,0,0.9,0.3
106,18,4,15.5,0.4,1.1,0.2,1.7,2.8,0,3.4,3.6,0.2,1.5,0.6
106,19,3,15,0,0.6,0.6,1.2,3.8,0,2.5,3.8,0.6,1.3,0.6
106,21,1,3,0,0,0.3,0.4,0.5,0.1,0.8,0.4,0.1,0.4,0
106,28,1,2,0.1,0.2,0.1,0.4,0.4,0.1,0.4,0.1,0,0.1,0.1
106,32,1,2,0,0,0,0.2,0.5,0,0.6,0.6,0,0,0.1
106,33,5,49,1.4,2.9,3.7,4.8,8.9,0.7,7.2,15.6,1.5,2.1,0.2
106,34,1,10,0.3,0.6,0.8,1,1.8,0.2,1.3,3.2,0.3,0.5,0
107,2,1,4,0.1,0.3,0.2,0.4,1.3,0.2,0.4,0.4,0.2,0.5,0
107,6,1,12,0,1.3,0,0,2.5,0,4.4,1.3,0,2.5,0
107,7,4,30,0,0,0,0,9.3,0,3.7,10.4,0.9,5.7,0
107,18,2,51,1.2,4.6,1.3,5.2,12.4,0.2,10.3,8.9,0.3,5.1,1.5
107,19,3,18,0.2,2.2,0.3,1.8,4.1,0.2,2.5,3.6,0.2,2.5,0.4
107,26,1,5,0.3,0.6,0.3,1.1,0.9,0.1,1.1,0.2,0,0.2,0.2
107,34,4,12,0.4,1,0.2,2.2,2.2,0.4,1.2,1,1.4,1.4,0.6
107,32,1,1,0,0,0,0.1,0.2,0,0.3,0.3,0,0,0.1
107,35,1,130,6,2,4,20,20.4,6.4,16,23.8,7,22.4,2
107,33,1,2,0.1,0.2,0,0.3,0.4,0.1,0.2,0.2,0.2,0.2,0.1
41,3,1,6,0.5,0.6,0.2,0.9,0.9,0.1,1,0.6,0.1,0.3,0.8
41,4,1,2,0.2,0.1,0,0.5,0.2,0,0.4,0.3,0.1,0.1,0.1
41,5,2,7,0.7,0.4,0.1,1.7,0.9,0,1.4,0.9,0.2,0.2,0.5
41,8,3,234,24.7,36.6,7.8,58.7,56.3,13.2,3.8,4.1,27.9,0.9,0
41,9,4,10,0.3,1,0.4,2,2.3,0,1.6,1.1,0.7,0.6,0
41,11,4,17,1.1,1.1,1.1,2.9,2.6,0.3,1.1,4.8,0.8,0.8,0.4
41,13,3,35,1.4,3.4,0.4,2.6,7.1,1,8,7.6,0.8,1.1,1.6
41,14,6,57.5,2.4,5.6,0.7,4.3,11.7,1.6,13.1,12.4,1.3,1.9,2.5
41,15,2,8,0.2,0.6,0.2,0.6,2.5,0.2,1.3,1.3,0.6,0.5,0
41,16,4,33,0.7,1.6,0.4,2.9,7.5,0.8,4.1,9.5,2.5,3,0
41,17,1,1,0,0,0,0.1,0.2,0,0.1,0.4,0.1,0.1,0
41,18,1,1,0,0,0,0.1,0.2,0,0.1,0.4,0.1,0.1,0
41,20,1,20,0.5,1,0.5,3,4.5,0,6,4,0,0,0.5
41,21,3,17,0.3,0.9,0.4,2.6,3.8,0,5.1,3.4,0,0,0.5
41,22,1,3,0.1,0.1,0.1,0.4,0.7,0,0.9,0.6,0,0,0.1
51,6,1,1,0,0.1,0.1,0.1,0.2,0,0.2,0.1,0.1,0.1,0
51,7,1,11,0.3,0.6,0.9,1.5,2.2,0,2.5,1.5,0.6,0.6,0.3
51,9,1,52,1,4.6,2.8,4.5,12.3,0.4,5.7,14.9,1.4,4.2,0.2
51,13,3,41,0.9,1.7,0.9,4,7,0,11.5,10.4,0.1,4.5,0
51,14,1,4,0.2,0.4,0.2,0.5,0.4,0,1.3,0.5,0,0.5,0
51,15,4,109.5,2.2,4.5,5.7,17.2,21,1.5,20.5,18.2,8.5,9.2,1
51,16,3,35,0.9,1.6,1.9,6.7,5.4,0.4,5.1,6.7,2.8,3.5,0
51,17,4,89,2.8,7.2,3.6,8.7,30.9,1,8.2,13.1,1,9.8,2.7
51,18,5,33,0.1,2.6,2,2.1,8.1,0,6.9,8.1,1.4,1.5,0.2
51,19,2,54,1,5,4.6,5.7,12.1,0,6.7,13.5,1.2,4.2,0
51,21,2,5,0,0.3,0,1,1,0,1.2,1.2,0,0.3,0
51,22,3,15,0,1.1,0,3,3,0,3.4,3.4,0.1,0.8,0.2
51,23,4,6,0,0.5,0.4,0.5,1.5,0,0.9,1.7,0.3,0.2,0
51,24,4,54,0.5,5,4.1,1.3,13.5,0,4.6,18.7,2.4,3.9,0
51,25,9,74,1,3.9,1.5,4.2,6.8,1.1,12.1,28.8,1.4,11.6,1.6
51,26,3,6,0.1,0.2,0.1,0.4,0.6,0.1,1,2.3,0.1,1,0.1
52,7,2,67,1,6.7,5.9,9.3,17.5,2,6.4,8.6,4.3,5.3,0
52,8,3,147,3,12.5,6,18,33.1,3,10.9,34,14.5,10,2
52,13,3,17,0,1.1,1.3,1.3,4.2,0,2.1,4.9,0,2.1,0
52,14,1,2,0,0.1,0.2,0.2,0.5,0,0.2,0.6,0,0.2,0
52,15,3,38,0.9,1,3,7.9,6.1,1,8,5,2.1,3,0
52,17,4,143,5.1,13.3,11.4,25.3,29.8,1,19.1,23.5,9.3,5.2,0
52,18,3,49,1.1,4.2,3.1,5.5,11.9,0,7.8,12.1,1.4,1.5,0.4
52,20,2,10,0,0.7,0.7,0.8,1.9,0.3,2.3,2.3,0.6,0.2,0.2
52,21,2,6,0,0.4,0.4,0.5,1.2,0.2,1.4,1.4,0.3,0.1,0.1
52,22,1,3,0,0.2,0.2,0.2,0.6,0.1,0.7,0.7,0.2,0,0.1
52,23,4,17,0.3,1.6,1,2.7,3.1,0.5,2.8,3.5,0.5,0.8,0.2
52,24,6,71,1.5,7.1,4.3,11.9,13,1.6,10.8,14.2,1.8,3.8,1
52,25,7,65.5,1.1,1.3,1.9,8.8,11.8,1.9,12.5,16.5,1.9,6.7,1.1
108,2,1,3,0.1,0.3,0.1,0.3,1,0.1,0.3,0.3,0.1,0.4,0
108,3,1,1,0.1,0,0,0.1,0.2,0,0.1,0.2,0.1,0.2,0
108,18,3,43.5,0.3,5.4,0.6,4.2,9.8,0.6,6.1,8.9,0.6,6.1,0.9
108,19,3,11,0,1.3,0.2,1.1,2.4,0.2,1.6,2.2,0.2,1.6,0.2
108,34,5,65,2.6,5.4,0.8,11,11.8,2.5,7.3,5.2,7.6,7.6,3.2
108,31,2,3,0.1,0.3,0.2,0.6,0.7,0.1,0.2,0.6,0.1,0.1,0
108,33,1,1,0,0.1,0,0.1,0.3,0,0.2,0.1,0.1,0.1,0
108,35,2,740,19.3,46.3,28.8,102.1,140.4,14.9,110.9,153.3,36.6,72,15.4
108,36,1,59,0.6,0.5,2.6,5.3,14.4,0.5,6.6,15,2.2,10.6,0.7
61,17,1,1,0.1,0.1,0,0.2,0.2,0.1,0.1,0.1,0.1,0,0
61,18,1,2,0.1,0.1,0,0.3,0.5,0.1,0.2,0.3,0.3,0.1,0
61,19,1,2,0.1,0.1,0,0.3,0.5,0.1,0.2,0.3,0.3,0.1,0
61,20,4,23,1.6,0,0.7,3.2,2.3,0.7,4.8,5.7,0.7,3.3,0
61,21,1,6,0.4,0,0.2,0.8,0.6,0.2,1.3,1.5,0.2,0.8,0
61,23,6,46,2.3,2.9,1.5,5.9,10.4,1.8,5,8.5,4.3,2,1.4
61,24,4,16,0,1.4,1,0.8,3.3,0,2,5.5,0.2,0.9,0.9
61,25,2,2,0,0.4,0,0.2,0.6,0,0.2,0.2,0.2,0.2,0
61,26,0,27,2,1,1,6,7,1,3,5,1,0,0
61,27,0,59,0,8,3,5,14,1,8,13,1,3,3
62,13,2,5,0.2,0.2,0,1,1,0,0.7,1.1,0.5,0.3,0
62,15,1,1,0,0,0,0.3,0.2,0,0.2,0.1,0.1,0.1,0
62,16,2,4,0.2,0.4,0.1,0.7,1.1,0,0.8,0.3,0.2,0.2,0
62,19,1,3,0.2,0.4,0.1,0.4,0.9,0,0.6,0.2,0.1,0.1,0
62,21,3,7,0.4,0.7,0.6,1,1.7,0,1.5,0.7,0,0,0.4
62,23,3,8,0.6,0.8,0.6,1.1,1.9,0,1.8,0.7,0,0,0.5
62,24,2,6,0.1,0.3,0,1.8,1.2,0.1,0.8,1.2,0.3,0.2,0
62,25,1,5,0.1,0.3,0,1.4,1,0.1,0.7,1,0.3,0.1,0
62,27,3,8,0.1,0.4,0,2.4,1.6,0.1,1.1,1.6,0.4,0.3,0
53,7,2,15,0.4,2.1,0.9,1.5,3.9,0.4,0.6,2.6,1.5,1.1,0
53,8,1,22,0.6,3.1,1.3,2.2,5.7,0.6,0.9,3.8,2.2,1.6,0
53,17,1,5,0.1,0.6,0.3,0.6,1.4,0,0.8,0.8,0.3,0.1,0
53,18,2,16,0.2,0.8,1.2,1.7,3.3,0,2.5,5.5,0,0.6,0.2
53,19,2,58,4.3,0.8,3,7.5,13.1,0,7.3,15.2,4,2.5,0.3
53,20,1,31,0,2.7,4.7,0.9,10.1,0.4,2.5,6.6,0.7,2.2,0.2
53,21,1,8.5,0,0.5,0.5,0.7,1.6,0.3,2,2,0.5,0.2,0.2
53,23,4,199.5,5.4,17.4,14.1,21.1,47.9,1.5,32.1,26.1,6,26.1,1.8
53,24,4,126.5,5.5,10.9,6.9,24.4,29.6,3.5,15.4,9.7,11.9,6,2.7
53,25,1,2,0,0,0.1,0.3,0.3,0.1,0.4,0.5,0.1,0.2,0
109,3,1,6,0.3,0.2,0.2,0.5,1.5,0,0.5,1.5,0.3,1,0
109,6,3,18,0.1,0.5,0.5,1.3,3.2,0.5,3.5,4.2,0,4.2,0
109,7,3,28,0.7,0,0,2,1.3,0,8,12,0,4,0
109,36,5,98,7.4,4.2,3.5,18.1,15.9,3.2,15.4,17.1,0.8,8.5,3.9
109,25,1,6,0.7,0.4,0.2,1.1,1.5,0.2,0.4,1.1,0,0,0.4
109,26,1,2,0.2,0.1,0.1,0.4,0.5,0.1,0.1,0.4,0,0,0.1
109,28,2,3,0.2,0.6,0,0.3,0.7,0,0.4,0.6,0,0.2,0
109,35,2,45,2.5,2.2,2.5,9.2,5.9,2.1,6.3,8,0.9,2.5,2.9
109,31,3,50,0.5,2.9,1.5,6.8,8.7,0.1,10.8,12.8,0.9,4.9,0.1
109,32,4,61,4,7.2,6.1,12.7,10.4,1.6,4.1,12.7,0.7,0.7,0.8
110,3,1,1,0.1,0,0,0.1,0.2,0,0.1,0.2,0.1,0.2,0
110,6,1,9,0.2,0,0,0.6,0.4,0,2.6,3.9,0,1.3,0
110,15,3,48,0,5.1,3.7,6.2,7.2,0.1,10.8,11.1,1.5,2.1,0.2
110,16,2,34,0,6,1.8,3.6,9,0.6,2.4,6,1.1,2.9,0.6
110,22,2,7,0.4,0.2,0.2,1.1,1.1,0.1,1.1,1.5,0.3,0.9,0.1
110,23,4,10,1.2,0.7,0.3,1.8,2.4,0.3,0.7,1.9,0,0,0.7
110,24,3,14,1.7,0.8,0.4,2.6,3.4,0.4,1,2.7,0,0,1
110,37,7,105,2.1,4.9,5.6,10.8,16.4,0,15.2,33.8,2.9,9.9,3.4
110,29,1,2,0.1,0.4,0,0.2,0.5,0,0.3,0.4,0,0.1,0
110,30,3,29,1.4,1.2,0.2,6.1,5.9,0,5.7,5.4,1.9,1.2,0
110,31,5,121.5,8.8,7.3,3,27,21.3,2,21.1,21,3,6,1
110,32,1,8.5,0.6,1,0.8,1.8,1.4,0.2,0.6,1.8,0.1,0.1,0.1
110,62,2,2,0,0,0,0.2,0.2,0,0.4,0.8,0,0.2,0.2
110,33,1,4,0.1,0.5,0.1,0.5,1.1,0,0.9,0.3,0.3,0.2,0
110,34,2,5,0.1,0.6,0.1,0.6,1.4,0,1.1,0.4,0.4,0.3,0
110,36,3,21,0.6,1.4,1,2.3,2.9,0,3.1,6.6,0.9,1.8,0.4
110,65,2,3,0,0.2,0.3,0.2,0.6,0.1,0.3,0.9,0.1,0.3,0
111,3,1,1,0,0,0,0.1,0.2,0,0.2,0.2,0,0.3,0
111,15,1,54,1,2.5,2.2,8.3,8.8,0,10.2,15.5,1.1,3.3,1.1
111,16,4,326,7.3,16.5,13.6,45.5,61.8,6.4,49.1,71.7,12,35.8,6.3
111,17,7,37,0.5,1.7,1.8,1.2,7.4,0.5,12.1,7,1.2,1.8,1.8
111,19,1,4,0.1,0.2,0.2,0.1,0.8,0.1,1.3,0.7,0.1,0.2,0.2
111,28,1,3,0.2,0.6,0,0.3,0.7,0,0.4,0.6,0,0.2,0
111,29,3,34,1.6,6.4,0,3.3,8.1,0,4.8,7.3,0,2.5,0
111,30,5,58,3.1,2.5,0.6,12.2,10.4,0,13,10.6,3.7,1.9,0
111,66,1,17,0,0.2,1.4,0.2,5.8,0.1,1.5,2.2,0.1,5.5,0
111,31,1,7,0.4,0.3,0.1,1.5,1.3,0,1.5,1.3,0.4,0.2,0
111,41,1,3,0,0.1,0.1,0.5,0.6,0.1,0.5,0.5,0.3,0.3,0
111,37,2,11,0.2,0.7,0.5,0.9,1.5,0,1.6,3.7,0.3,1.2,0.4
111,40,1,1,0,0,0,0.2,0.2,0,0.2,0.2,0.1,0.1,0
111,38,0,17,1,0,1,2,5,0,2,4,1,1,0
111,61,1,2,0,0,0,0.2,0.3,0,0.3,0.9,0,0.2,0.1
111,60,1,1,0,0,0,0.1,0.1,0,0.2,0.4,0,0.1,0.1
111,65,1,6,0,0.2,0.6,0.2,1.2,0.2,0.8,1.8,0.2,0.8,0
55,10,1,1,0,0,0.1,0.1,0.3,0,0.2,0.1,0,0.2,0
55,11,2,17,0.3,1.1,0.9,1.9,5.1,0,1.8,3.6,0.6,1.1,0.6
55,12,2,4,0.2,0.2,0.2,1,0.2,0,0.6,1,0.2,0.2,0.2
55,14,1,2,0.2,0.4,0,0.5,0.4,0,0.1,0.2,0.2,0,0
55,15,2,4.5,0,0.3,0.4,0.4,1.1,0,0.5,1.3,0,0.5,0
55,16,2,5,0.4,0.6,0.1,1,1.1,0.1,0.4,0.6,0.6,0.1,0
55,17,2,7,0.4,0.4,0.2,1.1,1.6,0.3,0.8,1.1,0.8,0.2,0.1
55,19,1,2,0,0.1,0.2,0.2,0.4,0,0.3,0.7,0,0.1,0
55,21,2,12,0.8,1,0.1,2.1,2.6,0.4,1.5,2.4,0.8,0.3,0
55,26,2,20,0.5,1.6,0.8,2,4.7,0,2.6,3.3,1.6,1.6,1.3
55,22,1,6,0.3,0.4,0.1,0.7,1.5,0.1,0.9,1.3,0.3,0.4,0
55,23,3,44,1.6,4.5,1.7,4.8,11.4,0.4,5.4,8.9,2.8,2.4,0.1
55,24,1,3,0.1,0.4,0.2,0.3,0.8,0,0.3,0.6,0.2,0.1,0
55,25,8,61,1.2,5.3,2.6,5.6,14.2,0,9.7,10.7,3.9,4,3.8
55,27,1,3,0.2,0.1,0.2,0.8,0.6,0,0.6,0.2,0.2,0.1,0
112,16,1,2,0.1,0.1,0.1,0.3,0.3,0,0.3,0.4,0.1,0.3,0
112,19,5,22,1.3,0.7,0.7,3.6,3.2,0.2,3.4,4.9,0.9,2.9,0.2
112,20,2,31,0,2.4,0.8,3.2,8,0,5.5,6.3,1.6,2.4,0.8
112,23,1,1,0,0.1,0,0.1,0.3,0,0.2,0.2,0,0,0.1
112,66,2,35,0.3,1.3,1.3,2,6.3,0.3,10.5,5.5,1,5.2,1.3
112,27,1,1,0,0.1,0,0.1,0.3,0,0,0.4,0,0,0.1
112,28,6,98,3.4,10.6,6.9,10.7,30.7,1.7,12.4,12.5,5.9,1.5,1.7
112,59,1,13.5,0.9,0.8,0,2.4,1.5,0,2.7,4.3,0,0.9,0
112,29,1,25,1.2,2.1,0.7,8.8,5,0.1,3.1,3.4,0.3,0.2,0.1
112,42,1,3,0,0.1,0.1,0.5,0.6,0.1,0.5,0.5,0.3,0.3,0
112,31,1,4,0.1,0.5,0.1,0.5,1.1,0,0.9,0.3,0.3,0.2,0
112,64,1,8,0.1,0.6,0.1,0.5,2.6,0.1,1.5,1,0.5,0.9,0.1
112,73,1,17,0,0.9,0,0.5,1.9,0.5,2.4,9.4,0.5,0.9,0
112,65,6,127,1.5,4.5,4.5,14,22.5,1.5,20.5,37.5,4,15.9,0.6
112,58,1,26,1.7,1.5,0,4.7,2.9,0,5.3,8.2,0,1.7,0
113,1,1,19,0.6,0,1.1,1.1,3.4,0,3.5,5.2,0.6,3.5,0
113,2,1,12,0.3,0,0.7,0.7,2.2,0,2.2,3.3,0.4,2.2,0
113,19,4,26,1.6,0.7,0.7,4.2,3.9,0.3,3.9,5.8,1.3,3.3,0.3
113,20,1,8,0,0.6,0.2,0.8,2.1,0,1.4,1.7,0.4,0.6,0.2
113,25,4,31,1.4,3.2,0.6,3.5,8,0.4,5.7,4.9,0.9,0.8,1.6
113,26,5,112,6.5,8.2,3.1,13.9,31.2,3.3,16.4,15.7,7.4,2.7,3.6
113,66,2,3,0,0.3,0.1,0.2,0.9,0,0.5,0.6,0.1,0.3,0
113,27,6,43,1,4.5,0.6,4.1,10.6,0.6,2.7,15.2,1.2,1.8,0.7
113,28,4,50,2.6,3.4,1.4,6,12.3,0.3,9.4,10,0.8,3.5,0.3
113,42,2,2,0,0,0,0.4,0.4,0,0.4,0.4,0.2,0.2,0
113,69,2,10,0,0.3,1,0.3,2,0.3,1.4,3,0.3,1.4,0
113,59,2,5,0.3,0.3,0,0.9,0.5,0,1,1.6,0,0.4,0
113,44,5,16,1.4,0.6,0.5,4.3,2.1,0,2.6,3.2,1,0.3,0
113,65,1,6,0.1,0.4,0.1,0.3,2,0.1,1.1,0.8,0.3,0.7,0.1
113,39,1,3,0,0.1,0.1,0.5,0.6,0.1,0.5,0.5,0.3,0.3,0
113,54,2,21,1.7,0.1,0,2.7,1.4,0.1,3.5,6.8,0,4.7,0
113,49,2,6,0.5,0.2,0.2,1.6,0.8,0,1,1.2,0.4,0.1,0
113,50,2,7,0,0.5,0,0.3,1.9,0.2,0,2.7,0,1.4,0
113,46,1,2,0,0.1,0,0.3,0.3,0,0.3,0.5,0.2,0.3,0
114,0,2,34,0,0.2,1.1,3.2,10.7,0,6.6,6.9,0.1,5.2,0
114,1,2,4,0,0.1,0.2,0.2,0.9,0,0.8,1.1,0.2,0.5,0
114,3,2,9,0,0.3,0.4,0.7,2.1,0.3,1.4,1.4,0,2.4,0
114,6,2,39,2.6,0.9,0.1,8.8,6.7,2.7,5.6,6.5,0,5.1,0
114,7,1,3,0.2,0.1,0,0.7,0.5,0.2,0.4,0.5,0,0.4,0
114,22,2,23,0.5,2.5,0,3.5,5,0.3,2.8,5.6,1.5,0.9,0.4
114,23,2,69.5,3.2,6.1,5,8.5,13.4,0.1,12.4,14.5,2.7,2.4,1.2
114,24,2,6,0.1,0.7,0.1,0.6,1.7,0.1,1.1,0.9,0.1,0.2,0.4
114,25,1,16,1.5,1,0.5,2.6,3.1,0,3.3,3.3,0.5,0,0.2
114,26,6,19,1.2,1.3,0.8,2.5,3.3,0,3.4,4.7,0.8,0.9,0.1
114,27,3,15,0.4,1.4,0.5,1.6,2.2,0,2.4,4.5,0.4,1.6,0
114,55,1,5,0,0.4,0,0.2,1.3,0.2,0,1.9,0,1,0
114,87,1,13,0.2,1,1.2,1.5,2.5,0.1,1,2.7,0.3,2.5,0
114,71,1,5,0,0.3,0,0.1,0.6,0.1,0.7,2.8,0.1,0.3,0
114,77,5,71,0,3.9,1.9,6.4,13.9,0,9.1,16,0.5,17.6,1.7
114,37,1,4,0.1,0.1,0.1,0.6,0.8,0.1,0.7,0.7,0.4,0.4,0
114,69,1,2,0,0.1,0.2,0.1,0.4,0.1,0.2,0.6,0.1,0.2,0
114,33,1,7,0.2,0.9,0.2,0.9,1.8,0,1.5,0.6,0.5,0.4,0
114,45,5,29,0,2.1,0.7,3.9,3.9,0,4.1,6.7,3.4,4.2,0
114,38,3,25,0.4,0.8,0.8,4.1,5,0.5,4.2,4.2,2.7,2.3,0
114,35,2,5,0.1,0.6,0.1,0.6,1.4,0,1.1,0.4,0.4,0.3,0
114,36,1,1,0,0.1,0,0.1,0.3,0,0.2,0.1,0.1,0.1,0
114,54,2,26,1.3,1,0,4.4,2.2,0,4.6,5.9,1,5.6,0
114,78,2,2,0,0.2,0.2,0,0.4,0,0.4,0.4,0,0.4,0
114,39,3,6,0,0.2,0.2,1,1.2,0.2,1,1,0.6,0.6,0
114,44,5,23,1.9,0.9,0.7,6.2,3,0,3.7,4.6,1.4,0.6,0
114,50,1,11,0,0.9,0,0.4,3,0.4,0,4.2,0,2.1,0
114,60,2,29,0,0,0,2.5,4.3,0,4.3,12.8,0,3.4,1.7
114,88,1,1,0,0.1,0.1,0.1,0.2,0,0.1,0.2,0,0.2,0
115,0,2,20,0,1.5,0.8,1.6,4.8,0,4,5.7,0.8,0.8,0
115,6,2,81,2.5,4.6,4.6,5.4,23.4,2,10.4,19.6,3.1,2.6,2.8
115,7,3,34,1.7,1.7,2,4.9,6.2,0.2,4,7.3,2,3.5,0.5
115,16,6,65,1.7,4.6,4.4,10,13.7,1,12.3,9.5,3.7,2.7,1.4
115,17,2,15,0.4,1.1,1,2.3,3.6,0.4,1.8,2.4,1.1,0.3,0.6
115,19,2,15,0.8,0.4,0.4,2.5,2.3,0.1,2.3,3.3,0.7,1.9,0.3
115,20,3,77.5,9.9,1,3,25,14,5.6,6,3.1,9.9,0,0
115,21,1,4,0.2,0.2,0.1,0.8,1,0,0.7,0.6,0.1,0.2,0.1
115,22,5,117,4.2,6.9,2.2,20.7,28.7,1.9,20.4,16.9,5.9,7.7,1.5
115,23,4,32,0.8,3.2,0.3,4.5,7.7,0.5,4.9,6.3,1.5,1.2,1.1
115,25,6,114,3.4,10.8,4.8,16.2,27,1.9,20.5,15.3,4.2,8.8,1.1
115,26,3,320.5,10.3,25.9,9.7,40.8,58.9,8.2,50.8,52.2,12.9,48.9,1.9
115,27,4,69,2.2,3.9,2.9,11.7,14.2,2.2,8.8,14.5,5.1,2.1,1.4
115,28,7,78.5,1,6.5,2.7,6.1,20.7,0.8,13.6,15.8,3.5,3.6,4.2
115,34,2,3,0,0.3,0.1,0.5,0.8,0.1,0.4,0.4,0.2,0.1,0.1
115,29,1,1,0,0.1,0,0.1,0.3,0,0,0.4,0,0,0.1
115,30,2,4,0,0.4,0.1,0.7,1.1,0.2,0.5,0.5,0.3,0.1,0.1
115,87,6,42,1.7,1.9,2.6,5.2,9.7,0.2,5.2,8.7,1.7,4.6,0.5
115,55,1,1,0,0.1,0,0,0.3,0,0,0.4,0,0.2,0
115,88,3,33,1.6,1,1.7,4.3,8.1,0.1,4.7,6.8,1.7,2.5,0.5
115,77,5,49,0.4,2.5,1.4,5.6,8.8,0,3.1,12.7,1,10.8,2.7
115,69,3,23.5,0,1.7,0.4,2.2,1.8,0.1,8.5,5.2,1,1.5,1.1
115,33,2,5,0.1,0.6,0.1,0.6,1.4,0,1.1,0.4,0.4,0.3,0
115,38,5,181.5,6.6,13.5,5.4,35.7,38.9,4.5,25.1,32.5,8.3,8.1,2.9
115,70,1,2,0,0,0,0.1,0.2,0,0.2,1,0,0.5,0
115,76,2,15,0.1,0.9,0.7,0.5,3.5,0,2,3.2,0.4,3,0.7
115,37,4,33,1.5,3.3,1,6,7.4,1.3,5.6,1.5,2.7,2.4,0.3
115,71,7,42,0,0.8,0,1.9,4.4,0.3,4.3,22.4,0.4,7.5,0
115,78,1,2,0,0.2,0,0.1,0.6,0,0.2,0.4,0.1,0.2,0.2
115,72,1,8,0,0,0,0.4,0.9,0,0.6,4.2,0,1.9,0
115,39,3,68,0.7,6.6,2.1,12.1,14.3,1.4,13.2,9.1,2.7,2.5,3.3
115,44,2,13,1,0.5,0.3,2.5,2.5,0.5,2.2,2.5,0.2,0.8,0
115,45,2,12,0,0.9,0.3,1.6,1.6,0,1.7,2.8,1.4,1.7,0
115,86,1,1.5,0,0.1,0.2,0.2,0.3,0,0.1,0.3,0,0.3,0
46,3,1,83,0.3,6.8,3.6,10.7,17.2,1.3,11.9,24.1,0.3,6.7,0.1
46,4,0,595,22,41,30,112,93,8.5,95,88,43.5,53,9
46,5,2,10,0.7,0.2,0.5,1.4,2,0.2,1.8,2.1,0.3,0.5,0.3
46,18,1,4,0.3,0.3,0.2,1,1,0.1,0.2,0.7,0.2,0,0
46,22,5,37,1.4,1.6,1.6,5.9,3.7,0.9,5.3,12.8,1.6,2.2,0
46,23,1,3,0.1,0.1,0.1,0.5,0.3,0.1,0.4,1.1,0.1,0.2,0
59,11,2,45,0.2,1.8,3.6,4.5,8,0,10.7,11.9,1.2,3.1,0
59,12,4,20,0,3.5,1.5,0,6.4,0,1.5,4.3,0,2.8,0
59,20,2,2,0.2,0.2,0,0.4,0.4,0.2,0.2,0.2,0.2,0,0
59,24,5,75,1.3,5.6,3.5,9.4,19.6,1.5,10.2,14.7,2.6,5.3,1.3
59,25,4,208,4.7,14.1,12.1,30.3,39.5,2.6,39.7,40.3,8.7,9.5,6.5
59,26,1,391,19.2,21.8,14.5,71.7,57.5,8.7,46,104,11.4,32.7,3.5
59,27,2,19.5,0.5,0.5,1.1,3.8,3.2,0.5,2.2,4.2,0.8,1.6,1.1
37,0,3,22,0.5,1.8,0.9,3.4,5.4,0.3,3.4,4.8,0.9,0.6,0
37,2,0,41,1,3,2,12,9,5,1,0,5,3,0
37,3,1,6,0,0.5,0.2,0.5,0.9,0.2,2.1,0.7,0.4,0.5,0
37,6,4,26,3.8,0.6,1.6,6.6,3.7,2.2,4.1,1.4,1.2,0.8,0
37,7,2,6,0,0.4,0,0.4,1.4,0.4,0.8,1,1.2,0.4,0
37,8,3,12,0,0.9,0,0.9,2.9,0.6,1.6,1.8,2.3,1,0
37,9,1,5,0,0.4,0,0.4,1.2,0.3,0.6,0.8,0.9,0.4,0
37,10,2,9,0.6,0.6,0.3,2.6,1.5,0.3,1,0.4,1,0.3,0.4
37,12,1,4,0.3,0.4,0.3,0.9,0.8,0,0.6,0.6,0,0.1,0
38,0,3,40,0.9,3.2,1.5,6.3,10.4,0.5,5.8,8,1.9,1.4,0.1
38,1,3,11,0.2,0.9,0.4,1.6,2.7,0.1,1.9,2.3,0.5,0.4,0
38,2,3,11,0,0.8,0.5,0.9,1.6,0.4,3.8,1.3,0.8,0.9,0
38,3,1,8,0,0.6,0.3,0.6,1.3,0.3,2.8,0.9,0.6,0.6,0
38,9,2,5,0.3,0.4,0,1.3,0.8,0.2,0.5,0.8,0.5,0.2,0
38,10,5,95.5,3.9,13.3,4.3,15.7,28.4,1.6,8.4,7.7,10,0.9,1.3
38,11,3,14,1.1,1.1,0.3,3.9,2.2,0.3,1.7,0.6,1.7,0.3,0.8
38,12,1,4,0.3,0.4,0.3,0.9,0.8,0,0.6,0.6,0,0.1,0
38,13,1,3,0.2,0.3,0.2,0.7,0.6,0,0.5,0.5,0,0,0
38,14,1,11,0.3,0.9,0.3,0.9,3.5,0.3,1.7,1.7,0.8,0.6,0
39,0,6,46,0,4.4,1,7.4,17,0.8,2.6,2.6,4.4,4.8,1
39,1,2,3,0,0.3,0,0.5,1.2,0,0.1,0.2,0.3,0.3,0.1
39,2,1,24,2.1,0.1,0,3.2,5.2,1,4.2,5.1,1,2,0.1
39,3,4,10,1,0.8,0.1,2.1,1.3,0.1,1.9,1.2,0.3,0.3,0.9
39,4,1,2,0.2,0.1,0,0.5,0.2,0,0.4,0.3,0.1,0.1,0.1
39,7,5,34,0.6,3.6,0,9.7,6.7,0,2.9,3.1,4.3,2.4,0.7
39,8,4,27.5,1.6,2.2,0,7.4,4.4,0.7,3,4.4,2.7,1.1,0
39,10,3,166.5,12.1,22.2,7.3,31.3,39.5,8.6,13.9,9.5,19.3,0.4,2.4
39,11,3,15,0.9,2,0.9,1.7,3.5,0.6,1.2,3.1,0.8,0.1,0.2
39,14,2,5,0.1,0.4,0.1,0.4,1.6,0.1,0.8,0.9,0.4,0.2,0
39,16,1,2,0,0.1,0,0.2,0.3,0.1,0.2,0.8,0.1,0.2,0
39,17,1,2,0,0.1,0,0.2,0.3,0.1,0.2,0.8,0.1,0.2,0
39,19,1,2,0,0.1,0,0.2,0.3,0.1,0.2,0.8,0.1,0.2,0
40,2,4,31,2.6,3.1,1.2,4.6,4.6,0.7,5.2,3.1,0.7,1.2,4
40,3,1,7,0.6,0.7,0.3,1,1,0.1,1.2,0.7,0.2,0.3,0.9
40,4,3,8,0.8,0.5,0.1,2,1,0,1.6,1,0.2,0.2,0.6
40,5,1,4,0.4,0.2,0.1,1,0.5,0,0.8,0.5,0.1,0.1,0.3
40,7,2,4,0,0.4,0,1.2,0.8,0,0.4,0.4,0.5,0.3,0
40,8,7,109,8.9,6.7,2.6,28.5,20.7,4.9,12.1,8.7,10.8,4.8,0.3
40,9,4,75,4.4,6.7,0.7,20.1,13.2,1.9,7.7,10.5,8,1.8,0
40,11,2,28,1.8,1.8,1.8,4.9,4.3,0.6,1.8,7.9,1.2,1.3,0.6
40,16,1,5,0.1,0.1,0,0.5,0.8,0.1,0.5,1.9,0.4,0.6,0
40,17,3,9,0.2,0.2,0,0.9,1.4,0.2,0.9,3.4,0.7,1.1,0
116,2,1,2,0,0,0.3,0.1,0.6,0,0.3,0.5,0,0.2,0
116,3,3,20,0,0,2.7,1,6.3,0,2.7,5.4,0,1.9,0
116,4,2,7,0.5,0.5,0.5,0.7,1.8,0,0.7,1.6,0,0.5,0.2
116,7,3,62,2.7,4.8,2,6.2,8.9,0,10.9,18.6,1,6.6,0.3
116,16,4,138.5,3.4,14.4,6,14.2,25.5,2,23.6,31.2,7.4,8.5,2.3
116,17,2,18,0.5,1.3,1.2,2.7,4.3,0.5,2.2,2.9,1.3,0.4,0.7
116,19,2,6,0,0.2,0,0.6,1.6,0,0.9,1.5,0.5,0.7,0
116,36,4,43,1.6,4.3,1.2,8,10.2,1.8,6.4,2.8,3.4,2.5,0.8
116,27,4,21,0.1,1.7,0.8,1.5,5.6,0.2,4.4,3.3,1,1,1.4
116,28,2,6,0,0.4,0.2,0.4,1.6,0,1.2,1,0.4,0.4,0.4
116,87,1,5,0.4,0,0.1,0.7,1.4,0,0.9,1,0.4,0,0.1
116,37,5,83,3,7.8,2.4,13,18,2.8,16.4,6.3,3.9,8.8,0.6
116,88,5,23,0.5,0.7,1,3.4,3,0.5,5.7,6.3,0.9,0.5,0.5
116,38,5,210.5,6.3,17.3,9.4,27.9,44.9,5.6,34.8,33,12.3,12.2,6.8
116,44,5,64,5.2,1,1.5,8.9,8.9,2,6.4,16,1.4,12.7,0
116,39,5,125,2.8,6.2,10,12.7,26.5,0.6,16.6,31.1,3.4,11.3,3.8
116,84,3,23,2.6,0.6,0.6,2.6,4,0,6.6,3.4,0,2.6,0
116,83,2,13,0.5,0.6,1.4,1.6,1.8,0,2.9,1.7,1.3,1.2,0
116,43,2,7,0.6,0.3,0.1,1.3,1.4,0.3,1.1,1.4,0.1,0.4,0
116,89,1,4,0.1,0.1,0.2,0.6,0.5,0.1,1,1.1,0.1,0.1,0.1
117,2,1,4,0.1,0.6,0,0.6,0.5,0,0.6,1.2,0.1,0.2,0.1
117,3,6,71,2.3,5.1,1.5,13.9,13.9,1.4,8.9,17.6,3.1,1.7,1.6
117,16,1,14,0,0.4,0,1.5,3.9,0,1.9,3.5,1.2,1.6,0
117,17,1,14,0,0.4,0,1.5,3.9,0,1.9,3.5,1.2,1.6,0
117,36,5,58,1.1,5.6,2.1,11.2,15.3,2.2,5.6,7.9,4.9,0.5,1.6
117,83,4,22,0.4,1,2.4,2.7,3.2,0,4.4,4,2.2,1.7,0
117,87,2,26,0,2.7,1.2,0.2,8.1,0,4.2,7.3,0,2,0.3
117,88,2,8,0,1,0.2,0.2,2.9,0,1.6,1.8,0,0,0.3
117,51,4,100,0,5,2,4,14.9,1,14,33.1,1,24,1
117,90,1,2,0,0,0,0.3,0,0,0.2,1.1,0,0.4,0
117,59,1,35,0.2,1.4,1,3.4,4.2,0,8.9,8.9,0,7,0
117,44,2,2,0.2,0,0,0.4,0.4,0,0.4,0.4,0,0.2,0
117,89,1,1,0,0,0.1,0.2,0.1,0,0.3,0.3,0,0,0
117,84,3,32.5,0,0.8,1,2.7,6.2,0,5.3,12.6,0.4,3.5,0
117,86,3,26,1,2.4,0.7,1.6,7.6,0,5.9,5.2,0,1,0.6
117,82,2,11,0.3,0.6,1.4,1.4,1.4,0,2.3,1.4,1.4,0.8,0
54,10,1,39,0,1,2.7,2.2,14.9,1,7.3,5.2,1,3.7,0
54,11,4,113,1.2,5,10.3,9.9,27.3,2,21.3,15.4,4.5,14.6,1.5
54,12,3,25,0.4,1.9,1,2.7,7.5,0,2.4,5.7,1,1.4,1
54,15,1,1,0,0.1,0.1,0.1,0.2,0,0.1,0.3,0,0.1,0
54,21,2,5,0,0.3,0.3,0.4,1,0.2,1.2,1.2,0.3,0,0.1
54,24,2,7,0,0.8,0.8,0.2,1.2,0,1.6,1.6,0.2,0.4,0.2
54,25,6,46,0,5.2,2.2,3,10.6,0,12,9.1,0.8,0.9,2.2
118,3,5,18,0.6,0.3,0.9,3.7,4.5,0.6,1.8,4.1,0.9,0.3,0.3
118,8,2,55,1.2,2.4,3.4,4.1,12.8,0,11.9,8.9,0.3,8.9,1.1
118,9,2,13,0.3,0.6,0.8,1.7,3.1,0,1.3,3.1,0.5,1.5,0.1
118,17,1,2,0,0.1,0,0.2,0.5,0,0.3,0.5,0.2,0.2,0
118,36,2,103,1.7,6.6,5,15.2,25.8,1.6,21.1,11.9,7,3.6,3.5
118,89,4,32.5,0.6,1.9,1.5,3.2,5.2,0.7,5.8,9.8,1.2,2.1,0.5
118,37,3,34,0.9,3.1,1.4,6.1,7.9,0.4,4,4.9,4,0.9,0.4
118,59,1,6,0.2,0.3,0,0.3,1,0,1.7,1.7,0,0.8,0
118,91,1,6,0,0,0,0.8,0,0,0.5,3.3,0,1.4,0
118,58,1,19,0.5,1,0,1.1,3.2,0,5.3,5.3,0,2.6,0
118,90,1,3,0,0,0,0.4,0,0,0.3,1.6,0,0.7,0
119,3,3,19,0.6,0,1.9,2.1,5.1,1,1,5.1,0.6,1.6,0
119,4,1,2,0.1,0,0.2,0.2,0.5,0.1,0.1,0.5,0.1,0.2,0
119,8,3,9,0,0.4,0.5,1.1,2.7,0,0.9,2.3,0,1.1,0
119,9,2,2,0,0,0.2,0.2,0.6,0,0.2,0.6,0,0.2,0
119,21,1,2,0.1,0.1,0.1,0.4,0.5,0,0.3,0.3,0,0.1,0.1
119,89,3,26,0.5,2.7,1.3,0.8,5.4,0.5,1.8,9,0.8,3.2,0
119,36,1,2,0,0.2,0.1,0.4,0.5,0,0.2,0.3,0.2,0.1,0
119,76,3,20,0.4,1.3,0.2,0.7,5.4,0,2.5,5,0.8,2,1.7
119,75,2,15,0,0.4,0.4,1.1,2.5,0,3.5,5,0,2.1,0
120,2,1,2,0,0,0.2,0.2,0.5,0,0.5,0.3,0.1,0.1,0.1
120,3,3,8,0.2,0,0.8,0.9,2.2,0.4,0.5,2.2,0.2,0.6,0
120,4,1,3,0.1,0,0.3,0.3,0.8,0.2,0.2,0.8,0.1,0.2,0
120,5,1,1,0,0.1,0,0.1,0.3,0,0.2,0.2,0,0.1,0
120,8,1,1,0,0,0.1,0.1,0.3,0,0.1,0.3,0,0.1,0
120,21,2,6,0.2,0.4,0.2,1.2,1.4,0,1,1,0.2,0.2,0.2
120,22,3,11,0.4,0.6,0.4,2.1,2.7,0.1,1.8,1.8,0.3,0.4,0.4
120,89,2,19,0.3,1.9,1,0.7,3.9,0.3,1.3,6.6,0.7,2.3,0
120,95,3,9,0,0,0,1.2,0,0,0.8,5,0,2,0
120,76,4,15,0,0.8,0.8,0.3,2.1,0,2.9,6.1,0,2,0
120,75,1,18,0,0.4,0.4,1.3,3,0,4.3,6,0,2.6,0
35,1,1,1,0,0.1,0,0.2,0.3,0,0.2,0.2,0,0,0
35,2,1,2,0,0.2,0.1,0.3,0.5,0,0.3,0.4,0.1,0.1,0
35,5,2,6,0.7,0.3,0.4,1.5,1,0.5,0.8,0.4,0.2,0.2,0
35,6,2,12,0.6,1.2,0.2,2.6,3.2,0.2,1.4,1.2,0.6,0.8,0
35,7,1,2,0.1,0.2,0.1,0.4,0.5,0.1,0.2,0.2,0.1,0.1,0
35,10,2,3,0.1,0.2,0.2,0.6,0.6,0,0.5,0.5,0,0.2,0.1
35,12,2,38.5,2,6.3,3,8.2,7.8,1.5,5.2,3.2,1,0.3,0
36,0,1,2,0,0.2,0.1,0.3,0.5,0,0.3,0.4,0.1,0.1,0
36,2,2,5,0.1,0.4,0.2,0.8,1.2,0,0.8,1.1,0.2,0.2,0
36,3,1,6,1,0.1,0.4,1.6,0.8,0.5,1,0.3,0.2,0.1,0
36,4,1,3,0.5,0,0.2,0.8,0.4,0.3,0.5,0.1,0.1,0.1,0
36,5,1,7.5,1.2,0.2,0.5,2,1,0.7,1.2,0.3,0.2,0.2,0
36,9,3,13,0,0.9,0,0.9,3.1,0.8,1.7,2.1,2.5,1,0
36,10,3,5,0.4,0.5,0.4,1.1,1,0,0.7,0.9,0,0,0
36,11,3,12,0.8,1.2,0.9,2.7,2.4,0,1.9,1.9,0,0.2,0
34,0,2,6,0.3,0.6,0.2,1.2,1.5,0.2,0.7,0.6,0.3,0.4,0
34,11,1,7,0.2,0.2,0.3,0.8,1.5,0.1,1,1.6,0.2,0.5,0.6
34,12,2,436.5,25.5,39,25.6,87.7,82.3,16.5,68.6,44.2,35,9.1,3
30,12,1,6,0.3,0.3,0.3,0.7,1.1,0.3,0.8,1.3,0.3,0.4,0.2
30,13,2,10,0.3,0.7,0.5,1.3,1.9,0.4,1.5,2,0.3,0.7,0.4
30,14,4,34,0,1.5,0.8,4.3,7.3,1.6,9.4,5.5,1,2,0.6
30,15,2,5,0,0.7,0.1,0.7,1.2,0.1,0.7,0.5,0.3,0.4,0.3
23,6,1,1,0,0,0,0.1,0.2,0,0.4,0.1,0,0.2,0
22,1,1,4,0,0.2,0,0.3,0.8,0,1.6,0.5,0,0.6,0
22,3,1,2,0,0.1,0,0.2,0.4,0,0.8,0.2,0,0.3,0
22,4,1,1,0,0,0,0.1,0.2,0,0.4,0.1,0,0.2,0
31,12,4,31.5,1.5,1.8,1.6,3.8,5.7,1.6,4.2,6.5,1.3,2.3,1.2
31,13,6,152.5,2.8,7.3,10.6,22.3,32.5,6.3,30.8,24.9,6.6,6.5,1.9
31,14,3,361.5,15,27.8,13.3,72.5,74.2,14.8,43.2,52,27,19.8,1.9
31,15,4,119,3.8,8.9,3.9,21.1,20.4,1.9,14.1,23.4,6.4,11.5,3.6
32,10,6,32,0.8,1.1,1.3,3.7,7,0.4,4.7,7.2,1,2.1,2.7
32,11,7,113,3.3,7.5,7.3,12.3,29.9,3.3,17.1,16.6,4.6,4.4,6.7
32,12,2,252.5,9.6,15.7,17.2,40,60.3,1.4,38,39.3,9.7,15,6.3
32,13,2,1112.5,102.6,86,60.5,289.3,236.3,46,100.1,97.7,67.8,17.1,9.1
32,14,1,1139.5,55.2,74.7,52.2,253.4,223.4,33,143.2,156.4,72,72,4
32,15,2,462,14.2,30.9,23.5,63.2,100.2,7.2,56.2,74.9,21.4,57.3,13
28,14,1,2,0,0.3,0,0.3,0.5,0,0.3,0.2,0.1,0.2,0.1
28,18,1,1,0,0,0,0.1,0.2,0,0.1,0.4,0.1,0.1,0
121,1,1,2,0,0,0.2,0.2,0.5,0,0.5,0.3,0.1,0.1,0.1
121,2,6,100.5,1,4.8,9.2,9.9,22.3,2.7,20.5,18.9,4.2,5.5,1.5
121,3,2,14,0.1,0.4,1.5,1.7,3.3,0.3,2.9,2.2,0.6,0.6,0.4
121,5,4,43,1.2,3.2,1.3,5.7,12.2,0,7.1,6.5,1.9,2.6,1.3
121,6,2,23,0.7,1.7,0.7,3.1,6.5,0,3.8,3.4,1,1.4,0.7
121,7,1,2,0,0.1,0.1,0.2,0.6,0,0.2,0.5,0,0.3,0
121,20,1,4,0.2,0.2,0.1,0.8,1,0,0.7,0.6,0.1,0.2,0.1
121,95,1,2,0,0,0,0.3,0,0,0.2,1.1,0,0.4,0
121,75,1,5,0,0.3,0.3,0,0.6,0,1,2.2,0,0.6,0
121,74,2,33,1,0,1,3.9,4,0,5,12,0,4.1,2
33,10,3,31,1,1,1.2,3.5,6.7,0.4,4.6,7,1,2,2.6
33,11,6,153.5,6.5,6.7,9,25.4,36.2,4,21.4,22.9,8.2,7.8,5.4
33,12,5,34,0.9,2.7,1.5,3.3,9.8,0.7,4.2,5.8,2.2,1.5,1.4
33,13,3,171,10.5,10.1,8.2,40.5,43.5,4.3,13.1,19.8,8.3,9.5,3.2
33,15,2,312,13.3,16.2,15,47.8,71.8,6.8,46.8,50.1,13.6,24.6,6
122,0,1,6,0.2,0.3,0.3,0.9,1.4,0.1,1.4,0.9,0,0.3,0.2
122,1,3,63.5,2.2,3.7,2.7,9.2,14.6,0.9,14.6,10.1,0,3.7,1.8
122,3,1,2,0,0.2,0.1,0.2,0.7,0,0.2,0.3,0.2,0.1,0
122,4,2,5,0.1,0.4,0.1,0.6,1.7,0.1,0.4,0.9,0.4,0.3,0
122,5,1,3,0,0.3,0.1,0.4,1,0,0.3,0.5,0.3,0.1,0
122,6,3,17,0.3,1.4,0.5,2,5.8,0.3,1.5,2.9,1.4,0.9,0
122,10,1,1,0.1,0,0,0.1,0.2,0,0.1,0.2,0.1,0.2,0
122,21,1,2,0.1,0.4,0,0.3,0.5,0.1,0.2,0.1,0.1,0.1,0.1
122,22,1,19,0.9,3.4,0,2.9,4.4,1,2.4,1,1,1,1
122,27,2,5,0,0.4,0.2,0.8,1.7,0,0.8,0.5,0.3,0,0.3
122,28,2,18,0.2,1.3,0.5,2.8,6,0.2,3,1.8,1,0.2,1
122,74,3,44,0,1.8,1.9,3.3,13,0,6.7,7.3,1,7,2
122,30,1,3,0.1,0.4,0.1,0.2,0.7,0,0.3,0.7,0.2,0.2,0.1
122,31,4,38,0.9,4.6,0.9,2.8,9.6,0,4,9.7,2.3,2.3,0.9
122,88,1,2,0,0.2,0.1,0.2,0.4,0,0.5,0.4,0.1,0.1,0
122,95,3,17,0,0,0,1,3,0,4,5,0,4,0
122,75,4,112,6.6,9.7,5,21.1,19.4,3.8,16.5,11.7,5.6,11.7,0.9
123,3,1,2,0,0.2,0.1,0.2,0.7,0,0.2,0.3,0.2,0.1,0
123,5,1,4,0.1,0.3,0.1,0.5,1.4,0.1,0.3,0.7,0.3,0.2,0
123,6,1,4,0.1,0.3,0.1,0.5,1.4,0.1,0.3,0.7,0.3,0.2,0
123,10,4,155.5,10,4.3,3.9,30.7,27.2,4.8,16,35.1,6.3,16.3,0.9
123,22,3,18,0.9,3.3,0,2.8,4.3,0.9,2.2,0.9,0.9,0.9,0.9
123,24,1,4,0.1,0.5,0.2,0.9,0.8,0.1,0.6,0.3,0.4,0,0.1
123,25,4,48,1,4.2,2.8,7.3,13.5,0.4,6.2,7.7,3.2,1,0.7
123,26,4,17.5,0.4,1.4,1.1,2.9,4.8,0.1,2.3,2.8,1.1,0.4,0.2
123,35,5,39,1.4,2.8,1.5,5.4,6.4,0.6,7.6,7.9,3,1.6,0.8
123,30,2,41,0.9,4.9,1,3,10.4,0,4.4,10.4,2.5,2.5,1
123,31,2,198,6.2,16.4,9.3,29.8,51.3,3.1,26.5,37.7,7.3,9.3,1.1
123,32,1,18,1,1.9,0.7,2.8,5.7,0.4,2.6,1.4,0.9,0.1,0.5
123,36,6,56,1.7,4.9,0.3,7.4,10.6,1.9,10.7,11.6,4.7,0.5,1.7
123,34,2,2,0,0.1,0.1,0.3,0.4,0.1,0.4,0.3,0.2,0,0.1
123,84,2,19,2.1,1,0,3.6,3,1,3.6,3.1,0.5,1.1,0
123,74,2,11,0,0.5,0.5,0.8,1.9,0,2.8,2.6,0,1.9,0
123,85,4,67,3.4,3.2,3.5,6.3,15.1,2.4,8.6,16.1,3.5,4.7,0.2
123,86,1,8,0.6,0.3,0.6,1.1,1.3,0.5,1.2,1.3,0.1,0.7,0.3
123,75,2,115,8.4,15.7,2.3,23.3,15.5,2.2,15.2,11.7,8.3,12.3,0.1
126,0,4,271.5,10,17.8,15,40,47.9,5,52.1,47,13.6,20.1,3
126,3,6,27,1.1,1.9,1,3.9,7.3,0.5,3.6,4.1,2.1,1,0.5
126,4,4,39,1.7,2.2,1.7,6.7,9.4,0,6.1,5.6,3.3,1.7,0.6
126,5,3,155,15.2,18.8,9.8,35.6,29.6,6.4,19.1,12.2,4.9,3,0.4
126,6,3,417.5,38,38.4,29,100.5,84.6,22.4,30.4,31.5,28.3,4.9,9.5
126,7,1,2,0.2,0.2,0.1,0.5,0.4,0.1,0.1,0.1,0.2,0,0.1
126,8,2,7,0,0.4,0.3,1,1.5,0.3,1,1,0.8,0.7,0
126,9,2,96,0,5.6,4.6,14,20.5,2.8,14,13.1,12.1,9.3,0
126,10,5,159,6.8,12.7,6.7,22.7,31.2,4.8,19.5,31.2,7.4,10.7,5.3
126,11,5,69.5,4.7,3.6,3.4,14.7,8.5,2.1,9.5,13.8,5.1,0.4,3.7
126,12,2,402,28.9,26.5,22.2,97,71.4,8.6,47,49.1,32.3,13,6
126,13,2,294,20.6,16.5,19,77.4,36.8,8.3,33.6,34.9,21,22.5,3.4
126,14,2,72,9.7,5.1,6.7,33.9,4,1.2,6.2,1.1,3.6,0.3,0.2
126,15,2,79,3.3,10.9,4.3,12.7,24.7,0.3,2.4,3.1,15.8,0.2,1.3
126,16,4,167,4.8,22.3,9.7,24.4,47.4,5.7,16,17.4,14.1,2.5,2.7
126,17,4,34,1.4,4.1,0.9,7.3,9,0.8,2.5,1.6,4.7,1.7,0
126,18,5,98.5,1.3,12.7,4.5,10.7,24,0.9,14.9,16.2,4.8,7.5,1
126,19,2,291.5,21.6,12.8,21.2,82.3,71.9,12.9,32.5,11.1,21,1.2,3
126,20,6,57,2,8,0.5,8,18,0,8.5,4.6,4.6,0.8,2
126,21,1,6,0.2,0.8,0.1,0.8,1.9,0,0.9,0.5,0.5,0.1,0.2
126,22,2,4,0.2,0.6,0.2,0.6,0.6,0,0.8,0.6,0.2,0.2,0
126,23,4,341.5,17.1,29,21.1,79.6,69.8,10.9,36.1,21.8,27.3,4.4,24.4
126,24,3,457.5,17,32.6,37,84.8,103.7,19.6,79.1,45.7,17.5,18,2.5
126,37,5,854.5,33.9,87.7,43.7,133.7,198.5,21.7,122.4,107.4,62.5,30.2,12.8
126,25,2,511.5,33.4,38.7,14.8,139.8,119.8,20.6,35.5,50.3,40.4,15.6,2.6
126,26,3,206.5,10.8,8.3,9.1,56.4,39.1,7.4,22.4,21.7,22.3,5.9,3.1
126,66,2,36,1,1.2,0,5.3,10.8,0,3.7,7.5,0.1,6.4,0
126,27,2,29,3.5,1.4,0.7,5.6,6.1,0.7,3.5,6.1,0.7,0.7,0
126,28,4,20,0.8,1.9,0.2,4.3,3.9,1.7,3.8,2.1,0.7,0.6,0
126,33,1,2461.5,67,220.3,158.6,329.7,618.6,46.7,352.7,367.3,135.4,125.2,40
126,29,2,426.5,19.5,46.6,24.1,113.5,116.1,13,22.2,22.5,40.6,3.4,5
126,30,3,273,11.2,19.5,12.9,51.1,55.6,5.4,51.8,25.6,17.8,17.6,4.5
126,38,6,131.5,4.7,8.6,3,17.3,28.1,3.1,23.6,25.4,8.8,5.9,3
126,31,3,548.5,23.9,67.4,34.4,94.3,125.7,17.1,78,50.9,35.3,13.9,7.6
126,40,2,542.5,17.4,37.8,28.5,97.5,135.3,11,81.7,67.3,28.1,19.3,18.6
126,46,2,15,0.8,0.9,1.2,2.2,4.6,0.1,1.6,1.5,1.3,0.5,0.3
126,32,4,584.5,40.2,40.1,44.3,182.7,138.3,23.3,44.3,26.2,29.7,3.2,12.2
126,36,8,133.5,7.6,3.8,2.4,31,24.8,3.3,20.2,24.9,7,7,1.5
126,70,1,9,0,0.8,0,1.1,1.1,0,2.2,1.6,0.3,1.4,0.5
126,34,0,3391.5,111,249,216.5,485,779,72,490,545,177,242,25
126,39,3,494.5,29.2,38.5,24.5,94.5,132.1,17,50.6,39.4,33.6,22.3,12.8
126,45,2,202.5,5.4,15.7,5.2,37.3,39.4,7.2,30,28.6,14.9,13.4,5.4
126,35,2,1719,74.8,132.6,78.4,302.6,330.8,36.9,273.3,247.7,101.8,120.1,20
126,47,5,125.5,3.9,10.2,8.6,15.8,31.8,2.6,13.8,15.3,11.5,9.7,2.3
126,44,3,65,3.9,7.1,3,8,16,0.9,11,7.1,1,4,3
126,41,3,55,3.6,5.2,0.6,14.1,8.4,1.1,6,9.3,3.7,1.4,1.6
126,59,3,23,0.4,2.1,0.8,1.7,7.3,1.5,2.9,2.9,0.4,3,0
126,75,1,33,0,2.2,1,0.4,4.3,0.2,8.2,9.3,0.2,7.2,0
126,65,1,3,0,0.2,0,0.3,0.8,0,0.7,0.5,0.1,0.4,0
126,60,3,57.5,1,2.1,3.2,5.7,19.3,0,10.1,7.5,0.3,7.3,1
126,74,1,4,0,0.3,0,0.8,0.7,0.5,0.5,0.5,0.3,0.4,0
126,71,2,9,0.3,0.5,0.6,1.5,1,0,1.3,1.8,0.5,1.5,0
126,69,2,10.5,0.4,0.5,0,1.4,2.8,0.1,0.5,2.1,0.9,1.6,0.2
126,84,2,13,1,1,0.2,2,2,0,1.5,4.6,0.2,0.5,0
127,0,5,14,0.5,1.4,0.2,1.4,4.3,0.7,1.5,2.3,0.9,0.4,0.4
127,1,5,64,2.7,6,1.4,6.7,20.4,2.4,6.8,9.6,4.7,1.5,1.8
127,2,3,39,1.4,3.2,1.1,5.2,13.4,0.4,4.3,3.9,4.3,1.1,0.7
127,3,6,68,1.8,8.2,2.9,11.2,16.9,2,11.4,6.9,4.4,1.5,0.8
127,4,3,282,10.4,26.5,16.1,50.9,63.3,9.2,48,33.7,12.8,8.2,2.9
127,5,0,171.5,3,24,18,22,53,4,15,15,14.5,0,3
127,6,4,48,2.4,2.4,2.1,8.6,10.6,1.9,7,7.1,0.8,3.4,1.7
127,7,2,13,0.7,0,1.1,2.4,2.1,0.3,2.5,2.5,0,1.4,0
127,8,6,52,1.7,3.3,2.8,8.9,11.7,0.7,8.7,9.1,2.6,1.9,0.6
127,9,6,220,9.4,15.8,7.7,51.3,50.8,8.5,27.7,25.7,16,5.1,2
127,10,1,555.5,39,45.4,30.7,177.7,103.1,14.2,33.3,47.9,43.4,15.6,5.2
127,11,2,459,32.1,41.8,28.2,100.9,100.3,13.1,33.5,52.9,26.7,22.4,7.1
127,12,2,399.5,26.8,39.3,21,76.1,95.4,8.4,57.2,32.4,22.6,16.3,4
127,13,1,781,36.7,65.3,46,160.2,183,17.2,74.2,97.4,59.8,33.2,8
127,14,3,596,39.7,74.4,39.9,112.7,149.3,15,57.3,27.1,62.6,10,8
127,15,1,14,0.9,1.4,0.9,2.4,2.5,0.2,2.8,1.4,0.8,0.4,0.3
127,17,3,268.5,4.1,37.9,22.3,27.3,89.1,4.7,36.5,21.7,13.8,1,10.1
127,18,1,4,0.2,0.5,0.3,0.8,1.1,0.2,0.3,0.3,0.3,0,0
127,19,4,29,1.2,3.7,1.8,5.7,8.2,1.3,1.9,2.6,2.6,0,0
127,20,3,11,0.4,0.9,1.3,2.3,2.3,0.4,1.3,1.1,0.5,0.5,0
127,21,1,1,0,0.1,0.1,0.2,0.2,0,0.1,0.1,0.1,0.1,0
127,22,4,16,0.5,1.3,1.9,3.4,3.5,0.5,1.9,1.6,0.6,0.8,0
127,23,1,4,0.1,0.3,0.5,0.9,0.9,0.1,0.5,0.4,0.1,0.2,0
127,24,5,46.5,0.8,3.2,2.3,6.2,8.5,1.2,9.3,11.8,0.8,2.4,0
127,25,4,10,0.1,0.7,0.4,1.3,1.9,0.3,2,2.6,0.1,0.6,0
127,26,1,3,0,0.2,0.1,0.4,0.6,0.1,0.6,0.8,0,0.2,0
127,86,3,13,0.1,1.9,0.4,1,3.4,0.1,1.2,3.4,0.8,0.4,0.3
127,28,4,39,0.5,2.2,1.7,2.8,7,0,8.1,10.9,1.2,4,0.6
127,29,5,29,0.4,1.8,1.2,2.2,5.2,0,6,8.1,0.7,3,0.4
127,34,1,892.5,38.5,50,52.1,126.5,194.2,22,133.3,133.8,35,95.1,12
127,74,4,39,0,0,1.9,8.1,3,0,10,13,1,2,0
127,30,5,34,0,0.9,0.9,2.4,8.9,0.7,8.9,5.6,0.8,2.4,2.5
127,31,2,153,7.1,15.2,3.2,18.9,31.3,1.2,17.6,35.7,7.3,6.9,8.6
127,75,1,18,0,1.5,0,3.7,3,2.2,2.3,2.3,1.5,1.5,0
127,40,1,884,21,44.2,45.3,155,180.1,16.6,143.6,155.3,44.2,60.1,18.6
127,46,3,48,2.2,3.3,2.1,6.3,10.9,1.4,7.8,6.8,3.1,2.2,1.9
127,32,3,64,2,4,3,10.5,12,2,13.4,5.7,7.7,3.7,0
127,36,2,1385.5,61.1,122.3,96.8,276.5,285.9,36,130.6,186.8,91.7,81.6,16.2
127,37,1,1764.5,74.2,156.8,60.5,318.5,375,40.5,233.3,242.5,105.2,125.5,32.5
127,33,3,390,23,30,18.8,75.4,76.8,6,53.8,63.2,17,23,3
127,65,2,8,0,0.5,0,0.9,2.1,0,1.8,1.4,0.2,1.1,0
127,38,1,1220.5,34.5,94.3,48.2,188.4,273.5,23,186.1,184.9,51.2,93.2,43.2
127,35,3,1606,66.5,121.4,83.9,224.7,336,32,210.7,283.3,73.9,154.6,19
127,39,1,2459,67,209.6,128.3,346.7,546.5,42,352.9,389.1,134.8,183.8,58.3
127,47,5,126,3.4,9.6,3.2,10.8,30.8,2.5,18.5,29.4,8.3,7.5,2
127,59,3,29.5,0.4,2.6,0.2,3.9,7.8,0.4,3,6.5,1.7,2.6,0.4
127,66,1,1,0,0.1,0,0.1,0.3,0,0.2,0.2,0,0.1,0
127,84,2,80,1.9,4.9,3.3,7.8,13.8,0,12.4,21.3,4.2,10.4,0
127,83,1,2,0.2,0.2,0,0.3,0.3,0,0.2,0.7,0,0.1,0
127,48,1,6,0.3,0.4,0.2,0.8,1.4,0.2,1,0.8,0.4,0.3,0.2
127,85,2,14,0.1,2.2,0.4,1,3.9,0.1,0.9,3.7,0.9,0.4,0.4
127,81,1,2,0,0,0.1,0.1,0,0,0.7,0.8,0,0.3,0
127,58,1,2,0,0.2,0,0.3,0.5,0,0.2,0.5,0.1,0.2,0
127,60,2,6,0,0.2,0.5,0.3,1.9,0,1.3,1.1,0.1,0.6,0
127,45,2,31,0,1.4,2.8,3.5,4.9,0,5,7.8,1.4,4.2,0
124,5,2,12,0.2,1,0.4,1.4,4.1,0.2,1.1,2,1,0.6,0
124,6,3,9,0.1,0.8,0.3,1.1,3.1,0.1,0.8,1.5,0.8,0.4,0
124,8,1,1,0,0.1,0,0.1,0.3,0,0.1,0.2,0.1,0.1,0
124,10,3,7,0.6,0.4,0,2.1,1,0.5,0.7,1,0.3,0.4,0
124,11,2,108,3.5,10.7,3.6,14,21.5,1.1,17.8,21,7,7,0.8
124,12,3,96.5,0.7,5.6,3.8,9.6,20.3,0.4,26.3,18.2,7,3.4,1.2
124,13,1,20,0.4,1.4,0.5,2.4,4.4,0.1,3.8,3.2,2.4,0.8,0.6
124,16,3,111,3.5,10.8,2.2,15.4,23.8,2.2,23.2,20.4,6,2.6,0.9
124,17,1,4,0.1,0.4,0,0.5,1.2,0,0.5,0.7,0.4,0.1,0.1
124,18,2,28,0.4,3.6,0.3,3.7,7.5,0.2,3.2,4.9,2.8,0.5,0.9
124,19,2,56,3,4.2,1.1,17.1,9.6,2,5.7,4.2,2.7,3.2,3.2
124,23,1,157,4.3,12.2,7.1,31.8,33.4,4.4,31,20.2,6.9,1,4.7
124,24,5,235,3.4,26.7,11.6,30.2,58.7,5.5,46.7,26.1,13,3,10.1
124,25,2,410,10.6,31.4,13.6,50.2,104,8.2,44.6,91.6,22.8,22.6,10.4
124,30,5,179.5,6.8,17.2,10.4,31.2,44.1,4.5,24.2,18.8,9.9,4.9,7.5
124,26,3,51,1.5,3.9,2.9,9.3,13.5,0.3,6.5,7.9,3.1,1.4,0.7
124,27,3,270.5,7.2,19.2,8.6,42.9,55.7,5,53.9,51.5,9.2,10.7,6.6
124,28,3,14.5,0.8,0.9,0.6,4.2,2.9,0,1.9,1.6,0.9,0.6,0.1
124,86,4,55,2.8,1.9,2.8,6.3,9.7,2.2,7.4,10.7,0.6,9.5,1.1
124,29,2,183,2.4,22.1,4.8,14.6,55,1.4,30,27,8.6,9.4,7.7
124,35,6,255.5,11.2,13.3,15.1,81.4,44.5,3,31.2,29.8,15.6,6.7,3.7
124,31,5,195.5,6.6,24.5,9.2,35.6,44.6,7.9,21.8,15.1,20.3,3.8,6.1
124,32,5,206.5,9.9,29.9,14.9,35.1,61.3,6.4,18.5,7.9,14.1,5.5,3
124,33,4,39,1.8,3.4,1.9,6,11.1,0.5,6.1,3.7,2.9,0.2,1.4
124,34,4,20,0.6,1,1.2,3.1,4.6,0,3.6,2.3,2.3,0.2,1.1
124,36,4,81,1.5,3,4.1,11.5,13,0.3,20.3,19.7,3.5,2.3,1.8
124,72,2,13,0,0.7,1.3,2.1,2.1,0,1.3,3.4,0,1.4,0.7
124,37,1,6,0.3,0.4,0,1,1.4,0.2,0.5,1.5,0.3,0.1,0.3
124,65,2,119.5,1,7.1,5.4,11.7,24.5,3.4,28.9,19.7,3.8,9.4,4.6
124,40,1,2,0,0.3,0.1,0.1,0.6,0,0.4,0.3,0,0.1,0.1
124,67,2,9,0.3,0.3,0,1.2,2.4,0.1,0.5,1.8,0.8,1.4,0.2
124,75,4,7,0,0.3,0.3,0.7,1.1,0,1.8,1.7,0,1.1,0
124,41,1,2,0,0.3,0.1,0.1,0.6,0,0.4,0.3,0,0.1,0.1
124,59,1,1,0,0,0,0.3,0.1,0.2,0.2,0.2,0,0,0
124,85,1,31.5,1.2,0.6,1.2,4.1,3.5,0.9,4.3,9.6,1.2,4.4,0.5
124,47,1,46,1.3,3.8,2.3,6.6,10,0,10.1,5.1,2.7,3.7,0.4
125,4,2,14,0.6,0.8,0.6,2.4,3.4,0,2.2,2,1.2,0.6,0.2
125,5,1,2,0.1,0.2,0.1,0.4,0.4,0.1,0.3,0.3,0.1,0,0
125,10,2,7,0.4,0.3,0.1,1.6,1,0.4,1.1,1.4,0.4,0.2,0.1
125,11,1,135,4.5,9.9,7.3,18.6,28.6,3.2,17.6,23.6,10.1,10.3,1.3
125,12,7,120.5,4.4,9.6,3.7,16.2,31,1.2,17.9,19.6,11.7,2.7,2.5
125,13,6,153,7.2,11.8,6.2,30.9,30.6,4.6,26.1,13.5,14.1,2.7,5.3
125,14,3,25,1.6,2.5,1.6,4.3,4.6,0.4,5,2.5,1.3,0.8,0.4
125,15,3,37,1.1,6.3,1.1,5.8,9,1.1,4.7,3.7,2.6,0.5,1.1
125,16,3,553,27.9,79.2,27.8,99.1,153.8,20.7,38.7,24.5,56.4,6.4,18.5
125,17,4,100,4,8.2,2.1,22,22.7,3.1,12.2,8,13.4,2.3,2
125,18,5,273,9.3,30.8,11.2,45.9,61.3,5.9,36.5,37.2,17.2,12.3,5.4
125,19,1,345,11,27.4,22,42.3,82.4,5.5,57.2,44.4,20.7,2,30.1
125,20,2,229,12.8,20.7,9.3,63.2,56.2,8,20.5,9.9,25.3,0.3,2.8
125,21,2,540.5,25.5,76.2,32.9,72.1,170.4,10.1,62.3,38.8,33.3,4.9,14
125,22,3,168,8,15.9,5.1,48.4,26.8,10.9,26.3,5.9,17.2,1.5,2
125,23,1,431.5,17.1,41.7,18.7,85.6,108.7,17,70.5,30.6,28.9,8.7,4
125,24,0,676.5,32,74,36,103,163,10.5,87,87,41,23,20
125,37,6,127,5.3,14.5,4.7,18.6,30.7,3.8,15.9,18.7,8,3.4,3.4
125,25,0,954,37,74,40,173,209,27.5,110,136,59.5,63,25
125,38,4,319,11,29.4,7.9,43.5,74.4,5.9,58.3,44.8,19.7,10,14.1
125,26,3,380.5,10,36.9,19,60.5,88.7,7.3,55.7,64.5,15.3,18.2,4.4
125,66,1,2,0,0.1,0,0.2,0.5,0,0.5,0.3,0.1,0.3,0
125,27,0,707.5,20,44.5,32,95,164,10.5,89,155,42.5,37,18
125,28,4,303,6.8,24.1,9.8,44.9,58.9,6.6,62.7,43.6,18.7,18.8,8.1
125,29,3,417.5,11.7,17.9,18.4,61.2,80.4,12.4,69.9,106.6,16.1,12.9,10
125,42,0,66,2,7.5,3,6,9,0,18,8,1.5,7,4
125,30,5,370,9.7,24.8,30,60.3,74,5.4,66.8,65,17.3,11.6,5.1
125,35,2,1545,60.3,95.9,90.4,341,334.1,33.5,211.3,215.4,77.4,57.5,28.2
125,31,4,388,11.2,36.6,23.7,45.9,98.4,9.1,64.6,63.1,15.4,9.2,10.8
125,71,5,45,0.5,3.4,1.4,6.5,5.4,0,8.7,8.8,1.7,7,1.6
125,32,6,211,2.7,17.8,10.5,21.6,58.4,0.7,44.4,36,7.4,5.9,5.6
125,33,5,229.5,22.4,22,9.1,69.1,52.1,3.9,14.7,15.2,14.4,3.6,3
125,41,5,276,5.4,23.5,11.4,24.3,79.4,3.9,40.1,44.7,14.1,21,8.2
125,34,5,644.5,19.8,62,36.7,93,139.6,10.6,88.6,87,45.1,55.1,7
125,45,2,24,0.7,1.8,0.4,3.6,5.4,0.4,4.7,2.6,1.5,2.2,0.7
125,59,4,82.5,2.7,9.7,1,15,19.9,3.8,11.3,10,2,6.1,1
125,36,3,291.5,15.4,11.3,5.7,58.7,57.9,7.8,39.9,60.6,14.1,7.3,12.8
125,72,2,5,0.1,0.2,0.4,0.8,0.7,0,0.6,1.2,0.1,0.7,0.2
125,65,3,65.5,1,5.8,2.6,7,15.4,0.1,12.5,11.9,2.1,6.7,0.4
125,39,4,269.5,7.1,15.5,14.5,36.4,57.4,8.6,43,49.7,11.9,21.7,3.7
125,40,2,114,2.4,10.5,1.4,10.1,27.8,2,17.4,13,5,21,3.4
125,60,4,22,0.1,0.7,1.4,2.4,5.6,1,4.5,4.1,0.6,1.6,0
125,47,5,106,4.2,6.6,6.6,14.6,30.1,1.4,13.9,15.1,7.1,5.2,1.2
125,67,2,26,1.1,1.1,0,3.4,6.8,0.3,1.2,5.2,2.3,4,0.6
125,58,1,4,0.1,0.4,0.1,0.3,1.2,0.3,0.5,0.5,0.1,0.5,0
125,46,1,25,0.7,1.9,0.4,3.8,5.7,0.4,4.9,2.6,1.5,2.3,0.8
