x,y,imputed,ind,men,men_1ind,men_5ind,men_coll,men_fmp,men_mais,men_pauv,men_prop,men_surf
1,0,1,2,1.2,0.6,0,0.1,0,1.1,0.1,0.8,121.4
5,0,1,2,1.2,0.6,0,0.1,0,1.1,0.1,0.8,121.4
82,0,1,15,6.1,1,0,0,1,6.1,0.8,4.8,765.8
83,0,0,21,11,3,0,0,1,11,2,10,1444
84,0,1,5,2,0.3,0,0,0.3,2,0.3,1.6,255.3
92,0,1,7,3.7,1.3,0,0,0.3,3.7,0.2,3.3,443.3
93,0,1,2,1,0.4,0,0,0.1,1,0,1,126.7
94,0,1,6,3.1,1.1,0,0,0.3,3.1,0.1,2.9,380
95,0,1,3,1.6,0.6,0,0,0.1,1.6,0.1,1.4,190
106,0,1,2,0.9,0.2,0.1,0,0.1,0.9,0.2,0.7,105.3
123,0,1,2,0.8,0.1,0,0,0,0.8,0.1,0.8,100.2
124,0,1,3,1.2,0.2,0.1,0,0,1.2,0.2,1.2,150.4
82,1,1,16.5,6.7,1.1,0,0,1.1,6.7,0.8,5.3,842.3
83,1,1,13.5,5.5,0.9,0,0,0.9,5.5,0.7,4.3,689.2
84,1,1,4,1.6,0.3,0,0,0.3,1.6,0.2,1.3,204.2
93,1,1,2,1,0.4,0,0,0.1,1,0,1,126.7
100,1,1,4,1.6,0.3,0,0,0.3,1.6,0.2,1.3,187.4
44,2,1,14,6.4,2.3,0,0,0.6,6.4,0,5.2,854
53,2,1,1,0.4,0.2,0,0,0,0.4,0.1,0.4,54.9
82,2,1,3,1.2,0.2,0,0,0.2,1.2,0.2,1,153.2
100,2,1,4,1.6,0.3,0,0,0.3,1.6,0.2,1.3,187.4
101,2,1,7,2.7,0.5,0,0,0.5,2.7,0.3,2.2,328
42,3,1,2,0.9,0.3,0,0,0.1,0.9,0,0.8,122
43,3,1,1,0.5,0.2,0,0,0,0.5,0,0.4,61
44,3,1,3,1.4,0.5,0,0,0.1,1.4,0,1.1,183
53,3,1,1,0.4,0.2,0,0,0,0.4,0.1,0.4,54.9
99,3,1,10,4.8,2,0,0,0.4,4.8,1.1,2.7,426.5
100,3,1,2,1,0.4,0,0,0.1,1,0.2,0.5,85.3
101,3,1,9,4.7,1.6,0,0.6,0.6,4.1,0.9,3.4,589
102,3,1,5,2.6,0.9,0,0.4,0.3,2.2,0.5,1.9,327.2
43,4,1,1,0.5,0.2,0,0,0,0.5,0,0.4,61
44,4,1,3,1.4,0.5,0,0,0.1,1.4,0,1.1,183
55,4,1,6,2.6,0.9,0.1,0,0.1,2.6,0.3,2.4,329.3
65,4,1,3,1.4,0.5,0.1,0,0.1,1.4,0.1,1.2,146
72,4,1,1,0.4,0.2,0.1,0,0,0.4,0.1,0.3,48.4
94,4,1,2,0.9,0.2,0,0,0.1,0.9,0.1,0.8,118.1
95,4,1,14,6.6,1.6,0.3,0,0.5,6.6,0.8,5.8,826.5
96,4,1,25,12,5.1,0,0,0.9,12,2.8,6.6,1066.1
99,4,1,13,6.3,2.6,0,0,0.5,6.3,1.5,3.5,554.4
100,4,1,9,4.3,1.8,0,0,0.3,4.3,1,2.4,383.8
101,4,1,15,7.8,2.6,0,1.1,1,6.7,1.6,5.7,981.7
25,5,1,6,2.2,0.3,0.2,0,0.3,2.2,0.2,2,295.6
26,5,1,13,5.1,1.4,0.5,0,0,5.1,0.3,4.9,723.9
38,5,1,6,2.1,0.3,0.2,0,0,2.1,0.1,1.8,213.2
39,5,1,3,1,0.2,0.1,0,0,1,0.1,0.9,106.6
53,5,1,1,0.4,0.2,0,0,0,0.4,0.1,0.4,54.9
54,5,1,10,4.4,1.5,0.2,0,0.2,4.4,0.5,4,548.8
55,5,1,2,0.9,0.3,0,0,0,0.9,0.1,0.8,109.8
59,5,1,5,1.8,0.7,0.3,0,0,1.8,0.1,1.4,229.6
65,5,1,1,0.5,0.2,0,0,0,0.5,0,0.4,48.7
66,5,1,1,0.4,0.2,0.1,0,0,0.4,0.1,0.3,48.4
72,5,1,5,2.2,1.1,0.4,0,0,2.2,0.6,1.7,242
77,5,1,8,2.9,0.3,0.3,0,0.2,2.9,0.7,2.2,379.7
78,5,1,6,2.2,0.3,0.3,0,0.1,2.2,0.5,1.7,284.8
93,5,1,4,1.9,0.5,0.1,0,0.2,1.9,0.2,1.6,236.2
94,5,1,5,2.4,0.6,0.1,0,0.2,2.4,0.3,2.1,295.2
95,5,1,12,5.6,1.4,0.2,0,0.5,5.6,0.7,4.9,708.5
22,6,1,25,9.3,1.4,0.7,0,1.1,9.3,0.9,8.4,1231.8
23,6,1,7,2.6,0.4,0.2,0,0.3,2.6,0.3,2.4,344.9
24,6,1,3,1.1,0.2,0.1,0,0.1,1.1,0.1,1,147.8
25,6,1,3,1.1,0.2,0.1,0,0.1,1.1,0.1,1,147.8
26,6,1,3,1.2,0.3,0.1,0,0,1.2,0.1,1.1,167.1
36,6,1,19,6.6,1,0.7,0,0,6.6,0.3,5.6,675.2
37,6,1,9,3.1,0.5,0.3,0,0,3.1,0.2,2.6,319.8
38,6,0,35,14,3,1,0,1,14,2,14,1560
53,6,1,20,8.7,3.1,0.3,0,0.3,8.7,1,8,1097.6
54,6,1,18,7.8,2.8,0.3,0,0.3,7.8,0.9,7.2,987.8
55,6,1,5,2.2,0.8,0.1,0,0.1,2.2,0.3,2,274.4
58,6,1,2,0.7,0.3,0.1,0,0,0.7,0.1,0.6,91.8
59,6,1,25,9,3.5,1.4,0,0,9,0.7,6.9,1147.9
65,6,1,10,4.7,1.7,0.3,0,0.3,4.7,0.3,4.2,486.7
77,6,1,3,1.1,0.1,0.1,0,0.1,1.1,0.3,0.8,142.4
78,6,1,18,6.5,0.8,0.8,0,0.4,6.5,1.5,5,854.4
79,6,1,12,4.3,0.5,0.5,0,0.3,4.3,1,3.3,569.6
94,6,1,2,0.9,0.2,0,0,0.1,0.9,0.1,0.8,118.1
97,6,1,6,2.9,1.2,0,0,0.2,2.9,0.7,1.6,255.9
107,6,1,2,0.9,0.2,0.1,0,0.1,0.9,0.2,0.7,105.3
108,6,1,5,2.2,0.6,0.2,0,0.2,2.2,0.5,1.8,263.2
109,6,1,2,0.9,0.2,0.1,0,0.1,0.9,0.2,0.7,105.3
19,7,1,8,3,0.4,0.2,0,0.4,3,0.3,2.7,394.2
22,7,1,9,3.4,0.5,0.2,0,0.4,3.4,0.3,3,443.5
23,7,1,13,4.8,0.7,0.4,0,0.6,4.8,0.5,4.4,640.5
24,7,1,18,6.7,1,0.5,0,0.8,6.7,0.7,6.1,886.9
25,7,1,18,6.7,1,0.5,0,0.8,6.7,0.7,6.1,886.9
26,7,1,10,4,1,0.4,0,0,4,0.2,3.8,556.9
27,7,1,4,1.6,0.4,0.2,0,0,1.6,0.1,1.5,222.8
31,7,1,16,6.3,1.7,0.7,0,0,6.3,0.3,6,891
34,7,1,2,0.8,0.2,0.1,0,0,0.8,0,0.8,111.4
36,7,1,4,1.4,0.2,0.1,0,0,1.4,0.1,1.2,142.1
37,7,1,10,3.4,0.5,0.3,0,0,3.4,0.2,2.9,355.3
38,7,1,7,2.4,0.4,0.2,0,0,2.4,0.1,2.1,248.7
53,7,1,6.5,2.8,1,0.1,0,0.1,2.8,0.3,2.6,356.7
54,7,1,22.5,9.8,3.5,0.4,0,0.4,9.8,1.2,9,1234.8
55,7,1,11,4.8,1.7,0.2,0,0.2,4.8,0.6,4.4,603.7
59,7,1,4,1.4,0.6,0.2,0,0,1.4,0.1,1.1,183.7
93,7,0,31,12,3,1,0,1,12,4,10,1500
94,7,1,10,4.7,1.2,0.2,0,0.4,4.7,0.6,4.1,590.4
95,7,1,2,0.9,0.2,0,0,0.1,0.9,0.1,0.8,118.1
97,7,1,14,6.7,2.8,0,0,0.5,6.7,1.6,3.7,597
108,7,1,6,2.6,0.7,0.3,0,0.3,2.6,0.6,2.2,315.8
109,7,1,2,0.9,0.2,0.1,0,0.1,0.9,0.2,0.7,105.3
122,7,1,2,0.8,0.1,0.1,0,0.1,0.8,0.2,0.6,93.6
123,7,1,4,1.5,0.2,0.2,0,0.1,1.5,0.4,1.2,187.1
9,8,1,5,2,0.8,0.1,0,0.1,2,0.4,1.9,299.2
10,8,1,11,4.4,1.8,0.2,0,0.2,4.4,0.9,4.2,658.2
11,8,1,7,3,0.6,0.3,0,0,3,0.2,2.8,375.8
12,8,1,8,3.4,0.7,0.4,0,0,3.4,0.2,3.2,429.5
18,8,1,2,0.6,0,0.1,0,0,0.6,0,0.6,94.3
19,8,1,4,1.3,0,0.2,0,0.1,1.3,0.1,1.2,188.6
20,8,1,4,1.3,0,0.2,0,0.1,1.3,0.1,1.2,188.6
22,8,1,6,2.4,0.4,0.2,0.1,0.2,2.3,0.2,2.1,292.5
23,8,1,18,7.1,1.3,0.7,0.2,0.5,6.9,0.7,6.3,877.6
24,8,1,6,2.4,0.4,0.2,0.1,0.2,2.3,0.2,2.1,292.5
25,8,1,6,2.4,0.4,0.2,0.1,0.2,2.3,0.2,2.1,292.5
26,8,1,11,4.9,1,0.1,0,0.8,4.9,0.8,4.2,594.6
27,8,0,42.5,16,6,2,0,2,16,2,8,1537
28,8,1,15.5,6.9,1.4,0.1,0,1.2,6.9,1.2,6,837.8
29,8,1,3,1.3,0.3,0,0,0.2,1.3,0.2,1.2,162.2
32,8,1,7,3.6,1.3,0,0,0.5,3.6,0,1.3,407
35,8,1,8,4.1,1.5,0,0,0.6,4.1,0,1.5,465.2
37,8,1,19,7.6,1.6,0.4,0,0.7,7.6,0.7,6.5,892.6
53,8,1,6,2.5,0.6,0.2,0,0.1,2.5,0.1,2.3,332
66,8,1,2,0.9,0.3,0,0,0.2,0.9,0.1,0.7,105.2
72,8,1,5,2.6,0.8,0.1,0,0,2.6,0.2,1.9,305.4
94,8,1,2,0.9,0.1,0,0,0.1,0.9,0.2,0.8,119.2
95,8,1,6,2.7,0.4,0,0,0.4,2.7,0.6,2.5,357.7
96,8,1,11,5,1.6,0,0,0,5,1.1,4.8,643
97,8,1,10.5,4.8,1.5,0,0,0,4.8,1,4.6,613.8
98,8,1,1,0.5,0.1,0,0,0,0.5,0.1,0.4,58.5
108,8,1,6,2.9,1.1,0,0,0.4,2.9,0.3,2.7,420.1
123,8,1,7,3.3,1,0.3,0,0.4,3.3,0.7,2.6,361.7
124,8,1,21,9.8,2.9,0.8,0,1.3,9.8,2.1,7.7,1085.1
125,8,1,6,2.8,0.8,0.2,0,0.4,2.8,0.6,2.2,310
1,9,1,4,1.9,0.5,0,0,0,1.9,0.1,1.8,304.2
8,9,1,8,3.2,1.3,0.2,0,0.2,3.2,0.6,3,478.7
11,9,1,13,5.5,1.2,0.6,0,0,5.5,0.3,5.2,698
23,9,1,14,5.5,1,0.6,0.1,0.4,5.4,0.6,4.9,682.6
24,9,1,24.5,9.6,1.7,1,0.2,0.7,9.4,1,8.6,1194.5
25,9,1,8,3.1,0.6,0.3,0.1,0.2,3,0.3,2.8,390
26,9,1,13,5.8,1.2,0.1,0,1,5.8,1,5,702.7
27,9,1,3,1.3,0.3,0,0,0.2,1.3,0.2,1.2,162.2
29,9,1,6,2.7,0.5,0,0,0.5,2.7,0.5,2.3,324.3
30,9,1,10,4.5,0.9,0.1,0,0.8,4.5,0.8,3.8,540.5
31,9,1,3,1.6,0.6,0,0,0.2,1.6,0,0.6,174.4
36,9,1,18,7.2,1.5,0.3,0,0.7,7.2,0.7,6.2,845.7
37,9,1,7,2.8,0.6,0.1,0,0.3,2.8,0.3,2.4,328.9
38,9,1,4,1.6,0.3,0.1,0,0.1,1.6,0.1,1.4,187.9
65,9,1,2,0.9,0.3,0.1,0,0.1,0.9,0.1,0.9,125.4
69,9,1,6,2.8,0.8,0.1,0,0.5,2.8,0.2,2.2,315.5
70,9,1,6,2.8,0.8,0.1,0,0.5,2.8,0.2,2.2,315.5
71,9,1,4,2,0.7,0.1,0,0,2,0.2,1.6,244.3
72,9,1,2,1,0.3,0,0,0,1,0.1,0.8,122.2
74,9,1,3,1.5,0.5,0.1,0,0,1.5,0.1,1.2,183.2
108,9,1,7,3.4,1.3,0,0,0.5,3.4,0.3,3.1,490.2
123,9,1,6,2.8,0.8,0.2,0,0.4,2.8,0.6,2.2,310
124,9,1,4,1.9,0.6,0.2,0,0.3,1.9,0.4,1.5,206.7
125,9,1,12,5.6,1.7,0.5,0,0.8,5.6,1.2,4.4,620.1
7,10,1,3,1.2,0.5,0.1,0,0.1,1.2,0.2,1.1,179.5
8,10,1,14,5.6,2.2,0.3,0,0.3,5.6,1.1,5.3,837.8
11,10,1,7,3,0.6,0.3,0,0,3,0.2,2.8,375.8
12,10,1,4,1.7,0.4,0.2,0,0,1.7,0.1,1.6,214.8
20,10,1,12,3.8,0,0.5,0,0.2,3.8,0.2,3.6,565.8
21,10,1,2,0.8,0.1,0.1,0,0.1,0.8,0.1,0.7,97.5
23,10,1,2,0.8,0.1,0.1,0,0.1,0.8,0.1,0.7,97.5
25,10,1,13,5.1,0.9,0.5,0.1,0.4,5,0.5,4.6,633.8
26,10,1,3,1.3,0.3,0,0,0.2,1.3,0.2,1.2,162.2
27,10,1,14,6.2,1.3,0.1,0,1.1,6.2,1.1,5.4,756.7
28,10,1,3,1.3,0.3,0,0,0.2,1.3,0.2,1.2,162.2
29,10,1,8,3.6,0.7,0.1,0,0.6,3.6,0.6,3.1,432.4
30,10,1,7,3.1,0.6,0.1,0,0.5,3.1,0.5,2.7,378.4
37,10,0,47,21,7,2,4,6,17,5,11,2083
38,10,1,19,7.6,1.6,0.4,0,0.7,7.6,0.7,6.5,892.6
39,10,1,5,2,0.4,0.1,0,0.2,2,0.2,1.7,234.9
54,10,1,2,0.8,0.2,0.1,0,0,0.8,0,0.8,110.7
59,10,1,1,0.5,0.1,0,0,0,0.5,0.1,0.4,62.7
65,10,1,2,0.9,0.3,0.1,0,0.1,0.9,0.1,0.9,125.4
66,10,1,13,6.2,1.8,0.1,0.2,1,6,0.4,4.8,683.5
67,10,1,17,8,2.4,0.2,0.2,1.3,7.8,0.5,6.2,893.9
68,10,1,10,4.7,1.4,0.1,0.1,0.8,4.6,0.3,3.7,525.8
69,10,0,29,12,4,1,0,4,12,2,3,1080
70,10,0,39,15,1,1,0,5,15,2,8,1252
71,10,1,14,7.1,2.3,0.3,0,0,7.1,0.6,5.4,855.1
72,10,1,2,1,0.3,0,0,0,1,0.1,0.8,122.2
121,10,1,5,2.3,0.7,0.2,0,0.3,2.3,0.5,1.8,258.4
122,10,1,3,1.4,0.4,0.1,0,0.2,1.4,0.3,1.1,155
124,10,1,4,1.9,0.6,0.2,0,0.3,1.9,0.4,1.5,206.7
2,11,1,4,1.9,0.5,0,0,0,1.9,0.1,1.8,304.2
6,11,1,1,0.4,0.2,0,0,0,0.4,0.1,0.4,59.8
8,11,1,1,0.4,0.2,0,0,0,0.4,0.1,0.4,59.8
17,11,1,2,0.6,0,0.1,0,0,0.6,0,0.6,94.3
19,11,1,3,1,0,0.1,0,0.1,1,0.1,0.9,141.5
20,11,1,4,1.3,0,0.2,0,0.1,1.3,0.1,1.2,188.6
26,11,1,11.5,5.1,1,0.1,0,0.9,5.1,0.9,4.4,621.6
27,11,1,6,2.7,0.5,0,0,0.5,2.7,0.5,2.3,324.3
28,11,1,5,2.2,0.5,0,0,0.4,2.2,0.4,1.9,270.3
29,11,1,3.5,1.6,0.3,0,0,0.3,1.6,0.3,1.3,189.2
30,11,1,10,4.5,0.9,0.1,0,0.8,4.5,0.8,3.8,540.5
35,11,1,2,1,0.4,0,0,0.1,1,0,0.4,116.3
37,11,1,4,1.6,0.3,0.1,0,0.1,1.6,0.1,1.4,187.9
38,11,1,9,3.6,0.8,0.2,0,0.3,3.6,0.3,3.1,422.8
65,11,1,3,1.4,0.4,0.1,0,0.1,1.4,0.2,1.3,188.1
66,11,1,7,3.3,1,0.1,0.1,0.5,3.2,0.2,2.6,368.1
67,11,1,5,2.4,0.7,0.1,0.1,0.4,2.3,0.2,1.8,262.9
69,11,1,1,0.5,0.1,0,0,0.1,0.5,0,0.4,52.6
70,11,1,2,0.9,0.3,0,0,0.2,0.9,0.1,0.7,105.2
72,11,1,2,1,0.3,0,0,0,1,0.1,0.8,122.2
75,11,1,3,1.5,0.5,0.1,0,0,1.5,0.1,1.2,183.2
76,11,1,2,0.9,0.2,0,0,0.1,0.9,0.1,0.7,112.5
91,11,1,4,1.8,0.3,0,0,0.3,1.8,0.4,1.7,238.5
95,11,1,2,0.9,0.1,0,0,0.1,0.9,0.2,0.8,119.2
121,11,1,2,0.9,0.3,0.1,0,0.1,0.9,0.2,0.7,103.3
124,11,1,4.5,2.1,0.6,0.2,0,0.3,2.1,0.5,1.6,232.5
1,12,1,2,0.9,0.2,0,0,0,0.9,0.1,0.9,152.1
2,12,1,20,9.4,2.5,0,0,0,9.4,0.6,8.8,1521.2
3,12,1,2,0.9,0.2,0,0,0,0.9,0.1,0.9,152.1
9,12,1,7,2.8,1.1,0.1,0,0.1,2.8,0.6,2.7,418.9
13,12,1,1,0.4,0.1,0,0,0,0.4,0,0.4,53.7
15,12,1,3,1.3,0.3,0.1,0,0,1.3,0.1,1.2,161.1
17,12,1,9,2.9,0,0.3,0,0.2,2.9,0.2,2.7,424.4
37,12,1,2,0.8,0.2,0,0,0.1,0.8,0.1,0.7,94
38,12,1,5,2,0.4,0.1,0,0.2,2,0.2,1.7,234.9
40,12,1,16,6.4,1.3,0.3,0,0.6,6.4,0.6,5.5,751.7
41,12,1,1,0.4,0.1,0,0,0.1,0.4,0.1,0.3,44.5
67,12,1,22,10.4,3.1,0.2,0.2,1.7,10.2,0.7,8,1156.8
68,12,1,2,0.9,0.3,0,0,0.2,0.9,0.1,0.7,105.2
95,12,1,1,0.5,0.1,0,0,0.1,0.5,0.1,0.4,59.6
123,12,1,2,0.9,0.3,0.1,0,0.1,0.9,0.2,0.7,103.3
124,12,1,2,0.9,0.3,0.1,0,0.1,0.9,0.2,0.7,103.3
125,12,1,1,0.5,0.1,0,0,0.1,0.5,0.1,0.4,51.7
1,13,1,2,0.9,0.2,0.1,0,0.2,0.9,0.2,0.7,116.2
2,13,1,9,4,1.1,0.4,0,0.7,4,1.1,3.2,523.1
3,13,1,1,0.4,0.1,0,0,0.1,0.4,0.1,0.4,58.1
17,13,1,20,9.7,2.6,0.3,0,1.1,9.7,2,7.7,979.7
18,13,1,9,4.4,1.2,0.1,0,0.5,4.4,0.9,3.5,440.9
35,13,1,2,1,0.4,0,0,0.1,1,0,0.4,116.3
36,13,1,1,0.4,0.1,0,0,0.1,0.4,0.1,0.3,44.5
40,13,1,8,3.3,0.7,0.2,0,0.6,3.3,0.5,2.6,356.1
42,13,1,7,2.8,0.6,0.2,0,0.6,2.8,0.4,2.3,311.6
43,13,1,21.5,8.7,1.9,0.5,0,1.7,8.7,1.2,7,956.9
44,13,1,7,2.8,0.6,0.2,0,0.6,2.8,0.4,2.3,311.6
49,13,1,11,4.7,1.1,0.4,0,0.3,4.7,0.3,4.1,608.6
60,13,1,1,0.5,0.1,0,0,0,0.5,0.1,0.4,62.7
81,13,1,2,0.9,0.2,0,0,0.1,0.9,0.1,0.7,112.5
95,13,1,15,6.9,2,0.4,0,0.4,6.9,1.6,5.7,1007.4
123,13,1,14,7,2.2,0,0,0,7,1.1,6.3,988.5
17,14,1,11,5.3,1.4,0.2,0,0.6,5.3,1.1,4.2,538.8
18,14,1,6,2.9,0.8,0.1,0,0.3,2.9,0.6,2.3,293.9
19,14,1,9,4.4,1.2,0.1,0,0.5,4.4,0.9,3.5,440.9
40,14,1,4,1.6,0.4,0.1,0,0.3,1.6,0.2,1.3,178
43,14,1,21,8.5,1.9,0.5,0,1.7,8.5,1.2,6.9,934.7
44,14,1,2,0.8,0.2,0,0,0.2,0.8,0.1,0.7,89
46,14,1,8,3.4,0.8,0.3,0,0.2,3.4,0.2,3,442.6
48,14,1,7,3,0.7,0.2,0,0.2,3,0.2,2.6,387.3
49,14,1,21,8.9,2.2,0.7,0,0.5,8.9,0.5,7.9,1161.8
50,14,1,7.5,3.2,0.8,0.3,0,0.2,3.2,0.2,2.8,414.9
75,14,1,1,0.5,0.2,0,0,0,0.5,0,0.4,61.1
77,14,1,10,4.4,1.2,0.2,0,0.3,4.4,0.3,3.5,562.6
86,14,1,2,0.9,0.1,0,0,0.1,0.9,0.2,0.8,119.2
93,14,1,1,0.5,0.1,0,0,0,0.5,0.1,0.4,67.2
106,14,1,2,1,0.4,0,0,0.1,1,0.1,0.9,140
107,14,1,2,1,0.4,0,0,0.1,1,0.1,0.9,140
121,14,1,4,2,0.6,0,0,0,2,0.3,1.8,282.4
122,14,1,2,1,0.3,0,0,0,1,0.2,0.9,141.2
123,14,1,6,3,0.9,0,0,0,3,0.5,2.7,423.6
20,15,1,10,4.9,1.3,0.1,0,0.6,4.9,1,3.9,489.9
25,15,1,13,4.2,0,0.5,0,0.2,4.2,0.2,3.9,613
49,15,1,9,3.8,0.9,0.3,0,0.2,3.8,0.2,3.4,497.9
50,15,1,2,0.8,0.2,0.1,0,0,0.8,0,0.8,110.7
75,15,1,6,3.1,1,0.1,0,0,3.1,0.2,2.3,366.5
76,15,1,8,3.5,1,0.1,0,0.2,3.5,0.2,2.8,450.1
77,15,1,10,4.4,1.2,0.2,0,0.3,4.4,0.3,3.5,562.6
78,15,1,15,6.5,1.8,0.3,0,0.4,6.5,0.4,5.3,844
87,15,1,3,1.4,0.2,0,0,0.2,1.4,0.3,1.3,178.8
93,15,1,2,0.9,0.3,0.1,0,0.1,0.9,0.2,0.8,134.3
106,15,1,7,3.4,1.3,0,0,0.5,3.4,0.3,3.1,490.2
107,15,1,7,3.4,1.3,0,0,0.5,3.4,0.3,3.1,490.2
121,15,1,3,1.5,0.5,0,0,0,1.5,0.2,1.3,211.8
122,15,1,2,1,0.3,0,0,0,1,0.2,0.9,141.2
19,16,1,3,1.5,0.4,0,0,0.2,1.5,0.3,1.2,147
20,16,1,2,1,0.3,0,0,0.1,1,0.2,0.8,98
48,16,1,11,4.7,1.1,0.4,0,0.3,4.7,0.3,4.1,608.6
50,16,1,2,0.8,0.2,0.1,0,0,0.8,0,0.8,110.7
54,16,1,1,0.4,0.1,0,0,0,0.4,0,0.4,55.3
57,16,1,9,4.2,1.3,0.3,0,0.3,4.2,0.5,4,564.4
60,16,1,2,0.9,0.3,0.1,0,0.1,0.9,0.1,0.9,125.4
75,16,1,7,3.6,1.1,0.1,0,0,3.6,0.3,2.7,427.6
76,16,1,4,1.7,0.5,0.1,0,0.1,1.7,0.1,1.4,225.1
77,16,1,4,1.7,0.5,0.1,0,0.1,1.7,0.1,1.4,225.1
78,16,1,18,7.8,2.2,0.3,0,0.5,7.8,0.5,6.3,1012.8
79,16,1,9,3.9,1.1,0.2,0,0.2,3.9,0.2,3.2,506.4
86,16,1,9,4.1,0.6,0,0,0.6,4.1,0.9,3.8,536.5
87,16,1,2,0.9,0.1,0,0,0.1,0.9,0.2,0.8,119.2
106,16,1,9,4.4,1.7,0,0,0.6,4.4,0.4,4,630.2
107,16,1,3,1.5,0.6,0,0,0.2,1.5,0.1,1.3,210.1
121,16,1,2,1,0.3,0,0,0,1,0.2,0.9,141.2
122,16,1,5,2.5,0.8,0,0,0,2.5,0.4,2.2,353
10,17,1,2,0.8,0.2,0.1,0,0,0.8,0,0.8,107.4
29,17,1,5,2.6,0.9,0,0,0.4,2.6,0,0.9,290.7
43,17,1,3,1.2,0.3,0.1,0,0.2,1.2,0.2,1,133.5
44,17,1,13,5.3,1.2,0.3,0,1,5.3,0.7,4.3,578.6
60,17,1,4,1.9,0.6,0.1,0,0.1,1.9,0.2,1.8,250.8
61,17,1,4,1.9,0.6,0.1,0,0.1,1.9,0.2,1.8,250.8
62,17,1,5,2.4,0.7,0.1,0,0.1,2.4,0.3,2.2,313.5
65,17,1,1,0.5,0.1,0,0,0,0.5,0.1,0.4,62.7
77,17,1,2,0.9,0.2,0,0,0.1,0.9,0.1,0.7,112.5
78,17,1,18,7.8,2.2,0.3,0,0.5,7.8,0.5,6.3,1012.8
79,17,1,9,3.9,1.1,0.2,0,0.2,3.9,0.2,3.2,506.4
84,17,1,4,1.7,0.5,0.1,0,0.1,1.7,0.1,1.4,225.1
85,17,1,2,0.9,0.2,0,0,0.1,0.9,0.1,0.7,112.5
92,17,1,2,0.9,0.3,0.1,0,0.1,0.9,0.2,0.8,134.3
93,17,1,6,2.8,0.8,0.2,0,0.2,2.8,0.6,2.3,403
94,17,1,4,1.8,0.5,0.1,0,0.1,1.8,0.4,1.5,268.6
95,17,1,7,3.2,0.9,0.2,0,0.2,3.2,0.8,2.6,470.1
8,18,1,31.5,12.9,2.5,1.3,0,0,12.9,0.8,12.1,1778.6
9,18,1,4,1.6,0.3,0.2,0,0,1.6,0.1,1.5,225.9
10,18,1,15,6.2,1.2,0.6,0,0,6.2,0.4,5.8,847
11,18,1,8,3,0.5,0.2,0,0.2,3,0.2,2.8,378.2
18,18,1,22,10.1,3.5,0.5,0,1.1,10.1,1.1,8.6,1188.2
19,18,1,2,0.9,0.3,0,0,0.1,0.9,0.1,0.8,108
21,18,1,2,0.9,0.1,0,0,0,0.9,0,0.8,96.8
41,18,1,3,1.3,0.1,0,0,0.3,1.3,0.1,1,134.5
43,18,1,12.5,5.3,0.3,0,0,1.4,5.3,0.3,4.2,560.4
44,18,0,31,11,3,1,0,1,11,0,10,1246
59,18,1,15,6.3,1.7,0,0,1,6.3,1,3.3,686.3
60,18,1,17,7.2,1.9,0,0,1.1,7.2,1.1,3.8,777.8
61,18,1,18,7.4,2.2,0.7,0,0.3,7.4,1,6.7,845
62,18,1,16,6.5,1.9,0.6,0,0.2,6.5,0.8,5.9,751.2
63,18,1,2,0.8,0.2,0.1,0,0,0.8,0.1,0.7,93.9
64,18,1,3,1.2,0.4,0.1,0,0,1.2,0.2,1.1,140.8
65,18,1,5,2,0.6,0.2,0,0.1,2,0.3,1.9,234.7
77,18,1,2,1,0.4,0,0,0.1,1,0.1,0.9,109.1
78,18,1,2,1,0.4,0,0,0.1,1,0.1,0.9,109.1
84,18,1,7,3.5,1.2,0,0,0.5,3.5,0.2,3.2,381.8
87,18,1,3,1.5,0.5,0.1,0,0.3,1.5,0.1,1.4,176.9
88,18,1,9,4.5,1.6,0.4,0,0.8,4.5,0.4,4.1,530.6
92,18,1,8,3.7,1.1,0.2,0,0.1,3.7,0.4,3.4,450.8
93,18,1,9,4.1,1.2,0.2,0,0.1,4.1,0.4,3.8,507.1
94,18,1,18,8.3,2.4,0.4,0,0.2,8.3,0.8,7.7,1014.3
95,18,1,5,2.3,0.7,0.1,0,0.1,2.3,0.2,2.1,281.7
99,18,1,2,0.9,0.3,0,0,0,0.9,0.2,0.9,116.9
119,18,1,2,0.8,0.2,0,0,0.1,0.8,0.2,0.7,109.1
8,19,1,5,2.1,0.4,0.2,0,0,2.1,0.1,1.9,282.3
9,19,1,14,5.7,1.1,0.6,0,0,5.7,0.4,5.4,790.5
10,19,0,43,14,2,0,0,1,14,0,11,1920
11,19,1,9,3.4,0.5,0.3,0,0.3,3.4,0.3,3.1,425.5
17,19,1,8,3.7,1.3,0.2,0,0.4,3.7,0.4,3.1,432.1
18,19,1,13,5.9,2,0.3,0,0.7,5.9,0.7,5.1,702.1
19,19,1,14,6.4,2.2,0.3,0,0.7,6.4,0.7,5.5,756.1
20,19,0,27,13,5,0,0,2,13,2,8,1510
21,19,1,1,0.5,0,0,0,0,0.5,0,0.4,48.4
28,19,1,2,0.9,0.3,0,0,0,0.9,0,0.5,102.8
33,19,1,5,2.3,0.7,0.1,0,0,2.3,0.1,1.3,257
46,19,1,2,1,0.4,0,0,0,1,0.1,0.9,125
56,19,1,7,3,0.8,0,0,0.5,3,0.5,1.6,320.3
57,19,1,4,1.7,0.4,0,0,0.3,1.7,0.3,0.9,183
61,19,1,7,2.9,0.8,0.3,0,0.1,2.9,0.4,2.6,328.6
62,19,1,24,9.8,2.9,0.9,0,0.4,9.8,1.3,8.9,1126.7
63,19,1,9,3.7,1.1,0.3,0,0.1,3.7,0.5,3.3,422.5
64,19,1,1,0.4,0.1,0,0,0,0.4,0.1,0.4,46.9
68,19,1,2,0.8,0.1,0,0,0,0.8,0.1,0.8,103.7
69,19,1,2,0.8,0.1,0,0,0,0.8,0.1,0.8,103.7
71,19,1,11,4,0.2,0.2,0,1,4,0.2,3.2,426.8
74,19,1,3,1.1,0.1,0.1,0,0.3,1.1,0.1,0.9,116.4
84,19,1,4,2,0.7,0,0,0.3,2,0.1,1.9,218.1
87,19,1,5,2.5,0.9,0.2,0,0.5,2.5,0.2,2.3,294.8
88,19,1,4,2,0.7,0.2,0,0.4,2,0.2,1.8,235.8
92,19,1,17,7.8,2.3,0.4,0,0.2,7.8,0.8,7.3,957.9
115,19,1,3,1.4,0.4,0,0,0,1.4,0.3,1.3,175.4
116,19,1,2,0.8,0.2,0,0,0.1,0.8,0.2,0.7,109.1
117,19,1,2,0.8,0.2,0,0,0.1,0.8,0.2,0.7,109.1
118,19,1,6,2.5,0.5,0.1,0,0.4,2.5,0.7,2.1,327.2
9,20,1,2,0.8,0.2,0.1,0,0,0.8,0.1,0.8,112.9
10,20,1,4,1.6,0.3,0.2,0,0,1.6,0.1,1.5,225.9
12,20,1,2,0.8,0.1,0.1,0,0.1,0.8,0.1,0.7,94.6
13,20,1,4.5,1.7,0.3,0.1,0,0.1,1.7,0.1,1.6,212.7
16,20,1,3,1.4,0.5,0.1,0,0.1,1.4,0.1,1.2,162
17,20,1,8,3.7,1.3,0.2,0,0.4,3.7,0.4,3.1,432.1
18,20,1,11,5,1.7,0.2,0,0.6,5,0.6,4.3,594.1
19,20,1,21,9.6,3.3,0.4,0,1,9.6,1,8.2,1134.1
20,20,1,20,9.1,3.1,0.4,0,1,9.1,1,7.9,1080.1
21,20,1,8,3.6,0.3,0,0,0,3.6,0,3.4,387.1
29,20,1,1,0.5,0.1,0,0,0,0.5,0,0.3,51.4
44,20,0,37,13,2,2,0,3,13,1,3,1137
45,20,1,24,10.2,0.5,0,0,2.7,10.2,0.5,8.1,1076
47,20,1,7,3.5,1.4,0,0,0.1,3.5,0.5,3.1,437.6
48,20,1,2,1,0.4,0,0,0,1,0.1,0.9,125
53,20,1,4,1.6,0.4,0.2,0.2,0.1,1.4,0.1,1.1,167.5
54,20,1,4,1.6,0.4,0.2,0.2,0.1,1.4,0.1,1.1,167.5
55,20,1,23,9.1,2.4,1,0.8,0.4,8.3,0.6,6.3,963.4
62,20,1,13,5.3,1.6,0.5,0,0.2,5.3,0.7,4.8,610.3
65,20,1,6,2.5,0.7,0.2,0,0.1,2.5,0.3,2.2,281.7
67,20,1,2,0.8,0.1,0,0,0,0.8,0.1,0.8,103.7
68,20,1,5,2.1,0.4,0,0,0,2.1,0.2,2,259.1
69,20,1,9,3.7,0.7,0,0,0,3.7,0.4,3.5,466.5
70,20,1,10,4.1,0.7,0,0,0,4.1,0.5,3.9,518.3
75,20,1,4,1.5,0.1,0.1,0,0.4,1.5,0.1,1.2,155.2
88,20,1,1,0.5,0.2,0,0,0.1,0.5,0,0.5,59
92,20,1,5,2.3,0.7,0.1,0,0.1,2.3,0.2,2.1,281.7
93,20,1,6,2.8,0.8,0.1,0,0.1,2.8,0.3,2.6,338.1
115,20,1,4,1.8,0.6,0,0,0,1.8,0.4,1.7,233.8
116,20,1,9,3.8,0.8,0.2,0,0.6,3.8,1,3.2,490.8
117,20,1,15,6.3,1.3,0.3,0,1,6.3,1.7,5.3,818
118,20,1,6,2.5,0.5,0.1,0,0.4,2.5,0.7,2.1,327.2
16,21,1,9,4.1,1.4,0.2,0,0.4,4.1,0.4,3.5,486.1
20,21,1,7,3.2,1.1,0.2,0,0.4,3.2,0.4,2.8,378
22,21,1,14,6.3,0.5,0,0,0,6.3,0,5.9,677.4
23,21,1,6,2.7,0.2,0,0,0,2.7,0,2.5,290.3
34,21,1,1,0.5,0.1,0,0,0,0.5,0,0.3,51.4
35,21,1,2,0.9,0.3,0,0,0,0.9,0,0.5,102.8
36,21,1,12,4.6,1.1,0.2,0,0.6,4.6,0.8,3.4,570.9
44,21,1,5,2.1,0.1,0,0,0.6,2.1,0.1,1.7,224.2
45,21,0,39,14,2,2,0,0,14,1,14,1397
46,21,0,18,11,5,0,0,0,11,0,10,1214
47,21,1,10.5,5.3,2.1,0,0,0.2,5.3,0.8,4.7,656.4
48,21,1,5,2.5,1,0,0,0.1,2.5,0.4,2.2,312.6
53,21,1,6,2.4,0.6,0.3,0.2,0.1,2.2,0.2,1.6,251.3
54,21,1,9,3.6,0.9,0.4,0.3,0.2,3.3,0.2,2.4,377
61,21,1,1,0.4,0.1,0,0,0,0.4,0.1,0.4,46.9
62,21,0,36,14,0,0,0,0,14,1,10,1295
63,21,1,16,6.5,1.9,0.6,0,0.2,6.5,0.8,5.9,751.2
64,21,1,1,0.4,0.1,0,0,0,0.4,0.1,0.4,46.9
69,21,1,6,2.5,0.4,0,0,0,2.5,0.3,2.3,311
70,21,1,2,0.8,0.1,0,0,0,0.8,0.1,0.8,103.7
75,21,1,16,5.8,0.4,0.4,0,1.5,5.8,0.4,4.7,620.7
76,21,1,8,4,1.4,0,0,0.6,4,0.3,3.7,436.3
91,21,1,7,3.2,0.9,0.2,0,0.1,3.2,0.3,3,394.4
92,21,1,6,2.8,0.8,0.1,0,0.1,2.8,0.3,2.6,338.1
115,21,1,4,1.8,0.6,0,0,0,1.8,0.4,1.7,233.8
116,21,1,2,0.8,0.2,0,0,0.1,0.8,0.2,0.7,109.1
117,21,1,1,0.4,0.1,0,0,0.1,0.4,0.1,0.4,54.5
15,22,1,11,4.1,0.6,0.3,0,0.3,4.1,0.3,3.8,520
20,22,1,2,0.9,0.3,0,0,0.1,0.9,0.1,0.8,108
34,22,1,1,0.5,0.1,0,0,0,0.5,0,0.3,51.4
35,22,1,4,1.8,0.6,0.1,0,0,1.8,0.1,1,205.6
36,22,1,14,5.4,1.2,0.2,0,0.7,5.4,1,3.9,666.1
38,22,1,3,1.2,0.3,0.1,0,0.2,1.2,0.2,0.8,142.7
40,22,1,4,1.5,0.4,0.1,0,0.2,1.5,0.3,1.1,190.3
46,22,1,13,6.5,2.6,0,0,0.2,6.5,0.9,5.8,812.7
47,22,1,12,6,2.4,0,0,0.2,6,0.9,5.4,750.2
48,22,1,16,8.1,3.2,0,0,0.2,8.1,1.2,7.1,1000.3
49,22,1,2,1,0.4,0,0,0,1,0.1,0.9,125
52,22,1,3,1.2,0.3,0.1,0.1,0.1,1.1,0.1,0.8,125.7
53,22,1,26,10.3,2.7,1.1,0.9,0.5,9.4,0.7,7.1,1089
54,22,1,26,10.3,2.7,1.1,0.9,0.5,9.4,0.7,7.1,1089
55,22,1,13,5.1,1.4,0.6,0.4,0.2,4.7,0.3,3.5,544.5
56,22,1,2,0.8,0.2,0,0,0.1,0.8,0.1,0.4,91.5
61,22,1,8,3.3,1,0.3,0,0.1,3.3,0.4,3,375.6
64,22,1,2,0.8,0.2,0.1,0,0,0.8,0.1,0.7,93.9
70,22,1,3,1.2,0.2,0,0,0,1.2,0.1,1.2,155.5
76,22,1,5,2.5,0.9,0,0,0.4,2.5,0.2,2.3,272.7
91,22,1,8,3.7,1.1,0.2,0,0.1,3.7,0.4,3.4,450.8
121,22,1,3,1.4,0.4,0.1,0,0.1,1.4,0.2,1.4,178.6
14,23,1,2,0.9,0.1,0,0,0.1,0.9,0,0.9,96.7
15,23,1,25.5,11.7,1.2,0.6,0,1.8,11.7,0.6,11.1,1232.8
16,23,1,6,2.7,0.7,0.1,0,0.1,2.7,0.3,2.4,350
19,23,1,5,2.2,0.6,0.1,0,0.1,2.2,0.2,2,291.7
20,23,1,13,5.8,1.6,0.2,0.1,0.2,5.7,0.6,5.3,758.3
21,23,1,3,1.2,0.3,0.1,0,0,1.2,0,1.1,161.1
34,23,1,2,1,0.1,0,0,0.1,1,0,1,129.4
40,23,1,8,3.1,0.7,0.1,0,0.4,3.1,0.6,2.2,380.6
41,23,1,10,3.9,0.9,0.2,0,0.5,3.9,0.7,2.8,475.8
49,23,1,7,2.7,0.8,0.4,0,0.2,2.7,0.4,2.3,364
50,23,1,6,2.3,0.7,0.3,0,0.2,2.3,0.3,2,312
54,23,1,5.5,2.3,0.3,0,0,0.4,2.3,0.1,1.4,285.9
55,23,1,25,10.4,1.3,0,0,1.9,10.4,0.6,6.5,1299.4
56,23,1,10,4.5,0.9,0,0,0,4.5,0.6,4,537.9
64,23,1,9,4.1,0.8,0,0,0,4.1,0.5,3.6,484.1
65,23,1,11,5,1,0,0,0,5,0.6,4.4,591.7
87,23,1,2,1.2,0.4,0,0,0,1.2,0.4,0.9,151.8
88,23,1,2,1.2,0.4,0,0,0,1.2,0.4,0.9,151.8
92,23,1,1,0.6,0.2,0,0,0,0.6,0.2,0.4,75.9
122,23,1,2,0.9,0.3,0,0,0,0.9,0.2,0.9,119.1
123,23,1,3,1.4,0.4,0.1,0,0.1,1.4,0.2,1.4,178.6
15,24,1,16,7.4,0.7,0.4,0,1.1,7.4,0.4,7,773.5
16,24,1,9,4,1.1,0.1,0,0.1,4,0.4,3.7,525
19,24,1,1,0.4,0.1,0,0,0,0.4,0,0.4,58.3
21,24,1,5,2.1,0.5,0.2,0,0.1,2.1,0.1,1.8,268.5
25,24,1,8,3.3,0.8,0.3,0,0.1,3.3,0.1,2.9,429.6
26,24,1,4,1.8,0.6,0.1,0,0,1.8,0.1,1,205.6
27,24,1,2,0.9,0.3,0,0,0,0.9,0,0.5,102.8
33,24,1,2,1,0.1,0,0,0.1,1,0,1,129.4
34,24,1,7,3.4,0.3,0,0,0.3,3.4,0,3.4,453
35,24,1,2,1,0.1,0,0,0.1,1,0,1,129.4
41,24,1,2,0.8,0.2,0,0,0.1,0.8,0.1,0.6,95.2
55,24,1,4,1.7,0.2,0,0,0.3,1.7,0.1,1,207.9
56,24,1,2,0.9,0.2,0,0,0,0.9,0.1,0.8,107.6
62,24,1,3,1.4,0.3,0,0,0,1.4,0.2,1.2,161.4
64,24,1,2,0.9,0.2,0,0,0,0.9,0.1,0.8,107.6
82,24,1,7,2.6,0.2,0.2,0,0.2,2.6,0.5,2.3,288.6
89,24,1,2,1.2,0.4,0,0,0,1.2,0.4,0.9,151.8
90,24,1,2,1.2,0.4,0,0,0,1.2,0.4,0.9,151.8
91,24,1,4,2.4,0.9,0,0,0,2.4,0.9,1.8,303.6
92,24,1,2,1.2,0.4,0,0,0,1.2,0.4,0.9,151.8
95,24,1,3,1.8,0.7,0,0,0,1.8,0.7,1.3,227.7
96,24,1,4,1.8,0.6,0,0,0,1.8,0.4,1.7,233.8
122,24,1,14,6.6,1.8,0.3,0,0.3,6.6,1.1,6.3,833.4
123,24,1,5,2.4,0.7,0.1,0,0.1,2.4,0.4,2.3,297.6
16,25,0,31,13,3,1,0,2,13,0,13,1429
17,25,1,7,3.1,0.9,0.1,0,0.1,3.1,0.3,2.9,408.3
18,25,1,12,5.4,1.5,0.2,0.1,0.2,5.3,0.6,4.9,700
19,25,1,12,5.4,1.5,0.2,0.1,0.2,5.3,0.6,4.9,700
20,25,1,4,1.8,0.5,0.1,0,0.1,1.8,0.2,1.6,233.3
21,25,1,7,2.9,0.7,0.2,0,0.1,2.9,0.1,2.6,375.9
25,25,1,18,7.5,1.8,0.6,0,0.3,7.5,0.3,6.6,966.6
26,25,1,6,2.7,0.9,0.1,0,0,2.7,0.1,1.6,308.4
35,25,1,2,1,0.1,0,0,0.1,1,0,1,129.4
50,25,1,6.5,2.5,0.7,0.4,0,0.2,2.5,0.4,2.2,338
51,25,1,2,0.8,0.1,0,0,0.2,0.8,0.1,0.5,103.9
77,25,1,3,1.3,0.3,0,0,0.2,1.3,0,1.2,152.6
82,25,1,7,2.6,0.2,0.2,0,0.2,2.6,0.5,2.3,288.6
83,25,1,16,5.9,0.5,0.5,0,0.5,5.9,1.1,5.3,659.7
16,26,1,1,0.4,0.1,0,0,0,0.4,0,0.4,58.3
17,26,1,10,4.5,1.2,0.1,0.1,0.1,4.4,0.5,4.1,583.3
18,26,0,37,16,6,1,0,1,16,1,10,1882
19,26,1,3,1.3,0.4,0,0,0,1.3,0.1,1.2,175
20,26,1,3,1.3,0.4,0,0,0,1.3,0.1,1.2,175
26,26,1,1,0.5,0.1,0,0,0,0.5,0,0.3,51.4
29,26,1,4,1.8,0.6,0.1,0,0,1.8,0.1,1,205.6
40,26,1,4,1.5,0.4,0.1,0,0.2,1.5,0.3,1.1,190.3
50,26,1,5.5,2.1,0.6,0.3,0,0.2,2.1,0.3,1.8,286
51,26,1,2,0.8,0.1,0,0,0.2,0.8,0.1,0.5,103.9
58,26,1,1,0.5,0.1,0,0,0,0.5,0.1,0.4,53.8
59,26,1,13,5.9,1.2,0,0,0,5.9,0.7,5.2,699.3
60,26,1,2,0.9,0.2,0,0,0,0.9,0.1,0.8,107.6
70,26,1,8,2.9,0.2,0.2,0,0.7,2.9,0.2,2.4,310.4
71,26,1,2,1,0.4,0.1,0,0,1,0.2,0.7,108.6
76,26,1,4,1.7,0.4,0,0,0.3,1.7,0,1.6,203.4
77,26,1,10,4.3,1.1,0,0,0.7,4.3,0,3.9,508.6
78,26,1,6,2.6,0.6,0,0,0.4,2.6,0,2.4,305.1
97,26,1,2,0.9,0.3,0,0,0,0.9,0.2,0.9,116.9
124,26,1,7,3.3,0.9,0.1,0,0.1,3.3,0.5,3.2,416.7
125,26,1,6,2.8,0.8,0.1,0,0.1,2.8,0.5,2.7,357.2
16,27,1,13,5.8,1.6,0.2,0.1,0.2,5.7,0.6,5.3,758.3
17,27,1,6,2.7,0.7,0.1,0,0.1,2.7,0.3,2.4,350
18,27,0,49,19,6,2,1,2,18,0,14,2075
19,27,1,19,8.5,2.3,0.3,0.1,0.3,8.4,0.9,7.8,1108.3
20,27,1,23,10.3,2.8,0.3,0.1,0.3,10.2,1.1,9.4,1341.7
21,27,1,13,5.4,1.3,0.4,0,0.2,5.4,0.2,4.8,698.1
25,27,1,6,2.5,0.6,0.2,0,0.1,2.5,0.1,2.2,322.2
26,27,1,7,3.2,1,0.2,0,0,3.2,0.2,1.8,359.8
29,27,1,2,0.9,0.3,0,0,0,0.9,0,0.5,102.8
34,27,1,3,1.5,0.1,0,0,0.1,1.5,0,1.5,194.2
35,27,1,8.5,4.2,0.3,0,0,0.3,4.2,0,4.2,550.1
50,27,1,11,4.3,1.2,0.6,0,0.3,4.3,0.6,3.7,572
70,27,1,2,0.7,0,0,0,0.2,0.7,0,0.6,77.6
72,27,1,4,2,0.8,0.2,0,0,2,0.3,1.3,217.2
73,27,1,16,8,3.3,0.7,0,0,8,1.3,5.3,868.7
74,27,1,1,0.5,0.2,0,0,0,0.5,0.1,0.3,54.3
75,27,1,1,0.5,0.2,0,0,0,0.5,0.1,0.3,54.3
76,27,0,44.5,15,3,2,0,2,15,1,14,1498
77,27,0,33,14,3,0,0,4,14,2,9,1411
78,27,1,5,2.1,0.5,0,0,0.4,2.1,0,2,254.3
121,27,1,4,1.9,0.5,0.1,0,0.1,1.9,0.3,1.8,238.1
17,28,1,4,1.5,0.2,0,0,0.1,1.5,0.1,1.3,166.6
18,28,1,7,2.7,0.4,0.1,0,0.2,2.7,0.2,2.2,291.6
19,28,0,27,12,3,1,0,1,12,5,10,1596
20,28,1,26,9.9,1.5,0.3,0,0.9,9.9,0.6,8.4,1083
21,28,0,74,26,3,3,0,4,26,1,17,2647
22,28,1,27,9.3,0,0,0,0,9.3,0,9.3,1185.7
23,28,1,4,1.4,0,0,0,0,1.4,0,1.4,175.7
24,28,1,2,0.7,0,0,0,0,0.7,0,0.7,87.8
27,28,1,3,1.1,0.2,0,0,0.1,1.1,0.1,1,152.9
28,28,1,3,1.1,0.2,0,0,0.1,1.1,0.1,1,152.9
29,28,1,22,8.3,1.3,0.3,0,1,8.3,1,7.5,1121.4
30,28,1,10,3.8,0.6,0.1,0,0.5,3.8,0.5,3.4,509.7
35,28,1,3,1.3,0.3,0.1,0,0.2,1.3,0,1.3,134.4
36,28,1,15,7.2,1.8,0,0,0.5,7.2,0.2,6.3,815.3
37,28,1,4,1.9,0.5,0,0,0.1,1.9,0,1.7,217.4
43,28,1,4,1.6,0.4,0.1,0,0.1,1.6,0.1,1.5,247.4
72,28,1,4.5,2.3,0.8,0.1,0,0.3,2.3,0,2.2,262.6
73,28,1,5,2.6,0.9,0.2,0,0.3,2.6,0,2.4,291.8
75,28,0,29,14,4,0,0,1,14,1,9,1338
78,28,1,18,7.9,3.3,0.7,0,0,7.9,0,6.5,1031.6
79,28,1,3,1.3,0.5,0.1,0,0,1.3,0,1.1,171.9
88,28,1,6,2.1,0.3,0.1,0,0.1,2.1,0.5,2,265.9
89,28,1,4,1.4,0.2,0.1,0,0.1,1.4,0.3,1.3,177.3
91,28,1,1,0.5,0.2,0,0,0,0.5,0.1,0.4,62.7
2,29,1,2,0.7,0.2,0.1,0,0,0.7,0.1,0.6,85.9
18,29,1,7,2.7,0.4,0.1,0,0.2,2.7,0.2,2.2,291.6
19,29,0,36,13,4,1,0,1,13,1,12,1358
20,29,1,4,1.5,0.2,0,0,0.1,1.5,0.1,1.3,166.6
21,29,1,2,0.7,0,0,0,0,0.7,0,0.7,87.8
28,29,1,9,3.4,0.5,0.1,0,0.4,3.4,0.4,3.1,458.7
29,29,1,26.5,10,1.5,0.3,0,1.2,10,1.2,9.1,1350.7
30,29,1,1,0.4,0.1,0,0,0,0.4,0,0.3,51
35,29,1,14,6,1.2,0.4,0,0.8,6,0,6,627.2
36,29,1,19,9.1,2.2,0,0,0.7,9.1,0.2,8,1032.7
37,29,0,30,13,1,0,0,2,13,0,12,1323
43,29,1,12,4.9,1.1,0.4,0,0.2,4.9,0.2,4.4,742.1
44,29,1,17,7,1.5,0.5,0,0.2,7,0.2,6.2,1051.2
45,29,1,12,4.9,1.1,0.4,0,0.2,4.9,0.2,4.4,742.1
47,29,1,2,0.8,0.2,0,0,0,0.8,0,0.8,104.8
48,29,1,2,0.8,0.2,0,0,0,0.8,0,0.8,104.8
72,29,1,1,0.5,0.2,0,0,0.1,0.5,0,0.5,58.4
73,29,1,6,3.1,1.1,0.2,0,0.4,3.1,0,2.9,350.2
88,29,1,1,0.4,0.1,0,0,0,0.4,0.1,0.3,44.3
90,29,1,4,1.4,0.2,0.1,0,0.1,1.4,0.3,1.3,177.3
91,29,1,2,1,0.3,0,0,0,1,0.2,0.9,125.5
92,29,1,16,7.7,2.8,0,0,0,7.7,1.4,7,1003.8
102,29,1,2,0.8,0.1,0,0,0,0.8,0.1,0.7,107.3
127,29,1,2,0.9,0.3,0,0,0.1,0.9,0.2,0.9,112.2
19,30,1,4,1.5,0.2,0,0,0.1,1.5,0.1,1.3,166.6
20,30,1,11,4.2,0.7,0.1,0,0.4,4.2,0.3,3.5,458.2
28,30,1,11,4.1,0.6,0.1,0,0.5,4.1,0.5,3.8,560.7
29,30,1,2,0.8,0.1,0,0,0.1,0.8,0.1,0.7,101.9
34,30,1,11,4.7,0.9,0.3,0,0.6,4.7,0,4.7,492.8
35,30,1,5,2.1,0.4,0.1,0,0.3,2.1,0,2.1,224
36,30,1,11.5,5.5,1.3,0,0,0.4,5.5,0.1,4.8,625
42,30,1,4,1.6,0.4,0.1,0,0.1,1.6,0.1,1.5,247.4
44,30,1,13,5.4,1.1,0.4,0,0.2,5.4,0.2,4.8,803.9
46,30,1,3,1.2,0.2,0,0,0,1.2,0,1.2,157.2
63,30,1,3,1.3,0.5,0.1,0,0.1,1.3,0.1,1.2,147.1
70,30,1,2,0.7,0,0.1,0,0.1,0.7,0,0.7,75.8
87,30,1,6,2.1,0.3,0.1,0,0.1,2.1,0.5,2,265.9
88,30,1,18,6.4,1,0.3,0,0.3,6.4,1.5,5.9,797.7
96,30,1,5.5,2.2,0.3,0,0,0.1,2.2,0.4,1.9,295.1
97,30,1,4,1.6,0.2,0,0,0.1,1.6,0.3,1.4,214.6
98,30,1,4,1.6,0.2,0,0,0.1,1.6,0.3,1.4,214.6
102,30,1,1,0.4,0,0,0,0,0.4,0.1,0.3,53.7
2,31,1,26,9.4,2.2,1.1,0,0,9.4,1.1,7.7,1116.9
3,31,1,7,2.5,0.6,0.3,0,0,2.5,0.3,2.1,300.7
17,31,1,4,1.5,0.2,0,0,0.1,1.5,0.1,1.3,166.6
18,31,1,2,0.8,0.1,0,0,0.1,0.8,0,0.6,83.3
20,31,1,9,3.4,0.5,0.1,0,0.3,3.4,0.2,2.9,374.9
32,31,1,2,0.9,0.2,0.1,0,0.1,0.9,0,0.9,89.6
33,31,0,31,16,7,1,1,3,15,3,11,1511
34,31,0,28,12,4,1,0,5,12,1,9,1291
35,31,0,18.5,13,9,0,6,2,7,4,7,1228
36,31,1,13.5,6.5,1.6,0,0,0.5,6.5,0.2,5.7,733.7
38,31,1,6.5,3.1,0.8,0,0,0.2,3.1,0.1,2.7,353.3
42,31,1,5,2.1,0.4,0.1,0,0.1,2.1,0.1,1.8,309.2
47,31,1,6,2.5,0.5,0.1,0,0.1,2.5,0.1,2.4,314.5
62,31,1,6,2.6,0.9,0.2,0,0.2,2.6,0.2,2.4,294.2
63,31,1,18,7.9,2.8,0.6,0,0.6,7.9,0.6,7.3,882.6
71,31,1,2,1,0.4,0.1,0,0.1,1,0,1,116.7
74,31,1,9,4.6,1.6,0.3,0,0.5,4.6,0,4.4,525.3
86,31,1,5,1.8,0.3,0.1,0,0.1,1.8,0.4,1.6,221.6
87,31,1,14,5,0.8,0.2,0,0.2,5,1.2,4.6,620.4
88,31,1,5,1.8,0.3,0.1,0,0.1,1.8,0.4,1.6,221.6
0,32,1,2,0.8,0.2,0,0,0,0.8,0,0.7,106.7
1,32,1,6,2.2,0.5,0.3,0,0,2.2,0.3,1.8,257.7
2,32,1,6,2.2,0.5,0.3,0,0,2.2,0.3,1.8,257.7
17,32,1,6,2.3,0.4,0.1,0,0.2,2.3,0.1,1.9,249.9
33,32,0,47,19,5,2,0,0,19,4,11,1933
34,32,0,52.5,24,10,2,0,4,24,3,19,2839
35,32,0,115.5,52,23,4,4,5,48,9,24,4996
36,32,0,86,45,25,3,24,3,21,12,18,4156
37,32,0,97,60,42,4,34,3,26,19,13,5050
38,32,0,25,14,6,0,0,0,14,1,10,1487
39,32,1,16,7.7,1.9,0,0,0.6,7.7,0.2,6.7,869.6
40,32,0,47,27,11,0,0,2,27,5,11,2251
41,32,0,21,11,4,0,0,0,11,0,10,1109
42,32,0,56,27,10,2,0,0,27,1,25,2724
43,32,1,1,0.4,0.1,0,0,0,0.4,0,0.4,61.8
50,32,1,4,1.6,0.3,0.1,0,0.1,1.6,0.1,1.6,209.6
51,32,1,3,1.2,0.2,0,0,0,1.2,0,1.2,157.2
60,32,1,2,0.9,0.3,0.1,0,0.1,0.9,0.1,0.8,98.1
61,32,1,3,1.3,0.5,0.1,0,0.1,1.3,0.1,1.2,147.1
69,32,1,15,5.2,0,0.5,0,0.5,5.2,0,5.2,568.6
70,32,1,2,0.7,0,0.1,0,0.1,0.7,0,0.7,75.8
74,32,1,3.5,1.8,0.6,0.1,0,0.2,1.8,0,1.7,204.3
75,32,1,2,1,0.4,0.1,0,0.1,1,0,1,116.7
77,32,1,1,0.4,0.2,0,0,0,0.4,0,0.4,57.3
79,32,1,2,0.9,0.4,0.1,0,0,0.9,0,0.7,114.6
80,32,1,3.5,1.5,0.6,0.1,0,0,1.5,0,1.3,200.6
86,32,1,7,2.5,0.4,0.1,0,0.1,2.5,0.6,2.3,310.2
0,33,0,42.5,16,3,1,0,2,16,3,13,1726
1,33,0,35,12,2,1,0,1,12,2,10,1312
27,33,1,1,0.5,0.3,0,0,0,0.5,0.1,0.4,55.1
28,33,1,13,7.1,3.9,0.2,0,0.4,7.1,0.9,4.9,715.7
29,33,1,3,1.6,0.9,0,0,0.1,1.6,0.2,1.1,165.2
30,33,0,38,19,5,0,0,6,19,2,7,1918
31,33,0,39.5,23,8,0,0,3,23,2,18,2662
32,33,1,4,2,0.4,0,0,0.1,2,0,1.9,199.9
34,33,0,27,15,6,0,1,3,14,6,12,1135
35,33,0,88.5,44,16,1,3,8,41,7,31,5503
36,33,0,134.5,85,49,0,37,16,48,25,30,7703
37,33,1,4.5,2.3,0.8,0.1,0.1,0.2,2.2,0.6,2.2,237.6
38,33,1,6,3.1,1,0.1,0.1,0.3,3,0.7,3,316.7
39,33,1,18,9.3,3.1,0.4,0.4,0.9,8.9,2.2,8.9,950.2
40,33,0,31,23,16,0,0,1,23,6,9,1717
41,33,0,96.5,59,32,1,0,6,59,14,8,3671
42,33,1,14,6.4,2.4,0.5,0.1,0.8,6.3,1.1,4.8,642.6
43,33,1,18,8.2,3.1,0.6,0.1,1.1,8.1,1.4,6.2,826.1
44,33,0,56.5,28,7,0,0,4,28,3,20,2643
45,33,1,9,4.1,1.6,0.3,0.1,0.5,4,0.7,3.1,413.1
48,33,1,4,1.9,0.9,0,0.4,0,1.5,0.4,1.4,202.5
49,33,1,2,1,0.5,0,0.2,0,0.8,0.2,0.7,101.2
50,33,1,7,3.4,1.6,0,0.8,0,2.6,0.6,2.4,354.3
70,33,1,13,4.5,0,0.4,0,0.4,4.5,0,4.5,492.8
77,33,1,17,6.3,0.4,0.6,0,0.6,6.3,1.3,6.1,777.7
78,33,1,1.5,0.6,0,0.1,0,0.1,0.6,0.1,0.5,68.6
79,33,1,8,3,0.2,0.3,0,0.3,3,0.6,2.9,366
86,33,1,6,2.1,0.4,0.2,0,0.2,2.1,0.2,2.1,296.5
88,33,1,13,4.7,1,0.4,0,0.4,4.7,0.4,4.7,642.4
89,33,1,12,4.3,0.9,0.4,0,0.4,4.3,0.4,4.3,593
104,33,1,3,1.2,0.1,0,0,0.1,1.2,0.2,1,161
105,33,1,2,0.8,0.1,0,0,0,0.8,0.1,0.7,107.3
0,34,1,24.5,10.3,2.2,0.4,0,0,10.3,0.4,9.9,1309.1
1,34,1,3,1,0.1,0.1,0,0.1,1,0.1,0.9,141
18,34,1,13,5.1,1.6,0.8,0,0.4,5.1,0.8,3.9,738.2
19,34,1,3,1.2,0.4,0.2,0,0.1,1.2,0.2,0.9,170.4
28,34,1,2,1.1,0.6,0,0,0.1,1.1,0.1,0.7,110.1
29,34,1,1,0.5,0.3,0,0,0,0.5,0.1,0.4,55.1
30,34,1,15.5,8.5,4.7,0.2,0,0.4,8.5,1.1,5.8,853.3
31,34,0,33,17,3,0,0,3,17,1,12,1840
32,34,1,20,9.8,2.1,0,0,0.7,9.8,0,9.5,999.3
33,34,0,26.5,14,6,0,1,1,13,2,12,1447
34,34,0,57,32,17,1,1,3,31,5,20,3233
35,34,0,67.5,35,18,2,0,3,35,6,21,3424
36,34,0,85.5,51,31,4,11,2,40,11,31,5230
37,34,0,40,22,10,0,5,1,17,5,8,1770
38,34,0,49.5,26,16,2,1,5,25,5,11,2156
39,34,0,47,21,4,0,0,2,21,1,14,2028
40,34,0,58,29,14,3,0,8,29,10,8,2255
41,34,1,19.5,8.9,3.4,0.7,0.2,1.2,8.7,1.5,6.7,895
43,34,1,6,2.7,1,0.2,0,0.4,2.7,0.5,2.1,275.4
44,34,0,68,54,41,0,41,0,13,9,12,2506
45,34,0,26,12,3,1,0,0,12,1,12,1230
47,34,1,8,3.9,1.8,0,0.9,0,3,0.7,2.8,405
50,34,1,9,4.3,2.1,0,1,0,3.3,0.8,3.1,455.6
51,34,1,13,5.3,1.1,0.2,0,0.2,5.3,0.2,5.1,681.3
52,34,1,10,4.1,0.8,0.2,0,0.2,4.1,0.2,3.9,524.1
53,34,1,4,1.6,0.3,0.1,0,0.1,1.6,0.1,1.6,209.6
55,34,1,2,0.8,0.2,0,0,0,0.8,0,0.8,104.8
56,34,1,2,1.1,0.4,0,0,0,1.1,0.2,1,106.1
57,34,1,12,6.4,2.7,0.2,0,0.2,6.4,1,6.1,636.5
62,34,1,1,0.4,0.1,0,0,0,0.4,0,0.4,63.3
76,34,1,4,1.5,0.1,0.2,0,0.2,1.5,0.3,1.4,183
77,34,1,13,4.8,0.3,0.5,0,0.5,4.8,1,4.6,594.7
79,34,1,2,0.7,0.1,0.1,0,0.1,0.7,0.2,0.7,91.5
80,34,1,5,1.8,0.1,0.2,0,0.2,1.8,0.4,1.8,228.7
88,34,1,5,1.8,0.4,0.1,0,0.1,1.8,0.1,1.8,247.1
0,35,1,2,0.8,0.2,0,0,0,0.8,0,0.8,106.9
18,35,1,2,0.8,0.2,0.1,0,0.1,0.8,0.1,0.6,113.6
19,35,1,2,0.8,0.2,0.1,0,0.1,0.8,0.1,0.6,113.6
29,35,1,1,0.5,0.3,0,0,0,0.5,0.1,0.4,55.1
30,35,1,8,4.4,2.4,0.1,0,0.2,4.4,0.6,3,440.4
31,35,0,48.5,21,7,1,0,2,21,2,15,2109
32,35,0,30,17,7,0,0,2,17,0,14,1876
33,35,0,29,14,4,0,0,3,14,3,9,1290
34,35,0,24,11,4,1,0,0,11,1,10,1184
35,35,1,3,1.5,0.3,0,0,0.1,1.5,0,1.4,149.9
36,35,0,47,26,14,0,0,5,26,5,18,2461
37,35,0,56,36,22,0,2,2,34,5,24,3410
38,35,0,57,24,3,1,0,0,24,1,21,3056
39,35,0,107.5,58,29,2,0,5,58,8,20,5311
40,35,0,38,18,8,1,0,4,18,6,5,1420
44,35,0,21,11,3,0,1,2,10,2,4,1235
45,35,0,52,32,21,2,11,4,21,7,13,2735
46,35,1,4,1.9,0.9,0,0.4,0,1.5,0.4,1.4,202.5
61,35,1,10,4.1,0.5,0.3,0,0.3,4.1,0.3,3.5,633.4
62,35,1,17.5,7.1,0.9,0.4,0,0.4,7.1,0.4,6.2,1108.5
80,35,1,2,0.7,0.1,0.1,0,0.1,0.7,0.2,0.7,91.5
88,35,1,4,1.4,0.3,0.1,0,0.1,1.4,0.1,1.4,197.7
89,35,1,2,0.7,0.1,0.1,0,0.1,0.7,0.1,0.7,98.8
93,35,1,4,1.9,0.7,0,0,0,1.9,0.3,1.7,251
102,35,1,6,2.4,0.3,0,0,0.1,2.4,0.4,2.1,321.9
103,35,1,3,1.2,0.1,0,0,0.1,1.2,0.2,1,161
108,35,1,7,3.4,1.2,0.1,0,0.6,3.4,0.6,3.1,387.5
109,35,1,9.5,4.6,1.6,0.2,0,0.8,4.6,0.8,4.2,525.9
126,35,1,2,0.9,0.3,0,0,0.1,0.9,0.2,0.9,112.2
14,36,1,6,2.1,0.2,0.2,0,0.2,2.1,0.2,1.9,282
30,36,1,7,3.8,2.1,0.1,0,0.2,3.8,0.5,2.6,385.4
31,36,0,45.5,19,2,2,0,3,19,2,13,2073
32,36,0,19,12,7,0,0,1,12,1,11,1003
33,36,0,22,11,6,1,0,2,11,1,4,1125
34,36,0,50.5,19,2,2,0,1,19,1,12,2022
36,36,1,12,6.2,2.1,0.3,0.3,0.6,5.9,1.5,5.9,633.5
37,36,0,36,17,6,0,0,2,17,2,12,1816
38,36,0,58,24,3,1,0,1,24,3,19,2863
39,36,0,68,33,10,1,0,11,33,3,22,3260
40,36,0,47,19,8,3,0,4,19,5,2,1395
45,36,1,8,3.7,1.4,0.3,0.1,0.5,3.6,0.6,2.8,367.2
46,36,1,4,1.9,0.9,0,0.4,0,1.5,0.4,1.4,202.5
52,36,1,8,3.3,0.7,0.1,0,0.1,3.3,0.1,3.1,419.3
53,36,1,1,0.4,0.1,0,0,0,0.4,0,0.4,52.4
57,36,1,2,1.1,0.4,0,0,0,1.1,0.2,1,106.1
59,36,1,4,2.1,0.9,0.1,0,0.1,2.1,0.3,2,212.2
60,36,1,6,3.2,1.3,0.1,0,0.1,3.2,0.5,3.1,318.2
62,36,1,4,1.6,0.2,0.1,0,0.1,1.6,0.1,1.4,253.4
78,36,1,15,5.5,0.4,0.6,0,0.6,5.5,1.1,5.4,686.2
79,36,1,11,4.1,0.3,0.4,0,0.4,4.1,0.8,3.9,503.2
87,36,1,13,4.7,1,0.4,0,0.4,4.7,0.4,4.7,642.4
88,36,1,12,4.3,0.9,0.4,0,0.4,4.3,0.4,4.3,593
102,36,1,4,1.6,0.2,0,0,0.1,1.6,0.3,1.4,214.6
107,36,1,6,2.9,1,0.1,0,0.5,2.9,0.5,2.6,332.1
108,36,0,21,11,3,0,0,0,11,3,9,1294
125,36,1,3,1.5,0.4,0,0,0.1,1.5,0.3,1.3,245.9
126,36,1,13,6.1,1.7,0.2,0,0.5,6.1,1.5,5.6,729
14,37,1,4,1.4,0.1,0.1,0,0.1,1.4,0.1,1.2,188
15,37,1,19,6.5,0.6,0.6,0,0.6,6.5,0.6,5.9,893
16,37,1,8,3.2,1,0.5,0,0.2,3.2,0.5,2.4,454.3
17,37,1,5,2,0.6,0.3,0,0.2,2,0.3,1.5,283.9
30,37,1,18,9.8,5.4,0.3,0,0.5,9.8,1.3,6.7,990.9
31,37,1,9,4.4,0.9,0,0,0.3,4.4,0,4.3,449.7
33,37,1,1,0.5,0.1,0,0,0,0.5,0,0.5,50
34,37,1,6,2.9,0.6,0,0,0.2,2.9,0,2.8,299.8
35,37,1,14,6.9,1.5,0,0,0.5,6.9,0,6.6,699.5
37,37,0,31,15,5,0,0,0,15,0,15,1754
38,37,0,64.5,30,11,2,0,4,30,3,12,2697
39,37,0,98,44,21,5,0,9,44,9,8,3766
40,37,0,52,26,10,2,4,6,22,8,4,1943
41,37,1,13,5.9,2.2,0.4,0.1,0.8,5.8,1,4.5,596.7
42,37,1,17.5,8,3,0.6,0.2,1.1,7.8,1.4,6,803.2
43,37,0,33,12,2,0,0,3,12,0,9,1357
44,37,1,7,3.2,1.2,0.2,0.1,0.4,3.1,0.5,2.4,321.3
45,37,1,4,1.8,0.7,0.1,0,0.2,1.8,0.3,1.4,183.6
46,37,1,5.5,2.7,1.3,0,0.7,0,2,0.5,1.9,278.4
54,37,1,3,1.2,0.2,0,0,0,1.2,0,1.2,157.2
57,37,1,5,2.7,1.1,0.1,0,0.1,2.7,0.4,2.6,265.2
58,37,1,14,7.4,3.1,0.3,0,0.3,7.4,1.1,7.1,742.6
59,37,1,4,2.1,0.9,0.1,0,0.1,2.1,0.3,2,212.2
61,37,1,7,2.8,0.4,0.2,0,0.2,2.8,0.2,2.5,443.4
107,37,0,24,13,6,0,0,2,13,2,8,1730
108,37,1,11.5,5.5,1.9,0.2,0,1,5.5,1,5,636.6
109,37,1,13,6.2,2.2,0.3,0,1.1,6.2,1.1,5.7,719.6
110,37,1,1,0.5,0.2,0,0,0.1,0.5,0.1,0.4,55.4
125,37,1,18,8.9,2.2,0,0,0.9,8.9,1.8,8,1475.1
126,37,1,16,7.5,2.1,0.3,0,0.6,7.5,1.8,6.9,897.2
5,38,1,1,0.4,0.1,0,0,0.1,0.4,0.1,0.4,58.8
15,38,1,12,4.8,1.1,0.2,0,0.6,4.8,0,4.1,610.6
17,38,0,25,13,5,0,0,2,13,1,11,1444
18,38,1,3,1.1,0.2,0,0,0,1.1,0.1,0.9,127.9
28,38,1,2,0.8,0.1,0,0,0.1,0.8,0.1,0.7,91.8
32,38,1,3,1.1,0.2,0.1,0,0.2,1.1,0.1,0.8,128.7
37,38,1,6,2.5,0.3,0,0,0.1,2.5,0,2.2,276
38,38,1,40,16.5,1.7,0,0,0.9,16.5,0,14.8,1840
39,38,0,77,53,33,0,6,7,47,7,7,3521
40,38,0,100.5,55,23,0,0,6,55,17,3,4211
41,38,0,58,27,6,0,0,10,27,7,1,2102
42,38,1,15,6.8,2.5,0,0,0.3,6.8,0.6,5.3,728.4
43,38,0,47,19,4,1,0,1,19,0,16,1986
44,38,1,10,4.5,1.6,0,0,0.2,4.5,0.4,3.5,485.6
45,38,1,12.5,5.7,2.1,0,0,0.3,5.7,0.5,4.4,607
46,38,1,4,2,0.7,0,0,0.2,2,0.4,1.6,267.5
51,38,1,3,1.5,0.5,0,0,0.1,1.5,0.3,1.2,200.6
58,38,1,8,4.3,2.1,0,0,0.3,4.3,0.3,4,538.7
87,38,1,2,0.8,0.1,0,0,0.1,0.8,0.1,0.8,97.1
107,38,1,8,3.8,1,0,0,0.6,3.8,1,2.8,459.1
108,38,1,13,6.3,1.6,0,0,1,6.3,1.6,4.6,746.1
109,38,1,13,6.3,1.6,0,0,1,6.3,1.6,4.6,746.1
110,38,1,3.5,1.7,0.4,0,0,0.3,1.7,0.4,1.2,200.9
124,38,1,5,2.5,0.6,0,0,0.2,2.5,0.5,2.2,409.8
125,38,1,10,4.9,1.2,0,0,0.5,4.9,1,4.4,819.5
0,39,1,17,5.8,0,0.4,0,0.4,5.8,0.9,5.8,786.5
1,39,1,10,4.5,0.9,0.1,0,1,4.5,0.7,3.7,588
15,39,1,22,8.9,2.1,0.5,0,1.1,8.9,0,7.5,1119.4
16,39,1,8,2.8,0.5,0,0,0,2.8,0.3,2.3,341.2
18,39,0,30,11,0,0,0,4,11,1,11,1376
31,39,1,3,1.1,0.2,0.1,0,0.2,1.1,0.1,0.8,128.7
35,39,1,6,2.1,0.3,0.2,0,0.3,2.1,0.2,1.6,257.3
39,39,0,46,28,11,0,0,3,28,4,21,2451
40,39,0,76,40,16,1,0,9,40,8,3,2899
41,39,0,33,17,5,0,0,3,17,2,2,1258
45,39,1,2,0.9,0.3,0,0,0,0.9,0.1,0.7,97.1
58,39,1,1,0.5,0.3,0,0,0,0.5,0,0.5,67.3
59,39,1,2,1.1,0.5,0,0,0.1,1.1,0.1,1,134.7
86,39,1,4,1.7,0.2,0.1,0,0.1,1.7,0.2,1.6,194.1
87,39,1,4,1.7,0.2,0.1,0,0.1,1.7,0.2,1.6,194.1
125,39,1,1,0.5,0.1,0,0,0,0.5,0.1,0.4,82
126,39,1,2,0.9,0.2,0,0,0.1,0.9,0.2,0.9,150.4
127,39,1,4,1.9,0.3,0,0,0.2,1.9,0.5,1.9,300.8
0,40,1,15,5.1,0,0.4,0,0.4,5.1,0.8,5.1,693.9
1,40,1,13,5.8,1.1,0.1,0,1.3,5.8,0.9,4.8,764.3
2,40,1,5,2.2,0.4,0,0,0.5,2.2,0.4,1.8,294
3,40,1,13,5.8,1.1,0.1,0,1.3,5.8,0.9,4.8,764.3
4,40,1,5,2.2,0.4,0,0,0.5,2.2,0.4,1.8,294
15,40,1,22,8.9,2.1,0.5,0,1.1,8.9,0,7.5,1119.4
16,40,1,20,7.1,1.3,0,0,0,7.1,0.6,5.8,852.9
31,40,1,21,7.5,1.2,0.6,0,1.2,7.5,0.6,5.8,900.7
32,40,1,7,2.5,0.4,0.2,0,0.4,2.5,0.2,1.9,300.2
54,40,1,2,1,0.4,0,0,0.1,1,0.2,0.8,133.7
86,40,1,23,9.7,1.3,0.3,0,0.7,9.7,1,9.3,1116.3
87,40,1,5,2.1,0.3,0.1,0,0.1,2.1,0.2,2,242.7
105,40,1,2,0.8,0.1,0,0,0,0.8,0.1,0.7,107.3
127,40,1,3,1.4,0.3,0,0,0.2,1.4,0.3,1.4,225.6
0,41,1,2,0.7,0,0.1,0,0.1,0.7,0.1,0.7,92.5
1,41,1,1,0.4,0.1,0,0,0.1,0.4,0.1,0.4,58.8
3,41,1,23,10.3,2,0.2,0,2.2,10.3,1.7,8.5,1352.3
4,41,1,15,6.7,1.3,0.1,0,1.4,6.7,1.1,5.5,881.9
5,41,1,19,8.5,1.7,0.2,0,1.8,8.5,1.4,7,1117.1
6,41,1,4,1.4,0.2,0,0,0,1.4,0,1.4,172.6
11,41,1,14.5,5.9,1.4,0.3,0,0.8,5.9,0,5,737.8
12,41,1,7,2.8,0.7,0.1,0,0.4,2.8,0,2.4,356.2
30,41,1,2,0.8,0.1,0,0,0.1,0.8,0.1,0.7,91.8
31,41,1,14,5,0.8,0.4,0,0.8,5,0.4,3.8,600.5
32,41,1,12,4.3,0.7,0.3,0,0.7,4.3,0.3,3.3,514.7
45,41,1,1,0.5,0.2,0,0,0,0.5,0,0.4,48.6
55,41,1,2,1,0.4,0,0,0.1,1,0.2,0.8,133.7
74,41,1,3,1.4,0.6,0.1,0,0.1,1.4,0.1,1.4,170.8
75,41,1,2,0.9,0.4,0.1,0,0,0.9,0,0.9,113.9
86,41,1,2,0.8,0.1,0,0,0.1,0.8,0.1,0.8,97.1
87,41,1,8,3.4,0.5,0.1,0,0.2,3.4,0.3,3.2,388.3
2,42,1,2.5,1.1,0.2,0,0,0.2,1.1,0.2,0.9,147
3,42,1,10,4.5,0.9,0.1,0,1,4.5,0.7,3.7,588
4,42,1,7,3.1,0.6,0.1,0,0.7,3.1,0.5,2.6,411.6
5,42,0,40,15,4,2,2,3,13,5,9,1810
6,42,1,20,6.9,1.1,0,0,0,6.9,0,6.9,862.9
10,42,1,11,3.8,0.6,0,0,0,3.8,0,3.8,474.6
11,42,0,26,12,4,0,0,1,12,2,9,1256
12,42,1,19,7.7,1.8,0.4,0,1,7.7,0,6.5,966.7
30,42,1,3,1.1,0.1,0,0,0.1,1.1,0.2,1.1,137.8
31,42,1,3,1.1,0.2,0.1,0,0.2,1.1,0.1,0.8,128.7
32,42,1,4,1.4,0.2,0.1,0,0.2,1.4,0.1,1.1,171.6
44,42,1,3,1.4,0.5,0,0,0.1,1.4,0.1,1.1,145.7
45,42,1,5,2.3,0.8,0,0,0.1,2.3,0.2,1.8,242.8
46,42,1,1,0.5,0.2,0,0,0,0.5,0.1,0.4,66.9
72,42,1,1,0.5,0.2,0,0,0,0.5,0,0.5,56.9
73,42,1,12,5.6,2.6,0.4,0,0.2,5.6,0.2,5.6,683.4
74,42,1,15,7,3.2,0.5,0,0.3,7,0.3,7,854.2
76,42,1,5,2.4,0.5,0,0,0.1,2.4,0.2,2.1,287.2
86,42,1,11,4.6,0.6,0.2,0,0.3,4.6,0.5,4.5,533.9
87,42,1,10,4.2,0.6,0.1,0,0.3,4.2,0.4,4.1,485.4
3,43,1,2,0.9,0.2,0,0,0,0.9,0,0.7,103.3
4,43,1,13,5.9,1.6,0.3,0,0.3,5.9,0.3,4.6,671.4
5,43,1,4,1.8,0.5,0.1,0,0.1,1.8,0.1,1.4,206.6
10,43,1,21,6.5,0,0,0,1.1,6.5,0.5,5.9,773.2
11,43,0,54.5,20,3,1,0,2,20,3,18,2237
12,43,1,30,10.2,1,1.4,0,0.7,10.2,0.7,8.9,1445.1
13,43,1,20,6.8,0.7,0.9,0,0.5,6.8,0.5,5.9,963.4
15,43,1,4,1.4,0.1,0.2,0,0.1,1.4,0.1,1.2,192.7
31,43,1,13,4.6,0.7,0.2,0.7,0,3.9,0,4.4,531.5
36,43,1,4,1.4,0.2,0.1,0,0.1,1.4,0.1,1.2,174.8
37,43,1,21.5,7.7,1,0.7,0,0.7,7.7,0.7,6.3,939.7
38,43,1,5,1.8,0.2,0.2,0,0.2,1.8,0.2,1.5,218.5
43,43,1,1,0.4,0.1,0,0,0,0.4,0,0.4,53.3
51,43,1,7,3.5,1.3,0,0,0.3,3.5,0.6,2.9,468
53,43,1,3,1.5,0.5,0,0,0.1,1.5,0.3,1.2,200.6
57,43,1,5,2.7,1.3,0,0,0.2,2.7,0.2,2.5,336.7
74,43,1,4,1.9,0.9,0.1,0,0.1,1.9,0.1,1.9,227.8
76,43,1,7,3.3,0.8,0,0,0.2,3.3,0.3,2.9,402
77,43,1,11,5.3,1.2,0,0,0.2,5.3,0.5,4.5,631.8
91,43,1,2,0.9,0.4,0.1,0,0,0.9,0.1,0.7,100
113,43,1,2,1,0.3,0,0,0.2,1,0.3,0.7,114.8
3,44,1,9,4.1,1.1,0.2,0,0.2,4.1,0.2,3.2,464.8
4,44,1,8,3.6,1,0.2,0,0.2,3.6,0.2,2.8,413.2
10,44,1,18,5.5,0,0,0,0.9,5.5,0.5,5.1,662.8
11,44,0,34,11,1,1,0,1,11,0,11,1357
12,44,1,5,1.7,0.2,0.2,0,0.1,1.7,0.1,1.5,240.9
13,44,1,25,8.5,0.9,1.1,0,0.6,8.5,0.6,7.4,1204.3
30,44,1,8,3,0.2,0,0,0.2,3,0.4,2.8,367.4
31,44,1,32.5,11.5,1.7,0.6,1.7,0,9.8,0,10.9,1328.8
32,44,1,7,2.5,0.4,0.1,0.4,0,2.1,0,2.4,286.2
36,44,1,6,2.1,0.3,0.2,0,0.2,2.1,0.2,1.8,262.2
37,44,1,10,3.6,0.5,0.3,0,0.3,3.6,0.3,2.9,437.1
38,44,1,5,1.8,0.2,0.2,0,0.2,1.8,0.2,1.5,218.5
45,44,1,2,0.9,0.2,0.1,0,0.1,0.9,0,0.8,106.6
76,44,1,9,4.3,1,0,0,0.2,4.3,0.4,3.7,516.9
77,44,1,7,3.3,0.8,0,0,0.2,3.3,0.3,2.9,402
94,44,1,3,1.3,0.5,0.1,0,0,1.3,0.1,1,150
5,45,1,3.5,1.6,0.4,0.1,0,0.1,1.6,0.1,1.2,180.8
12,45,1,4,1.4,0.1,0.2,0,0.1,1.4,0.1,1.2,192.7
30,45,1,8,3,0.2,0,0,0.2,3,0.4,2.8,367.4
31,45,1,1,0.4,0.1,0,0.1,0,0.3,0,0.3,40.9
44,45,1,7,3.1,0.6,0.3,0,0.3,3.1,0,2.8,373
63,45,1,10,5.3,2.7,0,0,0.3,5.3,0.3,5,673.3
85,45,1,5,2.4,0.5,0,0,0.1,2.4,0.2,2.1,287.2
92,45,1,3,1.3,0.5,0.1,0,0,1.3,0.1,1,150
93,45,1,3,1.3,0.5,0.1,0,0,1.3,0.1,1,150
5,46,1,4,1.8,0.5,0.1,0,0.1,1.8,0.1,1.4,206.6
46,46,1,7,3.1,0.7,0.2,0,0.7,3.1,1,2.2,341.3
63,46,1,4,2.1,1.1,0,0,0.1,2.1,0.1,2,269.3
69,46,1,8,3.7,1.7,0.3,0,0.1,3.7,0.1,3.7,455.6
70,46,1,8,3.7,1.7,0.3,0,0.1,3.7,0.1,3.7,455.6
85,46,1,2,1,0.2,0,0,0,1,0.1,0.8,114.9
88,46,1,5,2.6,0.7,0.1,0,0.1,2.6,0.4,1.8,267.4
89,46,1,10,5.3,1.5,0.3,0,0.3,5.3,0.9,3.5,534.7
90,46,1,17,9,2.5,0.5,0,0.5,9,1.5,6,909
91,46,0,38,26,20,1,0,1,26,9,5,1663
92,46,1,24.5,10.5,4.3,0.6,0,0,10.5,0.6,8.1,1225
93,46,0,28.5,17,7,0,0,2,17,1,16,1742
94,46,1,4,1.7,0.7,0.1,0,0,1.7,0.1,1.3,200
3,47,1,2,0.9,0.2,0,0,0,0.9,0,0.7,103.3
5,47,1,3,1.4,0.4,0.1,0,0.1,1.4,0.1,1.1,154.9
27,47,1,2,0.8,0.1,0,0,0.1,0.8,0.1,0.7,91.8
28,47,1,14.5,5.5,0.4,0,0,0.4,5.5,0.7,5.1,665.9
35,47,1,3,1.1,0.2,0.1,0.2,0,0.9,0,1,122.7
36,47,1,2,0.7,0.1,0.1,0,0.1,0.7,0.1,0.6,87.4
37,47,1,5,1.8,0.2,0.2,0,0.2,1.8,0.2,1.5,218.5
38,47,1,3,1.1,0.1,0.1,0,0.1,1.1,0.1,0.9,131.1
42,47,1,2,0.9,0.2,0.1,0,0.1,0.9,0,0.8,106.6
43,47,1,5,2.2,0.4,0.2,0,0.2,2.2,0,2,266.4
45,47,1,8,3.5,0.6,0.3,0,0.3,3.5,0,3.2,426.2
46,47,1,22,9.9,2.3,0.8,0,2.3,9.9,3,6.8,1072.7
73,47,1,3,1.4,0.6,0.1,0,0.1,1.4,0.1,1.4,170.8
87,47,1,2,1.1,0.3,0.1,0,0.1,1.1,0.2,0.7,106.9
88,47,0,24.5,11,1,0,0,2,11,1,9,1216
89,47,0,24,13,5,0,5,1,8,0,5,1358
90,47,0,45,29,19,0,1,2,28,3,12,2534
91,47,0,43,33,26,1,0,0,33,8,6,1972
92,47,0,34.5,19,6,0,0,2,19,4,17,2034
93,47,0,41.5,19,4,0,0,3,19,3,15,2160
94,47,0,33,17,4,0,0,0,17,1,17,1671
99,47,1,4,1.6,0.2,0,0,0.1,1.6,0.3,1.4,214.6
123,47,1,1.5,0.7,0.2,0,0,0.1,0.7,0.1,0.7,122.9
124,47,1,2,1,0.2,0,0,0.1,1,0.2,0.9,163.9
3,48,1,11,4.1,1,0.4,0,0.4,4.1,0.1,3.4,480.5
14,48,1,3,1.1,0.3,0.1,0,0,1.1,0.1,1,143.3
24,48,1,7,3,1.1,0.1,0,0,3,0,2.7,351.8
25,48,1,11,4.7,1.7,0.2,0,0,4.7,0,4.2,552.8
26,48,1,19,5.9,0.7,0.9,0,0.7,5.9,0.4,5.2,763.3
27,48,1,19,5.9,0.7,0.9,0,0.7,5.9,0.4,5.2,763.3
28,48,1,14,4.3,0.5,0.6,0,0.5,4.3,0.3,3.9,562.4
35,48,1,1,0.5,0.2,0,0,0,0.5,0.1,0.4,63.3
36,48,1,4,1.6,0.2,0.1,0,0,1.6,0.1,1.5,197.2
37,48,1,19,7.4,1.1,0.4,0,0,7.4,0.4,7,936.6
38,48,1,12,4.7,0.7,0.2,0,0,4.7,0.2,4.4,591.6
45,48,1,5,1.9,0.3,0.1,0,0,1.9,0.1,1.9,246.5
52,48,1,7,2.9,0.5,0.1,0,0.1,2.9,0.3,2.9,337.4
53,48,1,6,2.5,0.4,0.1,0,0.1,2.5,0.3,2.5,289.2
71,48,1,1,0.6,0.2,0,0,0.1,0.6,0.1,0.6,67.7
72,48,1,1,0.6,0.2,0,0,0.1,0.6,0.1,0.6,67.7
73,48,1,2,1.1,0.4,0,0,0.1,1.1,0.1,1.1,135.3
89,48,1,9,4.9,2.5,0.1,0,0.1,4.9,1,3.4,566.9
90,48,0,53,24,9,2,0,4,24,5,14,2915
91,48,0,75,35,16,4,0,6,35,9,11,3025
92,48,1,9,4.3,1.3,0.1,0,0.3,4.3,0.7,3.6,461.3
93,48,0,30.5,19,8,0,0,3,19,3,7,1707
94,48,1,15,7.2,2.2,0.2,0,0.5,7.2,1.1,5.9,768.9
97,48,1,1,0.5,0.1,0,0,0.1,0.5,0.1,0.3,53
123,48,1,7,2.6,0.6,0.1,0,0.2,2.6,0.2,2.4,344.1
124,48,1,6,2.2,0.5,0.1,0,0.2,2.2,0.2,2.1,295
2,49,1,6,2.3,0.5,0.2,0,0.2,2.3,0.1,1.9,262.1
3,49,1,20,7.5,1.7,0.8,0,0.8,7.5,0.2,6.2,873.6
5,49,1,5,1.9,0.4,0.2,0,0.2,1.9,0,1.5,218.4
6,49,1,9,3.4,0.8,0.2,0,0.1,3.4,0.4,3.1,429.8
14,49,1,8,3.1,0.7,0.2,0,0.1,3.1,0.4,2.8,382
25,49,0,27.5,11,2,0,0,1,11,1,11,1442
26,49,0,22,12,5,0,0,1,12,2,7,1162
27,49,1,22,6.8,0.8,1,0,0.8,6.8,0.5,6.1,883.8
44,49,1,8,3.1,0.4,0.1,0,0,3.1,0.1,3,394.4
51,49,1,14,5.8,0.9,0.2,0,0.2,5.8,0.7,5.8,674.8
52,49,1,21,8.7,1.4,0.3,0,0.3,8.7,1,8.7,1012.2
53,49,1,7,2.9,0.5,0.1,0,0.1,2.9,0.3,2.9,337.4
57,49,1,1,0.4,0.1,0,0,0,0.4,0.1,0.4,49.4
66,49,1,4,1.5,0.1,0.1,0,0,1.5,0,1.3,177.5
67,49,1,8,2.9,0.3,0.3,0,0,2.9,0,2.7,354.9
71,49,1,1,0.6,0.2,0,0,0.1,0.6,0.1,0.6,67.7
72,49,1,1.5,0.9,0.3,0,0,0.1,0.9,0.1,0.9,101.5
78,49,1,4,1.7,0.3,0.1,0,0.2,1.7,0.4,1.6,189.3
79,49,1,11,4.6,0.8,0.2,0,0.5,4.6,1,4.3,520.6
80,49,1,9,3.8,0.7,0.1,0,0.4,3.8,0.8,3.5,425.9
89,49,1,8,4.4,2.2,0.1,0,0.1,4.4,0.8,3,503.9
90,49,0,35,16,4,1,0,0,16,1,14,1721
91,49,0,37,19,10,2,7,1,12,5,9,2221
92,49,0,89.5,49,25,2,11,6,38,14,21,5005
93,49,0,38,16,5,2,0,3,16,1,10,1478
94,49,1,2,1,0.3,0,0,0.1,1,0.1,0.8,102.5
99,49,1,2,1,0.3,0,0,0.1,1,0.3,0.5,106
123,49,1,13,4.7,1,0.2,0,0.4,4.7,0.4,4.5,639.1
0,50,1,2,0.7,0,0,0,0.1,0.7,0.1,0.5,91.3
1,50,1,6,2.3,0.5,0.2,0,0.2,2.3,0.1,1.9,262.1
2,50,1,11.5,4.3,1,0.4,0,0.4,4.3,0.1,3.6,502.3
3,50,1,10,3.8,0.9,0.4,0,0.4,3.8,0.1,3.1,436.8
5,50,1,6,2.3,0.5,0.2,0,0.2,2.3,0.1,1.9,262.1
6,50,1,8,3.1,0.7,0.2,0,0.1,3.1,0.4,2.8,382
7,50,1,4,1.5,0.4,0.1,0,0,1.5,0.2,1.4,191
25,50,1,11,4.7,1.7,0.2,0,0,4.7,0,4.2,552.8
26,50,1,13,4,0.4,0.6,0,0.4,4,0.3,3.6,522.2
47,50,1,4,1.5,0.4,0.3,0,0,1.5,0.4,1.4,190.2
48,50,1,4,1.5,0.4,0.3,0,0,1.5,0.4,1.4,190.2
53,50,1,5.5,2.3,0.4,0.1,0,0.1,2.3,0.3,2.3,265.1
56,50,1,16,6.6,1.9,0.6,0,0.1,6.6,1,6.2,790.3
57,50,1,21,8.7,2.5,0.7,0,0.2,8.7,1.3,8.1,1037.3
58,50,1,7,2.9,0.8,0.2,0,0.1,2.9,0.4,2.7,345.8
60,50,1,5,2.1,0.6,0.2,0,0,2.1,0.3,1.9,247
65,50,1,1,0.5,0.1,0,0,0.1,0.5,0.1,0.3,55.4
66,50,1,1,0.4,0,0,0,0,0.4,0,0.3,44.4
67,50,1,6,2.2,0.2,0.2,0,0,2.2,0,2,266.2
73,50,1,2,1.1,0.4,0,0,0.1,1.1,0.1,1.1,135.3
78,50,1,10,4.2,0.8,0.2,0,0.5,4.2,0.9,3.9,473.2
79,50,1,11.5,4.8,0.9,0.2,0,0.5,4.8,1,4.5,544.2
80,50,1,7,2.9,0.5,0.1,0,0.3,2.9,0.6,2.7,331.3
81,50,1,4,1.8,0.5,0,0,0.1,1.8,0.4,1.5,215.2
82,50,1,12.5,5.6,1.6,0,0,0.3,5.6,1.1,4.7,672.4
89,50,1,4,2.2,1.1,0.1,0,0.1,2.2,0.4,1.5,251.9
90,50,0,49,20,4,3,0,3,20,1,18,2665
91,50,0,23,12,4,0,1,3,11,6,3,1299
92,50,0,59.5,27,9,2,0,3,27,2,17,3043
93,50,1,22,10.5,3.2,0.2,0,0.7,10.5,1.6,8.7,1127.7
94,50,1,7,3.4,1,0.1,0,0.2,3.4,0.5,2.8,358.8
101,50,1,14.5,7.2,2,0,0,0.8,7.2,2,4,768.3
114,50,1,2,0.9,0.3,0,0,0,0.9,0.1,0.8,117.6
123,50,1,4,1.5,0.3,0.1,0,0.1,1.5,0.1,1.4,196.6
0,51,1,5,1.7,0,0,0,0.3,1.7,0.3,1.3,228.3
1,51,0,41,13,2,2,0,0,13,0,13,1753
2,51,0,35,15,3,0,0,0,15,0,14,1782
3,51,1,11.5,4.3,1,0.4,0,0.4,4.3,0.1,3.6,502.3
6,51,1,16,6.1,1.4,0.4,0,0.2,6.1,0.7,5.6,764
7,51,1,19,7.3,1.7,0.4,0,0.2,7.3,0.9,6.6,907.3
8,51,1,4,1.5,0.4,0.1,0,0,1.5,0.2,1.4,191
46,51,1,2,0.8,0.2,0.1,0,0,0.8,0.2,0.7,95.1
47,51,1,9,3.5,0.9,0.6,0,0,3.5,0.9,3.2,427.9
49,51,1,4,1.5,0.4,0.3,0,0,1.5,0.4,1.4,190.2
56,51,1,8,3.3,1,0.3,0,0.1,3.3,0.5,3.1,395.2
57,51,0,38,14,4,1,0,0,14,1,14,2048
58,51,1,17,7,2.1,0.6,0,0.1,7,1,6.6,839.7
59,51,1,1,0.4,0.1,0,0,0,0.4,0.1,0.4,49.4
65,51,1,4,1.9,0.5,0,0,0.5,1.9,0.5,1.4,221.6
75,51,1,4,2.3,0.8,0,0,0.3,2.3,0.3,2.3,270.6
77,51,1,4,1.7,0.3,0.1,0,0.2,1.7,0.4,1.6,189.3
78,51,1,3,1.3,0.2,0,0,0.1,1.3,0.3,1.2,142
82,51,1,5,2.3,0.6,0,0,0.1,2.3,0.5,1.9,269
83,51,1,27,12.2,3.5,0,0,0.7,12.2,2.4,10.1,1452.4
84,51,1,9,4.1,1.2,0,0,0.2,4.1,0.8,3.4,484.1
87,51,1,8,4.4,2.2,0.1,0,0.1,4.4,0.8,3,503.9
88,51,0,22,11,5,0,0,1,11,2,8,1083
89,51,1,10,5.5,2.7,0.2,0,0.2,5.5,1.1,3.8,629.8
90,51,1,2,1.1,0.5,0,0,0,1.1,0.2,0.8,126
92,51,1,4,1.9,0.6,0,0,0.1,1.9,0.3,1.6,205
93,51,1,17,8.1,2.5,0.2,0,0.5,8.1,1.2,6.7,871.4
94,51,0,26.5,13,2,0,0,4,13,2,12,1417
103,51,1,2,1,0.3,0,0,0.1,1,0.3,0.5,106
104,51,1,2,1,0.3,0,0,0.1,1,0.3,0.5,106
114,51,1,13,5.9,1.7,0.2,0,0,5.9,0.6,5.4,764.6
115,51,1,13,5.9,1.7,0.2,0,0,5.9,0.6,5.4,764.6
116,51,1,15,5.5,1.2,0.2,0,0.5,5.5,0.5,5.2,737.4
1,52,1,4,1.5,0.3,0.2,0,0.2,1.5,0,1.2,174.7
2,52,1,7.5,2.8,0.7,0.3,0,0.3,2.8,0.1,2.3,327.6
3,52,1,5,1.9,0.4,0.2,0,0.2,1.9,0,1.5,218.4
6,52,1,7,2.7,0.6,0.2,0,0.1,2.7,0.3,2.4,334.3
7,52,0,50,19,3,1,0,0,19,1,16,2454
8,52,1,8,3.1,0.7,0.2,0,0.1,3.1,0.4,2.8,382
15,52,1,3,1.1,0.3,0.1,0,0,1.1,0.1,1,143.3
16,52,1,1,0.4,0.2,0,0,0,0.4,0,0.4,50.2
18,52,1,3,1.3,0.5,0.1,0,0,1.3,0,1.2,150.8
21,52,1,6,2.5,0.9,0.1,0,0,2.5,0,2.3,301.5
22,52,1,5,2.1,0.8,0.1,0,0,2.1,0,1.9,251.2
49,52,1,5,1.9,0.5,0.3,0,0,1.9,0.5,1.8,237.7
58,52,1,18,7.4,2.2,0.6,0,0.2,7.4,1.1,7,889.1
59,52,1,22,9.1,2.7,0.8,0,0.2,9.1,1.3,8.5,1086.7
66,52,1,6,2.2,0.2,0.2,0,0,2.2,0,2,266.2
75,52,1,19,10.9,3.6,0,0,1.2,10.9,1.2,10.9,1285.4
77,52,1,4,1.7,0.3,0.1,0,0.2,1.7,0.4,1.6,189.3
78,52,1,3,1.3,0.2,0,0,0.1,1.3,0.3,1.2,142
81,52,1,2,0.9,0.3,0,0,0.1,0.9,0.2,0.7,107.6
82,52,1,9,4.1,1.2,0,0,0.2,4.1,0.8,3.4,484.1
83,52,1,9,4.1,1.2,0,0,0.2,4.1,0.8,3.4,484.1
86,52,1,6,3.3,1.6,0.1,0,0.1,3.3,0.6,2.3,377.9
87,52,1,10,5.5,2.7,0.2,0,0.2,5.5,1.1,3.8,629.8
88,52,1,4,2.2,1.1,0.1,0,0.1,2.2,0.4,1.5,251.9
92,52,1,6,2.9,0.9,0.1,0,0.2,2.9,0.4,2.4,307.6
93,52,1,2,1,0.3,0,0,0.1,1,0.1,0.8,102.5
94,52,1,12,5.8,1.8,0.1,0,0.4,5.8,0.9,4.8,615.1
104,52,1,3,1.5,0.4,0,0,0.2,1.5,0.4,0.8,159
107,52,1,9,5.8,3.2,0,0,0,5.8,0.4,2.9,713.9
111,52,1,4,1.8,0.5,0.1,0,0,1.8,0.2,1.7,235.3
112,52,1,3,1.4,0.4,0,0,0,1.4,0.1,1.2,176.4
113,52,1,7,3.2,0.9,0.1,0,0,3.2,0.3,2.9,411.7
114,52,1,19,8.7,2.4,0.3,0,0,8.7,0.8,7.9,1117.5
115,52,1,9,4.1,1.2,0.1,0,0,4.1,0.4,3.7,529.3
116,52,1,10,3.7,0.8,0.2,0,0.3,3.7,0.3,3.5,491.6
3,53,1,13,4.5,0,0,0,0.8,4.5,0.8,3.4,593.5
4,53,1,11.5,4,0,0,0,0.7,4,0.7,3,525
6,53,1,2,0.8,0.2,0.1,0,0.1,0.8,0,0.7,93.6
7,53,1,33,13.5,2.5,0.8,0,0.8,13.5,0,11.8,1545.1
8,53,1,4,1.6,0.3,0.1,0,0.1,1.6,0,1.4,187.3
19,53,1,8,3.7,1.1,0,0,0.2,3.7,0.2,3.6,467.3
20,53,1,6,2.8,0.8,0,0,0.1,2.8,0.1,2.7,350.5
21,53,1,3,1.3,0.5,0.1,0,0,1.3,0,1.2,150.8
32,53,1,7,3.4,1.3,0,0,0,3.4,0.8,3.1,443
45,53,1,2,0.8,0.1,0,0,0,0.8,0.1,0.8,117.6
47,53,1,1,0.4,0.1,0.1,0,0,0.4,0.1,0.4,47.5
62,53,1,1,0.4,0.1,0,0,0,0.4,0.1,0.4,52.7
65,53,1,12,5.2,1.6,0,0,0.6,5.2,0.9,4.5,632.2
66,53,1,8,3.1,1,0.2,0,0,3.1,0.4,3.1,333.1
68,53,1,8,3.1,1,0.2,0,0,3.1,0.4,3.1,333.1
82,53,1,5,2.6,0.9,0,0,0,2.6,0.4,2.1,295.5
83,53,1,13,6.6,2.4,0,0,0,6.6,1.1,5.6,768.3
85,53,1,5,2.6,0.9,0,0,0,2.6,0.4,2.1,295.5
86,53,1,4,2.2,1.1,0.1,0,0.1,2.2,0.4,1.5,251.9
4,54,0,54,19,2,1,0,0,19,0,19,2360
5,54,1,3,1,0,0,0,0.2,1,0.2,0.8,137
15,54,1,2,1.1,0.5,0,0.2,0.1,0.9,0,0.8,135.2
18,54,1,5,2.3,0.7,0,0,0.1,2.3,0.1,2.3,292.1
19,54,1,12,5.5,1.7,0,0,0.3,5.5,0.3,5.4,701
20,54,0,48,18,1,1,0,2,18,2,12,1952
21,54,1,5,2.1,0.8,0.1,0,0,2.1,0,1.9,251.2
38,54,1,6,2.3,0.3,0.1,0,0,2.3,0.1,2.2,295.8
42,54,1,1,0.4,0.1,0,0,0,0.4,0.1,0.4,58.8
52,54,1,1,0.6,0.2,0,0,0,0.6,0.2,0.5,71.2
53,54,1,2,1.1,0.5,0,0,0,1.1,0.4,1,142.5
60,54,1,9,4.3,1.2,0,0,1.2,4.3,1.2,3.1,498.5
61,54,1,14,6,1.8,0,0,0.7,6,1,5.2,737.6
67,54,1,1,0.4,0.1,0,0,0,0.4,0.1,0.4,41.6
81,54,1,9,4.6,1.7,0,0,0,4.6,0.7,3.9,531.9
100,54,1,2,1,0.3,0,0,0.1,1,0.3,0.5,106
101,54,1,9,5.7,3.3,0,0,0,5.7,1.4,5.2,700.6
102,54,1,2,1.3,0.7,0,0,0,1.3,0.3,1.2,155.7
115,54,1,2,1.3,0.7,0,0,0,1.3,0.1,0.6,158.6
11,55,1,3,1.6,0.7,0,0.3,0.1,1.3,0,1.2,202.8
13,55,1,4,2.2,0.9,0,0.5,0.2,1.7,0,1.5,270.5
14,55,0,48.5,17,2,1,0,3,17,1,10,1775
15,55,0,57,18,1,1,0,1,18,0,13,1888
16,55,1,3,1.4,0.4,0,0,0.1,1.4,0.1,1.4,175.2
17,55,1,9,4.2,1.2,0,0,0.2,4.2,0.2,4.1,525.7
20,55,1,8,3.7,1.1,0,0,0.2,3.7,0.2,3.6,467.3
26,55,1,1,0.5,0.2,0,0,0,0.5,0.1,0.4,63.3
31,55,1,2,1,0.4,0,0,0,1,0.2,0.9,126.6
32,55,1,11,5.3,2,0,0,0,5.3,1.3,4.8,696.1
53,55,1,3,1.6,0.8,0,0,0,1.6,0.6,1.5,213.8
60,55,1,2,1,0.3,0,0,0.3,1,0.3,0.7,110.8
61,55,1,11,4.7,1.4,0,0,0.5,4.7,0.8,4.1,579.5
62,55,1,10,4.3,1.3,0,0,0.5,4.3,0.7,3.7,526.8
67,55,1,1,0.4,0.1,0,0,0,0.4,0.1,0.4,41.6
77,55,1,5,2.6,0.9,0,0,0,2.6,0.4,2.1,295.5
81,55,1,4,2,0.7,0,0,0,2,0.3,1.7,236.4
101,55,1,1,0.6,0.4,0,0,0,0.6,0.2,0.6,77.8
102,55,1,2,1.3,0.7,0,0,0,1.3,0.3,1.2,155.7
109,55,1,2,1.3,0.7,0,0,0,1.3,0.1,0.6,158.6
110,55,1,12,7.7,4.3,0,0,0,7.7,0.5,3.8,951.8
120,55,1,4,1.5,0.3,0.1,0,0.1,1.5,0.1,1.4,196.6
121,55,1,4,1.5,0.3,0.1,0,0.1,1.5,0.1,1.4,196.6
127,55,1,9,4,1.3,0.4,0,0.2,4,0.6,3.4,517
10,56,0,29,13,5,1,2,0,11,0,0,1093
11,56,0,82.5,58,40,0,0,9,58,7,5,3941
12,56,0,111.5,40,3,6,0,14,40,14,9,3498
13,56,1,3,1.6,0.7,0,0.3,0.1,1.3,0,1.2,202.8
14,56,0,104.5,47,15,0,0,8,47,6,17,4445
15,56,0,62.5,27,9,2,0,6,27,4,12,2576
16,56,1,7,3.2,1,0,0,0.2,3.2,0.2,3.2,408.9
17,56,0,28,14,4,0,0,1,14,1,14,1713
18,56,1,2.5,1.2,0.3,0,0,0.1,1.2,0.1,1.1,146
20,56,1,10,4.6,1.4,0,0,0.2,4.6,0.2,4.5,584.2
42,56,1,11,4.6,0.8,0.3,0,0.3,4.6,0.8,4.3,646.6
43,56,1,4,1.7,0.3,0.1,0,0.1,1.7,0.3,1.6,235.1
50,56,1,2,0.8,0.2,0.1,0,0,0.8,0.2,0.7,95.1
51,56,1,9,5,2.2,0,0,0,5,1.8,4.5,641.2
52,56,1,3,1.6,0.8,0,0,0,1.6,0.6,1.5,213.8
58,56,1,7,3.3,0.9,0,0,0.9,3.3,0.9,2.4,387.7
61,56,1,24.5,10.6,3.2,0,0,1.2,10.6,1.8,9.1,1290.7
62,56,1,11,4.7,1.4,0,0,0.5,4.7,0.8,4.1,579.5
68,56,1,4,1.5,0.5,0.1,0,0,1.5,0.2,1.5,166.6
69,56,1,1,0.4,0.1,0,0,0,0.4,0.1,0.4,41.6
70,56,1,2,0.8,0.3,0.1,0,0,0.8,0.1,0.8,83.3
77,56,1,2,1,0.4,0,0,0,1,0.2,0.9,118.2
100,56,1,4,2,0.5,0,0,0.2,2,0.5,1.1,211.9
10,57,0,98.5,47,16,4,0,7,47,5,18,4022
11,57,0,79.5,36,11,2,0,6,36,6,13,2804
12,57,1,3,1.6,0.7,0,0.3,0.1,1.3,0,1.2,202.8
13,57,1,8,4.3,1.8,0,0.9,0.3,3.4,0,3.1,540.9
14,57,1,3,1.6,0.7,0,0.3,0.1,1.3,0,1.2,202.8
15,57,0,100,45,15,2,0,8,45,8,4,3440
16,57,0,27,15,7,1,0,3,15,3,5,1323
17,57,1,16,7.4,2.2,0,0,0.4,7.4,0.4,7.2,934.7
26,57,1,8,3.8,1.4,0,0,0,3.8,1,3.5,506.2
28,57,1,2,1,0.4,0,0,0,1,0.2,0.9,126.6
29,57,1,2,1,0.4,0,0,0,1,0.2,0.9,126.6
30,57,1,3,1.4,0.5,0,0,0,1.4,0.4,1.3,189.8
31,57,1,5,2.4,0.9,0,0,0,2.4,0.6,2.2,316.4
32,57,1,8,3.8,1.4,0,0,0,3.8,1,3.5,506.2
42,57,1,19,7.9,1.4,0.5,0,0.5,7.9,1.4,7.4,1116.8
43,57,1,2,0.8,0.1,0,0,0,0.8,0.1,0.8,117.6
45,57,1,2,0.8,0.1,0,0,0,0.8,0.1,0.8,117.6
52,57,1,2,1.1,0.5,0,0,0,1.1,0.4,1,142.5
70,57,1,14,5.4,1.8,0.4,0,0,5.4,0.7,5.4,583
71,57,1,5,1.8,0.2,0.2,0,0,1.8,0,1.7,221.8
79,57,1,6,3.1,1.1,0,0,0,3.1,0.5,2.6,354.6
88,57,1,1,0.5,0.3,0,0,0,0.5,0.1,0.4,63
98,57,1,1,0.5,0.1,0,0,0.1,0.5,0.1,0.3,53
100,57,1,5,2.5,0.7,0,0,0.3,2.5,0.7,1.4,264.9
101,57,1,5,3.2,1.8,0,0,0,3.2,0.8,2.9,389.2
10,58,1,5,2.2,0.4,0,0,0.3,2.2,0.2,1.5,229.3
11,58,1,7,3.2,1.3,0.3,0.1,0.3,3.1,0.4,2.6,341
12,58,0,40,18,5,2,0,0,18,0,17,1759
13,58,0,70.5,35,13,0,0,5,35,3,27,3236
14,58,0,91.5,51,29,2,16,5,35,8,20,4539
15,58,1,16,7.3,2.9,0.7,0.3,0.7,7,0.8,5.9,779.4
16,58,0,45.5,26,14,0,2,2,24,2,19,2391
17,58,1,12,5,1.7,0.8,0,0.2,5,0.6,5,585.3
19,58,1,1,0.4,0.1,0.1,0,0,0.4,0.1,0.4,48.8
26,58,1,4,1.5,0.4,0.1,0,0.2,1.5,0.4,1,192.5
30,58,1,6,2.3,0.6,0.2,0,0.3,2.3,0.6,1.5,288.8
31,58,1,21,8.3,1.7,1.1,0,0,8.3,0,6.1,994.2
32,58,1,4,1.6,0.3,0.2,0,0,1.6,0,1.2,189.4
45,58,1,2,0.9,0.2,0,0,0,0.9,0.1,0.9,142.8
46,58,1,2,0.9,0.3,0.1,0,0.2,0.9,0.1,0.7,112.4
52,58,1,2,0.9,0.3,0.1,0,0.2,0.9,0.1,0.7,112.4
63,58,1,1,0.4,0.1,0,0,0,0.4,0,0.3,49
70,58,0,20,11,4,0,0,2,11,0,9,1161
71,58,1,2,0.8,0.1,0,0,0,0.8,0.1,0.6,102.8
72,58,1,10,4.1,0.6,0.2,0,0.2,4.1,0.4,3.1,514.1
78,58,1,5,2.3,0.9,0.3,0,0.3,2.3,0.8,1.4,178.8
79,58,1,14,6.4,2.5,0.8,0,0.8,6.4,2.1,3.8,500.6
80,58,1,3,1.4,0.5,0.2,0,0.2,1.4,0.5,0.8,107.3
84,58,1,4,2,0.4,0,0,0.1,2,0.3,1.9,233.9
87,58,1,3,1.6,0.8,0,0,0,1.6,0.2,1.5,182.7
88,58,1,5,2.6,1.2,0,0,0,2.6,0.4,2.5,304.5
89,58,1,5,2.6,1.2,0,0,0,2.6,0.4,2.5,304.5
92,58,1,19,6.9,1.3,0.9,0,0.4,6.9,3,6,762.2
98,58,1,3,1.1,0.1,0.2,0,0,1.1,0.1,1.1,158.4
99,58,1,13,5,0.4,0.8,0,0,5,0.4,4.6,686.3
101,58,1,2,0.8,0.1,0.1,0,0,0.8,0.1,0.7,105.6
115,58,1,1,0.5,0.2,0,0,0,0.5,0,0.5,68.2
8,59,1,5,2.2,0.4,0,0,0.3,2.2,0.2,1.5,229.3
9,59,0,52,27,11,0,0,3,27,2,9,1879
10,59,1,11,4.7,0.8,0.1,0,0.6,4.7,0.3,3.2,504.5
11,59,1,9,4.1,1.7,0.4,0.2,0.4,3.9,0.5,3.3,438.4
12,59,0,29,14,5,1,0,0,14,1,12,1494
13,59,0,50,27,12,1,4,3,23,1,12,2943
14,59,0,175.5,93,51,4,38,13,55,25,29,7694
15,59,0,17,11,5,0,0,2,11,2,8,1310
16,59,1,5,2.1,0.7,0.3,0,0.1,2.1,0.3,2.1,243.9
19,59,1,3,1.2,0.4,0.2,0,0.1,1.2,0.2,1.2,146.3
25,59,1,11,4.3,1,0.4,0,0.4,4.3,0.4,3.7,500.2
29,59,1,2,0.8,0.2,0.1,0,0.1,0.8,0.2,0.5,96.3
46,59,1,5,2.1,0.7,0.2,0,0.5,2.1,0.4,1.8,281.1
47,59,1,1,0.4,0.1,0,0,0.1,0.4,0.1,0.4,56.2
53,59,1,3,1.3,0.4,0.1,0,0.3,1.3,0.2,1.1,168.6
70,59,1,12,4.2,1,0.6,0,0.3,4.2,0.3,3.9,531.2
71,59,1,28,11.4,1.6,0.5,0,0.5,11.4,1,8.8,1439.4
72,59,1,2,0.8,0.1,0,0,0,0.8,0.1,0.6,102.8
77,59,1,2,0.9,0.4,0.1,0,0.1,0.9,0.3,0.5,71.5
78,59,1,8,3.6,1.5,0.5,0,0.5,3.6,1.2,2.2,286.1
84,59,1,3,1.5,0.3,0,0,0.1,1.5,0.2,1.4,175.4
85,59,1,4,2,0.4,0,0,0.1,2,0.3,1.9,233.9
86,59,1,4,2.1,1,0,0,0,2.1,0.3,2,243.6
89,59,1,5,2.6,1.2,0,0,0,2.6,0.4,2.5,304.5
99,59,1,2,0.8,0.1,0.1,0,0,0.8,0.1,0.7,105.6
1,60,1,23,8.6,1.4,0.3,0,0.3,8.6,0.7,8.2,1006.5
2,60,0,28,11,2,0,0,1,11,2,8,1303
6,60,1,9,3.9,0.7,0.1,0,0.5,3.9,0.3,2.6,412.8
7,60,1,13,5.6,1,0.1,0,0.7,5.6,0.4,3.8,596.2
8,60,1,15,6.5,1.1,0.1,0,0.8,6.5,0.5,4.4,688
9,60,0,40,20,9,2,0,2,20,0,14,1869
10,60,0,36,15,3,0,0,0,15,0,14,1820
11,60,1,2,0.9,0.4,0.1,0,0.1,0.9,0.1,0.7,97.4
12,60,0,25.5,12,4,0,1,1,11,0,4,1252
13,60,1,4.5,2.1,0.8,0.2,0.1,0.2,2,0.2,1.7,219.2
14,60,1,15.5,7.1,2.8,0.6,0.3,0.6,6.8,0.8,5.7,755.1
15,60,1,20,9.2,3.7,0.8,0.4,0.8,8.8,1,7.3,974.3
24,60,1,18,7.1,1.6,0.6,0,0.6,7.1,0.6,6.1,818.5
28,60,1,3,1.2,0.3,0.1,0,0.2,1.2,0.3,0.8,144.4
29,60,1,4,1.5,0.4,0.1,0,0.2,1.5,0.4,1,192.5
40,60,1,11,5.1,0.8,0,0,0,5.1,0.4,5.1,785.7
47,60,1,5,2.1,0.7,0.2,0,0.5,2.1,0.4,1.8,281.1
70,60,1,6,2.1,0.5,0.3,0,0.2,2.1,0.2,1.9,265.6
71,60,1,12,4.9,0.7,0.2,0,0.2,4.9,0.4,3.8,616.9
77,60,1,1,0.5,0.2,0.1,0,0.1,0.5,0.2,0.3,35.8
99,60,1,5,1.9,0.1,0.3,0,0,1.9,0.1,1.8,264
1,61,1,19,7.1,1.1,0.3,0,0.3,7.1,0.6,6.8,831.5
2,61,1,2,0.7,0.1,0,0,0,0.7,0.1,0.7,87.5
7,61,1,20.5,8.8,1.5,0.2,0,1.1,8.8,0.6,6,940.2
9,61,1,17,7.3,1.3,0.1,0,0.9,7.3,0.5,5,779.7
10,61,0,36,20,9,0,0,1,20,0,19,2047
11,61,0,30,13,4,1,0,1,13,0,12,1423
12,61,1,8,3.7,1.5,0.3,0.2,0.3,3.5,0.4,2.9,389.7
15,61,1,10,4.6,1.8,0.4,0.2,0.4,4.4,0.5,3.7,487.1
16,61,1,8,3.3,1.1,0.6,0,0.1,3.3,0.4,3.3,390.2
23,61,1,12,4.7,1.1,0.4,0,0.4,4.7,0.4,4,545.7
24,61,1,15,5.9,1.3,0.5,0,0.5,5.9,0.5,5.1,682.1
28,61,1,17,6.5,1.7,0.4,0,0.9,6.5,1.7,4.4,818.2
29,61,1,3,1.2,0.3,0.1,0,0.2,1.2,0.3,0.8,144.4
47,61,1,10,4.3,1.4,0.4,0,1.1,4.3,0.7,3.6,562.1
90,61,1,2,1,0.5,0,0,0,1,0.2,1,121.8
100,61,1,5,1.9,0.1,0.3,0,0,1.9,0.1,1.8,264
114,61,1,5,2.6,1,0.1,0,0,2.6,0.2,2.4,340.8
4,62,1,18,6.7,1.1,0.3,0,0.3,6.7,0.5,6.4,787.7
5,62,1,5,1.9,0.3,0.1,0,0.1,1.9,0.1,1.8,218.8
7,62,1,8,3.4,0.6,0.1,0,0.4,3.4,0.2,2.4,366.9
8,62,1,7,3,0.5,0.1,0,0.4,3,0.2,2.1,321
9,62,1,2,0.9,0.2,0,0,0.1,0.9,0.1,0.6,91.7
10,62,1,20,8.6,1.5,0.2,0,1.1,8.6,0.6,5.9,917.3
11,62,1,4,1.8,0.7,0.2,0.1,0.2,1.7,0.2,1.5,194.9
15,62,1,2,0.9,0.4,0.1,0,0.1,0.9,0.1,0.7,97.4
16,62,1,21,8.7,2.9,1.4,0,0.4,8.7,1.1,8.7,1024.3
17,62,1,8,3.3,1.1,0.6,0,0.1,3.3,0.4,3.3,390.2
22,62,1,9,3.5,0.8,0.3,0,0.3,3.5,0.3,3,409.2
23,62,1,17,6.7,1.5,0.6,0,0.6,6.7,0.6,5.7,773
24,62,1,7,2.8,0.6,0.2,0,0.2,2.8,0.2,2.4,318.3
41,62,1,2,0.9,0.2,0,0,0,0.9,0.1,0.9,142.8
45,62,1,2,0.9,0.2,0,0,0,0.9,0.1,0.9,142.8
85,62,1,3,1.5,0.3,0,0,0.1,1.5,0.2,1.4,175.4
86,62,1,6,3.1,1.5,0,0,0,3.1,0.4,3,365.4
87,62,1,2,1,0.5,0,0,0,1,0.2,1,121.8
88,62,1,2,1,0.5,0,0,0,1,0.2,1,121.8
89,62,1,4,2.1,1,0,0,0,2.1,0.3,2,243.6
90,62,1,2,1,0.5,0,0,0,1,0.2,1,121.8
114,62,1,1,0.5,0.2,0,0,0,0.5,0,0.5,68.2
115,62,1,2,1,0.4,0,0,0,1,0.1,1,136.3
4,63,1,10,4.6,1,0,0,0.8,4.6,0.8,3.8,482.3
5,63,1,21,9.6,2.2,0,0,1.8,9.6,1.8,7.9,1012.8
8,63,1,3,1.2,0.3,0.2,0,0,1.2,0.1,1.1,156.4
9,63,1,4,1.6,0.4,0.2,0,0,1.6,0.2,1.5,208.6
10,63,1,4,1.6,0.4,0.2,0,0,1.6,0.2,1.5,208.6
14,63,1,20,7.8,2,1.2,0,0,7.8,0.8,7.3,1042.9
15,63,0,35,14,3,0,0,1,14,1,10,1534
16,63,1,1,0.3,0.1,0,0,0,0.3,0,0.3,51.4
17,63,1,1,0.3,0.1,0,0,0,0.3,0,0.3,51.4
24,63,1,2,0.7,0.2,0.1,0,0,0.7,0,0.6,102.8
52,63,1,2,0.8,0.1,0.1,0,0.1,0.8,0.1,0.6,105.8
85,63,1,2,1,0.2,0,0,0.1,1,0.1,0.9,116.9
86,63,1,4,1.5,0.3,0.2,0,0.1,1.5,0.6,1.3,160.5
87,63,1,7,2.5,0.5,0.3,0,0.2,2.5,1.1,2.2,280.8
88,63,1,3,1.1,0.2,0.1,0,0.1,1.1,0.5,1,120.3
109,63,1,2,1,0.4,0,0,0,1,0.1,1,136.3
110,63,1,2,1,0.4,0,0,0,1,0.1,1,136.3
126,63,1,3,1.3,0.4,0,0,0,1.3,0.2,1.3,144.8
127,63,1,3,1.3,0.4,0,0,0,1.3,0.2,1.3,144.8
4,64,1,2,0.9,0.2,0,0,0.2,0.9,0.2,0.8,96.5
14,64,1,4,1.6,0.4,0.2,0,0,1.6,0.2,1.5,208.6
15,64,1,7,2.7,0.7,0.4,0,0,2.7,0.3,2.6,365
17,64,1,15,5,1.2,0.6,0,0,5,0,4.4,771.2
18,64,1,9,3,0.7,0.4,0,0,3,0,2.6,462.7
28,64,1,1,0.4,0.1,0.1,0,0,0.4,0,0.3,49.8
29,64,1,4,1.6,0.5,0.3,0,0.1,1.6,0.2,1.3,199.3
35,64,1,10,3.9,0.8,0.5,0,0,3.9,0,2.9,473.4
36,64,1,2,0.9,0.2,0,0,0,0.9,0.1,0.9,142.8
40,64,1,2,0.9,0.2,0,0,0,0.9,0.1,0.9,142.8
53,64,1,15,6.3,1,0.5,0,0.8,6.3,0.8,4.5,793.4
55,64,1,3,1.3,0.2,0.1,0,0.2,1.3,0.2,0.9,158.7
60,64,1,4,1.5,0.3,0.1,0,0.1,1.5,0.2,1.2,196
61,64,1,1,0.4,0.1,0,0,0,0.4,0,0.3,49
62,64,1,14,5.2,1.2,0.3,0,0.4,5.2,0.6,4.3,686.1
87,64,1,4,1.5,0.3,0.2,0,0.1,1.5,0.6,1.3,160.5
107,64,1,2,1,0.4,0,0,0,1,0.1,1,136.3
108,64,1,6,3.1,1.2,0.1,0,0,3.1,0.2,2.9,409
109,64,1,14,7.3,2.8,0.3,0,0,7.3,0.6,6.7,954.2
110,64,1,6,3.1,1.2,0.1,0,0,3.1,0.2,2.9,409
119,64,1,2,1,0.3,0,0,0.1,1,0.4,0.8,108.4
28,65,1,3,1.2,0.3,0.2,0,0.1,1.2,0.1,1,149.5
35,65,1,3,1.2,0.2,0.2,0,0,1.2,0,0.9,142
36,65,1,4,1.8,0.3,0,0,0,1.8,0.2,1.8,285.7
52,65,1,15.5,6.5,1,0.5,0,0.8,6.5,0.8,4.7,819.8
54,65,1,10,4.2,0.7,0.3,0,0.5,4.2,0.5,3,528.9
55,65,1,4,1.7,0.3,0.1,0,0.2,1.7,0.2,1.2,211.6
61,65,1,16,5.9,1.4,0.3,0,0.4,5.9,0.7,4.9,784.1
62,65,1,31,11.5,2.7,0.6,0,0.8,11.5,1.4,9.4,1519.2
63,65,1,11,4.1,0.9,0.2,0,0.3,4.1,0.5,3.4,539.1
78,65,1,3,1.4,0.6,0,0,0.1,1.4,0.2,1.2,134.4
80,65,1,4,1.8,0.8,0,0,0.2,1.8,0.3,1.5,179.2
87,65,1,7,2.5,0.5,0.3,0,0.2,2.5,1.1,2.2,280.8
108,65,1,2,1,0.4,0,0,0,1,0.1,1,136.3
109,65,1,6,3.1,1.2,0.1,0,0,3.1,0.2,2.9,409
117,65,1,2,1,0.3,0,0,0.1,1,0.4,0.8,108.4
118,65,1,20,9.8,2.9,0,0.4,1.1,9.4,4,8,1084
119,65,1,4,2,0.6,0,0.1,0.2,1.9,0.8,1.6,216.8
8,66,1,7,2.7,0.7,0.4,0,0,2.7,0.3,2.6,365
21,66,1,4,1.3,0.3,0.2,0,0,1.3,0,1.2,205.6
25,66,1,3,1,0.2,0.1,0,0,1,0,0.9,154.2
26,66,1,15,6,1.7,1,0,0.5,6,0.7,4.8,747.3
27,66,1,4,1.6,0.5,0.3,0,0.1,1.6,0.2,1.3,199.3
54,66,1,3,1.3,0.2,0.1,0,0.2,1.3,0.2,0.9,158.7
55,66,1,7,2.9,0.5,0.2,0,0.4,2.9,0.4,2.1,370.2
60,66,1,4,1.5,0.3,0.1,0,0.1,1.5,0.2,1.2,196
61,66,1,9,3.3,0.8,0.2,0,0.2,3.3,0.4,2.7,441.1
62,66,1,19,7,1.6,0.4,0,0.5,7,0.9,5.8,931.1
63,66,1,25,9.3,2.2,0.5,0,0.7,9.3,1.2,7.6,1225.2
64,66,1,2,0.7,0.2,0,0,0.1,0.7,0.1,0.6,98
79,66,1,3,1.4,0.6,0,0,0.1,1.4,0.2,1.2,134.4
80,66,1,8,3.7,1.5,0,0,0.3,3.7,0.6,3.1,358.5
108,66,1,1,0.5,0.2,0,0,0,0.5,0,0.5,68.2
116,66,1,5,2.5,0.7,0,0.1,0.3,2.4,1,2,271
117,66,1,17,8.3,2.5,0,0.3,0.9,8,3.4,6.8,921.4
118,66,0,20,11,6,0,0,0,11,2,9,1328
17,67,1,2,0.7,0.2,0.1,0,0,0.7,0,0.6,102.8
21,67,1,10,3.3,0.8,0.4,0,0,3.3,0,2.9,514.1
25,67,1,4,1.3,0.3,0.2,0,0,1.3,0,1.2,205.6
26,67,1,24,9.7,2.7,1.5,0,0.8,9.7,1.2,7.7,1195.7
27,67,1,11,4.4,1.2,0.7,0,0.4,4.4,0.5,3.5,548
41,67,1,1,0.5,0.1,0,0,0,0.5,0,0.5,71.4
57,67,1,1,0.4,0.1,0,0,0,0.4,0,0.3,49
62,67,1,8,3,0.7,0.2,0,0.2,3,0.4,2.4,392.1
63,67,1,1,0.4,0.1,0,0,0,0.4,0,0.3,49
64,67,1,4,1.5,0.3,0.1,0,0.1,1.5,0.2,1.2,196
66,67,1,13,4.6,1.1,0.7,0,0.4,4.6,0.4,4.2,575.5
69,67,1,6,2.1,0.5,0.3,0,0.2,2.1,0.2,1.9,265.6
76,67,1,8,3.7,1.5,0,0,0.3,3.7,0.6,3.1,358.5
82,67,1,4,2,0.4,0,0,0.1,2,0.3,1.9,233.9
83,67,1,8,4,0.9,0,0,0.3,4,0.6,3.7,467.7
98,67,1,2,0.8,0.1,0.1,0,0,0.8,0.1,0.7,105.6
100,67,1,2,0.8,0.1,0.1,0,0,0.8,0.1,0.7,105.6
117,67,1,2,1,0.3,0,0,0.1,1,0.4,0.8,108.4
118,67,1,3,1.5,0.4,0,0.1,0.2,1.4,0.6,1.2,162.6
17,68,1,4,1.6,0.2,0,0,0.1,1.6,0.2,1.5,213.9
19,68,1,16,6.3,0.6,0,0,0.3,6.3,0.9,6,855.5
20,68,0,30,11,2,2,0,2,11,1,9,1289
21,68,0,36,15,4,1,0,2,15,0,11,1437
26,68,1,2,1,0.4,0,0,0.1,1,0.1,0.8,119.8
27,68,1,3,1.5,0.6,0,0,0.1,1.5,0.1,1.1,179.6
66,68,1,9,4,1.5,0.4,0,0.2,4,0.9,3.2,557.7
67,68,1,2,0.9,0.3,0.1,0,0,0.9,0.2,0.7,123.9
68,68,1,22,9.8,3.7,0.9,0,0.5,9.8,2.1,7.9,1363.3
69,68,1,10,4.4,1.7,0.4,0,0.2,4.4,1,3.6,619.7
75,68,1,5,2.2,0.5,0.1,0,0.2,2.2,0.2,1.6,242.7
76,68,1,8,3.6,1.2,0.1,0,0.3,3.6,0.6,2.8,374.2
83,68,1,7,3.2,1.2,0.3,0,0,3.2,0.9,2.6,374.5
84,68,1,3,1.4,0.5,0.1,0,0,1.4,0.4,1.1,160.5
98,68,1,6,2.3,0.1,0.1,0,0.4,2.3,0.5,2.1,287.9
99,68,1,12.5,4.8,0.3,0.3,0,0.8,4.8,1,4.3,599.7
100,68,1,11,4.2,0.2,0.2,0,0.7,4.2,0.9,3.8,527.8
104,68,1,1,0.5,0.2,0,0,0,0.5,0.2,0.5,53.4
118,68,1,1,0.5,0.2,0,0,0.1,0.5,0.1,0.5,56.1
2,69,1,2,0.8,0.2,0.1,0,0,0.8,0.1,0.7,94.7
3,69,1,21,8.3,1.9,0.6,0,0,8.3,0.6,7.7,994.3
4,69,1,2,0.8,0.2,0.1,0,0,0.8,0.1,0.7,94.7
17,69,1,3,1.2,0.1,0,0,0.1,1.2,0.2,1.1,160.4
18,69,1,10,4,0.4,0,0,0.2,4,0.6,3.8,534.7
19,69,1,4,1.6,0.2,0,0,0.1,1.6,0.2,1.5,213.9
20,69,1,4,1.6,0.2,0,0,0.1,1.6,0.2,1.5,213.9
21,69,1,19,8.8,2,0,0,0.3,8.8,0,8.2,961.5
22,69,0,43,13,2,1,0,2,13,0,12,1401
24,69,1,1,0.5,0.1,0,0,0,0.5,0,0.4,50.6
43,69,1,9,3.8,1.1,0.3,0,0,3.8,0.6,3.3,429.1
44,69,1,6,2.5,0.7,0.2,0,0,2.5,0.4,2.2,286.1
58,69,1,5,2,0.6,0.2,0,0.2,2,0.2,2,243.2
62,69,1,2,0.7,0.1,0.1,0,0,0.7,0.2,0.7,108.3
65,69,1,5,1.8,0.1,0.3,0,0,1.8,0.4,1.8,270.8
67,69,1,5,2.2,0.8,0.2,0,0.1,2.2,0.5,1.8,309.8
68,69,1,1,0.4,0.2,0,0,0,0.4,0.1,0.4,62
69,69,1,4.5,2,0.8,0.2,0,0.1,2,0.4,1.6,278.9
75,69,1,7,3.1,0.8,0.1,0,0.3,3.1,0.3,2.3,339.8
83,69,1,4,1.8,0.7,0.2,0,0,1.8,0.5,1.5,214
95,69,1,5,2.1,0.4,0.1,0,0.1,2.1,0.1,1.7,278.1
96,69,1,9,3.5,0.2,0.2,0,0.5,3.5,0.7,3.1,431.8
99,69,1,7,2.7,0.1,0.1,0,0.4,2.7,0.6,2.4,335.9
122,69,1,2,1,0.4,0.1,0,0.1,1,0.2,0.9,112.2
2,70,1,21.5,8.5,1.9,0.6,0,0,8.5,0.6,7.8,1018
3,70,0,44,17,2,0,0,1,17,1,16,1948
20,70,1,12,4.8,0.5,0,0,0.2,4.8,0.7,4.5,641.7
21,70,1,6,2.8,0.6,0,0,0.1,2.8,0,2.6,303.6
22,70,1,17,7.9,1.8,0,0,0.3,7.9,0,7.3,860.3
24,70,1,4,1.9,0.4,0,0,0.1,1.9,0,1.7,202.4
34,70,1,6,3,1.1,0,0,0.2,3,0.2,2.2,359.2
35,70,1,2,1,0.4,0,0,0.1,1,0.1,0.8,119.8
39,70,1,6,2.4,0.4,0.1,0,0.2,2.4,0.2,2.3,291.5
43,70,1,16,6.7,1.9,0.5,0,0,6.7,1.1,5.9,762.9
64,70,1,4,1.4,0.1,0.2,0,0,1.4,0.3,1.4,216.6
65,70,1,13,4.7,0.3,0.7,0,0,4.7,1,4.7,704
71,70,1,3,1.3,0.3,0,0,0.1,1.3,0.1,1,145.6
74,70,1,2,0.9,0.2,0,0,0.1,0.9,0.1,0.7,97.1
75,70,1,13,5.7,1.4,0.2,0,0.5,5.7,0.5,4.3,631.1
102,70,1,10,4.8,1.8,0.3,0,0.3,4.8,1.5,4.8,534.2
103,70,1,22,10.7,4,0.7,0,0.7,10.7,3.3,10.7,1175.3
124,70,1,4,2.1,0.8,0.1,0,0.2,2.1,0.3,1.8,224.4
2,71,0,27,12,3,0,0,2,12,3,9,1220
3,71,1,25,9.9,2.2,0.7,0,0,9.9,0.7,9.1,1183.7
4,71,0,38,15,1,0,0,0,15,2,15,1479
5,71,1,24,9.5,2.1,0.7,0,0,9.5,0.7,8.7,1136.4
22,71,1,11,5.1,1.1,0,0,0.2,5.1,0,4.7,556.6
34,71,1,3,1.5,0.6,0,0,0.1,1.5,0.1,1.1,179.6
37,71,1,8,3.2,0.6,0.1,0,0.2,3.2,0.3,3,388.7
38,71,1,27,10.7,1.9,0.3,0,0.8,10.7,1.1,10.2,1311.7
39,71,1,21,8.4,1.5,0.2,0,0.6,8.4,0.9,7.9,1020.2
40,71,1,11,4.4,0.8,0.1,0,0.3,4.4,0.4,4.2,534.4
57,71,1,8,3.3,1,0.3,0,0.3,3.3,0.3,3.3,389.1
58,71,1,8,3.3,1,0.3,0,0.3,3.3,0.3,3.3,389.1
68,71,1,5,2.2,0.8,0.2,0,0.1,2.2,0.5,1.8,309.8
69,71,1,5,2.2,0.8,0.2,0,0.1,2.2,0.5,1.8,309.8
71,71,1,6,2.6,0.7,0.1,0,0.2,2.6,0.2,2,291.3
74,71,1,6,2.6,0.7,0.1,0,0.2,2.6,0.2,2,291.3
75,71,1,13,5.7,1.4,0.2,0,0.5,5.7,0.5,4.3,631.1
76,71,1,14,6.2,2.1,0.3,0,0.5,6.2,1,4.9,654.9
80,71,1,4,1.8,0.6,0.1,0,0.1,1.8,0.3,1.4,187.1
81,71,1,10,4.6,1.7,0.4,0,0,4.6,1.2,3.8,535
90,71,1,6,2.5,0.5,0.2,0,0.2,2.5,0.2,2,333.7
99,71,1,4,1.5,0.1,0.1,0,0.2,1.5,0.3,1.4,191.9
124,71,1,4,2.1,0.8,0.1,0,0.2,2.1,0.3,1.8,224.4
125,71,1,14,7.2,2.6,0.4,0,0.8,7.2,1.1,6.4,785.5
0,72,1,2,0.8,0.2,0,0,0.1,0.8,0,0.7,101.2
4,72,1,2,0.8,0.2,0.1,0,0,0.8,0.1,0.7,94.7
5,72,1,4,1.6,0.4,0.1,0,0,1.6,0.1,1.5,189.4
37,72,1,4,1.6,0.3,0,0,0.1,1.6,0.2,1.5,194.3
38,72,1,19,7.6,1.4,0.2,0,0.6,7.6,0.8,7.2,923.1
40,72,1,2,0.8,0.1,0,0,0.1,0.8,0.1,0.8,97.2
41,72,1,9,3.8,1.1,0.3,0,0,3.8,0.6,3.3,429.1
43,72,1,15.5,6.5,1.8,0.5,0,0,6.5,1,5.7,739.1
44,72,1,4,1.7,0.5,0.1,0,0,1.7,0.3,1.5,190.7
55,72,1,8,3.1,0.4,0.1,0,0.4,3.1,0.4,2.8,373.4
56,72,1,13,5.3,1.6,0.5,0,0.5,5.3,0.5,5.3,632.2
57,72,1,4,1.6,0.5,0.2,0,0.2,1.6,0.2,1.6,194.5
58,72,1,11,4.5,1.3,0.4,0,0.4,4.5,0.4,4.5,535
70,72,1,4,1.8,0.7,0.2,0,0.1,1.8,0.4,1.4,247.9
74,72,1,15,6.6,1.6,0.2,0,0.6,6.6,0.6,4.9,728.2
75,72,1,3,1.3,0.3,0,0,0.1,1.3,0.1,1,145.6
76,72,1,9,4,1.3,0.2,0,0.3,4,0.7,3.2,421
77,72,1,5,2.2,0.7,0.1,0,0.2,2.2,0.4,1.8,233.9
78,72,1,3,1.3,0.4,0.1,0,0.1,1.3,0.2,1.1,140.3
79,72,1,9,4,1.3,0.2,0,0.3,4,0.7,3.2,421
80,72,1,2,0.9,0.3,0,0,0.1,0.9,0.1,0.7,93.6
92,72,1,1,0.4,0.1,0,0,0,0.4,0,0.3,55.6
95,72,1,2,0.8,0.2,0.1,0,0.1,0.8,0.1,0.7,111.2
124,72,1,3,1.5,0.6,0.1,0,0.2,1.5,0.2,1.4,168.3
125,72,1,5,2.6,0.9,0.1,0,0.3,2.6,0.4,2.3,280.5
0,73,1,5,2.3,1,0,0,0.1,2.3,0,2,298.8
1,73,1,2,0.8,0.2,0,0,0.1,0.8,0,0.7,101.2
29,73,1,6,2.1,0.2,0.3,0,0.2,2.1,0.2,1.9,266.9
38,73,1,6,2.6,0.8,0.2,0,0.1,2.6,0.4,2.4,326.8
39,73,1,10,4.3,1.4,0.4,0,0.2,4.3,0.6,3.9,544.7
40,73,1,16,6.9,2.2,0.6,0,0.3,6.9,0.9,6.3,871.5
43,73,1,9,3.9,1.2,0.4,0,0.2,3.9,0.5,3.5,490.2
57,73,1,1,0.4,0.1,0.1,0,0,0.4,0.1,0.3,39.5
58,73,1,5,1.8,0.5,0.3,0,0,1.8,0.3,1.6,197.3
61,73,1,3,1.1,0.1,0.2,0,0,1.1,0.2,1.1,162.5
77,73,1,2,1.1,0.6,0.1,0,0,1.1,0.4,1,110.7
78,73,0,52,20,6,2,0,5,20,7,10,2393
79,73,1,9,5.1,2.5,0.3,0,0,5.1,1.7,4.5,498.1
80,73,1,9,5.1,2.5,0.3,0,0,5.1,1.7,4.5,498.1
92,73,1,3,1.2,0.2,0.1,0,0.1,1.2,0.1,1,166.8
93,73,1,6,2.5,0.5,0.2,0,0.2,2.5,0.2,2,333.7
95,73,1,1,0.4,0.1,0,0,0,0.4,0,0.3,55.6
97,73,1,1,0.6,0.3,0,0,0.1,0.6,0.1,0.5,63.3
98,73,1,10,5.6,3.1,0,0,0.5,5.6,0.5,5.1,632.8
124,73,1,2,1,0.4,0.1,0,0.1,1,0.2,0.9,112.2
0,74,1,7,3.2,1.3,0,0,0.1,3.2,0,2.8,418.2
1,74,1,8,3.2,0.7,0.1,0,0.2,3.2,0.1,2.9,404.7
24,74,1,7,2.2,0.3,0.5,0,0.3,2.2,0,2.1,308.2
25,74,1,4,1.3,0.2,0.3,0,0.2,1.3,0,1.2,176.1
28,74,1,4,1.4,0.1,0.2,0,0.1,1.4,0.1,1.3,177.9
29,74,1,8,2.8,0.2,0.4,0,0.2,2.8,0.2,2.6,355.9
56,74,1,2,0.7,0.2,0.1,0,0,0.7,0.1,0.6,78.9
61,74,1,5,1.8,0.1,0.3,0,0,1.8,0.4,1.8,270.8
77,74,1,3,1.7,0.8,0.1,0,0,1.7,0.6,1.5,166
79,74,1,9,5.1,2.5,0.3,0,0,5.1,1.7,4.5,498.1
86,74,1,2,0.8,0.2,0.1,0,0.1,0.8,0.1,0.7,111.2
97,74,1,2,1.1,0.6,0,0,0.1,1.1,0.1,1,126.6
98,74,1,3,1.7,0.9,0,0,0.2,1.7,0.2,1.5,189.8
113,74,1,6,3.5,1.6,0,0,0.6,3.5,1.3,3.5,349.6
0,75,0,50.5,20,3,1,0,2,20,2,18,2574
1,75,1,4,1.6,0.3,0,0,0.1,1.6,0,1.4,202.4
2,75,1,4,1.6,0.3,0,0,0.1,1.6,0,1.4,202.4
3,75,1,3,1.2,0.3,0,0,0.1,1.2,0,1.1,151.8
8,75,1,5,2.2,0.7,0,0,0.2,2.2,0,2.1,254.7
9,75,1,13,5.6,1.7,0,0,0.4,5.6,0,5.4,662.1
13,75,1,5.5,1.9,0.2,0.1,0,0.1,1.9,0.1,1.9,224.1
14,75,1,20,7,0.9,0.4,0,0.4,7,0.4,7,814.9
21,75,1,3.5,1.1,0.2,0.3,0,0.2,1.1,0,1,154.1
22,75,1,1,0.3,0,0.1,0,0,0.3,0,0.3,44
24,75,1,4,1.3,0.2,0.3,0,0.2,1.3,0,1.2,176.1
28,75,1,9,3.2,0.2,0.5,0,0.2,3.2,0.2,2.9,400.4
36,75,1,5,2.2,0.7,0.2,0,0.1,2.2,0.3,2,272.4
47,75,1,2,0.8,0.1,0,0,0.1,0.8,0.1,0.7,93.4
48,75,1,12,4.7,0.6,0.2,0,0.6,4.7,0.6,4.3,560.1
49,75,1,5,1.9,0.3,0.1,0,0.3,1.9,0.3,1.8,233.4
51,75,1,2,0.8,0.1,0,0,0.1,0.8,0.1,0.7,93.4
56,75,1,1,0.4,0.1,0.1,0,0,0.4,0.1,0.3,39.5
57,75,1,13,4.6,1.4,0.7,0,0,4.6,0.7,4.2,513
70,75,1,9,4,1.5,0.4,0,0.2,4,0.9,3.2,557.7
71,75,1,3,1.3,0.5,0.1,0,0.1,1.3,0.3,1.1,185.9
0,76,0,63,26,5,1,0,4,26,1,23,3493
1,76,1,8.5,3.4,0.7,0.1,0,0.2,3.4,0.1,3,430
2,76,1,8,3.2,0.7,0.1,0,0.2,3.2,0.1,2.9,404.7
3,76,1,29,11.6,2.5,0.2,0,0.8,11.6,0.2,10.4,1467.2
4,76,1,19.5,7.8,1.7,0.1,0,0.6,7.8,0.1,7,986.6
8,76,1,3,1.3,0.4,0,0,0.1,1.3,0,1.2,152.8
9,76,1,18,7.8,2.4,0,0,0.6,7.8,0,7.5,916.8
10,76,1,1,0.4,0.1,0,0,0,0.4,0,0.4,50.9
14,76,1,16,5.6,0.7,0.4,0,0.4,5.6,0.4,5.6,652
15,76,1,4,1.4,0.2,0.1,0,0.1,1.4,0.1,1.4,163
17,76,1,3,1.1,0.2,0.1,0,0.1,1.1,0.1,1,140.6
18,76,1,28,10.7,2,0.5,0,0.5,10.7,1,9.7,1312.4
19,76,1,7,2.7,0.5,0.1,0,0.1,2.7,0.3,2.4,328.1
20,76,1,3,1.1,0.2,0.1,0,0.1,1.1,0.1,1,140.6
25,76,1,5,1.6,0.2,0.4,0,0.2,1.6,0,1.5,220.1
29,76,1,8,2.8,0.2,0.4,0,0.2,2.8,0.2,2.6,355.9
35,76,1,5,2.5,0.9,0,0,0.2,2.5,0.2,1.9,299.4
36,76,1,3,1.3,0.4,0.1,0,0.1,1.3,0.2,1.2,163.4
44,76,1,2,0.9,0.3,0.1,0,0,0.9,0.1,0.8,108.9
48,76,1,2,0.8,0.1,0,0,0.1,0.8,0.1,0.7,93.4
57,76,1,4,1.4,0.4,0.2,0,0,1.4,0.2,1.3,157.8
58,76,1,2,0.7,0.2,0.1,0,0,0.7,0.1,0.6,78.9
72,76,1,2,0.9,0.3,0.1,0,0,0.9,0.2,0.7,123.9
97,76,1,3.5,2,1.1,0,0,0.2,2,0.2,1.8,221.5
0,77,0,56.5,21,3,1,0,2,21,4,18,2852
1,77,1,16,6.4,1.4,0.1,0,0.5,6.4,0.1,5.7,809.5
2,77,1,24,9.6,2.1,0.2,0,0.7,9.6,0.2,8.6,1214.2
3,77,0,48,24,10,1,0,4,24,5,12,2060
4,77,1,8,3.2,0.7,0.1,0,0.2,3.2,0.1,2.9,404.7
5,77,1,4,1.6,0.3,0,0,0.1,1.6,0,1.4,202.4
9,77,1,10,4.3,1.3,0,0,0.3,4.3,0,4.2,509.3
10,77,1,10,4.3,1.3,0,0,0.3,4.3,0,4.2,509.3
17,77,1,5,1.9,0.4,0.1,0,0.1,1.9,0.2,1.7,234.4
18,77,0,33,12,3,1,0,1,12,1,11,1727
19,77,1,9,3.4,0.7,0.2,0,0.2,3.4,0.3,3.1,421.9
21,77,1,16,5.1,0.8,1.2,0,0.8,5.1,0,4.7,704.4
28,77,1,2,0.7,0.1,0.1,0,0.1,0.7,0.1,0.6,89
34,77,1,9,4.5,1.7,0,0,0.3,4.5,0.3,3.4,538.9
35,77,1,2,1,0.4,0,0,0.1,1,0.1,0.8,119.8
46,77,1,2,0.8,0.1,0,0,0.1,0.8,0.1,0.7,93.4
55,77,1,4,1.6,0.2,0.1,0,0.2,1.6,0.2,1.4,186.7
56,77,1,4,1.4,0.4,0.2,0,0,1.4,0.2,1.3,157.8
57,77,1,4,1.4,0.4,0.2,0,0,1.4,0.2,1.3,157.8
58,77,1,1,0.4,0.1,0.1,0,0,0.4,0.1,0.3,39.5
61,77,1,7,2.5,0.2,0.4,0,0,2.5,0.5,2.5,379.1
67,77,1,4,1.8,0.7,0.2,0,0.1,1.8,0.4,1.4,247.9
68,77,1,9,4,1.5,0.4,0,0.2,4,0.9,3.2,557.7
120,77,1,2,1,0.4,0.1,0,0.1,1,0.2,0.9,112.2
0,78,1,107,36.1,3.3,2.5,0,3.3,36.1,0,30.3,4019.3
1,78,1,20,7.5,1.4,0.4,0,1.1,7.5,0.4,6.1,879.3
2,78,0,52,18,4,3,0,2,18,0,12,1731
3,78,1,24,9,1.7,0.4,0,1.3,9,0.4,7.3,1055.1
9,78,1,9,3.6,0.9,0.3,0,0,3.6,0.3,2.7,481.8
10,78,1,1,0.4,0.1,0,0,0,0.4,0,0.3,53.5
23,78,1,8,3,0.6,0.2,0.2,0.2,2.8,0.2,2.5,393.5
28,78,1,7,3.1,0.4,0,0,0.7,3.1,0,2.9,381.2
29,78,1,9,3.9,0.5,0,0,0.9,3.9,0,3.7,490.2
33,78,1,4,1.5,0.3,0.3,0.1,0.1,1.4,0,1.3,220.1
34,78,1,2,0.8,0.2,0.1,0.1,0,0.7,0,0.7,110.1
35,78,1,1,0.4,0.1,0.1,0,0,0.4,0,0.3,55
40,78,1,6,3,1,0,0,0.7,3,0.5,2.2,429
41,78,1,5,2.5,0.8,0,0,0.6,2.5,0.4,1.8,357.5
42,78,1,3,1.5,0.5,0,0,0.3,1.5,0.2,1.1,214.5
50,78,1,6,2.3,0.3,0.1,0,0.3,2.3,0.3,2.1,280.1
0,79,1,13.5,4.6,0.4,0.3,0,0.4,4.6,0,3.8,507.1
9,79,1,4,1.6,0.4,0.1,0,0,1.6,0.1,1.2,214.1
11,79,1,4,1.8,0.5,0,0,0,1.8,0.2,1.5,255.7
16,79,1,8,3,0.6,0.2,0.2,0.2,2.8,0.2,2.5,393.5
24,79,1,4,1.5,0.3,0.1,0.1,0.1,1.4,0.1,1.2,196.8
25,79,1,1,0.4,0.1,0,0,0,0.4,0,0.3,49.2
28,79,1,8,3.5,0.4,0,0,0.8,3.5,0,3.3,435.7
29,79,1,7,3.1,0.4,0,0,0.7,3.1,0,2.9,381.2
34,79,1,2,0.8,0.2,0.1,0.1,0,0.7,0,0.7,110.1
36,79,1,2,1,0.3,0,0,0.2,1,0.2,0.7,143
39,79,1,5,2.5,0.8,0,0,0.6,2.5,0.4,1.8,357.5
40,79,1,1,0.5,0.2,0,0,0.1,0.5,0.1,0.4,71.5
41,79,1,1,0.5,0.2,0,0,0.1,0.5,0.1,0.4,71.5
42,79,1,1,0.5,0.2,0,0,0.1,0.5,0.1,0.4,71.5
47,79,1,10,3.9,0.5,0.2,0,0.5,3.9,0.5,3.6,466.8
51,79,1,4,1.6,0.2,0.1,0,0.2,1.6,0.2,1.4,186.7
68,79,1,8,3.4,0.7,0.1,0,0.3,3.4,0.5,3.1,402.2
69,79,1,2,0.8,0.2,0,0,0.1,0.8,0.1,0.8,100.5
88,79,1,4,1.7,0.4,0,0,0.1,1.7,0.3,1.6,202.3
6,80,1,2,0.8,0.2,0.1,0,0,0.8,0.1,0.6,107.1
7,80,1,5,2,0.5,0.2,0,0,2,0.2,1.5,267.7
22,80,1,3,1.1,0.2,0.1,0.1,0.1,1,0.1,0.9,147.6
23,80,1,5,1.9,0.4,0.1,0.1,0.1,1.8,0.1,1.5,246
24,80,1,4,1.5,0.3,0.1,0.1,0.1,1.4,0.1,1.2,196.8
25,80,1,5,1.9,0.4,0.1,0.1,0.1,1.8,0.1,1.5,246
30,80,1,2,0.9,0.1,0,0,0.2,0.9,0,0.8,108.9
83,80,1,2,0.8,0.2,0.1,0,0.1,0.8,0.1,0.7,111.2
84,80,1,2,0.8,0.2,0.1,0,0.1,0.8,0.1,0.7,111.2
89,80,1,2,0.8,0.2,0,0,0,0.8,0.1,0.8,101.2
100,80,1,1,0.6,0.3,0,0,0.1,0.6,0.2,0.6,58.3
109,80,1,8,3,0.4,0.2,0,0.2,3,0.8,2.5,404.6
110,80,0,34,15,6,1,0,1,15,2,15,1592
6,81,1,1,0.4,0.1,0,0,0,0.4,0,0.3,53.5
13,81,1,5,2.3,0.6,0,0,0,2.3,0.2,1.9,319.6
31,81,1,6,2.3,0.5,0.4,0.1,0.1,2.2,0,2,330.2
32,81,1,5,1.9,0.4,0.3,0.1,0.1,1.8,0,1.7,275.2
43,81,1,7,3.5,1.2,0,0,0.8,3.5,0.6,2.5,500.5
45,81,1,2,1,0.3,0,0,0.2,1,0.2,0.7,143
84,81,1,7,2.9,0.5,0.2,0,0.2,2.9,0.2,2.3,389.3
100,81,1,5,2.9,1.3,0,0,0.5,2.9,1.1,2.9,291.3
107,81,1,4,1.5,0.2,0.1,0,0.1,1.5,0.4,1.2,202.3
109,81,1,22,8.3,1.2,0.6,0,0.6,8.3,2.2,6.8,1112.6
110,81,1,8,3,0.4,0.2,0,0.2,3,0.8,2.5,404.6
1,82,1,5,1.9,0.4,0.1,0,0.3,1.9,0.1,1.5,219.8
2,82,1,2,0.8,0.1,0,0,0.1,0.8,0,0.6,87.9
10,82,1,8,3.2,0.8,0.3,0,0,3.2,0.3,2.4,428.3
23,82,1,4,1.5,0.3,0.1,0.1,0.1,1.4,0.1,1.2,196.8
29,82,1,2,0.9,0.1,0,0,0.2,0.9,0,0.8,108.9
30,82,1,4,1.7,0.2,0,0,0.4,1.7,0,1.6,217.8
33,82,1,4,1.5,0.3,0.3,0.1,0.1,1.4,0,1.3,220.1
50,82,1,2,0.8,0.1,0,0,0.1,0.8,0.1,0.7,93.4
58,82,1,4,1.7,0.5,0,0,0.1,1.7,0.3,1.3,233.5
65,82,1,4,1.7,0.5,0,0,0.1,1.7,0.3,1.3,233.5
99,82,1,2,1.2,0.5,0,0,0.2,1.2,0.4,1.2,116.5
100,82,1,2,1.2,0.5,0,0,0.2,1.2,0.4,1.2,116.5
107,82,1,4,1.5,0.2,0.1,0,0.1,1.5,0.4,1.2,202.3
108,82,1,7,2.6,0.4,0.2,0,0.2,2.6,0.7,2.2,354
109,82,1,4,1.5,0.2,0.1,0,0.1,1.5,0.4,1.2,202.3
110,82,1,2,0.8,0.1,0.1,0,0.1,0.8,0.2,0.6,101.1
111,82,1,1,0.4,0.1,0,0,0,0.4,0.1,0.3,50.6
120,82,1,2,1,0.3,0.1,0,0.1,1,0.1,1,140.3
10,83,1,8.5,3.8,1,0,0,0,3.8,0.3,3.2,543.4
22,83,1,9,3.1,0.5,0.2,0,0.2,3.1,0.7,2.9,385.3
23,83,1,5,1.7,0.3,0.1,0,0.1,1.7,0.4,1.6,214
24,83,1,5,1.7,0.3,0.1,0,0.1,1.7,0.4,1.6,214
28,83,1,5,1.9,0.4,0.3,0.1,0.1,1.8,0,1.7,275.2
38,83,1,3,1.3,0.5,0.1,0,0.1,1.3,0.3,1,156.6
40,83,1,3,1.3,0.5,0.1,0,0.1,1.3,0.3,1,156.6
45,83,1,3,1.5,0.5,0,0,0.3,1.5,0.2,1.1,214.5
62,83,1,4,1.7,0.5,0,0,0.1,1.7,0.3,1.3,233.5
63,83,1,6,2.6,0.8,0,0,0.2,2.6,0.5,1.9,350.3
85,83,1,6,3,1,0,0,0.1,3,0.6,2.3,317.2
86,83,1,20.5,8.3,2.2,0.3,0,1.8,8.3,1.8,5.2,992.3
87,83,0,30,11,2,1,0,3,11,3,10,1185
88,83,1,10,4.1,1.1,0.2,0,0.9,4.1,0.9,2.6,484.1
100,83,1,3,1.7,0.8,0,0,0.3,1.7,0.6,1.7,174.8
107,83,1,2.5,0.9,0.1,0.1,0,0.1,0.9,0.2,0.8,126.4
108,83,1,5,1.9,0.3,0.1,0,0.1,1.9,0.5,1.5,252.9
119,83,1,5,2.4,0.8,0.2,0,0.3,2.4,0.2,2.4,350.8
0,84,1,2,0.8,0.2,0.1,0,0.1,0.8,0.1,0.6,93.2
3,84,1,2,0.8,0.1,0,0,0.1,0.8,0,0.6,87.9
22,84,1,3,1,0.2,0.1,0,0.1,1,0.2,1,128.4
23,84,1,2,0.7,0.1,0,0,0,0.7,0.2,0.7,85.6
29,84,1,13.5,5.1,1.1,0.9,0.3,0.3,4.8,0,4.5,742.9
30,84,1,2,0.8,0.2,0.1,0.1,0,0.7,0,0.7,110.1
73,84,1,5,2.1,0.4,0.1,0,0.2,2.1,0.3,1.9,251.4
74,84,1,2,0.8,0.2,0,0,0.1,0.8,0.1,0.8,100.5
79,84,1,2,0.8,0.2,0.1,0,0.1,0.8,0.1,0.7,111.2
85,84,1,18.5,9.1,3,0,0,0.4,9.1,1.7,7,978.1
86,84,0,50,22,7,2,0,2,22,6,15,2624
87,84,1,22.5,9.1,2.4,0.3,0,2,9.1,2,5.8,1089.1
88,84,1,3,1.2,0.3,0,0,0.3,1.2,0.3,0.8,145.2
92,84,1,2,0.8,0.2,0,0,0,0.8,0.1,0.8,101.2
93,84,1,5,2.1,0.5,0,0,0.1,2.1,0.3,2,252.9
94,84,1,10,4.2,1.1,0,0,0.1,4.2,0.7,3.9,505.8
95,84,1,4,1.7,0.4,0,0,0.1,1.7,0.3,1.6,202.3
119,84,1,6,2.9,1,0.2,0,0.4,2.9,0.2,2.9,421
18,85,1,12,4.7,1.5,0.6,0,0.4,4.7,0.6,4.5,669.5
19,85,1,9,3.5,1.1,0.5,0,0.3,3.5,0.5,3.3,502.1
28,85,1,2,0.8,0.2,0.1,0.1,0,0.7,0,0.7,110.1
29,85,1,1,0.4,0.1,0.1,0,0,0.4,0,0.3,55
60,85,1,5,2.2,0.7,0,0,0.1,2.2,0.4,1.6,291.9
73,85,1,4,1.7,0.3,0.1,0,0.1,1.7,0.3,1.6,201.1
74,85,0,27,12,5,1,0,0,12,5,11,1344
85,85,1,16,7.9,2.6,0,0,0.4,7.9,1.5,6,845.9
87,85,1,7,2.8,0.7,0.1,0,0.6,2.8,0.6,1.8,338.8
88,85,1,3.5,1.4,0.4,0.1,0,0.3,1.4,0.3,0.9,169.4
92,85,1,16,6.7,1.7,0,0,0.2,6.7,1.1,6.3,809.3
93,85,1,6,2.5,0.6,0,0,0.1,2.5,0.4,2.4,303.5
94,85,1,10,4.2,1.1,0,0,0.1,4.2,0.7,3.9,505.8
95,85,1,7,2.9,0.7,0,0,0.1,2.9,0.5,2.8,354.1
117,85,1,1,0.5,0.2,0,0,0.1,0.5,0,0.5,70.2
119,85,1,11.5,5.6,1.9,0.4,0,0.7,5.6,0.4,5.6,806.9
122,85,1,1.5,0.7,0.2,0,0,0.1,0.7,0,0.7,105.2
0,86,1,17,6.4,1.9,0.6,0,0.6,6.4,0.6,5.4,792
1,86,1,3,1.1,0.2,0.1,0,0.2,1.1,0.1,0.9,131.9
18,86,1,10,3.9,1.2,0.5,0,0.4,3.9,0.5,3.7,557.9
19,86,1,14.5,5.6,1.8,0.8,0,0.5,5.6,0.8,5.4,808.9
20,86,1,9,3.5,1.1,0.5,0,0.3,3.5,0.5,3.3,502.1
21,86,1,8,2.8,0.5,0.2,0,0.2,2.8,0.6,2.6,342.5
24,86,1,4,1.4,0.2,0.1,0,0.1,1.4,0.3,1.3,171.2
39,86,1,5,2.1,0.9,0.1,0,0.2,2.1,0.4,1.7,261
62,86,1,4,1.7,0.5,0,0,0.1,1.7,0.3,1.3,233.5
65,86,1,7,3,0.9,0,0,0.2,3,0.6,2.3,408.6
73,86,1,7,3,0.6,0.1,0,0.2,3,0.5,2.7,351.9
74,86,1,22,9.3,1.9,0.4,0,0.7,9.3,1.5,8.6,1106
85,86,1,2,1,0.3,0,0,0,1,0.2,0.8,105.7
92,86,1,2,0.8,0.2,0,0,0,0.8,0.1,0.8,101.2
95,86,1,8,3.4,0.8,0,0,0.1,3.4,0.5,3.2,404.6
0,87,1,15,5.7,1.6,0.5,0,0.5,5.7,0.5,4.8,698.8
10,87,1,6,2.7,0.7,0,0,0,2.7,0.2,2.3,383.5
15,87,1,3,1.4,0.3,0,0,0,1.4,0.1,1.1,191.8
18,87,1,1,0.4,0.1,0.1,0,0,0.4,0.1,0.4,55.8
20,87,1,1,0.4,0.1,0.1,0,0,0.4,0.1,0.4,55.8
21,87,1,16,5.5,0.9,0.3,0,0.3,5.5,1.2,5.2,684.9
37,87,1,5,2.1,0.9,0.1,0,0.2,2.1,0.4,1.7,261
38,87,1,12,5.1,2,0.3,0,0.5,5.1,1,4.1,626.3
39,87,1,19,8.1,3.2,0.4,0,0.8,8.1,1.6,6.5,991.6
62,87,1,3,1.3,0.4,0,0,0.1,1.3,0.2,1,175.1
73,87,1,8,3.4,0.7,0.1,0,0.3,3.4,0.5,3.1,402.2
74,87,1,1,0.4,0.1,0,0,0,0.4,0.1,0.4,50.3
107,87,1,4,1.5,0.2,0.1,0,0.1,1.5,0.4,1.2,202.3
123,87,1,4,1.9,0.6,0.1,0,0.3,1.9,0.1,1.9,280.6
20,88,1,5,2,0.5,0,0,0,2,0.2,1.5,246.7
24,88,1,6.5,2.3,0.7,0.6,0,0.2,2.3,0.2,2,282.6
29,88,1,3,1.2,0.2,0.1,0,0.1,1.2,0,1.1,169.8
37,88,1,19,8.5,2.2,0,0,0.5,8.5,1,8,869.2
38,88,1,15,6.7,1.8,0,0,0.4,6.7,0.8,6.3,686.2
39,88,1,20,8.9,2.4,0,0,0.5,8.9,1.1,8.4,915
59,88,1,9,3.4,0.5,0,0,0.2,3.4,0.5,3.1,417.9
106,88,1,4,1.9,0.7,0.1,0,0,1.9,0.2,1.8,207.6
107,88,1,13,6.3,2.4,0.2,0,0,6.3,0.7,5.8,674.6
5,89,1,27,9.5,1.1,0.4,0,0.7,9.5,1.1,8.1,1172.6
6,89,1,19,7.2,2.2,0,0,0.4,7.2,0,6.9,1039
7,89,1,16,6.1,1.8,0,0,0.3,6.1,0,5.8,875
29,89,1,3,1.2,0.2,0.1,0,0.1,1.2,0,1.1,169.8
30,89,1,11,4.6,0.8,0.4,0,0.4,4.6,0,4.2,622.4
33,89,1,5,2.2,0.6,0.2,0,0.2,2.2,0.2,2,272.9
37,89,1,4,1.8,0.5,0,0,0.1,1.8,0.2,1.7,183
38,89,1,1,0.4,0.1,0,0,0,0.4,0.1,0.4,45.8
58,89,1,6,2.3,0.3,0,0,0.1,2.3,0.3,2.1,278.6
59,89,1,12,4.6,0.7,0,0,0.2,4.6,0.7,4.1,557.2
60,89,1,2,0.8,0.1,0,0,0,0.8,0.1,0.7,92.9
69,89,1,6,2.9,1.2,0.2,0,0.3,2.9,0.3,2.7,367.5
15,90,1,14,6,1.2,0.6,0.3,0.6,5.7,0.9,5.1,761.7
16,90,1,2,0.8,0.2,0,0,0,0.8,0.1,0.6,98.7
32,90,1,5,2.2,0.6,0.2,0,0.2,2.2,0.2,2,272.9
33,90,1,10,4.3,1.3,0.4,0,0.4,4.3,0.4,4.1,545.8
39,90,1,2,0.9,0.2,0,0,0.1,0.9,0.1,0.8,91.5
53,90,1,8,3.6,1.5,0.2,0,0.2,3.6,0.6,3.4,443.5
55,90,1,3,1.4,0.6,0.1,0,0.1,1.4,0.2,1.3,166.3
69,90,1,2,1,0.4,0.1,0,0.1,1,0.1,0.9,122.5
15,91,1,22,9.4,1.9,0.9,0.5,0.9,8.9,1.4,8,1196.9
16,91,1,31,12.1,3,0,0,0,12.1,1.5,9.1,1529.6
17,91,1,3,1.2,0.3,0,0,0,1.2,0.1,0.9,148
39,91,1,8,3.6,0.9,0,0,0.2,3.6,0.4,3.4,366
52,91,1,4,1.8,0.7,0.1,0,0.1,1.8,0.3,1.7,221.8
53,91,1,12.5,5.7,2.3,0.3,0,0.3,5.7,1,5.3,693
67,91,1,6,2.9,1.2,0.2,0,0.3,2.9,0.3,2.7,367.5
68,91,1,2,1,0.4,0.1,0,0.1,1,0.1,0.9,122.5
120,91,1,7,3.1,1,0.2,0,0.2,3.1,0.2,1.9,307.5
121,91,1,2,0.9,0.3,0,0,0,0.9,0,0.5,87.9
15,92,1,11,4.7,0.9,0.5,0.2,0.5,4.5,0.7,4,598.4
16,92,0,44,19,6,1,0,3,19,1,10,1965
26,92,1,3,1.2,0.2,0.1,0,0.1,1.2,0,1.1,169.8
29,92,1,7,2.9,0.5,0.2,0,0.2,2.9,0,2.7,396.1
30,92,1,2,0.8,0.1,0.1,0,0.1,0.8,0,0.8,113.2
31,92,1,2,0.9,0.3,0.1,0,0.1,0.9,0.1,0.8,109.2
38,92,1,4,1.8,0.5,0,0,0.1,1.8,0.2,1.7,183
39,92,1,3,1.3,0.4,0,0,0.1,1.3,0.2,1.3,137.2
50,92,1,1,0.5,0.2,0,0,0,0.5,0.1,0.4,55.4
51,92,1,1,0.5,0.2,0,0,0,0.5,0.1,0.4,55.4
52,92,1,2,0.9,0.4,0.1,0,0.1,0.9,0.2,0.9,110.9
53,92,1,5,2.3,0.9,0.1,0,0.1,2.3,0.4,2.1,277.2
58,92,1,8,3.1,0.4,0,0,0.1,3.1,0.4,2.8,371.5
76,92,1,13,5.4,1.4,0.3,0,0.3,5.4,1.1,4.8,753.2
107,92,1,2,1,0.4,0,0,0,1,0.1,0.9,103.8
108,92,1,1,0.5,0.2,0,0,0,0.5,0.1,0.4,51.9
9,93,1,1,0.4,0.1,0,0,0,0.4,0,0.4,54.7
14,93,1,5,2.1,0.3,0,0,0,2.1,0.3,1.4,286.2
15,93,1,26.5,10.9,1.7,0,0,0,10.9,1.7,7.6,1516.8
16,93,1,34,12.2,3.5,2.9,0,1.2,12.2,1.2,10.5,1478
17,93,1,10,3.6,1,0.9,0,0.3,3.6,0.3,3.1,434.7
37,93,1,7,2.5,0.3,0.2,0,0.3,2.5,0.2,2,331.3
38,93,1,15.5,5.6,0.7,0.4,0,0.7,5.6,0.4,4.5,733.5
50,93,1,1,0.5,0.2,0,0,0,0.5,0.1,0.4,55.4
58,93,1,9.5,4.1,0.6,0.4,0,0.4,4.1,0.4,3.2,479.5
62,93,1,5,1.9,0.3,0,0,0.1,1.9,0.3,1.7,232.2
63,93,1,9,3.4,0.5,0,0,0.2,3.4,0.5,3.1,417.9
75,93,1,12,5.8,2.4,0.3,0,0.7,5.8,0.7,5.5,735.1
76,93,0,24,12,6,1,0,1,12,1,11,1533
77,93,1,14,5.8,1.5,0.3,0,0.3,5.8,1.2,5.2,811.1
107,93,1,18,8.7,3.3,0.3,0,0,8.7,1,8,934
108,93,0,26,11,3,2,0,0,11,4,11,1128
109,93,1,2,1,0.4,0,0,0,1,0.1,0.9,103.8
0,94,1,5,1.8,0.2,0.1,0,0.1,1.8,0.2,1.5,217.1
16,94,1,7,2.5,0.7,0.6,0,0.2,2.5,0.2,2.2,304.3
27,94,1,3,1.3,0.4,0.1,0,0.1,1.3,0.1,1.2,163.7
28,94,1,1,0.4,0.1,0,0,0,0.4,0,0.4,54.6
37,94,1,3,1.1,0.1,0.1,0,0.1,1.1,0.1,0.9,142
38,94,0,35,13,4,1,0,0,13,1,12,1527
39,94,1,5,1.8,0.2,0.1,0,0.2,1.8,0.1,1.4,236.6
52,94,1,4,1.4,0.3,0.1,0,0.3,1.4,0,1.3,179.3
56,94,1,13,5.6,0.9,0.6,0,0.6,5.6,0.6,4.4,656.1
57,94,1,9,3.8,0.6,0.4,0,0.4,3.8,0.4,3,454.2
58,94,1,9,3.8,0.6,0.4,0,0.4,3.8,0.4,3,454.2
62,94,1,4,1.5,0.2,0,0,0.1,1.5,0.2,1.4,185.7
69,94,1,1,0.5,0.2,0,0.1,0,0.4,0.1,0.3,61.4
75,94,1,4,1.9,0.8,0.1,0,0.2,1.9,0.2,1.8,245
76,94,1,5,2.1,0.5,0.1,0,0.1,2.1,0.4,1.8,289.7
77,94,1,14,5.8,1.5,0.3,0,0.3,5.8,1.2,5.2,811.1
106,94,1,1,0.5,0.2,0,0,0,0.5,0.1,0.4,51.9
107,94,1,6,2.9,1.1,0.1,0,0,2.9,0.3,2.7,311.3
108,94,1,5,2.4,0.9,0.1,0,0,2.4,0.3,2.2,259.4
115,94,1,2,1,0.4,0,0,0,1,0.1,0.9,103.8
0,95,1,2,0.7,0.1,0,0,0.1,0.7,0.1,0.6,86.9
1,95,1,1,0.4,0.1,0,0,0,0.4,0,0.3,54.3
3,95,1,16,6.7,1.7,0,0,0.3,6.7,0.3,5.5,869.2
5,95,1,2,0.8,0.2,0,0,0,0.8,0,0.7,108.7
21,95,0,37.5,14,4,1,0,1,14,0,7,1814
22,95,1,6,2.3,0.2,0,0,0.1,2.3,0.4,2,274.2
23,95,1,2,0.8,0.1,0,0,0,0.8,0.1,0.7,91.4
24,95,1,4,1.5,0.2,0,0,0.1,1.5,0.2,1.4,182.8
31,95,1,6,2.6,0.8,0.3,0,0.3,2.6,0.3,2.5,327.5
33,95,1,2,0.9,0.3,0.1,0,0.1,0.9,0.1,0.8,109.2
35,95,1,6,2.6,0.8,0.3,0,0.3,2.6,0.3,2.5,327.5
38,95,1,4,1.4,0.2,0.1,0,0.2,1.4,0.1,1.2,189.3
39,95,1,7,2.5,0.3,0.2,0,0.3,2.5,0.2,2,331.3
52,95,1,1,0.4,0.1,0,0,0.1,0.4,0,0.3,44.8
55,95,1,13,4.7,0.8,0.3,0,0.8,4.7,0,4.1,582.8
56,95,0,31,11,1,0,0,2,11,3,11,1456
68,95,1,2,0.9,0.3,0,0.1,0.1,0.8,0.1,0.6,122.8
69,95,1,8,3.7,1.2,0.1,0.4,0.4,3.3,0.5,2.5,491.3
70,95,1,14,6.5,2.2,0.2,0.7,0.6,5.8,0.9,4.3,859.8
73,95,1,2,1,0.4,0.1,0,0.1,1,0.1,0.9,122.5
1,96,1,1,0.4,0.1,0,0,0,0.4,0,0.3,54.3
2,96,1,3,1.3,0.3,0,0,0.1,1.3,0.1,1,163
3,96,1,14,5.9,1.5,0,0,0.3,5.9,0.3,4.8,760.6
5,96,1,2,0.8,0.2,0,0,0,0.8,0,0.7,108.7
6,96,1,9.5,3.6,1.1,0,0,0.2,3.6,0,3.4,519.5
7,96,1,3,1.1,0.3,0,0,0.1,1.1,0,1.1,164.1
21,96,0,27,12,5,1,0,1,12,3,9,1312
22,96,1,7,2.7,0.3,0,0,0.1,2.7,0.4,2.4,319.9
25,96,1,2,0.8,0.1,0,0,0,0.8,0.1,0.7,91.4
52,96,1,8,2.9,0.5,0.2,0,0.5,2.9,0,2.6,358.6
55,96,1,13.5,4.9,0.9,0.3,0,0.9,4.9,0,4.3,605.2
56,96,1,4,1.7,0.3,0.2,0,0.2,1.7,0.2,1.3,201.9
68,96,0,33,12,2,1,0,2,12,3,6,1071
69,96,0,52,22,3,1,0,2,22,3,18,2604
70,96,1,14.5,6.7,2.2,0.2,0.7,0.7,6,0.9,4.5,890.5
71,96,1,1,0.5,0.2,0,0,0.1,0.5,0.1,0.5,61.3
123,96,1,3,1.3,0.4,0.1,0,0.1,1.3,0.1,0.8,131.8
124,96,1,17,7.5,2.5,0.4,0,0.4,7.5,0.4,4.6,746.8
125,96,1,8,3.5,1.2,0.2,0,0.2,3.5,0.2,2.1,351.4
1,97,1,4,1.7,0.4,0,0,0.1,1.7,0.1,1.4,217.3
2,97,1,2,0.8,0.2,0,0,0,0.8,0,0.7,108.7
3,97,1,2,0.8,0.2,0,0,0,0.8,0,0.7,108.7
5,97,1,8,3.3,0.9,0,0,0.1,3.3,0.1,2.8,434.6
6,97,1,4,1.5,0.5,0,0,0.1,1.5,0,1.4,218.7
20,97,1,1,0.4,0.1,0.1,0,0,0.4,0,0.3,43.5
21,97,0,42,15,5,1,0,1,15,1,14,1792
22,97,1,3,1.1,0.1,0,0,0.1,1.1,0.2,1,137.1
23,97,1,6,2.3,0.2,0,0,0.1,2.3,0.4,2,274.2
25,97,1,20,7.6,0.8,0,0,0.4,7.6,1.2,6.8,914
29,97,1,6.5,2.8,0.8,0.3,0,0.3,2.8,0.3,2.7,354.8
51,97,1,7.5,2.7,0.5,0.2,0,0.5,2.7,0,2.4,336.2
67,97,1,5,2.3,0.8,0.1,0.2,0.2,2.1,0.3,1.5,307.1
68,97,1,4,1.8,0.6,0.1,0.2,0.2,1.6,0.2,1.2,245.7
69,97,0,45.5,24,10,0,0,4,24,6,21,2569
70,97,1,16.5,7.6,2.5,0.3,0.8,0.8,6.8,1,5.1,1013.4
122,97,1,4,1.8,0.6,0.1,0,0.1,1.8,0.1,1.1,175.7
123,97,0,42,25,16,2,0,1,25,3,14,2306
124,97,0,56,21,5,2,0,5,21,6,14,1788
0,98,0,42.5,19,8,1,0,2,19,1,16,1955
1,98,1,14.5,6.5,1.1,0,0,0.6,6.5,0.3,5.4,827.6
2,98,1,2,0.9,0.2,0,0,0.1,0.9,0,0.7,114.2
5,98,0,34,12,2,2,0,0,12,1,10,1414
6,98,1,3,1,0.2,0.2,0,0.2,1,0.2,0.8,143.4
11,98,1,2,0.8,0.1,0,0,0,0.8,0.1,0.7,85.4
20,98,1,2,0.8,0,0,0,0.1,0.8,0.1,0.8,116.7
21,98,1,12,5.6,1.6,0,0,0.3,5.6,0.7,4.9,660.8
22,98,1,6,2.8,0.8,0,0,0.2,2.8,0.3,2.5,330.4
23,98,1,8.5,4,1.2,0,0,0.2,4,0.5,3.5,468.1
69,98,1,17,8.2,3.8,0,0,0,8.2,1.1,7.1,1173
71,98,1,2,1,0.5,0,0,0,1,0.1,0.8,138
72,98,1,4,1.9,0.9,0,0,0,1.9,0.3,1.7,276
92,98,1,2,1,0.3,0,0,0.1,1,0.1,0.8,111.4
98,98,1,2,0.8,0.3,0.1,0,0.1,0.8,0.1,0.8,103.9
99,98,1,5,2.1,0.7,0.2,0,0.2,2.1,0.4,1.9,259.8
121,98,1,4,1.8,0.6,0.2,0,0.1,1.8,0.3,1.3,190.5
122,98,0,40,20,8,0,0,2,20,6,12,2090
123,98,0,53,27,10,0,0,5,27,3,19,3017
124,98,1,16.5,7.3,2.5,0.7,0,0.4,7.3,1.1,5.3,786
0,99,1,21.5,7.3,0.7,1.1,0,0.9,7.3,0.4,6.7,1011.5
1,99,0,45.5,16,4,2,0,3,16,0,11,1589
2,99,1,11,5,0.9,0,0,0.4,5,0.2,4.1,627.9
4,99,1,3,1.4,0.2,0,0,0.1,1.4,0.1,1.1,171.2
5,99,1,3,1.4,0.2,0,0,0.1,1.4,0.1,1.1,171.2
9,99,1,14,4.7,0.8,1.1,0,0.8,4.7,1.1,3.6,669.3
13,99,1,3,1.1,0.2,0.1,0,0.1,1.1,0.2,1,128.1
14,99,1,15,5.7,1,0.3,0,0.3,5.7,0.8,4.9,640.6
15,99,1,14,5.3,1,0.2,0,0.2,5.3,0.7,4.6,597.9
24,99,1,7,3.3,1,0,0,0.2,3.3,0.4,2.9,385.5
37,99,1,1,0.6,0.4,0,0,0.1,0.6,0.1,0.5,77.7
66,99,1,3,1.5,0.7,0,0,0,1.5,0.2,1.3,207
90,99,1,4,1.6,0.6,0.1,0,0.1,1.6,0,1.5,203.3
92,99,1,11,5.4,1.7,0.2,0,0.4,5.4,0.4,4.6,612.9
94,99,1,3,1.5,0.5,0.1,0,0.1,1.5,0.1,1.3,167.2
98,99,1,7.5,3.2,1.1,0.3,0,0.3,3.2,0.5,2.9,389.7
99,99,1,1,0.4,0.1,0,0,0,0.4,0.1,0.4,52
121,99,1,2,0.9,0.3,0.1,0,0,0.9,0.1,0.6,95.3
122,99,0,51,22,7,1,1,5,21,6,17,2107
123,99,0,46.5,28,18,1,12,1,16,7,14,2702
124,99,0,26,12,6,1,0,2,12,5,5,1199
5,100,1,3,1.4,0.2,0,0,0.1,1.4,0.1,1.1,171.2
13,100,1,5,1.9,0.3,0.1,0,0.1,1.9,0.3,1.6,213.5
14,100,1,19,7.2,1.3,0.3,0,0.3,7.2,1,6.2,811.4
22,100,1,3,1.4,0.4,0,0,0.1,1.4,0.2,1.2,165.2
44,100,1,5,2.9,1.8,0,0,0.3,2.9,0.3,2.4,388.7
45,100,1,4,2.3,1.5,0,0,0.2,2.3,0.2,1.9,310.9
48,100,1,2,1.2,0.7,0,0,0.1,1.2,0.1,0.9,155.5
62,100,1,2,0.8,0.3,0,0,0.1,0.8,0.3,0.8,102.1
66,100,1,4,1.9,0.9,0,0,0,1.9,0.3,1.7,276
90,100,1,8,3.3,1.2,0.3,0,0.3,3.3,0,3,406.5
91,100,1,17,8.3,2.7,0.3,0,0.6,8.3,0.6,7.1,947.3
92,100,1,14.5,7.1,2.3,0.3,0,0.5,7.1,0.5,6.1,808
94,100,1,1,0.5,0.2,0,0,0,0.5,0,0.4,55.7
111,100,1,3,1.3,0.4,0.1,0,0.1,1.3,0.2,1.2,155.9
116,100,1,3,1.3,0.5,0.1,0,0.1,1.3,0.2,1,142.9
120,100,1,10.5,4.6,1.6,0.5,0,0.2,4.6,0.7,3.3,500.2
121,100,1,3,1.3,0.5,0.1,0,0.1,1.3,0.2,1,142.9
122,100,1,2,0.9,0.3,0.1,0,0,0.9,0.1,0.6,95.3
123,100,1,15,6.6,2.3,0.7,0,0.3,6.6,1,4.8,714.6
124,100,1,12,5.3,1.8,0.5,0,0.3,5.3,0.8,3.8,571.6
0,101,1,5,1.7,0.2,0.3,0,0.2,1.7,0.1,1.6,235.2
44,101,1,2,1.2,0.7,0,0,0.1,1.2,0.1,0.9,155.5
45,101,1,1,0.6,0.4,0,0,0.1,0.6,0.1,0.5,77.7
58,101,1,6.5,2.7,0.8,0.1,0,0.2,2.7,1,2.5,331.8
59,101,1,5,2.1,0.6,0.1,0,0.2,2.1,0.7,1.9,255.2
61,101,1,4,1.7,0.5,0.1,0,0.1,1.7,0.6,1.5,204.2
66,101,1,1,0.5,0.2,0,0,0,0.5,0.1,0.4,69
90,101,1,9,3.7,1.3,0.3,0,0.3,3.7,0,3.3,457.3
91,101,1,7,3.4,1.1,0.1,0,0.2,3.4,0.2,2.9,390.1
93,101,1,2,1,0.3,0,0,0.1,1,0.1,0.8,111.4
115,101,1,10,4.2,1.4,0.4,0,0.4,4.2,0.7,3.9,519.6
124,101,0,20,11,3,0,0,0,11,0,11,973
125,101,0,28,13,2,1,0,4,13,4,8,1202
0,102,1,4,1.4,0.1,0.2,0,0.2,1.4,0.1,1.2,188.2
1,102,1,13.5,6.1,1.1,0,0,0.5,6.1,0.3,5,770.6
7,102,1,4,1.3,0.2,0.3,0,0.2,1.3,0.3,1,191.2
8,102,1,6,2,0.4,0.5,0,0.4,2,0.5,1.5,286.8
29,102,1,2,0.9,0.1,0,0,0,0.9,0,0.7,136.1
58,102,1,3,1.3,0.4,0.1,0,0.1,1.3,0.4,1.2,153.1
59,102,1,6,2.5,0.8,0.1,0,0.2,2.5,0.9,2.3,306.3
63,102,1,2,0.8,0.3,0,0,0.1,0.8,0.3,0.8,102.1
64,102,1,2,0.8,0.3,0,0,0.1,0.8,0.3,0.8,102.1
124,102,1,2,0.9,0.3,0.1,0,0,0.9,0.1,0.6,95.3
125,102,1,13,5.7,2,0.6,0,0.3,5.7,0.9,4.1,619.3
0,103,1,8,3.1,0.4,0.1,0,0.4,3.1,0,2.9,392.6
7,103,1,5,1.7,0.3,0.4,0,0.3,1.7,0.4,1.3,239
15,103,1,2,0.7,0.1,0.2,0,0.1,0.7,0.2,0.5,95.6
16,103,1,6,2.5,0.1,0,0,0.3,2.5,0.4,2.4,350.1
30,103,1,2,0.9,0.1,0,0,0,0.9,0,0.7,136.1
31,103,1,4,1.2,0.1,0.2,0,0,1.2,0,1.2,161.2
32,103,1,2,0.6,0,0.1,0,0,0.6,0,0.6,80.6
58,103,1,19.5,9.1,2.6,0.5,1,1,8.1,1,6.9,953
59,103,0,38,16,5,1,0,1,16,3,13,1559
60,103,1,1,0.5,0.1,0,0.1,0,0.4,0,0.4,48.9
61,103,1,1,0.4,0.1,0,0,0,0.4,0.1,0.4,51
62,103,1,1,0.4,0.1,0,0,0,0.4,0.1,0.4,51
63,103,1,4,1.7,0.5,0.1,0,0.1,1.7,0.6,1.5,204.2
82,103,1,4,1.9,0.7,0.1,0,0,1.9,0.2,1.6,227.2
83,103,1,2,1,0.3,0,0,0,1,0.1,0.8,113.6
85,103,1,14,6.7,2.3,0.3,0,0,6.7,0.9,5.5,795.1
86,103,1,6,2.4,0.9,0.2,0,0.2,2.4,0,2.2,304.9
125,103,1,2,0.9,0.3,0.1,0,0,0.9,0.1,0.6,95.3
7,104,1,5,1.7,0.3,0.4,0,0.3,1.7,0.4,1.3,239
15,104,1,6,2,0.4,0.5,0,0.4,2,0.5,1.5,286.8
16,104,1,2.5,1,0.1,0,0,0.1,1,0.2,1,145.9
17,104,1,3,1.3,0.1,0,0,0.1,1.3,0.2,1.2,175
29,104,1,6,2.8,0.4,0,0,0,2.8,0,2.1,408.4
30,104,1,7,3.2,0.5,0,0,0,3.2,0,2.5,476.5
31,104,1,24,7.4,0.5,0.9,0,0,7.4,0,6.9,966.9
32,104,1,18,5.5,0.3,0.7,0,0,5.5,0,5.2,725.2
58,104,0,56.5,26,9,0,0,3,26,3,17,2597
59,104,1,10,4.7,1.3,0.2,0.5,0.5,4.2,0.5,3.6,488.7
60,104,0,36,15,3,2,0,2,15,2,14,1644
61,104,0,21,11,4,0,0,0,11,1,9,1053
63,104,1,3,1.3,0.4,0.1,0,0.1,1.3,0.4,1.2,153.1
65,104,1,2,0.8,0.3,0,0,0.1,0.8,0.3,0.8,102.1
82,104,1,11,5.3,1.8,0.2,0,0,5.3,0.7,4.4,624.7
83,104,1,11,5.3,1.8,0.2,0,0,5.3,0.7,4.4,624.7
3,105,1,1,0.5,0.1,0,0,0,0.5,0,0.4,57.1
30,105,1,2,0.9,0.1,0,0,0,0.9,0,0.7,136.1
32,105,1,4,1.2,0.1,0.2,0,0,1.2,0,1.2,161.2
57,105,0,26,12,4,1,0,0,12,1,11,1598
58,105,0,65,34,16,1,5,2,29,6,23,3654
59,105,0,21,12,5,0,1,1,11,1,8,1439
60,105,1,23,10.7,3.1,0.6,1.1,1.1,9.6,1.1,8.2,1124
61,105,1,1,0.4,0.1,0,0,0,0.4,0.1,0.4,51
64,105,1,5,2.1,0.6,0.1,0,0.2,2.1,0.7,1.9,255.2
65,105,1,1,0.4,0.1,0,0,0,0.4,0.1,0.4,51
80,105,1,3,1.2,0.2,0.2,0,0.1,1.2,0.1,1.2,133.6
82,105,1,6,2.9,1,0.1,0,0,2.9,0.4,2.4,340.8
124,105,1,5,2.2,0.8,0.2,0,0.1,2.2,0.3,1.6,238.2
125,105,1,1,0.4,0.2,0,0,0,0.4,0.1,0.3,47.6
16,106,1,11,4.6,0.3,0,0,0.5,4.6,0.8,4.3,641.8
18,106,1,3,1.3,0.1,0,0,0.1,1.3,0.2,1.2,175
19,106,1,4,1.7,0.1,0,0,0.2,1.7,0.3,1.6,233.4
30,106,1,1,0.5,0.1,0,0,0,0.5,0,0.4,68.1
56,106,1,1,0.5,0.1,0,0.1,0,0.4,0,0.4,48.9
57,106,1,12,5.6,1.6,0.3,0.6,0.6,5,0.6,4.3,586.5
58,106,0,38,19,10,1,3,2,16,4,10,1758
59,106,0,104.5,49,17,3,0,11,49,7,33,5592
79,106,1,8,3.3,0.7,0.4,0,0.2,3.3,0.2,3.3,356.2
80,106,1,12,5,1,0.7,0,0.3,5,0.3,5,534.3
15,107,1,6,2,0.4,0.5,0,0.4,2,0.5,1.5,286.8
16,107,1,7,2.9,0.2,0,0,0.3,2.9,0.5,2.8,408.4
20,107,1,2,0.8,0,0,0,0.1,0.8,0.1,0.8,116.7
26,107,1,8,3.7,0.6,0,0,0,3.7,0,2.9,544.6
41,107,1,4,2.3,1.5,0,0,0.2,2.3,0.2,1.9,310.9
56,107,1,3,1.4,0.4,0.1,0.1,0.1,1.3,0.1,1.1,146.6
57,107,1,6,2.8,0.8,0.1,0.3,0.3,2.5,0.3,2.1,293.2
58,107,0,126,59,21,4,1,7,58,11,40,6328
59,107,0,86.5,48,25,3,4,2,44,6,33,6184
60,107,1,6,2.8,0.8,0.1,0.3,0.3,2.5,0.3,2.1,293.2
61,107,1,6,2.5,0.8,0.1,0,0.2,2.5,0.9,2.3,306.3
78,107,1,13,5.4,1.1,0.7,0,0.4,5.4,0.4,5.4,578.9
79,107,0,28,11,2,0,0,1,11,0,9,1410
11,108,1,2,0.8,0.1,0.1,0,0,0.8,0.1,0.8,104.9
18,108,1,4,1.6,0.5,0.1,0,0,1.6,0,1.4,182.2
19,108,1,3,1.2,0.4,0.1,0,0,1.2,0,1.1,136.6
21,108,1,7,2.3,0.3,0.3,0,0.1,2.3,0,2,296
22,108,1,3,1,0.1,0.1,0,0,1,0,0.9,126.9
27,108,1,6,2,0.2,0.2,0,0.1,2,0.1,1.6,261.8
40,108,1,6,2.2,0.4,0.3,0,0,2.2,0.2,2.1,297
41,108,0,27,11,3,1,0,0,11,1,10,1196
42,108,1,6,2.4,0.7,0.3,0,0.1,2.4,0.3,2.1,319.1
56,108,1,2,0.9,0.3,0.1,0,0,0.9,0.1,0.7,101.2
57,108,1,5,2.3,0.9,0.2,0,0.1,2.3,0.3,1.8,253.1
58,108,0,89,56,32,1,9,5,47,6,22,5592
59,108,0,85.5,35,10,3,10,6,25,6,18,3779
60,108,1,29.5,13.6,5.1,1,0.2,0.7,13.4,1.7,10.7,1493.2
61,108,1,16.5,7.4,1.9,0,0,0,7.4,0.4,7,904
62,108,1,9,4,1,0,0,0,4,0.2,3.8,493.1
77,108,1,4,2.1,0.8,0,0,0.1,2.1,0.3,1.7,241.3
78,108,1,5,2.6,1,0,0,0.2,2.6,0.3,2.1,301.6
79,108,1,7.5,4,1.6,0,0,0.2,4,0.5,3.1,452.4
12,109,1,3,1.2,0.2,0.1,0,0.1,1.2,0.2,1.1,157.4
18,109,1,12,4.9,1.4,0.2,0,0,4.9,0,4.2,546.6
20,109,1,2,0.8,0.2,0,0,0,0.8,0,0.7,91.1
21,109,1,22,7.3,1,1,0,0.3,7.3,0,6.3,930.3
22,109,1,3,1,0.1,0.1,0,0,1,0,0.9,126.9
23,109,1,9,3,0.4,0.4,0,0.1,3,0,2.6,380.6
38,109,1,10,3.6,0.7,0.5,0,0,3.6,0.4,3.5,494.9
39,109,1,30,10.8,2,1.6,0,0,10.8,1.2,10.4,1484.8
40,109,1,11,4,0.7,0.6,0,0,4,0.4,3.8,544.4
41,109,1,17,6.9,1.9,0.8,0,0.3,6.9,0.8,6,904
42,109,1,6,2.4,0.7,0.3,0,0.1,2.4,0.3,2.1,319.1
43,109,1,1,0.4,0.1,0,0,0,0.4,0,0.4,53.2
44,109,1,5,2,0.6,0.2,0,0.1,2,0.2,1.8,265.9
45,109,1,8,3.2,0.9,0.4,0,0.1,3.2,0.4,2.8,425.4
58,109,1,16,7.4,2.8,0.5,0.1,0.4,7.3,0.9,5.8,809.9
59,109,1,5,2.3,0.9,0.2,0,0.1,2.3,0.3,1.8,253.1
60,109,0,50.5,20,3,1,0,3,20,2,16,1904
61,109,0,58,28,10,0,0,1,28,6,15,2340
62,109,1,9,4,1,0,0,0,4,0.2,3.8,493.1
76,109,1,4,2.1,0.8,0,0,0.1,2.1,0.3,1.7,241.3
77,109,1,17,9,3.5,0,0,0.5,9,1.1,7.1,1025.4
78,109,1,2,1.1,0.4,0,0,0.1,1.1,0.1,0.8,120.6
110,109,1,4,1.8,0.6,0.1,0,0,1.8,0.4,1.6,210.9
111,109,1,4,1.8,0.6,0.1,0,0,1.8,0.4,1.6,210.9
126,109,1,4,1.7,0.4,0.1,0,0.2,1.7,0.3,1.5,171.2
12,110,1,4,1.6,0.3,0.2,0,0.1,1.6,0.3,1.5,209.8
13,110,1,5,2,0.4,0.2,0,0.1,2,0.4,1.9,262.3
18,110,1,1,0.4,0.1,0,0,0,0.4,0,0.4,45.5
20,110,1,18,7.4,2.1,0.4,0,0,7.4,0,6.4,819.9
21,110,0,46.5,18,6,1,0,0,18,1,12,1999
22,110,0,42,14,3,2,0,2,14,0,10,1844
23,110,1,9,3,0.4,0.4,0,0.1,3,0,2.6,380.6
25,110,1,3,1,0.1,0.1,0,0,1,0,0.9,126.9
37,110,1,5,1.8,0.3,0.3,0,0,1.8,0.2,1.7,247.5
39,110,1,4,1.4,0.3,0.2,0,0,1.4,0.2,1.4,198
44,110,1,2,0.8,0.2,0.1,0,0,0.8,0.1,0.7,106.4
49,110,1,4,1.5,0.4,0.1,0,0,1.5,0.2,1,245.8
58,110,1,25,11.5,4.3,0.8,0.2,0.6,11.3,1.4,9.1,1265.4
59,110,1,2,0.9,0.3,0.1,0,0,0.9,0.1,0.7,101.2
60,110,1,9,4.1,1.6,0.3,0.1,0.2,4,0.5,3.3,455.6
61,110,1,7,3.1,0.8,0,0,0,3.1,0.2,3,383.5
76,110,1,2,1.1,0.4,0,0,0.1,1.1,0.1,0.8,120.6
77,110,1,17,9,3.5,0,0,0.5,9,1.1,7.1,1025.4
109,110,1,7,3.1,1,0.2,0,0,3.1,0.6,2.9,369.1
110,110,1,6,2.6,0.9,0.2,0,0,2.6,0.5,2.5,316.4
111,110,1,7,3.1,1,0.2,0,0,3.1,0.6,2.9,369.1
112,110,1,6,2.6,0.9,0.2,0,0,2.6,0.5,2.5,316.4
126,110,1,1,0.4,0.1,0,0,0,0.4,0.1,0.4,42.8
127,110,1,20,8.5,1.8,0.3,0,0.9,8.5,1.5,7.6,856.1
15,111,1,14,5.7,1,0.7,0,0.3,5.7,1,5.3,734.3
16,111,1,8,3.3,0.9,0.2,0,0,3.3,0,2.8,364.4
21,111,1,4,1.3,0.2,0.2,0,0.1,1.3,0,1.2,169.2
22,111,1,5,1.7,0.2,0.2,0,0.1,1.7,0,1.4,211.4
23,111,1,1,0.3,0,0,0,0,0.3,0,0.3,42.3
29,111,1,2,0.7,0.1,0.1,0,0,0.7,0,0.5,87.3
39,111,1,2,0.7,0.1,0.1,0,0,0.7,0.1,0.7,99
43,111,1,1,0.4,0.1,0,0,0,0.4,0,0.4,53.2
44,111,1,3,1.2,0.3,0.1,0,0,1.2,0.1,1.1,159.5
48,111,1,9,3.4,0.8,0.3,0,0,3.4,0.6,2.2,552.9
56,111,1,2,0.9,0.3,0.1,0,0,0.9,0.1,0.7,101.2
57,111,1,2,0.9,0.3,0.1,0,0,0.9,0.1,0.7,101.2
58,111,1,11,5.1,1.9,0.4,0.1,0.3,5,0.6,4,556.8
59,111,1,5,2.3,0.9,0.2,0,0.1,2.3,0.3,1.8,253.1
127,111,1,8,3.4,0.7,0.1,0,0.4,3.4,0.6,3,342.4
14,112,1,1,0.4,0.1,0,0,0,0.4,0.1,0.4,52.5
15,112,1,13,5.3,0.9,0.6,0,0.3,5.3,0.9,5,681.9
16,112,1,3,1.2,0.4,0.1,0,0,1.2,0,1.1,136.6
36,112,1,1,0.4,0.1,0.1,0,0,0.4,0,0.3,49.5
38,112,1,2,0.7,0.1,0.1,0,0,0.7,0.1,0.7,99
39,112,1,4,1.4,0.3,0.2,0,0,1.4,0.2,1.4,198
41,112,1,5,2,0.6,0.2,0,0.1,2,0.2,1.8,265.9
42,112,1,3,1.2,0.3,0.1,0,0,1.2,0.1,1.1,159.5
43,112,1,5,2,0.6,0.2,0,0.1,2,0.2,1.8,265.9
55,112,1,2,0.8,0.2,0.1,0,0,0.8,0.1,0.5,122.9
56,112,1,2,0.9,0.3,0.1,0,0,0.9,0.1,0.7,101.2
57,112,1,6,2.8,1,0.2,0.1,0.1,2.7,0.3,2.2,303.7
58,112,0,40,17,9,3,4,2,13,5,2,1247
100,112,1,2,0.9,0.2,0,0,0,0.9,0,0.9,109.9
13,113,1,2,0.7,0.1,0,0,0.1,0.7,0.1,0.6,88.1
14,113,1,22,8,1.1,0.3,0,0.7,8,1.1,7,968.7
15,113,1,24,8.7,1.2,0.3,0,0.7,8.7,1.2,7.6,1056.7
16,113,1,31.5,11.1,1,0.5,0,1,11.1,1,9.1,1226.3
27,113,1,1,0.4,0.1,0,0,0,0.4,0,0.4,45.1
40,113,1,4,1.7,0.5,0.2,0,0.2,1.7,0.3,1.6,226.5
41,113,1,1,0.4,0.1,0,0,0,0.4,0.1,0.4,56.6
42,113,1,3,1.3,0.4,0.1,0,0.1,1.3,0.2,1.2,169.9
43,113,1,3,1.3,0.4,0.1,0,0.1,1.3,0.2,1.2,169.9
56,113,0,19.5,12,7,0,0,2,12,1,4,905
57,113,0,46.5,22,5,1,0,4,22,5,10,1861
74,113,1,1,0.5,0.2,0,0,0,0.5,0,0.4,64.4
77,113,1,1,0.5,0.2,0,0,0,0.5,0.1,0.4,60.3
98,113,1,3,1.3,0.3,0.1,0,0.1,1.3,0.1,1.3,164.9
100,113,1,3,1.3,0.3,0.1,0,0.1,1.3,0.1,1.3,164.9
116,113,1,12,3.7,0.5,0.7,0,0.2,3.7,0.2,3.7,457.2
124,113,1,2,0.8,0.2,0.1,0,0,0.8,0.1,0.8,96.9
4,114,1,12,4.1,0.3,0,0,0.3,4.1,0.5,3.9,572.6
5,114,0,44,14,2,1,0,0,14,1,10,1646
6,114,1,4,1.8,0.2,0,0,0.1,1.8,0.1,1.8,243.7
14,114,1,10,3.6,0.5,0.1,0,0.3,3.6,0.5,3.2,440.3
16,114,1,13,4.6,0.4,0.2,0,0.4,4.6,0.4,3.8,506.1
21,114,1,1,0.4,0,0,0,0,0.4,0,0.3,38.9
26,114,1,5,1.9,0.6,0.2,0,0,1.9,0,1.8,225.5
27,114,0,30,12,1,0,0,1,12,2,11,1559
46,114,1,2,0.8,0.2,0.1,0,0,0.8,0.1,0.5,122.9
47,114,1,1,0.4,0.1,0,0,0,0.4,0.1,0.2,61.4
57,114,0,27,13,6,0,0,2,13,2,10,1370
58,114,1,2,1,0.2,0,0,0.2,1,0.1,0.7,116.7
73,114,1,2,1,0.4,0,0,0.1,1,0.1,0.8,128.8
77,114,1,2,1.1,0.4,0,0,0.1,1.1,0.1,0.8,120.6
99,114,1,5,2.1,0.4,0.1,0,0.1,2.1,0.1,2.1,274.8
100,114,1,6,2.6,0.5,0.1,0,0.1,2.6,0.1,2.6,329.8
101,114,1,3,1.3,0.3,0.1,0,0.1,1.3,0.1,1.3,164.9
116,114,1,26,8,1.1,1.6,0,0.5,8,0.5,8,990.7
123,114,1,9,3.8,1,0.3,0,0.2,3.8,0.4,3.5,436
124,114,1,2,0.8,0.2,0.1,0,0,0.8,0.1,0.8,96.9
5,115,1,30.5,10.5,0.7,0,0,0.7,10.5,1.3,9.8,1455.5
6,115,1,14,6.4,0.8,0,0,0.4,6.4,0.4,6.4,852.8
7,115,1,5,2.3,0.3,0,0,0.1,2.3,0.1,2.3,304.6
14,115,1,3,1.1,0.1,0,0,0.1,1.1,0.1,1,132.1
21,115,1,3,1.1,0.1,0,0,0.1,1.1,0.1,0.9,116.8
26,115,1,3,1.1,0.3,0.1,0,0,1.1,0,1.1,135.3
27,115,1,7,2.6,0.8,0.3,0,0,2.6,0,2.6,315.7
39,115,1,3,1.3,0.4,0.1,0,0.1,1.3,0.2,1.2,169.9
43,115,1,9.5,4.1,1.1,0.4,0,0.4,4.1,0.7,3.7,538
44,115,0,37,13,4,3,0,0,13,1,13,1273
47,115,1,7,2.6,0.7,0.2,0,0,2.6,0.4,1.8,430.1
57,115,0,31,12,3,0,0,1,12,2,9,1452
65,115,1,2,0.9,0.2,0,0,0,0.9,0,0.9,109.6
98,115,1,13.5,5.8,1.2,0.3,0,0.3,5.8,0.3,5.8,742
116,115,1,6.5,2,0.3,0.4,0,0.1,2,0.1,2,247.7
121,115,1,8,3.4,0.9,0.3,0,0.2,3.4,0.3,3.1,387.5
122,115,1,10,4.2,1.1,0.3,0,0.2,4.2,0.4,3.9,484.4
123,115,1,18,7.6,2,0.6,0,0.4,7.6,0.7,7,871.9
124,115,1,10,4.2,1.1,0.3,0,0.2,4.2,0.4,3.9,484.4
4,116,1,4,1.4,0.1,0,0,0.1,1.4,0.2,1.3,190.9
5,116,0,25,13,7,0,0,1,13,1,10,1530
6,116,0,34,12,3,2,0,0,12,0,11,1465
7,116,1,4,1.8,0.2,0,0,0.1,1.8,0.1,1.8,243.7
10,116,1,2,0.9,0.1,0,0,0.1,0.9,0.1,0.9,121.8
11,116,1,21,7.6,1,0.3,0,0.7,7.6,1,6.7,924.7
12,116,1,19.5,7,1,0.2,0,0.6,7,1,6.2,858.6
13,116,1,18,6.5,0.9,0.2,0,0.6,6.5,0.9,5.7,792.6
14,116,1,4,1.4,0.2,0,0,0.1,1.4,0.2,1.3,176.1
15,116,1,10,3.6,0.5,0.1,0,0.3,3.6,0.5,3.2,440.3
16,116,1,4,1.4,0.1,0.1,0,0.1,1.4,0.1,1.2,155.7
18,116,1,2,0.7,0.1,0,0,0.1,0.7,0.1,0.6,77.9
21,116,1,10,3.5,0.3,0.2,0,0.3,3.5,0.3,2.9,389.3
26,116,1,1,0.4,0.1,0,0,0,0.4,0,0.4,45.1
27,116,1,16,6,1.8,0.8,0,0,6,0,5.9,721.7
28,116,1,5,1.9,0.6,0.2,0,0,1.9,0,1.8,225.5
39,116,1,2,0.9,0.2,0.1,0,0.1,0.9,0.2,0.8,113.3
47,116,1,7,2.6,0.7,0.2,0,0,2.6,0.4,1.8,430.1
55,116,1,1,0.4,0.1,0,0,0,0.4,0.1,0.3,43.8
56,116,1,15,7.1,1.9,0,0,1.9,7.1,0.8,5.2,874.9
57,116,1,21,10,2.6,0,0,2.6,10,1,7.4,1224.8
64,116,1,1,0.4,0.1,0,0,0,0.4,0,0.4,54.8
73,116,1,2,1,0.4,0,0,0.1,1,0.1,0.8,128.8
74,116,1,4,1.9,0.7,0.1,0,0.2,1.9,0.2,1.6,257.6
81,116,1,1,0.5,0.2,0,0,0,0.5,0.1,0.4,60.3
98,116,1,5,2.1,0.4,0.1,0,0.1,2.1,0.1,2.1,274.8
99,116,1,4,1.7,0.4,0.1,0,0.1,1.7,0.1,1.7,219.9
120,116,1,4,1.2,0.2,0.2,0,0.1,1.2,0.1,1.2,152.4
121,116,1,23,9.7,2.6,0.7,0,0.6,9.7,0.9,9,1114.1
122,116,0,51,19,6,4,0,1,19,3,18,2004
123,116,0,34,14,3,0,0,1,14,0,12,1519
124,116,1,4,1.7,0.5,0.1,0,0.1,1.7,0.2,1.6,193.8
6,117,1,6,2.7,0.3,0,0,0.2,2.7,0.2,2.7,365.5
12,117,1,7,2.5,0.3,0.1,0,0.2,2.5,0.3,2.2,308.2
14,117,1,20,7.2,1,0.2,0,0.6,7.2,1,6.4,880.6
15,117,0,21,11,6,0,0,0,11,0,8,970
25,117,1,1,0.4,0,0,0,0,0.4,0,0.3,38.9
26,117,1,19,7.2,2.2,0.9,0,0,7.2,0,7,857
27,117,1,23,8.7,2.6,1.1,0,0,8.7,0,8.5,1037.4
28,117,1,26,9.8,2.9,1.2,0,0,9.8,0,9.6,1172.7
31,117,1,11,3.7,0.4,0.4,0,0.2,3.7,0.2,3,479.9
32,117,1,27,9,1.1,1.1,0,0.5,9,0.5,7.4,1177.9
33,117,1,5,1.7,0.2,0.2,0,0.1,1.7,0.1,1.4,218.1
55,117,1,40,15.6,5.9,1,0,0,15.6,4.9,13.7,1751.2
56,117,0,45.5,17,1,2,0,4,17,1,14,2187
57,117,1,2,1,0.2,0,0,0.2,1,0.1,0.7,116.7
122,117,1,18,7.6,2,0.6,0,0.4,7.6,0.7,7,871.9
123,117,1,19,8,2.2,0.6,0,0.5,8,0.8,7.4,920.3
26,118,1,11,5.1,1.3,0,0,0.4,5.1,0.8,5.1,646.9
27,118,1,1,0.5,0.1,0,0,0,0.5,0.1,0.5,58.8
28,118,1,2,0.9,0.2,0,0,0.1,0.9,0.2,0.9,117.6
30,118,1,5,2.3,0.6,0,0,0.2,2.3,0.4,2.3,294
31,118,0,37,17,6,1,0,1,17,5,9,1674
32,118,0,40,15,1,0,0,4,15,3,9,1491
33,118,1,3,1.4,0.5,0.1,0,0,1.4,0,1.3,208.7
47,118,1,1,0.4,0.1,0,0,0.1,0.4,0.1,0.4,54.6
52,118,1,5,2.2,0.6,0.2,0,0,2.2,0.2,2,228.6
55,118,0,45,19,3,1,0,3,19,4,10,1604
56,118,1,5,2,0.4,0.2,0,0.1,2,0.4,1.7,237.1
60,118,1,4,1.6,0.3,0.1,0,0.1,1.6,0.3,1.4,189.7
61,118,1,4,1.6,0.3,0.1,0,0.1,1.6,0.3,1.4,189.7
62,118,1,2,0.8,0.2,0.1,0,0,0.8,0.2,0.7,94.8
63,118,1,3,1.2,0.2,0.1,0,0,1.2,0.2,1,142.3
64,118,1,5,2,0.4,0.2,0,0.1,2,0.4,1.7,237.1
121,118,1,2,0.9,0.3,0.1,0,0.1,0.9,0,0.7,95
24,119,1,17,5.9,0.6,0,0,0,5.9,0.3,5.6,758.5
25,119,1,9,3.1,0.3,0,0,0,3.1,0.2,2.9,401.6
27,119,1,2,0.9,0.2,0,0,0.1,0.9,0.2,0.9,117.6
30,119,1,3,1.4,0.3,0,0,0.1,1.4,0.2,1.4,176.4
31,119,1,18,8.3,2.8,0.7,0,0,8.3,0,7.6,1252.4
32,119,0,24,12,4,1,0,1,12,1,11,1365
50,119,1,2,0.9,0.2,0,0,0.1,0.9,0.1,0.7,109.2
51,119,1,1,0.4,0.1,0,0,0,0.4,0,0.4,45.7
54,119,1,3,1.3,0.4,0.1,0,0,1.3,0.1,1.2,137.2
55,119,1,18.5,8,2.4,0.8,0,0,8,0.8,7.6,845.8
56,119,1,1,0.4,0.1,0,0,0,0.4,0.1,0.3,47.4
60,119,1,3,1.2,0.2,0.1,0,0,1.2,0.2,1,142.3
61,119,1,9,3.7,0.7,0.3,0,0.1,3.7,0.7,3.1,426.8
63,119,1,2,0.8,0.2,0.1,0,0,0.8,0.2,0.7,94.8
66,119,1,1,0.4,0.2,0,0,0,0.4,0,0.3,54.3
67,119,1,6,2.5,0.9,0,0,0.2,2.5,0.2,1.9,325.7
69,119,1,4,1.7,0.6,0,0,0.1,1.7,0.1,1.3,217.2
121,119,1,10,4.6,1.7,0.4,0,0.4,4.6,0.2,3.7,475.2
122,119,1,16,7.3,2.8,0.7,0,0.7,7.3,0.3,5.9,760.3
123,119,1,3,1.4,0.5,0.1,0,0.1,1.4,0.1,1.1,142.6
0,120,1,11,4.5,0.9,0.4,0,0.1,4.5,0,4.1,508.2
1,120,1,4,1.4,0.1,0.1,0,0.1,1.4,0.1,1.2,155.9
2,120,1,4,1.4,0.1,0.1,0,0.1,1.4,0.1,1.2,155.9
3,120,1,23,7.9,0.8,0.8,0,0.4,7.9,0.4,6.7,896.2
5,120,1,5,1.7,0.2,0.2,0,0.1,1.7,0.1,1.5,194.8
24,120,1,7,2.4,0.3,0,0,0,2.4,0.1,2.3,312.3
25,120,1,22,7.6,0.8,0,0,0,7.6,0.4,7.2,981.6
30,120,1,2,0.9,0.2,0,0,0.1,0.9,0.2,0.9,117.6
35,120,1,5,2.3,0.8,0.2,0,0,2.3,0,2.1,347.9
36,120,1,1,0.3,0.1,0,0,0,0.3,0,0.3,36.5
41,120,1,9,3.8,1.3,0.4,0,0.2,3.8,0.4,2.7,447.9
42,120,1,3,1.3,0.4,0.1,0,0.1,1.3,0.1,0.9,149.3
47,120,1,6,2.7,0.6,0.1,0,0.4,2.7,0.4,2.1,327.7
48,120,1,2,0.9,0.2,0,0,0.1,0.9,0.1,0.7,109.2
49,120,1,21,9.4,1.9,0.5,0,1.4,9.4,1.4,7.5,1146.8
50,120,1,16,7.2,1.5,0.4,0,1.1,7.2,1.1,5.7,873.7
53,120,1,4,1.7,0.5,0.2,0,0,1.7,0.2,1.6,182.9
54,120,1,15,6.5,1.9,0.6,0,0,6.5,0.6,6.1,685.8
55,120,0,20.5,11,3,0,0,0,11,1,11,1124
56,120,1,13,5.3,1,0.4,0,0.2,5.3,1,4.5,616.5
63,120,1,2,0.8,0.2,0.1,0,0,0.8,0.2,0.7,94.8
64,120,0,51,20,6,3,0,2,20,4,18,2111
65,120,0,25,11,2,0,2,1,9,0,9,1141
66,120,0,36.5,12,3,2,0,1,12,2,8,1250
87,120,1,2,0.7,0.1,0.1,0,0,0.7,0.2,0.7,71.5
88,120,1,4,1.5,0.2,0.2,0,0.1,1.5,0.3,1.4,142.9
108,120,1,3,0.8,0.2,0.4,0,0,0.8,0.3,0.7,103.9
109,120,1,12,3.4,0.9,1.6,0,0,3.4,1.1,2.7,415.7
111,120,1,9,2.5,0.7,1.2,0,0,2.5,0.8,2,311.8
0,121,0,85.5,29,6,2,0,2,29,4,14,3008
1,121,0,75.5,22,2,4,0,1,22,1,14,2353
2,121,1,22,7.6,0.8,0.8,0,0.4,7.6,0.4,6.4,857.2
3,121,0,64.5,23,2,0,0,3,23,3,14,2377
4,121,0,32,12,0,1,0,0,12,0,11,1704
5,121,0,60,22,1,2,0,1,22,1,15,2287
6,121,1,32,11.3,2.4,0.6,0,0,11.3,0.6,10.7,1308.4
12,121,1,13.5,5.5,1.1,0.3,0,0,5.5,0,4.9,559.1
13,121,0,32,11,1,2,0,2,11,0,11,1239
14,121,1,4,1.6,0.3,0.1,0,0,1.6,0,1.5,165.7
41,121,1,10,4.2,1.5,0.4,0,0.2,4.2,0.4,2.9,497.7
42,121,1,11.5,4.8,1.7,0.5,0,0.2,4.8,0.5,3.4,572.3
46,121,1,10,4.5,0.9,0.2,0,0.7,4.5,0.7,3.6,546.1
47,121,1,2,0.9,0.2,0,0,0.1,0.9,0.1,0.7,109.2
48,121,1,15,6.7,1.4,0.3,0,1,6.7,1,5.3,819.1
63,121,1,12,4.9,0.9,0.4,0,0.2,4.9,0.9,4.2,569.1
64,121,0,25.5,13,3,0,0,0,13,0,13,1357
65,121,0,52,18,3,2,0,0,18,2,14,1846
66,121,0,31.5,12,5,2,0,0,12,1,11,1458
67,121,1,25,10.5,3.9,0,0,0.7,10.5,0.7,7.9,1357.2
83,121,1,3,1.4,0.4,0,0,0.1,1.4,0,1.2,159.1
84,121,1,14,6.5,2,0,0,0.3,6.5,0,5.8,742.7
85,121,1,8,3.7,1.2,0,0,0.2,3.7,0,3.3,424.4
86,121,0,26.5,14,6,0,0,0,14,3,13,1482
87,121,0,33.5,14,1,1,0,1,14,2,13,1789
108,121,1,6,1.7,0.5,0.8,0,0,1.7,0.6,1.4,207.8
109,121,1,7,2,0.5,0.9,0,0,2,0.7,1.6,242.5
110,121,1,7,2,0.5,0.9,0,0,2,0.7,1.6,242.5
111,121,1,5,1.4,0.4,0.7,0,0,1.4,0.5,1.1,173.2
0,122,1,31,12.7,2.5,1.1,0,0.4,12.7,0,11.6,1432.2
1,122,0,38,15,2,1,0,0,15,1,13,1446
2,122,0,27.5,11,1,1,0,1,11,0,9,1812
3,122,0,88,34,8,2,0,5,34,3,29,4206
4,122,0,59,26,8,2,0,4,26,5,18,3184
5,122,0,56.5,19,2,1,0,1,19,1,17,2276
6,122,1,21,7.4,1.6,0.4,0,0,7.4,0.4,7,858.7
8,122,1,1,0.4,0.1,0,0,0,0.4,0,0.3,40.9
11,122,1,15,6.1,1.2,0.3,0,0,6.1,0,5.5,621.2
12,122,0,36,17,5,0,0,4,17,5,16,1975
13,122,1,17,6.9,1.4,0.3,0,0,6.9,0,6.2,704
20,122,1,5,2.2,0.5,0.1,0,0,2.2,0.4,1.9,265.8
21,122,0,41,14,0,0,0,1,14,2,13,1680
40,122,1,8,2.4,0.5,0.4,0,0.1,2.4,0.2,2.3,291.9
41,122,1,2,0.8,0.3,0.1,0,0,0.8,0.1,0.6,99.5
43,122,1,3,1.3,0.4,0.1,0,0.1,1.3,0.1,0.9,149.3
45,122,1,9,3.8,1.3,0.4,0,0.2,3.8,0.4,2.7,447.9
46,122,1,7,3.1,0.6,0.2,0,0.5,3.1,0.5,2.5,382.3
48,122,1,3,1.3,0.3,0.1,0,0.2,1.3,0.2,1.1,163.8
65,122,1,1,0.4,0.1,0,0,0,0.4,0.1,0.3,47.4
67,122,1,1,0.4,0.2,0,0,0,0.4,0,0.3,54.3
70,122,1,1,0.4,0.2,0,0,0,0.4,0,0.3,54.3
71,122,1,1,0.5,0.2,0,0,0,0.5,0,0.4,64.4
77,122,1,2,0.9,0.3,0,0,0,0.9,0,0.8,106.1
83,122,0,27,14,4,0,0,0,14,1,9,1263
84,122,0,45.5,19,2,0,0,3,19,3,14,2008
85,122,0,24,11,1,0,0,2,11,2,10,1068
86,122,0,19,12,5,0,0,0,12,0,11,1246
87,122,1,30,11,1.8,1.8,0,0.6,11,2.4,10.4,1072
88,122,1,11,4,0.7,0.7,0,0.2,4,0.9,3.8,393.1
90,122,1,2,0.7,0.1,0.1,0,0,0.7,0.2,0.7,71.5
109,122,1,3,0.8,0.2,0.4,0,0,0.8,0.3,0.7,103.9
110,122,1,1,0.3,0.1,0.1,0,0,0.3,0.1,0.2,34.6
4,123,1,11,3.9,1,0.4,0,0.1,3.9,0.2,3.3,434.5
5,123,1,61,21.9,5.3,2,0,0.7,21.9,1.3,18.6,2409.5
6,123,1,10,4.4,0.8,0,0,0.8,4.4,0.4,4,550.4
7,123,1,3,1.3,0.2,0,0,0.2,1.3,0.1,1.2,165.1
11,123,1,29,9.2,0.4,1.3,0,0,9.2,0.8,7.6,1242.8
12,123,0,37,14,3,2,0,0,14,1,12,1794
20,123,1,34,13.9,2.1,0.7,0,1.4,13.9,1.4,12.5,1652.8
21,123,1,11,5,1.1,0.3,0,0,5,0.8,4.1,584.7
24,123,1,5,2.2,0.5,0.1,0,0,2.2,0.4,1.9,265.8
25,123,1,9,4,0.9,0.2,0,0,4,0.7,3.4,478.4
26,123,1,3,1.2,0.2,0.1,0,0.1,1.2,0.1,1.1,124
39,123,1,21,6.3,1.3,1,0,0.3,6.3,0.5,6,766.2
69,123,1,5,2.4,0.9,0.1,0,0.2,2.4,0.2,2,322
70,123,1,8,3.8,1.4,0.2,0,0.4,3.8,0.4,3.2,515.2
71,123,1,4,1.9,0.7,0.1,0,0.2,1.9,0.2,1.6,257.6
72,123,1,1,0.5,0.2,0,0,0,0.5,0,0.4,64.4
73,123,1,5,2.4,0.9,0.1,0,0.2,2.4,0.2,2,322
75,123,1,2,1,0.4,0,0,0.1,1,0.1,0.8,128.8
77,123,1,2,0.9,0.3,0,0,0,0.9,0,0.8,106.1
78,123,1,1,0.5,0.1,0,0,0,0.5,0,0.4,53
81,123,1,9,4.1,2,0.4,0.5,0.4,3.6,0.4,3.1,440.8
82,123,0,59,22,6,2,7,1,15,6,11,2224
83,123,0,45,24,9,0,0,0,24,5,19,2953
84,123,0,54,31,18,1,2,1,29,7,17,2628
85,123,0,84,40,22,3,0,5,40,13,11,3097
86,123,0,59,23,6,4,0,1,23,2,14,2422
87,123,0,51,18,4,1,0,0,18,0,16,1981
88,123,1,18,7.5,2,0.7,0,0,7.5,0.3,5.9,872.8
89,123,1,10,4.2,1.1,0.4,0,0,4.2,0.2,3.3,484.9
0,124,1,3,1.1,0.1,0,0,0.2,1.1,0,0.7,145.6
1,124,1,3,1.1,0.3,0.1,0,0,1.1,0.1,0.9,118.5
5,124,1,4,1.4,0.3,0.1,0,0,1.4,0.1,1.2,158
6,124,1,4,1.8,0.3,0,0,0.3,1.8,0.2,1.6,220.2
10,124,1,4,1.8,0.3,0,0,0.3,1.8,0.2,1.6,220.2
11,124,1,6,1.9,0.1,0.3,0,0,1.9,0.2,1.6,257.1
14,124,1,11,3.5,0.2,0.5,0,0,3.5,0.3,2.9,471.4
15,124,0,21,11,6,0,0,0,11,1,7,1234
16,124,1,6,2.4,0.4,0.1,0,0.2,2.4,0.2,2.2,291.7
20,124,1,1,0.4,0.1,0,0,0,0.4,0,0.4,48.6
26,124,1,12.5,5,0.7,0.2,0,0.5,5,0.5,4.5,516.8
38,124,1,6,1.8,0.4,0.3,0,0.1,1.8,0.1,1.7,218.9
39,124,1,8,2.4,0.5,0.4,0,0.1,2.4,0.2,2.3,291.9
40,124,1,1,0.3,0.1,0,0,0,0.3,0,0.3,36.5
46,124,1,2,0.9,0.2,0,0,0.1,0.9,0.1,0.7,109.2
69,124,1,1,0.5,0.2,0,0,0,0.5,0,0.4,64.4
79,124,1,1,0.5,0.1,0,0,0,0.5,0,0.4,53
80,124,1,10,4.6,1.5,0,0,0.2,4.6,0,4.1,530.5
81,124,0,24,13,5,0,1,3,12,4,6,1339
82,124,0,59,35,21,1,2,2,33,10,24,3473
83,124,0,36,22,11,0,5,0,17,3,12,2292
84,124,1,12,5.5,2.6,0.5,0.7,0.5,4.8,0.5,4.1,587.8
85,124,0,38,22,12,1,0,1,22,4,19,2313
86,124,0,42,22,5,1,0,0,22,0,18,2000
87,124,0,60.5,18,0,4,0,0,18,1,13,1846
119,124,1,7,3.2,1.1,0.2,0,0.4,3.2,0.2,2.7,371.4
120,124,1,19,8.7,3,0.7,0,1,8.7,0.7,7.3,1008
123,124,1,7,3.2,1.2,0.3,0,0.3,3.2,0.2,2.6,332.7
124,124,1,5,2.3,0.9,0.2,0,0.2,2.3,0.1,1.8,237.6
0,125,1,16.5,6,0.5,0,0,0.9,6,0,3.7,800.8
1,125,1,13,4.7,1.1,0.4,0,0.1,4.7,0.3,4,513.5
6,125,1,1,0.4,0.1,0,0,0.1,0.4,0,0.4,55
14,125,1,12,3.8,0.2,0.5,0,0,3.8,0.3,3.1,514.3
15,125,1,11,3.5,0.2,0.5,0,0,3.5,0.3,2.9,471.4
16,125,1,6,2.4,0.4,0.1,0,0.2,2.4,0.2,2.2,291.7
40,125,1,2,0.6,0.1,0.1,0,0,0.6,0,0.6,73
43,125,1,10,3,0.6,0.5,0,0.1,3,0.2,2.9,364.9
45,125,1,2,0.6,0.1,0.1,0,0,0.6,0,0.6,73
82,125,1,10,4.6,2.2,0.4,0.6,0.4,4,0.4,3.4,489.8
83,125,1,17,7.8,3.7,0.7,1,0.7,6.8,0.7,5.8,832.7
84,125,0,38,19,6,0,0,0,19,2,17,1868
85,125,0,31.5,19,6,0,0,1,19,0,16,1866
86,125,0,46,20,4,0,0,2,20,1,18,2203
87,125,0,31,11,4,3,0,0,11,2,9,1148
89,125,1,3,1.3,0.3,0.1,0,0,1.3,0.1,1,145.5
119,125,1,11,5,1.7,0.4,0,0.6,5,0.4,4.2,583.6
120,125,1,12,5.5,1.9,0.4,0,0.6,5.5,0.4,4.6,636.6
21,126,1,1,0.4,0.1,0,0,0,0.4,0.1,0.4,53.2
30,126,1,4,1.6,0.2,0.1,0,0.2,1.6,0.2,1.4,165.4
31,126,1,4,1.8,0.4,0,0,0.1,1.8,0.1,1.5,195.2
32,126,1,23,10.1,2.5,0.3,0,0.5,10.1,0.5,8.8,1122.6
33,126,1,21,9.2,2.2,0.2,0,0.5,9.2,0.5,8,1025
71,126,1,1,0.5,0.2,0,0,0,0.5,0,0.4,64.4
72,126,1,3,1.4,0.5,0.1,0,0.1,1.4,0.1,1.2,193.2
83,126,0,31,15,7,2,0,0,15,2,13,1210
84,126,0,23,12,4,0,0,0,12,2,12,1041
85,126,1,2,0.9,0.4,0.1,0.1,0.1,0.8,0.1,0.7,98
86,126,1,14,5.9,1.5,0.5,0,0,5.9,0.3,4.6,678.9
87,126,1,4,1.7,0.4,0.1,0,0,1.7,0.1,1.3,194
119,126,1,6,2.7,0.9,0.2,0,0.3,2.7,0.2,2.3,318.3
120,126,1,2,0.9,0.3,0.1,0,0.1,0.9,0.1,0.8,106.1
122,126,1,3,1.4,0.5,0.1,0,0.1,1.4,0.1,1.1,142.6
127,126,1,7,3.1,0.6,0.2,0,0.6,3.1,0.6,2.7,332.9
8,127,1,3,1.3,0.2,0,0,0.2,1.3,0.1,1.2,165.1
19,127,1,2,0.8,0.1,0,0,0.1,0.8,0.1,0.7,97.2
20,127,0,35,14,3,1,0,1,14,1,12,1763
21,127,1,9,4,0.9,0.2,0,0,4,0.7,3.4,478.4
29,127,1,9,3.6,0.5,0.2,0,0.4,3.6,0.4,3.2,372.1
30,127,1,22,8.7,1.3,0.4,0,0.9,8.7,0.9,7.8,909.6
31,127,1,21,9.2,2.2,0.2,0,0.5,9.2,0.5,8,1025
32,127,1,13,5.7,1.4,0.2,0,0.3,5.7,0.3,5,634.5
33,127,1,2,0.9,0.2,0,0,0,0.9,0,0.8,97.6
38,127,1,3,0.9,0.2,0.1,0,0,0.9,0.1,0.9,109.5
39,127,1,12,3.6,0.8,0.6,0,0.1,3.6,0.3,3.4,437.8
44,127,1,6,1.8,0.4,0.3,0,0.1,1.8,0.1,1.7,218.9
86,127,1,6,2.5,0.7,0.2,0,0,2.5,0.1,2,290.9
127,127,1,1,0.4,0.1,0,0,0.1,0.4,0.1,0.4,47.6
