x,y,imputed,ind,men,men_1ind,men_5ind,men_coll,men_fmp,men_mais,men_pauv,men_prop,men_surf
21,70,1,2,0.8,0.2,0.1,0,0,0.8,0.2,0.7,94.4
5,70,1,8,3.7,1.1,0,0.8,0.3,2.9,0.3,2.4,277.6
67,29,1,2,0.7,0.1,0.1,0,0,0.7,0,0.6,77.1
87,81,1,5,2.2,0.6,0.1,0.7,0.6,1.5,0.5,1.8,223.4
42,33,1,9,4.5,1.6,0,0,0.2,4.5,0.4,3.9,497.3
41,50,0,32,14,2,0,0,1,14,0,13,1420
59,40,1,7,2.8,0.3,0.1,0.6,0.4,2.2,0,2.7,302.8
89,81,1,5,1.7,0.3,0.2,0,0.3,1.7,0.3,0.9,148.1
63,28,1,2,0.8,0.2,0.1,0.1,0.1,0.7,0.1,0.6,83.8
86,81,0,45,16,1,1,8,1,8,0,8,1603
93,81,1,44,14.7,2.4,1.6,0,2.4,14.7,2.4,8.1,1303.7
41,33,1,3,1.5,0.5,0,0,0.1,1.5,0.1,1.3,165.8
37,33,1,2,0.7,0.1,0.1,0,0.1,0.7,0,0.7,92.3
21,40,1,1,0.4,0.2,0,0.1,0,0.3,0,0.3,39.5
20,50,1,4,1.6,0.3,0,0.3,0.1,1.3,0.1,1.3,184.1
19,70,1,10,3.9,1.2,0.3,0,0,3.9,0.9,3.3,472.1
25,70,1,9,3.8,1.4,0.2,0,0.6,3.8,1.4,3.4,350.7
85,73,1,10,4.1,1.5,0.7,1.1,0,3,0.4,3.5,386.1
23,40,1,19,8,3.3,0.4,2.2,0.4,5.8,0,5.5,750.1
18,70,1,22,9.1,3.4,0.7,0.3,1.4,8.8,1,8.5,943.3
57,97,1,2,0.8,0.2,0,0,0.2,0.8,0.3,0.8,74.4
92,81,1,4,1.3,0.2,0.1,0,0.2,1.3,0.2,0.7,118.5
24,40,1,16,6,1,0,0.5,0,5.5,1,6,645
65,29,0,40,17,7,1,0,1,17,2,9,1651
47,25,1,22,8.4,2,1.1,2,0.9,6.4,0.2,6.2,901.2
0,32,1,2,0.8,0.2,0,0.2,0.1,0.6,0,0.6,90.7
34,45,0,38.5,16,6,1,0,1,16,1,11,1350
84,73,1,1,0.4,0.1,0.1,0.1,0,0.3,0,0.4,38.6
3,91,0,34.5,24,14,0,9,6,15,9,11,2164
80,73,0,77,26,4,3,3,1,23,1,21,2471
48,33,1,1,0.4,0.1,0,0,0,0.4,0,0.4,41.8
16,40,0,36,16,8,3,0,0,16,3,11,1519
27,33,1,4,1.5,0.2,0,0.1,0,1.4,0.2,1.5,161.2
17,50,1,1,0.5,0.1,0,0,0.1,0.5,0.1,0.3,47.3
49,33,1,12,4.8,1,0.5,0.2,0.3,4.6,0.4,4.4,501.4
68,70,1,34,12.5,3.7,2.5,0.6,1.9,11.9,2.5,11.9,1139.8
35,45,0,34,11,4,3,2,1,9,3,7,1161
84,81,0,82,39,11,1,0,2,39,2,37,3953
79,73,1,17,7,1.5,0.4,0,0.4,7,0.4,6.7,766.5
32,15,1,7,2.8,0.7,0.2,0.5,0.4,2.3,0.2,2.1,253.7
49,8,1,1,0.4,0.1,0.1,0,0,0.4,0,0.3,40.2
68,29,1,23,7.9,0.8,0.9,0.1,0.3,7.8,0.4,7.1,886.2
4,70,1,8,3.7,1.1,0,0.8,0.3,2.9,0.3,2.4,277.6
51,15,1,5,1.6,0.2,0.2,0.2,0.2,1.4,0.2,1.2,172.4
1,91,1,2,0.8,0.2,0,0.1,0,0.7,0.1,0.6,82.9
60,29,1,13,5,1,0.5,0.8,0.4,4.2,0.8,4.1,544.5
45,16,1,2,0.8,0.2,0,0.1,0.1,0.7,0.1,0.7,91.9
69,29,1,7,3.2,0.9,0,0.3,0.3,2.9,0,2.9,337.8
44,25,1,16,6.1,1.4,0.8,1.4,0.6,4.7,0.2,4.5,655.4
42,50,1,18,7.1,1.6,0.5,0.9,0.6,6.2,0.5,5.7,670.2
44,50,1,14,5.9,1.2,0,0.3,1.2,5.6,0.9,5,645.9
59,29,1,13,5,1,0.5,0.8,0.4,4.2,0.8,4.1,544.5
7,40,0,58,32,15,1,23,2,9,2,21,2502
81,73,0,164,91,50,3,55,10,36,14,39,6691
7,50,1,13,5.8,1.6,0.4,0.6,0.5,5.2,0.2,4.6,663.7
45,25,1,14,5.3,1.3,0.7,1.2,0.6,4.1,0.1,3.9,573.5
33,45,0,40,16,6,1,4,0,12,1,12,1534
32,45,1,8,3.4,1.1,0.2,1.2,0,2.2,0.4,2.1,310.3
8,40,0,593.5,249,119,39,248,50,1,120,1,18517
20,40,1,2,0.8,0.3,0,0.2,0,0.6,0,0.6,79
69,45,1,14,5.3,1.9,0.6,2.5,0.8,2.8,1.5,2.3,471.8
40,50,1,3,1.2,0.3,0.1,0.2,0.1,1,0.1,1,111.7
50,8,1,23,8.3,2,1.4,0,0.9,8.3,0.6,7.8,923.7
60,28,1,6,2.3,0.5,0.2,0.4,0.2,1.9,0.4,1.9,251.3
62,29,1,5,1.9,0.4,0.2,0.3,0.1,1.6,0.3,1.6,209.4
42,40,1,2,1,0.4,0.1,0.1,0.1,0.9,0.3,0.8,74.9
16,50,1,8,3.9,1,0,0,1,3.9,0.5,2.7,378.1
34,8,0,41,15,2,1,0,7,15,5,5,1298
36,8,1,4,1.2,0.1,0.2,0.2,0.1,1,0.1,0.9,126.8
35,8,1,9,2.8,0.3,0.4,0.5,0.3,2.3,0.3,2,285.4
60,40,1,2,0.8,0.1,0,0.2,0.1,0.6,0,0.8,86.5
5,40,1,5,2.5,0.6,0,1.5,0.8,1,0,0.8,261.6
35,33,1,29.5,10,1,0.8,0,1,10,0.5,9.7,1360.8
26,15,1,6,2.7,1.2,0.2,0,0,2.7,0,2.7,230.3
63,40,1,2,0.8,0.1,0,0.2,0.1,0.6,0,0.8,86.5
53,15,1,26,8.3,1,1,0.9,0.8,7.4,0.9,6.5,896.4
28,45,1,20,6.9,1.5,0.7,0,0.4,6.9,0.4,5.8,808.4
9,40,0,90.5,54,32,0,46,8,8,7,8,3387
36,33,1,7,2.4,0.2,0.2,0,0.2,2.4,0.1,2.3,322.9
25,15,1,10,4.5,1.9,0.3,0,0,4.5,0,4.5,383.9
56,29,1,1,0.4,0.1,0,0,0,0.4,0,0.4,48.2
15,45,1,9.5,3.3,0.5,0.3,0.3,0.5,3,0.5,2.6,377.3
85,81,0,106,41,8,5,0,6,41,6,32,4160
82,73,0,218,117,59,7,83,20,34,29,40,7570
63,26,1,8,3.4,0.7,0,0.4,0.2,3,0.2,2.7,354
71,26,0,33.5,13,4,2,2,3,11,2,6,1360
72,26,1,25,9.1,2.4,1,1.3,1.7,7.8,2,6.4,813.5
15,97,1,1,0.4,0.2,0.1,0,0,0.4,0.1,0.3,41.7
80,70,0,15,11,9,0,5,0,6,0,7,788
28,91,1,2,0.8,0.2,0,0,0,0.8,0.1,0.6,83.5
107,107,0,100,37,8,4,0,3,37,7,20,3193
1,63,1,6,2.7,0.9,0.1,0.2,0.1,2.5,0.3,1.7,254.9
51,25,1,6,2.2,0.4,0.1,0.8,0.1,1.4,0.2,1.2,208.7
54,29,1,11,4.2,1,0,0,0.2,4.2,0.2,4,530.2
5,91,1,9,4,0.9,0.2,0.7,0.2,3.3,0.6,3.3,445.8
81,70,1,7,3.3,0.7,0,0.6,0.4,2.7,0.3,2.6,320
9,37,0,80,33,8,2,2,5,31,3,24,3176
9,50,1,4,1.8,0.4,0.1,0,0.2,1.8,0,1.7,204
13,8,1,3,1.2,0.3,0.1,0,0.2,1.2,0.3,1,139.3
108,107,1,13,4.4,0.6,0.5,0.3,0.2,4.1,0.2,4,548.4
64,87,1,2,0.8,0.3,0.1,0.2,0.1,0.6,0.2,0.6,83.9
29,45,1,11,4.7,1.5,0.3,1.7,0,3,0.6,2.9,426.6
13,36,1,3,1.2,0.4,0.1,0.2,0.1,1,0.1,0.8,125.1
68,36,1,2,0.8,0.2,0,0,0.1,0.8,0.1,0.7,83.9
6,50,1,4,1.8,0.5,0.1,0.2,0.2,1.6,0.1,1.4,204.2
11,37,1,4,1.7,0.5,0.2,0.3,0.1,1.4,0.2,1.2,156.6
4,40,1,11,5.5,1.4,0,3.3,1.7,2.2,0,1.7,575.6
48,29,0,57,27,10,1,2,1,25,3,10,2508
63,36,1,3,1.1,0.2,0.1,0.1,0.1,1,0,0.9,123.6
61,26,1,2,0.8,0.2,0,0.1,0,0.7,0,0.7,88.5
27,15,1,1,0.5,0.2,0,0,0,0.5,0,0.5,38.4
41,15,1,2,0.8,0.2,0.1,0.2,0.1,0.6,0.1,0.5,81.3
49,29,1,14,4.8,0.8,0.6,0.3,0.5,4.5,0.7,4.1,566.9
22,16,1,3,1.6,0.6,0,0,0.1,1.6,0.3,1.3,173.9
25,16,1,5,2.3,1,0.2,0,0,2.3,0,2.3,191.9
41,16,1,5,1.9,0.5,0.3,0.4,0.2,1.5,0.3,1.4,203.2
78,73,1,3,1.3,0.3,0,0,0.1,1.3,0.1,1.2,147.4
7,63,1,5,2,0.4,0.1,0.2,0.3,1.8,0.3,1.3,175.7
46,73,1,7,3,0.6,0,0,0.8,3,0.6,2.1,250.9
44,73,1,7,3,0.6,0,0,0.8,3,0.6,2.1,250.9
18,80,0,25.5,14,7,0,3,0,11,1,11,1450
17,80,0,45,28,15,0,17,2,11,9,8,2175
52,29,1,23.5,8,1.4,1,0.5,0.8,7.5,1.2,6.9,951.5
7,37,1,6,3,0.8,0,1.8,0.9,1.2,0,0.9,313.9
30,16,1,2,0.8,0.2,0,0.2,0.1,0.6,0,0.6,72.5
45,73,1,5,2.1,0.5,0,0,0.6,2.1,0.5,1.5,179.2
58,73,1,13,6,2.5,0.7,0,0,6,0.4,5.3,658.8
53,26,1,12,4.4,0.9,0.2,1.5,0.2,2.9,0.4,2.4,417.4
67,33,1,4,1.6,0.4,0.1,0.1,0.2,1.5,0.2,1.4,167.7
49,36,1,2,0.8,0.2,0.1,0,0.1,0.8,0.1,0.7,83.6
4,91,0,56,27,11,1,14,3,13,4,11,2365
15,8,1,7,3.3,1.5,0.2,0.5,0.2,2.8,0.5,2,326.2
45,29,1,11,4.5,1,0.3,0.7,0.5,3.8,0.2,3.7,482.7
26,16,1,4,1.8,0.8,0.1,0,0,1.8,0,1.8,153.5
40,73,1,4,1.6,0.4,0,0,0.3,1.6,0.3,1,205.2
15,40,1,2,1,0.4,0.1,0.3,0.1,0.7,0.2,0.7,83.6
10,40,1,14,6.1,1.7,0.6,1,0.3,5.1,0.6,4.3,548
47,29,1,13,5.3,1.2,0.4,0.8,0.6,4.5,0.2,4.4,570.5
4,32,1,2,0.8,0.2,0,0.1,0.1,0.7,0.1,0.6,82.8
5,32,1,1,0.4,0.1,0,0.1,0.1,0.3,0,0.3,41.4
45,50,0,75,29,8,1,0,2,29,1,19,2945
0,36,1,13,5.4,1.2,0.3,1.6,0.5,3.8,0.3,3.9,589.7
14,45,0,34.5,14,1,0,0,0,14,0,14,1538
22,73,1,2,1,0.3,0.1,0.1,0,0.9,0.2,0.8,93.8
86,126,1,3,1.2,0.5,0.1,0.1,0,1.1,0.2,0.9,119
6,37,0,49,25,13,0,24,6,1,8,1,1789
9,73,1,4,1.6,0.4,0,0,0.1,1.6,0.2,1,167.8
2,91,0,27,14,7,1,7,1,7,3,8,1177
65,78,1,4,1.6,0.6,0.2,0.3,0.2,1.3,0.4,1.2,167.8
112,125,1,17,7.3,2.2,0.4,1.3,0.6,6,0.9,5.8,856.2
36,45,1,26,10.7,2.3,0.8,5.3,1.5,5.4,0.8,5.4,973.5
51,26,1,10,3.6,0.7,0.2,1.3,0.2,2.3,0.4,2,347.8
52,26,0,32.5,14,4,1,5,3,9,2,11,1155
70,36,1,1,0.4,0.1,0,0,0,0.4,0,0.4,34.1
31,15,1,1,0.4,0.1,0,0.1,0,0.3,0,0.3,36.2
52,15,1,5,1.6,0.2,0.2,0.2,0.2,1.4,0.2,1.2,172.4
8,37,0,34,14,1,1,0,1,14,0,13,1750
8,32,1,14,5.8,1.4,0.3,1.1,0.8,4.7,0.6,3.9,579.5
53,84,1,3,1.4,0.6,0.1,0,0,1.4,0.3,1.3,138.4
74,78,1,2,0.9,0.2,0,0.1,0.1,0.8,0.1,0.8,98.3
80,78,1,2,0.9,0.3,0,0.1,0,0.8,0.1,0.8,90.7
12,45,0,36,14,3,1,3,3,11,1,9,1304
14,40,0,42,13,0,2,0,2,13,0,12,1237
12,40,0,26,11,2,1,0,0,11,0,10,975
14,73,1,2,1,0.3,0.1,0.1,0,0.9,0.2,0.8,93.8
29,97,1,2,0.7,0.1,0.1,0.1,0.1,0.6,0.1,0.6,60.2
1,36,1,22,9.1,2,0.5,2.6,0.9,6.5,0.5,6.6,998
19,73,1,2,1,0.3,0.1,0.1,0,0.9,0.2,0.8,93.8
51,36,1,16,6.4,1.3,0.7,0.2,0.4,6.2,0.6,5.8,668.6
102,126,0,49,20,4,0,1,1,19,0,15,1762
83,70,1,6,2.8,0.6,0,0.5,0.4,2.3,0.2,2.2,274.3
41,29,1,6,2.8,0.8,0.2,0.7,0,2.1,0.3,2.5,331.5
14,36,1,24,9,2.1,1.3,0,0.4,9,0.4,8.6,948
16,80,0,55.5,30,15,2,12,4,18,6,12,2486
20,80,1,24,11.2,3.2,0.8,0.8,2.4,10.4,4,4.8,880.8
10,37,0,117.5,46,8,2,0,12,46,2,19,4157
5,37,0,224,142,90,3,129,11,13,13,88,11244
3,40,0,118,70,43,4,54,7,16,7,29,5671
113,125,1,12,5.1,1.6,0.3,0.9,0.4,4.2,0.7,4.1,604.4
102,107,1,6,2.2,0.3,0.1,0.1,0.2,2.1,0.2,2,301.1
103,107,1,21,7.7,1.1,0.4,0.4,0.7,7.3,0.8,7.2,1053.7
104,107,1,20,6.8,1,0.8,0.4,0.2,6.4,0.3,6.1,843.7
105,107,0,75.5,29,13,4,12,1,17,2,14,2580
46,50,0,99,34,10,6,0,2,34,4,21,3198
71,70,1,11,4.2,0.6,0.2,0,0.3,4.2,0.2,4.1,426.3
31,22,1,16,6.2,1.2,0.6,0.5,0.6,5.7,0.2,5.5,655.3
6,32,1,14,5.8,1.4,0.3,1.1,0.8,4.7,0.6,3.9,579.5
50,36,1,7,2.8,0.6,0.3,0.1,0.2,2.7,0.2,2.6,292.5
0,63,1,4,1.8,0.6,0.1,0.1,0.1,1.7,0.2,1.2,170
40,63,1,7,2.9,1.2,0.5,0.2,0.1,2.7,0.6,2.2,279.6
55,8,1,28,10.3,2.1,1.4,0.3,1.1,10,0.4,8.9,1120.4
23,80,1,2,0.9,0.3,0.1,0,0.2,0.9,0.3,0.4,73.4
13,73,1,5,2,0.5,0,0.1,0.1,1.9,0.2,1.3,209.8
50,26,1,2,0.7,0.1,0,0.2,0,0.5,0.1,0.4,69.6
50,33,1,12,4.8,1,0.5,0.2,0.3,4.6,0.4,4.4,501.4
13,16,1,6,2,0.1,0.1,0.1,0.1,1.9,0.4,1.5,204.7
6,40,1,18,9,2.2,0,5.4,2.7,3.6,0,2.7,941.9
11,44,1,1,0.4,0.1,0,0.1,0,0.3,0,0.3,44.1
66,45,0,310,125,46,20,114,10,11,62,12,9026
67,45,0,86.5,40,14,1,12,3,28,2,29,3694
68,45,0,118,56,20,1,49,8,7,17,8,3474
64,29,1,8,2.7,0.3,0.3,0,0.1,2.7,0.1,2.5,308.3
36,15,1,3,1.2,0.3,0.2,0.3,0.1,0.9,0.2,0.8,121.9
51,33,1,3,1.2,0.2,0.1,0,0.1,1.2,0.1,1.1,125.4
62,33,1,5,1.8,0.4,0.2,0.1,0.1,1.7,0,1.5,206
97,123,1,2,0.7,0.1,0.1,0.1,0.1,0.6,0.1,0.7,74.5
3,126,1,4,1.5,0.6,0.2,0.4,0,1.1,0.1,1.5,134.7
69,36,1,11,4.4,1.1,0.6,0.3,0.3,4.1,0,4.4,374.8
18,78,1,8,3.4,1.2,0.4,0,0.2,3.4,0.6,2.9,348.1
81,78,1,13,5.9,1.7,0.2,0.4,0.2,5.5,0.6,5.2,589.4
21,8,1,4,1.8,0.7,0.1,0,0.1,1.8,0.1,1.7,142.3
56,8,1,17,6.3,1.3,0.9,0.2,0.6,6.1,0.2,5.4,680.2
113,124,0,25,16,9,0,12,2,4,4,1,1342
27,80,1,2,0.9,0.2,0,0.1,0.1,0.8,0.1,0.8,86
53,29,1,10,3.4,0.6,0.4,0.2,0.4,3.2,0.5,2.9,404.9
1,50,0,28,11,1,0,1,1,10,0,10,1164
2,50,1,14,5.7,1.6,0.4,0.4,0,5.3,0.2,5.5,674.8
63,33,1,11,4,0.8,0.4,0.2,0.2,3.8,0,3.2,453.1
86,70,1,2,0.6,0.3,0.2,0,0,0.6,0.1,0.5,67.2
35,126,1,10,3.8,0.6,0.4,0.2,0.2,3.6,1.3,3.8,427.2
91,89,1,1,0.5,0.2,0,0.2,0.1,0.3,0.1,0.4,43.3
81,103,1,1,0.4,0.1,0.1,0.1,0,0.3,0.1,0.3,42
58,15,1,14,5.1,0.8,0.6,0,0.2,5.1,0.4,5.1,523.5
9,36,0,30,13,4,0,0,2,13,0,9,1320
52,36,1,2,0.8,0.2,0.1,0,0.1,0.8,0.1,0.7,83.6
36,126,1,8,3.1,0.5,0.3,0.2,0.2,2.9,1,3.1,341.8
33,8,1,6,1.9,0.4,0.4,0,0.2,1.9,0.4,1.8,230.1
61,63,1,17,6,0.7,0.7,0.1,0.7,5.9,0.3,5.7,636.2
9,44,1,4,1.7,0.5,0.1,0.4,0.1,1.3,0.1,1.3,176.4
21,80,1,1,0.5,0.1,0,0,0.1,0.5,0.2,0.2,36.7
31,16,1,9,3.6,0.9,0.2,0.7,0.4,2.9,0.2,2.7,326.2
39,16,1,3,1.2,0.3,0.2,0.3,0.1,0.9,0.2,0.8,121.9
50,15,1,23,7.4,0.9,0.9,0.8,0.7,6.6,0.8,5.8,792.9
70,70,1,10,3.8,0.5,0.1,0,0.3,3.8,0.1,3.7,387.5
17,97,1,2,0.9,0.3,0.1,0.1,0.1,0.8,0.2,0.6,83.4
64,123,1,5,2,0.4,0.1,0,0,2,0,1.6,212.3
9,32,1,12,5,1.5,0.5,0.9,0.5,4.1,0.6,3.3,500.4
96,126,1,1.5,0.6,0.1,0.1,0.1,0,0.5,0,0.5,55.9
97,126,1,7,2.6,0.3,0.3,0.5,0.2,2.1,0.2,2.4,260.7
17,8,1,3,1.4,0.6,0.1,0.2,0.1,1.2,0.2,0.9,139.8
36,63,1,15,5.8,0.8,0.5,1.1,1.8,4.7,2.1,4.5,518.7
66,30,1,14,4.8,0.5,0.6,0.1,0.2,4.7,0.2,4.3,539.4
68,48,1,11,5.1,2.4,0.8,2.4,0.4,2.7,1.2,4.3,447.1
96,100,1,2,0.8,0.1,0,0,0,0.8,0,0.8,98.4
4,37,0,174.5,80,34,5,40,11,40,5,57,6442
72,87,0,39,14,3,2,5,1,9,2,7,1578
69,70,0,40,14,2,1,0,0,14,0,14,1597
106,103,1,20,6.6,0.4,0.9,0.2,0.2,6.4,0.4,5.9,670.1
107,103,1,11,3.6,0.2,0.5,0.1,0.1,3.5,0.2,3.3,368.6
97,97,1,4,1.6,0.2,0,0,0,1.6,0,1.5,196.8
65,30,0,53.5,21,5,1,2,3,19,1,16,2169
12,44,1,8,3.4,0.9,0.3,0.7,0.1,2.7,0.2,2.7,352.7
82,89,1,8,2.9,0.6,0.5,0.5,0.2,2.4,0.1,2.1,318
83,89,0,34,11,0,2,0,0,11,1,10,1362
84,89,1,4,1.9,0.7,0,0.6,0,1.3,0,1.3,214.8
92,89,1,1,0.5,0.2,0,0.2,0.1,0.3,0.1,0.4,43.3
16,15,1,2,1,0.4,0,0,0.1,1,0.2,0.9,116
67,47,0,185.5,94,38,1,60,9,34,14,40,7076
60,25,1,8,3.4,0.7,0,0.4,0.2,3,0.2,2.7,354
79,123,1,1,0.5,0.2,0,0,0,0.5,0.1,0.4,40.4
108,123,1,4,1.2,0.2,0.2,0.2,0,1,0.1,1.1,166
109,123,1,6,2.6,0.8,0.1,0.5,0.2,2.1,0.3,2,302.2
48,30,0,34,14,3,0,1,1,13,0,13,1462
53,30,1,4,1.4,0.2,0.2,0.1,0.1,1.3,0.2,1.2,162
60,30,1,8,3.1,0.6,0.3,0.5,0.2,2.6,0.5,2.5,335.1
3,80,1,1,0.4,0.2,0,0,0.1,0.4,0.1,0.4,42.5
1,37,0,50,24,7,0,4,0,20,1,23,2195
25,84,1,4,1.7,0.5,0.1,0.5,0.2,1.2,0.3,1.4,170.8
6,91,0,29,12,2,0,0,0,12,0,12,1047
7,91,0,34,14,3,0,0,0,14,0,13,1246
29,91,1,9,3.8,0.8,0.1,0.1,0.7,3.7,0.6,3.4,378.7
16,52,1,1,0.4,0.1,0,0,0.1,0.4,0.1,0.3,35.1
12,63,1,4,1.6,0.3,0.1,0.2,0.2,1.4,0.2,1.1,140.6
51,30,1,22,7.5,1.3,0.9,0.5,0.8,7,1.2,6.5,890.8
59,30,1,13,5,1,0.5,0.8,0.4,4.2,0.8,4.1,544.5
64,30,1,31,10.6,1.1,1.2,0.2,0.4,10.4,0.5,9.6,1194.5
2,37,0,114,53,14,0,3,3,50,1,48,5164
99,100,1,10,3.5,0.6,0.2,0.4,0,3.1,0,3.1,404.5
46,29,1,4,1.6,0.4,0.1,0.2,0.2,1.4,0.1,1.3,175.5
106,107,0,160,72,23,3,12,5,60,5,51,6539
109,107,1,2,0.8,0.3,0.1,0.2,0.1,0.6,0.1,0.4,93.8
47,50,0,35,14,4,1,7,1,7,2,6,1195
64,40,0,46.5,12,1,3,0,0,12,0,9,1177
64,33,1,6,2.5,0.6,0.1,0.2,0.2,2.3,0.2,2.1,251.6
66,33,1,3,1.2,0.3,0,0.1,0.1,1.1,0.1,1.1,125.8
10,36,1,14,5.8,1.7,0.5,1.1,0.5,4.7,0.7,3.8,583.8
9,52,1,6.5,2.9,0.8,0.1,0.4,0.1,2.5,0.4,2.5,317.2
68,30,1,26,8.9,0.9,1,0.1,0.3,8.8,0.4,8,1001.8
10,45,1,10,4.2,1.2,0.4,0.9,0.1,3.3,0.2,3.4,440.9
17,84,1,3,1.6,0.6,0,0.2,0,1.4,0.4,1.2,152.9
21,84,1,17,6.8,1.6,0.3,0,0.3,6.8,0.9,6.2,704.2
85,89,1,3,1.4,0.6,0,0.4,0,1,0,1,161.1
93,89,1,15.5,7.2,2.9,0.3,2.1,1.1,5.1,0.8,5.6,671.3
42,47,1,17,6.7,1.5,0.4,0.9,0.6,5.8,0.4,5.4,633
19,15,1,4,2.1,0.8,0,0,0.2,2.1,0.4,1.7,231.9
35,15,1,2,0.8,0.2,0.1,0.2,0.1,0.6,0.1,0.5,81.3
65,40,0,98,41,12,0,3,11,38,2,12,3493
66,40,1,2,0.8,0.2,0,0,0.1,0.8,0.1,0.8,87.7
68,40,1,6,2.5,0.7,0.1,0.2,0.2,2.3,0.2,2.3,263.1
49,15,1,22,7,0.9,0.9,0.7,0.7,6.3,0.8,5.5,758.5
57,57,1,2,0.7,0.1,0.1,0,0,0.7,0,0.7,76.7
2,36,1,2,0.8,0.2,0,0.2,0.1,0.6,0,0.6,90.7
5,71,1,3,1.4,0.4,0,0.3,0.1,1.1,0.1,0.9,104.1
49,30,0,30.5,12,4,1,0,1,12,1,12,1226
47,30,0,29,12,3,0,0,3,12,1,9,1056
67,48,0,178,94,44,2,61,10,33,10,30,6555
17,23,1,2,0.8,0.2,0.1,0,0.1,0.8,0.1,0.5,101.5
97,100,1,11,4.5,0.5,0,0,0.1,4.5,0.1,4.1,541.1
34,29,1,1,0.4,0.1,0,0,0,0.4,0,0.4,43.2
13,45,1,18,7.6,2.1,0.7,1.6,0.3,6,0.4,6.1,793.6
65,45,1,5,1.9,0.5,0.2,0.2,0.2,1.7,0.1,1.2,186.7
63,29,1,2,0.8,0.2,0.1,0.1,0.1,0.7,0.1,0.6,83.8
46,15,1,3,1.2,0.2,0,0.1,0.1,1.1,0.1,1,137.8
11,97,1,6,3.1,1.6,0,0.3,0.2,2.8,0.7,2.4,303.1
13,97,1,2,1,0.5,0,0.1,0.1,0.9,0.2,0.8,101
30,22,1,34,13.1,2.6,1.2,1,1.2,12.1,0.5,11.6,1392.6
4,126,1,2,0.6,0,0.1,0,0.1,0.6,0.1,0.5,65.1
32,126,1,2,0.7,0.2,0.2,0.2,0,0.5,0,0.5,76.1
44,126,1,2,0.9,0.3,0,0,0,0.9,0.1,0.8,78.7
35,63,1,2,0.8,0.1,0.1,0.2,0.2,0.6,0.3,0.6,69.2
52,8,1,6,2.2,0.5,0.4,0,0.2,2.2,0.2,2,241
46,30,1,1,0.4,0.1,0,0.1,0,0.3,0,0.3,43.9
66,48,1,8,3.7,1.7,0.6,1.7,0.3,2,0.9,3.1,325.1
13,40,0,46,16,3,3,0,4,16,2,5,1649
0,37,0,96,45,14,0,6,3,39,1,37,4454
26,84,0,25,12,8,1,1,1,11,2,8,966
28,84,1,4,1.7,0.5,0.1,0.5,0.2,1.2,0.3,1.4,170.8
43,84,1,3,1.1,0.2,0.1,0.2,0.1,0.9,0.2,0.9,115.1
34,50,1,3,1.2,0.3,0.1,0.2,0.1,1,0.1,1.2,136.6
69,87,0,28.5,14,6,0,5,1,9,5,9,1135
48,50,0,37,16,6,1,8,1,8,2,12,1574
2,22,1,2,1.4,0.8,0,0.5,0.1,0.9,0.2,0.6,144.9
51,50,1,5,2.3,0.7,0.1,0.8,0.2,1.5,0.4,1.6,205.4
52,50,1,15,7,2.1,0.2,2.4,0.8,4.6,1.2,4.8,616.2
15,52,1,4,1.6,0.3,0.1,0.2,0.2,1.4,0.2,1.1,140.6
45,126,1,2,0.9,0.3,0,0,0,0.9,0.1,0.8,78.7
65,104,1,2,0.8,0.2,0.1,0.1,0.1,0.7,0.1,0.7,84
56,21,1,7,2.7,0.5,0.3,0.5,0.1,2.2,0,2.5,265.6
45,30,0,29,11,2,0,0,0,11,2,10,1166
67,30,1,20,6.9,0.7,0.8,0.1,0.2,6.8,0.3,6.2,770.6
11,45,1,13,5.5,1.5,0.5,1.1,0.2,4.4,0.3,4.4,573.1
78,89,1,15,5.8,0.4,0.2,0.2,0.4,5.6,0.2,5.5,730.7
41,47,1,2,0.8,0.2,0.1,0.1,0.1,0.7,0.1,0.6,74.5
61,25,1,14,5.9,1.2,0,0.6,0.3,5.3,0.3,4.7,619.4
64,25,1,5,2.3,0.6,0,0.2,0.2,2.1,0,2.1,241.2
71,25,1,25,9.1,2.4,1,1.3,1.7,7.8,2,6.4,813.5
72,25,0,112,53,21,3,12,10,41,6,32,5049
58,30,1,12,4.6,1.1,0,0,0.3,4.6,0.3,4.4,578.5
83,79,0,54,20,4,2,1,1,19,0,18,1801
1,125,1,1,0.4,0.2,0,0.1,0,0.3,0,0.4,33.7
6,45,1,23,8.9,1.6,1.1,2,0.9,6.9,0.4,7.1,984.8
3,37,1,25,10.2,1.8,1,0.5,0.5,9.7,0.5,8.7,968.9
7,45,1,6,2.3,0.4,0.3,0.5,0.2,1.8,0.1,1.9,256.9
98,100,1,22,9,1,0,0,0.2,9,0.2,8.2,1082.2
64,34,1,9,3.7,0.9,0.1,0.2,0.4,3.5,0.4,3.2,377.4
65,34,1,3,1.2,0.3,0,0.1,0.1,1.1,0.1,1.1,125.8
107,125,1,7,2.2,0.3,0.3,0.4,0,1.8,0.1,1.9,290.5
111,125,1,12.5,5.4,1.6,0.3,1,0.4,4.4,0.7,4.3,629.5
69,53,1,16,6.4,1.8,0.3,2.4,1.5,4,1.8,3.4,462.3
12,33,1,2,0.8,0.2,0.1,0.1,0.1,0.7,0.1,0.5,83.4
58,16,1,11,4,0.6,0.5,0,0.2,4,0.3,4,411.3
19,71,1,12,4.7,1.5,0.4,0,0,4.7,1.1,4,566.5
57,30,1,1,0.4,0.1,0,0,0,0.4,0,0.4,48.2
63,30,1,13,5,1,0.5,0.8,0.4,4.2,0.8,4.1,544.5
0,23,1,2,1.4,0.8,0,0.5,0.1,0.9,0.2,0.6,144.9
63,34,1,2,0.7,0.1,0.1,0,0,0.7,0,0.6,82.4
30,23,1,23.5,9.1,1.8,0.8,0.7,0.8,8.4,0.4,8,962.5
19,84,1,15,6,1.4,0.3,0,0.3,6,0.8,5.5,621.3
20,84,1,4,1.6,0.4,0.1,0,0.1,1.6,0.2,1.5,165.7
38,50,1,7,2.7,0.6,0.3,0.3,0.2,2.4,0.2,2.7,318.7
70,87,0,48.5,16,2,2,3,5,13,0,15,1496
73,87,1,18,7.8,1.7,0.3,1.1,1.5,6.7,1.2,6.7,790
49,50,1,12,5.6,1.7,0.2,1.9,0.6,3.7,1,3.8,493
50,50,1,10,4.7,1.4,0.2,1.6,0.5,3.1,0.8,3.2,410.8
20,71,1,4,1.6,0.5,0.1,0,0,1.6,0.4,1.3,188.8
26,71,1,5,2.1,0.8,0.1,0,0.3,2.1,0.8,1.9,194.8
49,34,1,21,8.4,1.7,0.9,0.3,0.6,8.1,0.7,7.7,877.5
106,125,1,3,0.9,0.1,0.1,0.2,0,0.7,0.1,0.8,124.5
66,47,0,40,21,9,1,0,2,21,1,17,1847
64,28,1,15,5.1,0.5,0.6,0.1,0.2,5,0.3,4.6,578
70,28,1,5,2.3,0.6,0,0.2,0.2,2.1,0,2.1,241.2
50,123,1,6,2.8,0.8,0,0,0.1,2.8,0.4,2.5,236.2
3,120,1,2,1.1,0.6,0,0.1,0.2,1,0.3,0.6,97.6
108,112,1,16,5.1,0.6,0.6,0.2,0.3,4.9,0.2,5,629.3
6,26,1,3,1,0.1,0.1,0.1,0.1,0.9,0.2,0.8,102.4
4,125,1,2,0.6,0,0.1,0,0.1,0.6,0.1,0.5,65.1
95,125,1,4,1.5,0.2,0.2,0.3,0.1,1.2,0.1,1.4,149
0,40,0,25,11,3,1,3,1,8,1,8,1034
1,40,1,18,7.3,1.3,0.7,0.3,0.4,7,0.4,6.2,697.6
2,40,0,57,27,11,0,2,1,25,1,25,2570
4,33,1,19,7.9,1.9,0.3,1.5,1,6.4,0.8,5.2,786.5
5,33,1,8,3.3,0.8,0.1,0.6,0.4,2.7,0.3,2.2,331.1
6,33,1,4,1.7,0.4,0.1,0.3,0.2,1.4,0.2,1.1,165.6
7,33,1,4,1.7,0.4,0.1,0.3,0.2,1.4,0.2,1.1,165.6
8,33,1,2,0.8,0.2,0,0.1,0.1,0.7,0.1,0.6,82.8
9,33,1,3,1.2,0.4,0.1,0.2,0.1,1,0.1,0.8,125.1
24,33,1,2,0.8,0.1,0,0.1,0,0.7,0.1,0.8,80.6
69,40,1,4,1.6,0.4,0.2,0.1,0.1,1.5,0,1.6,136.3
9,126,1,4,1.2,0.1,0.2,0,0.1,1.2,0.1,0.9,130.2
16,126,1,2,1.1,0.7,0,0.1,0,1,0.3,0.7,99.6
62,36,1,7,2.6,0.5,0.3,0.1,0.1,2.5,0,2.1,288.3
83,71,1,12,5.7,1.2,0,1,0.7,4.7,0.5,4.5,548.5
62,30,1,7,2.7,0.5,0.3,0.4,0.2,2.3,0.4,2.2,293.2
82,80,1,24,10.8,3.1,0.4,0.8,0.4,10,1.2,9.7,1088.1
28,29,1,3,1.1,0.1,0,0,0.1,1.1,0,1.1,133.2
50,34,1,19,7.6,1.6,0.8,0.3,0.5,7.3,0.7,6.9,793.9
100,125,0,85,39,17,1,6,2,33,7,26,3663
29,23,0,61,32,14,0,9,3,23,2,23,2571
1,84,1,1,0.4,0.2,0,0,0.1,0.4,0.1,0.3,34.9
98,107,0,80,22,0,1,0,3,22,0,22,2408
99,107,0,91,30,3,5,0,1,30,3,29,3439
100,107,1,14,5.1,0.7,0.3,0.3,0.4,4.8,0.5,4.8,702.5
71,87,0,44,19,2,1,3,3,16,3,15,1832
74,87,1,13,5.1,0.3,0.2,0.2,0.3,4.9,0.2,4.7,633.3
25,126,1,15,5.5,1.3,1.3,1.3,0.3,4.2,0.3,3.9,571
5,120,1,4,1.6,0.4,0.2,0.2,0.2,1.4,0.1,1.3,164.4
17,124,1,1,0.6,0.3,0,0.1,0,0.5,0.1,0.4,49.8
55,30,1,2,0.8,0.2,0,0,0,0.8,0,0.7,96.4
8,44,0,48,24,12,2,18,3,6,5,15,1517
4,67,1,2,0.9,0.3,0,0.2,0.1,0.7,0.1,0.6,69.4
94,89,0,121,51,18,3,28,4,23,8,27,3800
48,15,1,1,0.4,0.1,0,0,0,0.4,0,0.3,45.9
55,57,0,42,15,0,1,0,2,15,0,14,1624
56,57,1,18.5,6.4,0.9,0.7,0.3,0.1,6.1,0.2,6,709.9
17,52,1,2,0.8,0.2,0,0.1,0.1,0.7,0.1,0.5,70.3
42,52,1,4,1.7,0.6,0.1,0,0.3,1.7,0.6,1.5,155.9
111,126,1,2,0.9,0.3,0,0.2,0.1,0.7,0.1,0.7,100.7
11,125,1,3,0.9,0,0.1,0,0.1,0.9,0.1,0.7,97.6
83,80,0,76.5,25,3,4,0,3,25,1,25,2724
42,34,1,4,2,0.7,0,0,0.1,2,0.2,1.7,221
27,23,1,5,2,0.4,0,0.3,0.1,1.7,0.2,1.7,222.1
107,105,0,29,11,0,0,0,2,11,1,10,1319
37,29,1,4,1.6,0.3,0.1,0.1,0.1,1.5,0.1,1.5,172.9
8,97,1,7,3.1,1,0.2,0.1,0.3,3,1.2,2,277.5
44,52,1,21,7.4,1.5,1,0,0.7,7.4,0.7,7,881
80,71,1,18.5,8.8,1.9,0,1.5,1.1,7.3,0.8,6.9,845.7
81,71,0,55,28,11,0,7,0,21,3,21,1989
84,71,1,12,3.8,1.6,1.3,0.3,0,3.5,0.6,2.8,402.9
4,43,1,11,4.2,0.8,0.5,0.9,0.4,3.3,0.2,3.4,471
5,43,0,45,19,4,2,6,1,13,3,12,1477
8,100,1,2,0.9,0.3,0,0,0.1,0.9,0.3,0.6,79.3
3,45,1,8,3.2,0.9,0.3,0.2,0.3,3,0.2,2.8,346.4
4,45,1,15,5.8,1,0.7,1.3,0.6,4.5,0.2,4.6,642.3
0,84,1,1,0.4,0.2,0,0,0.1,0.4,0.1,0.3,34.9
5,127,1,2,0.6,0,0.1,0,0.1,0.6,0.1,0.5,65.1
12,127,1,4,2,0.8,0.1,0.2,0.3,1.8,0.3,1.5,189.9
16,127,1,2,0.9,0.3,0,0,0,0.9,0.3,0.6,102.5
25,127,1,7,2.9,0.8,0.2,0.4,0,2.5,0.8,1.9,321.6
75,87,0,51.5,17,1,2,0,0,17,2,17,2009
30,86,1,3,1.2,0.3,0.1,0,0,1.2,0.1,1,125.2
97,87,1,5,1.7,0.5,0.2,0,0,1.7,0.2,1.6,166.7
98,87,1,4,1.4,0.4,0.2,0,0,1.4,0.2,1.3,133.4
4,120,1,8,3.1,0.8,0.3,0.3,0.5,2.8,0.2,2.6,328.8
104,126,1,8,2.5,0.3,0.3,0.5,0,2,0.2,2.2,332
87,78,1,2,0.9,0.2,0,0.3,0.2,0.6,0.2,0.7,89.4
33,29,1,6,2.8,0.7,0,0.1,0.2,2.7,0.2,2.6,277.1
1,103,1,4,1.8,0.5,0,0.4,0.2,1.4,0.3,1.6,222.5
95,89,1,14,4.9,1.3,0.7,0,0,4.9,0.7,4.6,466.9
87,103,1,1,0.4,0.1,0,0.1,0.1,0.3,0.2,0.3,33.3
95,103,1,1,0.4,0.1,0,0,0,0.4,0,0.4,45.1
46,25,1,3.5,1.3,0.3,0.2,0.3,0.1,1,0,1,143.4
107,126,1,1,0.3,0,0,0.1,0,0.2,0,0.3,41.5
79,71,1,1,0.5,0.1,0,0.1,0.1,0.4,0,0.4,45.7
110,126,1,7,3,0.9,0.2,0.5,0.2,2.5,0.4,2.4,352.5
41,30,1,2,0.9,0.3,0.1,0.2,0,0.7,0.1,0.8,110.5
44,30,1,8,3.3,0.7,0.2,0.5,0.4,2.8,0.1,2.7,351.1
52,48,1,6,2.8,0.8,0.1,0.9,0.3,1.9,0.5,1.9,246.5
84,79,0,100.5,53,25,2,3,7,50,3,49,4316
85,79,0,359,161,55,10,135,38,26,41,27,12273
86,79,0,365,182,85,9,128,30,54,56,49,11929
5,45,0,28,11,2,1,0,1,11,0,11,1245
22,29,1,3,1.1,0.3,0.1,0.1,0.1,1,0.1,0.9,121.1
9,45,1,8,3.4,0.9,0.3,0.7,0.1,2.7,0.2,2.7,352.7
87,100,1,7,2.6,0.9,0.4,0.5,0.5,2.1,1,1.9,233.3
54,16,1,3,1.1,0.2,0.1,0,0,1.1,0.1,1.1,112.2
57,16,1,5,1.8,0.3,0.2,0,0.1,1.8,0.1,1.8,187
23,71,1,5,2,0.6,0.2,0,0,2,0.5,1.7,236.1
74,88,0,55,19,2,2,1,2,18,0,19,2188
34,120,1,1,0.4,0.1,0,0,0,0.4,0.1,0.3,47.6
110,124,0,68,22,3,2,0,1,22,1,22,2708
111,124,0,49.5,20,3,1,0,4,20,0,19,2440
97,107,0,89,30,3,1,1,3,29,3,20,3359
76,87,1,16,6.2,0.4,0.2,0.2,0.4,6,0.2,5.8,779.4
105,110,0,49,19,3,1,0,2,19,4,19,2202
4,61,1,1,0.5,0.1,0,0,0,0.5,0.1,0.4,46.7
18,61,1,2,0.8,0.2,0,0.1,0.1,0.7,0.1,0.5,70.3
55,123,1,2,1,0.3,0,0,0.1,1,0,0.8,105.8
55,61,1,2,0.7,0.1,0.1,0,0,0.7,0,0.7,76.7
102,123,1,3,1.1,0.2,0.1,0,0.1,1.1,0.1,1,129
107,123,1,4,1.2,0.2,0.2,0.2,0,1,0.1,1.1,166
110,123,0,43,13,0,1,0,1,13,0,12,1476
17,78,1,2,0.8,0.3,0.1,0,0.1,0.8,0.2,0.7,87
44,71,1,5,2.2,0.6,0,0.7,0.4,1.5,0.4,1.9,204.9
112,124,0,35,11,1,1,1,1,10,0,11,1584
15,69,1,3,1.2,0.5,0.1,0,0.2,1.2,0.1,1.2,128.6
15,80,1,6,2.5,0.9,0.3,0,0.2,2.5,0.5,2.2,261.1
24,29,1,15,5.7,0.6,0.2,0,0.4,5.7,0,5.5,666.1
56,100,1,2,0.8,0.2,0,0,0.2,0.8,0.3,0.8,74.4
86,80,0,82.5,43,18,1,21,5,22,3,31,3434
87,80,0,50,22,5,1,4,1,18,0,20,2180
89,80,0,45.5,19,5,1,4,1,15,2,14,1624
70,40,1,5,2,0.5,0.2,0.1,0.1,1.9,0,2,170.4
26,126,1,4,1.5,0.3,0.3,0.4,0.1,1.1,0.1,1,152.3
73,88,0,44,14,0,1,0,0,14,0,14,1868
112,126,1,6,2.6,0.8,0.1,0.5,0.2,2.1,0.3,2,302.2
6,43,0,22,14,8,0,13,2,1,0,5,785
15,82,0,22,11,6,1,2,0,9,2,9,1111
19,82,1,20,8,1.9,0.4,0,0.4,8,1.1,7.3,828.4
3,46,1,3,1.2,0.4,0.1,0.1,0.1,1.1,0.1,1.1,129.9
41,34,1,13,6.5,2.4,0,0,0.3,6.5,0.6,5.6,718.2
96,107,1,29,9.2,0.8,1.3,0.3,0.3,8.9,0.3,8.9,1170.2
41,64,1,15,6.2,2.6,1,0.5,0.3,5.7,1.3,4.7,599.2
42,64,1,1,0.4,0.2,0.1,0,0,0.4,0.1,0.3,39.9
29,86,1,3,1.2,0.3,0.1,0,0,1.2,0.1,1,125.2
109,126,0,30,11,2,1,0,0,11,1,10,1392
75,88,0,44,17,3,0,0,2,17,2,15,1279
61,100,1,2,0.8,0.2,0,0,0.2,0.8,0.3,0.8,74.4
106,110,1,17,5.8,0.8,0.7,0.4,0.2,5.4,0.3,5.2,717.1
109,110,1,4,1.6,0.5,0.1,0.3,0.1,1.3,0.1,0.8,187.6
6,67,1,9,4.2,1.2,0,0.9,0.3,3.3,0.3,2.7,312.3
113,121,0,59,25,8,2,0,0,25,1,18,2360
47,15,1,25,10.1,1.9,0,1.3,1.1,8.8,0.8,8.6,1148.7
54,57,1,7,2.4,0.3,0.3,0.1,0.1,2.3,0.1,2.3,268.6
51,0,1,1,0.4,0,0,0,0,0.4,0,0.3,39.9
53,0,1,2,0.7,0.1,0.1,0,0.1,0.7,0,0.7,79.8
99,126,1,7,2.6,0.5,0.3,0.1,0.2,2.5,0.2,2.4,301
100,126,0,94,42,16,2,10,4,32,5,27,3540
72,88,0,42.5,11,0,3,0,1,11,0,11,1399
106,112,1,30,9.6,1.2,1.1,0.4,0.6,9.2,0.3,9.3,1179.9
46,96,1,2,1,0.4,0,0.1,0.1,0.9,0.1,0.9,90.7
2,45,0,26,11,3,1,4,1,7,0,7,1296
29,29,1,2,0.9,0.2,0,0,0.1,0.9,0.1,0.9,92.4
8,45,0,102,57,30,2,29,7,28,12,27,3719
8,91,1,7,3.1,0.7,0.2,0.5,0.2,2.6,0.4,2.6,346.7
2,97,1,5,2.4,0.8,0,0,0.2,2.4,0.6,2,208.4
17,81,1,3,1.3,0.5,0.1,0,0.1,1.3,0.2,1.1,130.5
18,81,1,18,7.6,2.8,0.8,0,0.6,7.6,1.4,6.5,783.3
83,81,1,14,6.3,1.8,0.2,0.4,0.2,5.9,0.7,5.6,634.7
36,30,1,20,7.8,1.6,0.3,0.3,0.4,7.5,0.6,7.3,864.5
18,82,1,3,1.6,0.6,0,0.2,0,1.4,0.4,1.2,152.9
48,54,1,5,1.8,0.4,0.2,0,0.2,1.8,0.2,1.7,209.8
12,43,1,10,4.2,1.2,0.4,0.9,0.1,3.3,0.2,3.4,440.9
13,43,1,12,5.1,1.4,0.4,1.1,0.2,4,0.3,4,529.1
4,100,1,2,0.9,0.3,0,0,0.1,0.9,0.3,0.6,79.3
25,100,1,15,7.2,2.5,0.3,0.3,0.9,6.9,2.2,5.3,683.1
23,29,1,9,3.4,0.9,0.2,0.3,0.2,3.1,0.2,2.8,363.2
64,41,1,7,2.9,0.9,0.1,0.2,0.2,2.7,0.2,2.7,306.9
65,41,1,6,2.5,0.7,0.1,0.2,0.2,2.3,0.2,2.3,263.1
102,127,0,111,39,2,2,0,2,39,1,38,3734
103,127,1,17,7.6,2.7,0,1.1,0.5,6.5,0.5,6.5,798.7
61,24,1,7,3,0.6,0,0.3,0.2,2.7,0.2,2.3,309.7
113,118,1,12,4.9,1,0.1,0,0.6,4.9,0.3,4.2,561.7
64,24,1,1,0.5,0.1,0,0.1,0,0.4,0,0.4,48.2
73,24,0,48,20,6,1,8,0,12,4,11,1731
8,120,1,4,1.6,0.4,0.2,0.2,0.2,1.4,0.1,1.3,164.4
36,120,1,3,1.2,0.2,0.1,0.1,0,1.1,0.4,0.9,142.7
107,112,1,2,0.6,0.1,0.1,0,0,0.6,0,0.6,78.7
39,34,1,3,1.5,0.5,0,0,0.1,1.5,0.1,1.3,165.8
100,103,1,3,1.1,0.1,0,0,0,1.1,0,1.1,142.5
14,18,1,1,0.5,0.2,0,0,0,0.5,0.1,0.4,58
54,0,1,2,0.7,0,0,0,0,0.7,0.1,0.6,98.4
88,104,1,3,1.1,0.4,0.2,0.2,0.2,0.9,0.4,0.8,100
86,78,1,16,7.1,1.8,0.3,2.4,1.8,4.7,1.5,5.6,715
61,48,1,5,2.1,0.6,0,0.3,0,1.8,0.1,2,210.8
19,26,0,57,19,4,4,0,1,19,0,17,2073
10,96,1,4,1.8,0.6,0.1,0.1,0.2,1.7,0.7,1.1,158.6
11,96,1,4,1.8,0.6,0.1,0.1,0.2,1.7,0.7,1.1,158.6
1,45,1,22.5,9.1,2.6,0.9,0.6,0.9,8.5,0.7,8,974.3
19,16,1,3,1.6,0.6,0,0,0.1,1.6,0.3,1.3,173.9
20,16,1,5,2.6,1,0,0,0.2,2.6,0.5,2.2,289.9
21,16,0,41,14,3,2,3,2,11,1,12,1535
32,16,1,3,1.2,0.3,0.1,0.2,0.2,1,0.1,0.9,108.8
33,16,1,6,2.4,0.6,0.2,0.4,0.3,2,0.2,1.8,217.5
37,16,1,4,1.6,0.4,0.3,0.4,0.2,1.2,0.2,1.1,162.5
13,37,1,27,11.7,3.3,1.1,1.9,0.7,9.8,1.1,8.2,1056.8
14,37,0,30.5,12,1,1,1,5,11,0,9,1256
53,16,1,7,2.2,0.3,0.3,0.2,0.2,2,0.2,1.8,241.3
55,16,1,2,0.7,0.1,0.1,0,0,0.7,0.1,0.7,74.8
28,71,1,2,0.8,0.3,0,0,0.1,0.8,0.3,0.7,77.9
71,71,1,4,1.5,0.2,0.1,0,0.1,1.5,0.1,1.5,155
41,82,1,4,1.4,0.3,0.1,0.2,0.1,1.2,0.3,1.2,153.5
13,100,0,35,18,9,2,5,4,13,6,8,1241
85,82,1,11,4.5,1.1,0.6,0.9,0.1,3.6,0.5,2.9,493.7
40,34,1,5,2.5,0.9,0,0,0.1,2.5,0.2,2.2,276.2
28,23,1,15,6,1.2,0,0.8,0.4,5.2,0.6,5.2,666.3
31,23,1,5,1.9,0.4,0.2,0.1,0.2,1.8,0.1,1.7,204.8
32,23,1,17,6.6,1.3,0.6,0.5,0.6,6.1,0.3,5.8,696.3
33,23,1,13.5,5.2,1,0.5,0.4,0.5,4.8,0.2,4.6,552.9
34,23,0,40,16,2,2,0,2,16,1,15,1649
11,86,1,1,0.5,0.2,0,0,0,0.5,0.1,0.4,42.7
28,86,1,10,4.3,1.3,0.2,1.2,0.5,3.1,0.8,3.6,426.9
72,24,0,93,42,14,0,16,4,26,4,24,3609
15,120,1,2,0.8,0.2,0.1,0.1,0,0.7,0.1,0.6,82.2
25,120,1,6,2.9,0.4,0,0.3,0.7,2.6,1.4,1.9,266.2
71,88,0,28,14,6,1,4,1,10,2,11,1027
8,35,0,31,11,3,1,3,1,8,3,6,1074
104,110,1,25,8.5,1.2,1,0.5,0.3,8,0.4,7.7,1054.6
46,28,1,1,0.4,0.1,0,0.1,0,0.3,0,0.3,43.9
47,28,0,35,17,6,1,3,1,14,1,14,1792
59,28,1,3,1.1,0.2,0.1,0.2,0.1,0.9,0.2,0.9,125.6
113,123,0,50,23,8,0,1,1,22,1,22,1956
73,0,1,3,1.1,0.2,0.1,0,0,1.1,0.1,1,109.3
74,0,1,6,2,0.1,0.3,0,0.4,2,0.6,1.7,209.6
82,78,0,64,21,5,5,11,3,10,4,8,1875
84,78,0,126.5,68,32,1,43,3,25,5,51,5139
85,78,0,38,20,9,1,9,1,11,2,12,1560
19,80,0,28,12,4,0,1,0,11,0,10,1277
41,80,1,4,1.6,0.4,0,0,0.3,1.6,0.3,1,205.2
48,96,1,2,1,0.4,0,0.1,0.1,0.9,0.1,0.9,90.7
84,80,0,63,26,10,4,1,1,25,2,24,2765
85,80,0,127,65,28,1,38,10,27,9,24,5160
88,80,1,14,6.2,1.6,0.3,2.1,1.6,4.1,1.3,4.9,625.6
93,91,1,14.5,6.8,2.8,0.2,2,1,4.8,0.8,5.2,628
94,91,0,137.5,47,6,6,0,8,47,7,28,4354
95,91,0,44,15,2,1,1,3,14,0,12,1626
30,126,1,4,1.5,0.3,0.3,0.4,0.1,1.1,0.1,1,152.3
30,19,1,26,10.3,1.9,0.4,1.7,0.4,8.6,0.3,8.9,1117.3
83,78,0,218.5,114,54,5,87,12,27,15,70,7652
101,126,0,45,17,4,0,4,1,13,1,12,1624
37,49,1,20,7.7,1.8,0.9,0.9,0.5,6.8,0.5,7.7,910.5
113,126,1,6.5,2.8,0.9,0.1,0.5,0.2,2.3,0.4,2.2,327.4
37,30,1,10,3.9,0.8,0.2,0.1,0.2,3.8,0.3,3.7,432.2
49,54,1,11,4.1,0.7,0.6,0,0.1,4.1,0.3,3.8,441.8
17,100,1,2,0.9,0.3,0.1,0.1,0.1,0.8,0.2,0.6,83.4
24,100,1,6,2.9,1,0.1,0.1,0.4,2.8,0.9,2.1,273.2
11,34,1,5,2.1,0.6,0.2,0.4,0.2,1.7,0.2,1.4,208.5
19,23,1,8,2.8,0.3,0.3,0,0.5,2.8,0,2.5,325.7
21,23,1,2,0.7,0.1,0.1,0,0.1,0.7,0,0.6,81.4
95,107,0,28.5,13,4,0,3,1,10,0,8,1431
102,118,1,2,0.8,0.2,0,0,0.1,0.8,0,0.8,91.8
84,117,1,1,0.4,0.2,0,0,0,0.4,0.1,0.3,39.7
11,88,1,22,10.2,4,0.8,3.2,0.8,7,1.3,7,1073.4
14,120,1,1,0.4,0.1,0.1,0.1,0,0.3,0.1,0.3,41.1
68,88,1,4,1.6,0.6,0.2,0.3,0.2,1.3,0.4,1.2,167.8
69,88,1,3,1.3,0.3,0,0.2,0.2,1.1,0.2,1.1,131.7
11,35,1,4,1.7,0.5,0.2,0.3,0.2,1.4,0.2,1.1,166.8
100,109,1,6,2.2,0.3,0.1,0.1,0.2,2.1,0.2,2,301.1
103,110,1,1,0.4,0.1,0,0,0,0.4,0,0.3,50.2
107,110,0,123,40,4,1,0,2,40,2,39,3729
108,110,1,23,7.8,1.1,1,0.5,0.3,7.3,0.4,7.1,970.2
63,67,1,6,2.1,0.4,0.2,0.2,0.4,1.9,0.4,1.5,225
68,47,0,52,23,9,3,15,5,8,6,10,1696
69,47,1,12,4.5,1.6,0.5,2.2,0.7,2.3,1.3,2,404.4
3,52,1,6,2.3,0.3,0.1,0.1,0.1,2.2,0,2.2,271
4,52,1,7,3.2,0.9,0.1,0.1,0.1,3.1,0.4,2.5,327
6,52,1,1,0.5,0.1,0,0,0,0.5,0.1,0.4,46.7
7,52,1,3,1.4,0.4,0,0.1,0,1.3,0.2,1.1,140.2
8,52,1,4,1.8,0.5,0.1,0,0.1,1.8,0.2,1.4,186.9
68,42,1,13,5,1.3,0.6,0.6,0.6,4.4,0.2,3.2,485.4
69,42,1,6,2.3,0.8,0.3,1.1,0.4,1.2,0.6,1,202.2
40,5,1,10,3.3,0.3,0.2,0.2,0.5,3.1,0.3,2.7,377.4
19,29,0,106,57,26,1,11,8,46,8,38,4576
0,45,1,4,1.6,0.5,0.2,0.1,0.2,1.5,0.1,1.4,173.2
21,29,1,1,0.4,0.1,0,0,0,0.4,0,0.3,40.4
30,29,1,2,0.9,0.2,0,0,0.1,0.9,0.1,0.9,92.4
108,105,0,125,41,6,3,0,1,41,1,38,4248
0,97,1,2,1,0.3,0,0,0.1,1,0.2,0.8,83.4
87,70,1,14,4.4,1.8,1.5,0.4,0,4,0.7,3.3,470.1
85,107,1,2,0.8,0.2,0.1,0.2,0.2,0.6,0.3,0.6,66.7
43,92,1,15,6.3,1.6,0.3,0.3,0.5,6,0.8,6.1,652.4
5,116,1,2,0.9,0.2,0,0,0.2,0.9,0.2,0.7,91.2
10,116,1,5,1.9,0.5,0.2,0.2,0.3,1.7,0.1,1.6,205.5
64,84,1,5,1.9,0.4,0.2,0,0.1,1.9,0.3,1.8,217.9
10,86,1,22,11.3,4,0,0,0.7,11.3,1.3,8.7,939.3
21,86,1,12,4.8,1.1,0.2,0,0.2,4.8,0.7,4.4,497.1
26,86,1,5,2.1,0.7,0.1,0.6,0.2,1.5,0.4,1.8,213.4
101,127,0,118,37,4,5,0,2,37,0,34,4256
53,50,1,10,4.7,1.4,0.2,1.6,0.5,3.1,0.8,3.2,410.8
54,50,1,7,3,0.8,0,0.5,0,2.5,0.2,2.8,295.1
105,127,1,3.5,2,0.7,0.1,0.4,0.3,1.6,0.4,1.6,199.9
91,87,0,77.5,33,11,3,13,3,20,3,18,2714
92,87,0,51,17,3,3,2,3,15,3,15,1611
112,118,1,3,1.2,0.3,0,0,0.1,1.2,0.1,1.1,140.4
102,117,1,2,0.8,0.2,0,0,0.1,0.8,0,0.8,91.8
65,88,1,1,0.4,0.2,0.1,0.1,0.1,0.3,0.1,0.3,41.9
70,88,1,27,11.8,2.6,0.4,1.8,2.2,10,1.7,10,1185
7,35,1,14,5.8,1.4,0.3,1.1,0.8,4.7,0.6,3.9,579.5
10,35,1,3,1.2,0.4,0.1,0.2,0.1,1,0.1,0.8,125.1
12,35,1,1,0.4,0.1,0,0.1,0,0.3,0,0.3,41.7
14,39,1,3,1.5,0.6,0.1,0.5,0.1,1,0.3,1.1,125.4
20,39,1,1,0.4,0.2,0,0.1,0,0.3,0,0.3,39.5
41,39,1,2,1,0.4,0.1,0.1,0.1,0.9,0.3,0.8,74.9
42,39,1,8,3.9,1.5,0.3,0.3,0.3,3.6,1.3,3.4,299.6
63,39,1,4,1.6,0.2,0.1,0.3,0.3,1.3,0,1.5,173
64,39,1,2,0.8,0.2,0,0,0.1,0.8,0.1,0.8,87.7
65,39,1,18,7.5,2.2,0.4,0.5,0.6,7,0.6,7,789.2
41,25,1,5,2.1,0.3,0,0.3,0.3,1.8,0.3,1.5,254.1
46,48,1,1,0.4,0.1,0,0,0.1,0.4,0.1,0.4,46.1
99,125,1,13,4.8,0.9,0.6,0.2,0.4,4.6,0.4,4.4,558.9
101,125,1,2,0.7,0.1,0.1,0,0.1,0.7,0.1,0.7,86
102,125,1,9.5,3.5,0.7,0.4,0.1,0.3,3.4,0.3,3.2,408.4
108,125,1,4,1.2,0.2,0.2,0.2,0,1,0.1,1.1,166
109,125,0,34,13,2,0,0,2,13,0,13,1577
110,125,0,62.5,24,4,0,1,2,23,0,23,2912
70,71,1,6,2.3,0.3,0.1,0,0.2,2.3,0.1,2.2,232.5
34,9,1,14.5,4.5,0.4,0.6,0.7,0.4,3.8,0.4,3.2,459.8
16,82,1,14,7.3,3,0,0.6,0,6.7,1.7,5.6,713.6
20,82,0,38,13,1,1,0,3,13,1,12,1422
2,100,1,2,1,0.3,0,0,0.1,1,0.2,0.8,83.4
22,14,1,3,1.6,0.6,0,0,0.1,1.6,0.3,1.3,173.9
15,101,1,8,3.5,1.2,0.4,0.2,0.2,3.3,0.6,2.5,333.5
9,35,1,1,0.4,0.1,0,0.1,0,0.3,0,0.3,41.7
39,120,1,2,0.8,0.1,0,0,0,0.8,0.2,0.6,95.1
45,120,1,4,2.1,0.9,0.1,0,0,2.1,0.6,1.6,201.1
72,120,1,3,1.2,0.2,0.1,0,0,1.2,0,1,127.4
66,35,1,1,0.4,0.1,0,0,0,0.4,0,0.4,41.9
6,123,1,4,1.2,0.1,0.2,0,0.1,1.2,0.1,0.9,130.2
16,123,1,8,4.5,2.7,0.2,0.3,0.2,4.2,1.1,2.9,398.4
35,123,1,6,2.3,0.4,0.3,0.1,0.1,2.2,0.8,2.3,256.3
2,42,0,38,14,1,1,0,1,14,0,14,1879
60,61,1,3,2,0.9,0,0.5,0.4,1.5,0,1.6,180.9
38,0,1,4,1.3,0.1,0.1,0,0.1,1.3,0.2,1.1,151.8
74,5,1,2,0.9,0.2,0,0,0.1,0.9,0,0.5,83.6
19,12,1,3,1.6,0.6,0,0,0.1,1.6,0.3,1.3,173.9
31,12,1,3,1.2,0.3,0.1,0.2,0.2,1,0.1,0.9,108.8
48,12,1,15,6.1,1.1,0,0.8,0.6,5.3,0.5,5.2,689.2
49,12,1,4,1.3,0.2,0.2,0.1,0.1,1.2,0.1,1,137.9
50,12,1,6,1.9,0.2,0.2,0.2,0.2,1.7,0.2,1.5,206.8
17,69,1,3,1.2,0.5,0.1,0,0.2,1.2,0.1,1.2,128.6
18,69,1,3,1.2,0.5,0.1,0,0.2,1.2,0.1,1.2,128.6
40,80,1,10,3.9,1,0,0,0.7,3.9,0.7,2.6,513.1
37,26,1,4,1.6,0.3,0.1,0,0.2,1.6,0.1,1.4,179.4
39,26,1,1,0.4,0.1,0,0.1,0.1,0.3,0.1,0.3,50.8
28,126,1,1,0.4,0.1,0.1,0.1,0,0.3,0,0.3,38.1
10,49,1,11,5,1.1,0.2,0.1,0.5,4.9,0,4.8,561
7,43,0,262.5,164,103,4,150,30,14,44,29,9848
46,54,1,3,1.1,0.2,0.1,0,0.1,1.1,0.1,1,125.9
47,54,1,2,0.7,0.1,0.1,0,0.1,0.7,0.1,0.7,83.9
54,54,1,3,1.1,0.3,0.1,0.1,0.1,1,0.1,1,124.5
3,100,1,8,3.8,1.3,0,0,0.4,3.8,0.9,3.3,333.5
20,100,1,3,1.4,0.5,0,0.3,0.2,1.1,0.2,1.2,126.8
22,100,1,4,1.9,0.6,0,0.4,0.2,1.5,0.2,1.6,169.1
10,34,1,8,3.3,1,0.3,0.6,0.3,2.7,0.4,2.2,333.6
0,107,1,6,2.8,0.9,0,0,0.3,2.8,0.5,1.8,254.6
40,107,1,2,0.9,0.3,0.1,0,0.1,0.9,0.2,0.7,80.7
42,107,1,4,1.8,0.7,0.1,0,0.3,1.8,0.4,1.4,161.4
50,107,1,6,2.5,0.4,0,0,0.4,2.5,0.9,2.2,223.2
81,107,1,2,0.8,0.2,0.1,0.1,0.1,0.7,0.1,0.7,84
88,107,1,5,1.9,0.6,0.2,0.4,0.4,1.5,0.8,1.4,166.6
109,118,1,14,5.8,1.2,0.2,0,0.7,5.8,0.3,4.9,655.4
77,86,0,203.5,95,37,4,35,11,60,22,47,7417
83,75,0,86,46,25,2,29,3,17,9,24,3318
84,75,1,3,1.2,0.4,0.2,0.3,0,0.9,0.1,1.1,115.8
8,101,1,6,2.7,0.8,0.1,0.2,0.3,2.5,1,1.7,237.9
12,101,1,4,2.1,1,0,0.2,0.1,1.9,0.5,1.6,202.1
3,35,1,12,5,1.1,0.3,1.5,0.5,3.5,0.3,3.6,544.4
6,35,1,12,5,1.2,0.2,1,0.7,4,0.5,3.3,496.7
14,101,1,6,2.6,0.9,0.3,0.1,0.2,2.5,0.5,1.8,250.2
17,101,1,2,0.9,0.3,0.1,0.1,0.1,0.8,0.2,0.6,83.4
13,35,1,9,3.7,1.1,0.3,0.7,0.3,3,0.4,2.5,375.3
46,120,1,1,0.5,0.2,0,0,0,0.5,0.1,0.4,50.3
73,120,1,7,2.7,0.5,0.2,0,0,2.7,0,2.2,297.2
78,120,1,3,1.1,0.2,0.1,0,0.2,1.1,0.2,0.5,102.9
98,120,1,4,1.7,0.3,0,0,0.2,1.7,0,1.7,209.4
96,109,1,5,1.6,0.1,0.2,0.1,0,1.5,0,1.5,201.8
97,109,0,41,14,1,2,0,2,14,1,14,1640
98,109,1,8,2.5,0.2,0.4,0.1,0.1,2.4,0.1,2.5,322.8
43,4,1,3,1,0.1,0.1,0.1,0.1,0.9,0.1,0.8,113.2
100,110,1,1,0.4,0.1,0,0,0,0.4,0,0.3,50.2
101,110,1,26.5,9.7,1.3,0.5,0.5,0.8,9.2,1,9,1329.7
112,121,0,33,16,7,1,2,2,14,1,13,1636
110,121,0,39,15,2,1,0,2,15,0,15,1609
41,5,1,1,0.3,0,0,0,0,0.3,0,0.3,37.7
42,5,1,7,2.3,0.2,0.2,0.2,0.3,2.1,0.2,1.9,264.2
55,5,1,2,0.7,0,0,0,0,0.7,0.1,0.6,98.4
73,5,1,2,0.9,0.2,0,0,0.1,0.9,0,0.5,83.6
15,29,1,10,4.4,1.1,0.2,0.3,0.3,4.1,0.3,3.9,412.6
111,113,1,2,0.7,0.2,0.1,0.1,0,0.6,0.1,0.6,73.7
102,105,0,37,14,1,0,2,1,12,0,12,1720
103,105,1,23,8.8,0.8,0.4,0.5,0.4,8.3,0.4,8.2,1092.8
105,105,0,110.5,65,31,0,40,7,25,11,15,4195
17,22,1,6,2.5,0.7,0.2,0.2,0.4,2.3,0.2,1.6,304.4
28,22,0,31,12,1,1,0,1,12,0,10,1209
22,81,0,32,13,3,1,0,1,13,1,11,1426
84,82,0,77,35,11,2,31,7,4,9,5,2625
35,107,1,4,1.5,0.3,0.1,0.2,0.3,1.3,0.3,1.3,138.1
35,34,1,4,1.4,0.1,0.1,0,0.1,1.4,0.1,1.3,184.5
2,87,1,1,0.4,0.1,0,0,0,0.4,0,0.3,41.5
8,87,1,7,3.1,0.7,0.2,0.5,0.2,2.6,0.4,2.6,346.7
9,87,0,37.5,18,6,0,12,3,6,2,8,1324
10,87,1,8,3.7,1.5,0.3,1.2,0.3,2.5,0.5,2.5,390.3
11,87,1,1,0.5,0.2,0,0.2,0,0.3,0.1,0.3,48.8
25,87,1,20,7.8,2,0.5,0,0,7.8,1,6.3,834.6
26,87,1,2,0.8,0.2,0,0,0,0.8,0.1,0.6,83.5
27,87,1,4,1.6,0.4,0.1,0,0,1.6,0.2,1.3,166.9
35,87,1,1,0.4,0.1,0,0,0,0.4,0,0.3,41.1
40,87,1,4,1.4,0.3,0.1,0.2,0.1,1.2,0.3,1.2,153.5
48,87,1,6,2.1,0.5,0.3,0,0.1,2.1,0.1,1.9,247.2
49,87,1,1,0.4,0.1,0,0,0,0.4,0,0.4,42.7
9,86,1,4,2.1,0.7,0,0,0.1,2.1,0.2,1.6,170.8
78,87,0,43,19,6,2,5,0,14,1,13,1949
79,87,1,20,7.3,1.5,1.3,1.3,0.4,6,0.2,5.1,795.1
55,50,1,3,1.3,0.3,0,0.2,0,1.1,0.1,1.2,126.5
56,50,1,2,0.8,0.2,0,0.1,0,0.7,0,0.8,84.3
67,50,0,62.5,29,10,0,7,5,22,4,15,2756
93,87,0,30,13,4,0,0,0,13,0,10,1398
103,117,1,2,0.8,0.2,0,0,0.1,0.8,0,0.8,91.8
58,14,1,10,3.6,0.6,0.4,0,0.1,3.6,0.3,3.6,373.9
2,35,1,1,0.4,0.1,0,0.1,0,0.3,0,0.3,45.4
40,93,1,2,0.8,0.2,0,0,0.1,0.8,0.1,0.8,87
5,35,1,14,5.8,1.4,0.3,1.1,0.8,4.7,0.6,3.9,579.5
99,120,1,5,2,0.4,0.1,0,0.2,2,0.1,2,229.4
64,35,1,7,2.9,0.7,0.1,0.2,0.3,2.7,0.3,2.5,293.5
68,35,1,4,1.6,0.4,0.1,0.1,0.2,1.5,0.2,1.4,167.7
104,120,1,2,1,0.2,0,0,0,1,0.1,0.8,107.5
107,120,1,6,2.9,0.5,0,0,0.1,2.9,0.2,2.3,322.4
108,120,1,3,1.4,0.2,0,0,0.1,1.4,0.1,1.1,161.2
54,4,1,12,4.4,0.3,0.3,0,0,4.4,0.5,3.8,590.5
75,4,1,1,0.4,0.1,0,0,0,0.4,0,0.3,41.8
13,39,1,30,13,3.6,1.2,2.2,0.7,10.8,1.2,9.2,1174.2
75,103,1,2,0.8,0.2,0.1,0.1,0.1,0.7,0.1,0.7,84
20,18,1,3,1,0.1,0.1,0,0.1,1,0.1,0.9,108.6
21,18,1,19.5,6.5,0.9,0.9,0,0.4,6.5,0.4,5.9,705.9
45,48,1,2,0.8,0.2,0,0,0.2,0.8,0.1,0.7,92.3
82,79,0,69.5,31,5,1,0,4,31,0,25,2980
87,79,0,25,15,8,0,3,0,12,0,13,1305
88,79,1,17,7.6,1.9,0.3,2.5,1.9,5.1,1.6,6,759.6
89,79,1,1,0.3,0.1,0,0,0.1,0.3,0.1,0.2,29.6
16,114,1,2,0.9,0.2,0,0,0.1,0.9,0.1,0.8,83.2
45,71,1,4,1.7,0.5,0,0.6,0.3,1.1,0.3,1.5,163.9
36,9,0,40,15,4,1,0,0,15,1,14,1442
37,9,1,11,3.4,0.3,0.4,0.5,0.3,2.9,0.3,2.4,348.8
49,9,1,8,2.9,0.7,0.5,0,0.3,2.9,0.2,2.7,321.3
35,30,1,4,1.6,0.3,0.1,0.1,0.1,1.5,0.1,1.5,172.9
29,82,1,1,0.4,0.1,0,0,0,0.4,0,0.3,41.7
16,100,1,2,0.9,0.3,0.1,0.1,0.1,0.8,0.2,0.6,83.4
1,107,1,1,0.5,0.2,0,0,0.1,0.5,0.1,0.3,42.4
83,82,1,14,5.3,1.6,0.8,1.2,0.4,4.1,2,2.8,498.7
24,34,1,1,0.4,0.1,0,0,0,0.4,0.1,0.4,40.3
26,34,1,4,1.5,0.2,0,0.1,0,1.4,0.2,1.5,161.2
18,14,1,5,2.6,1,0,0,0.2,2.6,0.5,2.2,289.9
21,14,1,5,2.6,1,0,0,0.2,2.6,0.5,2.2,289.9
63,117,1,2,1,0.3,0,0,0.1,1,0,0.8,105.8
91,117,1,4,1.6,0.6,0.1,0.1,0,1.5,0.3,1.2,158.7
97,117,1,2,0.8,0.2,0,0,0.1,0.8,0,0.8,104.7
98,117,1,3,1.3,0.2,0,0,0.2,1.3,0,1.3,157
101,117,1,1,0.4,0.1,0,0,0,0.4,0,0.4,45.9
90,86,0,21.5,12,5,0,6,1,6,0,7,1067
92,86,1,9,3.8,0.7,0,0.1,0.1,3.7,0.1,3.5,382.5
93,86,0,109,54,18,2,0,5,54,2,49,5062
38,88,1,3,1.3,0.4,0,0.1,0.1,1.2,0.1,1,123.4
59,88,1,2,0.9,0.4,0.1,0,0,0.9,0.1,0.8,101.4
62,88,1,1,0.5,0.2,0.1,0,0,0.5,0,0.4,50.7
18,35,1,1,0.4,0.1,0.1,0,0,0.4,0,0.4,39.5
49,35,1,4,1.6,0.3,0.2,0.1,0.1,1.5,0.1,1.5,167.1
101,120,1,1,0.4,0.1,0,0,0,0.4,0,0.4,45.9
102,120,1,4,1.6,0.3,0.1,0,0.2,1.6,0.1,1.6,183.5
81,109,1,2,0.8,0.2,0.1,0.1,0.1,0.7,0.1,0.7,84
86,88,1,7,3.4,1.3,0,1.1,0,2.3,0,2.3,375.9
87,88,1,7,3.4,1.3,0,1.1,0,2.3,0,2.3,375.9
88,88,0,56,20,5,3,3,1,17,2,18,1848
109,120,0,51,24,6,0,0,0,24,1,21,2777
90,88,1,2,0.9,0.4,0,0.3,0.1,0.6,0.1,0.7,86.6
91,88,1,1,0.5,0.2,0,0.2,0.1,0.3,0.1,0.4,43.3
92,88,1,8,3.7,1.5,0.1,1.1,0.6,2.6,0.4,2.9,346.5
93,88,1,10,4.7,1.9,0.2,1.4,0.7,3.3,0.5,3.6,433.1
31,44,1,9,3.9,1.2,0.3,1.4,0,2.5,0.5,2.4,349.1
32,44,0,29.5,13,1,0,0,0,13,0,11,1295
55,56,1,21,8,1.9,0.5,0.7,0.7,7.3,0.5,7.3,871.6
57,56,1,10,3.8,0.9,0.2,0.3,0.3,3.5,0.2,3.5,415.1
58,56,1,1,0.4,0.1,0,0,0,0.4,0,0.3,41.5
54,28,1,7,2.7,0.6,0,0,0.2,2.7,0.2,2.5,337.4
4,123,1,9,2.8,0.1,0.4,0.1,0.3,2.7,0.3,2.1,292.9
0,61,1,1,0.4,0.1,0,0,0.1,0.4,0.1,0.4,46.5
56,61,1,27,9.4,1.3,1,0.4,0.2,9,0.3,8.8,1036.1
57,61,1,2,0.7,0.1,0.1,0,0,0.7,0,0.7,76.7
111,123,0,98.5,29,3,4,0,1,29,0,26,3576
112,123,0,59,18,0,2,0,0,18,1,18,2240
1,104,1,6,2.7,0.8,0,0.6,0.3,2.1,0.4,2.5,333.7
50,0,1,5,1.9,0.1,0.1,0.1,0.1,1.8,0,1.7,199.4
38,104,1,2,0.9,0.3,0.1,0,0.1,0.9,0.2,0.7,80.7
51,104,1,4,1.7,0.3,0,0,0.3,1.7,0.6,1.5,148.8
101,104,1,2,0.8,0.1,0,0.1,0,0.7,0,0.7,95
102,104,1,27,10.3,1,0.4,0.5,0.4,9.8,0.4,9.6,1282.8
105,104,1,4,1.3,0.1,0.2,0,0,1.3,0.1,1.2,134
106,104,0,30,11,1,0,0,0,11,0,11,1206
108,104,1,23,7.6,0.5,1,0.3,0.3,7.3,0.5,6.8,770.6
96,112,1,6,2.5,0.4,0,0,0.3,2.5,0,2.5,314.1
97,112,1,4,1.7,0.3,0,0,0.2,1.7,0,1.7,209.4
104,112,0,38,12,2,2,0,0,12,0,11,1466
105,112,0,40,12,0,2,0,1,12,0,12,1704
20,26,1,34,12,1.4,1.4,0,2.2,12,0,10.6,1384.2
21,26,0,50,20,5,1,0,0,20,2,18,2177
29,80,1,8,3.5,0.8,0.1,0.5,0.4,3,0.3,3.3,343.9
51,96,1,3,1.5,0.6,0,0.2,0.1,1.3,0.2,1.4,136.1
97,96,1,8,3,0.7,0.3,0,0.1,3,0.2,2.5,307.9
104,96,1,4,1.7,0.5,0,0.2,0.3,1.5,0.2,1.3,167.8
12,37,1,1,0.4,0.1,0,0.1,0,0.3,0,0.3,39.1
35,19,1,5,2.1,0.5,0,0.5,0.1,1.6,0.1,1.8,231
36,19,1,23,9.6,2.2,0,2.2,0.6,7.4,0.3,8.1,1062.7
37,19,1,5,2.1,0.5,0,0.5,0.1,1.6,0.1,1.8,231
39,19,1,13,5.1,1.4,0.8,1.2,0.5,3.9,0.7,3.5,528.3
40,19,1,5,1.9,0.5,0.3,0.4,0.2,1.5,0.3,1.4,203.2
11,54,1,2,0.9,0.3,0,0.1,0,0.8,0.1,0.8,97.6
3,92,1,16,8,4,0.3,3,0.7,5,1.3,4.7,733.7
75,107,1,4,1.6,0.4,0.2,0.2,0.2,1.4,0.2,1.4,168.1
1,64,1,2,0.9,0.3,0,0.1,0,0.8,0.1,0.6,85
2,64,1,1,0.5,0.1,0,0.1,0,0.4,0.1,0.3,42.5
13,64,1,8,3.2,0.6,0.1,0.3,0.5,2.9,0.5,2.1,281.1
27,64,1,3,1.3,0.5,0.1,0,0.2,1.3,0.5,1.1,116.9
35,64,1,10,3.9,0.5,0.4,0.7,1.2,3.2,1.4,3,345.8
59,64,1,2,0.7,0.1,0.1,0,0.1,0.7,0,0.7,74.8
60,64,1,4,1.4,0.2,0.2,0,0.2,1.4,0.1,1.3,149.7
61,64,1,4,1.4,0.2,0.2,0,0.2,1.4,0.1,1.3,149.7
62,64,1,12,4.3,0.5,0.5,0.1,0.5,4.2,0.2,4,449.1
75,64,1,1,0.5,0.2,0,0.2,0.1,0.3,0,0.2,40.2
76,64,1,15,6.9,3.1,0.6,2.5,1.2,4.4,0.6,2.5,602.5
22,118,1,3,1.2,0.3,0.2,0.2,0.1,1,0.2,0.9,123.3
28,118,1,3,1.4,0.2,0,0.1,0.4,1.3,0.7,0.9,133.1
49,118,1,2,1.1,0.4,0.1,0,0,1.1,0.3,0.8,100.6
105,118,1,4,1.9,0.3,0,0,0.1,1.9,0.2,1.5,215
108,118,1,4,1.9,0.3,0,0,0.1,1.9,0.2,1.5,215
49,14,1,5,1.6,0.2,0.2,0.2,0.2,1.4,0.2,1.2,172.4
10,88,1,14,6.5,2.6,0.5,2.1,0.5,4.4,0.9,4.4,683.1
37,88,1,6,2.6,0.7,0,0.1,0.1,2.5,0.1,2.1,246.7
40,35,1,2,1,0.4,0,0,0,1,0.1,0.9,110.5
41,35,1,1,0.5,0.2,0,0,0,0.5,0,0.4,55.2
50,35,1,7,2.8,0.6,0.3,0.1,0.2,2.7,0.2,2.6,292.5
80,109,1,11,4.4,1.1,0.7,0.7,0.4,3.7,0.7,3.7,462.2
1,94,1,3,1.5,0.8,0.1,0.6,0.1,0.9,0.2,0.9,137.6
26,110,1,1,0.5,0.2,0,0,0,0.5,0.1,0.4,44.3
97,110,1,13,4.1,0.3,0.6,0.1,0.1,4,0.1,4,524.6
98,94,1,5,1.9,0.4,0.2,0,0,1.9,0.1,1.6,192.4
71,89,1,1,0.4,0.1,0,0,0.1,0.4,0.1,0.4,43.9
72,89,1,4,1.7,0.4,0.1,0.2,0.3,1.5,0.3,1.5,175.5
76,89,1,4,1.6,0.1,0.1,0.1,0.1,1.5,0.1,1.5,194.9
77,89,0,55,23,8,2,0,2,23,1,21,2398
81,89,1,13,4.7,1,0.8,0.8,0.3,3.9,0.1,3.3,516.8
82,121,1,2,0.7,0.1,0,0,0.1,0.7,0.1,0.3,68.6
92,121,1,5,2.1,0.8,0.1,0.2,0,1.9,0.4,1.5,198.3
97,121,1,1,0.4,0.1,0,0,0,0.4,0,0.4,52.4
99,121,1,6,2.4,0.4,0.2,0,0.3,2.4,0.2,2.4,275.2
3,36,1,7,2.9,0.6,0.1,0.8,0.3,2.1,0.1,2.1,317.5
4,36,0,30,11,1,2,0,3,11,2,6,1522
5,36,0,360.5,189,100,9,164,34,25,48,22,14250
6,36,0,29,11,0,0,2,0,9,2,8,1322
8,36,1,13,5.4,1.3,0.2,1,0.7,4.4,0.6,3.6,538.1
57,104,1,1,0.4,0.1,0,0,0.1,0.4,0.2,0.4,37.2
63,104,1,4,1.7,0.3,0,0,0.3,1.7,0.6,1.5,148.8
72,0,1,7,2.6,0.6,0.3,0,0.1,2.6,0.3,2.2,255.1
93,104,1,3,1.1,0.4,0.2,0.2,0.2,0.9,0.4,0.8,100
60,21,1,1,0.4,0.1,0,0,0,0.4,0.1,0.3,49.1
8,113,1,1.5,0.7,0.2,0,0,0.1,0.7,0.1,0.6,68.4
18,29,1,15,6.5,1.7,0.2,0.5,0.5,6,0.5,5.8,618.9
20,29,0,67,37,22,2,11,4,26,4,19,2785
110,113,1,2,0.7,0.2,0.1,0.1,0,0.6,0.1,0.6,73.7
61,62,1,4,1.4,0.2,0.2,0,0.2,1.4,0.1,1.3,149.7
107,113,1,2,0.6,0.1,0.1,0,0,0.6,0,0.6,78.7
104,105,0,101.5,43,14,3,25,6,18,4,23,3846
109,105,1,17,7,2.5,0.5,1.5,0,5.5,1.5,5.5,731
5,22,1,5,1.7,0.1,0.1,0.1,0.1,1.6,0.3,1.3,170.6
27,22,1,8,3.2,0.6,0,0.4,0.2,2.8,0.3,2.8,355.4
29,22,1,21,8.1,1.6,0.7,0.6,0.7,7.5,0.3,7.2,860.1
19,81,0,69.5,25,4,4,14,3,11,3,12,2399
42,81,1,3,1.2,0.3,0,0,0.2,1.2,0.2,0.8,153.9
64,81,1,2,0.8,0.3,0.1,0.2,0.1,0.6,0.2,0.6,83.9
3,43,1,11,4.4,1.3,0.4,0.2,0.4,4.2,0.3,3.9,476.3
8,43,0,68.5,30,9,1,30,5,0,1,3,3055
9,43,0,320,187,120,7,186,27,1,49,3,13206
10,43,1,13,5.5,1.5,0.5,1.1,0.2,4.4,0.3,4.4,573.1
11,43,1,4,1.7,0.5,0.1,0.4,0.1,1.3,0.1,1.3,176.4
15,43,1,3,1,0.2,0.1,0.1,0.2,0.9,0.2,0.8,119.1
17,43,1,4,1.4,0.2,0.1,0.1,0.2,1.3,0.2,1.1,158.8
13,34,1,3,1.2,0.4,0.1,0.2,0.1,1,0.1,0.8,125.1
77,87,0,69,30,9,1,6,5,24,3,25,2856
80,87,1,12,4.4,0.9,0.8,0.8,0.3,3.6,0.1,3.1,477
88,87,1,4,1.9,0.7,0,0.6,0,1.3,0,1.3,214.8
107,127,1,2,1.1,0.4,0,0.2,0.2,0.9,0.2,0.9,114.2
68,50,0,189.5,89,38,7,59,9,30,21,38,6941
71,50,1,2,0.8,0.3,0.1,0.4,0.1,0.4,0.2,0.3,67.4
111,127,1,11,4.4,0.5,0.2,0.2,0.2,4.2,0.2,3.6,499.1
112,127,1,11,4.4,0.5,0.2,0.2,0.2,4.2,0.2,3.6,499.1
50,14,1,25,8,1,1,0.9,0.8,7.1,0.9,6.2,861.9
78,86,0,37,20,12,1,0,0,20,0,17,1792
36,88,1,15,6.4,1.8,0.1,0.3,0.3,6.1,0.3,5.2,616.9
34,35,1,3,1,0.1,0.1,0,0.1,1,0.1,1,138.4
51,35,1,2,0.8,0.2,0.1,0,0.1,0.8,0.1,0.7,83.6
77,88,0,35,15,1,0,1,0,14,1,15,1851
78,88,0,47.5,17,1,1,2,1,15,0,16,1769
85,88,1,2,1,0.4,0,0.3,0,0.7,0,0.7,107.4
5,39,0,76,36,16,4,23,4,13,2,23,3138
7,39,0,228.5,111,53,9,89,15,22,25,26,7665
22,18,1,28,9.3,1.2,1.2,0,0.6,9.3,0.6,8.4,1013.6
24,18,1,2,0.9,0.3,0,0.3,0.1,0.6,0.1,0.6,91.1
10,32,1,2,0.8,0.2,0.1,0.1,0.1,0.7,0.1,0.5,83.4
109,111,1,2,0.8,0.3,0.1,0.2,0.1,0.6,0.1,0.4,93.8
67,42,0,56,22,3,1,0,1,22,4,19,2157
6,48,0,38,15,5,2,2,2,13,2,11,1701
7,48,1,2,0.9,0.2,0.1,0.1,0.1,0.8,0,0.7,102.1
37,79,1,1,0.4,0.1,0,0,0.1,0.4,0.1,0.3,51.3
64,79,1,2,0.8,0.3,0.1,0.2,0.1,0.6,0.2,0.6,83.9
77,79,1,2,0.9,0.2,0,0.1,0.1,0.8,0.1,0.8,98.3
81,79,1,2,0.9,0.3,0,0.1,0,0.8,0.1,0.8,90.7
11,33,1,6,2.5,0.7,0.2,0.5,0.2,2,0.3,1.6,250.2
12,9,1,12,5,1.4,0.5,0.2,0.7,4.8,1.4,3.8,557.2
49,71,1,4,1.7,0.5,0,0.6,0.3,1.1,0.3,1.5,163.9
69,71,1,2,0.8,0.1,0,0,0.1,0.8,0,0.7,77.5
34,30,1,7,2.7,0.6,0.1,0.1,0.1,2.6,0.2,2.6,302.6
21,82,0,31.5,12,3,1,2,2,10,2,8,1283
18,43,1,1,0.3,0.1,0,0,0.1,0.3,0.1,0.3,39.7
19,43,1,8,3.1,0.7,0.3,0.2,0.1,2.9,0.1,2.4,340
42,82,1,6,2.1,0.4,0.2,0.3,0.2,1.8,0.4,1.8,230.3
74,82,1,3,1.3,0.6,0.1,0.2,0.2,1.1,0.2,0.9,102.5
86,82,1,16,6.5,1.7,0.9,1.3,0.2,5.2,0.7,4.3,718.1
36,23,1,5,2,0.4,0.1,0,0.2,2,0.2,1.8,224.3
92,85,1,19.5,8.2,1.5,0,0.2,0.2,8,0.2,7.5,828.7
32,14,1,1,0.4,0.1,0,0.1,0,0.3,0,0.3,36.2
33,14,1,7,2.8,0.7,0.2,0.5,0.4,2.3,0.2,2.1,253.7
46,14,1,16,6.5,1.2,0,0.8,0.7,5.7,0.5,5.5,735.2
47,14,1,3,1.2,0.2,0,0.1,0.1,1.1,0.1,1,137.8
9,88,0,80,35,7,1,8,4,27,3,27,3235
98,86,1,2,0.7,0.2,0.1,0,0,0.7,0.2,0.6,76.8
6,101,1,13.5,6,1.9,0.3,0.3,0.6,5.7,2.2,3.8,535.2
76,88,0,31,12,3,1,1,1,11,2,8,1435
80,88,1,3,1.1,0.2,0.2,0.2,0.1,0.9,0,0.8,119.3
83,88,1,3,1.1,0.2,0.2,0.2,0.1,0.9,0,0.8,119.3
3,44,1,8,3.2,0.9,0.3,0.2,0.3,3,0.2,2.8,346.4
4,44,1,4,1.5,0.3,0.2,0.3,0.2,1.2,0.1,1.2,171.3
5,44,1,24,9.3,1.7,1.1,2.1,0.9,7.2,0.4,7.4,1027.6
6,44,1,15,5.8,1,0.7,1.3,0.6,4.5,0.2,4.6,642.3
13,44,1,2,0.8,0.2,0.1,0.2,0,0.6,0,0.7,88.2
15,44,1,15,5.2,0.9,0.4,0.4,0.9,4.8,0.9,4.1,595.7
22,44,1,5,2,0.4,0.2,0.2,0.1,1.8,0.1,1.5,212.5
24,44,1,4,1.4,0.3,0.1,0,0.1,1.4,0.1,1.2,161.7
28,44,1,16,5.5,1.2,0.6,0,0.3,5.5,0.3,4.7,646.7
1,56,1,8,3.1,0.4,0.2,0.1,0.1,3,0,3,361.3
2,56,1,5,1.9,0.3,0.1,0,0.1,1.9,0,1.9,225.8
33,44,1,8,3.4,1.1,0.2,1.2,0,2.2,0.4,2.1,310.3
56,56,0,37,13,0,0,0,3,13,1,13,1541
36,28,1,1,0.4,0.1,0,0,0,0.4,0,0.4,43.2
5,123,1,5,1.5,0.1,0.2,0.1,0.1,1.4,0.1,1.2,162.7
0,42,1,9,3.6,1.1,0.4,0.2,0.4,3.4,0.3,3.2,389.7
31,0,1,6,1.9,0.4,0.4,0,0.2,1.9,0.4,1.8,230.1
13,0,1,1,0.5,0.2,0,0.1,0,0.4,0.1,0.3,44.5
27,21,1,6,2.7,0.8,0,1,0.2,1.7,0.3,1.7,273.2
41,0,1,2,0.7,0,0,0,0.1,0.7,0,0.7,82.2
13,5,1,7,2.9,0.8,0.3,0.1,0.4,2.8,0.8,2.2,325
68,69,1,2,0.7,0.2,0.1,0,0.1,0.7,0.1,0.7,67
69,69,0,42,14,1,1,0,0,14,1,14,1518
28,80,0,23,11,5,0,1,0,10,1,8,1054
26,96,1,4,1.5,0.2,0.2,0.2,0.2,1.3,0.2,1.2,120.4
36,80,1,1,0.4,0.1,0,0,0.1,0.4,0.1,0.3,51.3
98,96,1,9,3.3,0.8,0.3,0,0.1,3.3,0.2,2.8,346.4
36,26,0,79,25,4,3,0,1,25,1,23,2393
15,37,1,5,2.6,1.1,0.1,0.8,0.1,1.8,0.5,1.8,208.9
31,19,1,17,6.7,1.3,0.3,1.1,0.3,5.6,0.2,5.8,730.5
32,19,1,3,1.2,0.2,0.1,0.2,0.1,1,0,1,128.9
38,19,1,11,4.6,1,0,1,0.3,3.6,0.1,3.9,508.2
13,49,1,2,0.9,0.2,0,0,0.1,0.9,0,0.9,102
15,49,1,3,1.5,0.4,0,0,0.4,1.5,0.2,1,141.8
10,54,1,5,2.3,0.6,0.1,0.3,0.1,2,0.3,1.9,244
2,43,1,7,2.8,0.8,0.3,0.2,0.3,2.6,0.2,2.5,303.1
13,54,0,22,11,5,1,0,0,11,2,10,873
26,54,1,8,3.4,1.2,0.1,0,0.5,3.4,1.2,3,311.7
44,54,1,17,6,1.2,0.8,0,0.6,6,0.6,5.7,713.2
45,54,0,38,14,4,2,2,1,12,4,11,1321
22,82,0,25,11,4,0,0,2,11,2,6,1010
59,82,1,1,0.5,0.2,0.1,0,0,0.5,0,0.4,50.7
5,107,1,1,0.4,0.2,0.1,0.1,0,0.3,0.1,0.3,34.6
30,107,1,1,0.5,0.2,0,0,0,0.5,0.1,0.4,44.3
31,107,1,3,1.5,0.7,0.1,0.1,0.1,1.4,0.2,1.3,132.9
110,107,1,6,2.3,0.8,0.2,0.4,0.2,1.9,0.2,1.2,281.5
15,118,1,5,2.1,0.5,0.3,0.4,0.1,1.7,0.3,1.6,205.5
18,118,1,1,0.4,0.1,0.1,0.1,0,0.3,0.1,0.3,41.1
8,86,1,1,0.4,0.2,0,0,0,0.4,0,0.3,32
29,118,1,2,1,0.1,0,0.1,0.2,0.9,0.5,0.6,88.7
35,118,1,2,0.8,0.1,0,0,0,0.8,0.2,0.6,95.1
88,118,1,4,1.6,0.6,0.1,0.1,0,1.5,0.3,1.2,158.7
100,118,1,4,1.6,0.3,0.1,0,0.2,1.6,0.1,1.6,183.5
97,118,1,2,0.8,0.2,0,0,0.1,0.8,0,0.8,104.7
106,118,1,4,1.9,0.3,0,0,0.1,1.9,0.2,1.5,215
107,118,1,2,1,0.2,0,0,0,1,0.1,0.8,107.5
57,24,1,1,0.4,0.1,0.1,0,0,0.4,0,0.2,40
43,24,1,2,0.9,0.1,0,0.2,0.1,0.7,0.1,0.6,101.7
17,88,1,2,1,0.4,0,0.1,0,0.9,0.2,0.8,101.9
19,88,1,4,2.1,0.9,0,0.2,0,1.9,0.5,1.6,203.9
35,88,1,5,2.1,0.6,0,0.1,0.1,2,0.1,1.7,205.6
81,88,1,11,4,0.8,0.7,0.7,0.2,3.3,0.1,2.8,437.3
82,88,1,9.5,3.5,0.7,0.6,0.6,0.2,2.9,0.1,2.4,377.7
14,44,1,8,2.8,0.5,0.2,0.2,0.5,2.6,0.5,2.2,317.7
25,110,1,2,1,0.5,0.1,0,0.1,1,0.2,0.9,88.6
14,67,1,3,1.2,0.5,0.1,0,0.2,1.2,0.1,1.2,128.6
50,67,1,1,0.4,0.1,0,0.1,0.1,0.3,0.1,0.4,41
64,67,1,13.5,5,1.5,1,0.3,0.7,4.7,1,4.7,452.6
111,121,0,63,24,0,1,0,1,24,2,21,2815
109,121,1,9,3.7,0.8,0.1,0,0.4,3.7,0.2,3.2,421.3
108,121,1,6,2.9,0.5,0,0,0.1,2.9,0.2,2.3,322.4
38,5,1,14,5.4,1.8,0.8,0,0.5,5.4,0.5,4.1,453.2
2,62,1,3,1.4,0.4,0.1,0.1,0.1,1.3,0.2,0.9,127.5
54,1,1,4,1.5,0.1,0.1,0,0,1.5,0.2,1.3,196.8
73,1,1,3,1.1,0.2,0.1,0,0,1.1,0.1,1,109.3
101,105,0,38,15,3,1,11,1,4,2,8,1449
60,62,1,6,2.1,0.2,0.2,0,0.2,2.1,0.1,2,224.5
1,33,1,3,1.2,0.3,0.1,0.3,0.1,0.9,0.1,0.9,136.1
59,53,1,2.5,1.7,0.8,0,0.5,0.3,1.2,0,1.4,150.8
51,16,1,4,1.3,0.2,0.2,0.1,0.1,1.2,0.1,1,137.9
26,22,1,9,3.6,0.7,0,0.5,0.2,3.1,0.3,3.1,399.8
23,22,1,2,0.7,0.1,0.1,0,0.1,0.7,0,0.6,81.4
20,81,0,69,33,12,1,11,6,22,6,16,2603
21,81,0,27,15,8,0,3,1,12,1,11,1129
24,81,1,2,0.9,0.2,0,0.1,0.1,0.8,0.1,0.8,86
51,6,1,2,0.7,0.2,0.2,0.1,0.1,0.6,0.1,0.6,86.7
1,43,1,18,7.3,2.1,0.7,0.5,0.7,6.8,0.5,6.4,779.5
23,82,1,7,2.8,0.7,0.1,0,0.1,2.8,0.4,2.6,290
4,92,0,39,18,6,1,5,2,13,3,15,1489
27,92,1,2,0.7,0.1,0.1,0.1,0.1,0.6,0.1,0.6,60.2
36,92,1,2,0.8,0.2,0,0,0.1,0.8,0.1,0.8,87
31,100,1,2,0.7,0.1,0.1,0.1,0.1,0.6,0.1,0.6,60.2
37,100,1,2,0.8,0.2,0,0,0.1,0.8,0.1,0.8,87
44,92,1,1,0.5,0.2,0,0.1,0,0.4,0.1,0.5,45.4
46,92,1,1,0.5,0.2,0,0.1,0,0.4,0.1,0.5,45.4
94,92,1,24,8.9,2.1,0.9,0,0.2,8.9,0.5,7.5,923.7
95,92,0,42,14,0,1,0,2,14,0,13,1703
96,92,1,28,10.4,2.4,1.1,0,0.3,10.4,0.5,8.8,1077.6
97,92,1,2,0.7,0.2,0.1,0,0,0.7,0,0.6,77
14,116,1,3,1.4,0.4,0,0,0.1,1.4,0.1,1.2,124.9
43,116,1,6,2.4,0.4,0.1,0.1,0,2.3,0.7,1.9,285.4
50,116,1,3,1.6,0.7,0.1,0,0,1.6,0.4,1.2,150.8
55,116,1,1,0.5,0.2,0,0,0,0.5,0,0.4,52.9
78,116,1,6.5,2.3,0.5,0.2,0,0.5,2.3,0.5,1.1,223
108,127,1,12,6.7,2.4,0.3,1.3,1.1,5.4,1.3,5.4,685.2
109,127,1,1,0.4,0,0,0,0,0.4,0,0.3,45.4
54,14,1,3,1.1,0.2,0.1,0,0,1.1,0.1,1.1,112.2
56,14,1,8,2.9,0.5,0.3,0,0.1,2.9,0.2,2.9,299.1
91,86,0,54,23,5,0,9,4,14,1,12,2164
34,88,1,6,2.6,0.7,0,0.1,0.1,2.5,0.1,2.1,246.7
38,4,1,24,9.3,3.1,1.3,0,0.9,9.3,0.9,7.1,776.9
39,4,1,14,4.6,0.5,0.3,0.3,0.6,4.3,0.5,3.8,528.3
40,4,1,4,1.3,0.1,0.1,0.1,0.2,1.2,0.1,1.1,151
42,4,1,1,0.3,0,0,0,0,0.3,0,0.3,37.7
55,4,1,2,0.7,0,0,0,0,0.7,0.1,0.6,98.4
4,39,0,165.5,91,43,1,86,20,5,9,37,6249
8,39,0,46,26,16,1,20,1,6,1,15,2048
9,39,0,62.5,22,2,3,0,4,22,1,19,2376
10,39,1,10,4.3,1.2,0.4,0.7,0.2,3.6,0.4,3.1,391.4
28,25,0,72,33,8,1,0,2,33,2,31,3156
29,25,0,63,33,11,0,14,9,19,5,16,2563
35,25,1,2,0.8,0.2,0,0,0.1,0.8,0.1,0.7,89.7
36,25,1,26,10.2,2,0.4,0,1.2,10.2,0.8,9.3,1166.3
37,25,1,3,1.2,0.2,0,0,0.1,1.2,0.1,1.1,134.6
39,25,1,3,1.3,0.2,0,0.2,0.2,1.1,0.2,0.9,152.5
40,25,1,8,3.4,0.5,0,0.5,0.5,2.9,0.5,2.4,406.6
25,18,1,10,4.4,1.4,0,1.6,0.3,2.8,0.6,2.8,455.3
26,18,1,11,4.9,1.5,0,1.8,0.3,3.1,0.6,3.1,500.8
12,32,1,10,4.2,1.2,0.4,0.8,0.4,3.4,0.5,2.7,417
13,32,1,5,2.1,0.6,0.2,0.4,0.2,1.7,0.2,1.4,208.5
45,52,1,3,1.1,0.2,0.1,0,0.1,1.1,0.1,1,125.9
46,52,1,7,2.5,0.5,0.3,0,0.2,2.5,0.2,2.3,293.7
72,68,1,8,3.1,0.4,0.1,0,0.2,3.1,0.1,3,310
49,90,1,15,5.7,1.2,0.6,0.6,0.3,5.1,0.3,5.4,639.9
17,125,1,6,3.4,2,0.1,0.3,0.1,3.1,0.8,2.2,298.8
37,37,1,2,1,0.4,0.1,0.1,0.1,0.9,0.3,0.8,74.9
9,114,1,11,4.3,1.1,0.4,0.5,0.7,3.8,0.2,3.6,452.1
33,9,1,6,1.9,0.4,0.4,0,0.2,1.9,0.4,1.8,230.1
50,9,1,13,4.7,1.1,0.8,0,0.5,4.7,0.3,4.4,522.1
51,9,1,13,4.7,1.1,0.8,0,0.5,4.7,0.3,4.4,522.1
56,9,1,13,4.8,1,0.7,0.2,0.5,4.6,0.2,4.1,520.2
57,82,1,1,0.4,0.1,0,0.1,0,0.3,0.1,0.3,39.6
93,85,0,32,11,3,0,0,0,11,0,3,1155
97,85,1,11.5,4.2,1.1,0.7,0.2,0.2,4,0.9,3.5,441.8
36,109,1,10,3.7,0.9,0.3,0.6,0.9,3.1,0.9,3.1,345.1
42,109,1,3,1.3,0.5,0.1,0,0.2,1.3,0.3,1,121
85,109,1,1,0.4,0.1,0,0.1,0.1,0.3,0.2,0.3,33.3
29,44,1,10,4.3,1.3,0.3,1.5,0,2.8,0.5,2.7,387.9
54,56,1,4,1.5,0.4,0.1,0.1,0.1,1.4,0.1,1.4,166
35,28,1,7,2.7,0.6,0.1,0.1,0.1,2.6,0.2,2.6,302.6
44,28,1,14,5.7,1.3,0.4,0.9,0.6,4.8,0.3,4.7,614.3
42,0,1,2,0.7,0,0,0,0.1,0.7,0,0.7,82.2
44,0,1,15,6,1.1,0.6,1.5,0.4,4.5,0.5,4.3,586.6
37,21,1,2,0.8,0.2,0,0.2,0.1,0.6,0,0.7,92.4
32,42,1,17,7.3,2.3,0.5,2.6,0,4.7,0.9,4.5,659.4
49,21,1,2,0.8,0.2,0,0.1,0.1,0.7,0.1,0.7,91.9
54,21,1,8,3.1,0.6,0.4,0.6,0.1,2.5,0,2.8,303.5
66,42,0,81,35,10,4,2,2,33,1,24,3576
100,112,1,3,1.1,0.2,0.1,0.1,0,1,0,0.9,143.2
103,112,1,6,2.1,0.4,0.3,0.2,0.1,1.9,0.1,1.7,286.4
16,5,1,1,0.5,0.2,0,0,0,0.5,0,0.4,35.6
13,69,1,3,1.2,0.2,0,0.1,0.2,1.1,0.2,0.8,105.4
14,69,1,16,6.6,2.5,0.5,0.2,1,6.4,0.7,6.2,686
41,69,1,3,1.2,0.2,0.1,0.2,0.4,1,0.4,0.9,103.7
7,26,1,2,0.7,0,0,0.1,0,0.6,0.1,0.5,68.2
29,96,1,5,1.8,0.2,0.2,0.2,0.3,1.6,0.3,1.4,150.5
30,96,1,1,0.4,0,0,0.1,0.1,0.3,0.1,0.3,30.1
55,53,1,20,7.6,1.8,0.4,0.7,0.7,6.9,0.4,7,830.1
56,53,1,10,3.8,0.9,0.2,0.3,0.3,3.5,0.2,3.5,415.1
58,53,0,60.5,26,9,2,3,3,23,7,22,2379
50,16,1,3,1,0.1,0.1,0.1,0.1,0.9,0.1,0.8,103.4
28,19,1,15,6.7,2.1,0,2.5,0.4,4.2,0.8,4.2,682.9
11,49,1,4,1.8,0.4,0.1,0,0.2,1.8,0,1.7,204
12,49,1,10,4.6,1,0.2,0.1,0.5,4.5,0,4.4,510
45,19,1,2,0.8,0.2,0,0.1,0.1,0.7,0.1,0.7,91.9
54,19,1,19,7.3,1.4,0.8,1.4,0.3,5.9,0,6.8,720.9
55,19,1,7.5,2.9,0.6,0.3,0.6,0.1,2.3,0,2.7,284.6
8,54,1,7,3.2,0.9,0.1,0.1,0.1,3.1,0.4,2.5,327
9,54,1,10,4.5,1.3,0.2,0.6,0.2,3.9,0.6,3.9,488
38,107,1,1,0.4,0.1,0,0.1,0.1,0.3,0.1,0.3,34.5
96,118,1,2,0.8,0.2,0,0,0.1,0.8,0,0.8,104.7
41,86,1,2,0.7,0.1,0.1,0.1,0.1,0.6,0.1,0.6,76.8
82,75,0,155,81,39,5,61,10,20,19,33,6161
68,102,1,1,0.4,0.1,0.1,0.1,0,0.3,0.1,0.3,42
35,47,1,8,3.1,0.7,0.4,0.4,0.2,2.7,0.2,3.1,364.2
36,47,1,2,0.8,0.2,0.1,0.1,0,0.7,0,0.8,91
37,47,0,56,22,7,3,5,3,17,6,18,2082
38,47,0,144.5,81,48,5,26,8,55,13,48,5973
39,47,0,33,14,4,0,4,3,10,2,10,1244
7,124,1,4,1.2,0.1,0.2,0,0.1,1.2,0.1,0.9,130.2
16,124,1,2,1.1,0.7,0,0.1,0,1,0.3,0.7,99.6
22,124,1,3,1.4,0.5,0,0,0,1.4,0.5,0.9,153.8
33,124,1,3,1.1,0.3,0.3,0.3,0.1,0.8,0.1,0.8,114.2
36,124,1,1,0.4,0.1,0,0,0,0.4,0.1,0.4,42.7
44,124,1,2,0.9,0.3,0,0,0,0.9,0.1,0.8,78.7
56,124,1,2,1,0.3,0,0,0.1,1,0,0.8,105.8
99,124,1,2,0.7,0.1,0.1,0,0.1,0.7,0.1,0.7,86
102,124,1,12,4.4,0.9,0.5,0.2,0.3,4.2,0.3,4.1,515.9
108,124,1,5,1.6,0.2,0.2,0.3,0,1.3,0.1,1.4,207.5
16,113,1,1,0.5,0.1,0,0,0,0.5,0,0.4,41.6
44,1,1,11,4.4,0.8,0.5,1.1,0.3,3.3,0.4,3.1,430.2
97,113,1,4,1.7,0.3,0,0,0.2,1.7,0,1.7,209.4
79,113,1,3,1.1,0.2,0.1,0,0.2,1.1,0.2,0.5,102.9
53,1,1,21,7.8,0.6,0.6,0.4,0.6,7.4,0,7.2,837.4
35,62,1,4,1.5,0.2,0.1,0.3,0.5,1.2,0.6,1.2,138.3
96,105,0,37,12,0,1,0,1,12,0,12,1596
57,62,1,7,2.4,0.4,0.2,0.2,0.4,2.2,0.4,1.8,262.4
100,105,1,6,2.3,0.2,0.1,0.1,0.1,2.2,0.1,2.1,285.1
53,53,1,13,4.8,0.8,0.7,0,0.1,4.8,0.4,4.5,522.1
54,53,1,1,0.4,0.1,0,0,0,0.4,0,0.3,41.5
0,33,1,20,8.3,1.8,0.4,2.4,0.8,5.9,0.4,6,907.3
44,26,0,28,13,4,0,9,1,4,2,8,1181
57,53,0,52,19,6,3,5,3,14,7,12,1820
49,26,1,13,4.7,0.9,0.2,1.6,0.2,3.1,0.5,2.6,452.2
10,33,1,4,1.7,0.5,0.2,0.3,0.2,1.4,0.2,1.1,166.8
20,22,1,2,0.7,0.1,0.1,0,0.1,0.7,0,0.6,81.4
22,22,1,2,0.7,0.1,0.1,0,0.1,0.7,0,0.6,81.4
32,22,1,5,1.9,0.4,0.2,0.1,0.2,1.8,0.1,1.7,204.8
36,22,1,1,0.4,0.1,0,0,0,0.4,0,0.4,44.9
16,81,0,39,22,11,1,12,3,10,4,8,1636
53,6,1,1,0.3,0.1,0.1,0,0,0.3,0.1,0.3,43.3
73,6,1,4,1.7,0.5,0.1,0,0.2,1.7,0.1,1.1,167.3
75,6,1,6,2.6,0.7,0.1,0,0.3,2.6,0.1,1.6,250.9
7,34,1,26,10.8,2.6,0.5,2.1,1.4,8.7,1.1,7.2,1076.2
8,34,1,12,5,1.2,0.2,1,0.7,4,0.5,3.3,496.7
9,34,1,3,1.2,0.4,0.1,0.2,0.1,1,0.1,0.8,125.1
12,34,1,8,3.3,1,0.3,0.6,0.3,2.7,0.4,2.2,333.6
32,27,0,94,45,16,0,13,8,32,5,27,3731
33,27,1,2,0.9,0.2,0,0,0.1,0.9,0.1,0.9,92.4
34,27,0,49,19,2,1,0,0,19,0,16,1901
35,27,1,26,10.2,2.1,0.4,0.4,0.5,9.8,0.8,9.5,1123.8
36,27,1,6,2.3,0.5,0.1,0.1,0.1,2.2,0.2,2.2,259.3
40,27,1,6,2.8,0.8,0.2,0.7,0,2.1,0.3,2.5,331.5
41,27,1,7,3.3,1,0.2,0.8,0,2.5,0.4,2.9,386.8
42,27,1,6,2.8,0.8,0.2,0.7,0,2.1,0.3,2.5,331.5
43,27,0,34,12,1,1,0,2,12,2,12,1236
44,27,1,29,11.9,2.6,0.8,1.9,1.3,10,0.5,9.8,1272.6
46,27,1,5,2,0.5,0.1,0.3,0.2,1.7,0.1,1.7,219.4
47,27,1,2,0.8,0.2,0.1,0.1,0.1,0.7,0,0.7,87.8
49,27,1,23,7.9,1.4,0.9,0.6,0.8,7.3,1.2,6.8,931.3
50,27,0,22,12,6,0,2,3,10,1,10,1109
51,27,0,66,39,25,2,27,4,12,7,9,2986
52,27,0,36,21,10,0,6,1,15,3,13,1938
53,27,1,8,2.7,0.5,0.3,0.2,0.3,2.5,0.4,2.4,323.9
54,27,1,4,1.5,0.4,0,0,0.1,1.5,0.1,1.5,192.8
55,27,1,3,1.2,0.3,0,0,0.1,1.2,0.1,1.1,144.6
57,27,1,2,0.8,0.2,0,0,0,0.8,0,0.7,96.4
2,119,1,2,1.1,0.6,0,0.1,0.2,1,0.3,0.6,97.6
26,20,0,18,11,5,0,10,1,1,1,2,593
28,20,1,4,1.8,0.6,0,0.7,0.1,1.1,0.2,1.1,182.1
29,20,1,4,1.6,0.3,0.1,0.3,0.1,1.3,0,1.4,171.9
30,20,1,5,2,0.4,0.1,0.3,0.1,1.7,0.1,1.7,214.9
31,20,1,2,0.8,0.1,0,0.1,0,0.7,0,0.7,85.9
112,117,0,31,14,2,0,1,0,13,0,14,1272
21,109,1,4,1.6,0.4,0.1,0.1,0.1,1.5,0.6,0.9,170.6
27,109,1,5,2.6,1.2,0.1,0.2,0.1,2.4,0.4,2.2,221.5
28,109,1,2,1,0.5,0.1,0,0.1,1,0.2,0.9,88.6
73,4,1,4,1.7,0.5,0.1,0,0.2,1.7,0.1,1.1,167.3
2,103,1,11,5,1.4,0,1.2,0.5,3.8,0.7,4.5,611.7
6,39,0,95.5,43,13,1,23,6,20,6,24,3603
11,39,1,3,1.3,0.4,0.1,0.2,0.1,1.1,0.1,0.9,117.4
12,39,1,14.5,6.3,1.7,0.6,1.1,0.3,5.2,0.6,4.4,567.5
27,25,1,11,4.4,0.8,0,0.6,0.3,3.8,0.4,3.8,488.7
7,95,1,4,1.9,0.6,0,0.2,0.1,1.7,0.2,1.6,178.1
52,18,1,5,2,0.4,0,0.2,0.2,1.8,0.2,1.7,229.7
8,48,1,10,4.4,1.2,0.3,0.4,0.4,4,0.1,3.5,510.6
9,48,1,17,7.7,1.7,0.3,0.1,0.8,7.6,0,7.4,867
10,48,1,16,7.3,1.6,0.3,0.2,0.8,7.1,0,7,816
14,48,0,27,13,5,0,0,0,13,0,12,1418
3,79,1,4,1.7,0.6,0.2,0.1,0.3,1.6,0.3,1.6,170.2
27,79,1,26,11.5,2.6,0.4,1.8,1.3,9.7,0.9,10.6,1117.6
28,79,1,8,3.5,0.8,0.1,0.5,0.4,3,0.3,3.3,343.9
39,48,1,8,3.2,0.7,0.2,0.4,0.3,2.8,0.2,2.6,297.9
41,48,1,33,13.1,2.8,0.9,1.7,1.1,11.4,0.9,10.5,1228.7
42,48,0,41,24,9,0,24,6,0,1,3,1918
44,48,1,1,0.4,0.1,0,0,0.1,0.4,0.1,0.4,46.1
34,26,0,43,22,7,0,0,4,22,1,9,2016
47,16,1,9,3.6,0.7,0,0.4,0.4,3.2,0.3,3.1,413.5
49,16,1,16,5.1,0.6,0.6,0.5,0.5,4.6,0.6,4,551.6
2,114,1,4,1.9,0.3,0,0.1,0.3,1.8,0.3,1.8,188.6
18,114,1,1,0.5,0.1,0,0,0,0.5,0,0.4,41.6
53,9,1,3,1.1,0.3,0.2,0,0.1,1.1,0.1,1,120.5
29,30,1,2,0.9,0.2,0,0,0.1,0.9,0.1,0.9,92.4
30,30,1,4,1.9,0.5,0,0.1,0.2,1.8,0.1,1.7,184.7
3,34,1,3,1.2,0.3,0.1,0.3,0.1,0.9,0.1,0.9,136.1
35,23,1,4,1.6,0.3,0.1,0,0.2,1.6,0.1,1.4,179.4
56,117,1,4,2,0.7,0,0,0.2,2,0,1.7,211.7
81,75,0,87,43,20,1,22,1,21,4,30,3807
89,88,0,52,25,8,0,1,1,24,1,18,2000
110,120,0,86,29,2,4,0,1,29,2,27,3192
111,120,1,17,7,1.4,0.2,0,0.8,7,0.4,6,795.8
112,120,0,29,12,5,1,3,0,9,2,8,1091
113,120,0,149.5,71,26,3,22,7,49,8,45,5311
64,51,1,7,3.2,1.5,0.5,1.5,0.2,1.7,0.8,2.8,284.5
23,28,1,18,6.9,1.8,0.4,0.6,0.4,6.3,0.4,5.5,726.4
43,28,1,2,0.9,0.3,0.1,0.2,0,0.7,0.1,0.8,110.5
48,0,1,3,1.2,0.2,0.1,0.3,0.1,0.9,0.1,0.9,117.3
35,21,1,5,2.1,0.5,0,0.5,0.1,1.6,0.1,1.8,231
36,21,1,2,0.8,0.2,0,0.2,0.1,0.6,0,0.7,92.4
46,0,1,5,2,0.4,0.2,0.5,0.1,1.5,0.2,1.4,195.5
53,42,1,2,0.9,0.3,0,0.3,0.1,0.6,0.2,0.6,82.2
96,104,0,39,13,2,1,0,0,13,0,13,1806
103,104,1,31,11.9,1.1,0.5,0.6,0.5,11.3,0.5,11,1472.9
104,104,0,33,13,3,1,4,2,9,0,7,1265
8,112,1,15,6.7,1.8,0,0,1.2,6.7,1.2,5.5,683.9
21,112,1,2,0.8,0.2,0.1,0.1,0,0.7,0.1,0.6,82.2
26,112,1,1,0.5,0.1,0,0.1,0.1,0.4,0.2,0.3,44.4
36,112,1,3,1.2,0.2,0.1,0.1,0,1.1,0.4,0.9,142.7
101,112,1,5,1.8,0.3,0.2,0.2,0,1.6,0,1.4,238.6
109,124,1,22,9.4,2.9,0.5,1.7,0.7,7.7,1.2,7.5,1108
39,5,1,15,4.9,0.5,0.3,0.3,0.7,4.6,0.5,4.1,566.1
45,69,1,3,1.3,0.3,0,0.4,0.3,0.9,0.3,1.1,123
17,26,0,51.5,15,0,3,0,2,15,0,15,1695
70,69,1,3,1.2,0.2,0,0,0.1,1.2,0,1.1,116.3
22,26,1,16,5.6,0.6,0.6,0,1,5.6,0,5,651.4
106,105,0,40,18,7,0,9,1,9,4,9,1448
35,26,0,30,11,0,1,0,0,11,0,10,1121
45,26,1,1,0.4,0.1,0.1,0.1,0,0.3,0,0.3,41
29,19,1,24,9.5,1.8,0.4,1.5,0.4,8,0.3,8.2,1031.3
20,49,1,6,2.4,0.4,0,0.4,0.2,2,0.2,2,276.2
38,49,0,35,13,2,2,2,0,11,0,12,1281
40,49,1,8,3.2,0.7,0.2,0.4,0.3,2.8,0.2,2.6,297.9
43,49,1,3,1.2,0.3,0.1,0.2,0.1,1,0.1,1,111.7
44,49,0,43,20,7,1,10,1,10,2,8,1368
45,49,0,65,30,10,2,18,7,12,4,13,2506
3,54,1,2,0.8,0.1,0,0,0,0.8,0,0.7,90.3
0,64,1,1,0.5,0.1,0,0.1,0,0.4,0.1,0.3,42.5
39,64,1,1,0.4,0.2,0.1,0,0,0.4,0.1,0.3,39.9
40,64,1,31,12.8,5.3,2.1,1.1,0.5,11.7,2.7,9.6,1238.4
16,118,1,3,1.2,0.3,0.2,0.2,0.1,1,0.2,0.9,123.3
2,86,1,2,0.8,0.3,0,0,0.1,0.8,0.1,0.6,69.7
53,14,1,4,1.3,0.2,0.2,0.1,0.1,1.2,0.1,1,137.9
8,88,1,8,3.6,0.8,0.2,0.6,0.2,3,0.5,3,396.2
3,93,1,4,2,1,0.1,0.7,0.2,1.3,0.3,1.2,183.4
11,89,1,5,2.3,0.9,0.2,0.7,0.2,1.6,0.3,1.6,244
2,102,1,11.5,5.2,1.5,0,1.2,0.5,4,0.7,4.7,639.5
0,110,1,1,0.5,0.2,0,0,0.1,0.5,0.1,0.3,42.4
5,94,1,8,3.8,1.3,0,0.4,0.3,3.4,0.4,3.2,356.2
43,89,1,9,3.2,0.6,0.3,0.5,0.2,2.7,0.6,2.7,345.4
47,89,1,7,2.5,0.6,0.3,0,0.1,2.5,0.1,2.3,288.4
48,89,1,2,0.7,0.2,0.1,0,0,0.7,0,0.6,82.4
50,89,1,7,2.7,0.6,0.3,0.3,0.1,2.4,0.1,2.5,298.6
51,89,1,2,0.8,0.2,0.1,0.1,0,0.7,0,0.7,85.3
63,89,1,6,2.8,1.1,0.3,0,0,2.8,0.2,2.4,304.1
70,89,1,2,0.9,0.2,0,0.1,0.2,0.8,0.1,0.7,87.8
63,121,1,2,1,0.3,0,0,0.1,1,0,0.8,105.8
101,121,1,4,1.6,0.3,0.1,0,0.2,1.6,0.1,1.6,183.5
103,121,1,3,1.2,0.2,0.1,0,0.2,1.2,0.1,1.2,137.6
6,124,1,12,3.7,0.2,0.5,0.2,0.4,3.5,0.4,2.8,390.5
100,124,1,1,0.4,0.1,0,0,0,0.4,0,0.3,43
101,124,1,2,0.7,0.1,0.1,0,0.1,0.7,0.1,0.7,86
27,48,1,2,0.9,0.2,0,0,0.1,0.9,0.1,0.8,103.8
14,113,1,2,0.9,0.2,0,0,0.1,0.9,0.1,0.8,83.2
94,105,1,9,3.6,0.7,0.2,0.1,0.4,3.5,0.2,3.4,406.1
95,105,0,96,47,17,2,15,9,32,8,29,4259
17,29,1,6,2.6,0.7,0.1,0.2,0.2,2.4,0.2,2.3,247.5
56,62,1,14.5,5.1,0.9,0.5,0.5,0.9,4.6,0.9,3.7,543.6
98,105,1,1.5,0.6,0.1,0,0,0.1,0.6,0,0.6,67.7
47,26,1,2,0.8,0.2,0.1,0.2,0.1,0.6,0,0.6,81.9
48,16,1,5,2,0.4,0,0.2,0.2,1.8,0.2,1.7,229.7
64,37,1,14,5.9,1.7,0.3,0.5,0.4,5.4,0.4,5.4,613.9
44,91,1,12,4.3,1,0.6,0,0.2,4.3,0.2,3.9,494.3
46,91,1,10,3.5,0.8,0.5,0,0.2,3.5,0.2,3.2,411.9
8,13,1,7,2.3,0.1,0.1,0.1,0.1,2.2,0.4,1.8,238.8
9,13,1,4,1.3,0.1,0.1,0.1,0.1,1.2,0.2,1,136.5
25,13,1,1,0.5,0.2,0,0,0,0.5,0,0.5,38.4
29,13,1,1,0.4,0.1,0,0.1,0,0.3,0,0.3,36.2
0,43,1,8,3.2,0.9,0.3,0.2,0.3,3,0.2,2.8,346.4
20,43,1,16,6.3,1.4,0.5,0.5,0.2,5.8,0.2,4.9,680
23,43,1,5,2,0.4,0.2,0.2,0.1,1.8,0.1,1.5,212.5
24,43,1,9,3.1,0.7,0.3,0,0.2,3.1,0.2,2.6,363.8
62,27,1,3,1.1,0.2,0.1,0.2,0.1,0.9,0.2,0.9,125.6
89,87,0,92,41,11,2,11,7,30,3,25,3280
90,87,0,56,29,16,3,5,3,24,3,12,2121
25,20,1,1,0.4,0.1,0,0.1,0,0.3,0.1,0.3,45.5
36,4,1,2,0.8,0.3,0.1,0,0.1,0.8,0.1,0.6,64.7
105,111,1,22,7.5,1.1,0.9,0.5,0.3,7,0.4,6.8,928
106,111,1,13,4.4,0.6,0.5,0.3,0.2,4.1,0.2,4,548.4
107,111,1,22,7.5,1.1,0.9,0.5,0.3,7,0.4,6.8,928
108,111,1,12,4.1,0.6,0.5,0.3,0.1,3.8,0.2,3.7,506.2
31,95,1,4,1.5,0.2,0.2,0.2,0.2,1.3,0.2,1.2,120.4
44,90,1,21,7.5,1.7,1,0,0.3,7.5,0.3,6.8,865.1
47,90,1,1,0.4,0.1,0,0,0,0.4,0,0.3,41.2
0,58,1,4,1.7,0.5,0.2,0.1,0.2,1.6,0.2,1.6,186.1
50,90,1,25,9.5,2,1,1,0.5,8.5,0.5,9,1066.5
76,90,1,4,1.6,0.1,0.1,0.1,0.1,1.5,0.1,1.5,194.9
19,48,1,6,2.4,0.4,0,0.4,0.2,2,0.2,2,276.2
28,48,1,4,1.8,0.3,0,0,0.2,1.8,0.2,1.7,207.7
37,91,1,1,0.4,0.1,0,0,0,0.4,0,0.3,41.1
39,91,1,16,5.6,1.1,0.5,0.8,0.4,4.8,1,4.8,614.1
65,37,1,2,0.8,0.2,0,0,0.1,0.8,0.1,0.8,87.7
47,91,1,1,0.4,0.1,0,0,0,0.4,0,0.3,41.2
74,91,1,3,1.2,0.1,0,0.1,0.1,1.1,0,1.1,146.1
17,114,1,4,1.8,0.5,0,0,0.2,1.8,0.2,1.7,166.5
2,98,1,3,1.4,0.5,0,0,0.1,1.4,0.3,1.2,125
11,98,1,6,3.1,1.6,0,0.3,0.2,2.8,0.7,2.4,303.1
12,98,1,15,7.9,3.9,0,0.8,0.5,7.1,1.7,5.9,757.9
15,9,1,1,0.5,0.2,0,0.1,0,0.4,0.1,0.3,46.6
17,9,1,5,2.4,1.1,0.1,0.4,0.1,2,0.4,1.4,233
53,2,1,28,9.7,2.2,2.2,1.1,1.1,8.6,1.6,8.1,1213.7
54,2,1,15,5.5,0.3,0.3,0,0,5.5,0.7,4.8,738.1
55,9,1,8.5,3.1,0.6,0.4,0.1,0.3,3,0.1,2.7,340.1
21,30,1,2,0.8,0.2,0,0.1,0,0.7,0,0.6,80.7
33,30,1,8,3.8,0.9,0,0.1,0.3,3.7,0.2,3.5,369.5
93,82,0,39.5,19,7,0,15,6,4,0,3,1490
84,74,1,16,6.5,2.4,1.2,1.8,0,4.7,0.6,5.6,617.8
1,51,1,6,2.4,0.7,0.2,0.2,0,2.2,0.1,2.3,289.2
2,51,1,27,11,3.1,0.8,0.8,0,10.2,0.4,10.6,1301.5
3,51,1,8,3.2,0.9,0.2,0.2,0,3,0.1,3.1,385.6
4,51,1,7,3.1,0.8,0.2,0.3,0.3,2.8,0.1,2.5,357.4
5,51,1,10,4.4,1.2,0.3,0.4,0.4,4,0.1,3.5,510.6
6,51,1,10,4.4,1.2,0.3,0.4,0.4,4,0.1,3.5,510.6
8,51,1,2,0.9,0.2,0.1,0.1,0.1,0.8,0,0.7,102.1
51,51,0,33,17,8,0,3,1,14,0,13,2009
52,51,1,3,1.4,0.4,0,0.5,0.2,0.9,0.2,1,123.2
53,51,1,8,3.7,1.1,0.1,1.2,0.4,2.5,0.7,2.5,328.7
54,51,1,2,0.8,0.2,0,0.1,0,0.7,0,0.8,84.3
53,56,1,3,1.1,0.2,0.2,0,0,1.1,0.1,1,120.5
67,51,1,2,0.9,0.4,0.1,0.4,0.1,0.5,0.2,0.8,81.3
22,28,1,7,2.7,0.7,0.2,0.2,0.2,2.5,0.2,2.2,282.5
33,28,0,23.5,11,3,0,4,3,7,0,5,1197
37,28,1,8,3.1,0.6,0.1,0.1,0.2,3,0.2,2.9,345.8
51,28,1,3,1,0.2,0.1,0.1,0.1,0.9,0.2,0.9,121.5
52,28,1,28,9.6,1.7,1.2,0.7,1,8.9,1.5,8.3,1133.7
53,28,1,1,0.3,0.1,0,0,0,0.3,0.1,0.3,40.5
28,21,1,2,0.9,0.3,0,0.3,0.1,0.6,0.1,0.6,91.1
29,21,1,18,7.1,1.3,0.3,1.1,0.3,6,0.2,6.2,773.5
43,0,1,16,5.7,0.3,0.3,0.3,0.6,5.4,0.3,5.3,657.9
31,21,0,21,11,3,0,1,0,10,1,9,1108
8,104,1,3,1.2,0.5,0.2,0.2,0,1,0.3,0.8,103.9
38,21,1,4,1.7,0.4,0,0.4,0.1,1.3,0.1,1.4,184.8
39,21,1,3,1.2,0.3,0.2,0.3,0.1,0.9,0.2,0.8,121.9
94,104,1,7,2.8,0.5,0.2,0.1,0.3,2.7,0.1,2.7,315.9
97,104,1,12,4.8,0.9,0.3,0.2,0.6,4.6,0.2,4.6,541.5
9,112,1,3,1.2,0.3,0.1,0.1,0.2,1.1,0.1,1,123.3
78,90,1,2,0.8,0.1,0,0,0.1,0.8,0,0.7,97.4
75,5,1,1,0.4,0.1,0,0,0,0.4,0,0.3,41.8
18,12,1,4,2.1,0.8,0,0,0.2,2.1,0.4,1.7,231.9
43,1,1,7,2.5,0.1,0.1,0.1,0.2,2.4,0.1,2.3,287.8
74,12,1,8,3.1,1,0.4,0.4,0.2,2.7,1.2,1.6,336.2
18,26,0,36,13,3,1,2,1,11,1,11,1516
79,69,1,2,0.9,0.2,0,0.1,0.1,0.8,0.1,0.7,91.4
24,26,1,4,1.6,0.3,0,0.2,0.1,1.4,0.2,1.4,177.7
105,113,0,35,12,0,0,0,1,12,0,10,1311
106,113,1,2,0.6,0.1,0.1,0,0,0.6,0,0.6,78.7
46,16,1,17,6.9,1.3,0,0.9,0.7,6,0.6,5.9,781.1
35,91,1,2,0.9,0.2,0,0.1,0,0.8,0,0.7,82.2
63,37,1,23,9.3,1,0.5,2,1.5,7.3,0,8.8,994.9
48,91,1,2,0.7,0.2,0.1,0,0,0.7,0,0.6,82.4
1,54,1,4,1.5,0.2,0.1,0,0,1.5,0,1.5,180.6
2,54,1,19,7.3,1,0.4,0.2,0.2,7.1,0,7.1,858.1
55,54,1,4,1.5,0.4,0.1,0.1,0.1,1.4,0.1,1.4,166
21,72,1,2,1,0.3,0.1,0.1,0,0.9,0.2,0.8,93.8
45,72,1,6,2.5,0.5,0,0,0.7,2.5,0.5,1.8,215.1
75,72,1,2,0.9,0.2,0,0.1,0.1,0.8,0.1,0.8,98.3
1,3,1,12,5.6,1.5,0,0,0.3,5.6,1.2,5,672
8,3,1,1,0.4,0.1,0,0,0.1,0.4,0.1,0.3,46.4
9,3,1,2,0.8,0.2,0.1,0,0.1,0.8,0.2,0.6,92.9
33,86,1,4,1.6,0.4,0.1,0,0,1.6,0.2,1.3,166.9
35,86,1,1,0.4,0.1,0,0.1,0,0.3,0.1,0.3,38.4
47,24,1,10,3.8,0.9,0.5,0.9,0.4,2.9,0.1,2.8,409.6
44,24,1,6,2.3,0.5,0.3,0.5,0.2,1.8,0.1,1.7,245.8
62,31,1,4,1.5,0.3,0.2,0.2,0.1,1.3,0.2,1.3,167.5
10,89,1,2,0.9,0.4,0.1,0.3,0.1,0.6,0.1,0.6,97.6
32,89,0,22,11,3,0,2,2,9,2,9,1074
62,67,1,4,1.4,0.3,0.1,0.1,0.3,1.3,0.3,1,150
81,90,1,14,5.1,1,0.9,0.9,0.3,4.2,0.1,3.6,556.6
89,90,1,2,0.9,0.4,0,0.3,0.1,0.6,0.1,0.7,86.6
78,113,1,9,3.2,0.6,0.2,0,0.6,3.2,0.6,1.5,308.8
42,1,1,7,2.5,0.1,0.1,0.1,0.2,2.4,0.1,2.3,287.8
52,1,1,4,1.5,0.1,0.1,0.1,0.1,1.4,0,1.4,159.5
4,62,1,2,0.8,0.2,0,0.1,0.1,0.7,0.1,0.5,70.3
36,91,1,6,2.6,0.7,0,0.1,0.1,2.5,0.1,2.1,246.7
40,91,1,11,3.9,0.8,0.4,0.6,0.3,3.3,0.7,3.3,422.2
40,22,1,3,1.3,0.2,0,0.2,0.2,1.1,0.2,0.9,152.5
56,22,1,19,7,2.3,1.9,0.5,0.5,6.5,0,4.6,760.5
23,13,1,1,0.5,0.2,0,0,0,0.5,0.1,0.4,58
24,13,1,4,1.8,0.8,0.1,0,0,1.8,0,1.8,153.5
5,34,1,2,0.8,0.2,0,0.1,0.1,0.7,0.1,0.6,82.8
6,34,1,2,0.8,0.2,0,0.1,0.1,0.7,0.1,0.6,82.8
5,92,1,19,9,3,0,1,0.7,8,1,7.7,846
6,92,0,29,14,5,0,0,2,14,4,13,1406
7,92,1,9,4.3,1.4,0,0.5,0.3,3.8,0.5,3.6,400.7
39,92,1,15,6.3,1.6,0.3,0.3,0.5,6,0.8,6.1,652.4
40,92,0,36,15,5,0,3,0,12,1,12,1834
42,92,0,125,66,34,1,36,9,30,15,31,5121
53,92,1,2,1,0.4,0,0.1,0.1,0.9,0.1,0.9,90.7
55,84,1,12,4.8,1.6,0.5,1.3,0.5,3.5,0.8,3.7,475.2
7,60,1,4,1.8,0.5,0.1,0,0.1,1.8,0.2,1.4,186.9
60,65,1,2,0.7,0.1,0.1,0,0.1,0.7,0,0.7,74.8
61,65,1,19,6.8,0.7,0.7,0.2,0.7,6.6,0.4,6.4,711
62,65,1,16,5.7,0.6,0.6,0.2,0.6,5.5,0.3,5.4,598.8
49,11,1,6,2.2,0.5,0.4,0,0.2,2.2,0.2,2,241
51,11,1,3,1.1,0.3,0.2,0,0.1,1.1,0.1,1,120.5
78,111,1,3,1.2,0.3,0.2,0.2,0.1,1,0.2,1,126.1
2,95,1,1,0.5,0.2,0,0.2,0,0.3,0.1,0.3,45.9
56,18,1,12,4.6,0.9,0.5,0.9,0.2,3.7,0,4.3,455.3
59,18,1,4,1.5,0.4,0,0,0.1,1.5,0.3,1.3,196.4
45,95,1,5,2.5,0.9,0,0.3,0.1,2.2,0.3,2.4,226.8
46,95,1,8,4,1.5,0,0.4,0.2,3.6,0.4,3.8,362.9
13,68,1,12,4.9,0.9,0.2,0.6,0.8,4.3,0.8,3.2,421.7
14,68,1,6,2.5,0.9,0.2,0.1,0.4,2.4,0.3,2.3,257.3
15,48,1,12,5.9,1.5,0,0,1.5,5.9,0.7,4.1,567.1
33,1,1,5,1.6,0.3,0.3,0,0.1,1.6,0.3,1.5,191.8
21,125,1,2,0.9,0.3,0,0,0,0.9,0.3,0.6,102.5
25,125,1,7,2.6,0.6,0.6,0.6,0.2,2,0.2,1.8,266.5
26,125,1,3,1.1,0.3,0.3,0.3,0.1,0.8,0.1,0.8,114.2
27,125,1,7,2.6,0.6,0.6,0.6,0.2,2,0.2,1.8,266.5
35,125,1,5,1.9,0.3,0.2,0.1,0.1,1.8,0.6,1.9,213.6
36,125,1,1,0.4,0.1,0,0,0,0.4,0.1,0.4,42.7
80,69,1,2,0.9,0.2,0,0.1,0.1,0.8,0.1,0.7,91.4
27,26,1,11,4.4,0.8,0,0.6,0.3,3.8,0.4,3.8,488.7
80,85,1,1,0.4,0.1,0.1,0.1,0,0.3,0.1,0.2,35.6
69,37,1,2,0.8,0.2,0.1,0,0,0.8,0,0.8,68.2
19,114,1,1,0.4,0.1,0.1,0.1,0,0.3,0.1,0.3,41.1
0,98,1,4,1.9,0.6,0,0,0.2,1.9,0.5,1.6,166.7
10,98,1,1,0.5,0.3,0,0,0,0.5,0.1,0.4,50.5
52,2,1,4,1.4,0.3,0.3,0.2,0.2,1.2,0.2,1.2,173.4
73,2,1,2,0.9,0.2,0,0,0.1,0.9,0,0.5,83.6
107,106,0,81,22,0,3,0,2,22,2,19,2420
108,106,0,56,17,1,2,2,1,15,1,12,1560
24,30,1,12,4.6,0.5,0.2,0,0.3,4.6,0,4.4,532.9
11,85,1,2,1,0.4,0,0,0.1,1,0.1,0.8,85.4
41,23,1,1,0.4,0.1,0,0.1,0.1,0.3,0.1,0.3,50.8
47,23,1,4,1.5,0.4,0.2,0.3,0.2,1.2,0,1.1,163.9
41,28,1,2,0.9,0.3,0.1,0.2,0,0.7,0.1,0.8,110.5
7,117,1,6,2.3,0.6,0.2,0.2,0.4,2.1,0.1,2,246.6
47,117,1,3,1.6,0.7,0.1,0,0,1.6,0.4,1.2,150.8
80,74,0,31,11,3,2,2,0,9,1,9,992
2,93,1,14,7,3.5,0.3,2.6,0.6,4.4,1.2,4.1,642
4,93,1,6,2.8,0.9,0,0.3,0.2,2.5,0.3,2.4,267.2
1,101,1,2,1,0.3,0,0,0.1,1,0.2,0.8,83.4
2,101,1,4,1.9,0.6,0,0,0.2,1.9,0.5,1.6,166.7
17,93,1,4,1.7,0.6,0.2,0.1,0.1,1.6,0.3,1.2,166.8
18,93,1,1,0.4,0.2,0.1,0,0,0.4,0.1,0.3,41.7
19,101,1,4,1.9,0.6,0,0.4,0.2,1.5,0.2,1.6,169.1
24,101,1,7,3.4,1.2,0.1,0.2,0.4,3.2,1,2.5,318.8
54,101,1,3,1.3,0.2,0,0,0.2,1.3,0.4,1.1,111.6
84,101,1,8,3,1,0.4,0.6,0.6,2.4,1.2,2.2,266.6
105,109,1,15,5.1,0.7,0.6,0.3,0.2,4.8,0.2,4.6,632.7
107,109,0,151.5,60,18,4,40,13,20,12,12,4489
108,109,0,103,48,18,5,0,0,48,1,45,4813
49,56,1,2,0.7,0.1,0.1,0,0,0.7,0.1,0.7,80.3
50,56,1,2,0.7,0.1,0.1,0,0,0.7,0.1,0.7,80.3
52,56,1,2,0.7,0.1,0.1,0,0,0.7,0.1,0.7,80.3
56,51,1,10,4.2,1.1,0,0.7,0,3.5,0.2,4,421.6
63,51,1,3,1.3,0.3,0,0.2,0,1.1,0.1,1.2,126.5
68,51,0,139,75,38,2,30,10,45,14,38,5412
19,28,1,29,11,3,0.7,0.9,0.7,10.1,0.7,8.9,1170.3
25,28,1,14,5.4,0.5,0.2,0,0.4,5.4,0,5.2,621.7
24,28,1,15.5,5.9,0.6,0.2,0,0.4,5.9,0,5.7,688.3
31,28,1,13,6.2,1.5,0,0.2,0.5,6,0.3,5.6,600.4
32,28,0,20,13,9,1,2,0,11,1,7,875
17,77,1,4,1.7,0.6,0.2,0,0.1,1.7,0.3,1.4,174.1
25,77,1,4,1.8,0.4,0.1,0.3,0.2,1.5,0.1,1.6,171.9
1,42,1,18,7.3,2.1,0.7,0.5,0.7,6.8,0.5,6.4,779.5
19,42,0,46,16,0,1,2,1,14,0,12,1658
95,104,1,27,10.9,2.1,0.8,0.4,1.3,10.5,0.6,10.3,1218.4
31,42,1,5,2.1,0.7,0.2,0.7,0,1.4,0.3,1.3,193.9
14,112,1,5,2.3,0.6,0,0,0.2,2.3,0.2,2.1,208.1
98,112,1,6,2.5,0.4,0,0,0.3,2.5,0,2.5,314.1
99,112,1,12,4.2,0.8,0.6,0.3,0.1,3.9,0.1,3.4,572.7
18,48,1,5,2.5,0.6,0,0,0.6,2.5,0.3,1.7,236.3
51,12,1,2,0.6,0.1,0.1,0,0.1,0.6,0.1,0.5,69
52,12,1,2,0.6,0.1,0.1,0,0.1,0.6,0.1,0.5,69
53,12,1,20,6.4,0.8,0.8,0.7,0.6,5.7,0.7,5,689.5
54,12,1,12,4.3,0.7,0.5,0,0.2,4.3,0.3,4.3,448.7
41,26,1,6,2.6,0.4,0,0.4,0.4,2.2,0.4,1.8,305
67,67,1,1,0.4,0.1,0.1,0,0.1,0.4,0.1,0.3,33.5
78,67,1,6,2.4,0.4,0,0,0.2,2.4,0.4,2,234.4
1,86,1,4,1.7,0.7,0.1,0.1,0.3,1.6,0.3,1.3,139.4
41,91,1,8,2.8,0.6,0.3,0.4,0.2,2.4,0.5,2.4,307.1
57,54,0,22,11,2,0,6,2,5,2,4,944
22,72,1,2,1,0.3,0.1,0.1,0,0.9,0.2,0.8,93.8
73,72,1,4,1.6,0.6,0.2,0.3,0.2,1.3,0.4,1.2,167.8
74,72,1,10,4.3,1,0.1,0.2,0.4,4.1,0.3,4,491.4
27,127,1,2,0.8,0.2,0.1,0.1,0,0.7,0.2,0.5,91.9
29,127,1,4,2,0.7,0.1,0.2,0.1,1.8,0.2,1.6,202.1
30,127,1,11,5.5,2,0.2,0.7,0.2,4.8,0.5,4.4,555.8
31,127,1,1,0.5,0.2,0,0.1,0,0.4,0,0.4,50.5
33,127,1,7,3.5,1.3,0.1,0.4,0.1,3.1,0.3,2.8,353.7
34,127,1,8,2.6,0.5,0.5,0,0.1,2.6,0.2,2.3,289.9
35,127,1,17,5.5,1.1,1,0.1,0.2,5.4,0.4,4.9,616
74,86,1,13,5.7,2.4,0.4,1.1,0.7,4.6,0.7,4,444
97,86,1,5,1.8,0.5,0.3,0.1,0.1,1.7,0.4,1.5,192.1
20,101,1,3,1.4,0.5,0,0.3,0.2,1.1,0.2,1.2,126.8
51,31,1,2,0.7,0.1,0.1,0.1,0.1,0.6,0.1,0.6,81
3,89,1,5,2,0.5,0,0.2,0.1,1.8,0.2,1.6,207.3
5,89,1,2,0.9,0.2,0,0.2,0,0.7,0.1,0.7,99.1
9,89,1,9,4.2,1.6,0.3,1.3,0.3,2.9,0.5,2.9,439.1
12,89,1,16,7.4,2.9,0.6,2.3,0.6,5.1,1,5.1,780.7
30,89,1,1,0.4,0.1,0,0,0.1,0.4,0.1,0.4,42.1
35,89,0,26,16,7,0,6,2,10,2,6,1459
2,94,1,6,3,1.5,0.1,1.1,0.2,1.9,0.5,1.8,275.1
15,102,1,2,0.8,0.2,0.1,0,0.1,0.8,0.3,0.4,85.3
19,102,1,3,1.2,0.3,0.1,0.1,0.1,1.1,0.5,0.7,128
20,102,1,2,0.8,0.2,0.1,0,0.1,0.8,0.3,0.4,85.3
41,102,1,4,1.8,0.7,0.1,0,0.3,1.8,0.4,1.4,161.4
59,102,1,2,0.8,0.2,0,0,0.2,0.8,0.3,0.8,74.4
52,94,1,3,1.5,0.6,0,0.2,0.1,1.3,0.2,1.4,136.1
96,94,0,23,11,3,0,0,1,11,2,10,988
97,94,0,70,29,6,2,4,1,25,3,24,2134
11,47,1,18,8.2,1.8,0.4,0.2,0.9,8,0,7.8,918
97,102,1,14,5.6,1.1,0.4,0.2,0.7,5.4,0.3,5.3,631.8
12,47,0,32,13,4,1,3,0,10,0,10,1384
13,47,0,29.5,11,1,0,0,2,11,0,11,1404
103,102,1,12,4.6,0.4,0.2,0.2,0.2,4.4,0.2,4.3,570.1
79,121,1,7,2.5,0.5,0.2,0,0.5,2.5,0.5,1.2,240.1
49,67,1,16,7,1.9,0,2.3,1.4,4.7,1.4,6,655.8
38,103,1,1,0.4,0.2,0,0,0.1,0.4,0.1,0.3,40.3
39,103,1,2,0.9,0.3,0.1,0,0.1,0.9,0.2,0.7,80.7
42,103,1,1,0.4,0.2,0,0,0.1,0.4,0.1,0.3,40.3
51,103,1,3,1.3,0.2,0,0,0.2,1.3,0.4,1.1,111.6
36,127,0,38,13,1,1,0,0,13,3,11,1666
37,127,1,18,5.9,1.2,1,0.1,0.2,5.8,0.4,5.2,652.2
30,48,1,21,7.7,2,0.8,0.4,0,7.3,1.2,7.7,783.1
37,48,0,37,16,3,1,0,1,16,0,16,1679
38,48,0,56.5,22,3,1,4,1,18,0,17,2146
15,12,1,3,1.6,0.6,0,0,0.1,1.6,0.3,1.3,173.9
20,113,1,4,1.7,0.4,0.2,0.3,0.1,1.4,0.2,1.2,164.4
9,1,1,4,1.8,0.7,0.2,0.2,0.2,1.6,0.5,1.3,177.9
7,62,1,2,0.8,0.2,0,0.1,0.1,0.7,0.1,0.5,70.3
26,26,1,3,1.2,0.2,0,0.2,0.1,1,0.1,1,133.3
42,26,1,5,2.1,0.3,0,0.3,0.3,1.8,0.3,1.5,254.1
50,53,1,2,0.7,0.1,0.1,0,0,0.7,0.1,0.7,80.3
26,127,1,4,1.7,0.5,0.1,0.3,0,1.4,0.5,1.1,183.8
82,85,1,5,1.9,0.6,0.3,0.4,0.1,1.5,0.7,1,178.1
96,103,1,9,3.6,0.7,0.2,0.1,0.4,3.5,0.2,3.4,406.1
38,127,1,7,2.3,0.4,0.4,0.1,0.1,2.2,0.2,2,253.6
43,91,1,28,9.8,2,0.9,1.4,0.7,8.4,1.8,8.4,1074.7
0,34,1,12,5,1.1,0.3,1.5,0.5,3.5,0.3,3.6,544.4
2,41,0,49,26,13,2,13,0,13,2,19,2301
30,103,1,1,0.5,0.2,0,0,0,0.5,0.1,0.4,44.3
47,127,1,1,0.5,0.1,0,0,0,0.5,0.1,0.4,39.4
48,127,1,8,3.7,1.1,0,0,0.2,3.7,0.6,3.3,315
81,127,1,7,3.2,1.5,0.3,0,0,3.2,0.6,2.9,282.9
82,127,1,11,5,2.3,0.5,0,0,5,0.9,4.6,444.6
95,127,1,2,0.7,0.1,0.1,0.1,0.1,0.6,0.1,0.7,74.5
96,127,1,2,0.7,0.1,0.1,0.1,0.1,0.6,0.1,0.7,74.5
100,127,0,59,21,1,1,0,1,21,0,21,2503
66,41,1,4,1.7,0.5,0.1,0.1,0.1,1.6,0.1,1.6,175.4
67,41,1,7,2.9,0.9,0.1,0.2,0.2,2.7,0.2,2.7,306.9
68,41,1,10,4.2,1.2,0.2,0.3,0.3,3.9,0.3,3.9,438.5
69,41,1,2,0.8,0.2,0.1,0,0,0.8,0,0.8,68.2
37,20,1,1,0.4,0.1,0,0.1,0,0.3,0,0.4,46.2
61,86,1,5,2.3,0.9,0.3,0,0,2.3,0.1,2,253.4
76,86,0,108,55,22,0,26,8,29,5,25,4673
77,65,1,7,3.2,1.5,0.3,1.2,0.6,2,0.3,1.2,281.2
22,103,1,5,2,0.5,0.2,0.1,0.2,1.9,0.8,1.1,213.3
26,103,1,2,1,0.5,0.1,0,0.1,1,0.2,0.9,88.6
105,103,0,36,13,2,0,1,1,12,0,9,1617
104,111,1,31,10.5,1.5,1.3,0.6,0.4,9.9,0.5,9.5,1307.7
15,95,1,6,2.6,0.9,0.3,0.1,0.2,2.5,0.5,1.8,250.2
25,95,1,2,0.7,0.1,0.1,0.1,0.1,0.6,0.1,0.6,60.2
19,32,1,14,5.9,2.4,0.3,1.6,0.3,4.3,0,4,552.7
33,32,1,5,1.9,0.3,0,0.2,0,1.7,0.3,1.9,201.6
78,95,1,1,0.4,0.1,0.1,0.1,0,0.3,0.1,0.3,42
11,48,1,7,3.2,0.7,0.1,0.1,0.3,3.1,0,3,357
12,48,0,38,16,6,1,4,0,12,1,10,1760
13,48,0,36,11,0,1,1,0,10,0,8,1214
31,48,1,6,2.2,0.6,0.2,0.1,0,2.1,0.3,2.2,223.7
16,79,1,6,2.5,0.9,0.3,0,0.2,2.5,0.5,2.2,261.1
21,79,1,3,1.4,0.4,0.1,0.1,0.3,1.3,0.5,0.6,110.1
4,12,1,3,1,0.1,0.1,0.1,0.1,0.9,0.2,0.8,102.4
17,12,1,2,1,0.4,0,0,0.1,1,0.2,0.9,116
66,105,1,5,2,0.5,0.3,0.3,0.2,1.7,0.3,1.7,210.1
25,26,1,4,1.6,0.3,0,0.2,0.1,1.4,0.2,1.4,177.7
30,26,0,28,17,9,0,0,1,17,2,14,1561
31,26,0,140,82,45,1,52,14,30,16,26,5525
48,53,1,4,1.4,0.3,0.2,0,0.1,1.4,0.1,1.3,167.8
49,53,1,11,4.1,0.7,0.6,0,0.1,4.1,0.3,3.8,441.8
34,47,1,2,0.8,0.2,0.1,0.1,0,0.7,0,0.8,91
65,67,1,2,0.7,0.2,0.1,0,0.1,0.7,0.1,0.7,67
24,114,1,12,5.8,0.9,0,0.6,1.4,5.2,2.9,3.8,532.3
3,98,1,3,1.4,0.5,0,0,0.1,1.4,0.3,1.2,125
5,98,1,2,0.9,0.3,0,0,0.1,0.9,0.3,0.6,79.3
106,114,1,14,4.5,0.6,0.5,0.2,0.3,4.3,0.1,4.3,550.6
40,2,1,4,1.3,0.1,0.1,0.1,0.2,1.2,0.1,1.1,151
41,2,1,1,0.3,0,0,0,0,0.3,0,0.3,37.7
20,98,1,8,3.8,1.2,0,0.8,0.5,3,0.5,3.2,338.2
28,98,1,6,2.9,1,0.1,0.1,0.4,2.8,0.9,2.1,273.2
19,9,1,2,0.9,0.3,0,0,0,0.9,0,0.9,71.1
47,2,1,3,1,0.2,0.1,0,0.1,1,0.2,0.7,115.4
98,106,0,37,15,3,1,0,0,15,0,15,1908
105,106,0,156.5,64,22,4,37,11,27,6,28,5960
106,106,0,61,28,10,1,4,0,24,1,22,2738
109,106,1,5,2.1,0.7,0.1,0.5,0,1.6,0.4,1.6,215
19,30,1,4,1.5,0.4,0.1,0.1,0.1,1.4,0.1,1.2,161.4
20,30,1,19.5,7.4,2,0.5,0.6,0.5,6.8,0.5,6,787
23,30,1,6,2.3,0.6,0.1,0.2,0.1,2.1,0.1,1.8,242.1
5,85,1,12,5.1,2.3,0,0.5,0.5,4.6,0.5,3.7,384.5
22,46,1,4,1.6,0.3,0.1,0.1,0,1.5,0,1.2,170
40,23,1,8,3.4,0.5,0,0.5,0.5,2.9,0.5,2.4,406.6
28,85,1,9,3.8,1.2,0.1,1,0.4,2.8,0.7,3.2,384.2
51,85,1,1,0.5,0.2,0,0,0,0.5,0.1,0.4,46.1
54,85,1,15,6,2,0.7,1.7,0.7,4.3,1,4.7,594
58,85,1,3,1.2,0.4,0.1,0.3,0.1,0.9,0.2,0.9,118.8
31,47,1,20,7.3,1.9,0.8,0.4,0,6.9,1.2,7.3,745.8
36,44,1,3,1.2,0.3,0.1,0.6,0.2,0.6,0.1,0.6,112.3
55,51,1,8,3.4,0.9,0,0.5,0,2.9,0.2,3.2,337.2
16,28,1,2,0.9,0.2,0,0.1,0.1,0.8,0.1,0.8,82.5
17,28,1,6,2.6,0.7,0.1,0.2,0.2,2.4,0.2,2.3,247.5
18,28,1,6,2.6,0.7,0.1,0.2,0.2,2.4,0.2,2.3,247.5
20,28,1,8,3,0.8,0.2,0.2,0.2,2.8,0.2,2.5,322.9
28,28,1,8,3.1,0.3,0.1,0,0.2,3.1,0,3,355.3
12,77,1,3,1.2,0.3,0,0,0,1.2,0.1,0.8,125.9
13,77,1,8,3.2,0.8,0,0.1,0.1,3.1,0.3,2.1,335.7
3,42,1,22,8.9,2.6,0.9,0.5,0.9,8.4,0.6,7.8,952.7
21,21,1,5,1.7,0.2,0.2,0,0.1,1.7,0.1,1.5,181
30,21,0,47,16,4,3,1,1,15,2,12,1696
7,104,1,4,1.6,0.6,0.2,0.2,0,1.4,0.4,1.1,138.5
15,42,0,29,14,4,0,0,0,14,0,14,1581
20,42,1,15,5.9,1.3,0.5,0.5,0.2,5.4,0.2,4.6,637.5
40,21,1,5,1.9,0.5,0.3,0.4,0.2,1.5,0.3,1.4,203.2
64,42,1,5,1.9,0.5,0.2,0.2,0.2,1.7,0.1,1.2,186.7
65,42,0,33,12,2,2,0,0,12,1,11,1172
32,90,1,17,7.2,1.6,0.3,0.3,1.3,6.9,1.1,6.4,715.3
107,104,1,5,1.6,0.1,0.2,0,0.1,1.6,0.1,1.5,167.5
71,58,1,3,1.2,0.3,0.1,0.5,0.3,0.7,0.3,0.6,86.7
29,113,1,5,2.4,0.4,0,0.2,0.6,2.2,1.2,1.6,221.8
103,113,1,8,2.8,0.5,0.4,0.2,0.1,2.6,0.1,2.3,381.8
104,113,1,21,6.7,0.8,0.7,0.3,0.4,6.4,0.2,6.5,825.9
33,26,1,13,5,1,0.5,0.4,0.5,4.6,0.2,4.4,532.4
5,53,1,6,2.7,0.7,0.1,0.1,0.1,2.6,0.4,2.1,280.3
66,85,1,24,9.3,1.9,0.8,0,0.5,9.3,1.6,8.5,1045.9
67,85,1,11,4.3,0.9,0.4,0,0.2,4.3,0.7,3.9,479.4
8,49,1,7,3.1,0.8,0.2,0.3,0.3,2.8,0.1,2.5,357.4
44,72,0,41,20,11,2,4,2,16,4,8,1888
34,28,1,25,9.8,2,0.4,0.4,0.5,9.4,0.8,9.1,1080.6
79,85,1,8,3,0.9,0.5,0.7,0.2,2.3,1.2,1.6,285
52,31,1,3,1,0.2,0.1,0.1,0.1,0.9,0.2,0.9,121.5
55,31,1,1,0.4,0.1,0,0,0,0.4,0,0.4,48.2
61,31,1,10,3.8,0.8,0.4,0.6,0.3,3.2,0.6,3.1,418.8
65,31,1,10,3.4,0.3,0.4,0,0.1,3.4,0.2,3.1,385.3
33,89,1,17,7.2,1.6,0.3,0.3,1.3,6.9,1.1,6.4,715.3
7,102,1,3,1.2,0.5,0.2,0.2,0,1,0.3,0.8,103.9
14,102,1,4,1.6,0.4,0.1,0.1,0.1,1.5,0.6,0.9,170.6
37,89,1,12.5,5.3,1.5,0.1,0.2,0.3,5.1,0.3,4.4,514.1
39,89,1,4,1.4,0.3,0.1,0.2,0.1,1.2,0.3,1.2,153.5
40,89,1,1,0.4,0.1,0,0.1,0,0.3,0.1,0.3,38.4
41,89,1,9,3.2,0.6,0.3,0.5,0.2,2.7,0.6,2.7,345.4
73,89,1,7,3,0.7,0.1,0.4,0.6,2.6,0.5,2.6,307.2
74,89,1,20,7.8,0.5,0.3,0.3,0.5,7.5,0.3,7.3,974.3
62,121,1,2,1,0.3,0,0,0.1,1,0,0.8,105.8
64,121,1,2,0.8,0.1,0,0,0,0.8,0,0.6,84.9
34,32,1,6,2,0.2,0.2,0,0.2,2,0.1,2,276.8
29,90,1,2,0.8,0.2,0,0,0.2,0.8,0.1,0.8,84.2
31,90,1,2,0.8,0.2,0,0,0.2,0.8,0.1,0.8,84.2
22,42,1,1,0.4,0.1,0,0,0,0.4,0,0.3,42.5
34,90,1,17,7.3,2.1,0.1,0.4,0.4,6.9,0.4,5.9,699.1
36,90,1,24,10.2,2.9,0.2,0.5,0.5,9.7,0.5,8.4,987
68,52,0,77,33,11,2,11,4,22,4,18,2831
54,58,1,16.5,5.7,0.8,0.6,0.2,0.1,5.5,0.2,5.4,633.2
55,58,1,13,4.5,0.6,0.5,0.2,0.1,4.3,0.1,4.2,498.8
93,90,1,3,1.4,0.6,0.1,0.4,0.2,1,0.2,1.1,129.9
95,90,1,20,7,1.9,0.9,0,0,7,0.9,6.5,667
34,48,1,2,0.8,0.2,0.1,0.1,0,0.7,0,0.8,91
46,1,1,6.5,2.6,0.5,0.3,0.6,0.2,2,0.2,1.9,254.2
48,1,1,7,2.8,0.5,0.3,0.7,0.2,2.1,0.2,2,273.8
28,26,1,2,0.8,0.2,0,0.1,0.1,0.7,0.1,0.7,88.8
29,26,0,87,49,21,0,24,5,25,4,18,3909
9,53,0,31,12,1,0,0,2,12,1,11,1534
16,67,1,5,2.1,0.8,0.2,0.1,0.3,2,0.2,1.9,214.4
15,81,1,17,7.2,2.7,0.8,0,0.5,7.2,1.3,6.1,739.8
61,22,1,6,2.5,0.5,0,0.3,0.1,2.2,0.1,2,265.5
13,6,1,2,0.8,0.2,0.1,0,0.1,0.8,0.2,0.6,92.9
34,6,1,5,1.9,0.6,0.3,0,0.2,1.9,0.2,1.5,161.9
68,43,1,3,1.2,0.3,0.2,0.2,0.2,1,0,0.8,112
8,53,0,35,11,2,2,0,1,11,0,11,1236
17,116,1,3,1.4,0.4,0,0,0.1,1.4,0.1,1.2,124.9
58,84,1,5,2,0.7,0.2,0.6,0.2,1.4,0.3,1.6,198
65,84,1,5,1.9,0.4,0.2,0,0.1,1.9,0.3,1.8,217.9
66,84,1,27,10.5,2.1,0.9,0,0.6,10.5,1.8,9.6,1176.6
67,84,1,10,3.9,0.8,0.3,0,0.2,3.9,0.7,3.6,435.8
102,111,1,8,2.9,0.4,0.2,0.1,0.3,2.8,0.3,2.7,401.4
103,111,1,6,2.2,0.3,0.1,0.1,0.2,2.1,0.2,2,301.1
18,32,1,31,11.6,2.8,1.7,0,0.6,11.6,0.6,11.1,1224.5
45,0,1,4,1.6,0.3,0.2,0.4,0.1,1.2,0.1,1.1,156.4
33,21,1,20,7.9,1.5,0.3,1.3,0.3,6.6,0.2,6.9,859.4
96,95,1,4,1.5,0.3,0.2,0,0,1.5,0.1,1.3,153.9
35,90,1,21,9,2.5,0.1,0.5,0.4,8.5,0.4,7.3,863.6
49,52,0,30,15,5,1,0,0,15,1,15,1620
37,90,1,21,9,2.5,0.1,0.5,0.4,8.5,0.4,7.3,863.6
41,90,1,20,7,1.4,0.6,1,0.5,6,1.3,6,767.6
42,90,0,43,16,4,2,0,1,16,2,13,1713
69,52,1,25,10,2.9,0.5,3.8,2.4,6.2,2.9,5.2,722.4
94,90,0,76,26,4,6,3,1,23,2,23,2434
32,48,1,5,1.8,0.5,0.2,0.1,0,1.7,0.3,1.8,186.4
53,113,1,2,1.1,0.4,0.1,0,0,1.1,0.3,0.8,100.6
19,105,1,10,4,1,0.3,0.2,0.3,3.8,1.6,2.2,426.6
32,26,0,68.5,33,14,1,16,5,17,4,13,2734
43,53,1,15,6.4,2.3,0.3,0,1,6.4,2.3,5.6,584.5
45,53,1,18,6.4,1.3,0.8,0,0.6,6.4,0.6,6,755.2
2,53,1,3,1.2,0.2,0.1,0.1,0,1.1,0,1.1,135.5
68,84,1,3,1.2,0.2,0.1,0,0.1,1.2,0.2,1.1,130.7
21,114,1,3,1.2,0.3,0.2,0.2,0.1,1,0.2,0.9,123.3
23,114,1,5,2.1,0.5,0.3,0.4,0.1,1.7,0.3,1.6,205.5
45,114,1,5,2.6,1.1,0.1,0,0,2.6,0.7,1.9,251.4
104,114,1,29.5,9.4,1.2,1,0.4,0.6,9,0.3,9.1,1160.2
30,106,1,3,1.5,0.7,0.1,0.1,0.1,1.4,0.2,1.3,132.9
105,114,0,66.5,18,0,3,1,1,17,0,18,1959
102,114,1,9,3.2,0.6,0.4,0.3,0.1,2.9,0.1,2.6,429.5
6,98,1,2,0.9,0.3,0,0,0.1,0.9,0.3,0.6,79.3
111,114,1,2,0.7,0.2,0.1,0.1,0,0.6,0.1,0.6,73.7
38,98,1,4,1.7,0.4,0.1,0.1,0.1,1.6,0.2,1.6,174
18,9,1,3,1.4,0.6,0.1,0.2,0.1,1.2,0.2,0.9,139.8
97,98,1,10,4.1,0.5,0,0,0.1,4.1,0.1,3.8,491.9
100,98,1,4,1.4,0.2,0.1,0.2,0,1.2,0,1.3,161.8
97,106,1,14,5.6,1.1,0.4,0.2,0.7,5.4,0.3,5.3,631.8
99,106,1,16,6.1,0.6,0.3,0.3,0.3,5.8,0.3,5.7,760.2
104,106,0,144.5,75,31,1,26,7,49,14,41,5668
103,106,1,12,4.6,0.4,0.2,0.2,0.2,4.4,0.2,4.3,570.1
2,30,1,4,2.8,1.5,0,1,0.2,1.8,0.5,1.2,289.8
87,82,1,4,1.6,0.4,0.2,0.3,0,1.3,0.2,1.1,179.5
88,82,1,2,0.8,0.2,0.1,0.2,0,0.6,0.1,0.5,89.8
7,46,1,25.5,9.8,1.8,1.2,2.1,1,7.7,0.4,7.9,1091.9
8,46,0,29,14,4,0,4,3,10,2,11,1208
9,46,1,18.5,7.9,2.2,0.7,1.6,0.3,6.3,0.4,6.2,815.6
4,85,1,13,5.5,2.5,0,0.5,0.5,5,0.5,4,416.5
14,46,0,40,14,1,1,0,0,14,0,13,1554
21,46,1,23,9,2,0.8,0.7,0.2,8.3,0.2,7,977.5
12,85,1,2,1,0.4,0,0,0.1,1,0.1,0.8,85.4
16,85,1,5,2.6,1.1,0,0.2,0,2.4,0.6,2,254.8
17,85,1,7,3.7,1.5,0,0.3,0,3.4,0.9,2.8,356.8
4,116,1,6,2.7,0.7,0,0,0.5,2.7,0.5,2.2,273.6
66,121,1,6,2.3,0.4,0.1,0,0,2.3,0,1.9,254.8
56,23,1,4,1.5,0.5,0.4,0.1,0.1,1.4,0,1,160.1
72,23,0,36,14,5,2,12,3,2,5,1,1152
75,84,1,1,0.4,0.2,0,0.1,0.1,0.3,0.1,0.3,34.2
50,28,1,5,1.7,0.3,0.2,0.1,0.2,1.6,0.3,1.5,202.4
43,117,1,2,0.8,0.1,0,0,0,0.8,0.2,0.6,95.1
44,117,1,2,1.1,0.4,0.1,0,0,1.1,0.3,0.8,100.6
29,75,1,1,0.4,0.1,0,0,0.1,0.4,0,0.4,43
81,74,0,30.5,15,5,0,9,3,6,1,10,963
82,74,0,98,61,35,1,41,8,20,18,22,3615
0,44,1,22,8.9,2.6,0.9,0.5,0.9,8.4,0.6,7.8,952.7
49,66,1,1.5,0.7,0.2,0,0.2,0.1,0.5,0.1,0.6,61.5
62,66,1,12,4.3,0.5,0.5,0.1,0.5,4.2,0.2,4,449.1
7,44,0,74,29,7,2,11,3,18,7,22,2201
20,44,1,6,2.3,0.5,0.2,0.2,0.1,2.1,0.1,1.8,255
48,51,0,68,30,12,1,0,1,30,0,29,2911
48,56,1,1,0.4,0.1,0,0,0,0.4,0,0.3,42
69,44,1,4,1.5,0.5,0.2,0.7,0.2,0.8,0.4,0.7,134.8
21,28,0,77.5,22,4,6,0,3,22,2,2,1890
47,53,1,29,10.2,2.1,1.4,0,1,10.2,1,9.7,1216.6
79,84,1,2.5,0.9,0.3,0.1,0.2,0.1,0.7,0.4,0.5,89.1
84,84,1,1,0.4,0.1,0.1,0.1,0,0.3,0,0.3,44.9
4,42,1,4,1.5,0.3,0.2,0.3,0.2,1.2,0.1,1.2,171.3
34,21,1,2,0.8,0.2,0,0.2,0.1,0.6,0,0.7,92.4
14,42,1,6,2.1,0.3,0.2,0.2,0.3,1.9,0.3,1.6,238.3
16,42,0,58,28,12,1,11,5,17,8,15,2151
17,42,0,50.5,30,16,1,8,3,22,1,17,2737
21,42,1,3,1.2,0.3,0.1,0.1,0,1.1,0,0.9,127.5
52,52,1,7,2.6,0.4,0.4,0,0.1,2.6,0.2,2.4,281.1
25,113,1,7,3.4,0.5,0,0.4,0.8,3,1.7,2.2,310.5
45,113,1,4,2.1,0.9,0.1,0,0,2.1,0.6,1.6,201.1
49,1,1,2,0.7,0.1,0.1,0,0.1,0.7,0,0.7,79.8
102,113,1,6,2.1,0.4,0.3,0.2,0.1,1.9,0.1,1.7,286.4
70,105,1,2,0.8,0.2,0.1,0.1,0.1,0.7,0.1,0.7,84
44,53,0,32,11,1,0,0,0,11,0,11,1254
46,53,1,10,3.5,0.7,0.5,0,0.3,3.5,0.3,3.3,419.5
77,85,1,32,14.1,6,1.1,2.7,1.6,11.4,1.6,9.8,1092.9
88,84,1,17.5,7.1,1.8,1,1.4,0.2,5.7,0.8,4.7,785.4
66,39,1,1,0.4,0.1,0,0,0,0.4,0,0.4,43.8
11,99,1,14,7.3,3.7,0,0.7,0.5,6.6,1.6,5.5,707.3
13,99,1,5,2.6,1.3,0,0.2,0.2,2.4,0.6,2,252.6
21,99,1,6,2.8,0.9,0,0.6,0.4,2.2,0.4,2.4,253.7
98,99,1,6,2.5,0.3,0,0,0.1,2.5,0.1,2.2,295.2
54,13,1,1,0.4,0.1,0,0,0,0.4,0,0.4,37.4
58,54,1,1,0.4,0.1,0,0,0,0.4,0,0.3,41.5
13,83,1,2,1,0.4,0,0,0.1,1,0.1,0.8,85.4
18,83,1,4,2.1,0.9,0,0.2,0,1.9,0.5,1.6,203.9
19,83,1,13,5.2,1.2,0.3,0,0.3,5.2,0.7,4.8,538.5
34,46,1,5,2.1,0.4,0.1,1,0.3,1.1,0.1,1,187.2
28,47,0,27,15,5,0,5,1,10,1,9,1265
78,85,1,4,1.8,0.7,0.1,0.4,0.2,1.4,0.2,1.2,136.6
91,84,1,7,2.9,0.6,0,0.1,0.1,2.8,0.1,2.7,297.5
92,84,0,98,48,20,3,26,6,22,11,17,3784
93,84,1,10,4.2,0.8,0,0.1,0.1,4.1,0.1,3.8,425
33,24,0,122,41,6,5,0,4,41,1,36,4049
80,75,1,15,6.2,1.3,0.3,0,0.3,6.2,0.3,5.9,676.3
50,31,1,15,5.1,0.9,0.6,0.3,0.5,4.8,0.8,4.4,607.3
8,89,1,4,1.8,0.4,0.1,0.3,0.1,1.5,0.2,1.5,198.1
63,31,0,55,18,5,3,2,0,16,4,16,1897
13,102,1,7,3.5,1.2,0,0,0.2,3.5,0.2,2.8,381
36,89,0,35,13,1,0,1,1,12,0,13,1277
70,39,1,3,1.2,0.3,0.2,0.1,0.1,1.1,0,1.2,102.2
35,32,1,29,9.8,1,0.8,0,1,9.8,0.5,9.5,1337.8
28,90,1,2,0.8,0.2,0,0,0,0.8,0.1,0.6,83.5
48,52,0,30,15,5,0,0,1,15,4,10,1271
66,68,1,2,0.7,0.2,0.1,0,0.1,0.7,0.1,0.7,67
70,68,1,22,8.4,1.2,0.3,0,0.6,8.4,0.3,8.1,852.6
71,68,1,7,2.7,0.4,0.1,0,0.2,2.7,0.1,2.6,271.3
54,52,1,14,5.3,1.3,0.3,0.4,0.5,4.9,0.3,4.9,581.1
58,58,1,10,3.5,0.5,0.4,0.2,0.1,3.3,0.1,3.3,383.7
57,58,1,24,8.3,1.1,0.9,0.3,0.2,8,0.3,7.8,921
16,105,1,5,2,0.5,0.2,0.1,0.2,1.9,0.8,1.1,213.3
33,46,1,4,1.7,0.5,0.1,0.6,0,1.1,0.2,1.1,155.1
20,47,1,2,0.8,0.1,0,0.1,0.1,0.7,0.1,0.7,92.1
0,41,0,48.5,25,8,1,1,3,24,2,21,2415
71,39,1,3,1.2,0.3,0.2,0.1,0.1,1.1,0,1.2,102.2
7,81,1,2,0.8,0.2,0,0,0,0.8,0.1,0.5,83.9
54,22,1,5,1.8,0.6,0.5,0.1,0.1,1.7,0,1.2,200.1
55,22,1,9,3.3,1.1,0.9,0.2,0.2,3.1,0,2.2,360.2
58,22,1,2,0.7,0.2,0.2,0,0,0.7,0,0.5,80
110,114,1,6,2.2,0.5,0.3,0.4,0,1.8,0.3,1.8,221.2
112,114,1,4,1.4,0.3,0.2,0.2,0,1.2,0.2,1.2,147.4
87,98,1,2,0.8,0.2,0.1,0.2,0.2,0.6,0.3,0.6,66.7
48,2,1,21,6.9,1.5,0.9,0,0.6,6.9,1.5,5.1,807.9
14,6,1,2,0.9,0.3,0,0,0,0.9,0,0.9,71.1
82,115,1,4,1.4,0.3,0.1,0,0.3,1.4,0.3,0.7,137.2
72,54,1,6.5,2.6,0.7,0.1,1,0.6,1.6,0.7,1.4,187.8
2,92,1,4,2,1,0.1,0.7,0.2,1.3,0.3,1.2,183.4
41,92,0,31,15,5,1,5,2,10,1,11,1964
59,92,1,2,0.8,0.2,0,0,0.2,0.8,0.3,0.8,74.4
18,85,1,3,1.6,0.6,0,0.2,0,1.4,0.4,1.2,152.9
1,41,0,69,45,32,2,35,1,10,6,25,2878
63,60,1,5,3.3,1.5,0,0.9,0.6,2.4,0,2.7,301.5
73,60,1,1,0.4,0.1,0,0.2,0.1,0.2,0.1,0.2,28.9
79,74,0,30,13,1,0,1,3,12,2,12,1210
6,46,1,2,0.8,0.1,0.1,0.2,0.1,0.6,0,0.6,85.6
1,39,0,68,25,5,2,3,2,22,1,20,2668
2,39,0,58.5,29,10,1,14,2,15,1,24,2566
3,39,1,24,9.8,1.7,1,0.5,0.5,9.3,0.5,8.3,930.1
15,47,1,3.5,1.7,0.4,0,0,0.4,1.7,0.2,1.2,165.4
3,41,0,112,64,42,3,52,4,12,5,44,4768
91,85,0,140.5,70,23,1,1,6,69,2,63,6932
25,111,1,8,4.1,1.9,0.2,0.2,0.2,3.9,0.6,3.5,354.4
62,111,1,2,0.8,0.2,0,0,0.2,0.8,0.3,0.8,74.4
101,111,1,2,0.7,0.1,0,0,0.1,0.7,0.1,0.7,100.4
0,90,1,19,7.5,2,0,0.8,0.4,6.7,0.8,5.9,787.7
18,42,1,23,7.9,1.3,0.7,0.6,1.3,7.3,1.3,6.3,913.4
50,52,1,29,10.8,1.8,1.6,0,0.3,10.8,0.8,10,1164.7
43,90,1,28,9.8,2,0.9,1.4,0.7,8.4,1.8,8.4,1074.7
98,113,1,2,0.8,0.2,0,0,0.1,0.8,0,0.8,104.7
0,53,1,1,0.4,0.1,0,0,0,0.4,0,0.4,45.2
84,125,1,1,0.4,0.2,0,0,0,0.4,0.1,0.3,39.7
4,41,0,203,92,39,10,76,16,16,28,10,6395
62,16,1,2,0.8,0.2,0,0,0.1,0.8,0.1,0.6,98.2
8,106,1,5,2,0.8,0.3,0.3,0,1.7,0.5,1.3,173.2
46,114,1,1,0.5,0.2,0,0,0,0.5,0.1,0.4,50.3
11,106,1,2,1,0.3,0,0,0.1,1,0.1,0.8,108.9
100,114,1,1,0.4,0.1,0,0.1,0,0.3,0,0.3,47.7
17,106,1,3,1.2,0.3,0.1,0.1,0.1,1.1,0.5,0.7,128
27,98,1,4,1.9,0.7,0.1,0.1,0.2,1.8,0.6,1.4,182.2
46,2,1,1,0.3,0.1,0,0,0,0.3,0.1,0.2,38.5
100,106,1,7,2.7,0.3,0.1,0.2,0.1,2.5,0.1,2.5,332.6
101,106,1,3,1.1,0.1,0,0,0,1.1,0,1.1,142.5
102,106,1,9,3.4,0.3,0.1,0.2,0.1,3.2,0.1,3.2,427.6
110,106,1,3,1.2,0.4,0.1,0.2,0,1,0.3,1,129
15,30,1,4,1.7,0.5,0.1,0.1,0.1,1.6,0.1,1.5,165
74,13,1,4,1.5,0.5,0.2,0.2,0.1,1.3,0.6,0.8,168.1
83,115,1,8,2.8,0.6,0.2,0,0.6,2.8,0.6,1.3,274.4
104,115,1,24,7.7,1,0.8,0.4,0.5,7.3,0.2,7.4,943.9
105,115,1,33.5,10.7,1.3,1.2,0.5,0.7,10.2,0.3,10.4,1317.6
43,72,1,1,0.4,0.1,0,0,0.1,0.4,0.1,0.3,51.3
10,46,1,12,5.1,1.4,0.4,1.1,0.2,4,0.3,4,529.1
11,46,0,30,14,3,0,0,0,14,0,14,1550
12,46,0,47,17,2,1,0,0,17,0,17,1874
3,85,1,17,7,2.9,0.4,0.4,1.2,6.6,1.2,5.4,592.5
13,46,0,35,15,2,0,2,1,13,0,14,1962
14,47,0,39,15,1,1,0,2,15,0,14,1694
3,53,1,3,1.2,0.2,0.1,0.1,0,1.1,0,1.1,135.5
44,121,1,2,1.1,0.4,0.1,0,0,1.1,0.3,0.8,100.6
22,25,1,8,2.8,0.3,0.3,0,0.5,2.8,0,2.5,325.7
5,41,0,71.5,38,22,2,32,3,6,5,12,2752
6,41,0,56,35,22,1,32,6,3,8,10,1823
7,41,0,99,63,37,0,58,3,5,8,22,4936
9,117,1,4,1.6,0.4,0.2,0.2,0.2,1.4,0.1,1.3,164.4
15,117,1,5,2.1,0.5,0.3,0.4,0.1,1.7,0.3,1.6,205.5
78,74,1,21,9,2.1,0.3,0.3,0.9,8.7,0.6,8.4,1032
83,74,0,139,69,36,4,49,7,20,15,22,5154
5,93,1,7,3.3,1.1,0,0.4,0.2,2.9,0.4,2.8,311.7
6,93,1,1,0.5,0.2,0,0.1,0,0.4,0.1,0.4,44.5
7,93,1,3,1.4,0.5,0,0.1,0.1,1.3,0.2,1.2,133.6
19,93,1,5,2.2,0.8,0.3,0.1,0.1,2.1,0.4,1.5,208.5
27,93,1,18,6.6,0.7,0.7,0.7,1,5.9,1,5.2,541.7
12,109,1,1,0.4,0.2,0.1,0.1,0,0.3,0.1,0.3,34.6
18,109,1,7,2.8,0.7,0.2,0.1,0.2,2.7,1.1,1.6,298.6
97,93,0,58,25,9,2,0,1,25,5,23,2109
101,109,1,14,5.1,0.7,0.3,0.3,0.4,4.8,0.5,4.8,702.5
106,109,0,28.5,11,3,2,0,3,11,2,9,1325
109,109,1,5,1.9,0.6,0.1,0.4,0.1,1.5,0.1,1,234.5
49,51,1,24,11.2,3.4,0.4,3.8,1.2,7.4,2,7.6,986
50,51,0,82,37,12,3,21,8,16,3,11,3055
68,44,1,5,1.9,0.5,0.2,0.2,0.2,1.7,0.1,1.2,186.7
32,53,1,4,1.7,0.6,0.1,0,0.3,1.7,0.6,1.5,155.9
73,23,1,24,8.8,2.3,1,1.3,1.6,7.5,1.9,6.2,781
15,67,1,4,1.7,0.6,0.1,0.1,0.2,1.6,0.2,1.5,171.5
8,41,0,70,48,32,0,47,7,1,5,27,3046
28,77,1,4,1.8,0.4,0.1,0.3,0.2,1.5,0.1,1.6,171.9
59,77,1,2,0.9,0.4,0.1,0,0,0.9,0.1,0.8,101.4
23,21,1,1,0.3,0,0,0,0,0.3,0,0.3,36.2
26,21,1,4,1.8,0.6,0,0.7,0.1,1.1,0.2,1.1,182.1
2,104,1,2,0.9,0.3,0,0.2,0.1,0.7,0.1,0.8,111.2
13,42,1,3,1.3,0.4,0.1,0.3,0,1,0.1,1,132.3
12,42,0,31,13,4,1,0,0,13,2,10,1349
47,52,0,30,12,2,1,0,2,12,2,11,1234
53,52,0,39,16,3,1,5,1,11,0,13,1582
65,32,1,12,4.9,1.2,0.2,0.3,0.5,4.6,0.5,4.3,503.2
9,105,1,4,2,0.7,0,0,0.1,2,0.1,1.6,217.7
1,110,1,3,1.4,0.5,0,0,0.2,1.4,0.2,0.9,127.3
94,125,1,4,1.5,0.2,0.2,0.3,0.1,1.2,0.1,1.4,149
16,53,1,12,4.9,0.9,0.2,0.6,0.8,4.3,0.8,3.2,421.7
25,47,1,3,1.4,0.2,0,0,0.1,1.4,0.1,1.2,155.8
9,41,0,210,133,84,2,117,16,16,26,35,8541
13,41,1,5,2.2,0.6,0.2,0.4,0.1,1.8,0.2,1.5,195.7
61,16,1,5,1.9,0.5,0,0,0.2,1.9,0.3,1.6,245.5
39,2,1,4,1.3,0.1,0.1,0.1,0.2,1.2,0.1,1.1,151
95,98,1,2,0.8,0.1,0,0,0,0.8,0,0.8,98.4
49,2,1,3,1,0.2,0.2,0.1,0.1,0.9,0.2,0.9,130
100,115,1,18,6.4,1.2,0.9,0.6,0.2,5.8,0.2,5.1,859.1
18,110,1,2,0.8,0.2,0.1,0,0.1,0.8,0.3,0.4,85.3
35,94,1,2,0.8,0.2,0,0,0.1,0.8,0.1,0.8,87
10,41,0,72.5,33,8,2,7,5,26,2,25,3092
11,41,1,4,1.7,0.5,0.2,0.3,0.1,1.4,0.2,1.2,156.6
14,41,1,2,1,0.4,0.1,0.3,0.1,0.7,0.2,0.7,83.6
46,24,1,13,5,1.2,0.7,1.2,0.5,3.8,0.1,3.7,532.5
33,119,1,2.5,1.2,0.2,0,0.1,0.3,1.1,0.6,0.8,110.9
35,119,1,5,2,0.4,0.1,0.1,0,1.9,0.6,1.5,237.9
48,86,1,9,4.3,1.7,0.3,0,0,4.3,1,4,415.3
57,86,1,5,2,0.7,0.2,0.6,0.2,1.4,0.3,1.6,198
75,86,0,63,23,4,4,8,2,15,0,14,1950
41,94,1,7,2.9,0.7,0.1,0.1,0.2,2.8,0.4,2.8,304.4
46,94,1,2,1,0.4,0,0.1,0.1,0.9,0.1,0.9,90.7
48,94,1,1,0.5,0.2,0,0.1,0,0.4,0.1,0.5,45.4
6,47,1,18.5,8.2,2.2,0.5,0.8,0.8,7.4,0.3,6.5,944.5
7,47,1,15.5,6.9,1.9,0.4,0.7,0.7,6.2,0.2,5.5,791.4
95,102,1,19,7.7,1.5,0.5,0.3,0.9,7.4,0.4,7.3,857.4
96,102,1,28,11.3,2.1,0.8,0.4,1.4,10.9,0.6,10.7,1263.5
10,47,1,10,4.6,1,0.2,0.1,0.5,4.5,0,4.4,510
100,102,1,5,1.9,0.2,0.1,0.1,0.1,1.8,0.1,1.8,237.6
20,83,1,18,7.2,1.7,0.4,0,0.4,7.2,1,6.6,745.6
17,25,0,75,19,1,7,0,1,19,0,17,1881
90,85,1,4,1.7,0.3,0,0.1,0,1.6,0,1.5,170
15,41,1,10,5.1,2.2,0.3,1.6,0.3,3.5,1.1,3.5,417.8
16,41,0,103,49,15,2,12,5,37,7,33,3837
17,41,1,12,6.2,2.6,0.3,2,0.3,4.2,1.3,4.2,501.4
1,111,1,3,1.4,0.5,0,0,0.2,1.4,0.2,0.9,127.3
3,111,1,2,0.9,0.3,0,0,0.1,0.9,0.2,0.6,84.9
8,111,1,4,1.6,0.6,0.2,0.2,0,1.4,0.4,1.1,138.5
32,21,1,1,0.4,0.1,0,0.1,0,0.3,0,0.3,43
33,90,1,16,6.8,1.5,0.2,0.3,1.2,6.5,1,6,673.2
40,113,1,3,1.2,0.2,0.1,0.1,0,1.1,0.4,0.9,142.7
43,113,1,1,0.4,0.1,0,0,0,0.4,0.1,0.3,47.6
99,113,1,9,3.2,0.6,0.4,0.3,0.1,2.9,0.1,2.6,429.5
65,43,1,25,9.7,2.5,1.2,1.3,1.2,8.4,0.3,6.2,933.4
3,105,1,8,3.6,1,0,0.9,0.3,2.7,0.5,3.3,444.9
46,125,1,3,1.4,0.4,0,0,0.1,1.4,0.2,1.3,118.1
17,83,1,3,1.6,0.6,0,0.2,0,1.4,0.4,1.2,152.9
57,125,1,6,3,1,0,0,0.2,3,0,2.5,317.5
36,46,0,100.5,53,20,1,46,10,7,12,9,3924
26,47,1,3,1.4,0.2,0,0,0.1,1.4,0.1,1.2,155.8
19,103,1,1,0.4,0.1,0,0,0,0.4,0.2,0.2,42.7
31,25,0,131.5,64,31,4,45,5,19,9,30,5216
83,85,1,4,1.5,0.5,0.2,0.3,0.1,1.2,0.6,0.8,142.5
19,41,1,9,3.8,1.6,0.2,1,0.2,2.8,0,2.6,355.3
46,22,1,5,1.9,0.5,0.3,0.4,0.2,1.5,0.1,1.4,204.8
49,22,1,12,4.4,0.9,0.2,1.5,0.2,2.9,0.4,2.4,417.4
38,106,1,4,1.8,0.7,0.1,0,0.3,1.8,0.4,1.4,161.4
38,6,1,6,2.3,0.8,0.3,0,0.2,2.3,0.2,1.8,194.2
48,6,1,3,1,0.2,0.1,0,0.1,1,0.2,0.7,115.4
46,13,1,3,1.2,0.2,0,0.1,0.1,1.1,0.1,1,137.8
50,115,1,4,2.1,0.9,0.1,0,0,2.1,0.6,1.6,201.1
106,115,1,15,4.8,0.6,0.5,0.2,0.3,4.6,0.2,4.6,589.9
3,121,1,58,33,17.8,0.9,2.7,4.5,30.3,8.9,17.8,2830.4
27,47,1,12,5.5,1,0,0,0.5,5.5,0.5,5,623
0,111,1,1,0.5,0.2,0,0,0.1,0.5,0.1,0.3,42.4
20,41,1,1,0.4,0.2,0,0.1,0,0.3,0,0.3,39.5
40,41,1,5,2.4,1,0.2,0.2,0.2,2.2,0.8,2.1,187.3
63,41,1,6,2.4,0.3,0.1,0.5,0.4,1.9,0,2.3,259.5
20,119,1,5,2.1,0.5,0.3,0.4,0.1,1.7,0.3,1.6,205.5
22,119,1,1,0.4,0.1,0.1,0.1,0,0.3,0.1,0.3,41.1
26,119,1,1,0.5,0.1,0,0.1,0.1,0.4,0.2,0.3,44.4
30,119,1,2,1,0.1,0,0.1,0.2,0.9,0.5,0.6,88.7
45,119,1,1,0.5,0.2,0,0,0,0.5,0.1,0.4,50.3
39,20,1,2,0.8,0.2,0.1,0.2,0.1,0.6,0.1,0.5,81.3
1,65,1,10,4.5,1.5,0.2,0.3,0.2,4.2,0.5,2.9,424.9
2,65,1,6,2.7,0.9,0.1,0.2,0.1,2.5,0.3,1.7,254.9
15,65,1,2,0.8,0.1,0.1,0.1,0.1,0.7,0.1,0.7,76.8
36,65,1,5,1.9,0.3,0.2,0.3,0.6,1.6,0.7,1.5,172.9
40,65,1,1,0.4,0.2,0.1,0,0,0.4,0.1,0.3,39.9
42,65,1,2,0.8,0.3,0.1,0.1,0,0.7,0.2,0.6,79.9
89,115,1,3,1.2,0.5,0.1,0.1,0,1.1,0.2,0.9,119
99,115,1,6,2.1,0.4,0.3,0.2,0.1,1.9,0.1,1.7,286.4
100,113,1,8,2.8,0.5,0.4,0.2,0.1,2.6,0.1,2.3,381.8
1,53,1,14,5.4,0.7,0.3,0.2,0.1,5.2,0,5.2,632.3
104,102,1,8,2.6,0.2,0.4,0.1,0.1,2.5,0.2,2.4,268
21,47,1,9,3.7,0.7,0,0.7,0.3,3,0.3,3,414.3
30,25,0,44,26,16,1,13,1,13,4,13,2080
38,111,1,2,0.7,0.2,0.1,0.1,0.2,0.6,0.2,0.6,69
57,111,1,4,1.7,0.3,0,0,0.3,1.7,0.6,1.5,148.8
97,111,1,12,3.8,0.3,0.5,0.1,0.1,3.7,0.1,3.7,484.2
98,111,1,14,4.4,0.4,0.6,0.1,0.1,4.3,0.1,4.3,564.9
79,77,1,2,0.9,0.3,0,0.1,0,0.8,0.1,0.8,90.7
1,90,1,17,6.7,1.8,0,0.7,0.4,6,0.7,5.3,704.8
63,32,1,22.5,8.3,1.7,0.8,0.4,0.4,7.9,0,6.6,926.8
45,125,1,4,1.9,0.6,0,0,0.1,1.9,0.3,1.7,157.5
16,83,1,8,4.2,1.7,0,0.4,0,3.8,1,3.2,407.8
19,27,0,38,14,3,2,0,3,14,1,10,1240
18,25,1,19,7.8,2.2,0.6,0.5,1.1,7.3,0.6,5,964
88,116,1,1,0.4,0.2,0,0,0,0.4,0.1,0.3,39.7
32,25,0,54,28,15,2,17,4,11,7,10,2304
9,106,1,3,1.5,0.5,0,0,0.1,1.5,0.1,1.2,163.3
45,2,1,2,0.7,0.1,0.1,0,0.1,0.7,0.1,0.5,76.9
88,106,1,4,1.5,0.5,0.2,0.3,0.3,1.2,0.6,1.1,133.3
95,99,1,3,1.2,0.1,0,0,0,1.2,0,1.1,147.6
108,115,1,3,1,0.1,0.1,0.1,0.1,0.9,0,0.9,118
29,43,1,8,3.4,1.1,0.2,1.2,0,2.2,0.4,2.1,310.3
31,43,1,5,2.1,0.7,0.2,0.7,0,1.4,0.3,1.3,193.9
48,72,1,2,0.8,0.2,0,0,0.2,0.8,0.2,0.6,71.7
56,72,1,4,1.8,0.8,0.2,0,0,1.8,0.1,1.6,202.7
67,44,0,98,45,17,2,7,0,38,3,40,4513
15,83,1,2,1,0.4,0,0.1,0,0.9,0.2,0.8,101.9
19,25,1,10,3.5,0.4,0.4,0,0.6,3.5,0,3.1,407.1
21,25,0,73.5,24,3,4,0,5,24,3,15,2209
101,116,1,4,1.4,0.3,0.2,0.1,0,1.3,0,1.1,190.9
77,74,1,16,6.9,1.6,0.2,0.3,0.7,6.6,0.5,6.4,786.3
5,7,1,1,0.4,0.1,0,0,0.1,0.4,0.1,0.3,46.4
30,43,1,10,4.3,1.3,0.3,1.5,0,2.8,0.5,2.7,387.9
67,31,1,2,0.7,0.1,0.1,0,0,0.7,0,0.6,77.1
34,89,0,65,33,12,0,11,5,22,3,23,3219
11,27,1,4,1.3,0.1,0.1,0.1,0.1,1.2,0.2,1,136.5
20,27,0,34,11,2,2,1,0,10,0,10,1377
4,121,1,3,1.2,0.3,0.1,0.1,0.2,1.1,0.1,1,123.3
33,25,1,20.5,7.9,1.5,0.7,0.6,0.7,7.3,0.3,7,839.6
103,116,1,2,0.7,0.1,0.1,0.1,0,0.6,0,0.6,95.5
104,116,1,8,2.6,0.3,0.3,0.1,0.2,2.5,0.1,2.5,314.6
111,116,0,24,12,4,0,8,0,4,2,4,914
67,77,1,1,0.4,0.2,0.1,0.1,0.1,0.3,0.1,0.3,41.9
99,95,1,9,3.2,0.5,0.2,0.4,0,2.8,0,2.8,364.1
64,32,1,13,5.3,1.2,0.2,0.3,0.5,5,0.5,4.6,545.1
112,115,1,5,1.8,0.4,0.3,0.3,0,1.5,0.3,1.5,184.3
32,43,1,3,1.3,0.4,0.1,0.5,0,0.8,0.2,0.8,116.4
66,43,0,87,36,5,2,2,3,34,3,32,3324
67,43,0,110.5,38,6,7,4,3,34,4,29,3500
8,47,1,23,10.2,2.8,0.6,1,1,9.2,0.3,8.1,1174.3
9,47,0,34,15,1,0,1,2,14,2,12,1678
102,102,1,32,12.3,1.2,0.5,0.7,0.5,11.6,0.5,11.4,1520.4
101,102,1,15,5.7,0.5,0.2,0.3,0.2,5.4,0.2,5.3,712.7
31,27,1,19,9,2.2,0,0.2,0.8,8.8,0.5,8.2,877.5
20,25,0,94.5,34,5,3,4,4,30,2,22,3153
112,116,0,25,11,3,0,0,1,11,1,10,1202
1,49,1,5,2,0.6,0.1,0.1,0,1.9,0.1,2,241
5,49,1,1,0.4,0.1,0,0,0,0.4,0,0.4,51.1
6,49,1,3,1.3,0.4,0.1,0.1,0.1,1.2,0,1.1,153.2
7,49,1,9,4,1.1,0.3,0.4,0.4,3.6,0.1,3.2,459.5
9,49,1,2,0.9,0.2,0,0,0.1,0.9,0,0.9,102
10,99,1,1,0.5,0.3,0,0,0,0.5,0.1,0.4,50.5
95,106,0,70,33,9,0,10,4,23,5,22,2959
12,99,1,6,3.1,1.6,0,0.3,0.2,2.8,0.7,2.4,303.1
42,6,1,3,1,0.1,0.1,0.1,0.1,0.9,0.1,0.8,113.2
51,13,1,2,0.6,0.1,0.1,0,0.1,0.6,0.1,0.5,69
53,13,1,13,4.2,0.5,0.5,0.5,0.4,3.7,0.5,3.2,448.2
111,115,1,15,5.4,1.2,0.8,0.8,0,4.6,0.8,4.6,552.9
76,72,1,6,2.6,0.6,0.1,0.1,0.3,2.5,0.2,2.4,294.9
84,85,1,4,1.6,0.4,0.2,0.3,0,1.3,0.2,1.1,179.5
39,121,1,3,1.2,0.2,0.1,0.1,0,1.1,0.4,0.9,142.7
11,103,1,3,1.5,0.5,0,0,0.1,1.5,0.1,1.2,163.3
12,103,1,11,5.5,1.8,0,0,0.4,5.5,0.4,4.4,598.8
42,116,1,2,0.8,0.1,0,0,0,0.8,0.2,0.6,95.1
34,25,1,14,5.5,1.1,0.2,0,0.7,5.5,0.4,5,628
30,18,1,11,4.3,0.8,0.2,0.7,0.2,3.6,0.1,3.8,472.7
41,32,1,3,1.5,0.5,0,0,0.1,1.5,0.1,1.3,165.8
98,95,1,2,0.7,0.2,0.1,0,0,0.7,0,0.6,77
18,90,1,3,1.6,0.6,0,0.2,0,1.4,0.4,1.2,152.9
14,66,1,4,1.7,0.3,0.1,0.3,0.3,1.4,0.3,1.4,153.7
1,44,1,9,3.6,1.1,0.4,0.2,0.4,3.4,0.3,3.2,389.7
2,44,1,21,8.5,2.5,0.8,0.5,0.8,8,0.6,7.5,909.4
37,66,1,9,3.5,0.5,0.3,0.6,1.1,2.9,1.3,2.7,311.2
47,51,0,90.5,34,7,2,1,3,33,1,17,2891
89,82,1,2,0.8,0.2,0,0,0,0.8,0,0.8,85
31,102,1,4,2.1,1,0.1,0.1,0.1,2,0.3,1.7,177.2
32,102,1,2,1,0.5,0.1,0,0.1,1,0.2,0.9,88.6
37,46,0,70.5,31,11,2,15,6,16,3,17,2587
37,3,1,3,1.2,0.4,0.2,0,0.1,1.2,0.1,0.9,97.1
23,108,1,3,1.2,0.3,0.1,0.1,0.1,1.1,0.5,0.7,128
43,22,1,5,2.1,0.3,0,0.3,0.3,1.8,0.3,1.5,254.1
55,106,1,2,0.8,0.2,0,0,0.2,0.8,0.3,0.8,74.4
89,106,1,4,1.5,0.5,0.2,0.3,0.3,1.2,0.6,1.1,133.3
96,106,0,56,19,0,2,1,0,18,1,17,2094
100,99,1,11,3.9,0.6,0.2,0.4,0,3.5,0,3.5,445
36,13,1,1,0.4,0.1,0.1,0.1,0,0.3,0.1,0.3,40.6
37,13,1,1,0.4,0.1,0.1,0.1,0,0.3,0.1,0.3,40.6
50,13,1,6,1.9,0.2,0.2,0.2,0.2,1.7,0.2,1.5,206.8
38,66,1,5,1.9,0.3,0.2,0.3,0.6,1.6,0.7,1.5,172.9
46,51,0,69,24,6,3,1,2,23,1,23,2211
66,44,0,72.5,28,3,2,2,0,26,3,25,2941
17,103,1,2,0.8,0.2,0.1,0,0.1,0.8,0.3,0.4,85.3
39,3,1,2,0.7,0.1,0,0.1,0.1,0.6,0.1,0.5,75.5
104,103,1,17,5.6,0.4,0.7,0.2,0.2,5.4,0.4,5,569.6
43,60,1,7,3,1.1,0.1,0,0.5,3,1.1,2.6,272.8
54,60,1,14,4.9,0.7,0.5,0.2,0.1,4.7,0.2,4.6,537.2
23,74,1,6,3,0.8,0.2,0.3,0,2.7,0.7,2.3,281.3
45,51,1,19,8,1.7,0,0.4,1.7,7.6,1.3,6.8,876.5
64,31,1,18,6.2,0.6,0.7,0.1,0.2,6.1,0.3,5.6,693.6
62,44,1,1,0.4,0.1,0,0.1,0,0.3,0,0.4,42.2
65,44,1,16,6.2,1.6,0.8,0.8,0.8,5.4,0.2,4,597.4
62,72,1,1,0.5,0.2,0.1,0,0,0.5,0,0.4,50.7
105,102,0,48.5,19,3,1,2,1,17,0,15,1824
21,85,1,4,1.6,0.4,0.1,0,0.1,1.6,0.2,1.5,165.7
58,23,1,1,0.4,0.1,0.1,0,0,0.4,0,0.2,40
89,116,1,14,5.7,2.2,0.4,0.3,0,5.4,1.1,4.3,555.3
99,116,1,2,0.7,0.1,0.1,0.1,0,0.6,0,0.6,95.5
100,116,1,3,1.1,0.2,0.1,0.1,0,1,0,0.9,143.2
80,111,1,1,0.4,0.1,0.1,0.1,0,0.3,0.1,0.3,42
36,18,1,10,4.2,0.9,0,1,0.3,3.2,0.1,3.5,462
83,77,0,116,50,19,3,16,6,34,6,31,4283
84,77,0,144,71,28,3,54,10,17,18,16,5029
11,42,0,29,13,3,0,5,2,8,3,10,1253
38,32,1,19,6.4,0.7,0.5,0,0.7,6.4,0.3,6.3,876.5
97,95,0,29,12,3,1,2,0,10,2,10,1107
42,32,1,1,0.5,0.2,0,0,0,0.5,0,0.4,55.2
48,32,1,5,2,0.4,0.2,0.1,0.1,1.9,0.2,1.8,208.9
49,32,1,5,2,0.4,0.2,0.1,0.1,1.9,0.2,1.8,208.9
51,32,1,14,5.6,1.2,0.6,0.2,0.4,5.4,0.5,5.1,585
17,90,1,3,1.6,0.6,0,0.2,0,1.4,0.4,1.2,152.9
67,32,1,7,2.9,0.7,0.1,0.2,0.3,2.7,0.3,2.5,293.5
67,49,0,52.5,29,13,1,14,2,15,0,16,2339
71,49,1,2,0.8,0.3,0.1,0.4,0.1,0.4,0.2,0.3,67.4
77,66,1,1,0.5,0.2,0,0.2,0.1,0.3,0,0.2,40.2
44,51,0,32,12,2,1,1,2,11,2,12,1289
28,43,1,6,2.1,0.4,0.2,0,0.1,2.1,0.1,1.7,242.5
2,47,1,2,0.8,0.2,0.1,0.1,0,0.7,0,0.8,96.4
21,27,0,58,21,3,2,0,1,21,0,21,2241
27,85,1,6,2.6,0.8,0.1,0.7,0.3,1.9,0.5,2.2,256.1
2,106,1,4,1.8,0.5,0,0.4,0.2,1.4,0.3,1.6,222.5
27,19,0,31.5,11,1,3,0,2,11,0,11,1246
73,106,1,3,1.2,0.3,0.2,0.2,0.1,1,0.2,1,126.1
58,59,1,2,0.7,0.1,0.1,0,0,0.7,0,0.7,76.7
3,99,1,1,0.5,0.2,0,0,0,0.5,0.1,0.4,41.7
9,99,1,1,0.5,0.3,0,0,0,0.5,0.1,0.4,50.5
39,49,1,3,1.2,0.3,0.1,0.2,0.1,1,0.1,1,111.7
108,99,1,3,1.3,0.3,0,0.2,0.2,1.1,0.1,1,125.8
41,51,1,1,0.4,0.1,0,0.1,0,0.3,0,0.3,37.2
27,94,1,12,4.4,0.5,0.5,0.5,0.7,3.9,0.7,3.5,361.2
69,43,1,3,1.1,0.4,0.1,0.5,0.2,0.6,0.3,0.5,101.1
22,27,1,15,5.7,1.5,0.4,0.4,0.4,5.3,0.4,4.6,605.3
67,46,0,44,27,15,1,23,0,4,3,16,2001
68,46,1,8,3.1,0.8,0.4,0.4,0.4,2.7,0.1,2,298.7
101,103,1,17,6.5,0.6,0.3,0.3,0.3,6.2,0.3,6,807.7
102,103,1,22,8.4,0.8,0.4,0.4,0.4,8,0.4,7.8,1045.3
103,103,1,6,2.3,0.2,0.1,0.1,0.1,2.2,0.1,2.1,285.1
36,24,1,4,1.6,0.3,0.1,0,0.2,1.6,0.1,1.4,179.4
15,75,1,2,1,0.3,0.1,0.1,0,0.9,0.2,0.8,93.8
55,10,1,2,0.7,0.2,0.1,0,0.1,0.7,0,0.6,80
96,101,1,11,4.5,0.5,0,0,0.1,4.5,0.1,4.1,541.1
68,49,0,22,14,8,0,14,2,0,2,2,1025
102,109,1,2,0.7,0.1,0,0,0.1,0.7,0.1,0.7,100.4
45,31,1,14,5.7,1.3,0.4,0.9,0.6,4.8,0.3,4.7,614.3
12,72,1,4,1.6,0.4,0,0,0.1,1.6,0.2,1,167.8
16,11,0,30,11,3,0,0,0,11,1,6,1215
69,46,1,9,3.4,1.2,0.4,1.6,0.5,1.8,1,1.5,303.3
32,24,1,18,6.9,1.4,0.6,0.5,0.6,6.4,0.3,6.1,737.2
37,32,1,16,5.4,0.6,0.4,0,0.6,5.4,0.3,5.3,738.1
50,32,1,9,3.6,0.7,0.4,0.1,0.2,3.5,0.3,3.3,376.1
52,32,1,2,0.8,0.2,0.1,0,0.1,0.8,0.1,0.7,83.6
62,32,1,4,1.5,0.3,0.1,0.1,0.1,1.4,0,1.2,164.8
66,32,1,2,0.8,0.2,0,0,0.1,0.8,0.1,0.7,83.9
46,31,1,2,0.8,0.2,0.1,0.1,0.1,0.7,0,0.7,87.8
49,31,1,8,2.7,0.5,0.3,0.2,0.3,2.5,0.4,2.4,323.9
15,11,1,2,1,0.4,0,0.2,0,0.8,0.1,0.6,93.2
107,102,1,3,1,0.1,0.1,0,0,1,0.1,0.9,100.5
97,103,1,1.5,0.6,0.1,0,0,0.1,0.6,0,0.6,67.7
0,49,1,7,2.8,0.8,0.2,0.2,0,2.6,0.1,2.7,337.4
94,106,1,1,0.4,0.1,0,0,0,0.4,0,0.4,45.1
23,99,1,3,1.4,0.5,0,0.3,0.2,1.1,0.2,1.2,126.8
104,109,0,34,14,4,2,1,0,13,0,14,1626
5,47,1,3,1.3,0.4,0.1,0.1,0.1,1.2,0,1.1,153.2
18,27,1,7,3,0.8,0.1,0.2,0.2,2.8,0.2,2.7,288.8
48,11,1,2,0.7,0.2,0.2,0.1,0.1,0.6,0.1,0.6,86.7
59,60,1,3,2,0.9,0,0.5,0.4,1.5,0,1.6,180.9
62,60,1,1,0.7,0.3,0,0.2,0.1,0.5,0,0.5,60.3
56,10,1,1,0.4,0.1,0.1,0,0,0.4,0,0.3,40
79,75,1,22,9.1,1.9,0.5,0,0.5,9.1,0.5,8.6,991.9
14,65,1,2,0.8,0.1,0.1,0.1,0.1,0.7,0.1,0.7,76.8
73,7,1,1,0.4,0.1,0,0,0,0.4,0,0.3,41.8
20,72,1,1,0.5,0.1,0,0.1,0,0.4,0.1,0.4,46.9
20,85,1,10,4,1,0.2,0,0.2,4,0.5,3.7,414.2
22,108,1,2,0.8,0.2,0.1,0,0.1,0.8,0.3,0.4,85.3
55,60,1,21,7.3,1,0.8,0.3,0.2,7,0.2,6.8,805.8
31,18,1,15,5.9,1.1,0.3,0.9,0.3,5,0.2,5.1,644.6
32,18,1,2,0.8,0.1,0,0.1,0,0.7,0,0.7,85.9
5,42,0,67,42,26,0,26,3,16,8,20,3353
7,42,0,287,189,123,2,179,21,10,39,43,11011
5,90,0,26,14,7,0,9,2,5,6,5,1250
4,90,0,46,26,14,1,14,2,12,6,13,2260
46,32,1,2,0.8,0.2,0.1,0,0.1,0.8,0.1,0.7,83.6
57,32,1,1,0.4,0,0,0.1,0.1,0.3,0,0.4,43.3
9,90,1,5,2.3,0.9,0.2,0.7,0.2,1.6,0.3,1.6,244
72,49,1,4,1.5,0.5,0.2,0.7,0.2,0.8,0.4,0.7,134.8
20,11,1,1,0.5,0.2,0,0,0,0.5,0,0.4,35.6
43,121,1,9,3.6,0.6,0.2,0.2,0,3.4,1.1,2.8,428.1
56,60,1,13,4.5,0.6,0.5,0.2,0.1,4.3,0.1,4.2,498.8
57,59,1,29,10.1,1.4,1.1,0.4,0.2,9.7,0.3,9.4,1112.8
24,99,1,1,0.5,0.2,0,0,0.1,0.5,0.1,0.4,45.5
25,99,1,9,4.3,1.5,0.2,0.2,0.6,4.1,1.3,3.2,409.9
46,49,0,39.5,27,18,0,2,1,25,2,19,1506
53,7,1,1,0.4,0.1,0.1,0,0,0.4,0,0.3,40.2
56,44,1,3,1.3,0.3,0,0.2,0,1.1,0.1,1.2,126.5
30,11,1,4,1.3,0.2,0.2,0,0.1,1.3,0.2,1.2,153.4
26,85,1,11,4.7,1.4,0.2,1.3,0.5,3.4,0.9,4,469.6
23,111,1,1,0.4,0.1,0,0,0,0.4,0.2,0.2,42.7
52,74,1,2,0.8,0.2,0,0,0.2,0.8,0.2,0.6,71.7
22,74,1,1,0.5,0.1,0,0.1,0,0.4,0.1,0.4,46.9
13,55,1,8,3.6,1,0.2,0.5,0.2,3.1,0.5,3.1,390.4
48,7,1,7,2.4,0.5,0.5,0.3,0.3,2.1,0.4,2,303.4
51,7,1,2,0.7,0.2,0.1,0,0.1,0.7,0,0.7,80.3
105,101,1,2,0.9,0.2,0,0.1,0.1,0.8,0.1,0.6,83.9
9,115,1,1,0.4,0.1,0,0,0.1,0.4,0,0.3,41.1
18,115,1,3,1.4,0.4,0,0,0.1,1.4,0.1,1.2,124.9
19,121,1,13,5.4,1.3,0.7,0.9,0.2,4.5,0.7,4,534.3
14,122,1,4,2.3,1.4,0.1,0.2,0.1,2.1,0.5,1.5,199.2
6,42,0,274.5,168,109,4,154,20,14,41,57,11542
3,90,0,43,27,17,1,11,0,16,2,16,2258
36,7,1,1,0.3,0,0,0,0,0.3,0,0.2,31.7
68,31,1,5,1.7,0.2,0.2,0,0.1,1.7,0.1,1.5,192.7
16,27,1,2,0.9,0.2,0,0.1,0.1,0.8,0.1,0.8,82.5
18,121,1,4,1.7,0.4,0.2,0.3,0.1,1.4,0.2,1.2,164.4
66,46,0,54,21,7,2,0,0,21,2,20,1832
22,19,1,5,1.7,0.2,0.2,0,0.1,1.7,0.1,1.5,181
26,19,1,6,2.7,0.8,0,1,0.2,1.7,0.3,1.7,273.2
55,59,1,30,10.4,1.4,1.1,0.4,0.2,10,0.3,9.8,1151.2
56,59,1,18.5,6.4,0.9,0.7,0.3,0.1,6.1,0.2,6,709.9
22,99,1,1,0.5,0.2,0,0.1,0.1,0.4,0.1,0.4,42.3
76,99,1,8,3.2,0.8,0.5,0.5,0.3,2.7,0.5,2.7,336.2
47,49,1,6,2.5,0.5,0,0.1,0.5,2.4,0.4,2.1,276.8
35,7,1,12,3.7,0.4,0.5,0.6,0.4,3.1,0.4,2.7,380.5
104,101,1,4,1.7,0.5,0,0.2,0.3,1.5,0.2,1.3,167.8
15,66,1,19.5,8.2,1.4,0.7,1.4,1.4,6.8,1.4,6.8,749.2
41,31,1,5,2.4,0.7,0.1,0.6,0,1.8,0.3,2.1,276.2
36,11,1,6,1.9,0.2,0.2,0.3,0.2,1.6,0.2,1.3,190.3
47,11,1,5,1.7,0.4,0.4,0.2,0.2,1.5,0.3,1.4,216.7
24,27,1,4,1.5,0.2,0.1,0,0.1,1.5,0,1.5,177.6
2,122,1,12,4.5,1.8,0.6,1.2,0,3.3,0.3,4.5,404.1
46,122,1,2,0.9,0.3,0,0,0,0.9,0.1,0.8,78.7
14,111,1,2,0.8,0.2,0.1,0,0.1,0.8,0.3,0.4,85.3
36,93,1,6,2.5,0.6,0.1,0.1,0.2,2.4,0.3,2.4,260.9
96,93,0,48,20,3,1,0,1,20,1,18,2252
97,101,0,33,13,3,0,0,3,13,2,11,1496
34,7,1,13,4.1,0.4,0.5,0.7,0.4,3.4,0.4,2.9,412.2
100,101,1,1,0.4,0.1,0,0.1,0,0.3,0,0.3,40.5
95,93,0,38,13,0,1,1,0,12,0,13,1637
9,66,1,2,0.8,0.2,0,0.1,0.1,0.7,0.1,0.5,70.3
44,31,1,5,2,0.5,0.1,0.3,0.2,1.7,0.1,1.7,219.4
48,31,1,1,0.4,0.1,0,0.1,0,0.3,0,0.3,43.9
21,43,1,6,2.3,0.5,0.2,0.2,0.1,2.1,0.1,1.8,255
19,11,1,23.5,10.6,4,0.5,0,0.5,10.6,0.5,10.1,835.9
8,122,1,2,0.6,0,0.1,0,0.1,0.6,0.1,0.5,65.1
15,122,1,5,2.8,1.7,0.1,0.2,0.1,2.6,0.7,1.8,249
19,122,1,1,0.5,0.2,0,0,0,0.5,0.2,0.3,51.3
45,24,1,3,1.1,0.3,0.2,0.2,0.1,0.9,0,0.8,122.9
80,77,1,5,2.3,0.6,0.1,0.2,0.1,2.1,0.2,2,226.7
37,18,1,4,1.7,0.4,0,0.4,0.1,1.3,0.1,1.4,184.8
20,32,1,5,2.1,0.9,0.1,0.6,0.1,1.5,0,1.4,197.4
9,42,0,171,106,66,2,101,10,5,18,34,7533
16,90,1,1,0.5,0.2,0,0,0,0.5,0.1,0.4,51
53,49,0,23,13,6,0,4,0,9,0,10,1125
98,101,1,12,4.9,0.5,0,0,0.1,4.9,0.1,4.5,590.3
23,31,1,2,0.8,0.2,0,0.1,0,0.7,0,0.6,80.7
16,66,1,1,0.4,0.1,0,0.1,0.1,0.3,0.1,0.4,38.4
4,47,1,4,1.8,0.5,0.1,0.2,0.2,1.6,0.1,1.4,204.2
23,27,1,1,0.4,0.1,0,0,0,0.4,0,0.3,40.4
25,27,0,31,13,2,0,1,1,12,0,12,1613
20,19,1,5,1.7,0.2,0.2,0,0.1,1.7,0.1,1.5,181
25,19,1,6,2.7,0.8,0,1,0.2,1.7,0.3,1.7,273.2
53,59,1,5,1.9,0.3,0.3,0,0,1.9,0.1,1.7,200.8
54,59,1,24,8.3,1.1,0.9,0.3,0.2,8,0.3,7.8,921
48,49,1,2,0.8,0.2,0,0,0.2,0.8,0.1,0.7,92.3
49,49,1,10,4.7,1.4,0.2,1.6,0.5,3.1,0.8,3.2,410.8
36,66,1,4,1.5,0.2,0.1,0.3,0.5,1.2,0.6,1.2,138.3
18,11,1,2,1,0.4,0,0.2,0,0.8,0.1,0.6,93.2
26,27,1,3,1.1,0.1,0,0,0.1,1.1,0,1.1,133.2
17,122,1,10,5.7,3.4,0.2,0.5,0.2,5.2,1.4,3.6,498
23,122,1,1,0.5,0.2,0,0,0,0.5,0.2,0.3,51.3
40,122,1,2,0.8,0.1,0.1,0.1,0,0.7,0.3,0.8,85.4
34,24,0,34.5,15,4,0,0,1,15,1,14,1505
43,86,1,3,1.1,0.2,0.1,0.2,0.1,0.9,0.2,0.9,115.1
52,86,1,14,6.7,2.6,0.5,0,0,6.7,1.6,6.2,646.1
63,66,1,6,2.1,0.2,0.2,0,0.2,2.1,0.1,2,224.5
82,76,0,135,63,22,3,13,4,50,10,35,4738
80,76,0,39,12,1,1,0,0,12,0,12,1387
41,122,1,1,0.4,0.1,0,0,0,0.4,0.1,0.4,42.7
44,122,1,2,0.9,0.3,0,0,0,0.9,0.1,0.8,78.7
82,77,0,176,65,19,9,30,8,35,24,8,4585
2,90,0,133,76,44,2,62,6,14,15,18,5919
8,90,1,15,6.7,1.5,0.4,1.1,0.4,5.6,0.9,5.6,743
52,49,1,8,3.7,1.1,0.1,1.2,0.4,2.5,0.7,2.5,328.7
3,122,0,54,27,13,2,5,2,22,10,18,2570
16,122,1,5,2.8,1.7,0.1,0.2,0.1,2.6,0.7,1.8,249
18,122,1,1,0.6,0.3,0,0.1,0,0.5,0.1,0.4,49.8
36,122,1,2,0.8,0.1,0.1,0.1,0,0.7,0.3,0.8,85.4
31,24,1,13,5,1,0.5,0.4,0.5,4.6,0.2,4.4,532.4
24,74,1,4,1.8,0.4,0.1,0.3,0.2,1.5,0.1,1.6,171.9
21,19,0,46,17,2,2,0,6,17,2,9,1839
52,59,1,8,3,0.5,0.4,0,0.1,3,0.2,2.8,321.3
50,49,1,7,3.3,1,0.1,1.1,0.4,2.2,0.6,2.2,287.6
49,93,1,2,1,0.4,0,0.1,0.1,0.9,0.1,0.9,90.7
4,31,1,1,0.3,0,0,0,0,0.3,0.1,0.3,34.1
79,76,1,11,4.5,1,0.2,0,0.2,4.5,0.2,4.3,496
81,76,1,15,6.2,1.3,0.3,0,0.3,6.2,0.3,5.9,676.3
83,76,0,46,24,9,1,12,6,12,4,13,1881
47,122,1,1,0.5,0.1,0,0,0,0.5,0.1,0.4,39.4
40,20,1,8,3.1,0.8,0.5,0.7,0.3,2.4,0.4,2.2,325.1
95,101,1,2,0.8,0.1,0,0,0,0.8,0,0.8,98.4
19,31,1,28,10.7,2.9,0.7,0.9,0.7,9.8,0.7,8.6,1130
78,76,1,2,0.9,0.2,0,0.1,0.1,0.8,0.1,0.8,98.3
0,39,1,21,8.6,1.5,0.9,0.4,0.4,8.2,0.4,7.3,813.9
30,27,1,4,1.9,0.5,0,0.1,0.2,1.8,0.1,1.7,184.7
4,122,0,21,13,7,0,2,0,11,3,9,911
104,122,1,12,3.8,0.5,0.5,0.8,0,3,0.2,3.2,498
8,42,0,109,61,35,2,59,12,2,12,21,4880
6,90,1,12,5.3,1.2,0.3,0.9,0.3,4.4,0.7,4.4,594.4
107,99,1,4,1.7,0.5,0,0.2,0.3,1.5,0.2,1.3,167.8
94,101,1,3,1.2,0.1,0,0,0,1.2,0,1.1,147.6
110,119,1,27.5,11.3,2.3,0.3,0,1.3,11.3,0.7,9.7,1287.3
57,55,0,30,13,2,0,2,1,11,0,12,1283
6,109,1,5,2,0.8,0.3,0.3,0,1.7,0.5,1.3,173.2
94,93,1,23,8.5,2,0.9,0,0.2,8.5,0.4,7.2,885.2
2,31,1,4,2.8,1.5,0,1,0.2,1.8,0.5,1.2,289.8
57,46,1,1,0.4,0.1,0,0.1,0,0.3,0,0.4,42.2
93,122,1,2,0.8,0.3,0.1,0,0,0.8,0.2,0.6,79.3
0,59,1,7.5,3.2,0.9,0.3,0.3,0.5,2.9,0.5,3.1,348.9
7,59,1,2.5,1.1,0.3,0,0,0,1.1,0.2,0.9,116.8
59,59,1,2,1.3,0.6,0,0.3,0.2,1,0,1.1,120.6
99,99,1,16,5.6,0.9,0.3,0.6,0,5,0,5,647.2
72,55,1,1,0.4,0.1,0,0.2,0.1,0.2,0.1,0.2,28.9
55,20,1,4,1.5,0.3,0.2,0.3,0.1,1.2,0,1.4,151.8
105,119,1,6,2.9,0.5,0,0,0.1,2.9,0.2,2.3,322.4
38,31,1,2,0.8,0.2,0,0,0,0.8,0.1,0.7,86.4
34,76,1,2,0.8,0.2,0,0,0.1,0.8,0.1,0.5,102.6
99,122,1,3,1.1,0.2,0.1,0,0.1,1.1,0.1,1,129
103,122,1,4,1.5,0.3,0.2,0.1,0.1,1.4,0.1,1.4,172
41,93,0,27,11,3,2,3,0,8,1,7,1349
42,93,0,68,30,11,1,5,3,25,7,21,2453
71,93,1,2,0.8,0.2,0.1,0.1,0.1,0.7,0.1,0.7,84
13,76,1,4,1.6,0.4,0,0,0.1,1.6,0.2,1,167.8
11,76,1,7,2.8,0.7,0,0.1,0.1,2.7,0.3,1.8,293.7
12,76,1,21,8.5,2.1,0,0.3,0.3,8.2,0.9,5.5,881.1
90,122,1,1,0.4,0.2,0,0,0,0.4,0.1,0.3,39.7
41,18,1,2,0.8,0.2,0.1,0.2,0.1,0.6,0.1,0.5,81.3
47,18,1,1,0.4,0.1,0,0,0,0.4,0,0.3,45.9
113,122,0,31,11,2,1,3,2,8,2,10,1041
7,90,1,17,7.6,1.7,0.4,1.3,0.4,6.3,1,6.3,842
50,55,1,1,0.4,0.1,0.1,0,0,0.4,0,0.3,40.2
15,31,1,2,0.9,0.2,0,0.1,0.1,0.8,0.1,0.8,82.5
36,31,1,15,5.9,1.2,0.2,0.2,0.3,5.7,0.5,5.5,648.4
63,76,1,2,0.9,0.4,0.1,0,0,0.9,0.1,0.8,101.4
65,76,1,1,0.4,0.2,0.1,0.1,0.1,0.3,0.1,0.3,41.9
19,74,1,2,1,0.3,0.1,0.1,0,0.9,0.2,0.8,93.8
35,24,1,1,0.4,0.1,0,0,0,0.4,0,0.4,44.9
57,20,1,2,0.8,0.1,0.1,0.2,0,0.6,0,0.7,75.9
104,119,1,5,2.4,0.4,0,0,0.1,2.4,0.2,1.9,268.7
18,31,1,2,0.9,0.2,0,0.1,0.1,0.8,0.1,0.8,82.5
35,31,1,30,11.7,2.4,0.5,0.4,0.6,11.3,0.9,11,1296.7
37,31,1,18,7,1.5,0.3,0.3,0.4,6.7,0.5,6.6,778
34,31,1,13,5.1,1.1,0.2,0.2,0.3,4.9,0.4,4.8,561.9
42,46,1,15,5.9,1.3,0.4,0.8,0.5,5.1,0.4,4.8,558.5
64,122,1,2,0.8,0.1,0,0,0,0.8,0,0.6,84.9
109,119,0,56,22,4,2,0,0,22,1,22,2604
15,10,1,15,7.1,3.2,0.4,1.1,0.4,6,1.1,4.3,698.9
68,76,1,5,2,0.8,0.3,0.4,0.3,1.6,0.5,1.5,209.7
40,46,1,2,0.8,0.2,0.1,0.1,0.1,0.7,0.1,0.6,74.5
39,46,1,3,1.2,0.3,0.1,0.2,0.1,1,0.1,1,111.7
30,24,0,47,19,7,1,3,0,16,0,16,1470
75,122,1,3,1.4,0.6,0.1,0,0,1.4,0.2,1.2,121.2
10,42,0,128.5,59,28,7,53,12,6,13,24,4507
5,59,1,3,1.4,0.4,0,0.1,0,1.3,0.2,1.1,140.2
12,55,1,12,5.4,1.5,0.3,0.8,0.3,4.6,0.8,4.6,585.5
60,101,1,1,0.4,0.1,0,0,0.1,0.4,0.2,0.4,37.2
45,93,1,2,1,0.4,0,0.1,0.1,0.9,0.1,0.9,90.7
8,38,0,46,20,9,2,1,0,19,2,17,2025
72,119,1,4,1.6,0.3,0.1,0,0,1.6,0,1.3,169.9
46,93,1,4,2,0.7,0,0.2,0.1,1.8,0.2,1.9,181.5
13,31,1,4,1.3,0.1,0.1,0.1,0.1,1.2,0.2,1,136.5
26,31,1,2,0.8,0.1,0,0,0.1,0.8,0,0.7,88.8
85,72,1,3,1.2,0.4,0.2,0.3,0,0.9,0.1,1.1,115.8
98,122,1,2,0.7,0.1,0.1,0.1,0.1,0.6,0.1,0.7,74.5
9,55,1,2,0.9,0.3,0,0.1,0,0.8,0.1,0.8,97.6
56,55,0,32,14,4,1,1,0,13,2,12,1256
108,119,0,32,11,0,0,0,1,11,0,10,1302
101,119,1,3,1.2,0.2,0.1,0,0.2,1.2,0.1,1.2,137.6
20,31,1,13,4.9,1.3,0.3,0.4,0.3,4.5,0.3,4,524.6
27,31,1,2,0.8,0.1,0,0,0.1,0.8,0,0.7,88.8
33,31,1,14,6.6,1.7,0,0.2,0.6,6.4,0.4,6.1,646.6
9,72,1,5,2,0.5,0,0.1,0.1,1.9,0.2,1.3,209.8
38,46,0,27,17,9,0,15,2,2,4,5,1134
69,122,1,2,0.8,0.1,0,0,0,0.8,0,0.6,84.9
35,108,1,5,1.9,0.4,0.1,0.3,0.4,1.6,0.4,1.6,172.6
112,122,0,29,14,3,0,0,0,14,0,14,1505
77,75,1,3,1.3,0.3,0,0,0.1,1.3,0.1,1.2,147.4
39,93,1,2,0.8,0.2,0,0,0.1,0.8,0.1,0.8,87
53,55,1,7,2.6,0.4,0.4,0,0.1,2.6,0.2,2.4,281.1
58,20,1,2,0.8,0.1,0.1,0.2,0,0.6,0,0.7,75.9
99,119,1,3,1.2,0.2,0.1,0,0.2,1.2,0.1,1.2,137.6
106,119,1,3,1.4,0.2,0,0,0.1,1.4,0.1,1.1,161.2
113,119,0,40,19,6,1,1,5,18,5,16,1538
11,72,1,1,0.4,0.1,0,0,0,0.4,0,0.3,42
1,38,0,49,21,6,2,6,1,15,1,14,2002
102,122,1,6,2.2,0.4,0.3,0.1,0.2,2.1,0.2,2,258
107,119,1,5,2.4,0.4,0,0,0.1,2.4,0.2,1.9,268.7
98,119,1,4,1.7,0.3,0,0,0.2,1.7,0,1.7,209.4
5,31,1,3,1,0.1,0.1,0.1,0.1,0.9,0.2,0.8,102.4
5,66,1,4,1.6,0.3,0.1,0.2,0.2,1.4,0.2,1.1,140.6
101,122,1,6,2.2,0.4,0.3,0.1,0.2,2.1,0.2,2,258
30,108,1,1,0.5,0.2,0,0,0,0.5,0.1,0.4,44.3
42,18,1,3,1.2,0.3,0.2,0.3,0.1,0.9,0.2,0.8,121.9
2,38,0,50,27,12,0,11,2,16,2,20,2386
1,108,1,8,3.7,1.2,0,0,0.4,3.7,0.6,2.5,339.5
27,24,0,45,16,2,1,1,0,15,0,13,1683
14,55,1,1,0.4,0.1,0,0,0.1,0.4,0.1,0.3,35.1
45,55,1,5,1.8,0.4,0.2,0,0.2,1.8,0.2,1.7,209.8
48,55,1,15,5.3,1.1,0.7,0,0.5,5.3,0.5,5,629.3
69,119,1,2,0.8,0.1,0,0,0,0.8,0,0.6,84.9
40,108,1,6,2.7,1,0.2,0,0.4,2.7,0.6,2.1,242.1
36,108,1,13,4.8,1.1,0.4,0.7,1.1,4.1,1.1,4.1,448.7
96,108,1,8,2.5,0.2,0.4,0.1,0.1,2.4,0.1,2.5,322.8
42,3,1,5,1.6,0.2,0.1,0.1,0.2,1.5,0.2,1.4,188.7
7,38,0,36,20,10,1,9,1,11,1,10,1302
6,55,1,2,0.9,0.2,0,0,0,0.9,0.1,0.7,93.4
33,55,1,2,0.8,0.3,0,0,0.1,0.8,0.3,0.7,77.9
46,55,1,10,3.5,0.7,0.5,0,0.3,3.5,0.3,3.3,419.5
6,10,1,7,2.9,0.8,0.3,0.1,0.4,2.8,0.8,2.2,325
8,10,1,14,5.8,1.6,0.5,0.3,0.8,5.5,1.6,4.5,650.1
54,7,1,7,2.6,0.5,0.4,0.1,0.3,2.5,0.1,2.2,280.1
14,74,1,14,7,1.9,0.4,0.8,0,6.2,1.6,5.4,656.4
97,108,1,25,7.9,0.7,1.1,0.2,0.2,7.7,0.2,7.7,1008.8
106,108,0,65,29,7,1,0,1,29,0,27,2995
77,72,1,2,0.9,0.2,0,0.1,0.1,0.8,0.1,0.8,98.3
43,3,1,14,4.6,0.5,0.3,0.3,0.6,4.3,0.5,3.8,528.3
5,108,1,12,4.7,1.9,0.6,0.6,0,4.1,1.3,3.2,415.6
27,108,1,2,1,0.5,0.1,0,0.1,1,0.2,0.9,88.6
49,55,1,7,2.6,0.4,0.4,0,0.1,2.6,0.2,2.4,281.1
71,27,1,6,2.8,0.8,0,0.3,0.2,2.5,0,2.5,289.5
26,24,1,6,2.4,0.5,0,0.3,0.2,2.1,0.2,2.1,266.5
111,122,0,56.5,22,4,1,0,1,22,0,22,2833
84,72,1,13,5.3,1.9,1,1.4,0,3.9,0.5,4.6,501.9
96,84,1,1,0.4,0.1,0.1,0,0,0.4,0.1,0.3,38.4
110,122,0,43,15,3,2,0,2,15,0,15,1878
7,55,1,1,0.5,0.1,0,0,0,0.5,0.1,0.4,46.7
8,55,1,17,7.8,2.1,0.3,0.3,0.3,7.5,1,6,794.2
66,27,1,1,0.3,0,0,0,0,0.3,0,0.3,38.5
13,74,1,3,1.2,0.3,0,0,0,1.2,0.1,0.8,125.9
50,10,1,1,0.4,0.1,0.1,0,0,0.4,0,0.3,40.2
16,10,0,40,20,9,0,8,4,12,6,14,1690
105,108,0,40,15,1,1,3,0,12,1,12,1674
37,10,1,10,3.1,0.3,0.4,0.5,0.3,2.6,0.3,2.2,317.1
2,55,1,19,7.3,1,0.4,0.2,0.2,7.1,0,7.1,858.1
3,55,1,15,5.8,0.8,0.3,0.2,0.2,5.6,0,5.6,677.4
11,55,1,1,0.5,0.1,0,0.1,0,0.4,0.1,0.4,48.8
55,7,1,2,0.7,0.2,0.1,0,0.1,0.7,0,0.6,80
7,10,1,4,1.7,0.5,0.2,0.1,0.2,1.6,0.5,1.3,185.7
99,108,1,17,6.2,0.9,0.3,0.3,0.5,5.9,0.6,5.8,853
100,108,1,15,5.5,0.8,0.3,0.3,0.5,5.2,0.6,5.1,752.6
107,108,0,123,66,33,2,42,12,24,15,7,4809
108,108,0,94,40,10,2,1,4,39,2,34,3852
51,75,1,4,1.7,0.4,0,0,0.5,1.7,0.4,1.2,143.4
109,108,1,16.5,6.4,2.1,0.4,1.3,0.4,5.1,0.4,3.4,774
54,20,0,41,13,2,2,0,1,13,1,11,1347
21,24,1,13,4.6,0.5,0.5,0,0.8,4.6,0,4.1,529.3
104,108,1,28,9.5,1.4,1.2,0.6,0.3,8.9,0.5,8.6,1181.1
4,75,1,2,0.8,0.2,0,0,0,0.8,0.1,0.5,83.9
78,72,1,1,0.4,0.1,0,0,0,0.4,0,0.4,49.1
0,38,0,35,15,4,1,4,1,11,1,14,1533
32,10,1,1,0.3,0.1,0.1,0,0,0.3,0.1,0.3,38.4
66,38,1,1,0.4,0.1,0,0,0,0.4,0,0.4,43.8
70,38,1,5,2,0.5,0.2,0.1,0.1,1.9,0,2,170.4
34,75,1,3,1.2,0.3,0,0,0.2,1.2,0.2,0.8,153.9
20,20,1,4,1.3,0.2,0.2,0,0.1,1.3,0.1,1.2,144.8
23,83,1,9,3.6,0.9,0.2,0,0.2,3.6,0.5,3.3,372.8
28,24,0,43,17,5,1,0,0,17,0,16,1774
101,108,1,5,1.8,0.3,0.1,0.1,0.2,1.7,0.2,1.7,250.9
42,75,1,1.5,0.6,0.1,0,0,0.1,0.6,0.1,0.4,77
22,83,1,5,2,0.5,0.1,0,0.1,2,0.3,1.8,207.1
33,17,1,17,6.7,1.3,0.3,1.1,0.3,5.6,0.2,5.8,730.5
81,72,0,239.5,125,59,4,112,20,13,25,39,8856
4,38,0,49,21,6,1,6,1,15,1,16,2088
64,38,1,18,7.5,2.2,0.4,0.5,0.6,7,0.6,7,789.2
5,55,1,7,3.2,0.9,0.1,0.1,0.1,3.1,0.4,2.5,327
79,72,0,36,13,1,1,0,0,13,0,12,1424
55,17,1,5,1.9,0.4,0.2,0.4,0.1,1.5,0,1.8,189.7
23,20,1,2,0.7,0.1,0.1,0,0,0.7,0,0.6,72.4
42,38,1,12,5.8,2.3,0.4,0.4,0.4,5.4,1.9,5,449.4
15,38,1,3,1.5,0.6,0.1,0.5,0.1,1,0.3,1.1,125.4
53,20,1,2,0.8,0.2,0,0.1,0.1,0.7,0.1,0.7,91.9
82,72,0,63,30,13,3,26,7,4,6,9,2076
21,83,1,13,5.2,1.2,0.3,0,0.3,5.2,0.7,4.8,538.5
46,17,1,4,1.6,0.3,0,0.2,0.2,1.4,0.1,1.4,183.8
94,83,1,1,0.4,0.1,0.1,0,0,0.4,0.1,0.3,38.4
20,24,1,18,6.3,0.7,0.7,0,1.2,6.3,0,5.6,732.8
3,38,0,60,27,8,3,11,1,16,2,19,2684
103,108,1,14,5.1,0.7,0.3,0.3,0.4,4.8,0.5,4.8,702.5
41,20,1,2,0.8,0.2,0.1,0.2,0.1,0.6,0.1,0.5,81.3
54,17,1,1,0.4,0.1,0,0.1,0,0.3,0,0.4,37.9
21,20,1,3,1,0.1,0.1,0,0.1,1,0.1,0.9,108.6
92,83,1,15,6.3,1.2,0,0.2,0.2,6.1,0.2,5.8,637.5
48,3,1,15,4.9,1.1,0.6,0,0.4,4.9,1.1,3.6,577.1
12,38,1,12,5.2,1.4,0.5,0.9,0.3,4.3,0.5,3.7,469.7
110,108,1,3,1.2,0.4,0.1,0.2,0.1,1,0.1,0.6,140.7
43,20,1,2,0.8,0.2,0.1,0.2,0.1,0.6,0.1,0.5,81.3
48,119,1,2,1.1,0.4,0.1,0,0,1.1,0.3,0.8,100.6
24,83,1,4,1.7,0.5,0.1,0.5,0.2,1.2,0.3,1.4,170.8
28,83,1,8,3.4,1,0.1,0.9,0.4,2.5,0.7,2.9,341.5
29,24,0,97,31,5,9,1,1,30,6,30,2948
11,38,0,66.5,30,11,4,16,10,14,4,4,2249
71,38,1,4,1.6,0.4,0.2,0.1,0.1,1.5,0,1.6,136.3
80,72,1,12,5,1,0.3,0,0.3,5,0.3,4.7,541
40,17,1,8,3.1,0.8,0.5,0.7,0.3,2.4,0.4,2.2,325.1
21,17,1,14.5,4.8,0.6,0.6,0,0.3,4.8,0.3,4.4,524.9
73,3,1,8,3.5,0.9,0.2,0,0.4,3.5,0.2,2.2,334.5
36,10,1,5,1.6,0.2,0.2,0.3,0.2,1.3,0.2,1.1,158.5
63,38,1,2,0.8,0.1,0,0.2,0.1,0.6,0,0.8,86.5
42,20,1,3,1.2,0.3,0.2,0.3,0.1,0.9,0.2,0.8,121.9
35,10,1,3,0.9,0.1,0.1,0.1,0.1,0.8,0.1,0.7,95.1
32,17,1,2,0.8,0.1,0,0.1,0,0.7,0,0.7,85.9
46,3,1,2,0.7,0.1,0.1,0,0.1,0.7,0.1,0.5,76.9
10,38,0,52.5,17,1,2,0,0,17,1,11,1932
19,10,1,5,2.3,0.9,0.1,0,0.1,2.3,0.1,2.2,177.8
59,17,1,3,1.2,0.3,0,0,0.1,1.2,0.2,1,147.3
13,17,1,5,1.7,0.1,0.1,0.1,0.1,1.6,0.3,1.3,170.6
5,38,0,37,15,3,1,2,2,13,0,12,1579
24,17,1,4,1.8,0.6,0,0.7,0.1,1.1,0.2,1.1,182.1
13,38,0,27,11,2,0,1,1,10,0,9,1100
52,17,1,4,1.6,0.3,0,0.2,0.2,1.4,0.1,1.4,183.8
45,3,1,5,1.6,0.4,0.2,0,0.1,1.6,0.4,1.2,192.4
6,38,0,96,58,35,2,55,7,3,7,40,3792
34,10,1,11,3.4,0.3,0.4,0.5,0.3,2.9,0.3,2.4,348.8
9,38,0,79,37,14,0,3,3,34,1,26,3291
44,3,1,18,5.9,1.3,0.8,0,0.5,5.9,1.3,4.4,692.5
18,10,1,4,1.9,0.9,0.1,0.3,0.1,1.6,0.3,1.1,186.4
61,17,1,16,6.2,1.5,0,0,0.5,6.2,1,5.2,785.5
22,10,1,8,3.6,1.4,0.2,0,0.2,3.6,0.2,3.4,284.6
14,38,0,36,11,2,2,1,1,10,0,10,1105
5,17,1,4,1.3,0.1,0.1,0.1,0.1,1.2,0.2,1,136.5
26,17,1,1,0.4,0.1,0,0.1,0,0.3,0.1,0.3,45.5
54,3,1,7,2.5,0.2,0.2,0,0,2.5,0.3,2.2,344.4
15,24,1,4,1.6,0.5,0.1,0.1,0.2,1.5,0.1,1.1,202.9
16,24,1,3,1.2,0.4,0.1,0.1,0.2,1.1,0.1,0.8,152.2
31,17,1,8,3.2,0.6,0.1,0.5,0.1,2.7,0.1,2.7,343.8
85,83,1,9,3.6,0.9,0.5,0.7,0.1,2.9,0.4,2.4,403.9
19,24,1,10,3.5,0.4,0.4,0,0.6,3.5,0,3.1,407.1
89,83,1,2,0.8,0.2,0,0,0,0.8,0,0.8,85
70,83,1,8,3.2,1.3,0.4,0.6,0.4,2.6,0.9,2.4,335.6
91,83,1,20,8.4,1.6,0,0.2,0.2,8.2,0.2,7.7,849.9
66,83,1,5,1.9,0.4,0.2,0,0.1,1.9,0.3,1.8,217.9
88,83,1,21,8.5,2.2,1.2,1.7,0.2,6.8,1,5.6,942.5
84,83,1,1,0.4,0.1,0.1,0.1,0,0.3,0,0.3,44.9
57,83,1,3,1.2,0.4,0.1,0.3,0.1,0.9,0.2,0.9,118.8
58,83,1,1,0.4,0.1,0,0.1,0,0.3,0.1,0.3,39.6
69,83,1,3,1.2,0.5,0.2,0.2,0.2,1,0.3,0.9,125.8
76,83,1,6,2.6,1.1,0.2,0.5,0.3,2.1,0.3,1.8,204.9
94,46,1,9,3.9,0.9,0,0.7,0.2,3.2,0.3,2.9,389.8
106,79,1,3,1.4,0.4,0.1,0.2,0.1,1.2,0.1,1.2,133.8
114,79,1,2,0.7,0.2,0.2,0.1,0,0.6,0,0.7,73.8
92,25,1,3,1.3,0.4,0.1,0.4,0.1,0.9,0.2,0.7,163.3
105,79,1,6,2.8,0.9,0.1,0.3,0.1,2.5,0.3,2.3,267.7
93,46,0,108,41,6,2,0,2,41,1,32,3961
94,36,1,3,1.3,0.5,0.2,0,0.1,1.3,0.1,1.2,156.4
107,79,1,2,0.9,0.3,0,0.1,0,0.8,0.1,0.8,89.2
87,25,1,2,0.7,0.1,0.1,0.1,0.1,0.6,0.2,0.6,68.1
82,46,1,5,1.8,0.4,0.2,0.2,0.1,1.6,0,1.2,177.5
125,124,1,2,0.7,0.1,0.1,0.2,0.1,0.5,0.1,0.4,73
115,79,1,3,1.1,0.2,0.2,0.1,0,1,0,1,110.7
117,79,1,5,1.8,0.4,0.4,0.2,0,1.6,0,1.7,184.5
90,36,1,4,1.4,0.1,0.1,0,0.1,1.4,0.2,1.2,151.6
116,124,1,25,8.8,2,2,2,0,6.8,1.4,6.1,939.9
95,36,1,6,2.6,1,0.4,0,0.1,2.6,0.2,2.3,312.8
88,25,1,10,3.7,0.6,0.3,0.8,0.5,2.9,0.8,2.8,340.3
89,17,1,20,7,0.5,0.9,0.9,0,6.1,1.4,6,783.7
87,17,0,135,43,4,7,0,6,43,6,22,3433
83,45,1,2,0.7,0.1,0.1,0.1,0,0.6,0,0.5,71
85,25,1,3,1.1,0.2,0.1,0.2,0.1,0.9,0.2,0.8,102.1
88,17,0,58,23,6,3,0,2,23,3,12,1938
86,17,0,77,33,8,1,4,1,29,2,26,3211
95,25,1,1,0.4,0.2,0.1,0,0,0.4,0,0.4,54.1
85,26,1,3,1.1,0.2,0.1,0.2,0.1,0.9,0.2,0.8,102.1
84,25,1,2,0.7,0.1,0.1,0.1,0.1,0.6,0.2,0.6,68.1
123,52,1,3,1.2,0.4,0.1,0,0.1,1.2,0.1,0.9,142.9
91,36,1,7,2.4,0.2,0.2,0,0.1,2.4,0.4,2.1,265.2
79,46,1,6,2.1,0.4,0.2,0.2,0.1,1.9,0,1.5,213
82,25,1,3,1.1,0.3,0.2,0.2,0,0.9,0.3,0.9,108.2
100,56,0,133.5,39,3,5,0,3,39,3,37,3988
88,8,1,3,1.5,0.4,0.1,0.4,0.1,1.1,0.1,1.2,181.8
96,36,1,7,3,1.2,0.4,0,0.2,3,0.3,2.7,364.9
85,17,1,4.5,2.2,0.5,0,0.3,0.3,1.9,0.2,2.1,243.6
122,36,1,3,1.1,0.1,0,0,0.1,1.1,0.2,1,143.2
96,26,1,3,1.2,0.5,0.2,0.1,0,1.1,0.1,1.1,162.3
101,83,1,2,0.8,0.2,0.1,0,0.1,0.8,0,0.8,95.6
102,83,1,8,3.4,0.7,0.2,0,0.2,3.4,0,3.2,382.5
84,8,1,2,1,0.3,0.1,0.3,0.1,0.7,0.1,0.8,121.2
101,18,1,2,0.9,0.3,0,0.2,0.1,0.7,0.1,0.7,106.2
121,36,1,7,2.6,0.2,0,0,0.2,2.6,0.5,2.3,334
127,54,1,4,1.6,0.3,0.1,0.1,0.1,1.5,0.1,1.4,193.1
85,10,1,2,1,0.3,0.1,0.3,0.1,0.7,0.1,0.8,121.2
97,65,1,4,1.5,0.3,0.1,0.2,0.2,1.3,0.2,1.2,143.9
119,79,1,4,1.5,0.1,0.1,0,0.5,1.5,0.2,1.4,163.8
121,100,1,2,0.9,0.3,0.1,0.3,0.1,0.6,0.1,0.7,84.9
122,100,1,6,2.7,0.9,0.3,0.9,0.2,1.8,0.3,2.1,254.8
105,17,1,7,2.7,0.6,0.3,0.3,0.2,2.4,0.3,2,370.9
106,17,1,10,3.8,0.9,0.5,0.3,0.2,3.5,0.5,2.9,529.9
78,36,1,8,4.9,3.6,0.4,2.7,0,2.2,0.4,0.9,375.6
81,36,1,5,1.6,0.1,0.1,0.3,0.1,1.3,0.3,1.2,145.4
84,36,1,2,0.8,0.3,0.1,0.1,0,0.7,0.1,0.8,96.5
96,11,1,4,1.4,0.2,0.1,0.3,0.1,1.1,0.1,1,172.5
123,56,1,24,9.8,3.6,0.9,0,0.9,9.8,0.9,7.1,1143.1
110,3,1,4,1.9,0.8,0.1,0,0.3,1.9,0.4,1.4,246.5
85,45,1,5,2.1,0.4,0,0.2,0.1,1.9,0.3,1.5,219.7
97,10,1,2,0.7,0.1,0.1,0.1,0.1,0.6,0,0.5,86.2
120,90,1,2,0.8,0.2,0,0.2,0,0.6,0,0.7,108.3
83,46,1,4,1.4,0.3,0.1,0.1,0.1,1.3,0,1,142
90,46,1,2,0.7,0.1,0.1,0,0,0.7,0,0.6,68.3
109,3,1,5,2.3,1,0.1,0,0.3,2.3,0.5,1.8,308.1
123,90,1,4,1.7,0.5,0.1,0.5,0.1,1.2,0,1.5,216.6
117,76,1,4,1.5,0.4,0.2,0,0.1,1.5,0.1,1.4,157.6
113,47,1,6,2.6,0.5,0.1,0.2,0.3,2.4,0.3,1.8,279.8
122,76,1,8,3,0.2,0.2,0,1,3,0.5,2.7,327.7
82,26,1,3,1.1,0.3,0.2,0.2,0,0.9,0.3,0.9,108.2
95,10,1,4,1.4,0.2,0.1,0.3,0.1,1.1,0.1,1,172.5
104,17,1,4,1.5,0.4,0.2,0.1,0.1,1.4,0.2,1.1,212
84,10,1,1,0.5,0.1,0,0.1,0,0.4,0,0.4,60.6
127,90,0,96,36,6,1,8,8,28,3,18,3648
112,76,1,12,5.2,1.4,0.2,0.6,0.2,4.6,1.4,3.9,496.3
114,76,1,12,4.6,1.3,0.6,0.1,0.4,4.5,0.4,4.2,472.7
102,62,1,15,5.9,2.3,0.9,2,0.2,3.9,0.2,3,550.9
86,45,1,3,1.2,0.3,0,0.1,0.1,1.1,0.2,0.9,131.8
95,17,1,2.5,1.1,0.3,0,0.2,0.1,0.9,0.1,0.9,132.8
99,18,1,1,0.4,0.1,0,0.1,0,0.3,0,0.4,53.1
103,18,1,1,0.4,0.1,0,0.1,0,0.3,0,0.4,53.1
125,86,0,30,11,1,1,0,2,11,0,10,1262
124,115,0,121,50,10,5,5,4,45,1,46,5010
121,4,1,3,1.4,0.6,0.1,0,0.2,1.4,0.3,1.1,184.9
125,4,1,2,0.6,0.1,0.1,0.1,0.1,0.5,0.1,0.5,66.8
82,62,1,3,1.2,0.2,0,0,0.1,1.2,0.2,1,117.2
98,17,1,3,1.4,0.4,0,0.3,0.2,1.1,0.2,1.1,159.3
96,65,1,3,1.1,0.2,0.1,0.1,0.1,1,0.2,0.9,108
97,11,1,17,6.2,0.9,0.6,1.2,0.6,5,0.3,4.4,733.1
98,11,1,5,1.8,0.3,0.2,0.3,0.2,1.5,0.1,1.3,215.6
109,17,1,5,1.8,0.3,0.1,0.3,0.3,1.5,0.4,1.7,201
105,18,1,9,3.4,0.8,0.4,0.3,0.2,3.1,0.4,2.6,476.9
79,62,1,2,0.8,0.1,0,0,0.1,0.8,0.1,0.7,78.1
84,62,1,8,2.9,0.3,0.3,0.2,0.2,2.7,0.3,2.4,304.8
111,62,0,37,13,2,1,0,1,13,1,13,1255
108,17,1,4,1.5,0.4,0.2,0.1,0.1,1.4,0.2,1.1,212
106,18,1,4,1.5,0.4,0.2,0.1,0.1,1.4,0.2,1.1,212
119,18,1,2,1,0.4,0.1,0.1,0,0.9,0.1,0.7,140.5
98,58,1,7,2.7,0.5,0.3,0.3,0.1,2.4,0.2,2,285.1
89,46,1,7,2.4,0.4,0.4,0.1,0.1,2.3,0,2.1,239.1
100,85,1,3,1.3,0.3,0.1,0,0.1,1.3,0,1.2,143.5
78,41,1,3,1.5,0.3,0,0.2,0.2,1.3,0.2,1.1,156.6
83,17,1,1,0.3,0,0.1,0.1,0,0.2,0,0.2,32.3
99,39,1,3.5,1.2,0,0,0.1,0,1.1,0.1,1.1,161.4
109,87,1,7,2.7,0.7,0.2,0.1,0.1,2.6,0.1,2.4,331.6
107,17,1,10,3.8,0.9,0.5,0.3,0.2,3.5,0.5,2.9,529.9
127,115,1,19,7.2,1.6,0.4,0.9,0.9,6.3,0.4,6.5,807.4
99,56,1,37,10.1,1.1,3.4,0.4,0,9.7,2.6,8.2,1081.2
124,56,1,3,1.2,0.2,0.1,0.1,0.1,1.1,0.1,1,144.8
80,41,1,1,0.4,0.1,0,0,0,0.4,0,0.4,52.7
82,24,1,1,0.4,0.1,0,0.1,0,0.3,0.1,0.3,36
125,35,1,3,1.4,0.3,0.1,0,0.2,1.4,0.2,1.2,177.3
87,26,1,8,3,0.5,0.2,0.6,0.4,2.4,0.6,2.2,272.2
97,26,1,5,1.9,0.8,0.3,0.1,0,1.8,0.2,1.8,270.5
103,26,1,7,3.5,0.9,0,0,0.7,3.5,0.9,2.4,417.4
94,45,1,7,3,0.7,0,0.5,0.2,2.5,0.2,2.3,303.2
96,39,1,9,3.4,0.4,0.2,0,0.1,3.4,0.2,3.3,422.1
122,111,0,74,28,6,3,5,4,23,3,23,2882
108,9,1,3,1.4,0.6,0.1,0,0.2,1.4,0.3,1.1,184.9
126,115,0,55.5,19,2,2,0,2,19,2,19,2030
86,64,1,4,1.4,0.2,0.2,0.1,0.1,1.3,0.2,1.2,152.4
87,64,1,8,2.9,0.3,0.3,0.2,0.2,2.7,0.3,2.4,304.8
101,87,1,2,0.7,0.2,0.1,0,0,0.7,0.2,0.6,76.8
120,117,1,11,4.3,1.2,0.5,0.3,0.4,4,0.4,3.1,398.6
108,47,1,2,0.9,0.2,0,0.1,0.1,0.8,0.1,0.6,93.3
111,47,1,2,0.9,0.2,0,0.1,0.1,0.8,0.1,0.6,93.3
123,117,1,20,7.8,2.1,0.9,0.5,0.7,7.3,0.7,5.6,724.7
121,111,0,193.5,76,23,12,58,16,18,24,5,5211
76,52,1,2,0.8,0.2,0.1,0,0.1,0.8,0.1,0.8,95.8
126,105,1,16,5,0.4,0.8,0.2,0.2,4.8,0.4,4.1,564.9
104,62,1,15,5,1.5,0.8,0.8,0.8,4.2,0.8,3.7,591.3
112,62,0,41,13,2,3,0,0,13,0,13,1700
110,62,1,9.5,3.2,0.6,0.3,0.5,0.6,2.7,0.6,2.6,362
95,45,0,57,18,3,4,11,2,7,1,5,1673
97,45,0,223,115,59,6,44,9,71,28,52,8513
96,45,0,440,210,92,13,134,30,76,48,75,14090
96,33,1,2,0.9,0.3,0.1,0,0,0.9,0.1,0.8,104.3
123,118,1,5,1.9,0.5,0.2,0.1,0.2,1.8,0.2,1.4,181.2
122,50,1,2,0.8,0.2,0.1,0,0,0.8,0.1,0.7,77.8
125,115,0,213.5,74,16,11,25,15,49,17,32,6026
123,100,1,3,1.3,0.5,0.1,0.4,0.1,0.9,0.2,1,127.4
86,27,1,5,2,0.4,0.2,0,0.4,2,0,1.9,255
92,3,1,6,2.4,0.4,0.2,0.3,0.6,2.1,0.4,1.3,324.9
79,41,1,3,1.2,0.3,0.1,0,0.1,1.2,0.1,1.2,158.1
104,18,1,24,9.1,2.2,1.1,0.8,0.6,8.3,1.1,6.9,1271.7
92,65,1,1,0.4,0.1,0,0.1,0,0.3,0.1,0.4,40.6
121,65,1,9,3.7,1.1,0,0.9,0.3,2.8,0.6,2.8,390.1
113,17,1,1,0.4,0.1,0,0.1,0.1,0.3,0.1,0.3,40.2
107,18,1,5,1.9,0.5,0.2,0.2,0.1,1.7,0.2,1.4,264.9
87,58,1,4,1.7,0.5,0.1,0.4,0.1,1.3,0.1,1.2,179.9
106,90,1,3,1.1,0.1,0.1,0,0,1.1,0,1.1,134.3
114,62,1,1,0.4,0.1,0,0,0,0.4,0,0.3,43.3
101,45,1,15,5.8,1.1,0.1,0.1,0.5,5.7,0.6,5,695.6
105,76,1,1,0.4,0.1,0.1,0.1,0,0.3,0,0.3,38.6
77,41,1,9,4.5,1,0,0.5,0.5,4,0.8,3.2,469.8
126,87,1,9,3.8,1.1,0.2,0.2,0.2,3.6,0,3.6,528.7
124,118,1,5,2,0.4,0.2,0.1,0.2,1.9,0.4,1.6,198.8
126,90,1,23,9.8,2.8,0.6,0.6,0.6,9.2,0,9.3,1351.1
83,26,1,4,1.5,0.4,0.2,0.3,0,1.2,0.4,1.2,144.2
88,26,1,10,3.7,0.6,0.3,0.8,0.5,2.9,0.8,2.8,340.3
89,26,1,4,1.8,0.6,0.1,0.6,0.1,1.2,0.3,0.9,217.8
82,40,1,5,2.1,0.5,0.2,0,0.1,2.1,0.2,2,263.4
90,40,1,2,0.7,0.1,0.1,0.1,0,0.6,0,0.5,74.4
95,33,1,5,2.2,0.8,0.3,0,0.1,2.2,0.2,1.9,260.7
108,54,1,4,1.7,0.5,0,0.9,0.4,0.8,0.4,0.5,152.9
90,64,1,2,0.8,0.3,0.1,0.1,0,0.7,0.1,0.7,81.3
92,64,1,1,0.4,0.1,0,0.1,0,0.3,0.1,0.4,40.6
80,27,1,4,1.5,0.4,0.2,0.3,0,1.2,0.4,1.2,144.2
108,87,1,5,1.9,0.2,0.2,0,0,1.9,0,1.9,223.9
100,18,1,4,1.8,0.5,0,0.3,0.2,1.5,0.2,1.5,212.4
126,89,1,20,8.5,2.4,0.5,0.5,0.5,8,0,8,1174.9
127,89,0,61,23,2,2,1,4,22,3,19,2466
96,57,1,3,1.2,0.2,0.1,0.2,0,1,0.1,0.9,122.2
125,105,1,17,5.3,0.4,0.9,0.2,0.2,5.1,0.4,4.4,600.2
73,45,1,7,2.7,1,0.3,1.3,0.4,1.4,0.7,1.2,235.9
74,45,1,4,1.7,0.7,0,0,0,1.7,0.3,1.6,204.5
76,45,1,7,3,1.2,0,0,0,3,0.5,2.8,357.9
79,45,1,1,0.4,0.1,0,0.1,0,0.3,0,0.2,35.5
80,45,1,4,1.4,0.3,0.1,0.1,0.1,1.3,0,1,142
84,45,1,3,1.2,0.3,0,0.1,0.1,1.1,0.2,0.9,131.8
102,45,1,17,6.6,1.2,0.1,0.1,0.5,6.5,0.7,5.7,788.3
103,45,1,2,0.8,0.1,0,0,0.1,0.8,0.1,0.7,92.7
94,49,1,14,4.8,0.8,0.5,0.4,0.4,4.4,1.3,3.9,511.6
92,30,1,8,2.6,0.3,0.4,0.4,0.2,2.2,0.4,2.2,287.5
94,27,1,2,0.9,0.1,0,0.2,0,0.7,0,0.7,100.7
101,27,1,7,3.3,1.2,0.2,0.7,0.7,2.6,0.5,1.6,352.8
114,87,1,2,0.7,0.1,0,0,0.1,0.7,0.2,0.3,90.1
124,50,1,1,0.4,0.1,0,0,0,0.4,0,0.3,40.6
125,50,1,1,0.4,0.1,0,0,0,0.4,0,0.3,40.6
91,65,1,2,0.8,0.3,0.1,0.1,0,0.7,0.1,0.7,81.3
83,39,1,2,0.8,0.2,0.1,0,0,0.8,0.1,0.8,105.4
85,39,1,2,0.9,0.2,0,0,0.1,0.9,0.1,0.9,108.4
90,39,1,1,0.3,0,0.1,0,0,0.3,0,0.2,37.2
127,87,0,45,21,5,1,2,1,19,0,20,2717
118,18,1,2,1,0.4,0.1,0.1,0,0.9,0.1,0.7,140.5
120,18,1,2,1,0.4,0.1,0.1,0,0.9,0.1,0.7,140.5
123,18,1,1,0.5,0.2,0,0.1,0,0.4,0.1,0.4,70.3
91,68,1,3,1.2,0.3,0.1,0,0.1,1.2,0.3,0.9,111.6
94,68,1,6,2.5,0.5,0.2,0,0.2,2.5,0.3,2.3,279
96,68,1,2,0.8,0.2,0.1,0,0.1,0.8,0.1,0.8,93
126,125,1,13,4.4,1,0.8,1.2,0.6,3.2,0.7,2.8,474.7
127,125,1,2,0.7,0.1,0.1,0.2,0.1,0.5,0.1,0.4,73
115,62,1,25,9.6,2.7,0.9,0.6,0.6,9,0.6,6.6,1083.4
93,33,1,8,2.8,0.3,0.3,0.1,0.1,2.7,0.4,2.4,303.1
85,18,0,36,15,2,0,0,1,15,0,12,1550
92,49,1,9,4.3,1.3,0.2,1,0.3,3.3,0.7,2.6,389.6
76,41,1,7,3.5,0.8,0,0.4,0.4,3.1,0.6,2.5,365.4
115,46,1,4,1.2,0,0.1,0,0.1,1.2,0.2,1,160.8
125,87,1,2,0.9,0.2,0,0.1,0,0.8,0,0.8,117.5
84,35,1,5,2.1,0.7,0.2,0.3,0.1,1.8,0.2,1.9,241.2
124,101,1,2,0.7,0.2,0.2,0.1,0.1,0.6,0.1,0.5,79.2
112,55,1,3,0.9,0.1,0.1,0,0,0.9,0.1,0.9,111.4
121,35,1,2,0.7,0,0,0,0,0.7,0.1,0.7,95.4
98,56,1,1,0.4,0.1,0,0,0,0.4,0,0.4,48.5
124,117,1,17,6.9,1.5,0.7,0.3,0.7,6.6,1.5,5.5,676
98,26,1,5,1.9,0.8,0.3,0.1,0,1.8,0.2,1.8,270.5
102,26,1,3,1.5,0.4,0,0,0.3,1.5,0.4,1,178.9
112,26,1,3,1.5,0.6,0.1,0.2,0,1.3,0.2,1.1,210.8
83,40,1,2,0.8,0.2,0.1,0,0,0.8,0.1,0.8,105.4
94,33,1,1,0.4,0.2,0.1,0,0,0.4,0,0.4,52.1
87,30,1,1,0.4,0.1,0,0,0.1,0.4,0,0.4,51
90,30,1,2,0.6,0.1,0.1,0.1,0.1,0.5,0.1,0.6,71.9
109,54,1,6,1.9,0.2,0.2,0,0.1,1.9,0.2,1.8,222.9
125,54,1,2,0.8,0.1,0.1,0.1,0,0.7,0,0.7,96.5
93,64,1,6,2.5,0.8,0.2,0.4,0.1,2.1,0.4,2.1,243.9
94,64,1,5,1.8,0.4,0.1,0.2,0.2,1.6,0.3,1.4,179.9
95,64,1,4,1.5,0.3,0.1,0.2,0.2,1.3,0.2,1.2,143.9
91,3,1,2,0.8,0.2,0,0.1,0.2,0.7,0.2,0.4,108.3
97,27,1,5,2.2,0.3,0,0.4,0.1,1.8,0.1,1.8,251.8
100,27,1,5,2.4,0.9,0.1,0.5,0.5,1.9,0.4,1.1,252
120,118,1,5,1.9,0.5,0.2,0.1,0.2,1.8,0.2,1.4,181.2
121,118,1,12,4.7,1.3,0.6,0.3,0.4,4.4,0.4,3.4,434.8
103,86,1,1,0.4,0.1,0,0,0,0.4,0,0.4,47.8
107,86,1,5,1.8,0.5,0.3,0.4,0.2,1.4,0.1,1.5,280.5
115,89,1,4,1.5,0.3,0.1,0.1,0.3,1.4,0.5,0.7,180.1
116,89,1,1,0.4,0.1,0,0,0.1,0.4,0.1,0.2,45
122,89,1,1,0.4,0.1,0,0.1,0,0.3,0,0.4,54.1
123,89,1,2,0.8,0.2,0,0.2,0,0.6,0,0.7,108.3
82,47,1,4,1.5,0.4,0.3,0.4,0.1,1.1,0.2,1,151.9
86,47,1,3,1.1,0.4,0.1,0.2,0,0.9,0.2,0.9,117.4
86,57,1,1,0.4,0.1,0,0.1,0,0.3,0,0.3,45
92,57,1,4,1.5,0.2,0,0.3,0.2,1.2,0.2,1.1,122.2
94,57,1,9,3.5,0.7,0.4,0.5,0.1,3,0.2,2.6,366.5
97,47,1,28,9.5,1.5,1,0.8,0.8,8.7,2.6,7.7,1023.2
98,47,1,15,5.1,0.8,0.5,0.4,0.4,4.7,1.4,4.1,548.1
99,47,1,21,8.8,2.2,0.4,0.6,0.4,8.2,1.6,6.8,912.4
100,47,0,80,27,3,2,9,5,18,1,16,2303
101,47,0,144.5,51,11,8,20,9,31,4,29,4255
103,47,0,50.5,16,1,1,0,1,16,4,14,1499
127,47,1,6,2.3,0.6,0.3,0,0.3,2.3,0.3,2.1,243.7
102,78,1,3,1.2,0.1,0,0,0,1.2,0.1,1,143
77,52,1,2,0.8,0.2,0.1,0,0.1,0.8,0.1,0.8,95.8
87,62,1,20,7.2,0.8,0.8,0.6,0.5,6.6,0.8,6.1,762.1
89,62,1,1,0.4,0.1,0,0.1,0,0.3,0.1,0.4,40.6
90,62,1,5,2.1,0.7,0.2,0.3,0.1,1.8,0.3,1.8,203.2
91,62,1,1,0.4,0.1,0,0.1,0,0.3,0.1,0.4,40.6
92,62,1,5,2.1,0.7,0.2,0.3,0.1,1.8,0.3,1.8,203.2
95,62,1,6,2.2,0.5,0.2,0.2,0.2,2,0.3,1.7,215.9
96,62,1,8,3,0.7,0.2,0.3,0.3,2.7,0.4,2.3,287.9
97,62,1,13,4.8,1.1,0.4,0.5,0.5,4.3,0.7,3.7,467.8
99,62,1,7,2.8,1.1,0.4,1,0.1,1.8,0.1,1.4,257.1
100,62,1,2,0.8,0.3,0.1,0.3,0,0.5,0,0.4,73.5
101,62,1,14,5.5,2.1,0.8,1.9,0.2,3.6,0.2,2.8,514.2
82,45,1,6,2.1,0.4,0.2,0.2,0.1,1.9,0,1.5,213
108,62,1,9,3,0.9,0.5,0.5,0.5,2.5,0.5,2.2,354.8
92,45,0,72.5,27,4,1,3,2,24,4,22,2525
93,45,1,30,10.4,1.9,1.9,0.4,0.4,10,0,8.9,1024.8
100,45,1,20,7.8,1.4,0.2,0.2,0.6,7.6,0.8,6.7,927.5
120,100,1,13,5.8,2.1,0.6,1.9,0.4,3.9,0.7,4.5,552
79,27,1,2,0.7,0.2,0.1,0.1,0,0.6,0.2,0.6,72.1
95,27,1,2,0.9,0.1,0,0.2,0,0.7,0,0.7,100.7
121,87,1,3,1.2,0.4,0.1,0.3,0.1,0.9,0,1.1,162.4
91,4,1,1,0.4,0.1,0,0,0.1,0.4,0.1,0.2,54.2
119,111,0,39.5,19,4,0,3,1,16,0,16,1729
120,111,0,66.5,21,1,6,4,4,17,3,6,1807
86,18,0,26,11,1,1,0,0,11,0,11,992
87,18,0,123,51,13,5,0,8,51,7,27,4416
98,18,1,2,0.9,0.3,0,0.2,0.1,0.7,0.1,0.7,106.2
126,48,1,1,0.4,0.1,0,0,0,0.4,0,0.3,40.6
127,48,1,4,1.6,0.4,0.2,0,0.2,1.6,0.2,1.4,162.5
91,45,0,39,12,1,1,0,0,12,0,11,1374
80,30,1,4,1.5,0.4,0.2,0.3,0,1.2,0.4,1.2,144.2
96,27,1,5,2.2,0.3,0,0.4,0.1,1.8,0.1,1.8,251.8
79,35,1,8,2.6,0.2,0.2,0.4,0.2,2.2,0.4,1.9,232.6
82,35,1,2,0.6,0.1,0.1,0.1,0.1,0.5,0.1,0.5,58.2
120,35,1,8,3,0.2,0,0,0.2,3,0.6,2.6,381.8
86,66,1,4,1.4,0.2,0.2,0.1,0.1,1.3,0.2,1.2,152.4
86,21,0,56.5,27,6,0,11,3,16,2,16,2516
91,26,1,1,0.4,0.1,0,0.1,0,0.3,0.1,0.2,54.4
104,26,1,3,1.5,0.6,0.1,0.2,0,1.3,0.2,1.1,210.8
85,40,1,4,1.9,0.5,0,0.1,0.1,1.8,0.1,1.8,216.9
120,40,1,2,0.8,0.1,0.1,0.1,0.1,0.7,0,0.7,96
95,49,1,32,10.9,1.7,1.1,0.9,0.9,10,3,8.8,1169.4
96,49,0,50,14,0,2,0,1,14,2,12,1299
126,54,1,2,0.8,0.1,0.1,0.1,0,0.7,0,0.7,96.5
106,94,1,2,0.9,0.2,0,0.1,0.1,0.8,0.1,0.6,83.9
110,94,1,1,0.3,0,0,0,0,0.3,0,0.3,44.6
81,47,1,5,1.8,0.5,0.4,0.5,0.1,1.3,0.3,1.3,189.8
125,89,1,16,6.8,2,0.4,0.4,0.4,6.4,0,6.4,939.9
90,47,1,4,1.9,0.6,0.1,0.4,0.1,1.5,0.3,1.2,173.2
88,57,1,3,1.2,0.3,0,0.3,0.1,0.9,0.1,0.9,134.9
91,57,1,6,2.3,0.3,0,0.5,0.2,1.8,0.2,1.6,183.2
102,47,0,34,13,2,0,0,0,13,1,9,1375
113,78,1,7,2.5,0.6,0.5,0.3,0,2.2,0,2.2,270
79,52,1,4,1.5,0.4,0.1,0,0.1,1.5,0.1,1.1,156.6
80,52,1,9,3.4,0.9,0.3,0.1,0.1,3.3,0.3,2.5,352.2
89,8,1,3,1.1,0.1,0.2,0.1,0.1,1,0.2,0.9,126.7
118,105,1,22,8.3,2,1.3,2.3,1.7,6,1.3,5.7,671
120,105,0,41.5,16,3,1,0,0,16,1,16,1588
99,45,1,18,7,1.3,0.1,0.1,0.6,6.9,0.7,6,834.7
91,40,1,3,1,0.1,0.2,0.1,0.1,0.9,0.1,0.8,111.6
89,27,1,14,4.5,0.5,0.7,0.6,0.4,3.9,0.6,3.9,503.1
82,41,1,4,1.7,0.4,0.2,0,0.1,1.7,0.2,1.6,210.8
84,41,1,4,1.9,0.5,0,0.1,0.1,1.8,0.1,1.8,216.9
96,50,1,17,5.8,0.9,0.6,0.5,0.5,5.3,1.6,4.7,621.2
97,50,1,2,0.7,0.1,0.1,0.1,0.1,0.6,0.2,0.6,73.1
87,65,1,12.5,4.5,0.5,0.5,0.3,0.3,4.2,0.5,3.8,476.3
90,65,1,3,1.3,0.4,0.1,0.2,0,1.1,0.2,1.1,121.9
101,65,1,3,1.2,0.5,0.2,0.4,0,0.8,0,0.6,110.2
106,65,1,16,5.4,1.7,0.8,0.8,0.8,4.6,0.8,3.9,630.7
119,76,1,4,1.5,0.1,0.1,0,0.5,1.5,0.2,1.4,163.8
89,58,1,11,4.2,0.6,0,0.8,0.4,3.4,0.4,3,335.9
90,58,1,6,2.3,0.3,0,0.5,0.2,1.8,0.2,1.6,183.2
97,58,1,4,1.6,0.3,0.2,0.2,0.1,1.4,0.1,1.1,162.9
107,90,1,6,2.2,0.2,0.2,0,0,2.2,0,2.2,268.6
108,90,1,3,1.1,0.1,0.1,0,0,1.1,0,1.1,134.3
109,90,1,7,2.7,0.7,0.2,0.1,0.1,2.6,0.1,2.4,331.6
111,90,1,6,2.3,0.6,0.2,0.1,0.1,2.2,0.1,2,284.2
112,90,1,1,0.4,0.1,0,0,0,0.4,0,0.3,47.4
116,90,1,23,8.6,1.6,0.4,0.8,1.6,7.8,2.7,3.9,1035.8
118,90,1,3,1.1,0.2,0.1,0.1,0.2,1,0.4,0.5,135.1
119,90,1,5,2.1,0.6,0.1,0.6,0.1,1.5,0,1.8,270.7
104,58,0,66,44,31,0,41,2,3,6,23,2752
83,48,1,13,4.7,1.2,0.9,1.3,0.3,3.4,0.7,3.4,493.6
94,40,1,4,1.5,0.2,0.1,0,0.1,1.5,0.1,1.5,187.6
94,30,1,7,3.1,0.4,0,0.5,0.1,2.6,0.1,2.5,352.5
120,30,1,1,0.4,0.1,0,0,0,0.4,0,0.2,39.1
127,30,1,4,1.6,0.2,0,0.1,0,1.5,0,1.3,204.2
85,46,1,5,2.1,0.4,0,0.2,0.1,1.9,0.3,1.5,219.7
113,46,1,2,0.9,0.2,0,0.1,0.1,0.8,0.1,0.6,93.3
93,66,1,3,1.3,0.4,0.1,0.2,0,1.1,0.2,1.1,121.9
103,66,1,4,1.6,0.6,0.2,0.6,0.1,1,0.1,0.8,146.9
104,66,1,1.5,0.5,0.2,0.1,0.1,0.1,0.4,0.1,0.4,59.1
111,66,1,1,0.3,0.1,0,0,0.1,0.3,0.1,0.3,38.1
94,51,1,13,4.4,0.7,0.4,0.4,0.4,4,1.2,3.6,475.1
98,51,1,2,0.7,0.1,0.1,0.1,0.1,0.6,0.2,0.6,73.1
81,26,1,2,0.7,0.2,0.1,0.1,0,0.6,0.2,0.6,72.1
99,26,1,2,1,0.3,0,0,0.2,1,0.3,0.7,119.3
95,40,1,24,9,1,0.6,0,0.3,9,0.6,8.8,1125.7
113,19,1,5,1.8,0.3,0.1,0.3,0.3,1.5,0.4,1.7,201
91,49,1,4,1.9,0.6,0.1,0.4,0.1,1.5,0.3,1.2,173.2
93,30,1,3,1,0.1,0.2,0.2,0.1,0.8,0.1,0.8,107.8
107,94,1,10,4.4,1.1,0,0.6,0.7,3.8,0.4,3.2,419.4
109,94,1,6,2.1,0.2,0.1,0,0,2.1,0,1.8,267.8
109,89,0,36,12,3,1,1,0,11,0,12,1322
111,89,1,9,3.5,0.9,0.3,0.2,0.1,3.3,0.1,3,426.3
108,89,1,2,0.8,0.1,0.1,0,0,0.8,0,0.8,89.5
77,47,1,7,2.7,0.9,0.3,0.4,0.4,2.3,0.7,2.3,338.4
92,47,0,60.5,25,6,1,0,4,25,1,23,2309
93,47,0,62,21,3,3,0,1,21,2,20,1872
112,78,1,4.5,1.6,0.4,0.3,0.2,0,1.4,0,1.4,173.5
116,78,1,6,2.1,0.5,0.5,0.2,0,1.9,0,2,221.4
100,52,1,9,2.5,0.3,0.8,0.1,0,2.4,0.6,2,263
118,52,1,2,0.7,0.1,0.1,0,0.1,0.7,0,0.4,84.1
124,52,1,5,2,0.4,0.1,0.2,0.1,1.8,0.1,1.7,241.4
126,52,1,14,5.6,1,0.4,0.5,0.3,5.1,0.3,4.8,675.8
117,62,1,1,0.4,0.1,0,0,0,0.4,0,0.3,43.3
98,45,0,53,26,10,0,24,2,2,1,11,2352
104,45,1,1,0.4,0.1,0,0,0,0.4,0,0.3,46.6
100,16,1,17,8.1,3.3,0.3,1.8,0.9,6.3,1.5,6.3,1043.5
99,33,1,9,3.1,0,0,0.4,0,2.7,0.2,2.7,415.1
112,19,1,3,1.1,0.2,0.1,0.2,0.2,0.9,0.2,1,120.6
117,100,1,2,0.7,0.2,0.1,0.1,0,0.6,0,0.7,76.3
119,100,1,6,2.7,0.9,0.3,0.9,0.2,1.8,0.3,2.1,254.8
92,27,1,4,1.3,0.2,0.2,0.2,0.1,1.1,0.2,1.1,143.7
93,27,1,2,0.6,0.1,0.1,0.1,0.1,0.5,0.1,0.6,71.9
118,27,1,2,0.8,0.1,0,0.1,0.1,0.7,0,0.4,78.1
123,27,1,4,1.6,0.3,0.1,0.1,0.2,1.5,0.1,0.9,156.3
124,27,1,5,2,0.3,0,0.2,0,1.8,0,1.7,255.3
102,50,0,26,14,5,0,0,1,14,0,13,1405
86,65,1,1,0.4,0,0,0,0,0.4,0,0.3,38.1
115,55,1,4,1.5,0.3,0.1,0,0.1,1.5,0,0.8,168.3
124,55,1,2,0.8,0.1,0.1,0.1,0,0.7,0,0.7,96.5
103,76,1,6,2.4,0.3,0.1,0,0.1,2.4,0.3,2,286
104,76,1,4,1.4,0.4,0.3,0.1,0,1.3,0,1.3,154.3
84,11,1,8,4,1.1,0.3,1.1,0.3,2.9,0.3,3.1,484.9
85,11,1,1,0.5,0.1,0,0.1,0,0.4,0,0.4,60.6
86,11,1,4,2,0.6,0.1,0.6,0.1,1.4,0.1,1.6,242.4
88,11,1,2,1,0.3,0.1,0.3,0.1,0.7,0.1,0.8,121.2
90,11,1,3,1.1,0.1,0.2,0.1,0.1,1,0.2,0.9,126.7
93,11,1,2,0.7,0,0.1,0,0,0.7,0.1,0.6,84.5
91,39,0,79,34,6,3,0,3,34,4,29,2917
97,39,1,2,0.7,0.1,0,0,0,0.7,0,0.7,93.8
83,18,1,59.5,20,2.3,3.1,10,1.5,10,0,14.6,1923.2
84,18,0,145,46,5,10,0,7,46,8,28,4379
95,18,1,4,1.8,0.5,0,0.3,0.2,1.5,0.2,1.5,212.4
88,68,1,2,0.6,0.3,0.2,0,0,0.6,0.1,0.5,67.2
90,68,1,1,0.4,0.1,0,0,0,0.4,0.1,0.3,37.2
119,33,1,7,2.6,0.2,0,0,0.2,2.6,0.5,2.3,334
92,9,1,4,1.4,0.1,0.2,0.1,0.1,1.3,0.2,1.2,168.9
126,30,1,1,0.4,0.1,0,0,0,0.4,0,0.3,51.1
87,46,1,1,0.4,0.1,0,0,0,0.4,0.1,0.3,43.9
95,35,1,5,2.2,0.8,0.3,0,0.1,2.2,0.2,1.9,260.7
96,35,1,4,1.7,0.7,0.2,0,0.1,1.7,0.1,1.5,208.5
98,35,1,5,2.2,0.8,0.3,0,0.1,2.2,0.2,1.9,260.7
126,88,1,10,4.3,1.2,0.2,0.3,0.2,4,0,4,587.4
127,88,0,49.5,20,3,2,2,0,18,0,19,2454
89,66,1,7,2.9,0.9,0.3,0.4,0.1,2.5,0.5,2.5,284.5
90,66,1,8,3.4,1.1,0.3,0.5,0.1,2.9,0.5,2.8,325.2
109,66,1,24,8,1.4,0.8,1.2,1.4,6.8,1.4,6.6,914.6
101,26,1,4,2,0.5,0,0,0.4,2,0.5,1.4,238.5
80,40,1,7,2.9,0.7,0.3,0,0.1,2.9,0.3,2.8,368.8
83,33,1,5,1.6,0.1,0.1,0.3,0.1,1.3,0.3,1.2,145.4
84,33,1,4,1.7,0.5,0.2,0.2,0.1,1.5,0.2,1.5,192.9
88,40,1,6,2.8,0.8,0,0.2,0.2,2.6,0.2,2.6,325.3
89,33,1,5,1.7,0.2,0.2,0,0.1,1.7,0.2,1.5,189.4
91,33,1,10,3.4,0.3,0.3,0,0.2,3.4,0.5,3,378.9
97,33,1,5,2.2,0.8,0.3,0,0.1,2.2,0.2,1.9,260.7
98,33,1,1,0.4,0.2,0.1,0,0,0.4,0,0.4,52.1
88,49,1,5,1.9,0.6,0.2,0.4,0,1.5,0.4,1.5,195.6
89,49,1,1,0.5,0.1,0,0.1,0,0.4,0.1,0.3,43.3
110,83,1,2,0.7,0.2,0.1,0.1,0,0.6,0,0.6,67.8
112,83,1,10,3.5,0.8,0.5,0.5,0.2,3,0.2,2.8,338.8
118,83,1,5,2.2,1.1,0.2,0.3,0.2,1.9,1,0.8,321.1
121,83,0,19,16,14,0,16,1,0,2,1,807
122,83,1,3,1.2,0.3,0.1,0.1,0.2,1.1,0.1,1.2,153.2
111,94,1,4,1.4,0.1,0.1,0,0,1.4,0,1.2,178.6
112,94,1,3,1,0.1,0,0,0,1,0,0.9,133.9
113,94,1,2,0.7,0.1,0,0,0,0.7,0,0.6,89.3
76,47,1,2,0.8,0.2,0.1,0.1,0.1,0.7,0.2,0.7,96.7
88,47,1,20,7.4,2.6,1,1.6,0,5.8,1.6,6.1,782.6
89,47,1,10,4.7,1.5,0.2,1.1,0.4,3.6,0.7,2.9,432.9
94,47,0,116,45,9,0,0,3,45,9,37,4409
96,47,0,69,22,2,4,9,3,13,2,11,2112
103,78,1,9,3.6,0.4,0.1,0,0.1,3.6,0.4,3,429
127,52,1,27,10.8,2,0.7,1,0.5,9.8,0.5,9.3,1303.4
88,62,1,7,2.5,0.3,0.3,0.2,0.2,2.3,0.3,2.1,266.7
93,62,1,4,1.7,0.5,0.2,0.3,0.1,1.4,0.3,1.4,162.6
105,62,0,82.5,30,3,0,0,5,30,1,24,3026
106,62,0,113,40,8,3,2,6,38,4,32,3908
107,62,0,102,39,5,4,0,3,39,4,34,3779
121,40,1,7,2.7,0.4,0.3,0.1,0.2,2.6,0.1,2.5,335.9
122,40,1,8,3.1,0.5,0.3,0.2,0.3,2.9,0.2,2.8,383.8
99,34,1,3,1,0,0,0.1,0,0.9,0.1,0.9,138.4
127,116,1,5,1.9,0.4,0.1,0.2,0.2,1.7,0.1,1.7,212.5
86,41,1,2,0.9,0.2,0,0,0.1,0.9,0.1,0.9,108.4
118,50,1,3,0.9,0,0.1,0,0.1,0.9,0.2,0.8,120.6
121,50,1,2,0.8,0.2,0.1,0,0,0.8,0.1,0.7,77.8
113,55,1,16,5,0.4,0.6,0,0.2,5,0.4,4.8,594.4
120,76,1,2,0.8,0,0,0,0.2,0.8,0.1,0.7,81.9
121,76,1,5,1.9,0.1,0.1,0,0.6,1.9,0.3,1.7,204.8
126,76,1,2,0.6,0,0,0,0.1,0.6,0,0.6,74.2
112,103,1,5,2.1,0.7,0.1,0.5,0,1.6,0.4,1.6,215
115,103,1,4,1.5,0.4,0.2,0.4,0.3,1.1,0.2,1,122
127,111,0,53,16,2,2,0,1,16,1,15,1948
104,79,1,4,1.9,0.6,0.1,0.2,0.1,1.7,0.2,1.6,178.4
86,48,1,4,1.5,0.5,0.2,0.3,0,1.2,0.3,1.2,156.5
93,48,0,68,21,2,1,0,3,21,0,16,1976
94,48,0,55,19,3,2,2,0,17,3,18,2182
111,48,1,6.5,2.8,0.6,0.2,0.2,0.3,2.6,0.3,1.9,303.1
93,40,1,15,5,0.6,0.9,0.5,0.3,4.5,0.3,3.8,558.1
124,16,1,2,0.9,0.2,0,0,0,0.9,0.2,0.7,103.5
92,46,0,74,31,7,1,0,0,31,0,29,2904
95,46,1,20,8.6,1.9,0,1.5,0.4,7.1,0.6,6.5,866.2
97,35,1,2,0.9,0.3,0.1,0,0,0.9,0.1,0.8,104.3
121,88,1,1,0.4,0.1,0,0.1,0,0.3,0,0.4,54.1
91,66,1,19,8,2.5,0.8,1.2,0.2,6.8,1.2,6.8,772.2
92,66,1,8,3.4,1.1,0.3,0.5,0.1,2.9,0.5,2.8,325.2
85,56,1,2,0.6,0,0.1,0,0.1,0.6,0.1,0.5,66.7
91,56,1,2,0.6,0,0.1,0,0.1,0.6,0.1,0.5,66.7
97,56,1,4,1.5,0.4,0,0,0,1.5,0.1,1.5,193.8
101,56,0,64,26,8,3,0,1,26,0,26,3040
102,56,0,59,22,0,1,0,0,22,1,22,2730
103,56,0,52,19,2,1,2,0,17,3,16,2360
104,56,0,169.5,70,25,9,42,8,28,11,42,5830
105,56,0,173,93,48,5,72,12,21,23,20,5805
106,56,0,196.5,96,50,5,58,11,38,19,45,6899
107,56,0,70,31,8,1,3,3,28,4,25,3147
108,56,1,2,0.8,0.2,0,0.4,0.2,0.4,0.2,0.2,76.5
109,56,1,14,4.4,0.4,0.6,0,0.2,4.4,0.4,4.2,520.1
110,56,1,27,8.4,0.7,1.1,0,0.4,8.4,0.7,8,1003
117,56,1,2,0.7,0.1,0.1,0,0.1,0.7,0,0.4,84.1
125,51,1,13,5.1,1.3,0.5,0,0.5,5.1,0.5,4.5,528
126,51,1,17,6.7,1.7,0.7,0,0.7,6.7,0.7,5.9,690.5
89,28,1,12,3.9,0.5,0.6,0.6,0.3,3.3,0.5,3.3,431.2
76,42,1,3,1.3,0.5,0,0,0,1.3,0.2,1.2,153.4
87,21,0,80.5,35,8,2,15,4,20,6,25,2941
80,42,1,5,1.8,0.4,0.2,0.2,0.1,1.6,0,1.2,177.5
79,40,1,5,2.1,0.5,0.2,0,0.1,2.1,0.2,2,263.4
85,33,1,1,0.4,0.1,0,0,0,0.4,0,0.4,48.2
83,49,1,1,0.4,0.1,0.1,0.1,0,0.3,0.1,0.3,38
120,94,1,1,0.4,0.1,0,0,0,0.4,0,0.3,46
101,89,1,5,1.8,0.5,0.3,0.1,0.1,1.7,0.4,1.5,192.1
75,47,1,3,1.2,0.4,0.1,0.2,0.2,1,0.3,1,145
98,15,1,3,1.6,0.5,0,0.2,0.2,1.4,0.3,1.3,193.7
99,15,0,18,11,6,0,3,0,8,1,7,999
100,15,0,45,24,10,1,3,1,21,4,14,2238
101,15,1,13,6.2,2.5,0.2,1.4,0.7,4.8,1.2,4.8,797.9
103,15,1,2,1,0.4,0,0.2,0.1,0.8,0.2,0.7,122.8
105,15,1,9,3.5,0.8,0.2,0.5,0,3,0.5,2.8,493.8
106,15,1,4,1.6,0.3,0.1,0.2,0,1.4,0.2,1.2,219.4
112,15,1,2,0.7,0.1,0.1,0.1,0.1,0.6,0.2,0.7,80.4
117,57,1,2,0.7,0.1,0.1,0,0.1,0.7,0,0.4,84.1
123,57,1,2,0.7,0.1,0.1,0,0.1,0.7,0,0.4,84.1
125,57,1,7,3.1,0.7,0.1,0.1,0,3,0.1,2.8,400.7
126,57,1,3,1.3,0.3,0,0,0,1.3,0,1.2,171.7
106,78,1,2,0.9,0.3,0,0.1,0,0.8,0.1,0.8,89.2
125,113,0,178,58,5,8,3,10,55,9,37,5237
121,105,0,112,48,9,1,6,0,42,4,41,4451
122,105,0,65,17,0,3,0,0,17,1,17,1824
124,105,0,107,28,1,6,1,1,27,1,27,2865
116,62,1,1,0.4,0.1,0,0,0,0.4,0,0.3,43.3
92,33,1,28,9.6,0.9,0.9,0.1,0.5,9.5,1.4,8.4,1060.9
120,34,1,2,0.7,0,0,0,0,0.7,0.1,0.7,95.4
120,127,1,2,0.8,0.2,0.1,0.1,0.1,0.7,0,0.6,77.8
124,127,1,2,0.7,0.1,0.1,0.1,0.1,0.6,0.1,0.5,77
125,127,1,2,0.7,0.1,0.1,0.1,0.1,0.6,0.1,0.5,77
126,127,1,3,1.1,0.2,0.1,0.2,0.1,0.9,0.2,0.8,115.5
127,127,1,2,0.7,0.1,0.1,0.1,0.1,0.6,0.1,0.5,77
94,50,1,9,3.1,0.5,0.3,0.3,0.3,2.8,0.8,2.5,328.9
95,50,1,7.5,2.6,0.4,0.3,0.2,0.2,2.4,0.7,2.1,274.1
116,50,1,4,1.2,0,0.1,0,0.1,1.2,0.2,1,160.8
75,55,1,1,0.4,0.1,0,0,0,0.4,0,0.4,47.9
108,65,1,1,0.3,0.1,0.1,0,0.1,0.3,0.1,0.2,39.4
109,65,1,2,0.7,0.1,0.1,0.1,0.1,0.6,0.1,0.5,76.2
112,65,1,1,0.3,0.1,0,0,0.1,0.3,0.1,0.3,38.1
114,65,1,18,6.9,2,0.7,0.4,0.4,6.5,0.4,4.8,780.1
117,65,1,6,2.3,0.7,0.2,0.1,0.1,2.2,0.1,1.6,260
88,18,1,8,3.9,0.9,0,0.5,0.5,3.4,0.4,3.7,433.1
91,18,1,4,1.4,0.1,0.2,0.2,0,1.2,0.3,1.2,156.7
92,58,1,4,1.5,0.2,0,0.3,0.2,1.2,0.2,1.1,122.2
93,58,1,3,1.2,0.2,0,0.3,0.1,0.9,0.1,0.8,91.6
105,90,1,5,1.9,0.2,0.2,0,0,1.9,0,1.9,223.9
99,58,1,3,1.2,0.4,0,0.3,0.1,0.9,0.2,0.8,108
100,58,0,111,52,12,0,0,5,52,3,48,4947
82,9,1,3,1.3,0.3,0.1,0,0.1,1.3,0.1,0.8,125.5
87,9,1,2.5,1.2,0.4,0.1,0.3,0.1,0.9,0.1,1,151.5
89,9,1,2,0.7,0,0.1,0,0,0.7,0.1,0.6,84.5
90,9,1,5,1.8,0.1,0.2,0.1,0.1,1.7,0.2,1.5,211.1
98,30,1,2,0.9,0.1,0,0.2,0,0.7,0,0.7,100.7
99,30,1,7,3.3,1.2,0.2,0.7,0.7,2.6,0.5,1.6,352.8
108,82,1,2,0.7,0.2,0.1,0.2,0.1,0.5,0,0.6,112.2
80,56,1,1,0.4,0.1,0,0,0,0.4,0,0.3,39.1
86,56,1,3,0.9,0,0.1,0,0.1,0.9,0.1,0.7,100.1
90,56,1,2,0.6,0,0.1,0,0.1,0.6,0.1,0.5,66.7
127,51,0,36,12,3,2,4,0,8,0,7,1273
76,40,1,5,2.5,0.6,0,0.3,0.3,2.2,0.4,1.8,261
126,33,1,4,1.9,0.4,0.1,0,0.2,1.9,0.2,1.7,236.4
127,33,1,1,0.5,0.1,0,0,0.1,0.5,0.1,0.4,59.1
81,49,1,8,2.9,0.8,0.6,0.8,0.2,2.1,0.4,2.1,303.8
122,115,0,44,17,5,2,4,2,13,4,12,1348
123,115,0,36,15,2,0,2,1,13,2,11,1477
103,83,1,2,0.8,0.2,0.1,0,0.1,0.8,0,0.8,95.6
104,83,1,3,1.1,0.3,0.2,0.3,0.1,0.8,0.1,0.9,168.3
107,83,1,5,1.8,0.5,0.3,0.4,0.2,1.4,0.1,1.5,280.5
114,83,1,4.5,2,1,0.1,0.3,0.1,1.7,0.9,0.7,289
115,83,1,2,0.9,0.4,0.1,0.1,0.1,0.8,0.4,0.3,128.4
123,83,1,19,7.9,2.2,0.7,0.7,1.1,7.2,0.7,7.9,970.4
124,83,1,12.5,4.5,0.7,0.5,0.3,0.2,4.2,0.5,4.3,631.8
125,83,1,5,1.8,0.3,0.2,0.1,0.1,1.7,0.2,1.7,252.7
99,10,1,2,0.7,0.1,0.1,0.1,0.1,0.6,0,0.5,86.2
107,10,1,4,1.9,0.8,0.1,0,0.3,1.9,0.4,1.4,246.5
104,78,1,4,1.9,0.6,0.1,0.2,0.1,1.7,0.2,1.6,178.4
83,29,1,2,0.7,0.2,0.1,0.1,0,0.6,0.2,0.6,72.1
120,62,1,6,2.4,0.8,0,0.5,0.2,1.9,0.4,1.9,260.1
80,49,1,10,3.6,0.9,0.7,1,0.2,2.6,0.5,2.6,379.7
105,92,1,10,4.4,1.1,0,0.6,0.7,3.8,0.4,3.2,419.4
106,92,1,8,3.5,0.9,0,0.5,0.6,3,0.3,2.6,335.5
108,92,1,9,3.9,1,0,0.5,0.6,3.4,0.4,2.9,377.5
121,34,1,6,2.2,0.1,0,0,0.1,2.2,0.4,2,286.3
84,50,1,10,3.7,1.3,0.5,0.8,0,2.9,0.8,3.1,391.3
83,60,1,4,1.7,0.4,0.1,0,0.1,1.7,0.1,1.5,191.6
96,60,1,3,1.2,0.2,0.1,0.2,0,1,0.1,0.9,122.2
99,60,1,5,2,0.6,0.1,0.6,0.1,1.4,0.3,1.4,179.9
77,55,1,2,0.8,0.2,0.1,0,0.1,0.8,0.1,0.8,95.8
82,39,1,2,0.8,0.2,0.1,0,0,0.8,0.1,0.8,105.4
95,39,0,24,11,2,1,2,0,9,0,9,1139
94,39,1,31,11.6,1.3,0.7,0,0.4,11.6,0.7,11.4,1454
81,25,1,1,0.4,0.1,0,0.1,0,0.3,0.1,0.3,36
100,39,1,5,1.7,0,0,0.2,0,1.5,0.1,1.5,230.6
120,39,1,1,0.4,0.1,0,0,0,0.4,0,0.4,48
121,39,1,1,0.4,0.1,0,0,0,0.4,0,0.4,48
123,39,1,10,3.9,0.6,0.4,0.2,0.3,3.7,0.2,3.6,479.8
126,39,1,7,2.6,0.7,0.2,0.3,0.1,2.3,0.2,2.2,271.3
78,32,1,7,4.3,3.1,0.4,2.3,0,2,0.4,0.8,328.6
80,32,1,8,2.6,0.2,0.2,0.4,0.2,2.2,0.4,1.9,232.6
106,58,1,19,8.7,2.5,0,2.5,0.4,6.2,1.1,5.8,829.8
124,125,0,130,27,1,13,0,4,27,15,0,2907
125,125,1,1,0.3,0.1,0.1,0.1,0,0.2,0.1,0.2,36.5
75,46,1,1,0.4,0.2,0,0,0,0.4,0.1,0.4,51.1
96,46,0,207,85,32,13,55,6,30,21,30,6492
97,46,0,174.5,86,36,3,59,13,27,20,22,5822
98,46,0,62.5,32,15,1,17,1,15,4,13,2921
99,46,1,3,1.2,0.2,0,0,0.1,1.2,0.1,1,139.1
100,46,0,67,17,0,5,0,1,17,0,15,1663
118,109,1,126,49.7,16.9,7.1,31.1,7.1,18.6,15.1,21.3,4086.1
97,66,1,2,0.7,0.2,0.1,0.1,0.1,0.6,0.1,0.6,72
98,66,1,10,3.7,0.8,0.3,0.4,0.4,3.3,0.5,2.9,359.9
115,44,1,5,1.5,0,0.1,0,0.2,1.5,0.3,1.3,200.9
102,80,1,3,1.2,0.1,0,0,0,1.2,0.1,1,143
127,69,1,8,2.9,0.5,0.3,0.2,0.3,2.7,0.2,2,332.6
81,40,1,1,0.4,0.1,0,0,0,0.4,0,0.4,52.7
118,26,1,4,1.6,0.3,0.1,0.1,0.2,1.5,0.1,0.9,156.3
122,26,1,2,0.8,0.1,0,0.1,0.1,0.7,0,0.4,78.1
86,33,1,10,4.2,1.3,0.4,0.6,0.2,3.6,0.4,3.8,482.3
92,40,0,48,17,3,4,0,0,17,0,15,1934
98,40,1,5,1.9,0.2,0.1,0,0.1,1.9,0.1,1.8,234.5
100,40,1,2,0.7,0,0,0.1,0,0.6,0,0.6,92.2
75,54,1,3,1.2,0.3,0.1,0,0.1,1.2,0.1,1.1,143.7
76,54,1,1,0.4,0.1,0,0,0,0.4,0,0.4,47.9
77,54,1,11,4.5,1.2,0.3,0,0.3,4.5,0.3,4.2,526.8
78,54,1,3,1.2,0.3,0.1,0,0.1,1.2,0.1,1.1,143.7
106,54,0,22.5,12,5,0,2,1,10,1,10,994
126,107,1,4,1.3,0.3,0.3,0.1,0,1.2,0.1,1.2,135.7
119,64,1,2,0.8,0.2,0,0.2,0.1,0.6,0.1,0.6,86.7
111,86,1,2,0.7,0.2,0.1,0.1,0,0.6,0,0.6,67.8
120,86,1,5,2.1,0.6,0.2,0.2,0.3,1.9,0.2,2.1,255.4
117,110,1,11,4.3,1.5,0.6,2.7,0.6,1.6,1.3,1.9,356.7
115,94,1,1,0.4,0.1,0,0.1,0,0.3,0,0.3,36.8
118,94,1,4,1.5,0.3,0.1,0.3,0.2,1.2,0.1,1.1,147.2
79,29,1,7,2.6,0.7,0.4,0.5,0,2.1,0.7,2.1,252.3
82,29,1,6,2.2,0.6,0.3,0.4,0,1.8,0.6,1.8,216.3
124,29,1,2,0.8,0.1,0,0.1,0,0.7,0,0.7,102.1
115,97,0,41,14,2,0,4,1,10,1,9,1348
97,40,1,18,6.7,0.8,0.4,0,0.3,6.7,0.4,6.6,844.3
125,6,1,7,2.1,0.3,0.2,0.2,0.2,1.9,0.3,1.9,233.9
119,13,1,4,1.9,0.8,0.1,0.2,0,1.7,0.2,1.4,281.1
87,41,1,4,1.9,0.5,0,0.1,0.1,1.8,0.1,1.8,216.9
90,41,1,13,4.4,0.6,0.8,0.5,0.2,3.9,0.2,3.2,483.7
91,41,0,43.5,13,0,3,2,1,11,2,8,1289
97,41,1,25,9.3,1.1,0.6,0,0.4,9.3,0.6,9.2,1172.6
98,41,1,4,1.5,0.2,0.1,0,0.1,1.5,0.1,1.5,187.6
78,55,1,8,3.3,0.9,0.3,0,0.3,3.3,0.3,3,383.1
124,111,0,127,71,37,2,60,9,11,5,39,4466
75,48,1,4,1.6,0.5,0.2,0.3,0.2,1.3,0.4,1.3,193.4
76,48,1,10,3.9,1.2,0.4,0.6,0.6,3.3,1,3.3,483.5
84,48,1,5,1.9,0.6,0.2,0.4,0,1.5,0.4,1.5,195.6
88,37,1,2,0.9,0.2,0,0,0.1,0.9,0.1,0.9,108.4
89,37,1,4,1.3,0.2,0.2,0.1,0.1,1.2,0.1,1,148.8
111,37,1,3,1.3,0.3,0.1,0.1,0.1,1.2,0.1,0.9,139.9
79,63,1,2,0.8,0.1,0,0,0.1,0.8,0.1,0.7,78.1
101,88,1,3,1.1,0.3,0.2,0.1,0.1,1,0.2,0.9,115.3
103,88,1,2,0.7,0.2,0.1,0,0,0.7,0.2,0.6,76.8
104,88,1,2,0.8,0.1,0.1,0,0,0.8,0,0.8,89.5
105,88,1,3,1.1,0.1,0.1,0,0,1.1,0,1.1,134.3
107,88,1,5,1.9,0.2,0.2,0,0,1.9,0,1.9,223.9
109,88,1,7,2.7,0.7,0.2,0.1,0.1,2.6,0.1,2.4,331.6
112,88,1,6,2.3,0.6,0.2,0.1,0.1,2.2,0.1,2,284.2
114,88,1,2,0.7,0.1,0,0,0.1,0.7,0.2,0.3,90.1
116,88,1,8,3,0.5,0.1,0.3,0.5,2.7,0.9,1.4,360.3
125,88,1,2,0.9,0.2,0,0.1,0,0.8,0,0.8,117.5
90,28,1,4,1.3,0.2,0.2,0.2,0.1,1.1,0.2,1.1,143.7
123,40,1,1,0.4,0.1,0,0,0,0.4,0,0.4,48
122,126,1,7,2.5,0.6,0.6,0.6,0,1.9,0.4,1.7,263.2
126,126,1,10,3.4,0.7,0.6,0.9,0.5,2.5,0.5,2.1,365.2
127,126,1,4,1.4,0.3,0.2,0.4,0.2,1,0.2,0.9,146.1
113,72,1,2,0.9,0.2,0,0.1,0,0.8,0.2,0.6,82.7
114,72,1,9,3.4,1,0.4,0.1,0.3,3.3,0.3,3.1,354.5
116,72,1,2,0.8,0.2,0.1,0,0.1,0.8,0.1,0.7,78.8
118,72,1,9,3.4,1,0.4,0.1,0.3,3.3,0.3,3.1,354.5
120,72,1,3,1.1,0.1,0.1,0,0.4,1.1,0.2,1,122.9
122,72,1,2,0.8,0,0,0,0.2,0.8,0.1,0.7,81.9
96,64,1,1,0.4,0.1,0,0.1,0,0.3,0.1,0.3,36
98,64,1,5,1.8,0.4,0.1,0.2,0.2,1.6,0.3,1.4,179.9
99,64,1,5,2,0.8,0.3,0.7,0.1,1.3,0.1,1,183.6
100,64,1,4,1.6,0.6,0.2,0.6,0.1,1,0.1,0.8,146.9
101,64,1,6,2.4,0.9,0.4,0.8,0.1,1.6,0.1,1.2,220.4
102,64,1,6,2.4,0.9,0.4,0.8,0.1,1.6,0.1,1.2,220.4
105,64,1,3,1,0.3,0.2,0.2,0.2,0.8,0.2,0.7,118.3
106,64,1,14,4.7,1.4,0.7,0.7,0.7,4,0.7,3.4,551.9
107,64,1,3,1,0.3,0.2,0.2,0.2,0.8,0.2,0.7,118.3
108,64,1,4,1.3,0.4,0.2,0.2,0.2,1.1,0.2,1,157.7
109,64,1,13,4.3,0.8,0.4,0.6,0.8,3.7,0.8,3.6,495.4
110,64,1,4,1.3,0.2,0.1,0.2,0.2,1.1,0.2,1.1,152.4
113,64,1,17,5.6,1,0.6,0.8,1,4.8,1,4.7,647.8
114,64,1,20,7.7,2.2,0.7,0.5,0.5,7.2,0.5,5.3,866.7
115,64,1,1,0.4,0.1,0,0,0,0.4,0,0.3,43.3
117,64,1,5,1.9,0.5,0.2,0.1,0.1,1.8,0.1,1.3,216.7
120,64,1,8,3.2,1,0,0.7,0.2,2.5,0.5,2.5,346.8
122,121,1,4,1.6,0.4,0.2,0.1,0.1,1.5,0.1,1.1,144.9
116,57,1,4,1.5,0.3,0.1,0,0.1,1.5,0,0.8,168.3
81,52,1,6,2.3,0.6,0.2,0.1,0.1,2.2,0.2,1.7,234.8
82,52,1,2,0.8,0.2,0.1,0,0,0.8,0.1,0.6,78.3
84,52,1,14,4.3,0.2,0.4,0,0.6,4.3,0.4,3.2,467.2
117,105,1,7,2.7,0.6,0.4,0.8,0.5,1.9,0.4,1.8,213.5
123,105,0,91.5,24,0,3,0,2,24,2,24,2667
95,29,1,2,0.9,0.1,0,0.2,0,0.7,0,0.7,100.7
123,29,1,3,1.2,0.2,0.1,0.1,0.1,1.1,0.1,0.7,117.2
116,97,1,10,3.6,0.9,0.7,0.5,0,3.1,0.2,3.3,381.6
90,70,1,15,5.9,1.7,0.7,0,0.7,5.9,1.4,4.5,558.1
112,45,1,2,0.9,0.2,0,0.1,0.1,0.8,0.1,0.6,93.3
81,34,1,2,0.6,0.1,0.1,0.1,0.1,0.5,0.1,0.5,58.2
99,41,1,3,1,0,0,0.1,0,0.9,0.1,0.9,138.4
84,20,1,1,0.5,0.1,0,0.1,0.1,0.4,0,0.5,54.1
107,65,1,8,2.7,0.8,0.4,0.4,0.4,2.3,0.4,2,315.4
113,65,1,5,1.7,0.3,0.2,0.3,0.3,1.4,0.3,1.4,190.5
96,76,1,10,4,1.1,0.1,0,0.6,4,0.7,3.3,397.2
100,76,1,3,1.2,0.1,0,0,0,1.2,0.1,1,143
101,76,1,5,2,0.2,0.1,0,0.1,2,0.2,1.7,238.3
87,4,1,3,1.1,0.1,0.2,0.1,0.1,1,0.2,0.9,126.7
123,111,0,143,80,38,2,56,7,24,9,49,5666
103,90,1,4,1.4,0.4,0.2,0.1,0.1,1.3,0.3,1.2,153.7
102,90,1,5,1.8,0.5,0.3,0.1,0.1,1.7,0.4,1.5,192.1
101,58,0,142,76,34,1,45,13,31,19,29,6110
102,58,0,32,13,2,0,0,0,13,1,13,1299
103,58,0,81,37,13,3,12,2,25,0,25,3114
113,58,1,19,7.8,1.9,0.5,0.3,0.3,7.5,0.6,7.1,931
123,58,1,15,5.5,1,0.5,0,0.5,5.5,0,3,631
124,58,1,2,0.9,0.2,0,0,0,0.9,0,0.8,114.5
95,16,1,3,1.6,0.5,0,0.2,0.2,1.4,0.3,1.3,193.7
97,16,1,2,1,0.3,0,0.1,0.2,0.9,0.2,0.9,129.2
98,16,1,5.5,2.9,0.9,0,0.4,0.4,2.5,0.5,2.3,355.2
102,16,1,1,0.5,0.2,0,0.1,0.1,0.4,0.1,0.4,61.4
103,16,1,2,1,0.4,0,0.2,0.1,0.8,0.2,0.7,122.8
120,16,1,5,2.4,0.9,0.1,0.3,0,2.1,0.3,1.8,351.4
118,16,1,1,0.5,0.2,0,0.1,0,0.4,0.1,0.4,70.3
114,98,1,2,0.7,0.2,0.1,0.1,0,0.6,0,0.7,76.3
105,63,0,51,20,7,3,3,0,17,1,16,1908
111,82,1,12,4.2,0.9,0.6,0.6,0.3,3.6,0.3,3.3,406.5
114,82,1,8,3.6,1.8,0.3,0.5,0.3,3.1,1.5,1.3,513.8
115,82,1,2,0.9,0.4,0.1,0.1,0.1,0.8,0.4,0.3,128.4
117,82,1,4,1.8,0.9,0.1,0.3,0.1,1.5,0.8,0.6,256.9
91,46,1,18,6.2,1.1,1.1,0.2,0.2,6,0,5.3,614.9
112,46,1,2,0.9,0.2,0,0.1,0.1,0.8,0.1,0.6,93.3
87,66,1,3,1.1,0.1,0.1,0.1,0.1,1,0.1,0.9,114.3
91,51,1,1,0.5,0.1,0,0.1,0,0.4,0.1,0.3,43.3
121,51,1,3,1.2,0.3,0.1,0,0,1.2,0.1,1.1,116.7
111,44,1,1,0.4,0.1,0,0,0,0.4,0,0.3,46.6
120,123,1,4,1.4,0.3,0.3,0.3,0,1.1,0.2,1,150.4
124,123,1,4,1.4,0.3,0.2,0.4,0.2,1,0.2,0.9,146.1
118,96,1,13,4.7,0.9,0.5,0.8,0.6,3.9,0.3,3.5,478.4
119,96,1,5,1.9,0.4,0.1,0.1,0.1,1.8,0.1,1.6,229.8
124,69,1,4,1.4,0.3,0.2,0.1,0.2,1.3,0.1,1,166.3
94,26,1,5,1.9,0.8,0.3,0.1,0,1.8,0.2,1.8,270.5
95,26,1,1,0.4,0.2,0.1,0,0,0.4,0,0.4,54.1
101,91,1,7,2.5,0.7,0.4,0.1,0.1,2.4,0.5,2.1,268.9
99,16,1,14.5,6.9,2.8,0.3,1.5,0.8,5.4,1.3,5.4,890
121,115,1,22,8.4,1.6,0.5,0.3,0.5,8.1,0.5,6.2,817.8
119,107,1,41,12.1,0.9,2.8,2.8,0,9.3,0,11.2,1117.2
121,107,0,106.5,54,16,0,8,5,46,2,46,4998
122,107,0,61,29,7,0,6,4,23,2,28,2798
123,107,0,289,141,45,5,56,22,85,14,70,11857
124,107,1,14,4.7,1,1,0.4,0,4.3,0.3,4.3,475
92,24,1,6,2.6,0.9,0.1,0.9,0.1,1.7,0.4,1.3,326.6
93,24,1,4,1.8,0.6,0.1,0.6,0.1,1.2,0.3,0.9,217.8
97,24,1,5,1.9,0.8,0.3,0.1,0,1.8,0.2,1.8,270.5
88,52,1,3,0.9,0,0.1,0,0.1,0.9,0.1,0.7,100.1
89,52,1,5,1.5,0.1,0.2,0,0.2,1.5,0.2,1.2,166.8
109,80,1,2,0.7,0.2,0.1,0.1,0,0.6,0,0.6,77.1
111,45,1,5,2.1,0.4,0.1,0.1,0.2,2,0.2,1.5,233.1
104,81,1,3,1.4,0.4,0.1,0.2,0.1,1.2,0.1,1.2,133.8
97,43,1,14,6,1.4,0,1,0.3,5,0.5,4.5,606.4
87,34,1,5,2.1,0.7,0.2,0.3,0.1,1.8,0.2,1.9,241.2
104,92,1,3,1.3,0.3,0,0.2,0.2,1.1,0.1,1,125.8
110,92,1,5,1.7,0.1,0.1,0,0,1.7,0,1.5,223.2
111,92,1,11,3.8,0.3,0.2,0,0,3.8,0,3.4,491
119,116,1,4,1.5,0.3,0.1,0,0.1,1.5,0.1,1.1,148.7
120,116,1,3,1.1,0.2,0.1,0,0.1,1.1,0.1,0.9,111.5
121,116,1,24,9.2,1.8,0.6,0.3,0.6,8.9,0.6,6.8,892.1
123,116,0,123,62,26,2,45,9,17,9,29,4637
124,116,0,54.5,20,4,3,2,1,18,1,16,1813
126,116,1,5,1.9,0.4,0.1,0.2,0.2,1.7,0.1,1.7,212.5
103,60,0,63,24,4,1,0,2,24,0,22,2547
104,60,0,36,13,1,1,3,2,10,1,9,1201
109,55,1,4,1.2,0.1,0.2,0,0.1,1.2,0.1,1.2,148.6
110,55,1,4,1.2,0.1,0.2,0,0.1,1.2,0.1,1.2,148.6
88,4,1,3,1.1,0.1,0.2,0.1,0.1,1,0.2,0.9,126.7
92,39,1,4,1.3,0.2,0.2,0.1,0.1,1.2,0.1,1,148.8
93,39,1,16,5.4,0.7,1,0.6,0.3,4.8,0.3,4,595.3
97,25,1,2,0.8,0.3,0.1,0.1,0,0.7,0.1,0.7,108.2
118,25,1,2,0.8,0.1,0,0.1,0.1,0.7,0,0.4,78.1
119,25,1,6,2.3,0.4,0.1,0.1,0.3,2.2,0.1,1.3,234.4
83,32,1,4,1.3,0.1,0.1,0.2,0.1,1.1,0.2,1,116.3
85,32,1,3,1.3,0.4,0.1,0.2,0.1,1.1,0.1,1.2,144.7
86,32,1,3,1.3,0.4,0.1,0.2,0.1,1.1,0.1,1.2,144.7
89,32,1,3,1,0.1,0.1,0,0,1,0.2,0.9,113.7
97,68,1,5,2.1,0.4,0.2,0,0.2,2.1,0.2,1.9,232.5
98,68,1,4,1.7,0.3,0.1,0,0.1,1.7,0.2,1.5,186
101,68,1,1,0.4,0.1,0,0,0,0.4,0,0.3,48.1
107,68,1,6,2.5,0.7,0.1,0.3,0,2.2,0.2,2,235.4
108,68,1,3,1.3,0.3,0.1,0.2,0,1.1,0.1,1,117.7
113,68,1,24,8.6,2.3,1.4,0.6,0.3,8,0.6,6.6,1017.8
114,68,1,7,2.6,0.5,0.3,0.1,0.2,2.5,0.2,2.2,287.6
116,68,1,17,6.3,1.2,0.8,0.2,0.6,6.1,0.4,5.3,698.6
117,68,1,2,0.7,0.1,0.1,0,0.1,0.7,0,0.6,82.2
118,68,1,10,3.7,0.7,0.5,0.1,0.3,3.6,0.2,3.1,410.9
119,68,1,11,4.3,0.7,0.3,0.7,0.7,3.6,0.3,3.5,454
120,68,1,3,1.2,0.2,0.1,0.2,0.2,1,0.1,0.9,123.8
121,68,1,2,0.8,0.1,0.1,0.1,0.1,0.7,0.1,0.6,82.6
122,68,1,2,0.8,0.1,0.1,0.1,0.1,0.7,0.1,0.6,82.6
108,48,1,7,3,0.6,0.2,0.2,0.3,2.8,0.3,2.1,326.4
79,37,1,2,0.8,0.2,0.1,0,0,0.8,0.1,0.8,105.4
82,37,1,2,0.8,0.2,0.1,0,0,0.8,0.1,0.8,105.4
86,53,1,2,0.6,0,0.1,0,0.1,0.6,0.1,0.5,66.7
87,37,1,2,0.9,0.2,0,0,0.1,0.9,0.1,0.9,108.4
122,114,0,106,49,16,4,28,7,21,2,31,3854
115,98,0,46,19,5,0,4,2,15,1,15,2051
116,98,0,56,16,1,2,1,0,15,1,13,1675
117,98,1,14,5,1.2,0.9,0.6,0,4.4,0.3,4.7,534.2
118,98,1,4,1.4,0.4,0.3,0.2,0,1.2,0.1,1.3,152.6
82,63,1,3,1.2,0.2,0,0,0.1,1.2,0.2,1,117.2
87,63,1,6,2.1,0.2,0.2,0.1,0.2,2,0.2,1.8,228.6
106,63,0,50,19,5,1,0,0,19,0,19,1939
76,46,1,1,0.4,0.2,0,0,0,0.4,0.1,0.4,51.1
77,46,1,3,1.3,0.5,0,0,0,1.3,0.2,1.2,153.4
78,46,1,1,0.4,0.2,0,0,0,0.4,0.1,0.4,51.1
105,93,1,4,1.7,0.5,0,0.2,0.3,1.5,0.2,1.3,167.8
107,93,1,4,1.7,0.5,0,0.2,0.3,1.5,0.2,1.3,167.8
108,93,1,1,0.4,0.1,0,0,0.1,0.4,0,0.3,41.9
109,93,1,2,0.7,0.1,0,0,0,0.7,0,0.6,89.3
110,93,1,4,1.4,0.1,0.1,0,0,1.4,0,1.2,178.6
115,93,1,3,1.1,0.2,0.1,0.2,0.1,0.9,0.1,0.8,110.4
123,51,1,6,2.4,0.6,0.2,0,0,2.4,0.2,2.2,233.4
124,51,1,6,2.3,0.6,0.3,0,0.3,2.3,0.3,2.1,243.7
104,44,1,4,1.7,0.3,0.1,0.1,0.2,1.6,0.2,1.2,186.5
78,28,1,6,2.2,0.6,0.3,0.4,0,1.8,0.6,1.8,216.3
82,28,1,5,1.8,0.5,0.2,0.3,0,1.5,0.5,1.5,180.2
109,61,1,1,0.4,0.1,0,0,0,0.4,0,0.4,49
110,61,0,26,11,3,2,0,1,11,0,11,1252
111,61,0,43,15,2,1,0,1,15,1,13,1806
87,5,1,5,1.8,0.1,0.2,0.1,0.1,1.7,0.2,1.5,211.1
106,80,1,10,4.6,1.5,0.2,0.5,0.2,4.1,0.5,3.9,446.1
126,69,1,7,2.5,0.4,0.3,0.1,0.3,2.4,0.1,1.8,291
123,80,1,2,0.8,0,0,0,0.2,0.8,0.1,0.7,81.9
90,33,1,1,0.3,0,0,0,0,0.3,0,0.3,37.9
117,40,1,9,3.3,0.5,0.3,0,0,3.3,0.3,2.8,327.1
127,59,1,2,0.9,0.2,0,0,0,0.9,0,0.8,114.5
79,54,1,1,0.4,0.1,0,0,0,0.4,0,0.3,39.1
121,110,0,159.5,78,31,2,57,15,21,21,23,4600
116,94,1,4,1.5,0.3,0.1,0.3,0.2,1.2,0.1,1.1,147.2
117,94,1,5,1.8,0.4,0.2,0.3,0.2,1.5,0.1,1.3,184
124,110,0,184.5,98,47,3,70,16,28,24,27,7098
89,29,1,8,2.6,0.3,0.4,0.4,0.2,2.2,0.4,2.2,287.5
92,29,1,10,3.2,0.4,0.5,0.4,0.3,2.8,0.5,2.8,359.4
97,29,1,2,0.9,0.1,0,0.2,0,0.7,0,0.7,100.7
99,29,1,11,5.2,1.9,0.3,1.1,1.1,4.1,0.8,2.5,554.4
122,97,1,4,1.8,0.6,0.2,0.6,0.1,1.2,0.2,1.4,169.8
93,70,1,2,0.8,0.2,0.1,0,0.1,0.8,0.2,0.6,74.4
111,70,1,4,1.4,0.4,0.2,0.1,0,1.3,0.1,1.1,169.6
117,81,1,6,2.1,0.5,0.5,0.2,0,1.9,0,2,221.4
127,81,1,6,2,0,0.2,0.2,0.3,1.8,0.2,1.6,222.4
123,6,1,1,0.5,0.2,0,0,0.1,0.5,0.1,0.4,61.6
98,43,0,44,17,4,1,2,1,15,2,13,1467
88,34,1,3,1.3,0.4,0.1,0.2,0.1,1.1,0.1,1.2,144.7
124,34,1,4,1.9,0.4,0.1,0,0.2,1.9,0.2,1.7,236.4
125,34,1,9,4.2,1,0.2,0,0.5,4.2,0.5,3.8,532
83,20,1,6,2,0.2,0.3,1,0.2,1,0,1.5,193.9
105,55,0,139,74,39,4,46,6,28,17,25,5144
108,55,1,8,3.3,0.9,0,1.8,0.7,1.5,0.7,0.9,305.9
125,111,0,260,92,21,17,84,22,8,52,8,7219
126,111,0,177,73,26,9,30,9,43,10,47,5539
126,95,1,13,4.6,0.6,0.7,0.1,0.2,4.5,0.2,3.9,525.3
127,95,1,2,0.7,0.1,0.1,0,0,0.7,0,0.6,80.8
78,48,1,2,0.8,0.2,0.1,0.1,0.1,0.7,0.2,0.7,96.7
81,48,1,12,4.4,1.1,0.9,1.3,0.2,3.1,0.6,3.1,455.6
88,48,1,3,1.1,0.4,0.1,0.2,0,0.9,0.2,0.9,117.4
90,48,1,8,3.8,1.2,0.1,0.9,0.3,2.9,0.6,2.3,346.3
95,48,0,36,14,4,2,0,0,14,1,11,1211
96,48,1,16,5.5,0.9,0.6,0.5,0.5,5,1.5,4.4,584.7
97,48,0,54,20,1,2,0,0,20,2,17,2030
98,48,0,26,11,1,0,0,1,11,1,11,1198
99,48,1,11,4.6,1.2,0.2,0.3,0.2,4.3,0.8,3.6,477.9
113,80,1,2,0.7,0.2,0.1,0.1,0,0.6,0,0.6,77.1
82,53,1,12.5,4.7,1.3,0.4,0.2,0.2,4.5,0.4,3.5,489.2
81,37,1,2,0.8,0.2,0.1,0,0,0.8,0.1,0.8,105.4
85,53,1,4,1.2,0.1,0.1,0,0.2,1.2,0.1,0.9,133.5
90,53,1,2,0.6,0,0.1,0,0.1,0.6,0.1,0.5,66.7
90,37,1,4,1.3,0.2,0.2,0.1,0.1,1.2,0.1,1,148.8
112,37,1,2,0.9,0.2,0,0.1,0.1,0.8,0.1,0.6,93.3
113,37,1,4,1.7,0.3,0.1,0.1,0.2,1.6,0.2,1.2,186.5
114,37,1,4,1.5,0.2,0.1,0,0,1.5,0.1,1.3,145.4
107,16,1,7,2.7,0.6,0.2,0.4,0,2.3,0.4,2.1,384
120,98,1,3,1.3,0.5,0.1,0.4,0.1,0.9,0.2,1,127.4
81,63,1,2,0.8,0.1,0,0,0.1,0.8,0.1,0.7,78.1
95,63,1,6,2.2,0.5,0.2,0.2,0.2,2,0.3,1.7,215.9
104,63,1,3,1,0.3,0.2,0.2,0.2,0.8,0.2,0.7,118.3
107,63,0,27,12,5,0,0,1,12,1,12,1149
115,63,1,1,0.4,0.1,0,0,0,0.4,0,0.3,43.3
120,63,1,3,1.2,0.4,0,0.3,0.1,0.9,0.2,0.9,130
126,85,1,2,0.7,0.1,0.1,0,0,0.7,0.1,0.7,101.1
127,85,1,7,2.5,0.4,0.3,0.2,0.1,2.3,0.3,2.4,353.8
111,46,1,2,0.9,0.2,0,0.1,0.1,0.8,0.1,0.6,93.3
93,14,1,2,0.8,0.2,0.1,0.2,0,0.6,0.1,0.7,100.3
96,14,1,5,2.6,0.8,0,0.4,0.4,2.2,0.5,2.1,322.9
98,14,1,4,2.1,0.6,0,0.3,0.3,1.8,0.4,1.7,258.3
121,120,1,17,6.6,1.8,0.8,0.4,0.6,6.2,0.6,4.8,616
122,120,1,7,2.7,0.7,0.3,0.2,0.2,2.5,0.2,2,253.6
124,120,1,2,0.8,0.2,0.1,0,0.1,0.8,0.2,0.6,79.5
125,56,1,5,2,0.4,0.1,0.2,0.1,1.8,0.1,1.7,241.4
126,56,1,4,1.6,0.3,0.1,0.1,0.1,1.5,0.1,1.4,193.1
88,0,1,4,1.4,0.2,0.2,0.1,0.2,1.3,0.2,1.2,171.8
115,96,1,23,8.3,1.6,0.8,1.4,1,6.9,0.6,6.1,846.3
116,96,0,79,29,5,4,1,2,28,2,26,2651
127,96,1,2,0.7,0.1,0.1,0,0,0.7,0,0.6,80.8
119,40,1,3,1.2,0.2,0.1,0.1,0.1,1.1,0.1,1.1,143.9
79,49,1,3,1.1,0.3,0.2,0.3,0.1,0.8,0.2,0.8,113.9
94,72,1,4,1.6,0.4,0.1,0,0.2,1.6,0.3,1.3,158.9
127,94,0,145,41,2,7,0,6,41,1,30,4159
96,15,1,2,1,0.3,0,0.1,0.2,0.9,0.2,0.9,129.2
97,15,1,5,2.6,0.8,0,0.4,0.4,2.2,0.5,2.1,322.9
112,57,1,1,0.4,0.1,0,0,0,0.4,0,0.4,49
114,57,1,2,0.7,0.1,0.1,0,0.1,0.7,0,0.4,84.1
126,113,0,198,104,55,6,75,5,29,8,60,6939
75,53,1,5,2.1,0.6,0.2,0,0.2,2.1,0.2,1.9,239.4
76,53,1,2,0.8,0.2,0.1,0,0.1,0.8,0.1,0.8,95.8
93,29,1,6,1.9,0.2,0.3,0.3,0.2,1.6,0.3,1.7,215.6
101,29,1,3,1.4,0.5,0.1,0.3,0.3,1.1,0.2,0.7,151.2
98,70,1,5,2.1,0.4,0.2,0,0.2,2.1,0.2,1.9,232.5
99,70,1,2,0.8,0.2,0,0.1,0,0.7,0.1,0.7,96.2
99,43,1,4,1.6,0.3,0,0.1,0.1,1.5,0.2,1.3,185.5
92,34,1,15,5.2,0.5,0.5,0.1,0.2,5.1,0.8,4.5,568.3
95,73,1,24,9.7,2.7,0.3,0,1.3,9.7,1.7,8,953.3
96,73,0,117,52,18,4,18,9,34,8,33,3866
97,73,0,103,44,13,3,10,4,34,4,31,3804
98,73,0,35,12,0,0,0,1,12,0,11,1115
99,73,1,5,2,0.2,0.1,0,0.1,2,0.2,1.7,238.3
85,50,1,2,0.7,0.3,0.1,0.1,0,0.6,0.2,0.6,78.3
88,50,1,6,2.2,0.8,0.3,0.5,0,1.7,0.5,1.8,234.8
91,50,1,8,3.8,1.2,0.1,0.9,0.3,2.9,0.6,2.3,346.3
92,50,1,2,0.9,0.3,0,0.2,0.1,0.7,0.1,0.6,86.6
93,50,1,2,0.9,0.3,0,0.2,0.1,0.7,0.1,0.6,86.6
103,50,1,16,6.7,1.7,0.3,0.5,0.3,6.2,1.2,5.2,695.2
104,50,1,6,2.6,0.5,0.1,0.2,0.3,2.4,0.3,1.8,279.8
115,50,1,8,2.5,0,0.1,0,0.3,2.5,0.4,2.1,321.5
85,20,1,2,1,0.2,0,0.1,0.1,0.9,0.1,0.9,108.3
86,20,0,110,52,18,2,33,10,19,10,19,4206
87,20,0,40,13,2,2,4,1,9,1,9,1389
88,20,1,5,2.4,0.5,0,0.3,0.3,2.1,0.2,2.3,270.7
118,41,1,2,0.7,0.1,0.1,0,0,0.7,0.1,0.6,72.7
119,103,1,6,2.1,0.3,0.3,0.3,0.1,1.8,0,1.8,229.3
115,80,1,11,3.9,0.9,0.9,0.5,0,3.4,0,3.7,405.9
108,80,1,4,1.9,0.6,0.1,0.2,0.1,1.7,0.2,1.6,178.4
77,53,1,4,1.7,0.4,0.1,0,0.1,1.7,0.1,1.5,191.6
79,53,1,4,1.5,0.4,0.1,0,0.1,1.5,0.1,1.1,156.6
84,37,1,2,0.9,0.2,0,0,0.1,0.9,0.1,0.9,108.4
92,53,1,4,1.2,0.1,0.1,0,0.2,1.2,0.1,0.9,133.5
94,53,1,4,1.5,0.4,0,0,0,1.5,0.1,1.5,193.8
91,37,1,19,6.4,0.8,1.1,0.7,0.3,5.7,0.3,4.8,706.9
93,37,1,5,1.7,0.2,0.3,0.2,0.1,1.5,0.1,1.2,186
96,37,1,2,0.7,0.1,0,0,0,0.7,0,0.7,93.8
81,2,1,5,2.2,0.6,0.1,0,0.2,2.2,0.1,1.4,209.1
123,98,1,2,0.9,0.3,0.1,0.3,0.1,0.6,0.1,0.7,84.9
124,98,1,9,3.1,1.1,0.7,0.4,0.4,2.7,0.4,2.2,356.2
83,63,1,9,3.7,0.7,0,0,0.3,3.7,0.7,3,351.7
84,63,1,2,0.7,0.1,0.1,0,0.1,0.7,0.1,0.6,76.2
101,82,1,4,1.7,0.4,0.1,0,0.1,1.7,0,1.6,191.3
107,82,1,6,2.2,0.5,0.4,0.6,0.3,1.6,0.1,1.8,336.5
99,74,1,4,1.6,0.2,0.1,0,0.1,1.6,0.2,1.4,190.6
104,74,1,3,1.1,0.3,0.2,0.1,0,1,0,1,115.7
108,74,1,1,0.4,0.1,0.1,0.1,0,0.3,0,0.3,38.6
109,74,1,5,2.2,0.6,0.1,0.3,0.1,1.9,0.6,1.6,206.8
112,74,1,12,5.2,1.4,0.2,0.6,0.2,4.6,1.4,3.9,496.3
114,74,1,6,2.3,0.6,0.3,0.1,0.2,2.2,0.2,2.1,236.3
123,74,1,2,0.8,0,0,0,0.2,0.8,0.1,0.7,81.9
124,74,1,5,1.6,0,0.1,0.1,0.2,1.5,0.1,1.4,185.4
125,74,1,5,1.6,0,0.1,0.1,0.2,1.5,0.1,1.4,185.4
122,109,0,100,45,19,4,25,2,20,5,22,3548
119,66,1,3,1.2,0.4,0,0.3,0.1,0.9,0.2,0.9,130
76,51,1,2,0.8,0.2,0.1,0.1,0.1,0.7,0.2,0.7,96.7
77,51,1,4,1.6,0.5,0.2,0.3,0.2,1.3,0.4,1.3,193.4
78,51,1,4,1.6,0.5,0.2,0.3,0.2,1.3,0.4,1.3,193.4
80,51,1,6,2.2,0.6,0.4,0.6,0.1,1.6,0.3,1.6,227.8
81,51,1,1,0.4,0.1,0.1,0.1,0,0.3,0.1,0.3,38
82,51,1,1,0.4,0.1,0.1,0.1,0,0.3,0.1,0.3,38
83,51,1,6,2.2,0.6,0.4,0.6,0.1,1.6,0.3,1.6,227.8
84,51,1,3,1.1,0.4,0.1,0.2,0,0.9,0.2,0.9,117.4
88,51,1,1,0.4,0.1,0,0.1,0,0.3,0.1,0.3,39.1
89,51,1,1,0.5,0.1,0,0.1,0,0.4,0.1,0.3,43.3
90,51,1,3,1.4,0.4,0.1,0.3,0.1,1.1,0.2,0.9,129.9
91,44,1,12,4.1,0.7,0.7,0.1,0.1,4,0,3.6,409.9
92,51,1,2,0.9,0.3,0,0.2,0.1,0.7,0.1,0.6,86.6
93,44,0,352.5,113,23,26,113,16,0,61,0,8519
94,44,0,66,26,9,3,9,4,17,7,7,2064
99,51,1,8,3.4,0.8,0.2,0.3,0.2,3.1,0.6,2.6,347.6
103,51,1,12,5,1.3,0.2,0.3,0.2,4.7,0.9,3.9,521.4
97,44,0,53,24,7,1,0,1,24,3,19,2704
122,51,1,4,1.6,0.4,0.1,0,0,1.6,0.1,1.5,155.6
99,44,1,3,1.2,0.2,0,0,0.1,1.2,0.1,1,139.1
102,44,1,5,1.9,0.4,0,0,0.2,1.9,0.2,1.7,231.9
103,44,1,5,1.9,0.4,0,0,0.2,1.9,0.2,1.7,231.9
88,28,1,2,0.8,0.1,0.1,0,0.1,0.8,0,0.7,102
112,77,1,13,4.6,1.2,0.9,0.5,0,4.1,0,4.1,501.4
119,77,1,4,1.5,0.1,0.1,0,0.5,1.5,0.2,1.4,163.8
124,77,1,4,1.3,0,0.1,0.1,0.2,1.2,0.1,1.1,148.3
126,123,1,26,8.9,1.9,1.6,2.4,1.2,6.5,1.4,5.6,949.4
108,18,1,5,1.9,0.5,0.2,0.2,0.1,1.7,0.2,1.4,264.9
114,69,1,8,2.9,0.6,0.4,0.1,0.3,2.8,0.2,2.5,328.7
122,96,1,14,5.4,1,0.4,0.2,0.2,5.2,0.4,4.4,643.4
119,69,1,6,2.4,0.4,0.2,0.4,0.4,2,0.2,1.9,247.7
124,96,1,20,7.1,0.9,1.1,0.2,0.3,6.9,0.3,6,808.1
80,53,1,6,2.3,0.6,0.2,0.1,0.1,2.2,0.2,1.7,234.8
113,59,1,2,0.8,0.2,0.1,0,0,0.8,0.1,0.8,98
76,49,1,5,1.9,0.6,0.2,0.3,0.3,1.6,0.5,1.6,241.7
78,49,1,5,1.9,0.6,0.2,0.3,0.3,1.6,0.5,1.6,241.7
105,57,0,107.5,60,30,0,44,6,16,4,31,4463
106,57,0,78,39,18,1,24,6,15,8,19,2683
125,61,1,9,4,0.9,0.1,0.1,0,3.9,0.1,3.6,515.2
112,18,1,2,0.7,0.1,0.1,0.1,0.1,0.6,0.2,0.7,80.4
90,52,1,5,1.5,0.1,0.2,0,0.2,1.5,0.2,1.2,166.8
94,52,1,7,2.6,0.8,0,0,0,2.6,0.2,2.6,339.2
98,52,1,1,0.4,0.1,0,0,0,0.4,0,0.4,48.5
99,52,1,6,1.6,0.2,0.5,0,0,1.6,0.4,1.3,175.3
81,53,1,4,1.5,0.4,0.1,0,0.1,1.5,0.1,1.1,156.6
104,70,1,3,1.3,0.3,0.1,0.2,0,1.1,0.1,1,117.7
106,70,1,10,4.2,1.2,0.2,0.6,0,3.6,0.4,3.3,392.3
108,70,1,8,3.4,0.9,0.2,0.5,0,2.9,0.3,2.6,313.8
110,70,1,5,1.8,0.5,0.3,0.1,0.1,1.7,0.1,1.4,212
113,70,1,2,0.7,0.2,0.1,0,0,0.7,0,0.6,84.8
88,6,1,10,3.5,0.2,0.5,0.2,0.2,3.3,0.5,3,422.2
110,43,1,1,0.4,0.1,0,0,0,0.4,0,0.3,46.6
93,34,1,20,6.9,0.7,0.7,0.1,0.3,6.8,1,6,757.8
94,34,1,2,0.9,0.3,0.1,0,0,0.9,0.1,0.8,104.3
96,34,1,2,0.9,0.3,0.1,0,0,0.9,0.1,0.8,104.3
112,92,1,8,2.8,0.2,0.1,0,0,2.8,0,2.4,357.1
124,92,0,56.5,24,5,2,12,8,12,4,8,2035
125,92,0,50,16,1,3,0,2,16,0,13,1554
122,116,0,39,14,2,2,0,3,14,3,13,1346
125,116,0,102,24,1,11,0,0,24,2,20,2464
119,41,1,5.5,2.1,0.3,0.2,0.1,0.2,2,0.1,2,263.9
111,60,1,19,7.8,1.9,0.5,0.3,0.3,7.5,0.6,7.1,931
120,103,1,21,7.5,1.1,1,1,0.3,6.5,0.2,6.2,802.4
122,103,1,15,5.3,0.8,0.7,0.7,0.2,4.6,0.1,4.4,573.1
124,39,1,10,3.7,1.1,0.4,0.4,0.2,3.3,0.4,3.2,387.5
99,25,1,6,3,0.8,0,0,0.6,3,0.8,2.1,357.8
112,61,1,5,2.1,0.5,0.1,0.1,0.1,2,0.2,1.9,245
123,61,1,4,1.5,0.3,0.1,0,0.1,1.5,0,0.8,168.3
126,61,1,1,0.4,0.1,0,0,0,0.4,0,0.4,57.2
90,32,1,3,1,0.1,0.1,0,0,1,0.2,0.9,113.7
91,32,1,14,4.8,0.5,0.5,0.1,0.2,4.7,0.7,4.2,530.4
92,32,1,24,8.3,0.8,0.8,0.2,0.4,8.1,1.2,7.2,909.3
93,32,1,18,6.2,0.6,0.6,0.1,0.3,6.1,0.9,5.4,682
94,32,1,9,3.9,1.5,0.5,0,0.2,3.9,0.3,3.5,469.2
95,32,1,2,0.9,0.3,0.1,0,0,0.9,0.1,0.8,104.3
96,32,1,4,1.7,0.7,0.2,0,0.1,1.7,0.1,1.5,208.5
97,32,1,8,3.5,1.3,0.5,0,0.2,3.5,0.3,3.1,417.1
99,32,1,11,3.8,0,0,0.5,0,3.3,0.2,3.3,507.3
100,32,1,7,2.4,0,0,0.3,0,2.1,0.1,2.1,322.8
115,32,1,14,5.2,0.8,0.4,0,0,5.2,0.4,4.4,508.8
116,32,1,3,1.1,0.2,0.1,0,0,1.1,0.1,0.9,109
119,32,1,8,3,0.2,0,0,0.2,3,0.6,2.6,381.8
107,58,0,42,16,4,1,4,1,12,2,12,1855
122,69,1,4,1.6,0.3,0.1,0.3,0.3,1.3,0.1,1.3,165.1
95,53,1,4,1.5,0.4,0,0,0,1.5,0.1,1.5,193.8
96,53,1,7,2.6,0.8,0,0,0,2.6,0.2,2.6,339.2
98,37,1,4,1.5,0.2,0.1,0,0.1,1.5,0.1,1.5,187.6
116,37,1,1,0.4,0.1,0,0,0,0.4,0,0.3,36.3
121,37,1,12,4.6,0.8,0.5,0.2,0.4,4.4,0.3,4.3,575.7
122,37,1,3,1.2,0.2,0.1,0.1,0.1,1.1,0.1,1.1,143.9
123,37,1,3,1.2,0.2,0.1,0.1,0.1,1.1,0.1,1.1,143.9
104,16,1,9,3.5,0.8,0.2,0.5,0,3,0.5,2.8,493.8
91,71,1,2,0.8,0.2,0.1,0,0.1,0.8,0.2,0.6,74.4
97,71,1,22,9.2,1.8,0.7,0,0.7,9.2,1.1,8.4,1023
102,85,1,2,0.8,0.2,0.1,0,0.1,0.8,0,0.8,95.6
101,46,1,24,9.3,1.7,0.2,0.2,0.8,9.1,1,8,1113
102,46,0,26,11,2,0,0,0,11,0,11,1216
103,46,0,55,18,2,2,0,1,18,0,17,1755
112,101,1,2,0.9,0.2,0,0.1,0.1,0.8,0.1,0.6,83.9
113,101,1,1,0.4,0.1,0,0,0.1,0.4,0,0.3,41.9
120,101,1,10,4.5,1.6,0.4,1.5,0.3,3,0.6,3.5,424.6
123,101,1,4,1.8,0.6,0.2,0.6,0.1,1.2,0.2,1.4,169.8
119,109,0,198.5,81,22,8,61,19,20,27,19,6191
120,109,0,39,14,3,1,3,1,11,0,11,1170
123,109,0,127.5,57,14,2,22,3,35,2,50,4896
126,109,0,98,26,0,6,0,3,26,1,26,3356
127,109,1,3,1,0.2,0.2,0.1,0,0.9,0.1,0.9,101.8
106,77,1,1,0.5,0.1,0,0.1,0,0.4,0,0.4,44.6
109,77,1,6,2.1,0.5,0.4,0.2,0,1.9,0,1.9,231.4
91,28,1,4,1.3,0.2,0.2,0.2,0.1,1.1,0.2,1.1,143.7
92,28,1,7.5,2.4,0.3,0.4,0.3,0.2,2.1,0.3,2.1,269.5
108,61,0,63,25,5,2,5,3,20,1,17,2424
114,61,1,2,0.7,0.1,0.1,0,0.1,0.7,0,0.4,84.1
122,61,1,1,0.4,0.1,0,0,0,0.4,0,0.2,42.1
90,21,1,2,0.7,0,0.1,0.1,0,0.6,0.1,0.6,78.4
114,96,1,1,0.4,0.1,0,0.1,0,0.3,0,0.3,36.8
116,69,1,4,1.5,0.3,0.2,0.1,0.1,1.4,0.1,1.2,164.4
123,96,1,4,1.5,0.3,0.1,0,0.1,1.5,0.1,1.3,183.8
121,69,1,9,3.5,0.6,0.3,0.5,0.6,3,0.3,2.8,371.5
107,91,1,3,1.1,0.1,0.1,0,0,1.1,0,1.1,134.3
93,31,1,26,8.4,1,1.3,1.2,0.7,7.2,1.2,7.2,934.3
94,31,1,12,5.3,0.7,0,0.9,0.2,4.4,0.2,4.2,604.2
119,110,0,176,72,18,7,41,10,31,13,26,5357
122,110,0,140,67,29,4,49,10,18,11,17,5186
123,110,0,269,117,36,6,71,22,46,16,46,10086
107,57,0,239.5,110,43,4,72,19,38,24,37,8155
108,57,0,48,13,2,5,0,0,13,2,12,1330
88,21,1,6,2.9,0.7,0,0.4,0.4,2.5,0.3,2.8,324.8
92,21,1,7,2.4,0.2,0.3,0.3,0,2.1,0.5,2.1,274.3
124,97,1,20,7,2.5,1.5,1,1,6,1,5,791.5
90,2,1,20,8,1.5,0.5,1,2,7,1.5,4.5,1083
85,13,0,49,24,9,0,1,3,23,4,22,2193
86,13,1,7,2.8,0.8,0.4,0.2,0.1,2.6,0.3,2.4,299.4
97,13,1,2,1,0.3,0,0.1,0.2,0.9,0.2,0.9,129.2
99,13,1,2,1,0.4,0,0.2,0.1,0.8,0.2,0.7,122.8
107,13,1,1,0.4,0.1,0,0.1,0,0.3,0.1,0.3,54.9
113,43,1,3,1.3,0.3,0.1,0.1,0.1,1.2,0.1,0.9,139.9
121,43,1,16.5,6.7,1.4,0.4,0.3,0.4,6.4,0.4,5.7,741.6
97,34,1,6,2.6,1,0.4,0,0.1,2.6,0.2,2.3,312.8
98,34,1,1,0.4,0.2,0.1,0,0,0.4,0,0.4,52.1
81,20,1,2,0.7,0.1,0.1,0.3,0.1,0.4,0,0.5,64.6
110,41,1,2,0.9,0.2,0,0.1,0.1,0.8,0.1,0.6,93.3
112,41,1,2,0.9,0.2,0,0.1,0.1,0.8,0.1,0.6,93.3
110,60,0,48,17,1,0,1,1,16,3,16,1826
121,41,1,5,1.9,0.3,0.2,0.1,0.2,1.8,0.1,1.8,239.9
123,41,1,1,0.4,0.1,0,0,0,0.4,0,0.4,48
117,60,1,1,0.4,0.1,0,0,0,0.4,0,0.2,42.1
124,60,1,2,0.9,0.2,0,0,0,0.9,0,0.8,114.5
123,103,1,9,3.2,0.5,0.4,0.4,0.1,2.8,0.1,2.7,343.9
111,58,1,8,3.3,0.8,0.2,0.1,0.1,3.2,0.3,3,392
80,48,1,5,1.8,0.5,0.4,0.5,0.1,1.3,0.3,1.3,189.8
100,48,1,8,3.4,0.8,0.2,0.3,0.2,3.1,0.6,2.6,347.6
101,48,1,19,8,2,0.4,0.6,0.4,7.4,1.4,6.2,825.5
105,80,1,2,0.9,0.3,0,0.1,0,0.8,0.1,0.8,89.2
91,53,1,11,3.4,0.2,0.3,0,0.5,3.4,0.3,2.5,367.1
125,37,1,4,1.5,0.4,0.1,0.2,0.1,1.3,0.1,1.3,155
105,16,1,3,1.2,0.2,0.1,0.2,0,1,0.2,0.9,164.6
120,114,1,2,0.8,0.1,0,0,0,0.8,0,0.6,74.3
89,71,1,5,2,0.6,0.2,0,0.2,2,0.5,1.5,186
97,63,1,2,0.7,0.2,0.1,0.1,0.1,0.6,0.1,0.6,72
110,63,1,5,1.7,0.3,0.2,0.3,0.3,1.4,0.3,1.4,190.5
112,63,1,23,7.6,1.3,0.8,1.1,1.3,6.5,1.3,6.3,876.5
113,63,1,7,2.3,0.4,0.2,0.3,0.4,2,0.4,1.9,266.8
103,85,1,1,0.4,0.1,0,0,0,0.4,0,0.4,47.8
104,85,1,4,1.5,0.4,0.3,0.4,0.2,1.1,0.1,1.2,224.4
108,85,1,4,1.5,0.4,0.3,0.4,0.2,1.1,0.1,1.2,224.4
90,14,1,3,1.3,0.2,0.1,0.3,0,1,0.1,1,150.5
95,14,1,8,4.2,1.2,0,0.6,0.6,3.6,0.8,3.4,516.7
100,14,1,5,2.4,1,0.1,0.5,0.3,1.9,0.4,1.9,306.9
106,14,1,3,1.2,0.2,0.1,0.2,0,1,0.2,0.9,164.6
121,109,0,284,122,47,15,111,28,11,50,9,8488
124,109,0,85.5,35,8,3,5,1,30,2,28,3242
125,109,0,220,80,19,8,20,6,60,3,67,7301
118,77,1,5,1.8,0.4,0.4,0.2,0,1.6,0,1.7,184.5
124,28,1,7,2.8,0.4,0,0.2,0,2.6,0,2.3,357.4
101,69,1,8,3.2,1,0.2,0.4,0.2,2.8,0.3,2.7,384.7
109,69,1,1,0.4,0.1,0.1,0,0,0.4,0,0.3,42.4
110,69,1,1,0.4,0.1,0.1,0,0,0.4,0,0.3,42.4
111,69,1,10,3.6,1,0.6,0.2,0.1,3.4,0.2,2.8,424.1
113,69,1,6,2.2,0.6,0.4,0.2,0.1,2,0.1,1.7,254.4
118,69,1,6,2.2,0.4,0.3,0.1,0.2,2.1,0.1,1.9,246.6
108,91,1,3,1.1,0.1,0.1,0,0,1.1,0,1.1,134.3
95,72,1,13,5.2,1.4,0.2,0,0.7,5.2,0.9,4.3,516.4
102,72,1,6,2.4,0.3,0.1,0,0.1,2.4,0.3,2,286
103,72,1,4,1.6,0.2,0.1,0,0.1,1.6,0.2,1.4,190.6
125,31,1,6,2.4,0.4,0,0.2,0,2.2,0,2,306.4
82,15,1,6,2.3,0.8,0.3,0.3,0.2,2,0.9,1.2,252.2
85,15,1,15,5.9,1.8,0.8,0.4,0.1,5.5,0.7,5.1,641.5
86,15,1,3,1.2,0.4,0.2,0.1,0,1.1,0.1,1,128.3
88,15,1,2,0.8,0.2,0.1,0.1,0,0.7,0.1,0.7,85.5
103,57,0,49,29,18,1,25,2,4,7,2,1805
104,57,0,237,107,34,4,92,27,15,22,28,7548
109,57,0,32,11,1,2,0,1,11,1,9,1355
110,57,1,16,6.6,1.6,0.4,0.3,0.3,6.3,0.5,6,784
111,57,1,3,1.2,0.3,0.1,0,0.1,1.2,0.1,1.1,147
122,113,0,185.5,86,26,1,53,13,33,6,69,6920
97,53,1,2,0.8,0.2,0,0,0,0.8,0.1,0.8,96.9
123,97,1,2,0.9,0.3,0.1,0.3,0.1,0.6,0.1,0.7,84.9
102,70,1,4,1.6,0.5,0.1,0.2,0.1,1.4,0.2,1.3,192.3
106,45,1,2,0.9,0.2,0,0.1,0.1,0.8,0.1,0.6,93.3
110,45,1,2,0.9,0.2,0,0.1,0.1,0.8,0.1,0.6,93.3
126,70,1,6,2.2,0.4,0.3,0.1,0.3,2.1,0.1,1.5,249.4
79,34,1,3,1,0.1,0.1,0.2,0.1,0.8,0.2,0.7,87.2
95,43,0,39,15,2,1,0,1,15,0,15,1679
103,73,1,4,1.6,0.2,0.1,0,0.1,1.6,0.2,1.4,190.6
121,119,1,4,1.6,0.4,0.2,0.1,0.1,1.5,0.1,1.1,144.9
124,119,1,9,3.7,0.8,0.4,0.2,0.4,3.5,0.8,2.9,357.9
122,41,1,12,4.6,0.8,0.5,0.2,0.4,4.4,0.3,4.3,575.7
127,41,1,1,0.4,0.1,0,0.1,0,0.3,0,0.3,38.8
80,39,1,8,3.3,0.8,0.3,0,0.2,3.3,0.3,3.2,421.5
112,58,1,4,1.6,0.4,0.1,0,0.1,1.6,0.1,1.5,196
87,16,1,6,2.4,0.7,0.3,0.2,0.1,2.2,0.3,2.1,256.6
89,16,1,9,3.8,0.7,0.3,0.8,0.1,3,0.4,3.1,451.5
94,71,1,3,1.2,0.2,0.1,0,0.1,1.2,0.2,1.2,139.5
96,71,1,2,0.8,0.2,0.1,0,0.1,0.8,0.1,0.8,93
100,71,1,1,0.4,0.1,0,0,0,0.4,0,0.3,48.1
113,85,1,4,1.4,0.3,0.2,0.2,0.1,1.2,0.1,1.1,135.5
120,85,1,2,0.8,0.2,0.1,0.1,0.1,0.7,0.1,0.8,102.2
124,85,1,4,1.4,0.2,0.2,0.1,0.1,1.3,0.2,1.4,202.2
87,44,1,4,1.6,0.4,0,0.1,0.1,1.5,0.2,1.2,175.8
92,44,0,60,22,3,2,8,1,14,2,21,1985
95,44,0,227,117,63,5,92,9,25,27,40,8812
96,44,0,57,22,8,4,13,3,9,6,16,1985
98,44,1,2,0.9,0.2,0,0.2,0,0.7,0.1,0.6,86.6
87,61,1,13,5.4,1.5,0.2,1.3,0.4,4.1,0.4,3.9,584.7
125,123,1,13,4.4,1,0.8,1.2,0.6,3.2,0.7,2.8,474.7
122,42,1,14,5.7,1.2,0.3,0.3,0.3,5.4,0.3,4.8,629.2
91,12,1,2,0.8,0.2,0.1,0.2,0,0.6,0.1,0.7,100.3
90,69,1,2,0.8,0.2,0.1,0,0.1,0.8,0.2,0.6,74.4
108,69,1,8,3.4,0.9,0.2,0.5,0,2.9,0.3,2.6,313.8
111,96,1,6,2.1,0.2,0.1,0,0,2.1,0,1.8,267.8
112,96,1,10,3.5,0.3,0.1,0,0,3.5,0,3.1,446.4
115,99,1,4,1.4,0.4,0.3,0.2,0,1.2,0.1,1.3,152.6
116,99,0,53,13,0,4,2,0,11,0,12,1443
126,59,1,3,1.3,0.3,0,0,0,1.3,0,1.2,171.7
96,72,0,97.5,31,3,4,0,1,31,1,29,3163
97,72,0,76,28,4,2,1,5,27,3,27,2851
125,38,1,4,1.5,0.4,0.1,0.2,0.1,1.3,0.1,1.3,155
127,38,1,1,0.4,0.1,0,0.1,0,0.3,0,0.3,38.8
88,31,1,2,0.8,0.1,0.1,0,0.1,0.8,0,0.7,102
92,31,0,46,19,4,1,4,0,15,0,13,1761
107,61,0,76.5,32,6,0,0,1,32,1,30,3269
127,61,1,10,4.5,0.9,0.1,0.2,0,4.3,0.1,4.1,572.4
124,113,0,56,25,6,0,7,4,18,0,19,2249
83,53,1,4,1.5,0.4,0.1,0,0.1,1.5,0.1,1.1,156.6
114,70,1,8,2.9,0.6,0.4,0.1,0.3,2.8,0.2,2.5,328.7
115,70,1,8,2.9,0.6,0.4,0.1,0.3,2.8,0.2,2.5,328.7
119,22,1,2,0.8,0.1,0,0.1,0.1,0.7,0,0.4,78.1
90,43,1,2,0.7,0.1,0.1,0,0,0.7,0,0.6,68.3
91,43,0,49,18,2,2,0,4,18,1,16,1753
94,43,0,97,70,54,2,61,1,9,9,12,3243
126,92,0,223.5,67,8,13,12,11,55,10,16,5846
127,92,1,15,5.3,0.7,0.8,0.1,0.2,5.2,0.2,4.5,606.1
112,84,1,8,2.8,0.6,0.4,0.4,0.2,2.4,0.2,2.2,271
113,84,1,2,0.7,0.2,0.1,0.1,0,0.6,0,0.6,67.8
81,60,1,1,0.4,0.1,0,0,0,0.4,0,0.4,47.9
82,60,1,9,3.7,1,0.3,0,0.3,3.7,0.3,3.4,431
87,60,1,12.5,5.2,1.4,0.2,1.3,0.4,3.9,0.4,3.7,562.2
89,60,1,8,3.1,0.5,0,0.6,0.3,2.5,0.3,2.2,244.3
92,60,1,4,1.5,0.2,0,0.3,0.2,1.2,0.2,1.1,122.2
94,60,1,7,2.7,0.5,0.3,0.3,0.1,2.4,0.2,2,285.1
95,60,1,8,3.1,0.6,0.3,0.4,0.1,2.7,0.2,2.3,325.8
100,60,1,26,10.7,3.1,0.3,3.2,0.6,7.5,1.6,7.2,935.7
101,60,0,104.5,49,20,5,35,10,14,9,10,3813
102,60,0,81,27,2,4,0,2,27,1,25,2764
108,60,1,13.5,6.2,1.8,0,1.8,0.3,4.4,0.8,4.1,589.6
109,60,1,11,4.5,1.1,0.3,0.2,0.2,4.3,0.4,4.1,539
125,39,1,3,1.1,0.3,0.1,0.1,0.1,1,0.1,0.9,116.3
100,25,0,60.5,35,20,0,12,4,23,8,17,3805
106,61,0,105,41,6,1,2,4,39,4,33,3991
88,32,1,5,2.1,0.7,0.2,0.3,0.1,1.8,0.2,1.9,241.2
108,58,0,64.5,29,11,1,17,5,12,4,14,2519
102,48,0,52,29,10,0,2,0,27,1,28,2909
84,53,1,2,0.6,0,0.1,0,0.1,0.6,0.1,0.5,66.7
99,53,1,6,1.6,0.2,0.5,0,0,1.6,0.4,1.3,175.3
100,53,1,11,3,0.3,1,0.1,0,2.9,0.8,2.4,321.4
104,53,1,10,4.2,1.2,0,2.3,0.9,1.9,0.9,1.2,382.3
123,114,0,62,25,6,1,6,2,19,0,18,2354
127,106,1,16,5,0.4,0.8,0.2,0.2,4.8,0.4,4.1,564.9
96,63,1,4,1.5,0.3,0.1,0.2,0.2,1.3,0.2,1.2,143.9
98,71,1,5,2.1,0.4,0.2,0,0.2,2.1,0.2,1.9,232.5
120,106,0,140,49,5,7,0,4,49,3,42,4768
116,71,1,2,0.7,0.1,0.1,0,0.1,0.7,0,0.6,82.2
120,82,1,7,2.9,0.8,0.3,0.3,0.4,2.6,0.3,2.9,357.5
122,82,1,3,1.2,0.3,0.1,0.1,0.2,1.1,0.1,1.2,153.2
124,82,1,8,2.9,0.4,0.3,0.2,0.1,2.7,0.3,2.8,404.3
82,61,1,2,0.8,0.2,0.1,0,0.1,0.8,0.1,0.8,95.8
86,61,1,5,2.1,0.6,0.1,0.5,0.2,1.6,0.2,1.5,224.9
102,28,1,2,1,0.4,0,0.2,0.2,0.8,0.2,0.4,100.8
126,28,1,4,1.6,0.2,0,0.1,0,1.5,0,1.3,204.2
124,95,1,4,1.4,0.2,0.2,0,0.1,1.4,0.1,1.2,161.6
96,42,1,18,7.7,1.7,0,1.3,0.4,6.4,0.6,5.8,779.6
124,104,1,3,0.9,0.1,0.2,0,0,0.9,0.1,0.8,105.9
126,104,1,2,0.6,0.1,0.1,0,0,0.6,0.1,0.5,70.6
99,42,1,10,3.9,0.7,0.1,0.1,0.3,3.8,0.4,3.3,463.7
109,42,1,4,1.7,0.3,0.1,0.1,0.2,1.6,0.2,1.2,186.5
121,42,1,10,4.1,0.9,0.2,0.2,0.2,3.9,0.2,3.4,449.5
119,42,1,2,0.8,0.2,0,0,0,0.8,0,0.7,89.9
117,42,1,2,0.6,0,0,0,0.1,0.6,0.1,0.5,80.4
92,5,1,2,0.8,0.2,0,0.1,0.2,0.7,0.2,0.4,108.3
94,5,1,19,6.9,1,0.7,1.3,0.7,5.6,0.3,4.9,819.3
95,5,1,5,1.8,0.3,0.2,0.3,0.2,1.5,0.1,1.3,215.6
125,5,1,3,0.9,0.1,0.1,0.1,0.1,0.8,0.1,0.8,100.2
86,12,1,1,0.4,0.1,0.1,0,0,0.4,0,0.3,42.8
96,12,1,1,0.5,0.2,0,0.1,0.1,0.4,0.1,0.4,64.6
119,12,1,6,2.9,1.1,0.2,0.3,0,2.6,0.3,2.1,421.6
100,69,1,4,1.6,0.5,0.1,0.2,0.1,1.4,0.2,1.3,192.3
110,96,1,4,1.4,0.1,0.1,0,0,1.4,0,1.2,178.6
119,102,1,2,0.7,0.1,0.1,0.1,0,0.6,0,0.6,76.4
107,72,1,2,0.7,0.2,0.1,0.1,0,0.6,0,0.6,77.1
106,91,1,2,0.8,0.1,0.1,0,0,0.8,0,0.8,89.5
96,40,1,23,8.6,1,0.6,0,0.3,8.6,0.6,8.5,1078.8
78,43,1,4,1.7,0.7,0,0,0,1.7,0.3,1.6,204.5
108,86,1,2,0.7,0.2,0.1,0.2,0.1,0.5,0,0.6,112.2
121,86,1,8,3.3,0.9,0.3,0.3,0.5,3,0.3,3.3,408.6
126,86,1,10,3.6,0.5,0.4,0.3,0.1,3.3,0.4,3.4,505.4
127,86,1,15,5.4,0.8,0.6,0.4,0.2,5,0.6,5.2,758.1
95,31,1,7,3.1,0.4,0,0.5,0.1,2.6,0.1,2.5,352.5
98,31,1,4,1.8,0.2,0,0.3,0.1,1.5,0.1,1.4,201.4
78,39,1,7,3.5,0.8,0,0.4,0.4,3.1,0.6,2.5,365.4
102,57,0,38,12,1,2,0,0,12,2,11,1397
103,70,1,3,1.2,0.4,0.1,0.1,0.1,1.1,0.1,1,144.2
85,22,1,3,1.1,0.2,0.1,0.2,0.1,0.9,0.2,0.8,102.1
125,70,1,3,1.1,0.2,0.1,0.1,0.1,1,0.1,0.8,124.7
123,70,1,4,1.6,0.3,0.1,0.3,0.3,1.3,0.1,1.3,165.1
124,114,0,307,141,53,8,84,23,57,22,44,10732
92,43,0,138,50,5,6,0,2,50,6,42,4854
78,34,1,3,1.8,1.3,0.2,1,0,0.8,0.2,0.3,140.8
102,73,1,3,1.2,0.1,0,0,0,1.2,0.1,1,143
92,41,0,69.5,21,1,3,0,2,21,0,19,2140
107,60,0,79,34,6,0,0,4,34,1,29,3262
88,55,1,4,1.2,0.1,0.1,0,0.2,1.2,0.1,0.9,133.5
100,55,1,28,7.6,0.8,2.5,0.3,0,7.3,2,6.2,818.2
105,72,1,5,1.8,0.4,0.4,0.2,0,1.6,0,1.6,192.8
111,72,1,2,0.9,0.2,0,0.1,0,0.8,0.2,0.6,82.7
127,28,1,4,1.6,0.2,0,0.1,0,1.5,0,1.3,204.2
127,32,1,2,0.9,0.2,0.1,0,0.1,0.9,0.1,0.8,118.2
110,58,0,40,14,2,1,0,0,14,0,14,1772
123,94,1,10,3.9,0.7,0.3,0.2,0.1,3.7,0.3,3.1,459.6
125,94,1,27,9.5,1.2,1.4,0.2,0.4,9.3,0.4,8.1,1091
90,16,1,7,3,0.5,0.2,0.7,0.1,2.3,0.3,2.4,351.2
91,16,1,4,1.7,0.3,0.1,0.4,0.1,1.3,0.2,1.4,200.7
94,16,1,8,4.2,1.2,0,0.6,0.6,3.6,0.8,3.4,516.7
93,71,1,3,1.2,0.3,0.1,0,0.1,1.2,0.3,0.9,111.6
119,106,1,22,7.8,1.2,1,1,0.3,6.8,0.2,6.5,840.6
111,71,1,2,0.7,0.2,0.1,0,0,0.7,0,0.6,84.8
113,71,1,1,0.4,0.1,0.1,0,0,0.4,0,0.3,42.4
81,54,1,7,2.7,0.7,0.2,0.1,0.1,2.6,0.2,1.9,274
81,43,1,6,2.1,0.4,0.2,0.2,0.1,1.9,0,1.5,213
93,43,0,29,11,2,2,0,2,11,0,11,1090
121,94,1,6,2.3,0.4,0.2,0.1,0.1,2.2,0.2,1.9,275.7
86,14,1,16,6.3,1.9,0.9,0.4,0.1,5.9,0.7,5.5,684.3
88,35,1,11,4.7,1.5,0.4,0.7,0.2,4,0.4,4.2,530.5
123,7,1,2,0.9,0.4,0,0,0.1,0.9,0.2,0.7,123.2
90,31,1,23,7.4,0.9,1.2,1,0.6,6.4,1,6.4,826.5
85,28,1,4,1.6,0.3,0.1,0,0.3,1.6,0,1.5,204
93,61,1,1,0.4,0.1,0,0.1,0,0.3,0,0.3,30.5
113,28,1,3,1.5,0.6,0.1,0.2,0,1.3,0.2,1.1,210.8
102,61,0,61.5,26,4,1,1,2,25,3,24,2344
123,104,1,9,3.2,0.5,0.4,0.4,0.1,2.8,0.1,2.7,343.9
127,104,1,2,0.6,0.1,0.1,0,0,0.6,0.1,0.5,70.6
98,42,0,33,13,2,1,0,1,13,2,11,1327
114,42,1,7,2.2,0,0.1,0,0.2,2.2,0.4,1.8,281.3
116,42,1,8,2.5,0,0.1,0,0.3,2.5,0.4,2.1,321.5
122,112,0,374.5,214,94,1,198,32,16,7,126,15050
89,69,1,3,1.2,0.3,0.1,0,0.1,1.2,0.3,0.9,111.6
103,69,1,2,0.8,0.2,0,0.1,0,0.7,0.1,0.7,96.2
104,69,1,5,2.1,0.6,0.1,0.3,0,1.8,0.2,1.6,196.2
106,69,1,3,1.3,0.3,0.1,0.2,0,1.1,0.1,1,117.7
113,96,1,3,1,0.1,0,0,0,1,0,0.9,133.9
123,113,0,190,92,34,3,62,11,30,7,57,7617
102,91,1,4,1.4,0.4,0.2,0.1,0.1,1.3,0.3,1.2,153.7
105,91,1,4,1.5,0.2,0.2,0,0,1.5,0,1.5,179.1
102,49,1,1,0.4,0.1,0,0,0,0.4,0.1,0.3,43.4
99,17,1,3,1.4,0.4,0,0.3,0.2,1.1,0.2,1.1,159.3
100,17,1,7,3.1,0.9,0,0.6,0.4,2.5,0.4,2.6,371.7
119,24,1,11,4.3,0.7,0.2,0.2,0.5,4.1,0.2,2.4,429.7
123,24,1,2,0.8,0.1,0,0.1,0.1,0.7,0,0.4,78.1
86,31,1,11,4.5,0.8,0.4,0,0.8,4.5,0,4.1,561
99,31,1,3,1.4,0.5,0.1,0.3,0.3,1.1,0.2,0.7,151.2
87,23,1,23,8.5,1.3,0.7,1.7,1.1,6.8,1.8,6.4,782.7
96,67,1,6,2.5,0.5,0.2,0,0.2,2.5,0.3,2.3,279
100,57,0,121,41,5,6,6,4,35,3,37,4329
101,57,0,76,32,5,3,2,0,30,3,29,3345
104,61,1,6,2.7,0.8,0,0.8,0.1,1.9,0.3,1.8,262.1
105,61,0,103,43,8,1,0,4,43,1,42,4035
123,95,1,2,0.8,0.1,0.1,0,0,0.8,0.1,0.6,91.9
120,113,1,4,1.5,0.3,0.1,0,0.1,1.5,0.1,1.1,148.7
86,44,1,3,1.2,0.3,0,0.1,0.1,1.1,0.2,0.9,131.8
118,102,1,11,4.2,1,0.7,1.2,0.8,3,0.7,2.8,335.5
98,72,0,54.5,27,6,0,0,3,27,2,27,2505
126,94,0,130.5,39,3,5,6,6,33,3,18,3580
105,45,1,2,0.9,0.2,0,0.1,0.1,0.8,0.1,0.6,93.3
100,22,1,3,1.5,0.4,0,0,0.3,1.5,0.4,1,178.9
89,2,1,9,3.6,0.7,0.2,0.4,0.9,3.2,0.7,2,487.4
110,71,1,7,2.5,0.7,0.4,0.2,0.1,2.3,0.2,1.9,296.9
95,54,1,3,1.1,0.3,0,0,0,1.1,0.1,1.1,145.4
122,66,1,1,0.4,0.1,0,0.1,0,0.3,0.1,0.3,43.3
89,31,1,19,6.1,0.7,1,0.8,0.5,5.3,0.9,5.3,682.8
82,44,1,1,0.4,0.1,0,0.1,0,0.3,0,0.2,35.5
127,82,1,3,1.1,0.2,0.1,0.1,0,1,0.1,1,151.6
96,43,1,11,4.7,1.1,0,0.8,0.2,3.9,0.4,3.5,476.4
103,67,1,3,1.2,0.4,0.1,0.1,0.1,1.1,0.1,1,144.2
123,122,1,1,0.4,0.1,0.1,0.1,0,0.3,0.1,0.2,37.6
127,122,1,4,1.4,0.3,0.2,0.4,0.2,1,0.2,0.9,146.1
101,61,1,2,0.8,0.2,0,0.2,0,0.6,0.1,0.6,72
116,95,1,5,1.8,0.4,0.2,0.3,0.2,1.5,0.1,1.3,184
126,32,1,2,0.9,0.2,0.1,0,0.1,0.9,0.1,0.8,118.2
109,58,0,27,14,6,0,0,0,14,2,14,1692
103,48,1,4,1.7,0.4,0.1,0.1,0.1,1.6,0.3,1.3,173.8
76,44,1,4,1.7,0.7,0,0,0,1.7,0.3,1.6,204.5
105,53,1,19,8,2.2,0,4.4,1.8,3.6,1.8,2.2,726.4
114,53,1,4,1.5,0.3,0.1,0,0.1,1.5,0,0.8,168.3
115,53,1,1,0.4,0.1,0,0,0,0.4,0,0.2,42.1
118,53,1,3,1.1,0.2,0.1,0,0.1,1.1,0,0.6,126.2
92,16,1,7,3,0.5,0.2,0.7,0.1,2.3,0.3,2.4,351.2
93,16,1,18,7.6,1.4,0.6,1.7,0.3,5.9,0.8,6.2,903.1
127,53,1,2,0.8,0.1,0.1,0.1,0,0.7,0,0.7,96.5
126,40,1,10,3.7,1.1,0.4,0.4,0.2,3.3,0.4,3.2,387.5
125,114,0,323.5,111,20,15,69,23,42,30,42,9012
117,71,1,2,0.7,0.1,0.1,0,0.1,0.7,0,0.6,82.2
118,49,1,15.5,4.8,0,0.3,0,0.5,4.8,0.8,4,622.9
97,54,1,4,1.5,0.4,0,0,0,1.5,0.1,1.5,193.8
87,14,1,2,0.8,0.2,0.1,0.1,0,0.7,0.1,0.7,85.5
112,66,1,3,1,0.2,0.1,0.2,0.2,0.8,0.2,0.8,114.3
73,44,1,3,1.1,0.4,0.1,0.5,0.2,0.6,0.3,0.5,101.1
75,44,1,2,0.9,0.3,0,0,0,0.9,0.1,0.8,102.3
86,28,1,2,0.8,0.1,0.1,0,0.1,0.8,0,0.7,102
101,28,1,2,1,0.4,0,0.2,0.2,0.8,0.2,0.4,100.8
117,95,1,7,2.5,0.5,0.2,0.4,0.3,2.1,0.2,1.9,257.6
120,104,1,15,5.3,0.8,0.7,0.7,0.2,4.6,0.1,4.4,573.1
122,104,1,7,2.5,0.4,0.3,0.3,0.1,2.2,0.1,2.1,267.5
97,42,0,48,12,0,4,0,1,12,2,11,1746
119,112,1,3,1.1,0.2,0.1,0,0.1,1.1,0.1,0.9,111.5
123,42,1,4,1.6,0.3,0.1,0.1,0.1,1.5,0.1,1.4,179.8
93,69,1,1,0.4,0.1,0,0,0,0.4,0.1,0.3,37.2
105,54,0,120,58,28,3,31,4,27,12,33,4392
88,23,1,5,1.9,0.3,0.1,0.4,0.2,1.5,0.4,1.4,170.1
104,91,1,2,0.8,0.1,0.1,0,0,0.8,0,0.8,89.5
126,114,0,127,43,5,5,7,3,36,3,35,4506
108,59,1,9,4.1,1.2,0,1.2,0.2,2.9,0.5,2.7,393.1
111,59,1,21,8.6,2.2,0.5,0.4,0.4,8.2,0.7,7.9,1029
112,59,1,4,1.6,0.4,0.1,0,0.1,1.6,0.1,1.5,196
116,59,1,4,1.5,0.3,0.1,0,0.1,1.5,0,0.8,168.3
123,59,1,5,1.8,0.3,0.2,0,0.2,1.8,0,1,210.3
97,49,1,32,10.9,1.7,1.1,0.9,0.9,10,3,8.8,1169.4
104,49,1,4,1.7,0.3,0.1,0.1,0.2,1.6,0.2,1.2,186.5
86,24,1,3,1.1,0.2,0.1,0.2,0.1,0.9,0.2,0.8,102.1
87,24,1,6,2.2,0.3,0.2,0.4,0.3,1.8,0.5,1.7,204.2
88,24,1,3,1.1,0.2,0.1,0.2,0.1,0.9,0.2,0.8,102.1
89,24,1,6,2.6,0.9,0.1,0.9,0.1,1.7,0.4,1.3,326.6
99,24,1,2,1,0.3,0,0,0.2,1,0.3,0.7,119.3
102,24,1,2,1,0.3,0,0,0.2,1,0.3,0.7,119.3
104,54,0,120,49,17,5,24,7,25,9,14,3981
81,42,1,7,2.5,0.5,0.2,0.2,0.1,2.3,0,1.8,248.5
103,54,0,46,23,7,0,1,5,22,2,21,2231
100,72,1,3,1.2,0.1,0,0,0,1.2,0.1,1,143
83,22,1,2,0.7,0.2,0.1,0.1,0,0.6,0.2,0.6,72.1
121,70,1,1,0.4,0.1,0,0.1,0.1,0.3,0,0.3,41.3
122,70,1,12.5,4.9,0.8,0.4,0.8,0.8,4.1,0.4,3.9,515.9
87,13,1,2,0.8,0.2,0.1,0.1,0,0.7,0.1,0.7,85.5
107,71,1,2,0.8,0.2,0,0.1,0,0.7,0.1,0.7,78.5
98,49,1,15,5.1,0.8,0.5,0.4,0.4,4.7,1.4,4.1,548.1
117,49,1,2,0.6,0,0,0,0.1,0.6,0.1,0.5,80.4
80,54,1,8,3,0.8,0.2,0.1,0.1,2.9,0.2,2.2,313.1
103,84,1,2,0.8,0.2,0.1,0,0.1,0.8,0,0.8,95.6
104,84,1,3,1.1,0.3,0.2,0.3,0.1,0.8,0.1,0.9,168.3
108,84,1,5,1.8,0.5,0.3,0.4,0.2,1.4,0.1,1.5,280.5
105,60,0,111,50,14,1,33,8,17,5,33,3874
106,60,0,69,29,6,1,0,2,29,3,25,2931
91,20,1,5,1.7,0.1,0.2,0.2,0,1.5,0.3,1.5,195.9
106,55,0,254,104,33,8,34,7,70,12,73,9460
102,54,1,2,0.5,0.1,0.2,0,0,0.5,0.1,0.4,58.4
100,67,1,4,1.6,0.5,0.1,0.2,0.1,1.4,0.2,1.3,192.3
101,25,0,29,15,6,0,2,3,13,1,9,1610
99,61,1,16,6.6,1.9,0.2,2,0.4,4.6,1,4.4,575.8
118,95,0,49,17,4,2,5,0,12,1,11,1395
119,95,1,14,5.4,1,0.4,0.2,0.2,5.2,0.4,4.4,643.4
85,12,1,29,11.5,3.4,1.6,0.8,0.3,10.7,1.3,9.9,1240.2
121,113,1,4,1.5,0.3,0.1,0,0.1,1.5,0.1,1.1,148.7
97,31,1,2,0.9,0.1,0,0.2,0,0.7,0,0.7,100.7
124,102,1,4.5,1.4,0.1,0.2,0.1,0.1,1.3,0.1,1.2,158.9
85,16,1,10,4,1.2,0.5,0.3,0.1,3.7,0.5,3.4,427.7
83,16,1,8,3.1,1,0.4,0.4,0.2,2.7,1.2,1.6,336.2
124,53,1,2,0.8,0.1,0.1,0.1,0,0.7,0,0.7,96.5
125,53,1,2,0.8,0.1,0.1,0.1,0,0.7,0,0.7,96.5
127,114,1,8,3,0.7,0.2,0.4,0.4,2.6,0.2,2.7,340
84,13,0,20,11,4,0,6,0,5,1,6,799
100,49,1,2,0.8,0.2,0,0,0,0.8,0.2,0.6,86.9
101,49,1,2,0.8,0.2,0,0,0,0.8,0.2,0.6,86.9
120,49,1,10,4,1,0.3,0,0,4,0.3,3.7,389
126,110,0,122,35,0,5,0,4,35,0,32,3827
99,67,1,3,1.2,0.4,0.1,0.1,0.1,1.1,0.1,1,144.2
116,93,1,19,6.9,1.3,0.7,1.2,0.8,5.7,0.5,5,699.1
117,93,1,9,3.3,0.6,0.3,0.6,0.4,2.7,0.2,2.4,331.2
120,93,1,2,0.8,0.1,0.1,0,0,0.8,0.1,0.6,91.9
121,93,1,4,1.5,0.3,0.1,0,0.1,1.5,0.1,1.3,183.8
123,93,1,2,0.8,0.1,0.1,0,0,0.8,0.1,0.6,91.9
125,93,0,68,20,2,4,0,2,20,2,17,2440
101,72,1,2,0.8,0.1,0,0,0,0.8,0.1,0.7,95.3
95,23,1,1,0.4,0.2,0.1,0,0,0.4,0,0.4,54.1
93,28,1,2,0.6,0.1,0.1,0.1,0.1,0.5,0.1,0.6,71.9
97,28,1,2,0.9,0.1,0,0.2,0,0.7,0,0.7,100.7
100,61,1,23,9.4,2.8,0.3,2.8,0.6,6.6,1.4,6.4,827.7
115,95,1,19,6.9,1.3,0.7,1.2,0.8,5.7,0.5,5,699.1
122,95,1,6,2.3,0.4,0.2,0.1,0.1,2.2,0.2,1.9,275.7
120,21,1,2,1,0.4,0.1,0.1,0,0.9,0.1,0.7,140.5
121,104,0,59,27,4,0,1,0,26,0,26,2743
92,42,0,114,37,5,8,0,4,37,3,37,3604
95,42,0,56,21,5,2,4,0,17,2,16,2209
121,112,0,25,12,2,0,0,2,12,0,12,1201
84,12,0,31,13,3,1,4,3,9,2,7,1208
125,110,0,38,11,1,2,0,1,11,0,11,1224
89,67,1,3,1.2,0.3,0.1,0,0.1,1.2,0.3,0.9,111.6
109,91,1,4,1.5,0.4,0.1,0,0.1,1.5,0.1,1.4,189.5
82,13,1,2,0.8,0.3,0.1,0.1,0.1,0.7,0.3,0.4,84.1
121,49,1,3,1.2,0.3,0.1,0,0,1.2,0.1,1.1,116.7
84,44,1,3,1.2,0.3,0,0.1,0.1,1.1,0.2,0.9,131.8
112,102,1,4,1.6,0.6,0.1,0.3,0,1.3,0.4,1.3,172
125,67,1,4,1.4,0.3,0.2,0.1,0.2,1.3,0.1,1,166.3
117,78,1,10,3.5,0.8,0.8,0.4,0,3.1,0,3.3,369
94,42,1,12,5.2,1.2,0,0.9,0.3,4.3,0.4,3.9,519.7
123,102,1,11,3.9,0.6,0.5,0.5,0.2,3.4,0.1,3.2,420.3
81,22,1,8,2.9,0.8,0.4,0.5,0,2.4,0.8,2.4,288.4
86,22,1,4,1.5,0.2,0.1,0.3,0.2,1.2,0.3,1.1,136.1
91,22,1,3,1.3,0.4,0.1,0.4,0.1,0.9,0.2,0.7,163.3
92,22,1,6,2.6,0.9,0.1,0.9,0.1,1.7,0.4,1.3,326.6
104,59,0,122,42,8,8,4,6,38,7,40,3670
88,13,1,1,0.4,0.1,0.1,0,0,0.4,0,0.3,42.8
89,13,1,2,0.8,0.2,0.1,0.2,0,0.6,0.1,0.7,100.3
90,13,1,10,4.2,0.8,0.3,0.9,0.2,3.3,0.5,3.4,501.7
95,13,1,3,1.6,0.5,0,0.2,0.2,1.4,0.3,1.3,193.7
93,67,1,3,1.2,0.3,0.1,0,0.1,1.2,0.3,0.9,111.6
122,91,1,6,2.5,0.7,0.1,0.7,0.1,1.8,0,2.2,324.9
85,14,1,7,2.8,0.8,0.4,0.2,0.1,2.6,0.3,2.4,299.4
96,20,1,1.5,0.7,0.2,0,0.1,0.1,0.6,0.1,0.6,79.7
100,20,1,3,1.4,0.4,0,0.3,0.2,1.1,0.2,1.1,159.3
103,55,0,156.5,66,18,4,18,8,48,12,34,5795
120,12,1,3,1.5,0.6,0.1,0.2,0,1.3,0.2,1.1,210.8
113,66,1,6,2,0.3,0.2,0.3,0.3,1.7,0.3,1.6,228.6
127,110,1,16,5.3,1.1,1.1,0.4,0,4.9,0.4,5,542.9
89,23,1,4,1.8,0.6,0.1,0.6,0.1,1.2,0.3,0.9,217.8
88,22,1,6,2.2,0.3,0.2,0.4,0.3,1.8,0.5,1.7,204.2
115,104,1,2,0.8,0.2,0.1,0.2,0.2,0.6,0.1,0.5,61
125,112,0,33,15,3,0,1,0,14,2,14,1467
125,32,1,9,4.2,1,0.2,0,0.5,4.2,0.5,3.8,532
126,68,1,3,1.1,0.2,0.1,0.1,0.1,1,0.1,0.8,124.7
117,66,1,4,1.5,0.4,0.1,0.1,0.1,1.4,0.1,1.1,173.3
88,67,1,8,2.5,1.1,0.8,0.2,0,2.3,0.4,1.9,268.6
84,14,1,10,4,1.2,0.5,0.3,0.1,3.7,0.5,3.4,427.7
105,59,0,74,38,18,1,26,3,12,2,16,3141
122,71,1,2,0.8,0.1,0.1,0.1,0.1,0.7,0.1,0.6,82.6
107,49,1,2,0.9,0.2,0,0.1,0.1,0.8,0.1,0.6,93.3
118,70,1,5,1.8,0.3,0.2,0,0.2,1.8,0.1,1.6,205.5
123,91,1,17,7,2.1,0.4,2,0.4,5,0,6.2,920.5
90,35,1,5,1.7,0.2,0.2,0,0.1,1.7,0.2,1.5,189.4
83,7,1,5,2.2,0.6,0.1,0,0.2,2.2,0.1,1.4,209.1
88,7,1,2.5,1.2,0.4,0.1,0.3,0.1,0.9,0.1,1,151.5
107,7,1,4,1.9,0.8,0.1,0,0.3,1.9,0.4,1.4,246.5
114,67,1,4,1.5,0.3,0.2,0.1,0.1,1.4,0.1,1.2,164.4
98,57,1,11,4.3,0.9,0.4,0.6,0.1,3.7,0.3,3.1,448
99,57,0,38,14,4,2,0,0,14,1,12,1313
126,91,0,53,22,7,1,5,2,17,0,16,2157
109,95,1,3,1,0.1,0,0,0,1,0,0.9,133.9
79,42,1,4,1.4,0.3,0.1,0.1,0.1,1.3,0,1,142
91,42,0,162.5,58,6,5,0,1,58,2,55,5320
90,42,1,10,3.5,0.6,0.6,0.1,0.1,3.4,0,3,341.6
93,42,0,96,30,5,5,0,4,30,8,20,3149
123,112,0,179.5,96,40,2,94,19,2,14,26,6672
120,102,1,3,1.1,0.2,0.1,0.2,0,0.9,0,0.9,114.6
101,84,1,5,2.1,0.5,0.2,0,0.2,2.1,0,2,239.1
110,91,1,11,4.3,1.1,0.4,0.2,0.2,4.1,0.2,3.7,521.1
124,91,0,210.5,62,5,11,6,14,56,6,35,5602
82,19,1,5,1.7,0.2,0.3,0.8,0.1,0.9,0,1.2,161.6
83,19,1,4,1.3,0.2,0.2,0.6,0.1,0.7,0,1,129.3
106,59,1,5,2.3,0.7,0,0.7,0.1,1.6,0.3,1.5,218.4
105,71,1,1,0.4,0.1,0,0,0,0.4,0,0.3,39.2
103,49,1,1,0.4,0.1,0,0,0,0.4,0.1,0.3,43.4
90,23,1,4,1.8,0.6,0.1,0.6,0.1,1.2,0.3,0.9,217.8
102,17,1,1,0.4,0.1,0,0.1,0,0.3,0,0.4,53.1
117,70,1,4,1.5,0.3,0.2,0.1,0.1,1.4,0.1,1.2,164.4
97,74,0,26.5,12,2,0,0,1,12,0,12,1466
87,22,1,14,5.2,0.8,0.4,1.1,0.7,4.1,1.1,3.9,476.4
125,75,1,6,2,0,0.2,0.2,0.3,1.8,0.2,1.6,222.4
121,102,1,9,3.2,0.5,0.4,0.4,0.1,2.8,0.1,2.7,343.9
122,102,0,39,13,0,1,0,1,13,0,13,1433
127,67,1,6,2.2,0.4,0.3,0.1,0.3,2.1,0.1,1.5,249.4
97,57,1,9,3.5,0.7,0.4,0.5,0.1,3,0.2,2.6,366.5
115,74,0,48,15,1,1,0,1,15,2,14,1766
83,14,1,3,1.2,0.4,0.2,0.2,0.1,1,0.5,0.6,126.1
95,21,1,3,1.4,0.4,0,0.3,0.2,1.1,0.2,1.1,159.3
101,21,1,3,1.4,0.4,0,0.3,0.2,1.1,0.2,1.1,159.3
102,21,1,5,2.2,0.7,0,0.4,0.2,1.8,0.2,1.8,265.5
120,112,1,15,5.7,1.1,0.4,0.2,0.4,5.5,0.4,4.3,557.6
82,16,1,4,1.5,0.5,0.2,0.2,0.1,1.3,0.6,0.8,168.1
92,38,1,16,5.4,0.7,1,0.6,0.3,4.8,0.3,4,595.3
116,74,0,82,29,6,3,1,4,28,1,25,3300
127,91,0,100,47,18,3,16,10,31,9,24,4030
84,19,0,62,25,6,3,10,5,15,3,11,2068
88,19,1,4,1.9,0.4,0,0.2,0.3,1.7,0.2,1.8,216.5
125,106,1,9,2.8,0.2,0.5,0.1,0.1,2.7,0.2,2.3,317.7
104,71,1,2,0.8,0.2,0,0.1,0,0.7,0.1,0.7,78.5
82,50,1,3,1.1,0.3,0.2,0.3,0.1,0.8,0.2,0.8,113.9
83,50,1,2,0.7,0.2,0.1,0.2,0,0.5,0.1,0.5,75.9
100,75,1,3,1.2,0.1,0,0,0,1.2,0.1,1,143
117,74,1,2,0.8,0.2,0.1,0,0.1,0.8,0.1,0.7,78.8
112,60,1,2,0.8,0.2,0.1,0,0,0.8,0.1,0.8,98
113,60,1,1,0.4,0.1,0,0,0,0.4,0,0.4,49
101,20,1,3,1.4,0.4,0,0.3,0.2,1.1,0.2,1.1,159.3
102,20,1,5,2.2,0.7,0,0.4,0.2,1.8,0.2,1.8,265.5
104,55,0,147,65,25,6,46,14,19,16,13,4815
107,55,0,96,36,9,3,3,1,33,5,30,3484
122,67,1,4,1.6,0.3,0.1,0.3,0.3,1.3,0.1,1.3,165.1
98,74,1,11,4.4,1.2,0.2,0,0.6,4.4,0.8,3.7,436.9
86,42,1,2,0.8,0.2,0,0,0.1,0.8,0.1,0.6,87.9
101,71,1,4,1.6,0.5,0.1,0.2,0.1,1.4,0.2,1.3,192.3
85,19,0,60,22,4,3,2,4,20,2,17,2043
86,19,0,135,64,31,5,46,6,18,16,25,4735
124,106,0,183,62,7,5,1,7,61,3,50,5398
117,99,1,9,3.2,0.8,0.6,0.4,0,2.8,0.2,3,343.4
98,23,1,3,1.2,0.5,0.2,0.1,0,1.1,0.1,1.1,162.3
127,93,0,53,20,2,2,0,1,20,1,19,2256
116,91,0,40,13,3,3,2,0,11,3,11,1332
117,91,1,10,3.7,0.7,0.2,0.3,0.7,3.4,1.2,1.7,450.3
82,14,1,4,1.5,0.5,0.2,0.2,0.1,1.3,0.6,0.8,168.1
108,67,1,1,0.4,0.1,0,0,0,0.4,0,0.3,39.2
93,74,1,8,3.3,1.2,0.6,0.9,0,2.4,0.3,2.8,308.9
95,74,1,4,1.6,0.4,0.1,0,0.2,1.6,0.3,1.3,158.9
82,42,1,5,1.8,0.4,0.2,0.2,0.1,1.6,0,1.2,177.5
85,42,1,5,2.1,0.4,0,0.2,0.1,1.9,0.3,1.5,219.7
83,59,1,3,1.2,0.3,0.1,0,0.1,1.2,0.1,1.1,143.7
110,59,0,52,18,3,4,0,1,18,1,17,1727
86,59,1,8,3.3,0.9,0.1,0.8,0.3,2.5,0.3,2.4,359.8
78,38,1,3,1.5,0.3,0,0.2,0.2,1.3,0.2,1.1,156.6
87,19,1,15,7.3,1.6,0,1,1,6.3,0.7,6.9,812
102,84,1,3,1.3,0.3,0.1,0,0.1,1.3,0,1.2,143.5
111,91,1,4,1.5,0.4,0.1,0,0.1,1.5,0.1,1.4,189.5
77,38,1,2,1,0.2,0,0.1,0.1,0.9,0.2,0.7,104.4
96,74,1,6,2.4,0.7,0.1,0,0.3,2.4,0.4,2,238.3
125,91,0,63.5,20,0,0,0,2,20,1,20,2246
111,73,1,7,3,0.8,0.1,0.3,0.1,2.7,0.8,2.3,289.5
99,23,1,1,0.5,0.1,0,0,0.1,0.5,0.1,0.3,59.6
100,23,1,2,1,0.3,0,0,0.2,1,0.3,0.7,119.3
101,55,0,108,42,7,4,0,5,42,3,40,4436
89,38,1,5,1.7,0.2,0.3,0.2,0.1,1.5,0.1,1.2,186
103,71,1,7,2.8,0.9,0.1,0.3,0.1,2.5,0.3,2.3,336.6
114,91,1,6,2.2,0.4,0.1,0.2,0.4,2,0.7,1,270.2
121,67,1,3,1.2,0.2,0.1,0.2,0.2,1,0.1,0.9,123.8
123,106,0,123,51,7,5,0,6,51,4,48,5425
96,41,0,49.5,15,1,2,0,1,15,2,15,1771
114,60,1,2,0.7,0.1,0.1,0,0.1,0.7,0,0.4,84.1
127,73,1,4,1.3,0,0.1,0.1,0.2,1.2,0.1,1.1,148.3
126,112,0,217,108,50,6,85,10,23,9,54,6974
101,24,1,3,1.5,0.4,0,0,0.3,1.5,0.4,1,178.9
102,71,1,2,0.8,0.2,0,0.1,0,0.7,0.1,0.7,96.2
126,93,0,70.5,25,4,2,0,4,25,3,17,2400
113,67,1,17.5,6.3,1.7,1,0.4,0.2,5.9,0.4,4.8,742.1
107,59,0,118.5,42,5,5,1,6,41,2,36,4085
92,19,1,2,0.7,0,0.1,0.1,0,0.6,0.1,0.6,78.4
91,38,1,4,1.3,0.2,0.2,0.1,0.1,1.2,0.1,1,148.8
90,19,1,2,0.7,0,0.1,0.1,0,0.6,0.1,0.6,78.4
127,112,0,55,16,1,3,0,0,16,1,16,1763
94,38,1,13,4.9,0.6,0.3,0,0.2,4.9,0.3,4.8,609.8
82,38,1,2,0.8,0.2,0.1,0,0,0.8,0.1,0.8,105.4
110,67,1,3,1.1,0.3,0.2,0.1,0,1,0.1,0.8,127.2
116,73,1,12,4.6,1.3,0.6,0.1,0.4,4.5,0.4,4.2,472.7
111,19,1,12,4.3,0.7,0.3,0.7,0.7,3.6,1,4,482.3
106,73,1,3,1.1,0.3,0.2,0.1,0,1,0,1,115.7
127,84,1,5,1.8,0.3,0.2,0.1,0.1,1.7,0.2,1.7,252.7
117,73,1,12,4.6,1.3,0.6,0.1,0.4,4.5,0.4,4.2,472.7
81,50,1,9,3.3,0.8,0.7,0.9,0.2,2.4,0.5,2.3,341.7
110,19,1,2,0.7,0.1,0.1,0.1,0.1,0.6,0.2,0.7,80.4
123,84,0,31,12,1,1,0,1,12,0,8,1349
112,73,1,9,3.9,1,0.1,0.4,0.1,3.5,1,2.9,372.2
125,60,1,1,0.4,0.1,0,0,0,0.4,0,0.4,57.2
91,35,1,9,3.1,0.3,0.3,0,0.2,3.1,0.4,2.7,341
115,73,1,5,1.9,0.5,0.2,0,0.2,1.9,0.2,1.7,196.9
119,73,1,2,0.8,0,0,0,0.2,0.8,0.1,0.7,81.9
118,73,1,5,1.9,0.5,0.2,0,0.2,1.9,0.2,1.7,196.9
93,41,1,5,1.7,0.2,0.3,0.2,0.1,1.5,0.1,1.2,186
103,59,0,106,40,8,5,2,3,38,2,31,3559
107,84,1,5,1.8,0.5,0.3,0.4,0.2,1.4,0.1,1.5,280.5
85,38,1,4,1.9,0.5,0,0.1,0.1,1.8,0.1,1.8,216.9
94,41,1,7,2.6,0.3,0.2,0,0.1,2.6,0.2,2.6,328.3
93,19,1,1,0.3,0,0,0,0,0.3,0.1,0.3,39.2
113,73,1,8,3.5,0.9,0.1,0.4,0.1,3.1,0.9,2.6,330.8
108,19,1,2,0.8,0.2,0.1,0.1,0,0.7,0.1,0.6,106
120,84,1,6,2.5,0.7,0.2,0.2,0.3,2.3,0.2,2.5,306.5
95,41,0,35.5,13,1,1,0,1,13,0,13,1706
124,108,0,40,14,2,3,0,0,14,0,13,1322
113,20,1,4,1.4,0.2,0.1,0.2,0.2,1.2,0.3,1.3,160.8
102,59,0,88,39,13,4,11,4,28,6,25,3488
93,35,1,6,2.1,0.2,0.2,0.1,0.1,2,0.3,1.8,227.3
94,35,1,3,1.3,0.5,0.2,0,0.1,1.3,0.1,1.2,156.4
122,84,0,60.5,19,1,3,0,1,19,1,17,2285
121,99,1,4.5,2,0.7,0.2,0.6,0.1,1.4,0.3,1.6,191.1
117,84,1,6,2.7,1.3,0.2,0.4,0.2,2.3,1.1,1,385.3
126,60,1,3,1.3,0.3,0,0,0,1.3,0,1.2,171.7
122,106,0,131.5,55,7,2,0,5,55,2,55,5450
95,38,1,21,7.8,0.9,0.5,0,0.3,7.8,0.5,7.7,985
115,75,1,24,9.1,2.6,1.2,0.2,0.8,8.9,0.8,8.3,945.3
91,59,1,3,1.2,0.2,0,0.3,0.1,0.9,0.1,0.8,91.6
120,99,1,1,0.4,0.2,0,0.1,0,0.3,0.1,0.3,42.5
122,73,1,2,0.8,0,0,0,0.2,0.8,0.1,0.7,81.9
123,23,1,1,0.4,0.1,0,0,0,0.4,0,0.2,39.1
107,19,1,1,0.4,0.1,0,0,0,0.4,0,0.3,53
89,59,1,2,0.8,0.1,0,0.2,0.1,0.6,0.1,0.5,61.1
84,59,1,6,2.5,0.7,0.1,0.6,0.2,1.9,0.2,1.8,269.9
96,59,1,10,3.9,0.8,0.4,0.5,0.1,3.4,0.3,2.9,407.3
123,99,1,9,4,1.4,0.4,1.3,0.3,2.7,0.5,3.1,382.1
117,38,1,2,0.7,0.1,0.1,0,0,0.7,0.1,0.6,72.7
102,55,0,134,73,32,1,45,8,28,4,47,5653
106,19,1,2,0.8,0.2,0.1,0.1,0,0.7,0.1,0.6,106
121,38,1,2,0.8,0.1,0.1,0.1,0.1,0.7,0,0.7,96
125,84,1,4,1.4,0.2,0.2,0.1,0.1,1.3,0.2,1.4,202.2
103,19,1,2,0.9,0.3,0,0.2,0.1,0.7,0.1,0.7,106.2
88,59,1,8,3.3,0.9,0.1,0.8,0.3,2.5,0.3,2.4,359.8
125,108,0,37,16,4,1,0,4,16,0,15,1804
98,59,1,5,1.9,0.4,0.2,0.2,0.1,1.7,0.1,1.4,203.6
101,23,1,3,1.5,0.4,0,0,0.3,1.5,0.4,1,178.9
109,59,0,108,41,6,3,2,3,39,5,36,4116
96,19,1,1,0.4,0.1,0,0.1,0,0.3,0,0.4,53.1
114,75,1,1,0.4,0.1,0,0,0,0.4,0,0.3,39.4
101,59,1,4,1.6,0.5,0,0.5,0.1,1.1,0.2,1.1,144
102,19,1,2,0.9,0.3,0,0.2,0.1,0.7,0.1,0.7,106.2
123,108,0,102,56,23,0,3,1,53,4,54,5194
99,59,1,4,1.6,0.5,0,0.5,0.1,1.1,0.2,1.1,144
96,38,1,11,4.1,0.5,0.3,0,0.2,4.1,0.3,4.1,515.9
121,75,1,6,2.3,0.1,0.1,0,0.7,2.3,0.4,2,245.8
121,106,0,176,73,16,3,4,6,69,6,58,6946
118,106,1,20,7.6,1.8,1.2,2.1,1.5,5.5,1.2,5.2,610
94,19,1,1,0.4,0.1,0,0.1,0,0.3,0,0.4,53.1
95,59,1,1,0.4,0.1,0,0.1,0,0.3,0,0.3,40.7
123,75,1,2,0.8,0,0,0,0.2,0.8,0.1,0.7,81.9
122,108,0,185.5,84,31,6,67,21,17,29,15,6240
79,50,1,7,2.6,0.7,0.5,0.8,0.1,1.8,0.4,1.8,265.8
111,75,1,3,1.3,0.3,0,0.1,0,1.2,0.3,1,124.1
116,75,1,18,6.8,1.9,0.9,0.1,0.6,6.7,0.6,6.2,709
119,23,1,6,2.3,0.4,0.1,0.1,0.3,2.2,0.1,1.3,234.4
98,38,1,2,0.7,0.1,0,0,0,0.7,0,0.7,93.8
78,50,1,1,0.4,0.1,0,0.1,0.1,0.3,0.1,0.3,48.3
118,108,1,5,2,0.7,0.3,1.2,0.3,0.8,0.6,0.8,162.1
122,75,1,2,0.8,0,0,0,0.2,0.8,0.1,0.7,81.9
112,75,1,2,0.9,0.2,0,0.1,0,0.8,0.2,0.6,82.7
121,108,0,224,118,47,0,89,12,29,8,90,9092
100,59,0,68,23,3,3,0,1,23,0,22,2011
122,38,1,9,3.5,0.6,0.4,0.2,0.3,3.3,0.2,3.2,431.8
104,75,1,3,1.1,0.3,0.2,0.1,0,1,0,1,115.7
120,108,1,3,0.9,0.1,0.2,0.2,0,0.7,0,0.8,81.8
99,38,1,6,2.1,0,0,0.3,0,1.8,0.1,1.8,276.7
124,75,1,4,1.3,0,0.1,0.1,0.2,1.2,0.1,1.1,148.3
126,108,0,57,16,2,5,0,1,16,0,16,1700
119,108,0,137.5,71,28,2,44,7,27,8,58,5530
97,38,1,4,1.5,0.2,0.1,0,0.1,1.5,0.1,1.5,187.6
123,38,1,10,3.9,0.6,0.4,0.2,0.3,3.7,0.2,3.6,479.8
103,75,1,2,0.8,0.1,0,0,0,0.8,0.1,0.7,95.3
124,38,1,4,1.5,0.4,0.1,0.2,0.1,1.3,0.1,1.3,155
