x,y,imputed,ind,log_45_70,log_70_90,log_ap90,log_av45,log_inc,log_soc
0,121,1,2.0,0.0,0.1,0.2,0.6,0.0,0.0
0,122,1,1.0,0.0,0.0,0.1,0.3,0.0,0.0
0,123,1,6.0,0.0,0.4,0.5,1.8,0.0,0.0
0,124,1,6.0,0.0,0.4,0.5,1.8,0.0,0.0
0,125,1,2.0,0.0,0.1,0.1,0.5,0.0,0.0
0,126,1,1.5,0.0,0.1,0.1,0.3,0.0,0.0
1,113,1,8.0,0.0,0.4,0.4,3.1,0.0,0.0
1,121,1,2.0,0.0,0.1,0.2,0.6,0.0,0.0
1,122,1,14.0,0.0,0.9,1.1,4.3,0.0,0.0
1,123,1,20.0,0.0,1.3,1.5,6.2,0.0,0.0
1,124,1,12.0,0.0,0.8,0.9,3.7,0.0,0.0
1,125,1,3.0,0.0,0.1,0.2,0.7,0.0,0.0
1,126,1,3.0,0.0,0.1,0.2,0.7,0.0,0.0
2,116,1,1.0,0.0,0.1,0.0,0.3,0.0,0.0
2,120,1,5.0,0.0,0.2,0.7,0.6,0.0,0.0
2,121,1,3.0,0.0,0.1,0.4,0.4,0.0,0.0
2,123,1,4.0,0.0,0.2,0.5,0.5,0.0,0.0
2,124,1,11.0,0.0,0.4,1.4,1.4,0.0,0.0
2,125,1,1.0,0.0,0.1,0.1,0.2,0.0,0.0
3,55,1,3.0,0.0,0.2,0.2,1.2,0.0,0.0
3,113,1,4.0,0.0,0.3,0.1,1.2,0.0,0.0
3,114,1,3.0,0.0,0.2,0.1,0.9,0.0,0.0
3,117,1,8.0,0.0,0.5,0.2,2.5,0.0,0.0
3,124,1,6.0,0.0,0.2,0.8,0.7,0.0,0.0
4,55,1,5.0,0.0,0.4,0.3,2.0,0.0,0.0
4,113,1,1.0,0.0,0.1,0.0,0.3,0.0,0.0
4,116,1,3.0,0.0,0.2,0.1,0.9,0.0,0.0
4,125,1,2.0,0.0,0.2,0.2,0.4,0.0,0.0
4,126,1,6.0,0.0,0.5,0.6,1.3,0.0,0.0
5,55,1,6.0,0.0,0.5,0.4,2.4,0.0,0.0
5,57,1,11.0,0.0,1.0,0.7,4.3,0.0,0.0
5,58,1,6.0,0.0,0.5,0.4,2.4,0.0,0.0
5,112,1,1.0,0.0,0.1,0.0,0.3,0.0,0.0
5,125,1,1.0,0.0,0.1,0.1,0.2,0.0,0.0
5,126,1,9.0,0.0,0.7,0.9,2.0,0.0,0.0
6,52,1,3.0,0.2,0.2,0.1,1.0,0.0,0.0
6,55,1,2.0,0.0,0.2,0.1,0.8,0.0,0.0
6,112,1,6.0,0.0,0.4,0.1,1.9,0.0,0.0
6,115,1,10.0,0.0,0.7,0.2,3.1,0.0,0.0
6,116,1,6.0,0.0,0.4,0.1,1.9,0.0,0.0
6,117,1,2.0,0.0,0.1,0.1,0.6,0.0,0.0
6,123,1,6.0,0.0,0.2,0.8,0.7,0.0,0.0
6,125,1,3.0,0.0,0.2,0.3,0.7,0.0,0.0
7,53,1,3.0,0.2,0.2,0.1,1.0,0.0,0.0
7,54,1,1.0,0.1,0.1,0.0,0.3,0.0,0.0
7,111,1,6.0,0.2,0.4,0.6,1.3,0.0,0.0
7,114,1,6.0,0.2,0.4,0.6,1.3,0.0,0.0
7,115,1,1.0,0.0,0.1,0.1,0.3,0.0,0.0
7,116,1,3.0,0.0,0.3,0.4,0.8,0.0,0.0
7,117,1,3.0,0.0,0.3,0.4,0.8,0.0,0.0
7,124,1,7.0,0.0,0.2,0.9,0.9,0.0,0.0
7,125,1,1.0,0.0,0.1,0.2,0.1,0.0,0.0
8,53,1,3.0,0.2,0.2,0.1,1.0,0.0,0.0
8,54,1,1.0,0.1,0.1,0.0,0.3,0.0,0.0
8,55,1,2.0,0.1,0.1,0.1,0.7,0.0,0.0
8,114,1,4.0,0.2,0.3,0.4,0.8,0.0,0.0
8,116,1,2.0,0.0,0.2,0.3,0.5,0.0,0.0
8,117,1,1.0,0.0,0.1,0.1,0.3,0.0,0.0
8,119,1,6.0,0.0,0.7,0.7,1.5,0.0,0.0
8,122,1,2.0,0.0,0.1,0.3,0.2,0.0,0.0
8,123,1,4.0,0.0,0.2,0.5,0.5,0.0,0.0
8,127,1,12.0,0.2,0.5,2.6,1.6,0.0,0.0
9,55,1,2.0,0.1,0.1,0.1,0.7,0.0,0.0
9,56,1,3.0,0.2,0.2,0.1,1.0,0.0,0.0
9,111,1,4.0,0.2,0.3,0.4,0.8,0.0,0.0
9,114,1,2.0,0.1,0.1,0.2,0.4,0.0,0.0
9,115,1,3.0,0.0,0.3,0.4,0.8,0.0,0.0
9,116,1,3.0,0.0,0.3,0.4,0.8,0.0,0.0
9,118,1,6.0,0.0,0.7,0.7,1.5,0.0,0.0
9,127,1,16.0,0.3,0.6,3.5,2.2,0.0,0.0
10,112,1,6.0,0.2,0.4,0.6,1.3,0.0,0.0
10,117,1,2.0,0.0,0.2,0.3,0.5,0.0,0.0
10,118,1,3.0,0.0,0.3,0.4,0.8,0.0,0.0
10,120,1,3.0,0.0,0.1,0.4,0.4,0.0,0.0
10,122,1,3.0,0.0,0.1,0.4,0.4,0.0,0.0
10,124,1,1.0,0.0,0.1,0.1,0.1,0.0,0.0
11,112,1,1.0,0.0,0.1,0.1,0.2,0.0,0.0
11,119,1,2.0,0.0,0.2,0.3,0.5,0.0,0.0
11,125,1,1.0,0.0,0.1,0.2,0.1,0.0,0.0
12,112,1,2.5,0.0,0.1,0.1,0.8,0.0,0.0
12,114,1,2.0,0.0,0.1,0.1,0.6,0.0,0.0
12,117,1,7.0,0.0,0.3,0.4,2.2,0.0,0.0
12,120,1,6.0,0.1,0.2,0.1,2.0,0.0,0.0
12,122,1,4.0,0.1,0.1,0.1,1.3,0.0,0.0
12,124,1,2.0,0.0,0.1,0.0,0.7,0.0,0.0
12,125,1,5.0,0.1,0.2,0.1,1.6,0.0,0.0
13,54,1,2.0,0.1,0.1,0.1,0.7,0.0,0.0
13,113,1,4.0,0.0,0.1,0.2,1.3,0.0,0.0
13,117,1,8.0,0.0,0.3,0.5,2.5,0.0,0.0
13,123,1,1.0,0.0,0.1,0.0,0.3,0.0,0.0
13,126,1,6.0,0.1,0.2,0.1,2.0,0.0,0.0
14,115,1,1.0,0.0,0.0,0.1,0.3,0.0,0.0
14,116,1,2.0,0.0,0.1,0.1,0.6,0.0,0.0
14,119,1,1.0,0.0,0.0,0.1,0.3,0.0,0.0
15,53,1,7.0,0.4,0.4,0.2,2.4,0.0,0.0
15,60,1,1.0,0.0,0.1,0.1,0.4,0.0,0.0
15,61,1,1.0,0.0,0.1,0.1,0.4,0.0,0.0
15,62,1,20.0,0.7,1.1,1.1,8.2,0.0,0.0
15,63,1,15.0,0.6,0.8,0.8,6.1,0.0,0.0
15,68,1,1.0,0.0,0.1,0.0,0.3,0.0,0.0
15,114,1,2.0,0.0,0.1,0.1,0.6,0.0,0.0
16,54,1,2.0,0.1,0.1,0.1,0.7,0.0,0.0
16,59,1,3.0,0.2,0.2,0.1,1.0,0.0,0.0
16,60,1,1.0,0.0,0.1,0.1,0.4,0.0,0.0
16,61,1,4.0,0.2,0.2,0.2,1.6,0.0,0.0
16,62,1,4.0,0.2,0.2,0.2,1.6,0.0,0.0
16,63,1,7.0,0.3,0.4,0.4,2.8,0.0,0.0
16,64,1,1.0,0.0,0.1,0.1,0.4,0.0,0.0
16,113,1,2.0,0.0,0.1,0.1,0.6,0.0,0.0
16,116,1,1.0,0.0,0.0,0.1,0.3,0.0,0.0
16,122,1,1.0,0.0,0.1,0.0,0.3,0.0,0.0
16,127,1,4.0,0.1,0.1,0.1,1.3,0.0,0.0
17,63,1,2.0,0.0,0.2,0.1,0.6,0.0,0.0
17,64,1,4.0,0.1,0.3,0.1,1.3,0.0,0.0
17,65,1,2.0,0.0,0.2,0.1,0.6,0.0,0.0
17,69,1,4.0,0.1,0.3,0.1,1.3,0.0,0.0
17,113,1,5.0,0.0,0.3,0.6,0.8,0.0,0.0
17,116,1,2.0,0.0,0.1,0.1,0.6,0.0,0.0
17,119,1,3.0,0.0,0.1,0.2,0.9,0.0,0.0
18,65,1,2.0,0.0,0.2,0.1,0.6,0.0,0.0
18,69,1,3.0,0.1,0.2,0.1,0.9,0.0,0.0
18,75,1,2.0,0.2,0.2,0.0,0.5,0.0,0.0
18,76,1,5.0,0.4,0.6,0.2,1.2,0.0,0.0
18,77,1,6.0,0.5,0.7,0.2,1.4,0.0,0.0
18,111,1,4.0,0.0,0.2,0.4,0.7,0.0,0.0
18,112,1,6.0,0.0,0.3,0.7,1.0,0.0,0.0
18,113,1,3.0,0.0,0.2,0.3,0.5,0.0,0.0
18,115,1,2.0,0.0,0.1,0.1,0.6,0.0,0.0
18,118,1,1.0,0.0,0.0,0.1,0.3,0.0,0.0
18,124,1,4.0,0.1,0.1,0.1,1.3,0.0,0.0
19,67,1,6.0,0.1,0.5,0.2,1.9,0.0,0.0
19,68,1,5.0,0.1,0.4,0.1,1.6,0.0,0.0
19,69,1,9.0,0.2,0.7,0.2,2.9,0.0,0.0
19,71,1,1.0,0.1,0.1,0.0,0.3,0.0,0.0
19,74,1,3.0,0.3,0.3,0.1,0.7,0.0,0.0
19,76,1,2.0,0.2,0.2,0.0,0.5,0.0,0.0
19,78,1,4.0,0.4,0.5,0.1,0.9,0.0,0.0
19,87,1,4.0,0.0,0.3,0.4,0.8,0.0,0.0
19,88,1,2.0,0.0,0.1,0.2,0.4,0.0,0.0
19,93,1,2.0,0.1,0.0,0.1,0.5,0.0,0.0
19,110,1,3.0,0.0,0.2,0.3,0.5,0.0,0.0
19,111,1,8.0,0.0,0.5,0.9,1.3,0.0,0.0
19,117,1,1.0,0.0,0.0,0.1,0.3,0.0,0.0
19,127,1,1.0,0.0,0.1,0.0,0.3,0.0,0.0
20,67,1,2.0,0.0,0.2,0.1,0.6,0.0,0.0
20,91,1,3.0,0.1,0.0,0.2,0.8,0.0,0.0
20,92,1,1.0,0.0,0.0,0.1,0.3,0.0,0.0
20,94,1,2.0,0.1,0.0,0.1,0.5,0.0,0.0
20,95,1,6.0,0.2,0.0,0.4,1.6,0.0,0.0
20,96,1,3.0,0.1,0.0,0.2,0.8,0.0,0.0
20,98,1,4.0,0.1,0.0,0.3,1.1,0.0,0.0
20,110,1,3.0,0.0,0.2,0.3,0.5,0.0,0.0
20,111,1,2.0,0.0,0.1,0.2,0.4,0.0,0.0
20,115,1,6.0,0.0,0.2,0.4,1.9,0.0,0.0
20,119,1,4.0,0.0,0.1,0.2,1.3,0.0,0.0
20,122,1,2.0,0.0,0.1,0.0,0.7,0.0,0.0
21,19,1,1.0,0.1,0.0,0.2,0.2,0.0,0.0
21,95,1,1.0,0.0,0.0,0.1,0.3,0.0,0.0
21,99,1,8.0,0.3,0.0,0.5,2.1,0.0,0.0
21,100,1,2.0,0.0,0.1,0.1,0.6,0.0,0.0
21,111,1,2.0,0.0,0.1,0.2,0.4,0.0,0.0
22,64,1,2.0,0.2,0.2,0.0,0.5,0.0,0.0
22,100,1,11.0,0.1,0.5,1.1,3.3,0.0,0.0
22,101,1,8.0,0.1,0.4,0.8,2.3,0.0,0.0
22,103,1,1.0,0.0,0.1,0.1,0.3,0.0,0.0
22,110,1,7.0,0.1,0.9,0.9,1.0,0.0,0.0
22,112,1,2.0,0.0,0.2,0.3,0.3,0.0,0.0
22,115,1,1.0,0.0,0.1,0.1,0.2,0.0,0.0
22,117,1,4.0,0.2,0.3,0.3,1.0,0.0,0.0
22,119,1,2.0,0.1,0.1,0.2,0.5,0.0,0.0
22,121,1,3.0,0.0,0.1,0.1,0.8,0.0,0.0
22,125,1,2.0,0.2,0.1,0.1,0.3,0.0,0.0
22,126,1,4.0,0.4,0.1,0.3,0.5,0.0,0.0
23,65,1,2.0,0.2,0.2,0.0,0.5,0.0,0.0
23,98,1,2.0,0.0,0.1,0.2,0.4,0.0,0.0
23,100,1,4.0,0.0,0.2,0.4,1.2,0.0,0.0
23,101,1,10.0,0.1,0.5,1.0,2.9,0.0,0.0
23,102,1,8.0,0.1,0.4,0.8,2.3,0.0,0.0
23,108,1,1.0,0.1,0.1,0.1,0.3,0.0,0.0
23,110,1,6.0,0.1,0.7,0.8,0.9,0.0,0.0
23,111,1,2.0,0.0,0.2,0.3,0.3,0.0,0.0
23,115,1,2.0,0.1,0.1,0.2,0.5,0.0,0.0
23,118,1,4.0,0.2,0.3,0.3,1.0,0.0,0.0
23,119,1,1.0,0.0,0.1,0.1,0.2,0.0,0.0
23,124,1,4.0,0.0,0.1,0.1,1.1,0.0,0.0
24,30,1,1.0,0.0,0.3,0.1,0.1,0.0,0.0
24,33,1,1.0,0.0,0.3,0.1,0.1,0.0,0.0
24,37,1,2.0,0.1,0.5,0.1,0.3,0.1,0.1
24,66,1,5.0,0.4,0.6,0.2,1.2,0.0,0.0
24,98,1,4.0,0.0,0.3,0.4,0.8,0.0,0.0
24,100,1,17.5,0.2,0.8,1.7,5.2,0.0,0.0
24,104,1,3.0,0.0,0.2,0.3,0.9,0.0,0.0
24,106,1,4.0,0.2,0.3,0.6,1.2,0.0,0.0
24,108,1,2.0,0.1,0.2,0.3,0.6,0.0,0.0
24,110,1,11.0,0.2,1.4,1.4,1.6,0.0,0.0
24,112,1,8.0,0.1,1.0,1.0,1.2,0.0,0.0
24,113,1,5.0,0.1,0.6,0.7,0.7,0.0,0.0
24,123,1,3.0,0.0,0.1,0.1,0.8,0.0,0.0
24,125,1,3.0,0.3,0.1,0.2,0.4,0.0,0.0
25,23,1,4.0,0.5,0.1,0.9,0.6,0.0,0.0
25,32,1,1.0,0.0,0.3,0.1,0.1,0.0,0.0
25,33,1,1.0,0.0,0.3,0.1,0.1,0.0,0.0
25,65,1,2.0,0.2,0.2,0.0,0.5,0.0,0.0
25,98,1,4.0,0.0,0.3,0.4,0.8,0.0,0.0
25,100,1,1.0,0.0,0.1,0.1,0.3,0.0,0.0
25,102,1,3.0,0.0,0.2,0.3,0.9,0.0,0.0
25,104,1,7.0,0.1,0.3,0.7,2.1,0.0,0.0
25,105,0,33.0,0.0,2.0,10.0,4.0,0.0,0.0
25,106,0,28.0,0.0,2.0,0.0,12.0,0.0,0.0
25,107,1,9.0,0.6,0.6,1.4,2.6,0.0,0.0
25,109,1,3.0,0.2,0.2,0.5,0.8,0.0,0.0
25,111,1,2.0,0.0,0.2,0.3,0.3,0.0,0.0
25,113,1,6.0,0.1,0.7,0.8,0.9,0.0,0.0
25,114,1,3.0,0.1,0.4,0.4,0.4,0.0,0.0
25,119,1,5.0,0.2,0.3,0.5,1.2,0.0,0.0
25,124,1,7.0,0.1,0.1,0.1,1.9,0.0,0.0
25,125,1,5.0,0.5,0.1,0.3,0.7,0.0,0.0
25,126,1,4.0,0.4,0.1,0.3,0.5,0.0,0.0
26,25,1,2.0,0.2,0.1,0.4,0.3,0.0,0.0
26,36,1,5.0,0.3,1.4,0.3,0.6,0.1,0.2
26,38,1,2.0,0.1,0.5,0.1,0.3,0.1,0.1
26,97,1,2.0,0.0,0.1,0.2,0.4,0.0,0.0
26,99,1,11.0,0.0,0.7,1.1,2.2,0.0,0.0
26,100,1,1.0,0.0,0.1,0.1,0.3,0.0,0.0
26,101,1,6.0,0.0,0.3,0.6,1.8,0.0,0.0
26,102,1,18.0,0.2,0.9,1.8,5.3,0.0,0.0
26,103,1,3.0,0.0,0.2,0.3,0.9,0.0,0.0
26,105,1,7.0,0.5,0.5,1.1,2.0,0.0,0.0
26,106,1,4.0,0.2,0.3,0.6,1.2,0.0,0.0
26,107,1,1.0,0.1,0.1,0.1,0.3,0.0,0.0
26,112,1,1.0,0.0,0.1,0.1,0.2,0.0,0.0
26,114,1,2.0,0.0,0.2,0.3,0.3,0.0,0.0
26,115,1,4.0,0.2,0.3,0.3,1.0,0.0,0.0
26,120,1,2.0,0.0,0.0,0.0,0.6,0.0,0.0
26,122,1,4.0,0.0,0.1,0.1,1.1,0.0,0.0
26,124,1,2.0,0.0,0.0,0.0,0.6,0.0,0.0
26,127,1,5.0,0.5,0.1,0.3,0.7,0.0,0.0
27,24,1,1.0,0.1,0.0,0.2,0.2,0.0,0.0
27,30,1,6.0,0.4,1.6,0.4,0.7,0.2,0.2
27,100,1,9.0,0.3,0.4,2.2,1.4,0.0,0.0
27,103,1,5.0,0.2,0.2,1.2,0.8,0.0,0.0
27,105,1,4.0,0.1,0.2,0.6,0.5,0.0,0.0
27,106,1,2.0,0.0,0.1,0.3,0.3,0.0,0.0
27,108,1,4.0,0.1,0.2,0.6,0.5,0.0,0.0
27,109,1,2.0,0.0,0.1,0.3,0.3,0.0,0.0
27,115,1,4.0,0.2,0.3,0.3,1.0,0.0,0.0
27,122,1,5.0,0.4,0.3,0.5,1.1,0.0,0.0
28,23,1,1.0,0.1,0.0,0.2,0.2,0.0,0.0
28,24,1,1.0,0.1,0.0,0.2,0.2,0.0,0.0
28,25,1,1.0,0.1,0.0,0.2,0.2,0.0,0.0
28,29,1,4.0,0.5,0.1,0.9,0.6,0.0,0.0
28,30,1,8.0,0.5,2.2,0.5,1.0,0.2,0.3
28,32,1,2.0,0.1,0.5,0.1,0.3,0.1,0.1
28,33,1,7.0,0.4,1.9,0.4,0.9,0.2,0.3
28,38,1,2.0,0.1,0.5,0.1,0.3,0.1,0.1
28,99,1,1.0,0.0,0.1,0.1,0.2,0.0,0.0
28,100,1,2.0,0.1,0.1,0.5,0.3,0.0,0.0
28,104,1,2.0,0.1,0.1,0.5,0.3,0.0,0.0
28,105,1,16.0,0.2,0.9,2.5,2.1,0.0,0.0
28,114,1,2.0,0.2,0.0,0.2,0.5,0.0,0.0
28,116,1,6.0,0.3,0.4,0.5,1.4,0.0,0.0
28,121,1,4.0,0.3,0.2,0.4,0.9,0.0,0.0
28,122,1,1.0,0.1,0.1,0.1,0.2,0.0,0.0
28,123,1,4.0,0.3,0.2,0.4,0.9,0.0,0.0
28,124,1,3.0,0.2,0.2,0.3,0.7,0.0,0.0
28,126,1,6.0,0.1,0.1,0.1,1.6,0.0,0.0
28,127,1,15.0,0.2,0.2,0.3,4.1,0.0,0.0
29,25,1,3.0,0.3,0.1,0.7,0.4,0.0,0.0
29,27,1,3.0,0.3,0.1,0.7,0.4,0.0,0.0
29,30,1,20.0,1.2,5.5,1.2,2.5,0.5,0.7
29,31,0,42.0,0.0,16.0,4.0,0.0,0.0,5.0
29,32,1,7.0,0.4,1.9,0.4,0.9,0.2,0.3
29,33,1,3.0,0.2,0.8,0.2,0.3,0.1,0.1
29,41,1,2.0,0.1,0.1,0.1,0.7,0.0,0.0
29,103,1,2.0,0.1,0.1,0.5,0.3,0.0,0.0
29,106,1,5.0,0.1,0.3,0.8,0.6,0.0,0.0
29,107,1,3.0,0.0,0.2,0.5,0.4,0.0,0.0
29,109,1,1.0,0.0,0.1,0.2,0.1,0.0,0.0
29,110,1,6.0,0.5,0.2,0.5,1.6,0.0,0.0
29,111,1,8.0,0.7,0.2,0.7,2.2,0.0,0.0
29,112,1,5.0,0.4,0.2,0.4,1.4,0.0,0.0
29,113,1,2.0,0.2,0.0,0.2,0.5,0.0,0.0
29,115,1,2.0,0.1,0.1,0.2,0.5,0.0,0.0
29,116,1,5.0,0.2,0.3,0.5,1.2,0.0,0.0
29,118,1,1.5,0.1,0.1,0.1,0.4,0.0,0.0
29,119,1,2.0,0.1,0.1,0.2,0.5,0.0,0.0
29,121,1,2.0,0.2,0.1,0.2,0.4,0.0,0.0
29,122,1,3.0,0.2,0.2,0.3,0.7,0.0,0.0
29,125,1,3.0,0.0,0.1,0.1,0.8,0.0,0.0
29,126,1,2.0,0.0,0.0,0.0,0.6,0.0,0.0
30,25,1,10.0,1.2,0.3,2.2,1.4,0.0,0.0
30,26,1,13.5,1.7,0.4,3.0,1.8,0.0,0.0
30,27,1,7.0,0.9,0.2,1.6,0.9,0.0,0.0
30,29,1,4.0,0.5,0.1,0.9,0.6,0.0,0.0
30,30,1,2.0,0.1,0.5,0.1,0.3,0.1,0.1
30,31,1,8.5,0.5,2.3,0.5,1.1,0.2,0.3
30,41,1,1.0,0.1,0.1,0.0,0.3,0.0,0.0
30,103,1,3.0,0.1,0.1,0.7,0.5,0.0,0.0
30,104,1,2.0,0.1,0.1,0.5,0.3,0.0,0.0
30,105,1,7.0,0.1,0.4,1.1,0.9,0.0,0.0
30,108,1,7.0,0.1,0.4,1.1,0.9,0.0,0.0
30,109,1,8.0,0.1,0.5,1.3,1.0,0.0,0.0
30,111,1,4.0,0.3,0.1,0.4,1.1,0.0,0.0
30,112,1,2.0,0.2,0.0,0.2,0.5,0.0,0.0
30,113,1,4.0,0.3,0.1,0.4,1.1,0.0,0.0
30,119,1,2.0,0.1,0.1,0.2,0.5,0.0,0.0
30,120,1,13.0,1.0,0.6,1.3,3.0,0.0,0.0
30,121,1,3.5,0.3,0.2,0.3,0.8,0.0,0.0
30,122,1,13.0,1.0,0.6,1.3,3.0,0.0,0.0
30,123,1,8.0,0.6,0.4,0.8,1.8,0.0,0.0
30,127,1,3.0,0.0,0.1,0.1,0.8,0.0,0.0
31,25,1,2.0,0.2,0.1,0.4,0.3,0.0,0.0
31,27,1,2.0,0.2,0.1,0.4,0.3,0.0,0.0
31,28,1,12.0,1.5,0.4,2.7,1.6,0.0,0.0
31,29,1,18.0,2.2,0.6,4.1,2.4,0.0,0.0
31,30,0,40.0,5.0,4.0,1.0,11.0,0.0,0.0
31,31,0,24.0,0.0,4.0,0.0,7.0,0.0,0.0
31,34,1,2.0,0.1,0.5,0.1,0.3,0.1,0.1
31,105,1,8.0,0.1,0.5,1.3,1.0,0.0,0.0
31,108,1,3.0,0.0,0.2,0.5,0.4,0.0,0.0
31,111,1,1.0,0.1,0.0,0.1,0.3,0.0,0.0
31,114,1,2.0,0.2,0.0,0.2,0.5,0.0,0.0
31,122,1,2.0,0.2,0.1,0.2,0.4,0.0,0.0
31,125,1,5.0,0.1,0.1,0.1,1.3,0.0,0.0
31,126,1,2.0,0.0,0.0,0.0,0.6,0.0,0.0
32,27,1,3.0,0.0,0.0,0.7,0.3,0.0,0.4
32,29,1,32.0,0.5,0.6,7.1,2.7,0.0,4.4
32,30,0,41.0,6.0,1.0,3.0,12.0,0.0,0.0
32,31,0,23.0,0.0,1.0,10.0,2.0,0.0,0.0
32,34,1,9.0,0.1,1.9,1.6,0.6,0.0,0.0
32,36,1,3.0,0.2,0.3,0.4,0.4,0.0,0.0
32,104,1,5.0,0.1,0.2,0.1,1.8,0.0,0.0
32,105,1,4.0,0.1,0.2,0.1,1.4,0.0,0.0
32,106,1,1.0,0.0,0.0,0.0,0.4,0.0,0.0
32,108,1,1.0,0.0,0.0,0.0,0.4,0.0,0.0
32,115,1,1.0,0.0,0.0,0.1,0.3,0.0,0.0
32,116,1,7.0,0.1,0.1,0.3,2.0,0.0,0.0
32,118,1,4.0,0.1,0.1,0.1,1.1,0.0,0.0
32,125,1,5.0,0.1,0.4,0.3,1.1,0.0,0.0
33,29,1,9.0,0.1,0.2,2.0,0.8,0.0,1.2
33,31,1,15.0,0.2,3.2,2.7,0.9,0.0,0.0
33,32,1,3.0,0.0,0.7,0.5,0.2,0.0,0.0
33,33,1,1.0,0.0,0.2,0.2,0.1,0.0,0.0
33,104,1,5.0,0.1,0.2,0.1,1.8,0.0,0.0
33,105,1,1.0,0.0,0.0,0.0,0.4,0.0,0.0
33,106,1,2.0,0.0,0.1,0.1,0.7,0.0,0.0
33,108,1,3.0,0.1,0.1,0.1,1.0,0.0,0.0
33,112,1,2.0,0.0,0.0,0.1,0.6,0.0,0.0
33,125,1,3.0,0.0,0.2,0.2,0.7,0.0,0.0
33,127,1,4.0,0.1,0.3,0.2,0.9,0.0,0.0
34,30,1,3.0,0.0,0.7,0.5,0.2,0.0,0.0
34,31,1,5.0,0.0,1.1,0.9,0.3,0.0,0.0
34,32,1,18.0,0.2,3.9,3.2,1.1,0.0,0.0
34,33,1,5.0,0.0,1.1,0.9,0.3,0.0,0.0
34,55,1,2.0,0.1,0.4,0.1,0.6,0.0,0.0
34,103,1,3.0,0.1,0.1,0.1,1.0,0.0,0.0
34,104,1,2.0,0.0,0.1,0.1,0.7,0.0,0.0
34,107,1,5.0,0.1,0.2,0.1,1.8,0.0,0.0
34,108,1,1.0,0.0,0.0,0.0,0.4,0.0,0.0
34,111,1,1.0,0.0,0.0,0.1,0.3,0.0,0.0
34,113,1,4.0,0.1,0.1,0.1,1.1,0.0,0.0
34,125,1,2.0,0.0,0.2,0.1,0.5,0.0,0.0
34,127,1,5.0,0.1,0.4,0.3,1.1,0.0,0.0
35,31,1,3.0,0.0,0.7,0.5,0.2,0.0,0.0
35,32,1,3.0,0.0,0.7,0.5,0.2,0.0,0.0
35,115,1,5.0,0.1,0.1,0.2,1.4,0.0,0.0
35,121,1,2.0,0.0,0.2,0.1,0.5,0.0,0.0
35,124,1,4.0,0.1,0.3,0.2,0.9,0.0,0.0
36,30,1,1.0,0.0,0.2,0.2,0.1,0.0,0.0
36,33,1,10.0,0.1,2.1,1.8,0.6,0.0,0.0
36,34,1,8.0,0.1,1.7,1.4,0.5,0.0,0.0
36,107,1,6.0,0.1,0.3,0.1,2.1,0.0,0.0
36,116,1,2.0,0.0,0.0,0.1,0.6,0.0,0.0
36,124,1,2.0,0.0,0.2,0.1,0.5,0.0,0.0
37,32,1,1.0,0.1,0.1,0.1,0.1,0.0,0.0
37,33,1,18.0,1.1,1.9,2.3,2.7,0.0,0.0
37,34,0,42.0,4.0,1.0,6.0,10.0,0.0,0.0
37,35,0,31.0,1.0,1.0,1.0,16.0,0.0,3.0
37,36,1,1.0,0.0,0.1,0.3,0.1,0.0,0.0
37,37,1,1.0,0.0,0.1,0.3,0.1,0.0,0.0
37,119,1,3.0,0.1,0.1,0.1,0.8,0.0,0.0
37,122,1,2.0,0.0,0.2,0.1,0.5,0.0,0.0
37,125,1,1.0,0.0,0.1,0.1,0.2,0.0,0.0
38,27,1,1.0,0.0,0.0,0.2,0.1,0.0,0.1
38,34,1,25.0,1.6,2.7,3.2,3.7,0.0,0.0
38,35,1,8.0,0.2,1.0,2.3,0.5,0.0,0.0
38,111,1,1.0,0.0,0.0,0.1,0.3,0.0,0.0
38,114,1,3.0,0.1,0.1,0.1,0.8,0.0,0.0
38,119,1,2.0,0.0,0.0,0.1,0.6,0.0,0.0
38,124,1,3.0,0.0,0.2,0.2,0.7,0.0,0.0
38,126,1,4.0,0.0,0.4,0.1,0.9,0.0,0.0
38,127,1,9.0,0.0,0.9,0.3,2.0,0.0,0.0
39,25,1,1.5,0.0,0.0,0.4,0.1,0.0,0.2
39,26,1,4.0,0.1,0.1,0.9,0.3,0.0,0.5
39,28,1,2.0,0.0,0.0,0.5,0.2,0.0,0.3
39,38,1,2.0,0.1,0.2,0.6,0.1,0.0,0.0
39,58,1,1.0,0.0,0.2,0.1,0.3,0.0,0.0
39,111,1,3.0,0.1,0.1,0.1,0.8,0.0,0.0
39,112,1,1.0,0.0,0.0,0.1,0.3,0.0,0.0
39,125,1,1.0,0.0,0.1,0.1,0.2,0.0,0.0
40,8,1,11.0,0.8,0.5,1.3,2.9,0.0,0.0
40,22,1,2.0,0.0,0.0,0.5,0.2,0.0,0.3
40,37,1,4.0,0.1,0.5,1.1,0.3,0.0,0.0
40,38,1,12.0,0.4,1.5,3.4,0.7,0.0,0.0
40,39,1,4.0,0.1,0.5,1.1,0.3,0.0,0.0
40,114,1,4.5,0.1,0.1,0.1,1.3,0.0,0.0
40,118,1,2.0,0.0,0.0,0.1,0.6,0.0,0.0
40,122,1,5.0,0.1,0.4,0.3,1.1,0.0,0.0
40,123,1,4.0,0.1,0.3,0.2,0.9,0.0,0.0
40,127,1,1.0,0.0,0.1,0.1,0.2,0.0,0.0
41,11,1,2.0,0.2,0.1,0.2,0.5,0.0,0.0
41,23,1,4.0,0.1,0.1,0.9,0.3,0.0,0.5
41,38,0,24.0,0.0,5.0,1.0,7.0,0.0,0.0
41,39,0,35.0,1.0,2.0,5.0,9.0,0.0,0.0
41,111,1,3.5,0.1,0.1,0.1,1.0,0.0,0.0
41,118,1,4.0,0.1,0.1,0.1,1.1,0.0,0.0
41,121,1,3.0,0.0,0.2,0.2,0.7,0.0,0.0
41,122,1,5.5,0.1,0.4,0.3,1.3,0.0,0.0
41,127,1,1.0,0.0,0.1,0.1,0.2,0.0,0.0
42,10,1,4.0,0.3,0.2,0.5,1.0,0.0,0.0
42,23,1,1.0,0.0,0.1,0.1,0.2,0.0,0.0
42,36,1,4.0,0.1,0.5,0.7,0.2,0.0,0.0
42,37,1,14.0,0.4,1.7,2.6,0.7,0.0,0.0
42,38,1,15.0,0.5,1.8,2.7,0.8,0.0,0.0
42,39,0,40.0,2.0,1.0,11.0,8.0,0.0,5.0
42,41,1,3.0,0.1,0.6,0.2,0.9,0.0,0.0
42,55,1,2.0,0.1,0.4,0.1,0.6,0.0,0.0
42,112,1,4.0,0.1,0.3,0.3,0.8,0.0,0.0
42,114,1,3.0,0.1,0.2,0.2,0.6,0.0,0.0
42,117,1,6.0,0.0,0.3,0.9,1.3,0.0,0.0
42,127,1,14.0,1.0,1.1,2.6,0.8,0.0,0.0
43,14,1,5.0,0.4,0.2,0.6,1.3,0.0,0.0
43,20,1,2.0,0.0,0.2,0.1,0.4,0.0,0.0
43,21,1,2.0,0.0,0.2,0.1,0.4,0.0,0.0
43,23,1,1.0,0.0,0.1,0.1,0.2,0.0,0.0
43,36,1,10.0,0.3,1.2,1.8,0.6,0.0,0.0
43,37,1,4.0,0.1,0.5,0.7,0.2,0.0,0.0
43,39,1,5.0,0.1,0.6,0.9,0.3,0.0,0.0
43,40,1,6.0,0.2,1.1,0.5,1.8,0.0,0.0
43,113,1,2.0,0.0,0.1,0.2,0.4,0.0,0.0
43,114,1,4.0,0.1,0.3,0.3,0.8,0.0,0.0
43,116,1,12.0,0.0,0.7,1.9,2.5,0.0,0.0
43,118,1,5.0,0.0,0.3,0.8,1.0,0.0,0.0
43,120,1,1.0,0.1,0.1,0.1,0.2,0.0,0.0
43,126,1,9.0,0.6,0.7,1.7,0.5,0.0,0.0
43,127,1,19.0,1.3,1.5,3.6,1.1,0.0,0.0
44,13,1,5.0,0.4,0.2,0.6,1.3,0.0,0.0
44,14,1,1.0,0.1,0.0,0.1,0.3,0.0,0.0
44,16,1,4.0,0.3,0.2,0.5,1.0,0.0,0.0
44,17,1,1.0,0.1,0.0,0.1,0.3,0.0,0.0
44,18,1,1.0,0.1,0.0,0.1,0.3,0.0,0.0
44,35,1,4.0,0.1,0.5,0.7,0.2,0.0,0.0
44,39,1,2.0,0.1,0.2,0.4,0.1,0.0,0.0
44,111,1,1.0,0.0,0.1,0.1,0.2,0.0,0.0
44,112,1,2.0,0.0,0.1,0.2,0.4,0.0,0.0
44,113,1,1.0,0.0,0.1,0.1,0.2,0.0,0.0
44,114,1,3.0,0.1,0.2,0.2,0.6,0.0,0.0
44,115,1,5.0,0.0,0.3,0.8,1.0,0.0,0.0
44,118,1,1.0,0.0,0.0,0.2,0.2,0.0,0.0
44,126,1,4.0,0.3,0.3,0.8,0.2,0.0,0.0
45,17,1,1.0,0.1,0.0,0.1,0.3,0.0,0.0
45,18,1,3.0,0.2,0.1,0.4,0.8,0.0,0.0
45,19,1,2.0,0.2,0.1,0.2,0.5,0.0,0.0
45,20,1,4.0,0.0,0.4,0.2,0.8,0.0,0.0
45,22,1,3.0,0.0,0.3,0.2,0.6,0.0,0.0
45,34,1,4.0,0.1,0.4,0.9,0.7,0.0,0.0
45,36,1,1.0,0.0,0.1,0.2,0.1,0.0,0.0
45,37,1,6.0,0.2,0.7,1.1,0.3,0.0,0.0
45,38,1,8.0,0.3,0.9,1.5,0.4,0.0,0.0
45,40,1,1.0,0.0,0.2,0.1,0.3,0.0,0.0
45,41,1,4.0,0.2,0.7,0.3,1.2,0.0,0.0
45,45,1,1.0,0.0,0.2,0.1,0.3,0.0,0.0
45,58,1,3.0,0.1,0.6,0.2,0.9,0.0,0.0
45,113,1,6.0,0.1,0.5,0.5,1.1,0.0,0.0
45,114,1,3.0,0.1,0.2,0.2,0.6,0.0,0.0
45,121,1,4.0,0.3,0.3,0.4,0.9,0.0,0.0
45,124,1,10.0,0.7,0.7,1.0,2.4,0.0,0.0
45,125,0,42.0,5.0,6.0,1.0,11.0,0.0,0.0
45,126,0,78.0,6.0,5.0,6.0,19.0,0.0,0.0
45,127,0,54.5,4.0,4.0,2.0,11.0,0.0,0.0
46,18,1,2.0,0.2,0.1,0.2,0.5,0.0,0.0
46,20,1,2.0,0.0,0.2,0.1,0.4,0.0,0.0
46,21,1,5.0,0.0,0.6,0.2,1.0,0.0,0.0
46,22,1,3.0,0.0,0.3,0.2,0.6,0.0,0.0
46,35,1,1.0,0.0,0.1,0.2,0.1,0.0,0.0
46,36,1,3.0,0.1,0.4,0.5,0.2,0.0,0.0
46,37,1,12.0,0.4,1.4,2.2,0.6,0.0,0.0
46,38,1,4.0,0.1,0.5,0.7,0.2,0.0,0.0
46,40,1,1.0,0.0,0.2,0.1,0.3,0.0,0.0
46,109,1,5.0,0.1,0.2,0.1,1.8,0.0,0.0
46,112,1,9.0,0.2,0.7,0.7,1.7,0.0,0.0
46,121,1,2.0,0.1,0.2,0.2,0.5,0.0,0.0
46,122,1,3.0,0.2,0.2,0.3,0.7,0.0,0.0
46,123,1,9.0,0.6,0.6,0.9,2.2,0.0,0.0
46,124,0,51.0,2.0,0.0,10.0,10.0,0.0,0.0
46,125,0,88.0,2.0,4.0,2.0,28.0,0.0,0.0
46,126,0,67.0,6.0,2.0,0.0,25.0,0.0,0.0
46,127,1,3.0,0.2,0.2,0.6,0.2,0.0,0.0
47,36,1,8.0,0.3,0.7,1.9,1.3,0.0,0.0
47,37,1,5.0,0.2,0.4,1.2,0.8,0.0,0.0
47,38,1,3.0,0.1,0.3,0.7,0.5,0.0,0.0
47,40,1,11.0,0.3,0.9,1.7,1.2,0.0,0.0
47,42,1,5.0,0.1,0.4,0.8,0.6,0.0,0.0
47,114,1,1.0,0.0,0.0,0.2,0.2,0.0,0.0
47,118,1,5.5,0.2,0.7,0.5,1.0,0.0,0.0
47,121,1,2.0,0.1,0.2,0.4,0.1,0.0,0.0
47,122,1,1.0,0.0,0.1,0.2,0.1,0.0,0.0
47,123,1,7.0,0.2,0.5,1.5,0.5,0.0,0.1
47,126,1,1.5,0.1,0.1,0.3,0.1,0.0,0.0
48,23,1,2.0,0.0,0.2,0.1,0.4,0.0,0.0
48,36,1,3.0,0.1,0.3,0.7,0.5,0.0,0.0
48,37,1,2.0,0.0,0.2,0.5,0.3,0.0,0.0
48,38,1,4.0,0.1,0.4,0.9,0.7,0.0,0.0
48,41,1,2.0,0.0,0.2,0.3,0.2,0.0,0.0
48,42,1,21.0,0.5,1.6,3.3,2.4,0.0,0.0
48,43,1,2.0,0.0,0.2,0.3,0.2,0.0,0.0
48,109,1,3.0,0.1,0.1,0.1,1.0,0.0,0.0
48,112,1,2.0,0.0,0.1,0.3,0.4,0.0,0.0
48,120,1,24.0,0.6,2.0,5.1,1.7,0.0,0.4
48,121,1,24.0,0.6,2.0,5.1,1.7,0.0,0.4
48,122,1,6.0,0.1,0.5,1.3,0.4,0.0,0.1
48,123,0,30.0,3.0,2.0,6.0,0.0,0.0,0.0
48,124,1,13.5,0.4,1.1,2.9,0.9,0.0,0.2
48,125,0,22.0,2.0,4.0,4.0,1.0,0.0,0.0
48,126,1,4.0,0.3,0.3,0.8,0.2,0.0,0.0
48,127,1,19.0,1.4,1.3,3.6,1.2,0.0,0.0
49,24,1,6.0,0.0,0.6,0.3,1.2,0.0,0.0
49,25,1,4.0,0.0,0.4,0.2,0.8,0.0,0.0
49,37,1,2.0,0.0,0.2,0.5,0.3,0.0,0.0
49,38,1,3.0,0.1,0.3,0.7,0.5,0.0,0.0
49,39,1,1.0,0.0,0.1,0.2,0.2,0.0,0.0
49,41,1,2.0,0.0,0.2,0.3,0.2,0.0,0.0
49,42,0,29.0,0.0,2.0,1.0,8.0,0.0,0.0
49,43,1,13.0,0.3,1.0,2.0,1.5,0.0,0.0
49,112,1,3.0,0.0,0.2,0.5,0.6,0.0,0.0
49,116,1,2.0,0.1,0.2,0.2,0.4,0.0,0.0
49,119,1,1.0,0.0,0.1,0.1,0.2,0.0,0.0
49,120,0,43.0,0.0,3.0,10.0,0.0,1.0,0.0
49,121,0,41.0,4.0,6.0,9.0,0.0,0.0,0.0
49,123,1,28.5,0.8,2.3,6.1,2.0,0.0,0.5
49,124,0,47.5,0.0,3.0,1.0,18.0,0.0,0.0
49,125,0,86.0,1.0,0.0,1.0,34.0,0.0,0.0
49,126,0,74.5,3.0,1.0,3.0,30.0,0.0,0.0
49,127,1,13.0,1.0,0.9,2.4,0.8,0.0,0.0
50,25,1,10.0,0.0,1.1,0.5,2.0,0.0,0.0
50,36,1,2.0,0.0,0.2,0.5,0.3,0.0,0.0
50,37,1,1.0,0.0,0.1,0.2,0.2,0.0,0.0
50,39,1,9.0,0.3,0.8,2.1,1.5,0.0,0.0
50,40,1,4.5,0.1,0.4,0.7,0.5,0.0,0.0
50,41,1,7.0,0.2,0.5,1.1,0.8,0.0,0.0
50,42,1,10.0,0.2,0.8,1.6,1.1,0.0,0.0
50,43,1,4.0,0.1,0.3,0.6,0.5,0.0,0.0
50,46,1,1.0,0.0,0.2,0.1,0.3,0.0,0.0
50,64,1,1.0,0.0,0.1,0.1,0.3,0.0,0.0
50,109,1,1.0,0.0,0.0,0.0,0.4,0.0,0.0
50,115,1,2.0,0.1,0.2,0.2,0.4,0.0,0.0
50,117,1,5.0,0.2,0.6,0.5,0.9,0.0,0.0
50,120,1,17.0,0.5,1.4,3.6,1.2,0.0,0.3
50,121,0,30.0,3.0,4.0,6.0,0.0,0.0,0.0
50,122,1,23.0,0.6,1.9,4.9,1.6,0.0,0.4
50,123,1,1.0,0.0,0.1,0.2,0.1,0.0,0.0
50,124,1,17.0,0.5,1.4,3.6,1.2,0.0,0.3
50,125,1,6.0,0.5,0.4,1.1,0.4,0.0,0.0
50,126,0,42.5,2.0,2.0,3.0,8.0,0.0,0.0
50,127,0,32.0,1.0,2.0,0.0,8.0,0.0,0.0
51,37,1,15.0,0.4,1.3,3.6,2.5,0.0,0.0
51,38,1,5.0,0.2,0.4,1.2,0.8,0.0,0.0
51,43,1,6.0,0.1,0.5,0.9,0.7,0.0,0.0
51,44,1,1.0,0.0,0.1,0.2,0.1,0.0,0.0
51,45,1,2.0,0.1,0.4,0.1,0.6,0.0,0.0
51,60,1,1.0,0.0,0.1,0.1,0.3,0.0,0.0
51,64,1,1.0,0.0,0.1,0.1,0.3,0.0,0.0
51,113,1,3.0,0.0,0.2,0.5,0.6,0.0,0.0
51,115,1,2.0,0.1,0.2,0.2,0.4,0.0,0.0
51,118,1,6.0,0.2,0.8,0.6,1.1,0.0,0.0
51,119,1,8.0,0.3,1.0,0.8,1.5,0.0,0.0
51,120,1,9.0,0.3,0.7,1.9,0.6,0.0,0.1
51,121,0,41.0,1.0,6.0,7.0,1.0,1.0,0.0
51,122,1,11.0,0.3,0.9,2.3,0.8,0.0,0.2
51,125,1,14.0,1.0,0.9,2.7,0.9,0.0,0.0
51,126,1,6.0,0.5,0.4,1.1,0.4,0.0,0.0
51,127,1,2.0,0.2,0.1,0.4,0.1,0.0,0.0
52,28,1,2.0,0.1,0.3,0.5,0.2,0.0,0.0
52,36,1,1.0,0.0,0.1,0.2,0.1,0.0,0.0
52,37,1,14.0,0.5,0.9,2.5,2.1,0.0,0.0
52,38,1,8.0,0.3,0.5,1.4,1.2,0.0,0.0
52,41,1,8.0,0.1,0.4,1.5,1.0,0.0,0.0
52,109,1,1.0,0.1,0.2,0.0,0.1,0.0,0.0
52,110,1,2.0,0.1,0.4,0.1,0.3,0.0,0.0
52,118,1,5.0,0.4,0.9,0.3,0.6,0.0,0.0
52,120,1,9.0,0.0,0.6,1.4,1.4,0.0,0.0
52,121,1,7.0,0.0,0.4,1.1,1.1,0.0,0.0
52,125,1,18.0,0.4,1.2,0.8,4.1,0.0,0.0
53,28,1,1.0,0.1,0.1,0.3,0.1,0.0,0.0
53,35,1,2.0,0.1,0.1,0.4,0.3,0.0,0.0
53,36,1,3.0,0.1,0.2,0.5,0.5,0.0,0.0
53,37,1,8.0,0.3,0.5,1.4,1.2,0.0,0.0
53,38,1,1.0,0.0,0.1,0.2,0.1,0.0,0.0
53,40,1,1.0,0.0,0.1,0.2,0.1,0.0,0.0
53,41,1,1.0,0.0,0.1,0.2,0.1,0.0,0.0
53,42,1,4.0,0.0,0.2,0.8,0.5,0.0,0.0
53,62,1,2.0,0.1,0.1,0.1,0.6,0.0,0.0
53,112,1,3.0,0.2,0.5,0.2,0.4,0.0,0.0
53,120,1,11.0,0.0,0.7,1.7,1.7,0.0,0.0
53,121,1,4.0,0.0,0.3,0.6,0.6,0.0,0.0
53,124,1,1.0,0.0,0.1,0.2,0.1,0.0,0.0
54,35,1,6.0,0.2,0.4,1.1,0.9,0.0,0.0
54,37,1,15.0,0.5,1.0,2.7,2.2,0.0,0.0
54,38,1,3.0,0.1,0.2,0.5,0.5,0.0,0.0
54,40,1,7.0,0.1,0.4,1.3,0.8,0.0,0.0
54,42,1,10.0,0.1,0.6,1.9,1.2,0.0,0.0
54,43,1,20.5,0.2,1.1,3.9,2.5,0.0,0.0
54,111,1,1.0,0.1,0.2,0.0,0.1,0.0,0.0
54,120,1,4.0,0.0,0.3,0.6,0.6,0.0,0.0
54,121,1,4.0,0.0,0.3,0.6,0.6,0.0,0.0
54,122,1,3.0,0.0,0.2,0.5,0.4,0.0,0.0
54,125,1,6.0,0.1,0.4,0.3,1.4,0.0,0.0
55,27,1,2.0,0.1,0.3,0.5,0.2,0.0,0.0
55,32,1,1.0,0.1,0.1,0.3,0.1,0.0,0.0
55,34,1,2.0,0.1,0.3,0.5,0.2,0.0,0.0
55,35,1,5.0,0.2,0.3,0.9,0.7,0.0,0.0
55,36,1,3.0,0.1,0.2,0.5,0.5,0.0,0.0
55,37,1,4.0,0.1,0.3,0.7,0.6,0.0,0.0
55,38,1,18.0,0.6,1.2,3.2,2.7,0.0,0.0
55,42,0,21.0,1.0,3.0,1.0,6.0,0.0,0.0
55,43,1,19.0,0.1,1.1,3.7,2.3,0.0,0.0
55,44,1,2.0,0.0,0.1,0.4,0.3,0.0,0.0
55,114,1,2.0,0.1,0.4,0.1,0.3,0.0,0.0
55,121,1,4.0,0.0,0.3,0.6,0.6,0.0,0.0
55,122,1,2.0,0.0,0.1,0.3,0.3,0.0,0.0
55,125,1,10.0,0.2,0.7,0.4,2.3,0.0,0.0
56,37,1,9.0,0.3,0.6,1.6,1.4,0.0,0.0
56,38,1,21.0,0.7,1.4,3.8,3.1,0.0,0.0
56,40,1,3.0,0.0,0.2,0.6,0.3,0.0,0.0
56,42,1,13.0,0.1,0.7,2.5,1.6,0.0,0.0
56,43,1,6.0,0.1,0.3,1.2,0.7,0.0,0.0
56,110,1,1.0,0.1,0.2,0.0,0.1,0.0,0.0
56,123,1,2.0,0.0,0.1,0.3,0.3,0.0,0.0
57,37,1,1.0,0.1,0.1,0.3,0.1,0.0,0.0
57,38,1,1.0,0.1,0.1,0.3,0.1,0.0,0.0
57,41,1,5.0,0.0,0.3,1.0,0.6,0.0,0.0
57,42,1,5.0,0.0,0.3,1.0,0.6,0.0,0.0
57,123,1,7.0,0.0,0.6,0.2,2.3,0.0,0.0
57,125,1,1.0,0.0,0.1,0.0,0.3,0.0,0.0
57,126,1,1.0,0.0,0.1,0.0,0.3,0.0,0.0
58,34,1,4.0,0.1,0.5,1.1,0.5,0.0,0.0
58,35,1,2.0,0.1,0.3,0.5,0.2,0.0,0.0
58,36,1,3.0,0.1,0.4,0.8,0.4,0.0,0.0
58,42,1,2.0,0.0,0.1,0.4,0.3,0.0,0.0
58,109,1,18.0,1.3,4.1,0.9,1.6,0.0,0.6
58,110,1,15.5,1.2,2.7,0.8,2.0,0.0,0.0
58,123,1,8.0,0.0,0.7,0.2,2.6,0.0,0.0
58,125,1,2.0,0.0,0.2,0.1,0.6,0.0,0.0
59,36,1,10.0,0.4,1.3,2.7,1.2,0.0,0.0
59,37,1,4.0,0.1,0.5,1.1,0.5,0.0,0.0
59,39,1,2.0,0.1,0.3,0.5,0.2,0.0,0.0
59,44,1,3.0,0.0,0.2,0.6,0.3,0.0,0.0
59,100,1,2.0,0.1,0.5,0.1,0.2,0.0,0.1
59,106,1,6.0,0.4,1.4,0.3,0.5,0.0,0.2
59,108,1,3.0,0.2,0.7,0.1,0.3,0.0,0.1
59,109,1,6.0,0.4,1.4,0.3,0.5,0.0,0.2
59,124,1,2.0,0.0,0.2,0.1,0.6,0.0,0.0
59,126,1,5.0,0.0,0.4,0.2,1.6,0.0,0.0
60,36,1,2.0,0.1,0.3,0.5,0.2,0.0,0.0
60,37,0,32.0,2.0,3.0,3.0,7.0,0.0,0.0
60,38,1,6.0,0.3,0.8,1.6,0.7,0.0,0.0
60,44,1,4.0,0.0,0.2,0.8,0.5,0.0,0.0
60,107,1,6.0,0.4,1.4,0.3,0.5,0.0,0.2
60,108,0,58.0,18.0,5.0,0.0,5.0,0.0,0.0
60,109,0,48.0,19.0,0.0,0.0,0.0,0.0,0.0
60,127,1,1.0,0.0,0.1,0.0,0.3,0.0,0.0
61,38,1,1.0,0.1,0.1,0.3,0.1,0.0,0.0
61,41,1,2.0,0.0,0.1,0.4,0.3,0.0,0.0
61,42,1,4.0,0.0,0.2,0.8,0.5,0.0,0.0
61,102,1,5.0,0.4,1.1,0.3,0.4,0.0,0.2
61,105,1,1.0,0.1,0.2,0.0,0.1,0.0,0.0
61,107,0,28.0,2.0,2.0,2.0,9.0,0.0,0.0
61,108,0,39.0,3.0,1.0,1.0,13.0,0.0,0.0
61,109,1,9.0,0.6,2.0,0.5,0.8,0.0,0.3
61,111,1,3.0,0.2,0.5,0.2,0.4,0.0,0.0
61,113,1,3.0,0.2,0.5,0.2,0.4,0.0,0.0
61,118,1,4.0,0.3,0.7,0.2,0.5,0.0,0.0
62,40,1,4.0,0.2,0.3,0.5,0.7,0.0,0.0
62,41,1,3.0,0.1,0.2,0.5,0.5,0.0,0.0
62,102,1,1.0,0.0,0.0,0.2,0.3,0.0,0.0
62,104,1,4.0,0.0,0.1,0.6,1.1,0.0,0.0
62,105,1,7.0,0.2,0.6,1.5,0.5,0.0,0.5
62,106,1,8.0,0.3,0.6,1.7,0.5,0.0,0.5
62,107,0,22.0,1.0,1.0,5.0,4.0,0.0,0.0
62,108,0,53.0,5.0,0.0,1.0,20.0,0.0,0.0
62,109,1,2.0,0.1,0.2,0.4,0.1,0.0,0.1
62,110,1,4.0,0.4,0.4,0.6,0.3,0.0,0.0
62,112,1,6.0,0.5,0.6,0.9,0.5,0.0,0.0
62,113,1,6.0,0.5,0.6,0.9,0.5,0.0,0.0
62,115,1,4.0,0.1,0.1,0.4,0.8,0.0,0.0
62,118,1,1.0,0.0,0.1,0.1,0.2,0.0,0.0
62,126,1,1.0,0.0,0.1,0.1,0.3,0.0,0.0
63,43,1,4.0,0.2,0.3,0.5,0.7,0.0,0.0
63,44,1,3.0,0.1,0.2,0.5,0.5,0.0,0.0
63,45,1,2.0,0.1,0.1,0.3,0.4,0.0,0.0
63,46,1,1.0,0.0,0.1,0.1,0.2,0.0,0.0
63,103,1,3.0,0.0,0.1,0.4,0.9,0.0,0.0
63,104,1,8.0,0.0,0.2,1.2,2.3,0.0,0.0
63,106,1,5.0,0.2,0.4,1.1,0.3,0.0,0.3
63,107,1,13.5,0.4,1.1,2.9,0.9,0.0,0.9
63,108,0,60.0,18.0,0.0,4.0,13.0,0.0,4.0
63,109,0,49.5,6.0,3.0,1.0,16.0,0.0,0.0
63,110,1,11.0,0.9,1.1,1.7,0.9,0.0,0.0
63,111,1,8.0,0.7,0.7,1.2,0.7,0.0,0.0
63,112,1,13.5,1.2,1.3,2.0,1.1,0.0,0.0
63,113,1,2.5,0.2,0.2,0.4,0.2,0.0,0.0
63,116,1,2.0,0.0,0.1,0.2,0.4,0.0,0.0
63,125,1,5.0,0.0,0.2,0.4,1.7,0.0,0.0
64,41,1,3.0,0.1,0.2,0.5,0.5,0.0,0.0
64,44,1,2.0,0.1,0.1,0.3,0.4,0.0,0.0
64,45,1,4.0,0.2,0.3,0.5,0.7,0.0,0.0
64,46,1,1.0,0.0,0.1,0.1,0.2,0.0,0.0
64,102,1,4.0,0.0,0.1,0.6,1.1,0.0,0.0
64,103,1,1.0,0.0,0.0,0.2,0.3,0.0,0.0
64,105,1,2.0,0.1,0.2,0.4,0.1,0.0,0.1
64,106,1,2.5,0.1,0.2,0.5,0.2,0.0,0.2
64,107,0,23.5,6.0,4.0,0.0,2.0,0.0,0.0
64,108,0,105.0,7.0,1.0,12.0,34.0,0.0,11.0
64,109,0,53.0,7.0,2.0,6.0,12.0,0.0,5.0
64,110,1,23.0,2.0,2.2,3.4,1.9,0.0,0.0
64,118,1,2.0,0.0,0.1,0.2,0.4,0.0,0.0
65,41,1,2.0,0.1,0.1,0.3,0.4,0.0,0.0
65,42,1,3.0,0.1,0.2,0.5,0.5,0.0,0.0
65,44,1,17.0,0.8,1.2,2.4,2.9,0.0,0.0
65,104,1,2.0,0.0,0.0,0.3,0.6,0.0,0.0
65,106,1,2.0,0.1,0.2,0.4,0.1,0.0,0.1
65,107,0,32.0,2.0,6.0,1.0,4.0,0.0,0.0
65,108,1,1.0,0.0,0.1,0.2,0.1,0.0,0.1
65,109,0,37.0,1.0,5.0,3.0,6.0,0.0,0.0
65,110,1,5.0,0.4,0.5,0.8,0.4,0.0,0.0
65,111,1,4.0,0.4,0.4,0.6,0.3,0.0,0.0
65,112,1,2.0,0.2,0.2,0.3,0.1,0.0,0.0
65,127,1,2.0,0.0,0.1,0.1,0.7,0.0,0.0
66,43,1,4.0,0.2,0.3,0.5,0.7,0.0,0.0
66,44,1,13.0,0.6,0.9,1.9,2.2,0.0,0.0
66,46,1,4.0,0.2,0.3,0.5,0.7,0.0,0.0
66,62,1,2.0,0.1,0.1,0.1,0.6,0.0,0.0
66,63,1,6.0,0.2,0.3,0.3,2.0,0.0,0.0
66,102,1,3.0,0.0,0.1,0.4,0.9,0.0,0.0
66,104,1,7.0,0.0,0.2,1.0,2.0,0.0,0.0
66,105,1,8.0,0.3,0.6,1.7,0.5,0.0,0.5
66,106,0,55.0,2.0,14.0,3.0,1.0,0.0,0.0
66,109,1,10.0,0.3,0.8,2.1,0.7,0.0,0.7
66,110,1,7.0,0.6,0.7,1.0,0.6,0.0,0.0
66,112,1,2.0,0.2,0.2,0.3,0.1,0.0,0.0
67,38,1,2.0,0.1,0.3,0.5,0.2,0.0,0.0
67,43,1,4.0,0.2,0.2,0.6,0.7,0.0,0.0
67,44,1,10.0,0.4,0.5,1.6,1.8,0.0,0.0
67,45,1,20.0,1.0,1.0,5.0,1.8,0.0,0.0
67,48,1,2.0,0.1,0.1,0.5,0.2,0.0,0.0
67,52,1,2.0,0.0,0.1,0.4,0.3,0.0,0.0
67,59,1,3.0,0.0,0.2,0.6,0.3,0.0,0.0
67,106,0,45.0,0.0,22.0,1.0,0.0,0.0,0.0
67,107,1,5.0,0.2,0.7,0.3,1.3,0.0,0.0
67,109,1,4.0,0.2,0.5,0.3,1.0,0.0,0.0
68,39,1,2.0,0.1,0.3,0.5,0.2,0.0,0.0
68,43,1,6.0,0.3,0.3,1.0,1.0,0.0,0.0
68,45,1,24.0,1.2,1.2,6.0,2.1,0.0,0.0
68,46,1,1.0,0.0,0.0,0.3,0.1,0.0,0.0
68,48,1,1.0,0.0,0.0,0.3,0.1,0.0,0.0
68,64,1,7.0,0.3,0.3,0.3,2.3,0.0,0.0
68,106,1,1.0,0.0,0.1,0.1,0.3,0.0,0.0
68,107,1,1.0,0.0,0.1,0.1,0.3,0.0,0.0
68,112,1,1.0,0.0,0.1,0.1,0.2,0.0,0.0
69,40,1,1.0,0.0,0.0,0.2,0.2,0.0,0.0
69,43,1,5.0,0.2,0.2,0.8,0.9,0.0,0.0
69,44,1,4.0,0.2,0.2,0.6,0.7,0.0,0.0
69,45,0,43.0,4.0,1.0,9.0,8.0,0.0,0.0
69,46,0,28.0,3.0,8.0,1.0,0.0,1.0,1.0
69,47,1,7.0,0.3,0.4,1.8,0.6,0.0,0.0
69,49,1,1.0,0.0,0.0,0.3,0.1,0.0,0.0
69,64,1,2.0,0.1,0.1,0.1,0.6,0.0,0.0
69,103,1,2.0,0.0,0.0,0.3,0.6,0.0,0.0
69,105,1,2.0,0.1,0.3,0.1,0.5,0.0,0.0
69,107,1,5.0,0.2,0.7,0.3,1.3,0.0,0.0
69,112,1,5.0,0.1,0.2,0.5,1.0,0.0,0.0
69,115,1,4.0,0.1,0.1,0.4,0.8,0.0,0.0
69,127,1,3.0,0.0,0.2,0.2,1.0,0.0,0.0
70,40,1,7.0,0.3,0.3,1.1,1.3,0.0,0.0
70,44,1,24.0,1.0,1.1,3.9,4.2,0.0,0.0
70,45,0,44.0,2.0,1.0,4.0,16.0,0.0,0.0
70,46,0,33.0,3.0,4.0,2.0,9.0,0.0,0.0
70,47,1,15.0,0.7,0.8,3.8,1.3,0.0,0.0
70,48,1,1.0,0.0,0.0,0.3,0.1,0.0,0.0
70,107,1,6.0,0.3,0.8,0.4,1.5,0.0,0.0
70,115,1,7.0,0.1,0.2,0.7,1.4,0.0,0.0
70,119,1,4.0,0.1,0.1,0.4,0.8,0.0,0.0
70,121,1,1.0,0.0,0.1,0.1,0.3,0.0,0.0
70,127,1,1.0,0.0,0.1,0.1,0.3,0.0,0.0
71,40,1,2.0,0.1,0.1,0.3,0.4,0.0,0.0
71,41,1,2.0,0.1,0.1,0.3,0.4,0.0,0.0
71,42,1,1.0,0.0,0.0,0.2,0.2,0.0,0.0
71,43,1,2.0,0.1,0.1,0.3,0.4,0.0,0.0
71,45,1,3.0,0.1,0.1,0.8,0.3,0.0,0.0
71,46,1,3.0,0.1,0.1,0.8,0.3,0.0,0.0
71,47,1,2.0,0.1,0.1,0.5,0.2,0.0,0.0
71,60,1,2.0,0.1,0.1,0.1,0.6,0.0,0.0
71,106,1,22.5,1.0,2.9,1.4,5.8,0.0,0.0
71,113,1,10.0,0.2,0.3,1.0,2.0,0.0,0.0
71,127,1,3.0,0.0,0.2,0.2,1.0,0.0,0.0
72,40,1,3.0,0.0,0.3,0.8,0.1,0.0,0.0
72,41,1,2.0,0.0,0.2,0.5,0.1,0.0,0.0
72,46,1,7.0,0.0,1.0,1.3,0.5,0.0,0.0
72,47,1,15.0,0.0,2.1,2.9,1.0,0.0,0.0
72,48,1,1.0,0.0,0.1,0.2,0.1,0.0,0.0
72,58,1,1.0,0.0,0.1,0.2,0.2,0.0,0.0
72,59,1,2.0,0.0,0.3,0.3,0.3,0.0,0.0
72,61,1,4.0,0.2,0.2,0.6,0.8,0.0,0.0
72,64,1,2.0,0.1,0.1,0.3,0.4,0.0,0.0
72,95,1,2.0,0.0,0.1,0.2,0.8,0.0,0.0
72,96,1,2.0,0.0,0.1,0.2,0.8,0.0,0.0
72,100,1,1.0,0.0,0.0,0.1,0.3,0.0,0.0
72,105,1,4.0,0.2,0.0,0.2,1.1,0.2,0.0
72,107,1,1.0,0.0,0.0,0.1,0.3,0.0,0.0
72,108,1,3.0,0.2,0.0,0.2,0.8,0.1,0.0
73,45,1,4.0,0.0,0.5,0.8,0.3,0.0,0.0
73,46,1,2.0,0.0,0.3,0.4,0.1,0.0,0.0
73,47,1,9.5,0.0,1.3,1.8,0.7,0.0,0.0
73,48,1,3.0,0.0,0.4,0.6,0.2,0.0,0.0
73,50,1,1.0,0.0,0.1,0.2,0.1,0.0,0.0
73,60,1,3.0,0.1,0.2,0.4,0.6,0.0,0.0
73,61,1,12.0,0.5,0.7,1.9,2.3,0.0,0.0
73,62,1,4.0,0.2,0.2,0.6,0.8,0.0,0.0
73,64,1,8.0,0.3,0.5,1.2,1.6,0.0,0.0
73,65,1,24.0,0.2,1.5,5.4,3.5,0.0,0.0
73,66,1,6.5,0.1,0.4,1.5,0.9,0.0,0.0
73,104,1,3.0,0.2,0.0,0.2,0.8,0.1,0.0
73,105,1,2.0,0.1,0.0,0.1,0.5,0.1,0.0
73,114,1,2.0,0.0,0.2,0.1,0.5,0.0,0.0
74,41,1,4.0,0.0,0.4,1.0,0.2,0.0,0.0
74,42,1,3.0,0.0,0.3,0.8,0.1,0.0,0.0
74,47,1,7.0,0.0,1.0,1.3,0.5,0.0,0.0
74,48,1,2.0,0.0,0.3,0.4,0.1,0.0,0.0
74,49,1,15.0,0.0,2.1,2.9,1.0,0.0,0.0
74,50,1,20.0,0.0,2.7,4.0,1.3,0.0,0.0
74,58,1,5.0,0.1,0.6,0.8,0.8,0.0,0.0
74,60,1,10.0,0.4,0.6,1.6,1.9,0.0,0.0
74,61,1,24.0,0.9,1.4,3.8,4.7,0.0,0.0
74,63,1,2.0,0.1,0.1,0.3,0.4,0.0,0.0
74,64,1,6.5,0.2,0.4,1.0,1.3,0.0,0.0
74,65,1,24.0,0.2,1.5,5.4,3.5,0.0,0.0
74,66,1,16.0,0.2,1.0,3.6,2.3,0.0,0.0
74,67,1,6.0,0.1,0.4,1.3,0.9,0.0,0.0
74,101,1,1.0,0.0,0.0,0.1,0.3,0.0,0.0
74,105,1,1.0,0.0,0.0,0.1,0.3,0.0,0.0
74,112,1,4.0,0.0,0.4,0.2,0.9,0.0,0.0
74,115,1,2.0,0.0,0.2,0.1,0.5,0.0,0.0
74,116,1,2.0,0.0,0.2,0.1,0.5,0.0,0.0
75,0,1,2.0,0.1,0.1,0.1,0.5,0.0,0.0
75,21,1,3.0,0.0,0.4,0.5,0.5,0.0,0.0
75,40,1,9.0,0.0,0.9,2.3,0.4,0.0,0.0
75,41,1,22.0,0.0,2.3,5.6,1.0,0.0,0.0
75,43,1,1.0,0.0,0.1,0.3,0.0,0.0,0.0
75,47,1,1.0,0.0,0.1,0.2,0.1,0.0,0.0
75,49,1,2.0,0.0,0.3,0.4,0.1,0.0,0.0
75,50,1,14.0,0.0,1.9,2.8,0.9,0.0,0.0
75,58,1,4.0,0.1,0.5,0.7,0.6,0.0,0.0
75,60,1,10.0,0.4,0.6,1.6,1.9,0.0,0.0
75,61,1,2.0,0.1,0.1,0.3,0.4,0.0,0.0
75,63,1,15.0,0.6,0.9,2.3,2.9,0.0,0.0
75,64,0,34.5,1.0,3.0,2.0,12.0,0.0,0.0
75,65,0,37.5,3.0,0.0,4.0,9.0,0.0,0.0
75,66,1,10.5,0.1,0.7,2.4,1.5,0.0,0.0
75,99,1,1.0,0.0,0.0,0.1,0.4,0.0,0.0
75,109,1,5.0,0.3,0.0,0.3,1.3,0.2,0.0
76,39,1,4.0,0.0,0.5,0.7,0.6,0.0,0.0
76,40,1,14.0,0.0,1.5,3.5,0.6,0.0,0.0
76,41,0,30.0,0.0,2.0,9.0,1.0,0.0,0.0
76,42,1,2.0,0.0,0.2,0.5,0.1,0.0,0.0
76,43,1,7.0,0.0,0.7,1.8,0.3,0.0,0.0
76,45,1,4.0,0.0,0.5,0.8,0.3,0.0,0.0
76,50,1,10.0,0.0,1.3,2.0,0.7,0.0,0.0
76,55,1,13.0,0.3,1.6,2.1,2.1,0.0,0.0
76,56,1,20.0,0.4,2.4,3.3,3.3,0.0,0.0
76,59,1,4.0,0.1,0.5,0.7,0.6,0.0,0.0
76,65,1,7.0,0.1,0.4,1.6,1.0,0.0,0.0
76,66,1,3.0,0.0,0.2,0.7,0.4,0.0,0.0
76,97,1,4.0,0.0,0.1,0.4,1.7,0.0,0.0
76,104,1,4.0,0.2,0.0,0.2,1.1,0.2,0.0
76,105,1,10.0,0.6,0.0,0.6,2.6,0.4,0.0
76,114,1,2.0,0.0,0.2,0.1,0.5,0.0,0.0
77,1,1,4.0,0.1,0.2,0.3,1.0,0.0,0.0
77,2,1,9.0,0.3,0.3,0.6,2.3,0.0,0.0
77,41,1,9.0,0.5,1.1,1.9,0.4,0.0,0.0
77,42,0,30.0,6.0,0.0,1.0,7.0,0.0,0.0
77,43,1,7.0,0.4,0.9,1.5,0.2,0.0,0.0
77,44,1,5.0,0.3,0.6,1.1,0.2,0.0,0.0
77,48,1,3.0,0.6,0.2,0.4,0.3,0.0,0.0
77,49,1,3.5,0.7,0.3,0.4,0.4,0.0,0.0
77,51,1,13.0,0.3,2.4,2.3,1.0,0.0,0.0
77,54,1,17.0,0.4,3.2,2.9,1.3,0.0,0.0
77,55,0,32.5,3.0,4.0,3.0,12.0,0.0,0.0
77,56,0,28.0,2.0,2.0,3.0,7.0,0.0,0.0
77,59,1,4.0,0.2,0.2,1.1,0.1,0.0,0.0
77,101,1,4.0,0.2,0.0,0.2,1.1,0.2,0.0
77,108,1,3.0,0.2,0.2,0.2,0.7,0.0,0.0
78,2,1,4.0,0.1,0.2,0.3,1.0,0.0,0.0
78,4,1,1.0,0.0,0.0,0.1,0.3,0.0,0.0
78,40,1,9.5,0.5,1.2,2.0,0.4,0.0,0.0
78,41,1,18.0,1.0,2.3,3.8,0.7,0.0,0.0
78,42,0,57.5,1.0,1.0,7.0,17.0,0.0,3.0
78,51,1,9.0,0.2,1.7,1.5,0.7,0.0,0.0
78,52,0,39.0,0.0,1.0,12.0,0.0,0.0,0.0
78,53,1,10.0,0.2,1.9,1.7,0.8,0.0,0.0
78,54,1,11.0,0.2,2.1,1.9,0.8,0.0,0.0
78,55,1,12.5,0.7,0.5,3.4,0.5,0.0,0.0
78,56,1,10.0,0.6,0.4,2.7,0.4,0.0,0.0
78,65,1,4.0,0.0,0.5,0.5,0.5,0.0,0.0
78,99,1,2.0,0.0,0.1,0.2,0.8,0.0,0.0
78,101,1,2.0,0.1,0.0,0.1,0.5,0.1,0.0
78,109,1,1.0,0.0,0.1,0.1,0.2,0.0,0.0
78,111,1,3.0,0.0,0.3,0.2,0.7,0.0,0.0
78,114,1,2.0,0.0,0.2,0.1,0.5,0.0,0.0
79,4,1,4.0,0.1,0.2,0.3,1.0,0.0,0.0
79,38,1,2.0,0.0,0.3,0.3,0.3,0.0,0.0
79,39,1,1.0,0.0,0.1,0.2,0.2,0.0,0.0
79,40,0,30.0,0.0,8.0,2.0,1.0,0.0,0.0
79,41,1,15.0,0.8,1.9,3.2,0.6,0.0,0.0
79,42,1,17.0,0.9,2.1,3.6,0.7,0.0,0.0
79,47,1,4.0,0.8,0.3,0.5,0.4,0.0,0.0
79,48,0,27.0,6.0,4.0,3.0,2.0,0.0,0.0
79,49,0,48.0,7.0,0.0,7.0,13.0,0.0,0.0
79,50,1,22.0,0.5,4.1,3.8,1.7,0.0,0.0
79,51,1,12.0,0.3,2.2,2.1,0.9,0.0,0.0
79,52,1,8.0,0.2,1.5,1.4,0.6,0.0,0.0
79,53,0,28.0,2.0,7.0,5.0,0.0,0.0,0.0
79,54,1,24.0,0.5,4.5,4.2,1.8,0.0,0.0
79,55,1,9.5,0.5,0.4,2.6,0.4,0.0,0.0
79,56,1,6.0,0.4,0.2,1.7,0.2,0.0,0.0
79,60,1,1.0,0.0,0.2,0.2,0.1,0.0,0.0
79,61,1,2.0,0.0,0.4,0.4,0.1,0.0,0.0
79,63,0,31.5,0.0,4.0,10.0,0.0,0.0,0.0
79,65,1,5.0,0.0,0.6,0.7,0.6,0.0,0.0
79,102,1,6.0,0.3,0.0,0.4,1.6,0.2,0.0
79,106,1,4.0,0.2,0.3,0.3,0.9,0.0,0.0
80,39,1,1.0,0.0,0.1,0.2,0.2,0.0,0.0
80,40,1,10.0,0.5,1.3,2.1,0.4,0.0,0.0
80,41,1,7.0,0.4,0.9,1.5,0.2,0.0,0.0
80,42,0,30.0,0.0,10.0,5.0,1.0,0.0,0.0
80,43,1,8.0,0.5,1.0,1.7,0.3,0.0,0.0
80,44,1,3.0,0.2,0.4,0.6,0.1,0.0,0.0
80,46,1,2.0,0.4,0.2,0.2,0.2,0.0,0.0
80,47,0,34.0,14.0,0.0,2.0,1.0,0.0,0.0
80,48,0,81.5,21.0,21.0,2.0,1.0,0.0,0.0
80,49,0,142.0,55.0,3.0,11.0,18.0,0.0,41.0
80,50,0,59.5,3.0,0.0,2.0,31.0,0.0,8.0
80,51,0,86.5,5.0,10.0,5.0,38.0,0.0,10.0
80,52,0,36.0,6.0,0.0,2.0,11.0,0.0,0.0
80,54,1,2.0,0.0,0.4,0.3,0.2,0.0,0.0
80,55,1,4.0,0.2,0.2,1.1,0.1,0.0,0.0
80,56,1,2.0,0.1,0.1,0.5,0.1,0.0,0.0
80,60,1,5.0,0.0,0.9,1.0,0.4,0.0,0.0
80,61,1,14.0,0.0,2.5,2.9,1.1,0.0,0.0
80,64,0,21.0,1.0,2.0,6.0,2.0,0.0,0.0
80,65,0,25.0,2.0,1.0,2.0,8.0,0.0,0.0
80,66,1,23.5,0.0,3.0,3.1,3.0,0.0,0.0
80,104,1,3.0,0.2,0.0,0.2,0.8,0.1,0.0
80,106,1,15.0,0.8,1.2,1.0,3.4,0.0,0.0
80,107,1,11.5,0.6,0.9,0.8,2.6,0.0,0.0
81,11,1,3.0,0.1,0.1,0.2,0.8,0.0,0.0
81,38,1,1.0,0.0,0.1,0.2,0.2,0.0,0.0
81,39,1,3.0,0.0,0.4,0.5,0.5,0.0,0.0
81,40,1,2.0,0.1,0.3,0.4,0.1,0.0,0.0
81,41,1,8.0,0.5,1.0,1.7,0.3,0.0,0.0
81,42,1,9.0,0.5,1.1,1.9,0.4,0.0,0.0
81,43,0,32.0,0.0,6.0,7.0,0.0,0.0,0.0
81,46,1,13.0,2.6,1.0,1.5,1.5,0.0,0.0
81,47,0,30.0,7.0,3.0,0.0,3.0,0.0,0.0
81,48,0,82.5,24.0,6.0,6.0,7.0,0.0,0.0
81,49,0,85.0,6.0,1.0,20.0,23.0,0.0,8.0
81,50,0,51.5,17.0,14.0,3.0,7.0,0.0,0.0
81,51,0,183.5,19.0,2.0,12.0,83.0,5.0,0.0
81,52,0,130.5,23.0,14.0,20.0,34.0,0.0,0.0
81,53,0,103.0,18.0,3.0,1.0,39.0,0.0,0.0
81,54,1,5.0,0.1,0.9,0.9,0.4,0.0,0.0
81,56,1,3.0,0.2,0.1,0.8,0.1,0.0,0.0
81,64,1,17.0,0.0,3.0,3.5,1.3,0.0,0.0
81,65,0,29.0,0.0,1.0,5.0,5.0,0.0,0.0
81,66,1,14.0,0.0,1.8,1.8,1.8,0.0,0.0
81,106,0,41.0,2.0,3.0,3.0,9.0,0.0,0.0
81,107,1,24.0,1.3,1.9,1.6,5.5,0.0,0.0
81,108,1,16.0,0.9,1.3,1.1,3.6,0.0,0.0
81,110,1,6.0,0.0,0.6,0.4,1.3,0.0,0.0
81,111,1,4.0,0.0,0.4,0.2,0.9,0.0,0.0
81,113,1,4.0,0.0,0.4,0.2,0.9,0.0,0.0
82,18,1,1.0,0.0,0.0,0.1,0.3,0.0,0.0
82,20,1,3.0,0.0,0.2,0.5,0.5,0.0,0.0
82,37,0,37.0,3.0,10.0,2.0,3.0,0.0,5.0
82,38,1,11.0,0.9,1.1,1.6,1.4,0.0,0.0
82,39,1,26.0,2.1,2.5,3.8,3.3,0.0,0.0
82,40,1,7.0,0.9,0.5,1.0,0.8,0.0,0.0
82,41,0,38.0,1.0,11.0,5.0,0.0,0.0,0.0
82,42,0,35.0,10.0,1.0,3.0,2.0,0.0,0.0
82,43,0,53.0,6.0,8.0,4.0,3.0,0.0,0.0
82,44,0,27.5,8.0,1.0,6.0,0.0,0.0,0.0
82,45,1,12.0,2.6,1.4,0.6,1.6,0.0,0.0
82,47,1,14.0,3.0,1.6,0.7,1.9,0.0,0.0
82,48,0,82.0,23.0,4.0,8.0,7.0,0.0,0.0
82,49,0,60.5,20.0,5.0,3.0,2.0,0.0,0.0
82,50,0,46.0,1.0,3.0,9.0,12.0,0.0,0.0
82,51,0,49.0,12.0,10.0,0.0,4.0,0.0,0.0
82,52,0,66.0,12.0,10.0,4.0,13.0,0.0,0.0
82,53,0,39.0,1.0,1.0,11.0,14.0,0.0,0.0
82,54,1,19.0,1.5,2.0,3.7,2.2,0.0,0.0
82,55,1,4.0,0.1,0.2,0.8,0.5,0.0,0.0
82,59,1,2.0,0.0,0.1,0.4,0.3,0.0,0.0
82,60,1,30.0,3.4,3.9,2.9,2.8,0.0,0.0
82,65,1,7.0,0.4,0.5,1.4,0.6,0.0,0.0
82,106,1,24.0,2.2,2.9,3.3,2.6,0.0,0.0
82,107,1,2.0,0.2,0.2,0.3,0.2,0.0,0.0
82,110,1,5.0,0.1,0.6,0.8,0.6,0.0,0.0
82,112,1,2.0,0.1,0.2,0.3,0.2,0.0,0.0
83,21,1,1.0,0.0,0.1,0.1,0.2,0.0,0.0
83,33,1,4.0,0.0,0.5,0.7,0.6,0.0,0.0
83,35,1,3.0,0.3,0.3,0.4,0.4,0.0,0.0
83,36,0,31.5,1.0,0.0,7.0,5.0,0.0,0.0
83,37,0,82.0,6.0,6.0,4.0,33.0,0.0,0.0
83,38,1,22.0,1.8,2.1,3.2,2.8,0.0,0.0
83,39,1,2.0,0.2,0.2,0.3,0.2,0.0,0.0
83,40,1,10.0,1.3,0.6,1.5,1.1,0.1,0.0
83,41,1,5.0,0.7,0.3,0.7,0.6,0.0,0.0
83,43,1,24.0,3.1,1.5,3.5,2.6,0.2,0.0
83,44,0,21.0,5.0,1.0,8.0,0.0,0.0,0.0
83,45,1,7.0,1.5,0.8,0.4,0.9,0.0,0.0
83,46,1,15.5,3.4,1.8,0.7,2.1,0.0,0.0
83,47,0,35.0,4.0,11.0,0.0,4.0,0.0,0.0
83,48,0,53.0,4.0,14.0,1.0,4.0,0.0,13.0
83,49,0,50.0,20.0,5.0,0.0,2.0,0.0,0.0
83,50,0,39.5,5.0,5.0,4.0,5.0,0.0,0.0
83,51,0,32.0,8.0,2.0,3.0,3.0,0.0,0.0
83,52,0,38.0,3.0,6.0,8.0,5.0,0.0,0.0
83,53,0,70.0,2.0,11.0,17.0,0.0,0.0,0.0
83,54,1,2.0,0.2,0.2,0.4,0.2,0.0,0.0
83,55,1,3.0,0.0,0.2,0.6,0.4,0.0,0.0
83,57,1,14.0,0.3,0.9,2.8,1.7,0.0,0.0
83,58,1,4.0,0.1,0.2,0.8,0.5,0.0,0.0
83,59,0,37.0,7.0,0.0,3.0,8.0,0.0,0.0
83,60,0,41.0,1.0,0.0,2.0,15.0,0.0,0.0
83,61,1,9.0,1.0,1.2,0.9,0.8,0.0,0.0
83,64,1,5.0,0.6,0.6,0.5,0.5,0.0,0.0
83,65,1,4.0,0.2,0.3,0.8,0.4,0.0,0.0
83,81,1,3.0,0.0,0.1,0.3,1.2,0.0,0.0
83,83,1,2.0,0.0,0.1,0.2,0.8,0.0,0.0
83,84,1,3.0,0.0,0.1,0.3,1.2,0.0,0.0
83,106,1,20.5,1.9,2.5,2.8,2.2,0.0,0.0
84,24,1,2.0,0.0,0.2,0.3,0.3,0.0,0.0
84,26,1,2.0,0.0,0.2,0.3,0.3,0.0,0.0
84,27,1,3.0,0.0,0.2,0.5,0.5,0.0,0.0
84,28,1,4.0,0.0,0.3,0.6,0.7,0.0,0.0
84,29,1,18.0,0.0,1.3,2.6,3.1,0.0,0.0
84,33,1,1.0,0.0,0.1,0.2,0.2,0.0,0.0
84,35,1,12.0,1.0,1.2,1.7,1.5,0.0,0.0
84,36,1,2.0,0.2,0.2,0.3,0.2,0.0,0.0
84,39,1,16.0,1.3,1.5,2.3,2.1,0.0,0.0
84,40,1,11.0,1.4,0.7,1.6,1.2,0.1,0.0
84,41,1,4.0,0.5,0.3,0.6,0.4,0.0,0.0
84,43,1,13.0,1.7,0.8,1.9,1.4,0.1,0.0
84,44,1,7.0,0.9,0.5,1.0,0.8,0.0,0.0
84,45,1,20.0,4.4,2.3,0.9,2.7,0.0,0.0
84,46,0,20.5,1.0,1.0,3.0,7.0,0.0,0.0
84,47,0,26.0,9.0,2.0,1.0,3.0,0.0,0.0
84,48,0,27.0,7.0,5.0,1.0,1.0,0.0,0.0
84,49,1,13.0,2.9,1.5,0.6,1.7,0.0,0.0
84,50,1,13.0,1.0,1.4,2.5,1.5,0.0,0.0
84,51,0,40.0,7.0,0.0,6.0,4.0,0.0,0.0
84,52,0,114.0,1.0,41.0,5.0,4.0,0.0,25.0
84,53,0,67.0,8.0,14.0,10.0,0.0,0.0,0.0
84,54,1,16.0,1.2,1.7,3.1,1.9,0.0,0.0
84,59,1,22.5,0.5,1.4,4.5,2.7,0.0,0.0
84,60,0,47.0,0.0,0.0,14.0,6.0,0.0,0.0
84,61,0,29.0,5.0,0.0,4.0,3.0,0.0,0.0
84,62,1,23.0,2.6,3.0,2.2,2.2,0.0,0.0
84,63,1,6.0,0.7,0.8,0.6,0.5,0.0,0.0
84,64,1,3.0,0.3,0.4,0.3,0.3,0.0,0.0
84,84,1,1.0,0.0,0.0,0.1,0.4,0.0,0.0
84,106,1,7.0,0.6,0.9,1.0,0.7,0.0,0.0
84,108,1,4.0,0.4,0.5,0.5,0.4,0.0,0.0
85,29,1,6.0,0.0,0.4,0.9,1.0,0.0,0.0
85,32,1,2.0,0.0,0.3,0.3,0.3,0.0,0.0
85,35,1,1.0,0.1,0.1,0.2,0.1,0.0,0.0
85,36,1,6.0,0.5,0.6,0.8,0.8,0.0,0.0
85,37,1,9.0,0.7,0.9,1.3,1.2,0.0,0.0
85,39,0,27.5,0.0,4.0,9.0,0.0,0.0,0.0
85,40,1,21.5,2.8,1.4,3.2,2.3,0.1,0.0
85,41,1,3.0,0.4,0.2,0.5,0.3,0.0,0.0
85,43,1,7.0,0.9,0.5,1.0,0.8,0.0,0.0
85,44,1,12.0,1.5,0.8,1.8,1.3,0.1,0.0
85,46,1,8.0,1.7,0.9,0.4,1.1,0.0,0.0
85,47,1,18.0,3.9,2.1,0.8,2.4,0.0,0.0
85,48,0,110.5,46.0,20.0,1.0,0.0,0.0,47.0
85,49,0,67.0,15.0,20.0,0.0,0.0,0.0,23.0
85,50,1,24.0,1.9,2.6,4.6,2.8,0.0,0.0
85,51,0,119.5,65.0,3.0,3.0,5.0,0.0,51.0
85,52,0,59.0,3.0,6.0,18.0,3.0,0.0,0.0
85,53,0,43.0,2.0,14.0,3.0,0.0,0.0,1.0
85,54,1,2.0,0.2,0.2,0.4,0.2,0.0,0.0
85,60,1,2.0,0.2,0.3,0.2,0.2,0.0,0.0
85,61,1,21.0,2.4,2.7,2.0,2.0,0.0,0.0
85,62,1,19.0,2.2,2.4,1.8,1.8,0.0,0.0
85,63,1,21.5,2.5,2.8,2.0,2.0,0.0,0.0
85,64,1,5.0,0.6,0.6,0.5,0.5,0.0,0.0
85,87,1,1.5,0.0,0.0,0.2,0.6,0.0,0.0
85,108,1,1.0,0.1,0.1,0.2,0.1,0.0,0.0
85,110,1,1.0,0.0,0.1,0.2,0.1,0.0,0.0
85,111,1,3.0,0.1,0.4,0.5,0.3,0.0,0.0
86,23,1,2.0,0.0,0.2,0.3,0.3,0.0,0.0
86,34,1,2.0,0.0,0.3,0.3,0.3,0.0,0.0
86,35,1,2.0,0.2,0.2,0.3,0.2,0.0,0.0
86,36,1,2.0,0.2,0.2,0.3,0.2,0.0,0.0
86,37,1,6.0,0.5,0.6,0.8,0.8,0.0,0.0
86,39,1,4.0,0.3,0.4,0.6,0.5,0.0,0.0
86,40,1,22.5,2.9,1.4,3.3,2.5,0.1,0.0
86,41,1,6.0,0.8,0.4,0.9,0.6,0.0,0.0
86,42,1,3.0,0.4,0.2,0.5,0.3,0.0,0.0
86,46,1,17.0,3.7,2.0,0.8,2.2,0.0,0.0
86,48,1,4.0,0.9,0.5,0.2,0.5,0.0,0.0
86,50,1,18.0,1.4,1.9,3.5,2.1,0.0,0.0
86,51,0,28.0,8.0,1.0,2.0,0.0,0.0,0.0
86,52,1,9.0,0.7,1.0,1.7,1.1,0.0,0.0
86,53,0,130.0,3.0,2.0,48.0,3.0,0.0,31.0
86,60,1,17.0,2.0,2.2,1.6,1.6,0.0,0.0
86,61,1,11.0,1.3,1.4,1.1,1.0,0.0,0.0
86,62,1,13.0,1.5,1.7,1.2,1.2,0.0,0.0
86,63,1,15.5,1.8,2.0,1.5,1.4,0.0,0.0
86,64,0,31.0,2.0,5.0,3.0,2.0,0.0,0.0
86,111,1,10.0,0.2,1.2,1.6,1.2,0.0,0.0
86,112,1,4.0,0.1,0.5,0.6,0.5,0.0,0.0
86,113,1,4.0,0.1,0.5,0.6,0.5,0.0,0.0
86,114,1,11.0,0.2,1.3,1.8,1.3,0.0,0.0
87,22,1,7.0,0.3,0.6,1.1,0.7,0.0,0.0
87,23,0,30.0,5.0,1.0,4.0,6.0,0.0,0.0
87,24,0,43.0,21.0,1.0,0.0,3.0,0.0,0.0
87,25,1,22.0,1.5,2.7,3.8,1.5,0.0,0.0
87,26,1,13.0,0.9,1.6,2.2,0.9,0.0,0.0
87,27,1,5.0,0.4,0.6,0.9,0.3,0.0,0.0
87,32,0,36.5,1.0,0.0,5.0,9.0,0.0,0.0
87,33,0,37.0,2.0,11.0,1.0,4.0,0.0,0.0
87,34,0,28.0,1.0,4.0,7.0,0.0,0.0,0.0
87,35,1,25.0,2.4,2.4,1.5,4.3,0.0,0.0
87,37,1,4.0,0.4,0.4,0.2,0.7,0.0,0.0
87,38,1,4.0,0.4,0.4,0.2,0.7,0.0,0.0
87,43,1,7.0,0.5,0.5,0.5,1.3,0.0,0.0
87,46,1,2.0,0.0,0.2,0.6,0.1,0.0,0.0
87,50,1,9.0,1.2,1.5,1.1,1.0,0.0,0.0
87,51,1,15.5,2.1,2.6,1.9,1.7,0.0,0.0
87,52,1,5.0,0.7,0.9,0.6,0.5,0.0,0.0
87,53,1,5.0,0.7,0.9,0.6,0.5,0.0,0.0
87,60,1,2.0,0.1,0.1,0.4,0.2,0.0,0.0
87,64,1,6.0,0.3,0.4,1.2,0.6,0.0,0.0
87,83,1,1.0,0.0,0.0,0.1,0.4,0.0,0.0
87,88,1,3.0,0.0,0.1,0.3,1.2,0.0,0.0
87,105,1,3.0,0.3,0.4,0.4,0.3,0.0,0.0
87,108,1,1.0,0.1,0.1,0.2,0.1,0.0,0.0
87,109,1,2.0,0.2,0.2,0.3,0.2,0.0,0.0
87,111,1,2.0,0.1,0.2,0.4,0.1,0.0,0.0
87,112,1,2.0,0.1,0.2,0.4,0.1,0.0,0.0
87,113,1,22.0,0.5,2.6,4.2,1.6,0.0,0.0
87,114,1,5.0,0.1,0.6,0.9,0.4,0.0,0.0
87,115,1,3.0,0.1,0.4,0.5,0.3,0.0,0.0
88,22,0,29.0,3.0,7.0,1.0,6.0,0.0,0.0
88,23,0,62.5,10.0,2.0,6.0,19.0,0.0,0.0
88,24,0,123.5,10.0,1.0,20.0,39.0,0.0,13.0
88,25,0,55.0,11.0,2.0,0.0,20.0,0.0,0.0
88,26,0,38.0,1.0,1.0,10.0,3.0,0.0,8.0
88,27,0,54.0,23.0,1.0,5.0,0.0,0.0,0.0
88,28,0,38.5,1.0,13.0,0.0,0.0,0.0,0.0
88,31,1,2.0,0.3,0.2,0.1,0.4,0.0,0.0
88,32,0,86.5,4.0,3.0,24.0,0.0,0.0,0.0
88,33,0,29.0,4.0,2.0,5.0,3.0,0.0,0.0
88,35,1,4.0,0.4,0.4,0.2,0.7,0.0,0.0
88,36,1,8.0,0.8,0.8,0.4,1.4,0.0,0.0
88,38,1,7.0,0.7,0.7,0.4,1.2,0.0,0.0
88,40,1,4.0,0.3,0.3,0.3,0.7,0.0,0.0
88,48,1,5.0,0.0,0.5,1.6,0.1,0.0,0.0
88,50,1,6.0,0.8,1.0,0.7,0.7,0.0,0.0
88,84,1,2.0,0.0,0.1,0.2,0.8,0.0,0.0
88,85,1,1.0,0.0,0.0,0.1,0.4,0.0,0.0
88,87,1,1.0,0.0,0.0,0.1,0.4,0.0,0.0
88,88,1,2.0,0.0,0.1,0.2,0.8,0.0,0.0
88,106,1,1.0,0.1,0.1,0.2,0.1,0.0,0.0
88,112,1,1.0,0.0,0.1,0.2,0.1,0.0,0.0
88,113,1,2.0,0.1,0.2,0.4,0.1,0.0,0.0
89,21,0,25.0,0.0,0.0,11.0,1.0,0.0,11.0
89,22,1,8.0,0.3,0.7,1.3,0.8,0.0,0.0
89,23,1,20.0,0.7,1.7,3.2,2.1,0.0,0.0
89,24,0,90.0,8.0,7.0,7.0,18.0,0.0,0.0
89,25,0,69.0,7.0,1.0,6.0,23.0,0.0,0.0
89,26,0,88.0,22.0,5.0,1.0,18.0,0.0,7.0
89,27,0,82.0,28.0,3.0,16.0,0.0,0.0,9.0
89,28,0,67.5,35.0,5.0,2.0,2.0,0.0,22.0
89,29,1,15.0,1.0,1.9,2.6,1.0,0.0,0.0
89,30,1,16.0,2.2,1.5,1.2,3.1,0.0,0.0
89,31,1,6.0,0.8,0.6,0.5,1.1,0.0,0.0
89,32,1,9.0,1.2,0.9,0.7,1.7,0.0,0.0
89,33,0,24.5,2.0,4.0,5.0,1.0,0.0,0.0
89,34,1,19.0,2.6,1.8,1.5,3.6,0.0,0.0
89,54,1,4.0,0.6,0.7,0.5,0.4,0.0,0.0
89,55,1,6.0,0.0,0.2,1.2,1.1,0.0,0.0
89,64,1,17.0,0.9,1.2,3.5,1.5,0.0,0.0
89,110,1,3.0,0.1,0.3,0.6,0.2,0.0,0.0
89,113,1,2.0,0.1,0.2,0.4,0.1,0.0,0.0
90,20,1,4.0,0.1,0.4,0.6,0.4,0.0,0.0
90,21,0,43.5,6.0,0.0,9.0,1.0,0.0,9.0
90,22,1,1.0,0.0,0.1,0.2,0.1,0.0,0.0
90,23,1,13.0,0.5,1.1,2.0,1.4,0.0,0.0
90,24,0,33.0,4.0,5.0,8.0,2.0,0.0,0.0
90,25,0,60.5,2.0,3.0,13.0,11.0,0.0,0.0
90,26,0,166.5,37.0,1.0,24.0,9.0,0.0,56.0
90,27,0,56.0,2.0,3.0,17.0,2.0,0.0,0.0
90,28,1,17.0,1.2,2.1,2.9,1.1,0.0,0.0
90,43,1,7.0,0.5,0.5,0.5,1.3,0.0,0.0
90,46,1,5.0,0.0,0.5,1.6,0.1,0.0,0.0
90,54,1,17.5,2.4,3.0,2.1,1.9,0.0,0.0
90,55,1,1.5,0.0,0.0,0.3,0.3,0.0,0.0
90,64,1,18.0,1.0,1.3,3.7,1.6,0.0,0.0
90,65,1,12.0,0.6,0.8,2.5,1.1,0.0,0.0
90,66,1,4.0,0.2,0.3,0.8,0.4,0.0,0.0
90,84,1,2.0,0.0,0.1,0.2,0.8,0.0,0.0
90,112,1,3.0,0.1,0.3,0.6,0.2,0.0,0.0
91,20,1,3.0,0.1,0.3,0.5,0.3,0.0,0.0
91,22,1,1.0,0.0,0.1,0.2,0.1,0.0,0.0
91,25,0,48.0,2.0,5.0,6.0,10.0,0.0,0.0
91,26,1,16.0,1.1,2.0,2.7,1.1,0.0,0.0
91,40,1,4.0,0.3,0.3,0.3,0.7,0.0,0.0
91,41,0,30.0,1.0,2.0,11.0,0.0,0.0,0.0
91,42,0,40.0,1.0,4.0,6.0,8.0,0.0,0.0
91,43,1,17.5,1.3,1.3,1.4,3.1,0.0,0.0
91,47,1,1.0,0.0,0.1,0.3,0.0,0.0,0.0
91,48,1,26.0,0.0,2.6,8.0,0.7,0.0,0.0
91,51,1,1.0,0.1,0.2,0.1,0.1,0.0,0.0
91,54,1,2.0,0.3,0.3,0.3,0.2,0.0,0.0
91,55,1,26.0,0.0,0.7,5.0,5.0,0.0,0.0
91,56,1,3.0,0.0,0.1,0.6,0.5,0.0,0.0
91,63,1,22.0,1.2,1.6,4.5,1.9,0.0,0.0
91,64,1,20.0,1.1,1.4,4.1,1.8,0.0,0.0
91,86,1,1.0,0.0,0.0,0.1,0.4,0.0,0.0
91,90,1,3.0,0.0,0.1,0.3,1.2,0.0,0.0
91,94,1,1.0,0.0,0.0,0.1,0.4,0.0,0.0
92,20,1,17.0,0.8,1.3,2.5,3.2,0.0,0.0
92,21,1,14.0,0.6,1.1,2.1,2.6,0.0,0.0
92,22,0,25.0,3.0,2.0,8.0,0.0,0.0,0.0
92,23,1,16.0,0.7,1.2,2.4,3.0,0.0,0.0
92,35,1,10.0,0.3,0.7,2.0,0.9,0.0,0.0
92,36,1,9.0,0.3,0.6,1.8,0.8,0.0,0.0
92,40,1,18.0,0.4,3.0,1.6,2.4,0.0,0.0
92,41,1,4.0,0.1,0.7,0.3,0.5,0.0,0.0
92,42,0,45.0,5.0,7.0,4.0,2.0,1.0,0.0
92,43,1,28.0,0.6,4.7,2.5,3.7,0.0,0.0
92,46,1,1.0,0.1,0.1,0.2,0.1,0.0,0.0
92,48,1,15.0,1.0,1.6,2.8,1.5,0.0,0.0
92,49,1,2.0,0.1,0.2,0.4,0.2,0.0,0.0
92,54,1,6.0,0.3,0.5,1.2,0.3,0.0,0.0
92,55,1,8.0,0.4,0.9,1.0,0.8,0.0,0.0
92,63,1,28.0,4.1,2.3,1.1,4.1,0.0,0.0
92,64,1,6.0,0.9,0.5,0.2,0.9,0.0,0.0
92,84,1,1.5,0.0,0.1,0.1,0.3,0.0,0.0
92,85,1,3.0,0.0,0.3,0.6,0.3,0.0,0.0
92,90,1,2.0,0.0,0.4,0.3,0.2,0.0,0.0
92,92,1,8.0,0.0,1.6,1.2,0.8,0.0,0.0
92,93,1,6.0,0.0,1.2,0.9,0.6,0.0,0.0
92,110,1,3.0,0.1,0.0,0.7,0.2,0.0,0.0
92,122,1,5.0,0.1,0.8,0.7,0.1,0.0,0.0
92,124,1,4.0,0.1,0.6,0.6,0.1,0.0,0.0
93,20,1,11.0,0.5,0.8,1.6,2.1,0.0,0.0
93,21,0,47.0,2.0,0.0,17.0,2.0,0.0,0.0
93,22,1,8.0,0.4,0.6,1.2,1.5,0.0,0.0
93,33,1,4.0,0.1,0.5,0.9,0.2,0.0,0.0
93,34,1,4.0,0.1,0.5,0.9,0.2,0.0,0.0
93,35,1,2.0,0.1,0.1,0.4,0.2,0.0,0.0
93,38,1,2.0,0.1,0.1,0.4,0.2,0.0,0.0
93,40,1,6.0,0.1,1.0,0.6,0.8,0.0,0.0
93,41,1,11.0,0.2,1.8,1.0,1.5,0.0,0.0
93,42,1,19.0,0.4,3.2,1.7,2.5,0.0,0.0
93,45,1,4.0,0.3,0.4,0.7,0.4,0.0,0.0
93,46,1,17.0,1.1,1.9,3.2,1.7,0.0,0.0
93,47,0,26.0,2.0,1.0,2.0,6.0,0.0,0.0
93,48,1,11.0,0.8,1.2,2.0,1.1,0.0,0.0
93,49,1,4.0,0.3,0.4,0.7,0.4,0.0,0.0
93,50,1,2.0,0.1,0.2,0.4,0.1,0.0,0.0
93,57,1,10.0,0.6,1.1,1.2,1.0,0.0,0.0
93,58,1,3.0,0.2,0.3,0.4,0.3,0.0,0.0
93,64,1,18.0,2.6,1.5,0.7,2.6,0.0,0.0
93,65,1,1.0,0.0,0.1,0.2,0.1,0.0,0.0
93,67,1,9.0,0.4,0.9,2.0,0.7,0.0,0.0
93,68,0,33.0,0.0,0.0,12.0,0.0,0.0,0.0
93,83,1,5.0,0.0,0.3,0.4,1.1,0.0,0.0
93,88,1,2.0,0.0,0.2,0.4,0.2,0.0,0.0
93,89,0,38.0,0.0,3.0,4.0,10.0,0.0,0.0
93,90,1,11.0,0.0,2.3,1.7,1.0,0.0,0.0
93,91,1,2.0,0.0,0.4,0.3,0.2,0.0,0.0
93,92,1,6.0,0.0,1.2,0.9,0.6,0.0,0.0
93,104,1,5.0,0.6,0.7,0.1,0.4,0.0,0.0
93,109,1,2.0,0.2,0.3,0.0,0.2,0.0,0.0
93,110,1,4.0,0.1,0.0,1.0,0.3,0.0,0.0
93,111,1,6.0,0.2,0.0,1.5,0.4,0.0,0.0
93,115,1,2.0,0.1,0.2,0.4,0.1,0.0,0.0
93,116,1,10.0,0.3,1.0,2.1,0.7,0.0,0.0
93,117,1,1.0,0.0,0.1,0.2,0.1,0.0,0.0
93,124,1,3.0,0.1,0.4,0.4,0.1,0.0,0.0
93,126,1,2.0,0.1,0.3,0.3,0.1,0.0,0.0
94,20,0,20.0,0.0,4.0,1.0,6.0,0.0,0.0
94,21,1,27.0,1.2,2.1,4.0,5.1,0.0,0.0
94,22,1,17.0,0.8,1.3,2.5,3.2,0.0,0.0
94,23,1,7.0,0.3,0.6,1.0,1.3,0.0,0.0
94,32,1,7.0,0.1,0.8,1.6,0.3,0.1,0.0
94,33,1,19.0,0.4,2.2,4.4,0.8,0.2,0.0
94,34,1,2.0,0.0,0.2,0.5,0.1,0.0,0.0
94,36,1,12.0,0.4,0.9,2.4,1.0,0.0,0.0
94,37,1,12.0,0.4,0.9,2.4,1.0,0.0,0.0
94,38,1,7.0,0.2,0.5,1.4,0.6,0.0,0.0
94,39,1,8.0,0.2,0.6,1.6,0.7,0.0,0.0
94,40,1,7.0,0.2,1.2,0.6,0.9,0.0,0.0
94,41,1,6.5,0.1,1.1,0.6,0.9,0.0,0.0
94,42,1,4.0,0.1,0.7,0.3,0.5,0.0,0.0
94,43,1,3.0,0.0,0.5,0.3,0.4,0.0,0.0
94,44,1,2.0,0.0,0.3,0.2,0.3,0.0,0.0
94,46,1,15.0,1.0,1.6,2.8,1.5,0.0,0.0
94,47,1,7.0,0.5,0.7,1.3,0.7,0.0,0.0
94,48,1,13.0,0.9,1.4,2.4,1.3,0.0,0.0
94,49,1,17.0,1.1,1.9,3.2,1.7,0.0,0.0
94,50,1,10.0,0.4,0.8,2.0,0.6,0.0,0.0
94,51,1,12.0,0.5,0.9,2.4,0.7,0.0,0.0
94,52,1,2.0,0.1,0.2,0.4,0.1,0.0,0.0
94,57,1,3.0,0.2,0.3,0.4,0.3,0.0,0.0
94,58,1,3.0,0.2,0.3,0.4,0.3,0.0,0.0
94,59,1,19.0,1.0,2.1,2.4,2.0,0.0,0.0
94,60,0,36.0,9.0,2.0,6.0,0.0,0.0,0.0
94,65,0,33.5,2.0,6.0,6.0,0.0,0.0,0.0
94,66,1,19.0,0.8,2.0,4.1,1.5,0.0,0.0
94,67,1,9.5,0.4,1.0,2.0,0.8,0.0,0.0
94,68,1,19.0,0.8,2.0,4.1,1.5,0.0,0.0
94,86,1,23.0,0.4,2.5,4.7,2.0,0.0,0.0
94,87,1,20.0,0.3,2.2,4.1,1.7,0.0,0.0
94,88,1,23.0,0.4,2.5,4.7,2.0,0.0,0.0
94,89,0,64.0,1.0,4.0,7.0,16.0,0.0,0.0
94,90,1,5.0,0.0,1.0,0.8,0.5,0.0,0.0
94,91,1,2.0,0.0,0.4,0.3,0.2,0.0,0.0
94,109,1,6.0,0.7,0.8,0.1,0.5,0.0,0.0
94,115,1,12.5,0.4,1.3,2.7,0.8,0.0,0.0
94,116,0,29.0,0.0,5.0,5.0,2.0,0.0,0.0
94,117,1,2.0,0.1,0.2,0.4,0.1,0.0,0.0
94,122,1,5.0,0.1,0.8,0.7,0.1,0.0,0.0
94,125,1,4.0,0.2,0.5,0.7,0.2,0.0,0.0
95,19,1,10.0,0.3,0.3,1.6,2.8,0.0,0.0
95,20,0,49.5,3.0,2.0,9.0,8.0,0.0,0.0
95,21,0,39.0,7.0,3.0,2.0,9.0,0.0,0.0
95,22,1,19.0,0.9,1.5,2.8,3.5,0.0,0.0
95,23,1,2.0,0.1,0.1,0.3,0.4,0.0,0.0
95,29,1,2.0,0.1,0.1,0.3,0.4,0.0,0.0
95,31,1,11.0,0.2,1.3,2.5,0.5,0.1,0.0
95,32,0,30.0,1.0,0.0,7.0,10.0,0.0,0.0
95,33,0,27.0,0.0,1.0,8.0,2.0,0.0,0.0
95,34,1,14.5,0.3,1.7,3.3,0.6,0.2,0.0
95,35,1,27.0,0.8,1.9,5.5,2.3,0.0,0.0
95,36,0,44.0,0.0,16.0,8.0,0.0,0.0,0.0
95,37,1,9.0,0.3,0.6,1.8,0.8,0.0,0.0
95,39,1,13.0,0.4,0.9,2.7,1.1,0.0,0.0
95,40,1,3.0,0.0,0.5,0.3,0.4,0.0,0.0
95,41,1,4.0,0.1,0.7,0.3,0.5,0.0,0.0
95,44,1,3.0,0.0,0.5,0.3,0.4,0.0,0.0
95,45,1,2.0,0.1,0.2,0.4,0.2,0.0,0.0
95,48,1,2.0,0.1,0.2,0.4,0.2,0.0,0.0
95,49,0,45.5,2.0,1.0,2.0,17.0,0.0,0.0
95,50,1,12.0,0.5,0.9,2.4,0.7,0.0,0.0
95,51,1,16.0,0.7,1.2,3.2,0.9,0.0,0.0
95,52,1,9.0,0.4,0.7,1.8,0.5,0.0,0.0
95,53,1,5.0,0.2,0.4,1.0,0.3,0.0,0.0
95,54,1,3.0,0.1,0.2,0.6,0.2,0.0,0.0
95,55,1,7.0,0.4,0.8,0.9,0.7,0.0,0.0
95,56,1,6.0,0.3,0.7,0.8,0.6,0.0,0.0
95,57,1,16.0,0.9,1.8,2.0,1.6,0.0,0.0
95,58,1,4.0,0.2,0.5,0.5,0.4,0.0,0.0
95,59,1,19.0,1.0,2.1,2.4,2.0,0.0,0.0
95,60,1,23.0,3.4,1.8,0.9,3.4,0.0,0.0
95,65,1,7.0,0.3,0.7,1.5,0.6,0.0,0.0
95,66,1,7.0,0.3,0.7,1.5,0.6,0.0,0.0
95,67,0,43.0,1.0,8.0,5.0,5.0,0.0,0.0
95,68,1,19.0,0.8,2.0,4.1,1.5,0.0,0.0
95,85,0,29.5,4.0,1.0,4.0,6.0,0.0,0.0
95,86,0,47.5,3.0,5.0,1.0,19.0,0.0,0.0
95,87,1,12.0,0.2,1.3,2.5,1.0,0.0,0.0
95,89,1,13.0,0.2,1.4,2.7,1.1,0.0,0.0
95,90,1,1.0,0.0,0.2,0.2,0.1,0.0,0.0
95,91,1,3.0,0.0,0.6,0.5,0.3,0.0,0.0
95,93,1,4.0,0.0,0.8,0.6,0.4,0.0,0.0
95,104,1,10.0,1.1,1.4,0.2,0.8,0.0,0.0
95,108,1,6.0,0.7,0.8,0.1,0.5,0.0,0.0
95,109,1,5.0,0.6,0.7,0.1,0.4,0.0,0.0
95,113,1,2.0,0.1,0.0,0.5,0.1,0.0,0.0
95,115,1,12.0,0.4,1.2,2.6,0.8,0.0,0.0
95,116,0,37.0,1.0,6.0,5.0,1.0,0.0,0.0
95,117,0,31.0,2.0,5.0,4.0,0.0,0.0,0.0
95,121,1,4.0,0.1,0.6,0.6,0.1,0.0,0.0
95,122,0,33.5,0.0,6.0,6.0,0.0,0.0,0.0
95,124,1,21.0,0.5,3.2,3.0,0.5,0.0,0.0
95,125,1,2.0,0.1,0.3,0.3,0.1,0.0,0.0
95,126,1,5.0,0.2,0.6,0.9,0.3,0.0,0.0
96,21,1,6.0,0.3,0.4,0.9,1.1,0.0,0.0
96,30,1,5.0,0.1,0.6,1.1,0.2,0.1,0.0
96,31,0,30.0,0.0,6.0,4.0,1.0,0.0,0.0
96,32,0,40.5,1.0,4.0,3.0,10.0,0.0,0.0
96,33,1,15.0,0.3,1.7,3.5,0.6,0.2,0.0
96,34,1,14.0,0.3,1.6,3.2,0.6,0.2,0.0
96,35,1,16.0,0.5,1.1,3.2,1.4,0.0,0.0
96,37,1,1.0,0.0,0.1,0.2,0.1,0.0,0.0
96,42,1,2.0,0.0,0.3,0.2,0.3,0.0,0.0
96,43,1,3.0,0.0,0.5,0.3,0.4,0.0,0.0
96,44,1,20.0,0.4,3.3,1.8,2.7,0.0,0.0
96,45,1,4.0,0.3,0.4,0.7,0.4,0.0,0.0
96,46,1,1.0,0.1,0.1,0.2,0.1,0.0,0.0
96,49,1,4.0,0.3,0.4,0.7,0.4,0.0,0.0
96,50,0,23.5,0.0,2.0,7.0,3.0,0.0,0.0
96,51,1,12.0,0.5,0.9,2.4,0.7,0.0,0.0
96,52,1,1.0,0.0,0.1,0.2,0.1,0.0,0.0
96,58,1,23.0,1.3,2.5,2.8,2.4,0.0,0.0
96,59,1,24.0,1.3,2.6,3.0,2.5,0.0,0.0
96,60,0,44.0,0.0,16.0,4.0,0.0,0.0,0.0
96,65,1,2.0,0.1,0.2,0.4,0.2,0.0,0.0
96,66,1,22.0,0.9,2.3,4.8,1.7,0.0,0.0
96,67,0,26.0,3.0,2.0,4.0,4.0,0.0,0.0
96,68,1,10.0,0.4,1.0,2.2,0.8,0.0,0.0
96,83,1,3.0,0.0,0.2,0.2,0.7,0.0,0.0
96,85,0,40.0,1.0,2.0,6.0,4.0,0.0,0.0
96,86,1,19.0,0.3,2.1,3.9,1.6,0.0,0.0
96,87,1,3.0,0.0,0.3,0.6,0.3,0.0,0.0
96,91,1,19.0,0.0,3.9,2.9,1.8,0.0,0.0
96,108,1,1.0,0.1,0.2,0.0,0.1,0.0,0.0
96,109,1,1.0,0.1,0.2,0.0,0.1,0.0,0.0
96,110,1,3.0,0.1,0.0,0.7,0.2,0.0,0.0
96,113,1,13.0,0.4,0.0,3.3,0.9,0.0,0.0
96,114,1,29.0,1.0,0.0,7.3,1.9,0.0,0.0
96,115,1,9.0,0.3,0.9,1.9,0.6,0.0,0.0
96,116,1,9.0,0.3,0.9,1.9,0.6,0.0,0.0
96,117,1,3.0,0.1,0.3,0.6,0.2,0.0,0.0
96,121,1,12.5,0.3,1.9,1.8,0.3,0.0,0.0
96,122,1,3.0,0.1,0.4,0.4,0.1,0.0,0.0
96,124,1,21.0,0.5,3.2,3.0,0.5,0.0,0.0
96,125,1,8.0,0.4,1.0,1.3,0.5,0.0,0.0
96,127,1,5.0,0.2,0.6,0.9,0.3,0.0,0.0
97,19,1,2.0,0.1,0.1,0.3,0.5,0.0,0.0
97,20,1,1.0,0.0,0.1,0.2,0.2,0.0,0.0
97,21,1,6.0,0.3,0.4,0.9,1.1,0.0,0.0
97,31,1,2.0,0.0,0.2,0.4,0.3,0.0,0.0
97,35,1,19.5,0.0,0.6,5.1,2.6,0.0,0.0
97,44,1,4.0,0.1,0.3,1.0,0.1,0.0,0.0
97,50,1,2.0,0.1,0.2,0.3,0.3,0.0,0.0
97,51,1,2.0,0.1,0.2,0.3,0.3,0.0,0.0
97,52,1,10.0,0.2,1.2,1.6,1.4,0.0,0.0
97,53,1,5.0,0.1,0.6,0.8,0.7,0.0,0.0
97,54,1,4.5,0.1,0.6,0.7,0.6,0.0,0.0
97,56,1,3.0,0.0,0.1,0.4,0.5,0.0,0.0
97,57,1,2.0,0.0,0.0,0.3,0.4,0.0,0.0
97,58,1,4.0,0.0,0.1,0.6,0.7,0.0,0.0
97,59,1,6.0,0.0,0.1,0.8,1.1,0.0,0.0
97,67,1,8.0,0.3,0.8,1.5,1.3,0.0,0.0
97,84,1,8.0,0.0,0.5,0.6,1.7,0.0,0.0
97,91,1,3.5,0.0,0.7,0.5,0.4,0.0,0.0
97,107,1,1.0,0.2,0.2,0.0,0.1,0.0,0.0
97,109,1,11.0,1.9,2.5,0.6,0.8,0.0,0.0
97,111,1,5.0,0.4,1.0,0.4,0.7,0.0,0.0
97,112,1,9.0,0.7,1.8,0.6,1.3,0.0,0.0
97,113,0,77.0,0.0,0.0,25.0,1.0,0.0,0.0
97,114,0,43.0,3.0,1.0,11.0,0.0,0.0,0.0
97,115,1,9.0,0.7,0.9,1.1,0.4,0.0,0.0
97,117,1,12.0,0.9,1.2,1.6,0.5,0.0,0.0
97,118,1,4.0,0.3,0.4,0.5,0.2,0.0,0.0
97,119,1,2.0,0.1,0.2,0.3,0.1,0.0,0.0
97,121,0,31.0,0.0,3.0,4.0,4.0,0.0,0.0
97,122,1,7.5,0.2,0.8,1.1,1.0,0.0,0.0
97,123,1,12.0,0.3,1.3,1.7,1.6,0.0,0.0
97,124,1,13.0,0.4,1.4,1.8,1.7,0.0,0.0
97,127,1,2.0,0.1,0.3,0.3,0.1,0.0,0.0
98,20,1,2.0,0.1,0.1,0.3,0.4,0.0,0.0
98,36,1,1.0,0.0,0.0,0.3,0.1,0.0,0.0
98,43,1,16.0,0.2,1.3,3.8,0.5,0.0,0.0
98,44,1,13.0,0.2,1.0,3.1,0.4,0.0,0.0
98,45,1,4.0,0.1,0.0,1.0,0.8,0.0,0.0
98,46,1,10.0,0.3,0.0,2.6,2.0,0.0,0.0
98,52,1,3.0,0.1,0.4,0.4,0.4,0.0,0.0
98,53,1,14.0,0.3,1.7,2.2,2.0,0.0,0.0
98,54,1,11.0,0.3,1.3,1.7,1.6,0.0,0.0
98,55,1,6.0,0.0,0.1,0.8,1.1,0.0,0.0
98,59,1,5.0,0.0,0.1,0.7,0.9,0.0,0.0
98,68,1,2.0,0.1,0.2,0.4,0.3,0.0,0.0
98,85,1,3.0,0.1,0.2,0.6,0.4,0.0,0.0
98,86,1,3.0,0.1,0.2,0.6,0.4,0.0,0.0
98,87,0,34.5,0.0,0.0,13.0,0.0,0.0,0.0
98,88,1,23.0,0.8,1.2,4.4,3.4,0.0,0.0
98,89,1,2.0,0.1,0.1,0.4,0.3,0.0,0.0
98,100,1,3.0,0.3,0.4,0.1,0.3,0.0,0.0
98,102,1,2.0,0.2,0.3,0.0,0.2,0.0,0.0
98,106,1,14.0,2.4,3.2,0.7,1.1,0.0,0.0
98,107,1,3.0,0.5,0.7,0.2,0.2,0.0,0.0
98,108,1,6.0,1.0,1.4,0.3,0.5,0.0,0.0
98,109,1,10.0,1.7,2.3,0.5,0.8,0.0,0.0
98,110,0,31.0,7.0,4.0,3.0,0.0,0.0,0.0
98,111,1,8.0,0.7,1.6,0.5,1.1,0.0,0.0
98,112,1,16.5,1.4,3.2,1.2,2.3,0.0,0.0
98,113,0,66.0,5.0,4.0,1.0,22.0,0.0,0.0
98,114,0,27.5,0.0,0.0,6.0,7.0,0.0,0.0
98,116,0,23.0,2.0,10.0,2.0,0.0,0.0,0.0
98,117,0,23.0,1.0,8.0,1.0,1.0,0.0,0.0
98,118,1,11.0,0.8,1.1,1.4,0.5,0.0,0.0
98,119,1,12.0,0.9,1.2,1.6,0.5,0.0,0.0
98,120,1,10.0,0.3,1.1,1.4,1.3,0.0,0.0
98,121,0,55.5,1.0,1.0,0.0,21.0,0.0,0.0
98,122,1,14.0,0.4,1.5,1.9,1.9,0.0,0.0
99,18,1,19.0,0.5,0.5,3.2,5.3,0.0,0.0
99,34,1,1.0,0.0,0.1,0.2,0.2,0.0,0.0
99,38,0,20.0,2.0,1.0,3.0,6.0,0.0,0.0
99,44,1,2.0,0.0,0.1,0.5,0.1,0.0,0.0
99,45,1,19.0,0.5,0.0,4.9,3.8,0.0,0.0
99,52,1,2.0,0.1,0.2,0.3,0.3,0.0,0.0
99,53,1,7.0,0.2,0.8,1.1,1.0,0.0,0.0
99,54,1,6.0,0.2,0.7,0.9,0.9,0.0,0.0
99,55,1,6.0,0.0,0.1,0.8,1.1,0.0,0.0
99,59,1,1.0,0.0,0.0,0.1,0.2,0.0,0.0
99,69,1,4.0,0.1,0.4,0.8,0.6,0.0,0.0
99,84,1,9.0,0.0,0.6,0.7,1.9,0.0,0.0
99,85,0,79.0,1.0,3.0,2.0,27.0,1.0,0.0
99,86,1,13.0,0.4,0.7,2.5,1.9,0.0,0.0
99,87,1,12.0,0.4,0.6,2.3,1.8,0.0,0.0
99,100,1,6.0,0.7,0.8,0.1,0.5,0.0,0.0
99,104,1,1.0,0.1,0.2,0.0,0.1,0.0,0.0
99,106,0,45.0,13.0,5.0,1.0,0.0,0.0,0.0
99,107,1,11.0,1.9,2.5,0.6,0.8,0.0,0.0
99,109,1,12.0,2.1,2.7,0.6,0.9,0.0,0.0
99,110,1,8.5,0.7,1.7,0.6,1.2,0.0,0.0
99,111,0,27.0,3.0,1.0,7.0,0.0,0.0,0.0
99,113,1,14.0,1.2,2.7,1.0,2.0,0.0,0.0
99,114,1,5.0,0.4,1.0,0.4,0.7,0.0,0.0
99,115,1,11.0,0.8,1.1,1.4,0.5,0.0,0.0
99,116,1,15.0,1.2,1.5,1.9,0.6,0.0,0.0
99,119,1,4.0,0.3,0.4,0.5,0.2,0.0,0.0
99,120,0,36.0,0.0,4.0,4.0,3.0,0.0,0.0
99,121,1,16.0,0.5,1.7,2.2,2.2,0.0,0.0
99,122,1,12.0,0.3,1.3,1.7,1.6,0.0,0.0
99,123,1,13.0,0.4,1.4,1.8,1.7,0.0,0.0
99,124,1,12.0,0.3,1.3,1.7,1.6,0.0,0.0
99,125,1,1.0,0.0,0.1,0.2,0.1,0.0,0.0
99,127,1,2.0,0.1,0.3,0.3,0.1,0.0,0.0
100,17,1,2.0,0.1,0.1,0.3,0.5,0.0,0.0
100,18,1,3.0,0.1,0.1,0.5,0.8,0.0,0.0
100,31,1,5.0,0.1,0.4,1.1,0.7,0.0,0.0
100,32,1,1.0,0.0,0.1,0.2,0.2,0.0,0.0
100,34,1,21.0,0.3,1.6,4.7,3.1,0.0,0.0
100,35,1,10.0,0.0,0.4,2.6,1.3,0.0,0.0
100,43,1,5.0,0.1,0.4,1.2,0.1,0.0,0.0
100,44,1,13.0,0.2,1.0,3.1,0.4,0.0,0.0
100,49,1,1.0,0.0,0.0,0.3,0.2,0.0,0.0
100,54,1,9.0,0.2,1.1,1.4,1.3,0.0,0.0
100,55,1,5.0,0.0,0.1,0.7,0.9,0.0,0.0
100,64,1,2.0,0.1,0.2,0.4,0.3,0.0,0.0
100,70,1,1.0,0.0,0.0,0.1,0.4,0.0,0.0
100,81,1,8.0,0.0,0.5,0.6,1.7,0.0,0.0
100,84,1,3.0,0.0,0.2,0.2,0.7,0.0,0.0
100,85,1,16.0,0.5,0.8,3.1,2.4,0.0,0.0
100,86,1,17.0,0.5,0.9,3.3,2.5,0.0,0.0
100,87,1,5.0,0.2,0.3,0.9,0.7,0.0,0.0
100,100,1,5.0,0.6,0.7,0.1,0.4,0.0,0.0
100,103,1,6.0,0.7,0.8,0.1,0.5,0.0,0.0
100,104,1,3.0,0.3,0.4,0.1,0.3,0.0,0.0
100,105,1,12.0,2.1,2.7,0.6,0.9,0.0,0.0
100,106,0,78.0,29.0,6.0,1.0,1.0,0.0,0.0
100,107,0,33.0,12.0,0.0,0.0,0.0,0.0,0.0
100,108,1,3.0,0.5,0.7,0.2,0.2,0.0,0.0
100,110,1,1.0,0.1,0.2,0.1,0.1,0.0,0.0
100,111,1,4.0,0.3,0.8,0.3,0.6,0.0,0.0
100,115,1,4.0,0.3,0.4,0.5,0.2,0.0,0.0
100,116,1,8.0,0.6,0.8,1.0,0.4,0.0,0.0
100,117,1,4.0,0.3,0.4,0.5,0.2,0.0,0.0
100,122,1,24.0,0.7,2.5,3.4,3.3,0.0,0.0
100,123,1,24.0,0.7,2.5,3.4,3.3,0.0,0.0
100,127,1,2.0,0.1,0.3,0.3,0.1,0.0,0.0
101,30,1,6.0,0.1,0.5,1.3,0.9,0.0,0.0
101,31,1,17.0,0.3,1.3,3.8,2.5,0.0,0.0
101,32,1,10.0,0.2,0.7,2.2,1.5,0.0,0.0
101,34,1,4.0,0.1,0.3,0.9,0.6,0.0,0.0
101,43,1,10.0,0.2,0.8,2.4,0.3,0.0,0.0
101,46,1,1.0,0.0,0.0,0.3,0.2,0.0,0.0
101,54,1,15.0,0.3,1.8,2.3,2.2,0.0,0.0
101,55,1,6.0,0.0,0.1,0.8,1.1,0.0,0.0
101,67,1,1.0,0.0,0.1,0.2,0.2,0.0,0.0
101,68,1,12.0,0.4,1.2,2.3,1.9,0.0,0.0
101,69,1,2.0,0.1,0.2,0.4,0.3,0.0,0.0
101,82,1,5.0,0.0,0.3,0.4,1.1,0.0,0.0
101,105,1,1.0,0.2,0.2,0.0,0.1,0.0,0.0
101,106,0,64.0,18.0,3.0,0.0,7.0,0.0,0.0
101,107,1,9.0,1.5,2.0,0.5,0.7,0.0,0.0
101,115,1,3.0,0.2,0.3,0.4,0.1,0.0,0.0
101,116,1,6.0,0.5,0.6,0.8,0.2,0.0,0.0
101,117,1,13.0,1.0,1.3,1.7,0.5,0.0,0.0
101,122,1,4.0,0.1,0.4,0.6,0.5,0.0,0.0
101,123,1,9.0,0.3,0.9,1.3,1.2,0.0,0.0
102,31,1,5.0,0.0,0.9,0.7,0.6,0.0,0.0
102,32,1,15.0,0.0,2.6,2.2,1.8,0.0,0.0
102,36,1,8.0,0.0,1.3,1.2,1.0,0.0,0.0
102,37,1,4.0,0.0,0.7,0.6,0.5,0.0,0.0
102,38,1,3.0,0.0,0.5,0.4,0.4,0.0,0.0
102,41,1,2.0,0.0,0.2,0.3,0.5,0.0,0.0
102,44,1,1.0,0.0,0.1,0.2,0.2,0.0,0.0
102,55,1,12.0,0.0,1.0,2.0,3.0,0.0,0.0
102,67,1,6.0,0.1,0.7,0.7,1.1,0.0,0.0
102,68,1,7.0,0.2,0.8,0.8,1.2,0.0,0.0
102,86,1,1.0,0.0,0.1,0.2,0.1,0.0,0.0
102,104,1,4.0,0.3,0.3,0.2,0.6,0.0,0.0
102,105,1,17.0,1.7,1.4,2.1,2.8,0.0,0.0
102,106,1,5.0,0.5,0.4,0.6,0.8,0.0,0.0
102,114,1,11.0,0.0,1.1,1.9,1.1,0.0,0.0
102,115,1,12.0,0.3,1.3,1.6,0.9,0.0,0.0
102,116,1,4.0,0.1,0.4,0.6,0.3,0.0,0.0
102,117,1,6.0,0.2,0.6,0.8,0.5,0.0,0.0
103,36,1,1.0,0.0,0.2,0.1,0.1,0.0,0.0
103,44,1,4.0,0.0,0.3,0.7,1.0,0.0,0.0
103,54,1,3.0,0.0,0.3,0.5,0.7,0.0,0.0
103,67,1,1.0,0.0,0.1,0.1,0.2,0.0,0.0
103,68,0,44.5,1.0,1.0,12.0,3.0,0.0,0.0
103,69,1,7.0,0.2,0.8,0.8,1.2,0.0,0.0
103,82,1,10.0,0.2,1.0,2.3,0.5,0.0,0.0
103,83,1,15.0,0.3,1.5,3.5,0.8,0.0,0.0
103,88,1,10.0,0.2,1.0,2.3,0.5,0.0,0.0
103,95,1,2.0,0.4,0.1,0.3,0.3,0.0,0.0
103,104,1,7.0,0.6,0.5,0.4,1.0,0.0,0.0
103,105,1,1.0,0.1,0.1,0.1,0.2,0.0,0.0
103,106,0,50.0,0.0,28.0,1.0,0.0,0.0,18.0
103,113,1,9.0,0.0,0.9,1.6,0.9,0.0,0.0
103,114,1,6.0,0.0,0.6,1.0,0.6,0.0,0.0
104,31,1,2.0,0.0,0.3,0.3,0.3,0.0,0.0
104,39,1,1.0,0.0,0.2,0.1,0.1,0.0,0.0
104,44,1,2.0,0.0,0.2,0.3,0.5,0.0,0.0
104,67,1,13.0,0.3,1.5,1.5,2.3,0.0,0.0
104,68,0,40.0,2.0,3.0,2.0,12.0,0.0,0.0
104,71,1,3.0,0.4,0.4,0.3,0.6,0.0,0.0
104,72,1,3.0,0.4,0.4,0.3,0.6,0.0,0.0
104,81,1,7.0,0.1,0.7,1.6,0.4,0.0,0.0
104,82,1,3.0,0.1,0.3,0.7,0.1,0.0,0.0
104,89,1,1.0,0.0,0.1,0.2,0.1,0.0,0.0
104,97,1,1.0,0.2,0.1,0.2,0.1,0.0,0.0
104,101,1,4.0,0.3,0.3,0.2,0.6,0.0,0.0
104,102,1,5.0,0.4,0.4,0.3,0.7,0.0,0.0
104,103,1,16.0,1.4,1.2,0.8,2.3,0.0,0.0
104,104,0,46.0,14.0,2.0,4.0,0.0,0.0,0.0
104,105,0,233.0,106.0,1.0,3.0,0.0,0.0,88.0
104,106,1,12.0,1.2,1.0,1.5,1.9,0.0,0.0
104,109,1,1.0,0.1,0.1,0.1,0.2,0.0,0.0
105,29,1,2.0,0.0,0.3,0.3,0.3,0.0,0.0
105,67,1,13.0,0.3,1.5,1.5,2.3,0.0,0.0
105,68,0,32.5,1.0,0.0,13.0,0.0,0.0,0.0
105,69,1,4.0,0.1,0.4,0.5,0.7,0.0,0.0
105,72,1,2.0,0.2,0.3,0.2,0.4,0.0,0.0
105,73,1,5.0,0.6,0.7,0.4,1.1,0.0,0.0
105,79,1,1.0,0.1,0.2,0.1,0.2,0.0,0.0
105,80,1,8.0,0.2,0.7,1.9,0.4,0.0,0.0
105,81,1,9.0,0.2,0.8,2.1,0.5,0.0,0.0
105,87,1,4.0,0.1,0.4,0.9,0.2,0.0,0.0
105,94,1,1.0,0.2,0.1,0.2,0.1,0.0,0.0
105,96,0,16.0,0.0,0.0,11.0,0.0,0.0,0.0
105,97,1,2.0,0.4,0.1,0.3,0.3,0.0,0.0
105,99,1,1.0,0.2,0.1,0.2,0.1,0.0,0.0
105,101,0,33.0,0.0,1.0,2.0,10.0,0.0,0.0
105,102,1,7.0,0.6,0.5,0.4,1.0,0.0,0.0
105,103,1,29.0,2.6,2.2,1.5,4.1,0.0,0.0
105,104,0,94.0,25.0,12.0,7.0,2.0,0.0,0.0
105,105,0,167.0,31.0,29.0,19.0,0.0,0.0,18.0
105,106,0,74.5,1.0,36.0,1.0,0.0,0.0,34.0
105,107,1,2.0,0.2,0.2,0.2,0.3,0.0,0.0
105,109,1,1.0,0.1,0.1,0.1,0.2,0.0,0.0
105,112,1,3.5,0.0,0.4,0.6,0.3,0.0,0.0
105,115,1,5.0,0.1,0.5,0.7,0.4,0.0,0.0
106,74,1,1.0,0.1,0.2,0.1,0.2,0.0,0.0
106,79,1,8.0,1.0,1.1,0.7,1.7,0.0,0.0
106,80,0,54.0,0.0,4.0,4.0,16.0,0.0,0.0
106,82,1,4.0,0.1,0.4,0.9,0.2,0.0,0.0
106,83,1,8.0,0.2,0.7,1.9,0.4,0.0,0.0
106,84,1,14.0,0.3,1.3,3.3,0.8,0.0,0.0
106,95,0,38.0,11.0,6.0,0.0,1.0,0.0,0.0
106,96,0,33.0,3.0,3.0,4.0,2.0,0.0,0.0
106,97,1,7.0,1.6,0.3,1.2,0.9,0.0,0.0
106,98,1,7.0,1.6,0.3,1.2,0.9,0.0,0.0
106,99,1,2.0,0.4,0.1,0.3,0.3,0.0,0.0
106,100,1,6.0,0.5,0.5,0.3,0.9,0.0,0.0
106,101,0,84.0,5.0,1.0,31.0,9.0,0.0,0.0
106,102,0,67.0,10.0,11.0,0.0,7.0,0.0,0.0
106,103,0,83.0,9.0,31.0,12.0,0.0,0.0,22.0
106,104,0,47.0,4.0,12.0,3.0,5.0,0.0,0.0
106,105,0,29.0,1.0,8.0,3.0,0.0,0.0,0.0
106,106,1,8.0,0.8,0.7,1.0,1.3,0.0,0.0
106,108,1,2.0,0.2,0.2,0.2,0.3,0.0,0.0
106,115,1,4.0,0.1,0.4,0.6,0.3,0.0,0.0
106,116,1,7.0,0.2,0.7,0.9,0.6,0.0,0.0
107,73,1,7.0,0.0,0.3,0.8,1.7,0.0,0.0
107,74,1,6.0,0.0,0.2,0.7,1.5,0.0,0.0
107,78,1,3.0,0.2,0.1,0.5,0.4,0.0,0.0
107,80,1,15.0,2.0,1.8,1.9,1.0,0.0,0.0
107,83,1,7.0,1.0,0.8,0.9,0.4,0.0,0.0
107,84,0,52.5,1.0,19.0,1.0,0.0,0.0,0.0
107,85,0,41.0,0.0,1.0,12.0,0.0,0.0,0.0
107,86,0,40.0,0.0,0.0,11.0,4.0,0.0,0.0
107,87,0,82.5,4.0,30.0,14.0,8.0,0.0,0.0
107,91,0,103.0,41.0,2.0,0.0,3.0,0.0,0.0
107,92,0,49.0,17.0,0.0,0.0,0.0,0.0,0.0
107,93,1,8.0,1.3,1.6,0.0,0.7,0.0,0.0
107,94,0,63.5,30.0,5.0,0.0,0.0,0.0,0.0
107,95,0,172.5,28.0,13.0,23.0,12.0,0.0,16.0
107,96,0,176.0,71.0,3.0,5.0,31.0,0.0,43.0
107,97,0,33.0,13.0,3.0,2.0,7.0,0.0,0.0
107,98,0,96.0,26.0,0.0,5.0,23.0,0.0,0.0
107,100,0,34.0,4.0,1.0,0.0,21.0,0.0,0.0
107,101,0,123.0,25.0,13.0,11.0,20.0,0.0,0.0
107,102,1,10.0,1.1,0.6,1.2,1.1,0.0,0.0
107,103,1,2.0,0.2,0.1,0.3,0.2,0.0,0.0
107,104,1,5.0,0.6,0.3,0.6,0.5,0.0,0.0
107,106,1,12.0,0.9,1.8,2.2,0.1,0.0,0.0
107,107,1,2.0,0.1,0.3,0.4,0.0,0.0,0.0
107,112,1,2.0,0.0,0.3,0.4,0.1,0.0,0.0
107,113,1,1.0,0.0,0.1,0.2,0.1,0.0,0.0
107,115,1,21.0,0.0,3.0,4.0,0.7,0.0,0.0
107,116,0,37.0,1.0,3.0,6.0,3.0,0.0,0.0
107,117,1,34.0,0.0,4.9,6.5,1.1,0.0,0.0
107,118,1,3.0,0.0,0.4,0.6,0.1,0.0,0.0
108,63,1,2.0,0.0,0.0,0.3,0.8,0.0,0.0
108,64,1,4.0,0.0,0.0,0.5,1.6,0.0,0.0
108,72,1,4.0,0.0,0.1,0.5,1.0,0.0,0.0
108,74,1,15.0,0.0,0.5,1.7,3.7,0.0,0.0
108,75,0,27.0,0.0,1.0,7.0,4.0,0.0,0.0
108,76,1,2.0,0.1,0.1,0.3,0.3,0.0,0.0
108,77,1,6.0,0.4,0.2,1.0,0.8,0.0,0.0
108,78,1,4.0,0.3,0.1,0.7,0.5,0.0,0.0
108,81,1,1.0,0.1,0.1,0.1,0.1,0.0,0.0
108,83,1,13.5,1.8,1.6,1.7,0.9,0.0,0.0
108,84,1,15.0,2.0,1.8,1.9,1.0,0.0,0.0
108,85,1,11.0,1.7,1.1,0.9,0.9,0.0,0.0
108,86,1,3.0,0.5,0.3,0.3,0.2,0.0,0.0
108,87,0,25.0,3.0,1.0,0.0,7.0,0.0,0.0
108,88,1,18.0,2.9,1.9,1.4,1.4,0.0,0.0
108,91,0,95.0,37.0,3.0,0.0,0.0,0.0,0.0
108,92,0,62.0,24.0,0.0,1.0,9.0,0.0,0.0
108,93,0,100.5,43.0,4.0,4.0,12.0,0.0,0.0
108,94,0,270.5,65.0,0.0,21.0,101.0,0.0,100.0
108,95,0,94.0,5.0,35.0,13.0,11.0,0.0,0.0
108,96,0,212.0,53.0,41.0,1.0,56.0,0.0,1.0
108,97,0,262.5,33.0,16.0,13.0,86.0,0.0,2.0
108,98,0,221.0,7.0,9.0,37.0,87.0,0.0,0.0
108,99,0,65.5,4.0,6.0,7.0,26.0,0.0,0.0
108,100,0,177.5,19.0,25.0,9.0,56.0,2.0,4.0
108,101,0,294.0,2.0,168.0,0.0,0.0,0.0,166.0
108,102,1,3.0,0.3,0.2,0.4,0.3,0.0,0.0
108,103,0,217.0,0.0,41.0,55.0,0.0,0.0,96.0
108,104,1,2.0,0.2,0.1,0.3,0.2,0.0,0.0
108,106,1,2.0,0.1,0.3,0.4,0.0,0.0,0.0
108,107,1,2.0,0.1,0.3,0.4,0.0,0.0,0.0
108,108,1,2.0,0.1,0.3,0.4,0.0,0.0,0.0
108,109,1,5.0,0.4,0.8,0.9,0.0,0.0,0.0
108,110,1,13.0,0.2,1.6,2.7,0.9,0.1,0.0
108,111,1,3.0,0.1,0.4,0.6,0.2,0.0,0.0
108,112,1,6.0,0.1,0.7,1.2,0.4,0.1,0.0
108,113,1,6.0,0.1,0.7,1.2,0.4,0.1,0.0
108,116,1,1.5,0.0,0.2,0.3,0.1,0.0,0.0
108,117,1,10.0,0.0,1.5,1.9,0.3,0.0,0.0
108,118,1,12.0,0.0,1.7,2.3,0.4,0.0,0.0
109,63,1,11.5,0.0,0.0,1.5,4.6,0.0,0.0
109,73,1,8.0,0.0,0.3,0.9,2.0,0.0,0.0
109,74,1,13.0,0.0,0.5,1.5,3.2,0.0,0.0
109,75,0,23.0,0.0,2.0,2.0,9.0,0.0,0.0
109,76,1,9.0,0.6,0.3,1.5,1.2,0.0,0.0
109,77,1,12.5,0.8,0.5,2.1,1.6,0.0,0.0
109,78,1,2.0,0.1,0.1,0.3,0.3,0.0,0.0
109,79,1,6.0,0.4,0.2,1.0,0.8,0.0,0.0
109,82,1,4.0,0.5,0.5,0.5,0.3,0.0,0.0
109,89,1,2.0,0.3,0.2,0.2,0.1,0.0,0.0
109,90,1,2.0,0.3,0.4,0.0,0.2,0.0,0.0
109,91,1,1.0,0.1,0.2,0.0,0.1,0.0,0.0
109,92,0,104.0,46.0,1.0,7.0,9.0,0.0,7.0
109,93,0,100.0,19.0,0.0,22.0,19.0,0.0,0.0
109,94,0,220.0,94.0,4.0,2.0,33.0,0.0,0.0
109,95,0,228.0,25.0,65.0,46.0,21.0,0.0,0.0
109,96,0,260.0,46.0,35.0,67.0,38.0,0.0,0.0
109,97,0,246.0,39.0,22.0,10.0,80.0,0.0,0.0
109,98,0,301.0,47.0,47.0,25.0,87.0,0.0,3.0
109,99,0,254.5,29.0,5.0,18.0,108.0,0.0,0.0
109,100,0,95.5,14.0,0.0,10.0,27.0,0.0,0.0
109,101,0,65.5,11.0,8.0,6.0,8.0,0.0,0.0
109,102,0,122.5,0.0,28.0,27.0,0.0,0.0,0.0
109,103,1,7.0,0.8,0.4,0.8,0.8,0.0,0.0
109,104,1,4.0,0.5,0.2,0.5,0.4,0.0,0.0
109,106,1,4.0,0.3,0.6,0.8,0.0,0.0,0.0
109,107,1,3.0,0.2,0.5,0.6,0.0,0.0,0.0
109,108,1,21.0,1.5,3.2,3.9,0.2,0.0,0.0
109,109,1,11.0,0.8,1.7,2.0,0.1,0.0,0.0
109,111,1,2.0,0.0,0.3,0.4,0.1,0.0,0.0
109,112,1,25.0,0.4,3.1,5.2,1.6,0.2,0.0
109,113,1,9.0,0.1,1.1,1.9,0.6,0.1,0.0
109,114,1,2.0,0.0,0.3,0.4,0.1,0.0,0.0
109,116,1,12.5,0.0,1.8,2.4,0.4,0.0,0.0
109,117,1,17.0,0.0,2.5,3.3,0.5,0.0,0.0
109,118,1,8.0,0.0,1.1,1.5,0.3,0.0,0.0
110,77,1,7.0,0.4,0.3,1.2,0.9,0.0,0.0
110,78,1,26.0,1.7,1.0,4.4,3.3,0.0,0.0
110,79,0,33.0,1.0,5.0,1.0,9.0,0.0,0.0
110,80,1,21.0,2.9,2.5,2.7,1.3,0.0,0.0
110,81,1,20.0,2.7,2.4,2.5,1.3,0.0,0.0
110,82,0,20.0,2.0,3.0,0.0,6.0,0.0,0.0
110,87,1,4.0,0.7,0.4,0.3,0.3,0.0,0.0
110,91,1,2.0,0.3,0.4,0.0,0.2,0.0,0.0
110,92,0,52.0,29.0,0.0,0.0,0.0,0.0,29.0
110,93,0,902.5,255.0,168.0,0.0,0.0,0.0,423.0
110,94,1,19.0,3.1,3.7,0.0,1.6,0.0,0.0
110,95,0,29.0,3.0,6.0,3.0,1.0,0.0,0.0
110,96,0,153.0,23.0,38.0,1.0,30.0,0.0,0.0
110,97,0,199.5,54.0,2.0,20.0,50.0,0.0,0.0
110,98,0,224.0,27.0,22.0,8.0,70.0,0.0,0.0
110,99,0,121.0,11.0,34.0,2.0,22.0,1.0,0.0
110,100,0,69.0,3.0,0.0,4.0,25.0,1.0,0.0
110,101,0,248.5,33.0,53.0,1.0,41.0,0.0,44.0
110,102,0,49.0,9.0,0.0,1.0,21.0,0.0,0.0
110,103,1,13.0,1.5,0.7,1.5,1.5,0.0,0.0
110,105,1,3.0,0.2,0.5,0.6,0.0,0.0,0.0
110,106,1,1.0,0.1,0.1,0.2,0.0,0.0,0.0
110,108,1,2.0,0.1,0.3,0.4,0.0,0.0,0.0
110,109,1,15.5,1.1,2.4,2.9,0.1,0.0,0.0
110,112,1,16.0,0.3,2.0,3.3,1.0,0.1,0.0
110,113,0,52.5,1.0,6.0,6.0,6.0,0.0,0.0
110,114,0,40.5,0.0,3.0,5.0,4.0,0.0,0.0
110,117,1,6.0,0.0,0.9,1.1,0.2,0.0,0.0
111,68,1,4.0,0.0,0.0,0.5,1.6,0.0,0.0
111,81,1,10.0,1.4,1.2,1.3,0.6,0.0,0.0
111,82,1,3.0,0.4,0.3,0.4,0.2,0.0,0.0
111,92,1,4.0,0.7,0.8,0.0,0.3,0.0,0.0
111,95,0,96.5,48.0,1.0,0.0,1.0,0.0,0.0
111,96,0,193.0,61.0,2.0,34.0,28.0,0.0,1.0
111,97,0,253.5,24.0,64.0,51.0,52.0,0.0,0.0
111,98,0,237.0,78.0,18.0,14.0,33.0,0.0,0.0
111,99,0,72.0,11.0,6.0,0.0,23.0,0.0,0.0
111,100,0,24.0,4.0,0.0,8.0,2.0,0.0,0.0
111,101,0,65.0,11.0,3.0,0.0,21.0,0.0,0.0
111,102,0,76.5,6.0,1.0,4.0,24.0,0.0,0.0
111,103,1,6.0,0.7,0.3,0.7,0.7,0.0,0.0
111,105,0,34.0,3.0,6.0,4.0,0.0,0.0,0.0
111,106,1,8.0,0.5,1.2,1.5,0.1,0.0,0.0
111,108,1,13.0,0.9,2.0,2.4,0.1,0.0,0.0
111,109,1,6.0,0.4,0.9,1.1,0.1,0.0,0.0
111,112,1,8.0,0.1,1.0,1.7,0.5,0.1,0.0
111,113,0,25.5,0.0,1.0,1.0,11.0,0.0,0.0
111,114,1,28.0,0.5,3.5,5.8,1.8,0.2,0.0
112,69,1,16.0,0.0,0.5,3.5,4.5,0.0,0.0
112,70,1,6.0,0.2,0.4,1.0,1.1,0.0,0.0
112,72,1,4.0,0.1,0.3,0.7,0.7,0.0,0.0
112,96,0,48.0,13.0,0.0,0.0,4.0,0.0,0.0
112,97,0,63.5,4.0,3.0,4.0,20.0,0.0,0.0
112,98,1,16.0,1.9,1.9,1.3,1.1,0.0,0.0
112,99,0,147.0,10.0,51.0,3.0,20.0,1.0,0.0
112,100,0,115.0,7.0,1.0,58.0,13.0,0.0,0.0
112,101,0,91.0,19.0,2.0,4.0,17.0,0.0,0.0
112,102,0,126.0,31.0,20.0,7.0,10.0,0.0,14.0
112,103,0,54.0,4.0,16.0,3.0,4.0,0.0,0.0
112,104,1,1.0,0.0,0.3,0.2,0.0,0.0,0.0
112,105,0,35.0,3.0,11.0,1.0,0.0,0.0,0.0
112,106,1,25.0,2.7,3.5,4.3,1.0,0.0,0.0
112,107,1,13.0,1.4,1.8,2.3,0.5,0.0,0.0
112,108,1,2.0,0.2,0.3,0.3,0.1,0.0,0.0
112,109,1,7.0,0.7,1.0,1.2,0.3,0.0,0.0
112,113,1,10.0,0.3,0.7,1.8,1.8,0.0,0.0
113,68,1,1.0,0.0,0.0,0.2,0.3,0.0,0.0
113,96,1,19.0,2.3,2.3,1.5,1.3,0.0,0.0
113,97,0,27.0,7.0,4.0,0.0,4.0,0.0,0.0
113,98,0,82.0,10.0,5.0,18.0,3.0,0.0,0.0
113,99,0,136.5,44.0,12.0,2.0,20.0,0.0,0.0
113,100,0,40.0,6.0,1.0,1.0,12.0,0.0,0.0
113,101,0,23.0,4.0,6.0,1.0,1.0,0.0,0.0
113,102,0,74.0,16.0,10.0,3.0,5.0,0.0,0.0
113,103,0,73.0,4.0,25.0,5.0,0.0,0.0,0.0
113,104,0,79.0,30.0,0.0,0.0,1.0,0.0,0.0
113,105,1,1.0,0.1,0.1,0.2,0.1,0.0,0.0
113,106,0,23.0,0.0,7.0,5.0,0.0,0.0,0.0
113,107,0,54.0,7.0,7.0,9.0,0.0,0.0,0.0
113,108,1,1.0,0.1,0.1,0.2,0.1,0.0,0.0
114,77,1,1.0,0.1,0.1,0.0,0.3,0.0,0.0
114,78,1,2.0,0.2,0.1,0.1,0.6,0.0,0.0
114,97,1,8.0,0.9,1.0,0.6,0.6,0.0,0.0
114,98,0,72.0,1.0,1.0,29.0,0.0,0.0,0.0
114,99,0,24.5,9.0,3.0,0.0,2.0,0.0,0.0
114,100,0,77.0,39.0,3.0,3.0,0.0,0.0,0.0
114,101,0,73.5,27.0,3.0,4.0,2.0,0.0,0.0
114,102,0,43.0,8.0,5.0,3.0,5.0,0.0,0.0
114,103,1,16.0,0.0,4.6,3.3,0.3,0.0,0.0
114,104,0,44.0,1.0,8.0,9.0,1.0,0.0,0.0
114,105,0,57.5,1.0,29.0,0.0,0.0,0.0,0.0
114,106,0,61.0,23.0,4.0,10.0,0.0,0.0,0.0
114,107,0,88.0,28.0,9.0,11.0,0.0,0.0,0.0
114,108,1,6.0,0.7,0.8,1.0,0.3,0.0,0.0
114,109,1,7.0,0.7,1.0,1.2,0.3,0.0,0.0
114,110,1,1.0,0.0,0.1,0.2,0.2,0.0,0.0
114,114,1,3.0,0.1,0.2,0.6,0.5,0.0,0.0
115,76,1,11.0,1.1,0.7,0.4,3.4,0.0,0.0
115,77,1,8.0,0.8,0.5,0.3,2.5,0.0,0.0
115,79,1,8.0,0.8,0.5,0.3,2.5,0.0,0.0
115,80,1,5.0,0.0,0.2,0.6,1.0,0.0,0.0
115,97,1,20.0,2.4,2.4,1.6,1.4,0.0,0.0
115,98,1,12.0,1.4,1.4,1.0,0.9,0.0,0.0
115,99,0,82.0,28.0,10.0,6.0,1.0,0.0,0.0
115,100,0,174.5,77.0,9.0,2.0,1.0,0.0,0.0
115,101,0,78.5,38.0,1.0,3.0,0.0,0.0,0.0
115,102,0,36.0,12.0,1.0,2.0,3.0,0.0,0.0
115,103,1,18.5,0.0,5.3,3.9,0.3,0.0,0.0
115,106,1,1.0,0.1,0.1,0.2,0.1,0.0,0.0
115,107,1,2.0,0.2,0.3,0.3,0.1,0.0,0.0
115,108,1,10.0,1.1,1.4,1.7,0.4,0.0,0.0
115,109,1,19.0,2.0,2.6,3.3,0.8,0.0,0.0
115,110,1,6.0,0.2,0.4,1.1,1.1,0.0,0.0
115,112,1,3.0,0.1,0.2,0.6,0.5,0.0,0.0
116,72,1,2.0,0.1,0.1,0.3,0.4,0.0,0.0
116,76,1,15.0,1.6,0.9,0.6,4.6,0.0,0.0
116,77,1,4.0,0.4,0.2,0.2,1.2,0.0,0.0
116,97,0,21.0,3.0,4.0,0.0,4.0,0.0,0.0
116,98,1,1.0,0.1,0.1,0.1,0.1,0.0,0.0
116,99,1,24.0,2.9,2.9,1.9,1.7,0.0,0.0
116,100,0,54.5,9.0,17.0,2.0,0.0,0.0,0.0
116,101,0,75.0,15.0,19.0,4.0,0.0,0.0,0.0
116,102,1,16.0,0.0,4.6,3.3,0.3,0.0,0.0
116,103,1,1.0,0.0,0.3,0.2,0.0,0.0,0.0
116,105,1,1.0,0.1,0.1,0.2,0.1,0.0,0.0
116,106,1,1.0,0.1,0.1,0.2,0.1,0.0,0.0
116,108,1,4.0,0.4,0.5,0.7,0.2,0.0,0.0
116,109,1,22.0,2.3,3.1,3.8,0.9,0.0,0.0
116,110,1,5.0,0.2,0.3,0.9,0.9,0.0,0.0
117,76,1,1.0,0.0,0.1,0.2,0.2,0.0,0.0
117,81,1,3.0,0.0,0.2,0.3,0.6,0.0,0.0
117,96,1,16.0,1.4,0.9,4.0,0.2,0.0,0.0
117,97,0,44.5,3.0,8.0,6.0,0.0,0.0,0.0
117,99,1,25.5,2.2,1.4,6.5,0.3,0.0,0.0
117,100,0,82.0,16.0,22.0,1.0,0.0,0.0,0.0
117,101,0,88.5,7.0,12.0,25.0,0.0,0.0,8.0
117,102,0,66.5,0.0,2.0,19.0,0.0,0.0,16.0
117,103,1,5.0,0.4,1.2,0.6,0.1,0.0,0.0
117,104,1,5.0,0.4,1.2,0.6,0.1,0.0,0.0
117,106,1,8.0,0.0,2.8,1.1,0.0,0.0,0.0
117,109,1,5.0,0.0,1.7,0.7,0.0,0.0,0.0
117,113,1,15.0,1.4,1.2,1.6,2.1,0.0,0.0
117,118,1,13.0,0.7,2.1,1.5,0.9,0.0,0.0
117,119,1,14.0,0.8,2.2,1.7,0.9,0.0,0.0
118,63,1,10.0,0.0,0.3,2.2,2.8,0.0,0.0
118,86,1,27.0,0.0,1.3,3.0,5.6,0.0,0.0
118,90,1,2.0,0.1,0.4,0.2,0.1,0.0,0.0
118,93,1,1.0,0.0,0.2,0.1,0.1,0.0,0.0
118,94,1,6.0,0.2,1.3,0.7,0.3,0.0,0.0
118,95,0,57.0,1.0,12.0,1.0,14.0,0.0,0.0
118,96,0,39.0,6.0,2.0,1.0,9.0,0.0,0.0
118,97,0,66.0,19.0,9.0,2.0,0.0,0.0,0.0
118,98,0,65.0,3.0,15.0,10.0,0.0,0.0,0.0
118,99,1,6.0,0.5,0.3,1.5,0.1,0.0,0.0
118,100,1,1.0,0.1,0.3,0.1,0.0,0.0,0.0
118,101,1,12.0,0.9,2.9,1.4,0.2,0.0,0.0
118,102,1,1.0,0.1,0.3,0.1,0.0,0.0,0.0
118,103,1,3.0,0.2,0.7,0.4,0.1,0.0,0.0
118,104,1,2.0,0.2,0.5,0.2,0.0,0.0,0.0
118,112,1,3.0,0.3,0.3,0.3,0.4,0.0,0.0
118,113,0,31.0,1.0,0.0,7.0,4.0,0.0,0.0
118,114,1,7.0,0.7,0.6,0.8,0.9,0.0,0.0
118,117,1,2.0,0.1,0.3,0.3,0.1,0.0,0.0
118,118,1,22.0,1.2,3.5,2.6,1.4,0.0,0.0
118,119,1,26.0,1.4,4.1,3.1,1.7,0.0,0.0
118,120,0,21.0,1.0,0.0,3.0,8.0,0.0,0.0
118,121,1,5.0,0.1,0.7,1.1,0.1,0.0,0.0
118,122,1,29.0,0.5,4.1,6.3,0.9,0.0,0.0
119,69,1,1.0,0.0,0.0,0.2,0.3,0.0,0.0
119,70,1,8.0,0.1,0.4,1.0,1.9,0.0,0.0
119,71,1,13.0,0.2,0.6,1.6,3.1,0.0,0.0
119,72,1,3.0,0.1,0.1,0.4,0.7,0.0,0.0
119,74,1,3.0,0.1,0.1,0.4,0.7,0.0,0.0
119,76,1,19.0,0.4,1.4,3.2,3.6,0.0,0.0
119,85,1,6.0,0.0,0.3,0.7,1.2,0.0,0.0
119,94,1,4.0,0.1,0.8,0.5,0.2,0.0,0.0
119,95,0,24.0,0.0,4.0,1.0,6.0,0.0,0.0
119,96,0,30.0,1.0,1.0,7.0,2.0,0.0,0.0
119,97,0,41.0,3.0,12.0,4.0,1.0,0.0,0.0
119,98,0,39.0,2.0,4.0,10.0,0.0,0.0,0.0
119,99,0,31.0,0.0,5.0,5.0,1.0,0.0,0.0
119,100,0,52.0,2.0,5.0,6.0,5.0,0.0,0.0
119,101,1,5.0,0.4,1.2,0.6,0.1,0.0,0.0
119,102,1,8.0,0.6,2.0,0.9,0.1,0.0,0.0
119,103,0,85.0,0.0,42.0,1.0,0.0,0.0,0.0
119,104,0,93.0,0.0,41.0,2.0,0.0,0.0,0.0
119,105,1,16.0,0.0,5.5,2.2,0.0,0.0,0.0
119,112,1,16.0,1.5,1.3,1.7,2.2,0.0,0.0
119,113,1,4.0,0.4,0.3,0.4,0.6,0.0,0.0
119,115,1,20.0,1.0,3.2,2.4,1.3,0.0,0.0
119,116,1,13.0,0.7,2.1,1.5,0.9,0.0,0.0
119,117,0,63.0,1.0,5.0,8.0,10.0,0.0,0.0
119,118,0,54.0,2.0,6.0,1.0,17.0,0.0,0.0
119,119,0,44.0,2.0,3.0,3.0,15.0,0.0,0.0
119,120,0,44.0,1.0,14.0,4.0,8.0,0.0,0.0
119,121,1,6.0,0.1,0.8,1.3,0.2,0.0,0.0
119,122,0,31.0,0.0,0.0,13.0,0.0,0.0,0.0
120,61,1,1.0,0.0,0.0,0.2,0.3,0.0,0.0
120,68,1,2.0,0.0,0.1,0.4,0.6,0.0,0.0
120,70,1,8.0,0.1,0.4,1.0,1.9,0.0,0.0
120,71,1,1.0,0.0,0.1,0.1,0.2,0.0,0.0
120,73,1,4.0,0.1,0.2,0.5,0.9,0.0,0.0
120,74,1,3.0,0.1,0.1,0.4,0.7,0.0,0.0
120,76,1,9.0,0.2,0.7,1.5,1.7,0.0,0.0
120,82,1,3.0,0.0,0.2,0.3,0.6,0.0,0.0
120,91,1,1.0,0.0,0.2,0.1,0.1,0.0,0.0
120,92,1,12.0,0.4,2.5,1.5,0.5,0.0,0.0
120,93,1,11.0,0.4,2.3,1.3,0.5,0.0,0.0
120,96,0,38.0,1.0,0.0,10.0,0.0,0.0,0.0
120,97,1,10.0,0.9,0.6,2.5,0.1,0.0,0.0
120,99,1,18.0,1.6,1.0,4.5,0.2,0.0,0.0
120,100,1,6.0,0.4,1.5,0.7,0.1,0.0,0.0
120,102,1,1.0,0.1,0.3,0.1,0.0,0.0,0.0
120,103,0,85.0,1.0,38.0,0.0,0.0,0.0,0.0
120,104,0,38.0,0.0,16.0,0.0,0.0,0.0,0.0
120,109,0,45.0,0.0,0.0,14.0,0.0,0.0,0.0
120,110,0,25.0,1.0,2.0,6.0,2.0,0.0,0.0
120,111,1,20.5,1.9,1.7,2.2,2.8,0.0,0.0
120,115,1,4.0,0.2,0.6,0.5,0.3,0.0,0.0
120,116,0,43.0,3.0,5.0,6.0,3.0,0.0,0.0
120,117,1,21.0,1.1,3.3,2.5,1.4,0.0,0.0
120,118,1,13.0,0.7,2.1,1.5,0.9,0.0,0.0
120,119,0,42.0,0.0,5.0,7.0,9.0,0.0,0.0
120,120,0,31.0,2.0,1.0,5.0,4.0,0.0,0.0
120,121,0,29.0,0.0,8.0,8.0,0.0,0.0,0.0
120,122,0,59.5,0.0,8.0,18.0,1.0,0.0,0.0
120,123,0,32.0,1.0,3.0,7.0,0.0,0.0,0.0
121,60,1,1.0,0.0,0.0,0.2,0.3,0.0,0.0
121,72,1,13.0,0.2,0.6,1.6,3.1,0.0,0.0
121,73,1,8.0,0.1,0.4,1.0,1.9,0.0,0.0
121,75,1,1.0,0.0,0.1,0.2,0.2,0.0,0.0
121,88,1,18.5,0.0,0.9,2.1,3.8,0.0,0.0
121,89,0,30.5,0.0,2.0,4.0,8.0,0.0,0.0
121,90,1,25.0,0.8,5.3,3.1,1.1,0.0,0.0
121,91,1,23.0,0.8,4.9,2.8,1.0,0.0,0.0
121,92,0,71.0,1.0,2.0,24.0,0.0,0.0,20.0
121,93,1,5.0,0.2,1.1,0.6,0.2,0.0,0.0
121,96,1,8.0,0.7,0.5,2.0,0.1,0.0,0.0
121,97,1,7.5,0.6,0.4,1.9,0.1,0.0,0.0
121,99,0,32.0,2.0,1.0,8.0,0.0,0.0,0.0
121,103,1,4.0,0.3,1.0,0.4,0.1,0.0,0.0
121,109,0,34.0,4.0,3.0,7.0,0.0,0.0,0.0
121,110,0,60.0,17.0,7.0,6.0,1.0,1.0,0.0
121,111,1,8.0,0.8,0.6,0.9,1.1,0.0,0.0
121,119,1,3.0,0.2,0.5,0.3,0.2,0.0,0.0
121,120,0,46.0,1.0,16.0,0.0,0.0,0.0,0.0
121,121,0,30.0,1.0,10.0,1.0,0.0,0.0,0.0
121,122,1,17.0,0.3,2.4,3.7,0.5,0.0,0.0
121,123,1,6.0,0.1,0.8,1.3,0.2,0.0,0.0
122,84,1,24.0,0.0,2.2,2.9,4.4,0.0,0.0
122,85,1,4.0,0.2,0.5,0.7,0.2,0.0,0.0
122,88,1,28.0,1.1,3.4,5.0,1.7,0.0,0.0
122,89,1,4.0,0.2,0.5,0.7,0.2,0.0,0.0
122,91,1,6.0,0.0,0.7,1.3,0.7,0.0,0.0
122,96,1,2.0,0.2,0.3,0.2,0.2,0.0,0.0
122,99,1,4.0,0.5,0.7,0.4,0.3,0.0,0.0
122,105,1,6.0,0.2,0.7,1.1,0.6,0.0,0.0
122,108,1,11.0,0.4,1.2,2.1,1.1,0.0,0.0
122,109,1,19.0,0.6,2.2,3.7,1.8,0.0,0.0
122,110,1,26.0,0.5,0.5,6.7,2.2,0.0,0.0
122,111,1,12.0,0.2,0.2,3.1,1.1,0.0,0.0
122,112,1,5.0,0.1,0.1,1.3,0.4,0.0,0.0
122,122,1,1.0,0.1,0.2,0.2,0.0,0.0,0.0
122,123,1,7.0,0.5,1.4,1.4,0.3,0.0,0.0
123,71,1,4.0,0.7,0.8,0.4,0.7,0.0,0.0
123,72,1,11.0,1.9,2.2,1.2,1.9,0.0,0.0
123,73,1,4.0,0.7,0.8,0.4,0.7,0.0,0.0
123,84,1,8.0,0.0,0.7,1.0,1.5,0.0,0.0
123,85,1,10.0,0.4,1.2,1.8,0.6,0.0,0.0
123,86,1,2.0,0.1,0.2,0.4,0.1,0.0,0.0
123,87,1,1.0,0.0,0.1,0.2,0.1,0.0,0.0
123,91,1,3.5,0.0,0.4,0.8,0.4,0.0,0.0
123,96,1,10.5,1.3,1.8,0.9,0.9,0.0,0.0
123,99,1,4.0,0.5,0.7,0.4,0.3,0.0,0.0
123,106,1,2.0,0.1,0.2,0.4,0.2,0.0,0.0
123,108,1,4.0,0.1,0.4,0.8,0.4,0.0,0.0
123,109,0,33.5,1.0,2.0,3.0,7.0,0.0,0.0
123,110,0,24.5,0.0,1.0,6.0,4.0,0.0,0.0
123,111,1,4.0,0.1,0.1,1.0,0.3,0.0,0.0
124,56,1,2.0,0.0,0.2,0.2,0.4,0.0,0.0
124,72,1,4.0,0.7,0.8,0.4,0.7,0.0,0.0
124,92,1,2.0,0.0,0.3,0.4,0.2,0.0,0.0
124,93,1,5.0,0.0,0.6,1.0,0.6,0.0,0.0
124,96,1,3.0,0.4,0.5,0.3,0.2,0.0,0.0
124,97,1,4.0,0.5,0.7,0.4,0.3,0.0,0.0
124,107,1,3.0,0.1,0.3,0.6,0.3,0.0,0.0
124,108,1,3.0,0.1,0.3,0.6,0.3,0.0,0.0
124,109,1,13.0,0.4,1.5,2.5,1.3,0.0,0.0
124,110,1,3.0,0.0,0.0,0.8,0.3,0.0,0.0
125,60,1,5.0,0.0,0.6,0.6,1.2,0.0,0.0
125,68,1,3.0,0.0,0.1,0.3,1.0,0.0,0.0
125,71,1,6.0,1.0,1.2,0.7,1.0,0.0,0.0
125,72,0,52.0,2.0,0.0,1.0,18.0,0.0,0.0
125,73,1,4.0,0.7,0.8,0.4,0.7,0.0,0.0
125,92,1,2.0,0.0,0.3,0.4,0.2,0.0,0.0
125,93,1,5.0,0.0,0.6,1.0,0.6,0.0,0.0
125,95,1,16.0,2.0,2.7,1.4,1.3,0.0,0.0
125,106,1,1.0,0.0,0.1,0.2,0.1,0.0,0.0
125,112,1,3.0,0.0,0.0,0.8,0.3,0.0,0.0
126,56,1,1.0,0.0,0.1,0.1,0.2,0.0,0.0
126,58,1,5.0,0.0,0.4,0.7,1.0,0.0,0.0
126,59,1,15.0,0.0,1.3,2.0,2.9,0.0,0.0
126,60,1,22.0,0.0,2.4,2.5,5.5,0.0,0.0
126,61,1,9.0,0.0,1.0,1.0,2.2,0.0,0.0
126,69,1,1.0,0.0,0.1,0.1,0.3,0.0,0.0
126,71,1,1.0,0.2,0.2,0.1,0.2,0.0,0.0
126,72,0,32.0,0.0,2.0,1.0,12.0,0.0,0.0
126,74,1,1.0,0.2,0.2,0.1,0.2,0.0,0.0
126,81,1,1.0,0.0,0.1,0.1,0.2,0.0,0.0
126,88,1,1.0,0.0,0.1,0.2,0.1,0.0,0.0
126,90,1,3.0,0.0,0.4,0.6,0.3,0.0,0.0
126,93,1,7.0,0.0,0.8,1.5,0.8,0.0,0.0
126,95,1,2.0,0.2,0.3,0.2,0.2,0.0,0.0
126,97,0,36.0,3.0,2.0,0.0,7.0,0.0,0.0
126,98,0,22.0,3.0,0.0,0.0,8.0,0.0,0.0
126,99,1,2.0,0.2,0.3,0.2,0.2,0.0,0.0
126,100,1,8.0,0.0,0.4,2.2,0.3,0.0,0.0
126,112,1,3.0,0.0,0.0,0.8,0.3,0.0,0.0
127,52,1,2.0,0.0,0.1,0.2,0.4,0.0,0.0
127,56,1,2.0,0.0,0.2,0.2,0.4,0.0,0.0
127,59,1,9.0,0.0,0.8,1.2,1.7,0.0,0.0
127,60,1,24.0,0.0,1.0,2.0,8.1,0.0,0.0
127,61,1,5.0,0.0,0.2,0.4,1.7,0.0,0.0
127,64,1,2.0,0.0,0.1,0.1,0.7,0.0,0.0
127,65,1,2.0,0.0,0.1,0.1,0.7,0.0,0.0
127,71,1,3.0,0.1,0.2,0.2,1.0,0.0,0.0
127,72,1,2.0,0.0,0.2,0.1,0.7,0.0,0.0
127,84,1,10.0,0.0,0.0,1.0,3.9,0.0,0.0
127,94,1,22.0,1.3,3.0,3.8,0.7,0.0,0.0
127,95,1,9.0,0.3,1.2,1.1,0.8,0.0,0.0
127,97,0,44.0,0.0,1.0,5.0,7.0,0.0,0.0
127,98,1,14.0,0.4,1.9,1.7,1.3,0.0,0.0
127,99,1,15.0,0.5,2.0,1.8,1.4,0.0,0.0
127,100,1,4.5,0.0,0.2,1.2,0.2,0.0,0.0