x,y,imputed,ind,men,men_1ind,men_5ind,men_coll,men_fmp,men_mais,men_pauv,men_prop,men_surf
6,0,1,4,1.7,0.7,0.1,0.2,0,1.5,0.4,1.5,265.9
7,0,1,5,2.1,0.9,0.2,0.2,0,1.9,0.5,1.9,332.4
16,0,1,1,0.5,0.2,0,0,0,0.5,0.1,0.4,58.9
33,0,1,3,1.9,0.9,0,0.2,0,1.7,0.8,1.3,152.1
34,0,1,8,5.1,2.5,0,0.4,0,4.7,2.1,3.4,405.5
35,0,1,1,0.6,0.3,0,0,0,0.6,0.3,0.4,50.7
40,0,1,2,1.2,0.5,0,0.1,0.1,1.1,0.3,1,117.1
41,0,1,12,7.1,3.2,0,0.4,0.4,6.7,1.8,6,702.4
51,0,1,7,3.3,1.3,0.2,0,0.2,3.3,0.5,2.9,313.9
61,0,1,1,0.4,0.1,0,0,0,0.4,0,0.3,45.2
70,0,1,5,2.5,1.1,0.1,0.3,0.3,2.2,0.6,2.1,269
71,0,1,1,0.5,0.2,0,0.1,0.1,0.4,0.1,0.4,53.8
72,0,1,2,1,0.4,0.1,0.1,0.1,0.9,0.2,0.8,107.6
96,0,1,2,1,0.3,0,0.1,0,0.9,0.1,0.7,96.5
97,0,1,4,1.9,0.6,0.1,0.2,0,1.7,0.2,1.5,193
123,0,1,6,2.7,1.6,0.4,0,0,2.7,0.7,2,242
34,1,1,2,1.3,0.6,0,0.1,0,1.2,0.5,0.8,101.4
61,1,1,4,1.5,0.3,0.1,0.1,0.1,1.4,0.2,1.3,180.8
68,1,1,9,4.5,2,0.2,0.5,0.5,4,1,3.8,484.2
70,1,1,4,2,0.9,0.1,0.2,0.2,1.8,0.4,1.7,215.2
91,1,1,2,1,0.3,0.1,0,0.2,1,0.4,0.8,94.6
96,1,1,11,5.3,1.7,0.3,0.5,0,4.8,0.7,4.1,530.7
97,1,1,17,8.2,2.7,0.4,0.8,0,7.4,1,6.3,820.1
98,1,1,1,0.7,0.5,0,0.1,0,0.6,0.1,0.6,70
106,1,1,2,1.2,0.5,0,0,0.1,1.2,0.3,1,118
108,1,1,7,3.7,0.9,0,0,0,3.7,0.3,3.7,423.3
109,1,1,9,4.7,1.2,0,0,0,4.7,0.4,4.7,544.3
124,1,1,1,0.4,0.3,0.1,0,0,0.4,0.1,0.3,40.3
126,1,1,3,1.3,0.8,0.2,0,0,1.3,0.3,1,121
127,1,1,3,1.3,0.8,0.2,0,0,1.3,0.3,1,121
50,2,1,1,0.5,0.2,0,0,0,0.5,0.1,0.4,44.8
51,2,1,3,1.4,0.6,0.1,0,0.1,1.4,0.2,1.3,134.5
73,2,1,2,1,0.4,0.1,0.1,0.1,0.9,0.2,0.8,107.6
88,2,1,2,1,0.3,0.1,0,0.2,1,0.4,0.8,94.6
90,2,1,1,0.5,0.2,0,0,0.1,0.5,0.2,0.4,47.3
91,2,1,9,4.4,1.5,0.4,0,0.7,4.4,1.8,3.7,425.8
96,2,1,5,2.4,0.8,0.1,0.2,0,2.2,0.3,1.9,241.2
97,2,1,3,1.4,0.5,0.1,0.1,0,1.3,0.2,1.1,144.7
98,2,1,4,2.7,1.9,0,0.2,0,2.5,0.2,2.3,280
99,2,1,3,2.1,1.4,0,0.2,0,1.9,0.2,1.7,210
103,2,1,15,8.9,3.4,0,0,0.7,8.9,2,7.5,885
104,2,1,3,1.8,0.7,0,0,0.1,1.8,0.4,1.5,177
109,2,1,3,1.6,0.4,0,0,0,1.6,0.1,1.6,181.4
126,2,1,5,2.2,1.3,0.4,0,0,2.2,0.6,1.7,201.7
127,2,1,3,1.3,0.8,0.2,0,0,1.3,0.3,1,121
44,3,1,1,0.6,0.3,0,0,0,0.6,0.1,0.5,58.5
54,3,1,9,4.2,1.7,0.2,0,0.2,4.2,0.6,3.8,403.5
75,3,1,2,1,0.4,0.1,0.1,0.1,0.9,0.2,0.8,107.6
90,3,1,6,2.2,0.4,0.2,0,0.2,2.2,0.2,1.8,243.2
91,3,1,2,0.7,0.1,0.1,0,0.1,0.7,0.1,0.6,81.1
96,3,1,7,2.6,0.5,0.2,0,0.2,2.6,0.2,2.1,283.7
101,3,1,8,3.8,1.4,0,0,0.5,3.8,0.7,3.1,450.1
103,3,1,2,0.9,0.4,0,0,0.1,0.9,0.2,0.8,112.5
104,3,1,4,1.9,0.7,0,0,0.2,1.9,0.4,1.5,225.1
118,3,1,7,3.4,1.5,0.2,0,0,3.4,0.6,3.4,397.5
120,3,1,3,1.5,0.6,0.1,0,0,1.5,0.2,1.5,170.4
123,3,1,3,1.2,0.2,0.1,0,0.1,1.2,0.2,1,118.4
124,3,1,3,1.2,0.2,0.1,0,0.1,1.2,0.2,1,118.4
126,3,1,4,1.6,0.3,0.1,0,0.1,1.6,0.2,1.4,157.9
127,3,1,8,3.1,0.7,0.2,0,0.2,3.1,0.5,2.8,315.8
5,4,1,3,1.2,0.5,0.1,0.1,0,1.1,0.3,1.1,199.4
36,4,1,2,1.3,0.6,0,0.1,0,1.2,0.5,0.8,101.4
42,4,1,3,1.8,0.8,0,0.1,0.1,1.7,0.4,1.5,175.6
54,4,1,4,1.9,0.7,0.1,0,0.1,1.9,0.3,1.7,179.3
78,4,1,7,3.8,1.8,0.3,0.9,0.2,2.9,0.2,2.6,369.2
79,4,1,3,1.6,0.8,0.1,0.4,0.1,1.2,0.1,1.1,158.2
96,4,1,5,1.8,0.3,0.2,0,0.2,1.8,0.2,1.5,202.7
97,4,1,4,1.5,0.3,0.1,0,0.1,1.5,0.1,1.2,162.1
102,4,1,3,1.4,0.5,0,0,0.2,1.4,0.3,1.1,168.8
115,4,1,1,0.5,0.2,0,0,0,0.5,0,0.4,57.3
119,4,1,2,1,0.4,0.1,0,0,1,0.2,1,113.6
122,4,1,1,0.5,0.2,0,0,0,0.5,0.1,0.5,56.8
126,4,1,4,1.6,0.3,0.1,0,0.1,1.6,0.2,1.4,157.9
127,4,1,4,1.6,0.3,0.1,0,0.1,1.6,0.2,1.4,157.9
61,5,1,7,2.7,0.6,0.1,0.2,0.2,2.5,0.3,2.3,316.5
62,5,1,23,8.9,1.9,0.4,0.7,0.7,8.2,1.1,7.4,1039.8
96,5,1,3,1.1,0.2,0.1,0,0.1,1.1,0.1,0.9,121.6
97,5,1,2,0.7,0.1,0.1,0,0.1,0.7,0.1,0.6,81.1
104,5,1,4,1.9,0.7,0,0,0.2,1.9,0.4,1.5,225.1
105,5,1,8,3.8,1.4,0,0,0.5,3.8,0.7,3.1,450.1
118,5,1,2,1,0.4,0.1,0,0,1,0.2,1,113.6
119,5,1,1,0.5,0.2,0,0,0,0.5,0.1,0.5,56.8
124,5,1,2,0.8,0.2,0,0,0,0.8,0.1,0.7,78.9
125,5,1,2,0.8,0.2,0,0,0,0.8,0.1,0.7,78.9
126,5,1,16,6.2,1.3,0.3,0,0.3,6.2,1,5.6,631.5
45,6,1,2,1.2,0.5,0,0.1,0.1,1.1,0.3,1,117.1
47,6,1,6,3.5,1.6,0,0.2,0.2,3.3,0.9,3,351.2
48,6,1,1,0.5,0.2,0,0,0,0.5,0.1,0.4,44.8
61,6,1,1,0.4,0.1,0,0,0,0.4,0,0.3,45.2
62,6,1,11,4.3,0.9,0.2,0.4,0.4,3.9,0.5,3.5,497.3
63,6,1,2,0.8,0.2,0,0.1,0.1,0.7,0.1,0.6,90.4
119,6,1,3,1.5,0.6,0.1,0,0,1.5,0.2,1.5,170.4
121,6,1,3,1.5,0.6,0.1,0,0,1.5,0.2,1.5,170.4
124,6,1,3,1.2,0.2,0.1,0,0.1,1.2,0.2,1,118.4
0,7,1,1,0.4,0.2,0,0,0,0.4,0.1,0.4,66.5
17,7,1,1,0.5,0.2,0,0,0,0.5,0.1,0.4,58.9
18,7,1,1,0.5,0.2,0,0,0,0.5,0.1,0.4,58.9
55,7,1,4,1.9,0.7,0.1,0,0.1,1.9,0.3,1.7,179.3
60,7,1,5,1.9,0.4,0.1,0.1,0.2,1.8,0.2,1.6,226
61,7,1,8,3.1,0.6,0.1,0.3,0.3,2.8,0.4,2.6,361.7
71,7,1,1,0.5,0.2,0,0.1,0.1,0.4,0.1,0.4,53.8
79,7,1,2,1.1,0.5,0.1,0.3,0,0.8,0,0.7,105.5
88,7,1,1,0.4,0.1,0,0,0,0.4,0,0.3,40.5
106,7,1,2,0.9,0.4,0,0,0.1,0.9,0.2,0.8,112.5
107,7,1,3,1.4,0.5,0,0,0.2,1.4,0.3,1.1,168.8
115,7,1,1,0.5,0.2,0,0,0,0.5,0,0.4,57.3
116,7,1,19.5,10,3.6,0,0.9,0.9,9.1,0.9,8.2,1118.3
117,7,0,18,11,4,0,0,0,11,0,11,1127
119,7,1,5,2.4,1.1,0.1,0,0,2.4,0.4,2.4,283.9
120,7,1,6,2.9,1.3,0.2,0,0,2.9,0.5,2.9,340.7
121,7,1,4,1.9,0.9,0.1,0,0,1.9,0.3,1.9,227.1
13,8,1,4,1.6,0.5,0.2,0,0,1.6,0.6,1.2,178.5
41,8,1,2,0.9,0.2,0.1,0,0.2,0.9,0.2,0.8,88.8
50,8,1,1,0.6,0.3,0,0,0.1,0.6,0.2,0.5,63
58,8,1,5,2.6,1.1,0.1,0.5,0.2,2.1,0.3,1.5,277.6
59,8,0,23,12,4,0,2,1,10,0,8,984
60,8,0,21,14,8,0,3,1,11,2,7,1519
61,8,1,6,3.1,1.3,0.1,0.6,0.3,2.5,0.4,1.8,333.1
78,8,1,1,0.6,0.4,0.1,0,0,0.6,0.2,0.4,61.4
87,8,1,8,4.6,2.9,0.4,0,0,4.6,1.3,3.4,491.4
88,8,1,17,7.1,1.8,0.3,0.8,0.3,6.3,1,6.3,874.3
108,8,1,4,1.4,0,0.1,0,0.1,1.4,0.1,1.4,155.6
112,8,1,5,1.7,0,0.1,0,0.1,1.7,0.1,1.7,194.5
116,8,1,5,2.6,1,0,0.2,0.2,2.4,0.4,2.4,283.5
117,8,0,21.5,13,6,0,4,2,9,2,9,1350
118,8,1,4,2.1,0.9,0.1,0.1,0.1,2,0.1,1.9,249.6
119,8,1,15,7.7,3.4,0.3,0.3,0.6,7.4,0.3,7,936
120,8,1,14,7.2,3.1,0.3,0.3,0.5,6.9,0.3,6.5,873.6
121,8,1,3,1.5,0.7,0.1,0,0.1,1.5,0.1,1.4,187.2
122,8,1,1,0.5,0.2,0,0,0,0.5,0,0.5,62.4
124,8,1,5,2.2,0.7,0.1,0.1,0.1,2.1,0.5,1.8,258.4
10,9,1,2,0.8,0.2,0.1,0,0,0.8,0.3,0.6,89.3
37,9,1,2,1,0.2,0,0,0.2,1,0.1,0.8,135.4
38,9,1,2,0.9,0.2,0.1,0,0.2,0.9,0.2,0.8,88.8
41,9,1,5,2.2,0.6,0.2,0,0.6,2.2,0.4,2,222
42,9,1,3,1.3,0.4,0.1,0,0.4,1.3,0.2,1.2,133.2
58,9,1,11,5.6,2.4,0.2,1.1,0.5,4.5,0.7,3.2,610.6
59,9,0,26,16,8,0,0,3,16,3,14,1469
60,9,0,34,19,8,0,6,4,13,4,12,1659
61,9,0,23,11,3,0,2,0,9,0,8,1035
62,9,1,1,0.5,0.2,0,0.1,0,0.4,0.1,0.3,55.5
76,9,1,3,1.9,1.1,0,0.2,0,1.7,0.4,1.4,167.1
79,9,1,2,1.2,0.7,0.1,0,0,1.2,0.3,0.8,122.8
95,9,1,7,2.9,0.8,0.1,0.3,0.1,2.6,0.4,2.6,360
96,9,1,3,1.2,0.3,0,0.1,0,1.1,0.2,1.1,154.3
108,9,1,3.5,1.2,0,0.1,0,0.1,1.2,0.1,1.2,136.2
113,9,1,1,0.5,0.2,0,0,0,0.5,0.1,0.5,56.7
114,9,1,2,1,0.4,0,0.1,0.1,0.9,0.2,1,113.4
116,9,1,8,4.2,1.6,0,0.4,0.4,3.8,0.6,3.8,453.7
117,9,0,43,16,1,1,0,0,16,2,14,1966
118,9,1,16,8.2,3.6,0.3,0.3,0.6,7.9,0.3,7.5,998.4
119,9,0,64,38,22,0,16,3,22,8,19,3000
120,9,1,6,3.1,1.3,0.1,0.1,0.2,3,0.1,2.8,374.4
121,9,0,31,17,5,0,5,3,12,1,11,1438
122,9,1,28,14.4,6.3,0.5,0.5,1,13.9,0.5,13.1,1747.3
123,9,1,27,12,3.6,0.4,0.3,0.4,11.7,2.9,9.5,1395.2
0,10,1,3,1.7,0.9,0.1,0,0.1,1.7,0.8,1.5,180.2
52,10,1,3.5,2.1,0.9,0,0.1,0.2,2,0.7,1.8,220.3
60,10,0,37,20,8,0,2,0,18,3,15,2339
61,10,1,10,5.1,2.2,0.2,1,0.4,4.1,0.7,2.9,555.1
62,10,1,20,10.2,4.3,0.4,1.9,0.9,8.3,1.3,5.9,1110.2
95,10,1,10,4.2,1.1,0.2,0.5,0.2,3.7,0.6,3.7,514.3
113,10,1,3,1.6,0.6,0,0.2,0.1,1.4,0.2,1.4,170.1
117,10,1,15,7.8,3,0,0.7,0.7,7.1,1.2,7.2,850.6
118,10,0,22.5,14,5,0,0,1,14,1,14,1568
119,10,0,65,32,12,2,8,3,24,4,19,2996
120,10,0,75.5,51,34,1,33,6,18,13,19,4410
121,10,0,47,19,6,3,4,4,15,0,15,2285
122,10,0,31,17,7,0,2,0,15,2,15,2013
123,10,1,3,1.3,0.4,0,0,0,1.3,0.3,1.1,155
126,10,1,8,3.6,1.1,0.1,0.1,0.1,3.5,0.9,2.8,413.4
127,10,1,15,6.7,2,0.2,0.2,0.2,6.5,1.6,5.3,775.1
0,11,1,3,1.7,0.9,0.1,0,0.1,1.7,0.8,1.5,180.2
9,11,1,1,0.4,0.1,0,0,0,0.4,0.1,0.3,44.6
34,11,1,2,1,0.2,0,0,0.2,1,0.1,0.8,135.4
51,11,1,5,3,1.3,0,0.2,0.3,2.8,1,2.6,314.8
52,11,1,1,0.6,0.3,0,0,0.1,0.6,0.2,0.5,63
60,11,0,33,21,13,0,9,1,12,8,12,2032
61,11,0,52.5,33,18,1,9,3,24,9,19,2995
62,11,1,15,7.7,3.3,0.3,1.5,0.7,6.2,1,4.4,832.7
81,11,1,2,1.2,0.7,0.1,0,0,1.2,0.3,0.8,122.8
82,11,1,3,1.7,1.1,0.2,0,0,1.7,0.5,1.3,184.3
94,11,1,8,3.3,0.9,0.1,0.4,0.1,2.9,0.5,3,411.4
95,11,1,1,0.4,0.1,0,0,0,0.4,0.1,0.4,51.4
111,11,1,2,0.7,0,0.1,0,0.1,0.7,0.1,0.7,77.8
117,11,1,20,10.5,4,0,0.9,0.9,9.6,1.5,9.5,1134.2
118,11,1,4,2.1,0.9,0.1,0.1,0.1,2,0.1,1.9,249.6
119,11,0,20,11,5,0,6,0,5,1,5,1226
120,11,0,145.5,87,50,1,51,6,36,28,37,7953
121,11,0,96,62,41,0,26,6,36,17,32,5752
122,11,0,35,20,11,1,5,0,15,3,15,2321
123,11,1,14,6.2,1.9,0.2,0.2,0.2,6,1.5,4.9,723.5
31,12,1,2,1,0.2,0,0,0.2,1,0.1,0.8,135.4
61,12,1,11,5.6,2.4,0.2,1.1,0.5,4.5,0.7,3.2,610.6
62,12,1,13,6.6,2.8,0.3,1.3,0.6,5.3,0.8,3.8,721.6
76,12,1,4,2.5,1.5,0,0.2,0,2.3,0.6,1.9,222.9
111,12,1,5,1.7,0,0.1,0,0.1,1.7,0.1,1.7,194.5
117,12,1,11,5.8,2.2,0,0.5,0.5,5.3,0.8,5.2,623.8
118,12,1,16,8.2,3.6,0.3,0.3,0.6,7.9,0.3,7.5,998.4
119,12,0,42,31,23,0,18,2,13,9,12,2202
120,12,0,72.5,50,34,0,30,7,20,14,20,4801
121,12,0,47.5,31,18,0,14,3,17,9,13,2438
122,12,0,31,23,17,0,12,1,11,0,13,2166
125,12,1,2,0.9,0.3,0,0,0,0.9,0.2,0.7,103.4
29,13,1,1,0.5,0.1,0,0,0.1,0.5,0,0.4,67.7
31,13,0,21,12,6,1,1,2,11,4,7,1260
32,13,1,9,4.7,1.1,0,0,1.1,4.7,0.4,3.6,609.5
33,13,1,2,1,0.2,0,0,0.2,1,0.1,0.8,135.4
34,13,1,2,1,0.2,0,0,0.2,1,0.1,0.8,135.4
43,13,1,2,0.9,0.2,0.1,0,0.2,0.9,0.2,0.8,88.8
61,13,1,16,7.4,1.5,0.4,0,0,7.4,0.4,7.1,866.2
62,13,1,7,3.3,0.7,0.2,0,0,3.3,0.2,3.1,379
73,13,1,1,0.6,0.4,0,0,0,0.6,0.1,0.5,55.7
81,13,1,1,0.6,0.4,0.1,0,0,0.6,0.2,0.4,61.4
101,13,1,2,1.1,0.4,0,0,0.1,1.1,0.2,0.9,118.8
109,13,1,4,1.4,0,0.1,0,0.1,1.4,0.1,1.4,155.6
118,13,1,22,11.2,5.1,0.2,0,0.5,11.2,1.6,10.5,1327.7
120,13,1,9,4.6,2.1,0.1,0,0.2,4.6,0.7,4.3,543.2
121,13,1,8,4.1,1.9,0.1,0,0.2,4.1,0.6,3.8,482.8
122,13,1,11,5.6,2.6,0.1,0,0.2,5.6,0.8,5.3,663.9
123,13,1,13,6,2.2,0.5,0.6,0.5,5.4,1.1,3.8,725.8
124,13,1,3,1.4,0.5,0.1,0.1,0.1,1.3,0.2,0.9,167.5
125,13,1,3,1.4,0.5,0.1,0.1,0.1,1.3,0.2,0.9,167.5
23,14,1,2,0.8,0.2,0.1,0,0,0.8,0.3,0.6,89.3
32,14,1,1,0.5,0.1,0,0,0.1,0.5,0,0.4,67.7
40,14,1,5,2.2,0.6,0.2,0,0.6,2.2,0.4,2,222
43,14,1,3,1.3,0.4,0.1,0,0.4,1.3,0.2,1.2,133.2
44,14,1,1,0.4,0.1,0,0,0.1,0.4,0.1,0.4,44.4
49,14,1,2,1.2,0.5,0,0.1,0.1,1.1,0.4,1,125.9
53,14,1,1,0.6,0.3,0,0,0.1,0.6,0.2,0.5,63
57,14,1,7,4.1,1.8,0,0.2,0.5,3.9,1.4,3.7,440.7
60,14,1,4,1.9,0.4,0.1,0,0,1.9,0.1,1.8,216.6
61,14,1,3,1.4,0.3,0.1,0,0,1.4,0.1,1.3,162.4
62,14,1,13,6,1.2,0.3,0,0,6,0.3,5.7,703.8
72,14,1,2,1.2,0.8,0,0.1,0,1.1,0.3,1,111.4
73,14,1,5,3.1,1.9,0,0.2,0,2.9,0.7,2.4,278.6
77,14,1,2,1.2,0.8,0,0.1,0,1.1,0.3,1,111.4
90,14,1,2,0.8,0.2,0,0.1,0,0.7,0.1,0.7,102.9
101,14,1,17,9.2,3.4,0,0,0.5,9.2,1.9,7.8,1009.8
102,14,1,2,1.1,0.4,0,0,0.1,1.1,0.2,0.9,118.8
117,14,1,3,1,0,0.1,0,0.1,1,0.1,1,116.7
118,14,0,31,14,2,0,2,2,12,2,11,1470
120,14,1,7,3.6,1.6,0.1,0,0.1,3.6,0.5,3.4,422.5
122,14,1,5,2.6,1.2,0.1,0,0.1,2.6,0.4,2.4,301.8
123,14,1,3,1.4,0.5,0.1,0.1,0.1,1.3,0.2,0.9,167.5
4,15,1,1,0.6,0.3,0,0,0,0.6,0.3,0.5,60.1
15,15,1,3,1.2,0.4,0.1,0,0,1.2,0.4,0.9,133.9
47,15,1,2,0.9,0.2,0.1,0,0.2,0.9,0.2,0.8,88.8
52,15,1,4,2.4,1,0,0.2,0.3,2.2,0.8,2.1,251.8
53,15,1,1,0.6,0.3,0,0,0.1,0.6,0.2,0.5,63
78,15,1,2,1.2,0.7,0.1,0,0,1.2,0.3,0.8,122.8
92,15,1,5,2.1,0.5,0.1,0.2,0.1,1.9,0.3,1.8,257.2
93,15,1,5,2.1,0.5,0.1,0.2,0.1,1.9,0.3,1.8,257.2
101,15,1,3,1.6,0.6,0,0,0.1,1.6,0.3,1.4,178.2
102,15,1,2,1.1,0.4,0,0,0.1,1.1,0.2,0.9,118.8
103,15,1,3,1.6,0.6,0,0,0.1,1.6,0.3,1.4,178.2
115,15,1,5,1.7,0,0.1,0,0.1,1.7,0.1,1.7,194.5
116,15,1,2,0.7,0,0.1,0,0.1,0.7,0.1,0.7,77.8
120,15,1,5,2.6,1.2,0.1,0,0.1,2.6,0.4,2.4,301.8
121,15,1,7,3.6,1.6,0.1,0,0.1,3.6,0.5,3.4,422.5
122,15,1,8,4.1,1.9,0.1,0,0.2,4.1,0.6,3.8,482.8
125,15,1,2,0.9,0.3,0.1,0.1,0.1,0.8,0.2,0.6,111.7
15,16,1,5,2,0.6,0.2,0,0,2,0.7,1.5,223.2
48,16,1,3,1.8,0.8,0,0.1,0.2,1.7,0.6,1.6,188.9
49,16,1,2,1.2,0.5,0,0.1,0.1,1.1,0.4,1,125.9
71,16,1,4,2.5,1.5,0,0.2,0,2.3,0.6,1.9,222.9
92,16,1,7,2.9,0.8,0.1,0.3,0.1,2.6,0.4,2.6,360
112,16,1,2,0.7,0,0.1,0,0.1,0.7,0.1,0.7,77.8
121,16,1,6,3.1,1.4,0.1,0,0.1,3.1,0.4,2.9,362.1
122,16,1,2,1,0.5,0,0,0,1,0.1,1,120.7
0,17,1,2,1.1,0.6,0.1,0,0.1,1.1,0.5,1,120.1
22,17,1,8,3.3,1,0.3,0,0,3.3,1.1,2.4,357.1
26,17,1,5,2,0.6,0.2,0,0,2,0.7,1.5,223.2
27,17,1,3,1.2,0.4,0.1,0,0,1.2,0.4,0.9,133.9
28,17,1,4,2.1,0.5,0,0,0.5,2.1,0.2,1.6,270.9
106,17,1,6,3.3,1.2,0,0,0.2,3.3,0.7,2.7,356.4
119,17,1,4,2,0.9,0,0,0.1,2,0.3,1.9,241.4
9,18,1,2,0.8,0.2,0.1,0,0,0.8,0.3,0.6,89.3
26,18,1,5,3.2,1.8,0,0,0.5,3.2,1.2,2.7,324.3
75,18,1,15,7.6,3.2,0.5,0.5,0.3,7.1,2.1,4.5,851.3
76,18,1,5,2.5,1.1,0.2,0.2,0.1,2.3,0.7,1.5,283.8
87,18,1,1,0.6,0.4,0,0,0,0.6,0.2,0.5,51.1
94,18,1,7,3.4,1.3,0,0,0.1,3.4,0.7,3,360.6
106,18,1,8,3.9,1.5,0,0,0.2,3.9,0.9,3.4,412.1
1,19,1,2,1.1,0.5,0,0,0,1.1,0.3,1,113.8
6,19,1,2,1.1,0.5,0,0,0,1.1,0.3,1,113.8
22,19,1,1,0.6,0.4,0,0,0.1,0.6,0.2,0.5,64.9
57,19,1,1,0.6,0.4,0,0.1,0.1,0.5,0.1,0.4,63.1
61,19,1,7,3.3,1.4,0.2,0.3,0.2,3,0.7,2.8,295.2
65,19,1,2,0.9,0.4,0.1,0,0.1,0.9,0.2,0.8,84.3
76,19,1,6,3.1,1.3,0.2,0.2,0.1,2.9,0.8,1.8,340.5
87,19,1,3,1.8,1.1,0.1,0,0.1,1.8,0.6,1.5,153.2
124,19,1,1,0.6,0.3,0,0,0,0.6,0.1,0.5,58.9
22,20,1,4,2.5,1.5,0,0,0.4,2.5,0.9,2.1,259.5
36,20,1,7,3.6,2,0.2,0,0.2,3.6,1.1,3.2,319.5
37,20,1,6,3.1,1.7,0.2,0,0.2,3.1,1,2.7,273.9
40,20,1,5,2.6,1.5,0.2,0,0.2,2.6,0.8,2.3,228.2
41,20,1,3,1.5,0.9,0.1,0,0.1,1.5,0.5,1.4,136.9
60,20,1,11,5.1,2.2,0.4,0.4,0.4,4.7,1.1,4.4,463.8
61,20,0,23,11,3,0,0,1,11,3,9,1207
110,20,1,1,0.5,0.2,0,0,0,0.5,0.1,0.4,47.4
111,20,1,2,0.9,0.3,0,0,0,0.9,0.1,0.8,94.9
13,21,1,1,0.4,0.1,0,0,0,0.4,0.1,0.3,44.6
14,21,1,9,3.7,1.1,0.4,0,0,3.7,1.3,2.8,401.7
41,21,1,1,0.5,0.3,0,0,0,0.5,0.2,0.5,45.6
49,21,1,1,0.6,0.4,0,0.1,0.1,0.5,0.1,0.4,63.1
50,21,1,12,7.8,4.2,0,1.8,0.7,6,1.1,4.2,756.7
66,21,1,5,2.3,1,0.2,0.2,0.2,2.1,0.5,2,210.8
77,21,1,2,1,0.4,0.1,0.1,0,0.9,0.3,0.6,113.5
78,21,1,2,1.2,0.8,0.1,0,0.1,1.2,0.4,1,102.2
80,21,1,1,0.6,0.4,0,0,0,0.6,0.2,0.5,51.1
88,21,1,9,4.4,1.7,0,0,0.2,4.4,1,3.8,463.6
99,21,1,2,1,0.4,0,0,0,1,0.2,0.9,103
110,21,1,14,6.4,2.1,0.3,0.3,0,6.1,0.9,5.5,664.1
111,21,1,3,1.4,0.5,0.1,0.1,0,1.3,0.2,1.2,142.3
118,21,1,1,0.6,0.3,0,0,0,0.6,0.1,0.5,58.9
119,21,1,1,0.6,0.3,0,0,0,0.6,0.1,0.5,58.9
126,21,1,1,0.6,0.3,0,0,0,0.6,0.1,0.5,58.9
37,22,1,1,0.5,0.3,0,0,0,0.5,0.2,0.5,45.6
66,22,1,5,2.3,1,0.2,0.2,0.2,2.1,0.5,2,210.8
77,22,1,10,5.1,2.1,0.4,0.4,0.2,4.7,1.4,3,567.5
78,22,1,2,1.2,0.8,0.1,0,0.1,1.2,0.4,1,102.2
110,22,1,1,0.5,0.2,0,0,0,0.5,0.1,0.4,47.4
126,22,1,2,1.1,0.5,0,0,0,1.1,0.1,1,117.9
5,23,1,1,0.5,0.3,0,0,0,0.5,0.1,0.5,56.9
18,23,1,8,5.1,2.9,0,0,0.8,5.1,1.9,4.3,518.9
45,23,1,5,2.6,1.5,0.2,0,0.2,2.6,0.8,2.3,228.2
73,23,1,2,1,0.4,0.1,0.1,0,0.9,0.3,0.6,113.5
74,23,1,2,1,0.4,0.1,0.1,0,0.9,0.3,0.6,113.5
82,23,1,2,1.2,0.8,0.1,0,0.1,1.2,0.4,1,102.2
113,23,1,2,0.9,0.3,0,0,0,0.9,0.1,0.8,94.9
117,23,1,11,5,1.7,0.2,0.2,0,4.8,0.7,4.3,521.8
123,23,1,1,0.6,0.3,0,0,0,0.6,0.1,0.5,58.9
6,24,1,1,0.5,0.3,0,0,0,0.5,0.1,0.5,56.9
69,24,1,1,0.5,0.2,0,0,0,0.5,0.1,0.3,56.8
73,24,1,3,1.5,0.6,0.1,0.1,0.1,1.4,0.4,0.9,170.3
77,24,1,1,0.5,0.2,0,0,0,0.5,0.1,0.3,56.8
78,24,1,2,1.2,0.8,0.1,0,0.1,1.2,0.4,1,102.2
102,24,1,5,2.4,1,0,0,0.1,2.4,0.5,2.1,257.6
113,24,1,2,0.9,0.3,0,0,0,0.9,0.1,0.8,94.9
114,24,1,3,1.4,0.5,0.1,0.1,0,1.3,0.2,1.2,142.3
117,24,1,1,0.5,0.2,0,0,0,0.5,0.1,0.4,47.4
119,24,1,4,2.2,1,0.1,0,0.1,2.2,0.3,1.9,235.8
120,24,1,2,1.1,0.5,0,0,0,1.1,0.1,1,117.9
122,24,1,6,3.3,1.5,0.1,0,0.1,3.3,0.4,2.9,353.7
123,24,1,7,3.9,1.8,0.2,0,0.2,3.9,0.5,3.4,412.6
127,24,1,9.5,5.2,2.4,0.2,0,0.2,5.2,0.7,4.6,560
69,25,1,2,1,0.4,0.1,0.1,0,0.9,0.3,0.6,113.5
102,25,1,3,1.5,0.6,0,0,0.1,1.5,0.3,1.3,154.5
103,25,1,6,2.9,1.1,0,0,0.1,2.9,0.6,2.6,309.1
104,25,1,1,0.5,0.2,0,0,0,0.5,0.1,0.4,51.5
112,25,1,1,0.5,0.2,0,0,0,0.5,0.1,0.4,47.4
113,25,1,2,0.9,0.3,0,0,0,0.9,0.1,0.8,94.9
117,25,1,3,1.4,0.5,0.1,0.1,0,1.3,0.2,1.2,142.3
122,25,1,5,2.8,1.3,0.1,0,0.1,2.8,0.3,2.4,294.7
127,25,1,2,1.1,0.5,0,0,0,1.1,0.1,1,117.9
25,26,1,10,6.3,3.7,0,0,1,6.3,2.3,5.3,648.7
51,26,1,3,1.9,1.1,0,0.4,0.2,1.5,0.3,1.1,189.2
77,26,1,6,3.1,1.3,0.2,0.2,0.1,2.9,0.8,1.8,340.5
78,26,1,9,5.2,3.4,0.4,0,0.4,5.2,1.9,4.5,459.8
79,26,1,2,1.2,0.8,0.1,0,0.1,1.2,0.4,1,102.2
104,26,1,1,0.5,0.2,0,0,0,0.5,0.1,0.4,51.5
8,27,1,4,1.6,0.5,0.2,0,0,1.6,0.6,1.2,178.5
26,27,1,2,1.3,0.7,0,0,0.2,1.3,0.5,1.1,129.7
42,27,1,3,1.5,0.9,0.1,0,0.1,1.5,0.5,1.4,136.9
50,27,1,3,1.9,1.1,0,0.4,0.2,1.5,0.3,1.1,189.2
51,27,1,14,9.1,4.9,0,2.1,0.8,7,1.2,4.9,882.8
70,27,1,2,1,0.4,0.1,0.1,0,0.9,0.3,0.6,113.5
92,27,1,3,1.5,0.6,0,0,0.1,1.5,0.3,1.3,154.5
105,27,1,2,1,0.4,0,0,0,1,0.2,0.9,103
121,27,1,1,0.6,0.3,0,0,0,0.6,0.1,0.5,58.9
7,28,1,5,3.1,1.9,0.2,0,0.2,3.1,1.2,2.1,287.1
30,28,1,1,0.8,0.6,0,0,0.1,0.8,0.4,0.8,64.3
31,28,1,1,0.8,0.6,0,0,0.1,0.8,0.4,0.8,64.3
50,28,1,2,1.3,0.7,0,0,0.1,1.3,0.2,1,130
51,28,1,1,0.6,0.3,0,0,0.1,0.6,0.1,0.5,65
75,28,1,9,4.3,2,0,0,0,4.3,0.8,3.5,467.6
92,28,1,4,2.2,1.2,0.1,0,0.2,2.2,0.7,1.8,192.1
97,28,1,8,4.5,2.5,0.2,0,0.3,4.5,1.4,3.5,384.2
103,28,1,1,0.5,0.2,0,0,0,0.5,0.2,0.4,44
104,28,1,1,0.5,0.2,0,0,0,0.5,0.2,0.4,44
105,28,1,7,3.4,1.6,0,0.3,0,3.1,1.5,3,307.7
108,28,1,20.5,11.5,4,0,0.6,1.2,10.9,4,10.4,1108.7
109,28,1,2,1.1,0.4,0,0,0.1,1.1,0.4,1,108.2
116,28,1,4,2.3,0.9,0,0,0.2,2.3,0.6,2.2,228
26,29,1,2,1.2,0.6,0.1,0,0.1,1.2,0.6,0.9,107.8
34,29,1,1,0.8,0.6,0,0,0.1,0.8,0.4,0.8,64.3
68,29,1,1,0.5,0.2,0,0,0,0.5,0.1,0.4,52
80,29,1,5,2.4,1.2,0.3,0,0.3,2.4,0.6,2.1,214.1
91,29,1,1,0.6,0.3,0,0,0,0.6,0.2,0.4,48
92,29,1,2,1.1,0.6,0,0,0.1,1.1,0.3,0.9,96
107,29,1,4,2,0.9,0,0.2,0,1.8,0.9,1.7,175.8
108,29,1,2,1.1,0.4,0,0,0.1,1.1,0.4,1,108.2
109,29,1,9,5.1,1.8,0,0.3,0.5,4.8,1.8,4.6,486.8
110,29,1,2,1.1,0.4,0,0,0.1,1.1,0.4,1,108.2
126,29,1,6,3.7,2.4,0,0,0.3,3.7,1,3.4,303.6
10,30,1,2,1.1,0.5,0.1,0,0.1,1.1,0.5,1,100.1
34,30,1,3,2.4,1.9,0,0,0.2,2.4,1.3,2.4,192.9
35,30,1,1,0.8,0.6,0,0,0.1,0.8,0.4,0.8,64.3
44,30,1,1,0.6,0.3,0,0,0.1,0.6,0.3,0.5,65.9
46,30,1,3,1.8,0.8,0,0,0.3,1.8,0.8,1.6,197.7
51,30,1,1,0.6,0.3,0,0,0.1,0.6,0.1,0.5,65
82,30,1,1,0.5,0.2,0.1,0,0.1,0.5,0.1,0.4,42.8
89,30,1,1,0.6,0.3,0,0,0,0.6,0.2,0.4,48
90,30,1,2,1.1,0.6,0,0,0.1,1.1,0.3,0.9,96
105,30,1,4,2,0.9,0,0.2,0,1.8,0.9,1.7,175.8
106,30,1,6,2.9,1.4,0,0.2,0,2.7,1.3,2.6,263.7
126,30,1,1,0.6,0.4,0,0,0.1,0.6,0.2,0.6,50.6
10,31,1,11,6,2.8,0.4,0,0.4,6,2.5,5.7,550.4
12,31,1,2,1.1,0.5,0.1,0,0.1,1.1,0.5,1,100.1
17,31,1,1,0.5,0.3,0,0,0,0.5,0.2,0.5,50
23,31,1,3,1.8,1,0.1,0,0.1,1.8,0.9,1.3,161.7
35,31,1,2,1.6,1.3,0,0,0.1,1.6,0.9,1.6,128.6
47,31,1,2,1.2,0.5,0,0,0.2,1.2,0.5,1.1,131.8
51,31,1,2,1.3,0.7,0,0,0.1,1.3,0.2,1,130
56,31,1,1,0.6,0.3,0,0,0.1,0.6,0.1,0.5,65
82,31,1,4,2,0.9,0.3,0,0.3,2,0.5,1.7,171.3
89,31,1,1,0.6,0.3,0,0,0,0.6,0.2,0.4,48
93,31,1,5,2.8,1.5,0.1,0,0.2,2.8,0.9,2.2,240.1
94,31,1,1,0.6,0.3,0,0,0,0.6,0.2,0.4,48
7,32,1,1,0.6,0.4,0,0,0,0.6,0.2,0.4,57.4
9,32,1,1,0.5,0.3,0,0,0,0.5,0.2,0.5,50
10,32,1,12,6.6,3.1,0.4,0,0.4,6.6,2.7,6.2,600.4
23,32,1,4,2.3,1.3,0.1,0,0.1,2.3,1.2,1.7,215.6
38,32,1,1,0.6,0.3,0,0,0.1,0.6,0.3,0.5,65.9
83,32,1,1,0.5,0.2,0,0,0,0.5,0.2,0.4,47.5
84,32,1,20,10.4,3.5,0,0,0.9,10.4,3.5,8.7,949.6
85,32,1,2,1,0.3,0,0,0.1,1,0.3,0.9,95
93,32,1,1,0.6,0.3,0,0,0,0.6,0.2,0.4,48
94,32,1,2,1.1,0.6,0,0,0.1,1.1,0.3,0.9,96
0,33,1,6,3.7,2.3,0.2,0,0.2,3.7,1.4,2.5,344.5
6,33,1,3,1.9,1.1,0.1,0,0.1,1.9,0.7,1.2,172.2
10,33,1,2,1.1,0.5,0.1,0,0.1,1.1,0.5,1,100.1
74,33,1,3,1.4,0.7,0,0,0,1.4,0.3,1.2,155.9
83,33,1,8,3.9,1.9,0.6,0,0.6,3.9,0.9,3.3,342.5
84,33,1,5,2.4,1.2,0.3,0,0.3,2.4,0.6,2.1,214.1
85,33,1,1,0.5,0.2,0.1,0,0.1,0.5,0.1,0.4,42.8
93,33,1,1,0.6,0.3,0,0,0,0.6,0.2,0.4,48
41,34,1,2,1.2,0.5,0,0,0.2,1.2,0.5,1.1,131.8
94,34,1,3,1.7,0.9,0.1,0,0.1,1.7,0.5,1.3,144.1
102,34,1,3,1.5,0.7,0,0.1,0,1.4,0.6,1.3,131.9
113,34,1,1,0.6,0.2,0,0,0,0.6,0.2,0.5,57
119,34,1,4,2.5,1.6,0,0,0.2,2.5,0.6,2.3,202.4
7,35,1,2,1.2,0.8,0.1,0,0.1,1.2,0.5,0.8,114.8
36,35,1,3,2.4,1.9,0,0,0.2,2.4,1.3,2.4,192.9
44,35,1,1.5,0.9,0.4,0,0,0.2,0.9,0.4,0.8,98.8
53,35,1,2,1.3,0.7,0,0,0.1,1.3,0.2,1,130
68,35,1,3,1.4,0.7,0,0,0,1.4,0.3,1.2,155.9
70,35,1,4,1.9,0.9,0,0,0,1.9,0.3,1.6,207.8
78,35,1,6,2.9,1.4,0.4,0,0.4,2.9,0.7,2.5,256.9
79,35,1,2,1,0.5,0.1,0,0.1,1,0.2,0.8,85.6
92,35,1,3,1.7,0.9,0.1,0,0.1,1.7,0.5,1.3,144.1
95,35,1,1,0.6,0.3,0,0,0,0.6,0.2,0.4,48
104,35,1,1,0.5,0.2,0,0,0,0.5,0.2,0.4,44
113,35,1,10,5.8,2.3,0,0,0.4,5.8,1.5,5.4,570
114,35,1,1,0.6,0.2,0,0,0,0.6,0.2,0.5,57
119,35,1,1,0.6,0.4,0,0,0.1,0.6,0.2,0.6,50.6
2,36,1,3,1.9,1.1,0.1,0,0.1,1.9,0.7,1.2,172.2
3,36,1,4,2.5,1.5,0.1,0,0.1,2.5,1,1.7,229.7
27,36,1,1,0.6,0.3,0,0,0,0.6,0.3,0.4,53.9
28,36,1,2,1.6,1.3,0,0,0.1,1.6,0.9,1.6,128.6
40,36,1,1,0.6,0.3,0,0,0.1,0.6,0.3,0.5,65.9
60,36,1,2,1.3,0.7,0,0,0.1,1.3,0.2,1,130
61,36,1,2,1.3,0.7,0,0,0.1,1.3,0.2,1,130
62,36,1,6,3.8,2,0,0,0.4,3.8,0.7,3.1,390
63,36,1,6,3.8,2,0,0,0.4,3.8,0.7,3.1,390
69,36,1,1,0.5,0.2,0,0,0,0.5,0.1,0.4,52
70,36,1,2,1,0.4,0,0,0,1,0.2,0.8,103.9
78,36,1,6,2.9,1.4,0.4,0,0.4,2.9,0.7,2.5,256.9
79,36,1,2,1,0.5,0.1,0,0.1,1,0.2,0.8,85.6
91,36,1,8,4.5,2.5,0.2,0,0.3,4.5,1.4,3.5,384.2
95,36,1,7,3.9,2.2,0.1,0,0.3,3.9,1.2,3.1,336.1
104,36,1,3,1.5,0.7,0,0.1,0,1.4,0.6,1.3,131.9
108,36,1,4,2.3,0.9,0,0,0.2,2.3,0.6,2.2,228
113,36,1,6,3.5,1.4,0,0,0.2,3.5,0.9,3.2,342
122,36,1,4,2.5,1.6,0,0,0.2,2.5,0.6,2.3,202.4
2,37,1,2,1.2,0.8,0.1,0,0.1,1.2,0.5,0.8,114.8
4,37,1,1,0.6,0.4,0,0,0,0.6,0.2,0.4,57.4
39,37,1,4,2.4,1.1,0,0,0.4,2.4,1.1,2.2,263.6
40,37,1,1,0.6,0.3,0,0,0.1,0.6,0.3,0.5,65.9
42,37,1,2,1.2,0.5,0,0,0.2,1.2,0.5,1.1,131.8
62,37,1,2,1.3,0.7,0,0,0.1,1.3,0.2,1,130
78,37,1,1,0.5,0.2,0.1,0,0.1,0.5,0.1,0.4,42.8
79,37,1,2,1,0.5,0.1,0,0.1,1,0.2,0.8,85.6
92,37,1,1,0.6,0.3,0,0,0,0.6,0.2,0.4,48
106,37,1,7,3.4,1.6,0,0.3,0,3.1,1.5,3,307.7
107,37,1,4,2,0.9,0,0.2,0,1.8,0.9,1.7,175.8
40,38,0,30,21,14,0,3,1,18,5,16,2101
41,38,1,3,1.9,1.3,0,0.2,0,1.7,0.4,1.6,197.7
42,38,1,4,2.5,1.7,0,0.2,0,2.3,0.5,2.2,263.6
57,38,1,3,1.9,1,0,0.1,0.1,1.8,0.4,1.7,188.9
80,38,1,2,0.8,0.1,0,0,0.1,0.8,0.1,0.8,77.2
91,38,1,2,1,0.4,0.1,0,0.1,1,0.1,0.9,113.8
93,38,1,3,1.3,0.6,0.1,0,0.1,1.3,0.2,1.1,125.8
124,38,1,8,3.8,1.6,0,0.3,0.3,3.5,1.3,3.5,403.8
32,39,1,3,2.2,1.4,0,0,0,2.2,0,2,226.2
33,39,1,2,1.5,0.9,0,0,0,1.5,0,1.3,150.8
40,39,1,7,4.4,3,0,0.4,0,4,0.9,3.8,461.3
42,39,1,1,0.6,0.4,0,0,0,0.6,0.1,0.6,65.9
56,39,1,4,2.5,1.4,0,0.1,0.1,2.4,0.6,2.2,251.9
62,39,1,1,0.5,0.2,0,0.1,0,0.4,0.1,0.4,47.2
76,39,1,1,0.4,0.1,0,0,0,0.4,0.1,0.4,45.8
84,39,1,16,6.3,1.5,0.5,0,0.8,6.3,1.5,6.1,625.2
85,39,1,6,2.4,0.6,0.2,0,0.3,2.4,0.6,2.3,234.4
86,39,1,7,2.8,0.7,0.2,0,0.3,2.8,0.7,2.7,273.5
87,39,1,13,5.1,1.3,0.4,0,0.6,5.1,1.3,4.9,507.9
89,39,1,2,1,0.4,0.1,0,0.1,1,0.1,0.9,113.8
90,39,1,4,2,0.8,0.1,0,0.1,2,0.1,1.9,227.6
91,39,1,5,2.5,1,0.1,0,0.1,2.5,0.1,2.4,284.4
125,39,1,2,1,0.4,0,0.1,0.1,0.9,0.3,0.9,101
39,40,1,2,1.2,0.9,0,0.1,0,1.1,0.2,1.1,131.8
40,40,1,6,3.8,2.5,0,0.3,0,3.5,0.8,3.3,395.4
42,40,1,2,1.2,0.9,0,0.1,0,1.1,0.2,1.1,131.8
54,40,1,1,0.6,0.3,0,0,0,0.6,0.1,0.6,63
58,40,1,2,0.9,0.5,0,0.1,0,0.8,0.2,0.7,94.3
62,40,1,1,0.5,0.2,0,0.1,0,0.4,0.1,0.4,47.2
75,40,1,1,0.4,0.1,0,0,0,0.4,0.1,0.4,45.8
82,40,1,3.5,1.5,0.2,0.1,0,0.2,1.5,0.2,1.4,135
84,40,1,2,0.8,0.2,0.1,0,0.1,0.8,0.2,0.8,78.1
85,40,1,4,1.6,0.4,0.1,0,0.2,1.6,0.4,1.5,156.3
90,40,1,3,1.5,0.6,0.1,0,0.1,1.5,0.1,1.4,170.7
15,41,1,2,1.2,0.6,0.1,0,0.1,1.2,0.6,0.9,107.8
36,41,1,1,0.7,0.5,0,0,0,0.7,0,0.7,75.4
39,41,1,4,2.5,1.7,0,0.2,0,2.3,0.5,2.2,263.6
40,41,1,2,1.2,0.9,0,0.1,0,1.1,0.2,1.1,131.8
42,41,1,1,0.6,0.4,0,0,0,0.6,0.1,0.6,65.9
54,41,1,4,2.5,1.4,0,0.1,0.1,2.4,0.6,2.2,251.9
68,41,1,4,1.7,0.4,0,0,0.1,1.7,0.3,1.7,183.1
69,41,1,4,1.7,0.4,0,0,0.1,1.7,0.3,1.7,183.1
71,41,1,4,1.7,0.4,0,0,0.1,1.7,0.3,1.7,183.1
75,41,1,2,0.9,0.2,0,0,0.1,0.9,0.1,0.8,91.5
76,41,1,12,5.2,1.3,0,0,0.4,5.2,0.9,5,549.2
83,41,1,10,4,1,0.3,0,0.5,4,1,3.8,390.7
84,41,1,12,4.7,1.2,0.4,0,0.6,4.7,1.2,4.5,468.9
86,41,1,14,5.5,1.4,0.5,0,0.7,5.5,1.4,5.3,547
87,41,1,2,0.8,0.2,0.1,0,0.1,0.8,0.2,0.8,78.1
92,41,1,1,0.5,0.2,0,0,0,0.5,0,0.5,56.9
98,41,1,1,0.5,0.2,0,0,0,0.5,0.2,0.4,44
109,41,1,2,1.2,0.8,0,0,0.1,1.2,0.3,1.1,101.2
125,41,1,5,2.4,1,0,0.2,0.2,2.2,0.8,2.2,252.4
126,41,1,1,0.5,0.2,0,0,0,0.5,0.2,0.4,50.5
37,42,1,3,2.2,1.4,0,0,0,2.2,0,2,226.2
39,42,1,3,1.9,1.3,0,0.2,0,1.7,0.4,1.6,197.7
40,42,1,5,3.1,2.1,0,0.2,0,2.9,0.6,2.8,329.5
67,42,1,4,1.9,0.9,0.1,0.3,0.1,1.6,0.3,1.5,188.7
69,42,1,4,1.7,0.4,0,0,0.1,1.7,0.3,1.7,183.1
79,42,1,6,2.5,0.4,0.1,0,0.4,2.5,0.4,2.4,231.5
80,42,1,3,1.3,0.2,0.1,0,0.2,1.3,0.2,1.2,115.7
84,42,1,7,2.8,0.7,0.2,0,0.3,2.8,0.7,2.7,273.5
85,42,1,20,7.9,1.9,0.6,0,1,7.9,1.9,7.6,781.5
86,42,0,27,16,9,0,1,0,15,5,13,1234
87,42,1,11,4.3,1.1,0.4,0,0.5,4.3,1.1,4.2,429.8
88,42,1,12,6,2.3,0.3,0,0.3,6,0.3,5.7,682.7
90,42,1,4,2,0.8,0.1,0,0.1,2,0.1,1.9,227.6
91,42,1,2,1,0.4,0.1,0,0.1,1,0.1,0.9,113.8
92,42,1,1,0.5,0.2,0,0,0,0.5,0,0.5,56.9
96,42,1,1,0.4,0.2,0,0,0,0.4,0.1,0.4,41.9
125,42,1,3,1.4,0.6,0,0.1,0.1,1.3,0.5,1.3,151.4
126,42,1,6,2.9,1.2,0,0.3,0.2,2.6,1,2.6,302.9
7,43,1,5,2.4,0.9,0.2,0,0.2,2.4,0.4,2,278.9
8,43,1,1,0.6,0.3,0,0,0,0.6,0.3,0.4,53.9
9,43,1,4.5,2.6,1.4,0.1,0,0.1,2.6,1.3,1.9,242.5
10,43,1,5,2.9,1.6,0.1,0,0.1,2.9,1.5,2.1,269.5
13,43,1,3,1.8,1,0.1,0,0.1,1.8,0.9,1.3,161.7
40,43,1,1,0.6,0.3,0,0,0.1,0.6,0.1,0.6,54.6
65,43,1,7,3.3,1.6,0.1,0.5,0.1,2.8,0.5,2.5,330.2
66,43,1,12,5.6,2.7,0.2,0.9,0.2,4.7,0.9,4.4,566
67,43,1,1,0.5,0.2,0,0.1,0,0.4,0.1,0.4,47.2
71,43,1,2,0.8,0.3,0,0,0,0.8,0.1,0.7,88.2
72,43,1,4,1.6,0.6,0,0,0,1.6,0.1,1.5,176.4
73,43,1,3,1.3,0.3,0,0,0.1,1.3,0.2,1.3,137.3
84,43,1,14,7.6,2.7,0,0.3,0.6,7.3,1.5,6.7,773
85,43,0,51,30,15,0,6,0,24,10,17,2660
86,43,1,2,1.1,0.4,0,0,0.1,1.1,0.2,1,110.4
91,43,1,6,2.6,1.1,0.2,0,0.2,2.6,0.4,2.2,251.6
98,43,1,1,0.5,0.2,0,0,0,0.5,0.2,0.4,44
121,43,1,5,2.4,0.8,0,0,0.1,2.4,0.4,1.9,295.8
124,43,1,10,4.7,1.7,0,0,0.3,4.7,0.8,3.9,591.7
3,44,1,1,0.5,0.2,0,0,0,0.5,0.1,0.4,55.8
34,44,1,2,1.5,0.9,0,0,0,1.5,0,1.3,150.8
47,44,1,1,0.6,0.3,0,0,0.1,0.6,0.1,0.6,54.6
65,44,1,4,1.9,0.9,0.1,0.3,0.1,1.6,0.3,1.5,188.7
66,44,1,3,1.4,0.7,0,0.2,0,1.2,0.2,1.1,141.5
78,44,1,1.5,0.6,0.1,0,0,0.1,0.6,0.1,0.6,57.9
82,44,1,5,2.1,0.3,0.1,0,0.3,2.1,0.3,2,192.9
83,44,1,5,2.7,1,0,0.1,0.2,2.6,0.5,2.4,276.1
84,44,1,8,4.3,1.6,0,0.1,0.3,4.2,0.9,3.8,441.7
85,44,1,3,1.6,0.6,0,0.1,0.1,1.5,0.3,1.4,165.7
87,44,1,2,1.1,0.4,0,0,0.1,1.1,0.2,1,110.4
92,44,1,1,0.4,0.2,0,0,0,0.4,0.1,0.4,41.9
120,44,1,15,7.1,2.5,0,0,0.4,7.1,1.2,5.8,887.5
17,45,1,2,1.2,0.6,0.1,0,0.1,1.2,0.6,0.9,107.8
18,45,1,1,0.6,0.3,0,0,0,0.6,0.3,0.4,53.9
42,45,1,8,5,2.7,0,0,1.1,5,1.1,4.6,437
48,45,1,1,0.6,0.3,0,0,0,0.6,0.1,0.6,63
67,45,1,4,1.9,0.9,0.1,0.3,0.1,1.6,0.3,1.5,188.7
72,45,1,6,2.4,0.9,0,0,0,2.4,0.2,2.2,264.7
73,45,1,4,1.7,0.4,0,0,0.1,1.7,0.3,1.7,183.1
82,45,1,2,0.8,0.1,0,0,0.1,0.8,0.1,0.8,77.2
83,45,1,6,3.3,1.2,0,0.2,0.3,3.1,0.7,2.9,331.3
88,45,1,1,0.4,0.2,0,0,0,0.4,0.1,0.4,41.9
89,45,1,2,0.9,0.4,0.1,0,0.1,0.9,0.1,0.8,83.9
114,45,1,2,1.2,0.8,0,0,0.1,1.2,0.3,1.1,101.2
120,45,1,6,2.8,1,0,0,0.2,2.8,0.5,2.3,355
17,46,1,7,4.1,2.2,0.2,0,0.2,4.1,2.1,3,377.3
18,46,1,2,1.2,0.6,0.1,0,0.1,1.2,0.6,0.9,107.8
36,46,1,4,2.9,1.9,0,0,0,2.9,0,2.7,301.6
63,46,1,4,1.9,0.9,0.1,0.3,0.1,1.6,0.3,1.5,188.7
67,46,1,6,2.8,1.4,0.1,0.4,0.1,2.4,0.5,2.2,283
68,46,1,7,2.8,1,0,0,0,2.8,0.3,2.5,308.8
71,46,1,4.5,1.8,0.7,0,0,0,1.8,0.2,1.6,198.5
72,46,1,3,1.2,0.4,0,0,0,1.2,0.1,1.1,132.3
73,46,1,7,3.1,0.8,0,0,0.3,3.1,0.5,2.9,320.3
75,46,1,4,1.7,0.4,0,0,0.1,1.7,0.3,1.7,183.1
76,46,1,3,1.3,0.3,0,0,0.1,1.3,0.2,1.3,137.3
82,46,1,2,0.8,0.1,0,0,0.1,0.8,0.1,0.8,77.2
83,46,1,2,1.1,0.4,0,0,0.1,1.1,0.2,1,110.4
88,46,1,2,0.9,0.4,0.1,0,0.1,0.9,0.1,0.8,83.9
89,46,1,9,3.9,1.7,0.3,0,0.3,3.9,0.6,3.4,377.4
92,46,1,3,1.3,0.6,0.1,0,0.1,1.3,0.2,1.1,125.8
114,46,1,11,6.8,4.5,0,0,0.6,6.8,1.8,6.2,556.5
115,46,1,1,0.6,0.4,0,0,0.1,0.6,0.2,0.6,50.6
38,47,1,5,3.1,1.7,0,0,0.7,3.1,0.7,2.9,273.1
42,47,1,6,3.7,2,0,0,0.9,3.7,0.9,3.4,327.7
52,47,1,8,5,2.8,0,0.3,0.3,4.7,1.1,4.4,503.7
53,47,1,8,5,2.8,0,0.3,0.3,4.7,1.1,4.4,503.7
63,47,1,17,8,3.9,0.3,1.3,0.3,6.7,1.3,6.2,801.8
68,47,1,1,0.4,0.1,0,0,0,0.4,0,0.4,44.1
75,47,1,2,0.9,0.2,0,0,0.1,0.9,0.1,0.8,91.5
79,47,1,5,2.1,0.3,0.1,0,0.3,2.1,0.3,2,192.9
80,47,1,6,2.5,0.4,0.1,0,0.4,2.5,0.4,2.4,231.5
82,47,1,7,2.9,0.5,0.2,0,0.5,2.9,0.5,2.8,270.1
83,47,1,4,2.2,0.8,0,0.1,0.2,2.1,0.4,1.9,220.9
92,47,1,4,1.8,0.8,0.1,0,0.1,1.8,0.2,1.5,167.8
93,47,1,16,7.9,2.5,0,0,2,7.9,2,5.9,584.4
94,47,1,16.5,8.1,2.5,0,0,2,8.1,2,6.1,602.6
99,47,1,4,2,0.9,0,0.2,0,1.8,0.9,1.7,175.8
115,47,1,1,0.6,0.4,0,0,0.1,0.6,0.2,0.6,50.6
116,47,1,4,2.5,1.6,0,0,0.2,2.5,0.6,2.3,202.4
21,48,1,1,0.4,0.1,0,0,0,0.4,0,0.4,38.2
22,48,1,2,0.9,0.2,0.1,0,0.1,0.9,0,0.8,76.5
25,48,1,4,1.7,0.3,0.1,0,0.1,1.7,0,1.6,153
44,48,1,2,1.2,0.7,0,0,0.1,1.2,0.4,1,107.5
63,48,1,14,6.5,2,0,0,0.5,6.5,2,5,709.5
68,48,1,5,2.5,1.2,0.1,0,0.1,2.5,0.8,2.2,243.2
71,48,1,1,0.5,0.2,0,0,0,0.5,0.2,0.4,48.6
73,48,1,3,1.5,0.7,0.1,0,0.1,1.5,0.5,1.3,145.9
79,48,1,16,7.5,1.7,0,0,0.7,7.5,0.3,7.5,809.5
80,48,1,4,1.9,0.4,0,0,0.2,1.9,0.1,1.9,202.4
81,48,1,2,0.9,0.2,0,0,0.1,0.9,0,0.9,101.2
82,48,1,8,3.7,0.9,0,0,0.3,3.7,0.2,3.7,404.8
83,48,1,3,1,0.1,0,0,0,1,0,1,113.5
93,48,1,3,1.8,0.9,0,0,0.3,1.8,0.4,1.4,151.8
94,48,1,3,1.8,0.9,0,0,0.3,1.8,0.4,1.4,151.8
98,48,1,4,1.9,0.8,0.1,0,0.1,1.9,0.1,1.4,196.4
99,48,1,5,2.4,0.9,0.1,0,0.1,2.4,0.1,1.8,245.5
120,48,1,1,0.5,0.2,0,0,0,0.5,0.1,0.5,52.5
6,49,1,6,3.4,1.5,0,0.1,0.3,3.3,0.3,3.2,407.1
68,49,1,4,2,0.9,0.1,0,0.1,2,0.6,1.8,194.5
69,49,1,1,0.5,0.2,0,0,0,0.5,0.2,0.4,48.6
70,49,1,3,1.5,0.7,0.1,0,0.1,1.5,0.5,1.3,145.9
79,49,1,3,1.4,0.3,0,0,0.1,1.4,0.1,1.4,151.8
80,49,1,4,1.9,0.4,0,0,0.2,1.9,0.1,1.9,202.4
81,49,1,6,2.8,0.6,0,0,0.3,2.8,0.1,2.8,303.6
119,49,1,2,1,0.3,0,0,0.1,1,0.3,1,105
120,49,1,3,1.4,0.5,0.1,0,0.1,1.4,0.4,1.4,157.6
127,49,1,3,1.4,0.5,0.1,0,0.1,1.4,0.4,1.4,157.6
28,50,1,4,2.5,1.3,0,0,0.2,2.5,0.7,1.9,215
29,50,1,4,2.5,1.3,0,0,0.2,2.5,0.7,1.9,215
60,50,1,2,1.1,0.5,0,0,0.1,1.1,0.1,1,97.7
61,50,1,7,4,1.8,0,0,0.3,4,0.3,3.7,342.1
62,50,1,5,2.8,1.3,0,0,0.2,2.8,0.2,2.6,244.3
74,50,1,5,2.5,1.2,0.1,0,0.1,2.5,0.8,2.2,243.2
75,50,1,5,2.5,1.2,0.1,0,0.1,2.5,0.8,2.2,243.2
81,50,1,2,0.9,0.2,0,0,0.1,0.9,0,0.9,101.2
84,50,1,3,1,0.1,0,0,0,1,0,1,113.5
85,50,1,4,1.3,0.1,0,0,0,1.3,0,1.3,151.4
115,50,1,1,0.5,0.2,0,0,0,0.5,0.1,0.5,52.5
0,51,1,1,0.6,0.3,0,0,0,0.6,0,0.5,67.9
34,51,1,2,1.2,0.7,0,0,0.1,1.2,0.4,1,107.5
35,51,1,1,0.6,0.3,0,0,0.1,0.6,0.2,0.5,53.7
61,51,1,9,5.1,2.3,0,0,0.4,5.1,0.4,4.7,439.8
74,51,1,2,1,0.5,0.1,0,0.1,1,0.3,0.9,97.3
84,51,1,7,2.3,0.2,0,0,0,2.3,0,2.3,264.9
85,51,1,2,0.6,0.1,0,0,0,0.6,0,0.6,75.7
93,51,1,2,1.2,0.6,0,0,0.2,1.2,0.3,0.9,101.2
115,51,1,10,4.8,1.7,0.2,0,0.4,4.8,1.3,4.8,525.2
32,52,1,1,0.6,0.3,0,0,0.1,0.6,0.2,0.5,53.7
43,52,1,1,0.6,0.3,0,0,0.1,0.6,0.2,0.5,53.7
52,52,1,2,1.1,0.5,0,0,0.3,1.1,0.4,1,98.2
68,52,1,4,2,0.9,0.1,0,0.1,2,0.6,1.8,194.5
69,52,1,5,2.5,1.2,0.1,0,0.1,2.5,0.8,2.2,243.2
79,52,1,2,0.9,0.2,0,0,0.1,0.9,0,0.9,101.2
93,52,1,2,1.2,0.6,0,0,0.2,1.2,0.3,0.9,101.2
106,52,1,4,1.9,0.8,0.1,0,0.1,1.9,0.1,1.4,196.4
107,52,1,4,1.9,0.8,0.1,0,0.1,1.9,0.1,1.4,196.4
117,52,1,1,0.5,0.2,0,0,0,0.5,0.1,0.5,52.5
118,52,1,4,1.9,0.7,0.1,0,0.2,1.9,0.5,1.9,210.1
43,53,1,1,0.6,0.3,0,0,0.1,0.6,0.2,0.5,53.7
44,53,1,1,0.6,0.3,0,0,0.1,0.6,0.2,0.5,53.7
52,53,1,1,0.6,0.2,0,0,0.1,0.6,0.2,0.5,49.1
57,53,1,1,0.7,0.4,0,0.1,0,0.6,0.2,0.6,71.4
68,53,1,1,0.6,0.3,0,0,0,0.6,0,0.5,55.1
69,53,1,5,2.9,1.4,0,0,0,2.9,0.2,2.4,275.3
74,53,1,8,3.4,0.9,0.2,0,0.4,3.4,0.3,3,342
82,53,1,3,1.6,0.6,0,0.1,0.2,1.5,0.3,1.5,147.2
90,53,1,2,1.2,0.6,0,0,0.2,1.2,0.3,0.9,101.2
93,53,1,8.5,5.2,2.6,0,0,0.9,5.2,1.2,4,430.2
94,53,1,5,3.1,1.5,0,0,0.5,3.1,0.7,2.4,253.1
106,53,1,6,2.9,1.1,0.2,0,0.2,2.9,0.2,2.1,294.6
107,53,1,7,3.4,1.3,0.2,0,0.2,3.4,0.2,2.5,343.8
35,54,1,2,1.2,0.7,0,0,0.1,1.2,0.4,1,107.5
44,54,1,1,0.6,0.3,0,0,0.1,0.6,0.2,0.5,53.7
53,54,1,4,2.6,1.8,0.2,0.2,0.2,2.4,1,2.2,285.6
54,54,1,11,7.2,5,0.6,0.6,0.6,6.6,2.8,6.1,785.4
68,54,1,2,1.2,0.5,0,0,0,1.2,0.1,1,110.1
74,54,1,16,6.9,1.8,0.4,0,0.8,6.9,0.6,6,683.9
75,54,1,17,7.3,1.9,0.4,0,0.8,7.3,0.7,6.3,726.7
76,54,1,5,2.1,0.6,0.1,0,0.2,2.1,0.2,1.9,213.7
78,54,1,2,1.1,0.4,0,0.1,0.1,1,0.2,1,98.1
79,54,1,1,0.5,0.2,0,0,0.1,0.5,0.1,0.5,49.1
90,54,1,2,1.2,0.6,0,0,0.2,1.2,0.3,0.9,101.2
93,54,1,2,1.2,0.6,0,0,0.2,1.2,0.3,0.9,101.2
107,54,1,5,2.4,0.9,0.1,0,0.1,2.4,0.1,1.8,245.5
15,55,1,2,0.9,0.3,0.1,0,0.1,0.9,0.3,0.8,93.3
23,55,1,5,2.2,0.4,0.1,0,0.1,2.2,0,2,191.2
24,55,1,8,3.5,0.6,0.2,0,0.2,3.5,0,3.2,305.9
28,55,1,1,0.6,0.3,0,0,0.1,0.6,0.2,0.5,53.7
29,55,1,2,1.2,0.7,0,0,0.1,1.2,0.4,1,107.5
32,55,1,2,1.2,0.7,0,0,0.1,1.2,0.4,1,107.5
36,55,1,1,0.6,0.3,0,0,0.1,0.6,0.2,0.5,53.7
51,55,1,1,0.6,0.2,0,0,0.1,0.6,0.2,0.5,49.1
53,55,1,2,1.3,0.9,0.1,0.1,0.1,1.2,0.5,1.1,142.8
58,55,1,3,1.4,0.4,0,0,0.1,1.4,0.4,1.1,152
69,55,1,3,1.7,0.8,0,0,0,1.7,0.1,1.5,165.2
70,55,1,4,2.3,1.1,0,0,0,2.3,0.1,1.9,220.2
71,55,1,2,1.2,0.5,0,0,0,1.2,0.1,1,110.1
73,55,1,8,3.4,0.9,0.2,0,0.4,3.4,0.3,3,342
74,55,1,5,2.1,0.6,0.1,0,0.2,2.1,0.2,1.9,213.7
75,55,1,10,4.3,1.1,0.2,0,0.5,4.3,0.4,3.7,427.4
76,55,1,8,3.4,0.9,0.2,0,0.4,3.4,0.3,3,342
77,55,1,21,9,2.4,0.5,0,1,9,0.9,7.8,897.6
78,55,1,15,7.9,3.1,0,0.4,0.9,7.5,1.3,7.5,735.9
85,55,1,2,0.6,0.1,0,0,0,0.6,0,0.6,75.7
86,55,1,4,1.3,0.1,0,0,0,1.3,0,1.3,151.4
87,55,1,4,1.3,0.1,0,0,0,1.3,0,1.3,151.4
117,55,1,1,0.5,0.2,0,0,0,0.5,0.1,0.5,52.5
15,56,1,1,0.4,0.2,0.1,0,0,0.4,0.2,0.4,46.6
20,56,1,4,1.7,0.3,0.1,0,0.1,1.7,0,1.6,153
21,56,1,2,0.9,0.2,0.1,0,0.1,0.9,0,0.8,76.5
23,56,1,3,1.3,0.2,0.1,0,0.1,1.3,0,1.2,114.7
24,56,1,8,3.5,0.6,0.2,0,0.2,3.5,0,3.2,305.9
28,56,1,1,0.6,0.3,0,0,0.1,0.6,0.2,0.5,53.7
29,56,1,2,1.2,0.7,0,0,0.1,1.2,0.4,1,107.5
51,56,1,6,3.4,1.4,0,0,0.9,3.4,1.1,3.1,294.6
52,56,1,1,0.6,0.2,0,0,0.1,0.6,0.2,0.5,49.1
54,56,1,1,0.7,0.4,0,0.1,0,0.6,0.2,0.6,71.4
60,56,1,2,0.9,0.3,0,0,0.1,0.9,0.3,0.7,101.4
71,56,1,6,3.5,1.6,0,0,0,3.5,0.2,2.9,330.4
72,56,1,5,2.9,1.4,0,0,0,2.9,0.2,2.4,275.3
74,56,1,4,1.7,0.5,0.1,0,0.2,1.7,0.2,1.5,171
75,56,1,2,0.9,0.2,0,0,0.1,0.9,0.1,0.7,85.5
76,56,1,14,6,1.6,0.3,0,0.7,6,0.6,5.2,598.4
77,56,0,35,17,6,0,0,1,17,0,15,1642
78,56,1,7,3.7,1.4,0,0.2,0.4,3.5,0.6,3.5,343.4
86,56,1,8,2.6,0.2,0,0,0,2.6,0,2.6,302.7
107,56,1,2,1,0.4,0.1,0,0.1,1,0.1,0.7,98.2
35,57,1,2,1.2,0.7,0,0,0.1,1.2,0.4,1,107.5
37,57,1,1,0.6,0.3,0,0,0.1,0.6,0.2,0.5,53.7
46,57,1,1,0.6,0.3,0,0,0.1,0.6,0.2,0.5,53.7
47,57,1,6,3.7,2,0,0,0.3,3.7,1.1,2.9,322.5
48,57,1,2,1.1,0.5,0,0,0.3,1.1,0.4,1,98.2
49,57,1,1,0.6,0.2,0,0,0.1,0.6,0.2,0.5,49.1
50,57,1,1,0.6,0.2,0,0,0.1,0.6,0.2,0.5,49.1
51,57,1,4,2.3,1,0,0,0.6,2.3,0.8,2.1,196.4
52,57,1,2,1.1,0.5,0,0,0.3,1.1,0.4,1,98.2
57,57,1,1,0.7,0.4,0,0.1,0,0.6,0.2,0.6,71.4
58,57,1,3,1.4,0.4,0,0,0.1,1.4,0.4,1.1,152
59,57,1,6,2.8,0.9,0,0,0.2,2.8,0.9,2.1,304.1
70,57,1,3,1.7,0.8,0,0,0,1.7,0.1,1.5,165.2
71,57,1,1,0.6,0.3,0,0,0,0.6,0,0.5,55.1
72,57,1,1,0.6,0.3,0,0,0,0.6,0,0.5,55.1
74,57,1,5.5,2.4,0.6,0.1,0,0.3,2.4,0.2,2,235.1
75,57,0,28,13,4,1,6,0,7,2,11,1322
76,57,0,75,34,14,3,11,5,23,13,11,2616
77,57,0,27,13,4,0,0,1,13,0,12,1226
78,57,1,6,3.2,1.2,0,0.2,0.4,3,0.5,3,294.4
108,57,1,3,1.4,0.5,0.1,0,0.1,1.4,0.4,1.4,157.6
109,57,1,1,0.5,0.2,0,0,0,0.5,0.1,0.5,52.5
122,57,1,5,2.4,0.9,0.1,0,0.2,2.4,0.7,2.4,262.6
3,58,1,1,0.6,0.3,0,0,0,0.6,0,0.5,67.9
31,58,1,1,0.5,0.2,0,0,0,0.5,0.2,0.4,47
46,58,1,3,1.4,0.3,0,0,0.2,1.4,0.5,1.1,118.9
47,58,1,1,0.5,0.1,0,0,0.1,0.5,0.2,0.4,39.6
50,58,1,5,2.7,1.6,0.3,0.1,0,2.6,1.6,2.1,222.4
51,58,1,1,0.5,0.3,0.1,0,0,0.5,0.3,0.4,44.5
56,58,1,1,0.5,0.3,0.1,0,0,0.5,0.3,0.4,44.5
57,58,1,2,1.1,0.6,0.1,0.1,0,1,0.6,0.8,89
59,58,1,2,0.9,0.3,0.1,0,0.1,0.9,0.4,0.6,87.7
70,58,1,16,7.9,3.4,0.4,0,0.9,7.9,1.1,7.3,820.3
71,58,1,4,2,0.9,0.1,0,0.2,2,0.3,1.8,205.1
74,58,1,6,3,1,0.2,0.3,0.1,2.7,0.4,2.2,325.3
75,58,0,33.5,22,13,0,3,3,19,5,14,1820
76,58,0,67,30,12,1,18,3,12,10,10,2621
77,58,1,5,2.5,0.9,0.1,0.2,0.1,2.3,0.3,1.8,271.1
92,58,1,7,3.5,1.7,0.2,0.4,0.6,3.1,0.7,2.6,304.1
109,58,1,7.5,3.8,0.7,0,0,0,3.8,0.3,3.5,347.1
121,58,1,3,1.4,0.5,0.1,0,0.1,1.4,0.4,1.4,157.6
122,58,1,2,1,0.3,0,0,0.1,1,0.3,1,105
7,59,1,2,1.1,0.5,0,0,0.1,1.1,0.1,1.1,135.7
19,59,1,5,2.2,0.8,0.3,0,0.1,2.2,0.8,2,233.2
30,59,1,1,0.5,0.2,0,0,0,0.5,0.2,0.4,47
34,59,1,7,3.8,1.4,0,0.7,0.4,3.1,2,2.9,296.3
70,59,1,2,1,0.4,0.1,0,0.1,1,0.1,0.9,102.5
71,59,1,5,2.5,1.1,0.1,0,0.3,2.5,0.3,2.3,256.3
72,59,1,1,0.5,0.2,0,0,0.1,0.5,0.1,0.5,51.3
75,59,0,70,35,14,1,7,1,28,9,26,3169
76,59,0,50,23,9,0,8,1,15,7,17,3293
77,59,1,20.5,10.1,3.5,0.6,0.9,0.4,9.2,1.3,7.5,1111.4
78,59,1,4,1.6,0.8,0.2,0,0,1.6,0.1,1.4,163.8
79,59,1,3,1.2,0.6,0.1,0,0,1.2,0.1,1.1,122.9
86,59,1,1,0.4,0.2,0,0,0,0.4,0,0.4,41
92,59,1,4,2,0.9,0.1,0.2,0.3,1.8,0.4,1.5,173.8
93,59,1,7,3.5,1.7,0.2,0.4,0.6,3.1,0.7,2.6,304.1
19,60,1,1,0.4,0.2,0.1,0,0,0.4,0.2,0.4,46.6
28,60,1,2,1,0.3,0,0,0.1,1,0.3,0.9,94
29,60,1,5,2.4,0.9,0,0,0.2,2.4,0.9,2.2,235
33,60,1,22.5,12.1,4.6,0,2.3,1.2,9.8,6.3,9.2,952.5
34,60,1,2,1.1,0.4,0,0.2,0.1,0.9,0.6,0.8,84.7
70,60,1,4,2,0.9,0.1,0,0.2,2,0.3,1.8,205.1
71,60,1,17,8.4,3.6,0.5,0,0.9,8.4,1.1,7.7,871.5
72,60,1,12,5.9,2.6,0.3,0,0.6,5.9,0.8,5.4,615.2
75,60,1,24,11.8,4.1,0.6,1.1,0.4,10.7,1.5,8.8,1301.2
76,60,0,120,67,40,4,27,7,40,20,34,6128
77,60,0,33,18,9,0,3,2,15,3,11,1907
92,60,1,9,4.5,2.1,0.2,0.5,0.7,4,0.9,3.3,391
93,60,1,3,1.5,0.7,0.1,0.2,0.2,1.3,0.3,1.1,130.3
97,60,1,3,1.5,0.7,0.1,0.2,0.2,1.3,0.3,1.1,130.3
98,60,1,13,7.3,2.8,0,0,1,7.3,1.4,5.9,677.4
106,60,1,1,0.6,0.2,0,0,0.1,0.6,0.1,0.5,52.1
25,61,1,3,1.3,0.5,0.2,0,0.1,1.3,0.5,1.2,139.9
27,61,1,2,0.9,0.3,0.1,0,0.1,0.9,0.3,0.8,93.3
28,61,1,7,3.4,1.2,0,0,0.2,3.4,1.2,3.1,329
33,61,1,4.5,2.4,0.9,0,0.4,0.2,2,1.3,1.8,190.5
34,61,1,2,1.1,0.4,0,0.2,0.1,0.9,0.6,0.8,84.7
72,61,1,1,0.5,0.2,0,0,0.1,0.5,0.1,0.5,51.3
74,61,1,5.5,2.7,0.9,0.1,0.2,0.1,2.5,0.3,2,298.2
75,61,1,13,6.4,2.2,0.3,0.6,0.2,5.8,0.8,4.8,704.8
76,61,0,33,16,6,0,3,1,13,6,8,1815
77,61,0,42.5,27,14,0,1,4,26,5,20,2524
78,61,1,5,2,1,0.2,0,0,2,0.2,1.8,204.8
86,61,1,5,2,1,0.2,0,0,2,0.2,1.8,204.8
87,61,1,11,4.4,2.1,0.5,0,0,4.4,0.4,3.9,450.5
88,61,1,4,2,0.9,0.1,0.2,0.3,1.8,0.4,1.5,173.8
120,61,1,1,0.5,0.2,0,0,0,0.5,0.1,0.5,52.5
26,62,1,6,2.6,0.9,0.3,0,0.2,2.6,0.9,2.4,279.8
36,62,1,1,0.5,0.2,0,0.1,0.1,0.4,0.3,0.4,42.3
38,62,1,3,1.4,0.3,0,0,0.2,1.4,0.5,1.1,118.9
39,62,1,7,3.3,0.8,0,0,0.5,3.3,1.2,2.6,277.5
40,62,1,3,1.4,0.3,0,0,0.2,1.4,0.5,1.1,118.9
49,62,1,8,4.4,2.6,0.5,0.3,0,4.1,2.6,3.4,355.9
53,62,1,1,0.5,0.3,0.1,0,0,0.5,0.3,0.4,44.5
58,62,1,2,0.9,0.3,0.1,0,0.1,0.9,0.4,0.6,87.7
67,62,1,5,2.3,0.7,0.2,0,0.2,2.3,0.9,1.6,219.3
73,62,1,1,0.5,0.2,0,0,0,0.5,0.1,0.4,54.2
74,62,1,2,1,0.3,0.1,0.1,0,0.9,0.1,0.7,108.4
75,62,1,5,2.5,0.9,0.1,0.2,0.1,2.3,0.3,1.8,271.1
76,62,1,21.5,10.6,3.7,0.6,1,0.4,9.6,1.3,7.9,1165.6
77,62,1,8,3.9,1.4,0.2,0.3,0.1,3.6,0.5,2.9,433.7
78,62,1,1,0.4,0.2,0,0,0,0.4,0,0.4,41
84,62,1,1,0.4,0.2,0,0,0,0.4,0,0.4,41
87,62,1,5,2,1,0.2,0,0,2,0.2,1.8,204.8
88,62,1,1,0.5,0.2,0,0.1,0.1,0.4,0.1,0.4,43.4
118,62,1,3,1.4,0.5,0.1,0,0.1,1.4,0.4,1.4,157.6
120,62,1,2,1,0.3,0,0,0.1,1,0.3,1,105
9,63,1,1,0.4,0.2,0.1,0,0,0.4,0.2,0.4,46.6
10,63,1,2,0.9,0.3,0.1,0,0.1,0.9,0.3,0.8,93.3
21,63,1,6,2.6,0.9,0.3,0,0.2,2.6,0.9,2.4,279.8
39,63,1,4,1.9,0.4,0,0,0.3,1.9,0.7,1.5,158.6
40,63,1,2,0.9,0.2,0,0,0.1,0.9,0.4,0.8,79.3
49,63,1,7,3.8,2.3,0.5,0.2,0,3.6,2.3,2.9,311.4
52,63,1,1,0.5,0.3,0.1,0,0,0.5,0.3,0.4,44.5
53,63,1,2,1.1,0.6,0.1,0.1,0,1,0.6,0.8,89
72,63,1,1,0.5,0.2,0,0,0.1,0.5,0.1,0.5,51.3
76,63,1,23,11.5,4.2,0,1.7,0.8,9.8,1.4,8.7,1052.1
77,63,1,19,9.5,3.5,0,1.4,0.7,8.1,1.2,7.2,869.1
78,63,1,6,2.7,1.1,0.2,0,0,2.7,0.8,2.5,314.3
79,63,1,4,1.8,0.8,0.1,0,0,1.8,0.5,1.7,209.5
93,63,1,5,1.9,0.6,0.2,0,0.2,1.9,0.6,1.3,225.1
94,63,1,9,3.5,1.1,0.4,0,0.4,3.5,1.1,2.4,405.1
98,63,1,6.5,3.6,1.4,0,0,0.5,3.6,0.7,2.9,338.7
99,63,1,3,1.7,0.6,0,0,0.2,1.7,0.3,1.4,156.3
112,63,1,5,2.6,0.5,0,0,0,2.6,0.2,2.3,231.4
113,63,1,3,1.5,0.3,0,0,0,1.5,0.1,1.4,138.8
5,64,1,2,1.1,0.5,0,0,0.1,1.1,0.1,1.1,135.7
31,64,1,6,2.9,1,0,0,0.2,2.9,1,2.7,282
40,64,1,2,0.9,0.2,0,0,0.1,0.9,0.4,0.8,79.3
51,64,1,2,1.1,0.6,0.1,0.1,0,1,0.6,0.8,89
58,64,1,5,2.3,0.7,0.2,0,0.2,2.3,0.9,1.6,219.3
62,64,1,3,1.4,0.4,0.1,0,0.1,1.4,0.5,1,131.6
63,64,1,17,6.4,1.6,1.1,0,1.1,6.4,1.6,6.4,592.9
65,64,1,7,2.6,0.7,0.4,0,0.4,2.6,0.7,2.6,244.1
71,64,1,9,4.4,1.9,0.2,0,0.5,4.4,0.6,4.1,461.4
72,64,1,3,1.5,0.6,0.1,0,0.2,1.5,0.2,1.4,153.8
76,64,0,21.5,12,5,0,4,1,8,0,5,1075
77,64,1,9,4.5,1.6,0,0.7,0.3,3.8,0.5,3.4,411.7
78,64,0,36,24,14,0,3,0,21,3,18,1933
94,64,1,14,5.4,1.7,0.6,0,0.6,5.4,1.7,3.7,630.1
95,64,1,3.5,1.3,0.4,0.1,0,0.1,1.3,0.4,0.9,157.5
99,64,1,1,0.6,0.2,0,0,0.1,0.6,0.1,0.5,52.1
112,64,1,4,2,0.4,0,0,0,2,0.2,1.9,185.1
5,65,1,2,1.1,0.5,0,0,0.1,1.1,0.1,1.1,135.7
6,65,1,7,4,1.8,0,0.1,0.3,3.9,0.3,3.7,475
7,65,1,2,1.1,0.5,0,0,0.1,1.1,0.1,1.1,135.7
38,65,1,2,0.9,0.2,0,0,0.1,0.9,0.4,0.8,79.3
39,65,1,6,2.8,0.7,0,0,0.4,2.8,1.1,2.3,237.9
52,65,1,1,0.5,0.3,0.1,0,0,0.5,0.3,0.4,44.5
59,65,1,2,0.9,0.3,0.1,0,0.1,0.9,0.4,0.6,87.7
63,65,1,1,0.4,0.1,0.1,0,0.1,0.4,0.1,0.4,34.9
64,65,1,5,1.9,0.5,0.3,0,0.3,1.9,0.5,1.9,174.4
76,65,0,26.5,17,10,0,1,4,16,10,12,1376
77,65,0,72,37,16,1,5,7,32,7,25,3272
78,65,1,5,2.2,1,0.2,0,0,2.2,0.6,2.1,261.9
83,65,1,10,4,1.9,0.5,0,0,4,0.3,3.5,409.5
84,65,1,2,0.8,0.4,0.1,0,0,0.8,0.1,0.7,81.9
93,65,1,3,1.2,0.4,0.1,0,0.1,1.2,0.4,0.8,135
94,65,1,3,1.2,0.4,0.1,0,0.1,1.2,0.4,0.8,135
105,65,1,3,1.7,0.6,0,0,0.2,1.7,0.3,1.4,156.3
20,66,1,2,0.9,0.3,0.1,0,0.1,0.9,0.3,0.8,93.3
38,66,1,5,2.3,0.6,0,0,0.3,2.3,0.9,1.9,198.2
40,66,1,4,1.9,0.4,0,0,0.3,1.9,0.7,1.5,158.6
42,66,1,3,1.4,0.3,0,0,0.2,1.4,0.5,1.1,118.9
58,66,1,2,0.9,0.3,0.1,0,0.1,0.9,0.4,0.6,87.7
63,66,1,2,0.8,0.2,0.1,0,0.1,0.8,0.2,0.8,69.8
74,66,1,6,3,1.1,0,0.4,0.2,2.6,0.4,2.3,274.5
75,66,1,7,3.5,1.3,0,0.5,0.3,3,0.4,2.6,320.2
76,66,1,4,2,0.7,0,0.3,0.1,1.7,0.2,1.5,183
77,66,1,14,7,2.6,0,1,0.5,6,0.9,5.3,640.4
78,66,1,6.5,2.9,1.2,0.2,0,0,2.9,0.8,2.7,340.5
82,66,1,1,0.4,0.2,0,0,0,0.4,0.1,0.4,52.4
83,66,1,2,0.8,0.4,0.1,0,0,0.8,0.1,0.7,81.9
92,66,1,2,0.9,0.1,0,0,0.1,0.9,0.2,0.8,90.9
94,66,1,5,1.9,0.6,0.2,0,0.2,1.9,0.6,1.3,225.1
102,66,1,10,5.6,2.1,0,0,0.8,5.6,1.1,4.5,521.1
10,67,1,2,0.9,0.3,0.1,0,0.1,0.9,0.3,0.8,93.3
11,67,1,6.5,2.8,1,0.3,0,0.2,2.8,1,2.6,303.1
34,67,1,5,2.4,0.9,0,0,0.2,2.4,0.9,2.2,235
36,67,1,2,1,0.3,0,0,0.1,1,0.3,0.9,94
61,67,1,7,3.2,1,0.2,0,0.2,3.2,1.2,2.2,307
80,67,1,8,3.6,1.5,0.3,0,0,3.6,1,3.3,419
82,67,1,1,0.4,0.2,0,0,0,0.4,0.1,0.4,52.4
83,67,1,8,3.2,1.5,0.4,0,0,3.2,0.3,2.8,327.6
86,67,1,4,1.6,0.8,0.2,0,0,1.6,0.1,1.4,163.8
90,67,1,2,0.9,0.1,0,0,0.1,0.9,0.2,0.8,90.9
91,67,1,11,5,0.7,0,0,0.3,5,1,4.7,500
92,67,1,18,8.2,1.1,0,0,0.5,8.2,1.6,7.6,818.2
93,67,1,2,0.8,0.2,0.1,0,0.1,0.8,0.2,0.5,90
94,67,1,5,1.9,0.6,0.2,0,0.2,1.9,0.6,1.3,225.1
111,67,1,2,1,0.2,0,0,0,1,0.1,0.9,92.6
10,68,1,2,0.8,0.3,0.1,0,0.1,0.8,0.2,0.7,86.6
27,68,1,1,0.7,0.4,0,0,0,0.7,0.1,0.6,62.8
35,68,1,4,2,0.8,0,0,0.1,2,0.5,1.7,186.6
43,68,1,4,2.4,1.3,0,0,0,2.4,0.9,2.2,285.3
47,68,1,2,1.2,0.7,0,0,0,1.2,0.4,1.1,142.7
49,68,1,4,1.9,0.7,0.1,0.2,0.2,1.7,0.8,1.5,204.2
52,68,1,5,2.4,0.9,0.1,0.3,0.2,2.1,1,1.9,255.2
57,68,1,8,3.2,1.3,0.8,0,0.3,3.2,0.3,2.9,324.5
58,68,1,2,0.9,0.3,0.1,0,0,0.9,0.1,0.8,96
59,68,1,2,0.9,0.3,0.1,0,0,0.9,0.1,0.8,96
62,68,1,1,0.5,0.2,0,0,0,0.5,0.1,0.4,48
63,68,1,3,1.4,0.5,0.1,0.1,0,1.3,0.2,1.1,144
76,68,1,5,2.2,0.7,0.3,0,0.1,2.2,0.4,2,212.3
80,68,1,2,1.1,0.4,0,0,0.1,1.1,0.3,0.9,123.4
82,68,1,2,1.1,0.4,0,0,0.1,1.1,0.3,0.9,123.4
84,68,1,1,0.5,0.2,0,0,0,0.5,0.2,0.4,55.9
91,68,1,12,4.5,0.3,0.3,0,0.9,4.5,0.6,3.6,495
92,68,1,18,6.8,0.4,0.4,0,1.4,6.8,0.9,5.4,742.5
93,68,1,5,2.4,1,0,0.2,0.3,2.2,0.3,1.9,255.9
94,68,1,3,1.5,0.6,0,0.1,0.2,1.4,0.2,1.1,153.5
111,68,1,5,2.7,1.2,0,0.1,0,2.6,0.6,2.6,246.1
41,69,1,1,0.6,0.3,0,0,0,0.6,0.2,0.6,71.3
47,69,1,3,1.8,1,0,0,0,1.8,0.7,1.7,214
48,69,1,4,1.9,0.7,0.1,0.2,0.2,1.7,0.8,1.5,204.2
58,69,1,1,0.5,0.2,0,0,0,0.5,0.1,0.4,48
67,69,1,6,2.7,1,0.3,0.1,0,2.6,0.4,2.3,288
75,69,1,10,4.4,1.4,0.6,0,0.2,4.4,0.8,4,424.6
76,69,1,1,0.4,0.1,0.1,0,0,0.4,0.1,0.4,42.5
77,69,1,5,2.2,0.7,0.3,0,0.1,2.2,0.4,2,212.3
81,69,1,15,8.4,3.3,0,0,0.5,8.4,2.3,7,925.8
82,69,1,3,1.7,0.7,0,0,0.1,1.7,0.5,1.4,185.2
92,69,1,2,0.8,0,0,0,0.2,0.8,0.1,0.6,82.5
40,70,1,1,0.6,0.3,0,0,0,0.6,0.2,0.6,71.3
43,70,1,2,1.2,0.7,0,0,0,1.2,0.4,1.1,142.7
76,70,1,4,1.8,0.6,0.2,0,0.1,1.8,0.3,1.6,169.8
81,70,1,5,2.8,1.1,0,0,0.2,2.8,0.8,2.3,308.6
82,70,1,3,1.7,0.7,0,0,0.1,1.7,0.5,1.4,185.2
91,70,1,2,0.8,0,0,0,0.2,0.8,0.1,0.6,82.5
21,71,1,3,2,1.3,0,0,0.1,2,0.4,1.9,188.3
30,71,1,3,1.5,0.6,0,0,0.1,1.5,0.4,1.3,140
44,71,1,1,0.6,0.3,0,0,0,0.6,0.2,0.6,71.3
56,71,1,2,0.8,0.3,0.2,0,0.1,0.8,0.1,0.7,81.1
57,71,1,8,3.2,1.3,0.8,0,0.3,3.2,0.3,2.9,324.5
66,71,1,1,0.5,0.2,0,0,0,0.5,0.1,0.4,48
77,71,1,3,1.3,0.4,0.2,0,0.1,1.3,0.2,1.2,127.4
95,71,1,9,4.4,1.7,0,0.4,0.6,4,0.6,3.4,460.5
96,71,1,6,2.9,1.1,0,0.2,0.4,2.7,0.4,2.3,307
106,71,1,2,0.9,0.3,0.1,0.1,0.1,0.8,0,0.8,94.9
107,71,1,3,1.3,0.4,0.1,0.1,0.2,1.2,0.1,1.2,142.4
108,71,1,2,1.1,0.5,0,0.1,0,1,0.2,1,98.4
4,72,1,2,0.9,0.3,0.1,0,0.1,0.9,0.1,0.8,89.2
20,72,1,1,0.7,0.4,0,0,0,0.7,0.1,0.6,62.8
21,72,1,1,0.7,0.4,0,0,0,0.7,0.1,0.6,62.8
25,72,1,1,0.7,0.4,0,0,0,0.7,0.1,0.6,62.8
27,72,1,2,1.3,0.9,0,0,0.1,1.3,0.3,1.2,125.5
28,72,1,1,0.5,0.2,0,0,0,0.5,0.1,0.4,46.7
29,72,1,1,0.5,0.2,0,0,0,0.5,0.1,0.4,46.7
42,72,1,3,1.8,1,0,0,0,1.8,0.7,1.7,214
44,72,1,1,0.6,0.3,0,0,0,0.6,0.2,0.6,71.3
56,72,1,2,0.8,0.3,0.2,0,0.1,0.8,0.1,0.7,81.1
57,72,1,10,4,1.7,1,0,0.3,4,0.3,3.7,405.7
59,72,1,2,0.9,0.3,0.1,0,0,0.9,0.1,0.8,96
70,72,1,2,0.9,0.3,0.1,0,0,0.9,0.2,0.8,84.9
75,72,1,2,0.9,0.3,0.1,0,0,0.9,0.2,0.8,84.9
76,72,1,7,3.1,1,0.4,0,0.1,3.1,0.6,2.8,297.2
77,72,1,4,1.8,0.6,0.2,0,0.1,1.8,0.3,1.6,169.8
82,72,1,2,1.1,0.4,0,0,0.1,1.1,0.3,0.9,123.4
95,72,1,6,2.9,1.1,0,0.2,0.4,2.7,0.4,2.3,307
96,72,1,14,6.9,2.7,0,0.6,0.9,6.3,0.9,5.4,716.4
97,72,1,4,2,0.8,0,0.2,0.3,1.8,0.3,1.5,204.7
101,72,1,4,1.8,0.6,0.2,0.2,0.2,1.6,0.1,1.6,189.8
107,72,1,2,0.9,0.3,0.1,0.1,0.1,0.8,0,0.8,94.9
2,73,1,9,4,1.6,0.3,0,0.3,4,0.6,3.4,401.6
3,73,1,17,8.8,2.9,0.6,0,0,8.8,2.9,6.4,755.6
28,73,1,2,1,0.4,0,0,0.1,1,0.3,0.9,93.3
57,73,1,1,0.5,0.2,0,0.1,0,0.4,0.2,0.4,51.1
60,73,1,6,3.5,1.6,0,0,0.5,3.5,0.9,3.5,308.5
76,73,1,14,6.5,2.6,0.4,0,0.2,6.5,0.6,5,623.1
77,73,1,1,0.5,0.2,0,0,0,0.5,0,0.4,44.5
83,73,1,6,3.1,1.4,0,0,0,3.1,1.2,2.6,335.3
95,73,1,2,1,0.4,0.1,0,0.1,1,0.2,0.8,106
96,73,1,14,6.6,3.1,0.7,0,0.7,6.6,1.8,5.2,741.6
97,73,0,22,11,5,1,1,0,10,1,8,1141
98,73,1,9,3.9,1.3,0.4,0.4,0.6,3.5,0.2,3.6,427.1
101,73,1,1,0.4,0.1,0,0,0.1,0.4,0,0.4,47.5
115,73,1,4,2.2,1,0,0.1,0,2.1,0.5,2.1,196.8
116,73,1,1,0.5,0.2,0,0,0,0.5,0.1,0.5,49.2
2,74,1,2,0.9,0.3,0.1,0,0.1,0.9,0.1,0.8,89.2
3,74,1,8,4.1,1.4,0.3,0,0,4.1,1.4,3,355.6
22,74,1,3,2,1.3,0,0,0.1,2,0.4,1.9,188.3
31,74,1,2,1,0.4,0,0,0.1,1,0.3,0.9,93.3
32,74,1,6,3,1.2,0.1,0,0.2,3,0.8,2.6,279.9
55,74,1,4,1.9,0.7,0.1,0.2,0.2,1.7,0.8,1.5,204.2
75,74,1,1,0.5,0.2,0,0,0,0.5,0,0.4,44.5
76,74,1,17,7.8,3.1,0.5,0,0.3,7.8,0.8,6,756.6
96,74,1,1,0.5,0.2,0,0,0,0.5,0.1,0.4,53
97,74,1,6,2.9,1.3,0.3,0,0.3,2.9,0.8,2.2,317.8
98,74,1,5,2.2,0.7,0.2,0.2,0.3,2,0.1,2,237.3
114,74,1,3,1.6,0.7,0,0.1,0,1.5,0.4,1.5,147.6
115,74,1,1,0.5,0.2,0,0,0,0.5,0.1,0.5,49.2
22,75,1,1,0.7,0.4,0,0,0,0.7,0.1,0.6,62.8
31,75,1,2,1,0.4,0,0,0.1,1,0.3,0.9,93.3
32,75,1,2,1,0.4,0,0,0.1,1,0.3,0.9,93.3
57,75,1,3,1.4,0.5,0.1,0.1,0.1,1.3,0.6,1.1,153.2
61,75,1,3,1.7,0.8,0,0,0.2,1.7,0.5,1.7,154.3
62,75,1,11,6.3,3,0,0,0.8,6.3,1.7,6.3,565.7
63,75,1,3,1.4,0.5,0.1,0.1,0,1.3,0.2,1.1,144
64,75,1,1,0.5,0.2,0,0,0,0.5,0.1,0.4,48
65,75,1,4,1.8,0.7,0.2,0.1,0,1.7,0.3,1.5,192
67,75,1,5,2.3,0.8,0.2,0.1,0,2.2,0.4,1.9,240
68,75,1,7,3.1,1,0.4,0,0.1,3.1,0.6,2.8,297.2
76,75,0,33,18,7,0,0,1,18,2,17,1390
77,75,1,1,0.5,0.2,0,0,0,0.5,0,0.4,44.5
86,75,1,2,1,0.5,0,0,0,1,0.4,0.9,111.8
87,75,1,2,1,0.5,0,0,0,1,0.4,0.9,111.8
88,75,1,6,2.2,0.1,0.1,0,0.4,2.2,0.3,1.8,247.5
2,76,1,9,4,1.6,0.3,0,0.3,4,0.6,3.4,401.6
3,76,1,2,1,0.3,0.1,0,0,1,0.3,0.8,88.9
17,76,1,4,1.6,0.6,0.2,0,0.2,1.6,0.3,1.3,173.2
20,76,1,1,0.7,0.4,0,0,0,0.7,0.1,0.6,62.8
31,76,1,23,11.4,4.5,0.3,0,0.9,11.4,3.1,9.9,1073
32,76,1,7,3.5,1.4,0.1,0,0.3,3.5,1,3,326.6
48,76,1,2,1,0.4,0,0.1,0.1,0.9,0.4,0.8,102.1
57,76,1,2,1,0.4,0,0.1,0.1,0.9,0.4,0.8,102.1
62,76,1,6,3.5,1.6,0,0,0.5,3.5,0.9,3.5,308.5
63,76,1,8,3.6,1.3,0.4,0.2,0,3.4,0.6,3,384
64,76,1,3,1.4,0.5,0.1,0.1,0,1.3,0.2,1.1,144
76,76,1,10,4.6,1.8,0.3,0,0.2,4.6,0.5,3.5,445.1
77,76,1,16,7.4,3,0.5,0,0.2,7.4,0.7,5.7,712.1
78,76,1,2,1,0.5,0,0,0,1,0.4,0.9,111.8
83,76,1,5,2.6,1.2,0,0,0,2.6,1,2.2,279.4
87,76,1,2,1,0.5,0,0,0,1,0.4,0.9,111.8
97,76,1,17,8.1,3.8,0.8,0,0.8,8.1,2.1,6.4,900.6
98,76,1,2,0.9,0.3,0.1,0.1,0.1,0.8,0,0.8,94.9
107,76,1,1,0.4,0.1,0,0,0.1,0.4,0,0.4,47.5
5,77,1,2,1,0.3,0.1,0,0,1,0.3,0.8,88.9
21,77,1,6,4,2.6,0,0,0.3,4,0.9,3.7,376.6
22,77,1,1,0.7,0.4,0,0,0,0.7,0.1,0.6,62.8
29,77,1,1,0.5,0.2,0,0,0,0.5,0.1,0.4,46.7
30,77,1,12,5.9,2.4,0.1,0,0.4,5.9,1.6,5.2,559.9
31,77,1,6,3,1.2,0.1,0,0.2,3,0.8,2.6,279.9
32,77,1,9,4.4,1.8,0.1,0,0.3,4.4,1.2,3.9,419.9
48,77,1,2,1,0.4,0,0.1,0.1,0.9,0.4,0.8,102.1
54,77,1,5,2.4,0.9,0.1,0.3,0.2,2.1,1,1.9,255.2
57,77,1,8,3.8,1.4,0.2,0.4,0.4,3.4,1.6,3,408.4
77,77,1,5,2.3,0.9,0.2,0,0.1,2.3,0.2,1.8,222.5
78,77,1,5,2.6,1.2,0,0,0,2.6,1,2.2,279.4
102,77,1,4,1.8,0.6,0.2,0.2,0.2,1.6,0.1,1.6,189.8
103,77,1,13,5.7,1.9,0.5,0.5,0.8,5.2,0.3,5.1,617
107,77,1,2,0.9,0.3,0.1,0.1,0.1,0.8,0,0.8,94.9
7,78,1,1,0.6,0.3,0,0,0.1,0.6,0.2,0.6,54.3
13,78,1,1,0.4,0.2,0,0,0,0.4,0.1,0.3,43.3
14,78,1,4,1.6,0.6,0.2,0,0.2,1.6,0.3,1.3,173.2
15,78,1,1,0.4,0.2,0,0,0,0.4,0.1,0.3,43.3
51,78,1,3,1.5,0.5,0,0,0.3,1.5,0.3,1.3,172
57,78,1,4,2,0.7,0,0,0.4,2,0.4,1.8,229.3
72,78,1,5,2.8,1.4,0,0,0.3,2.8,0.6,2.6,266
107,78,1,3,1.8,1.2,0.2,0,0.3,1.8,0.5,1.7,162.8
4,79,1,2,1.2,0.7,0,0,0.2,1.2,0.4,1.2,108.6
16,79,1,1,0.4,0.2,0,0,0,0.4,0.1,0.3,43.3
41,79,1,1,0.6,0.3,0,0.1,0.1,0.5,0.2,0.4,41.8
50,79,1,1,0.5,0.2,0,0,0.1,0.5,0.1,0.4,57.3
51,79,1,3,1.5,0.5,0,0,0.3,1.5,0.3,1.3,172
67,79,1,2,1,0.4,0,0,0.2,1,0.2,0.9,114.7
68,79,1,1,0.6,0.3,0,0,0.1,0.6,0.1,0.5,53.2
72,79,1,16,9,4.5,0,0,0.8,9,2.1,8.2,851.3
73,79,1,4,1.7,0.5,0.1,0,0.1,1.7,0.3,1.7,183.1
94,79,1,8,3.6,1.6,0.3,0.1,0.4,3.5,0.9,3.4,365.7
95,79,1,7,3.1,1.4,0.2,0.1,0.4,3,0.8,3,319.9
96,79,1,14,6.2,2.7,0.5,0.1,0.8,6.1,1.5,5.9,639.9
97,79,1,2,0.9,0.4,0.1,0,0.1,0.9,0.2,0.8,91.4
107,79,1,2,1.2,0.8,0.1,0,0.2,1.2,0.3,1.1,108.6
118,79,1,1,0.5,0.2,0,0,0,0.5,0.1,0.5,49.2
0,80,1,3,1.8,1,0,0,0.2,1.8,0.6,1.8,162.9
3,80,1,2,1.2,0.7,0,0,0.2,1.2,0.4,1.2,108.6
4,80,1,2,1.2,0.7,0,0,0.2,1.2,0.4,1.2,108.6
12,80,1,4,1.6,0.6,0.2,0,0.2,1.6,0.3,1.3,173.2
14,80,1,8,3.3,1.3,0.3,0,0.3,3.3,0.6,2.7,346.4
30,80,1,3,1.6,0.6,0.1,0,0,1.6,0.3,1.3,173.6
31,80,1,2,1.1,0.4,0,0,0,1.1,0.2,0.8,115.7
36,80,1,6,3.2,1.3,0.1,0,0,3.2,0.7,2.5,347.2
40,80,1,1,0.6,0.3,0,0.1,0.1,0.5,0.2,0.4,41.8
41,80,1,2,1.1,0.6,0,0.1,0.1,1,0.3,0.8,83.7
42,80,1,4,2.2,1.2,0,0.1,0.3,2.1,0.7,1.7,167.3
43,80,1,1,0.6,0.3,0,0.1,0.1,0.5,0.2,0.4,41.8
46,80,1,2,1.1,0.6,0,0.1,0.1,1,0.3,0.8,83.7
69,80,1,2,1.1,0.6,0,0,0.1,1.1,0.3,1,106.4
71,80,1,1,0.6,0.3,0,0,0.1,0.6,0.1,0.5,53.2
72,80,1,1,0.6,0.3,0,0,0.1,0.6,0.1,0.5,53.2
84,80,1,7,3.4,1.6,0.1,0,0,3.4,0.8,3,335.6
85,80,1,14,6.8,3.1,0.2,0,0,6.8,1.7,6,671.3
86,80,1,1,0.5,0.2,0,0,0,0.5,0.1,0.4,47.9
95,80,1,16,7.1,3.1,0.5,0.2,0.9,6.9,1.7,6.8,731.3
96,80,0,22,11,4,0,3,5,8,2,4,982
113,80,1,1,0.5,0.2,0,0,0,0.5,0,0.4,49.8
114,80,1,5,2.6,1.2,0,0,0,2.6,0.1,2.2,248.8
115,80,1,6,3.2,1.5,0,0,0,3.2,0.2,2.7,298.5
119,80,1,2,1.1,0.5,0,0.1,0,1,0.2,1,98.4
18,81,1,2,0.8,0.3,0.1,0,0.1,0.8,0.2,0.7,86.6
19,81,1,2,0.8,0.3,0.1,0,0.1,0.8,0.2,0.7,86.6
29,81,1,2,1.1,0.4,0,0,0,1.1,0.2,0.8,115.7
30,81,1,2,1.1,0.4,0,0,0,1.1,0.2,0.8,115.7
36,81,1,1,0.5,0.2,0,0,0,0.5,0.1,0.4,57.9
84,81,1,4,1.9,0.9,0.1,0,0,1.9,0.5,1.7,191.8
85,81,1,20,9.7,4.5,0.3,0,0,9.7,2.4,8.6,959
94,81,1,5,2.2,1,0.2,0,0.3,2.2,0.5,2.1,228.5
95,81,1,10,4.5,2,0.3,0.1,0.5,4.4,1.1,4.2,457.1
96,81,1,12,5.3,2.3,0.4,0.1,0.7,5.2,1.3,5.1,548.5
97,81,1,1,0.4,0.2,0,0,0.1,0.4,0.1,0.4,45.7
106,81,1,1,0.6,0.4,0.1,0,0.1,0.6,0.2,0.6,54.3
112,81,1,11,5.8,2.8,0,0,0,5.8,0.3,4.9,547.2
125,81,1,4,2.2,1,0,0.1,0,2.1,0.5,2.1,196.8
18,82,1,7,2.9,1.1,0.3,0,0.3,2.9,0.5,2.3,303.1
22,82,1,4,1.6,0.6,0.2,0,0.2,1.6,0.3,1.3,173.2
47,82,1,1,0.6,0.3,0,0.1,0.1,0.5,0.2,0.4,41.8
48,82,1,3,1.5,0.5,0,0,0.3,1.5,0.3,1.3,172
53,82,1,1,0.5,0.2,0,0,0.1,0.5,0.1,0.4,57.3
67,82,1,2,1,0.4,0,0,0.2,1,0.2,0.9,114.7
68,82,1,9,5.1,2.5,0,0,0.5,5.1,1.2,4.6,478.8
69,82,1,4,2.3,1.1,0,0,0.2,2.3,0.5,2.1,212.8
85,82,1,12,5.8,2.7,0.2,0,0,5.8,1.4,5.2,575.4
93,82,1,2,0.9,0.4,0.1,0,0.1,0.9,0.2,0.8,91.4
94,82,1,11,4.9,2.2,0.4,0.1,0.6,4.8,1.2,4.7,502.8
95,82,1,4,1.8,0.8,0.1,0.1,0.2,1.7,0.4,1.7,182.8
119,82,1,2,1.1,0.5,0,0.1,0,1,0.2,1,98.4
125,82,1,2,1.1,0.5,0,0.1,0,1,0.2,1,98.4
37,83,1,4,2.1,0.8,0.1,0,0,2.1,0.5,1.7,231.4
40,83,1,4,2.3,1,0,0,0.1,2.3,0.9,2.1,231.8
41,83,1,11,6.4,2.7,0,0,0.3,6.4,2.4,5.9,637.5
42,83,1,2,1.2,0.5,0,0,0,1.2,0.4,1.1,115.9
43,83,1,2,1.1,0.6,0,0.1,0.1,1,0.3,0.8,83.7
53,83,1,5,2.5,0.9,0,0,0.5,2.5,0.5,2.2,286.6
55,83,1,1,0.5,0.2,0,0,0.1,0.5,0.1,0.4,57.3
68,83,1,10,4.3,1.3,0.3,0.2,0.2,4.1,0.8,4.2,457.7
85,83,1,2,1,0.4,0,0.1,0,0.9,0.1,0.9,88.2
95,83,1,7,2.9,0.7,0.1,0,0.3,2.9,0.4,2.6,304.6
106,83,1,2,1.2,0.8,0.1,0,0.2,1.2,0.3,1.1,108.6
4,84,1,1,0.6,0.3,0,0,0.1,0.6,0.2,0.6,54.3
28,84,1,2,1.1,0.4,0,0,0,1.1,0.2,0.8,115.7
33,84,1,3,1.6,0.6,0.1,0,0,1.6,0.3,1.3,173.6
41,84,1,9,5.3,2.2,0,0,0.2,5.3,2,4.8,521.6
42,84,0,31,22,14,0,0,2,22,7,14,1996
43,84,1,13,7.2,4,0,0.5,0.9,6.7,2.2,5.4,543.8
59,84,1,4,2,0.7,0,0,0.4,2,0.4,1.8,229.3
60,84,1,2,1,0.4,0,0,0.2,1,0.2,0.9,114.7
70,84,1,2,0.9,0.3,0.1,0,0,0.9,0.2,0.8,91.5
84,84,1,1,0.5,0.2,0,0,0,0.5,0,0.5,44.1
95,84,1,5.5,2.3,0.5,0.1,0,0.3,2.3,0.4,2,239.4
103,84,1,1,0.6,0.4,0.1,0,0.1,0.6,0.2,0.6,54.3
104,84,1,1,0.6,0.4,0.1,0,0.1,0.6,0.2,0.6,54.3
106,84,1,2,1.2,0.8,0.1,0,0.2,1.2,0.3,1.1,108.6
107,84,1,1,0.6,0.4,0.1,0,0.1,0.6,0.2,0.6,54.3
116,84,1,1,0.5,0.2,0,0,0,0.5,0,0.4,49.8
119,84,1,2,1.1,0.5,0,0.1,0,1,0.2,1,98.4
27,85,1,2,0.8,0.3,0.1,0,0.1,0.8,0.2,0.7,86.6
28,85,1,5,2.7,1,0.1,0,0,2.7,0.6,2.1,289.3
31,85,1,5,2.7,1,0.1,0,0,2.7,0.6,2.1,289.3
40,85,1,1,0.6,0.2,0,0,0,0.6,0.2,0.5,58
41,85,1,4,2.3,1,0,0,0.1,2.3,0.9,2.1,231.8
42,85,1,10,5.9,2.4,0,0,0.2,5.9,2.2,5.4,579.5
43,85,1,2,1.1,0.6,0,0.1,0.1,1,0.3,0.8,83.7
48,85,1,1,0.5,0.2,0,0,0.1,0.5,0.1,0.4,57.3
49,85,1,2,1,0.4,0,0,0.2,1,0.2,0.9,114.7
53,85,1,5,2.5,0.9,0,0,0.5,2.5,0.5,2.2,286.6
71,85,1,1,0.4,0.1,0,0,0,0.4,0.1,0.4,45.8
78,85,1,1,0.5,0.2,0,0,0,0.5,0,0.5,44.1
83,85,1,6,3,1.2,0,0.2,0,2.8,0.2,2.8,264.5
88,85,1,2,0.8,0.2,0,0,0.1,0.8,0.1,0.7,87
89,85,1,7,2.9,0.7,0.1,0,0.3,2.9,0.4,2.6,304.6
95,85,1,2,0.8,0.2,0,0,0.1,0.8,0.1,0.7,87
96,85,1,6,2.5,0.6,0.1,0,0.3,2.5,0.4,2.2,261.1
119,85,1,4,2.2,1,0,0.1,0,2.1,0.5,2.1,196.8
15,86,1,8,3.3,1.3,0.3,0,0.3,3.3,0.6,2.7,346.4
30,86,1,2,1.1,0.4,0,0,0,1.1,0.2,0.8,115.7
75,86,1,10,4.3,1.3,0.3,0.2,0.2,4.1,0.8,4.2,457.7
76,86,1,19,8.2,2.5,0.6,0.3,0.3,7.9,1.6,7.9,869.6
77,86,1,4,1.7,0.5,0.1,0,0.1,1.7,0.3,1.7,183.1
78,86,1,3,1.5,0.6,0,0.1,0,1.4,0.1,1.4,132.2
82,86,1,2,1,0.4,0,0.1,0,0.9,0.1,0.9,88.2
83,86,1,9,4.5,1.9,0,0.4,0,4.1,0.4,4.1,396.8
94,86,1,1,0.4,0.1,0,0,0,0.4,0.1,0.4,43.5
95,86,1,12,5,1.2,0.2,0,0.6,5,0.8,4.4,522.2
110,86,1,7,3.7,1.8,0,0,0,3.7,0.2,3.1,348.2
116,86,1,3,1.6,0.8,0,0,0,1.6,0.1,1.3,149.2
13,87,1,1,0.4,0.2,0,0,0,0.4,0.1,0.3,43.3
30,87,1,2,1.1,0.4,0,0,0,1.1,0.2,0.8,115.7
33,87,1,4,2.1,0.8,0.1,0,0,2.1,0.5,1.7,231.4
56,87,1,1,0.5,0.2,0,0,0.1,0.5,0.1,0.4,57.3
76,87,1,10,4.3,1.3,0.3,0.2,0.2,4.1,0.8,4.2,457.7
95,87,0,27,12,6,2,3,1,9,3,8,850
96,87,1,20,8.3,1.9,0.3,0,1,8.3,1.3,7.4,870.4
104,87,1,5,3.1,1.9,0.3,0,0.6,3.1,0.8,2.8,271.4
116,87,1,2,1.1,0.5,0,0,0,1.1,0.1,0.9,99.5
10,88,1,3,1.3,0.5,0.2,0.1,0.1,1.2,0.3,1.1,147.8
21,88,1,3,1.9,1.2,0.1,0.1,0.1,1.8,0.6,1.8,174.9
48,88,1,2,1,0.4,0.1,0,0.1,1,0.4,0.9,101.9
49,88,1,2,1,0.4,0.1,0,0.1,1,0.4,0.9,101.9
55,88,1,1,0.5,0.2,0,0,0.1,0.5,0.2,0.4,50.9
60,88,1,5,3.7,2.3,0,0,0,3.7,1.7,3.3,392.3
65,88,1,2,0.8,0.2,0.1,0.1,0,0.7,0.1,0.6,83.1
66,88,1,4,1.5,0.4,0.2,0.1,0.1,1.4,0.2,1.2,166.2
76,88,1,5.5,2.5,0.7,0,0,0.4,2.5,0.4,2.3,246.5
95,88,1,9,4.6,1.8,0,0,0,4.6,0.4,4.2,470
96,88,1,2,1,0.4,0,0,0,1,0.1,0.9,104.4
103,88,1,6,3.4,1.1,0,0,0,3.4,0.6,3,300.4
5,89,1,2,1.1,0.7,0,0,0,1.1,0.5,0.5,101.6
9,89,1,3,1.3,0.5,0.2,0.1,0.1,1.2,0.3,1.1,147.8
10,89,1,1,0.4,0.2,0.1,0,0,0.4,0.1,0.4,49.3
21,89,1,2,1.3,0.8,0.1,0.1,0.1,1.2,0.4,1.2,116.6
22,89,1,5,3.1,2,0.1,0.1,0.1,3,1,3,291.4
55,89,1,1,0.5,0.2,0,0,0.1,0.5,0.2,0.4,50.9
65,89,1,4,1.5,0.4,0.2,0.1,0.1,1.4,0.2,1.2,166.2
66,89,1,10,3.8,1,0.5,0.3,0.2,3.5,0.5,3,415.5
76,89,1,4,1.8,0.5,0,0,0.3,1.8,0.3,1.7,179.3
103,89,1,7,3.9,1.3,0,0,0,3.9,0.7,3.5,350.4
104,89,1,2,1.1,0.4,0,0,0,1.1,0.2,1,100.1
110,89,1,7,3.4,1.8,0.5,0,0.2,3.4,0.5,2.9,303
111,89,1,18,8.7,4.6,1.2,0,0.6,8.7,1.2,7.5,779.2
112,89,1,6,2.9,1.5,0.4,0,0.2,2.9,0.4,2.5,259.7
118,89,1,7,3.7,1.3,0,0,0,3.7,0.3,3.7,402
119,89,1,1,0.5,0.2,0,0,0,0.5,0,0.5,57.4
120,89,1,2,1,0.4,0,0,0,1,0.1,1,114.9
121,89,1,4,2.1,0.8,0,0,0,2.1,0.2,2.1,229.7
5,90,1,2,1.1,0.7,0,0,0,1.1,0.5,0.5,101.6
6,90,1,5.5,3.1,1.9,0,0,0,3.1,1.2,1.5,279.4
7,90,1,1,0.6,0.3,0,0,0,0.6,0.2,0.3,50.8
8,90,1,2,0.9,0.4,0.1,0.1,0.1,0.8,0.2,0.7,98.5
9,90,1,1,0.4,0.2,0.1,0,0,0.4,0.1,0.4,49.3
55,90,1,5,2.5,1,0.2,0,0.3,2.5,1,2.2,254.7
65,90,1,12,4.5,1.2,0.6,0.3,0.3,4.2,0.6,3.6,498.6
66,90,1,6,2.2,0.6,0.3,0.1,0.1,2.1,0.3,1.8,249.3
115,90,1,8,3.3,1,0.3,0,0.3,3.3,0.3,2.6,333.6
118,90,1,4,2.1,0.8,0,0,0,2.1,0.2,2.1,229.7
120,90,1,1,0.5,0.2,0,0,0,0.5,0,0.5,57.4
6,91,0,18,12,6,0,1,0,11,0,11,1464
7,91,0,57,30,13,0,3,4,27,7,24,3217
8,91,1,16,7.1,2.8,0.9,0.5,0.5,6.6,1.4,5.6,788.2
9,91,1,6,2.6,1.1,0.4,0.2,0.2,2.4,0.5,2.1,295.6
18,91,1,1,0.6,0.4,0,0,0,0.6,0.2,0.6,58.3
66,91,1,2,0.8,0.2,0.1,0.1,0,0.7,0.1,0.6,83.1
79,91,1,12,5.5,1.7,0.2,0,0.6,5.5,0.8,5.1,615.6
119,91,1,2,1,0.4,0,0,0,1,0.1,1,114.9
4,92,1,2,1.1,0.7,0,0,0,1.1,0.5,0.5,101.6
5,92,1,14,7.9,4.8,0,0,0,7.9,3.2,3.7,711.1
6,92,0,65,34,18,3,11,1,23,9,20,3021
7,92,0,42,21,9,1,4,2,17,4,14,1875
8,92,1,2,0.9,0.4,0.1,0.1,0.1,0.8,0.2,0.7,98.5
18,92,1,1,0.6,0.4,0,0,0,0.6,0.2,0.6,58.3
19,92,1,2,1.3,0.8,0.1,0.1,0.1,1.2,0.4,1.2,116.6
36,92,1,1,0.7,0.4,0,0,0,0.7,0.2,0.6,68.4
37,92,1,10,6.7,4.3,0,0,0,6.7,1.9,6.2,684.3
38,92,1,1,0.6,0.2,0,0,0,0.6,0.1,0.6,46
50,92,1,1,0.5,0.2,0,0,0.1,0.5,0.2,0.4,50.9
73,92,1,1,0.5,0.1,0,0,0.1,0.5,0.1,0.4,44.8
79,92,1,6,2.8,0.9,0.1,0,0.3,2.8,0.4,2.6,307.8
80,92,1,4,1.8,0.6,0.1,0,0.2,1.8,0.3,1.7,205.2
91,92,1,1,0.5,0.2,0,0,0,0.5,0,0.5,52.2
92,92,1,4,2,0.8,0,0,0,2,0.2,1.9,208.9
93,92,1,2,1,0.4,0,0,0,1,0.1,0.9,104.4
94,92,1,15,7.7,3,0,0,0,7.7,0.7,7,783.3
100,92,1,1,0.6,0.2,0,0,0,0.6,0.1,0.5,50.1
4,93,1,3,1.6,0.8,0,0,0.3,1.6,0.3,1.5,220
5,93,1,2,1.1,0.5,0,0,0.2,1.1,0.2,1,146.7
7,93,1,6,3.3,1.5,0,0,0.6,3.3,0.6,3,440.1
8,93,1,7,3.9,2.2,0.3,0.5,0.6,3.4,0.8,3.4,423.1
24,93,1,1,0.6,0.4,0,0,0,0.6,0.2,0.6,58.3
37,93,1,1,0.7,0.4,0,0,0,0.7,0.2,0.6,68.4
73,93,1,1,0.5,0.1,0,0,0.1,0.5,0.1,0.4,44.8
76,93,1,2,0.9,0.3,0,0,0.2,0.9,0.2,0.9,89.7
77,93,1,4,1.8,0.5,0,0,0.3,1.8,0.3,1.7,179.3
78,93,1,3,1.5,0.7,0.1,0.3,0.2,1.2,0.2,1.1,151.6
79,93,1,1,0.5,0.2,0,0.1,0.1,0.4,0.1,0.4,50.5
80,93,1,2,1,0.5,0,0.2,0.1,0.8,0.1,0.7,101
84,93,1,2,0.9,0.3,0,0,0.1,0.9,0.1,0.9,102.6
85,93,1,2,0.9,0.3,0,0,0.1,0.9,0.1,0.9,102.6
87,93,1,4,1.8,0.6,0.1,0,0.2,1.8,0.3,1.7,205.2
88,93,1,4,2,0.8,0,0,0,2,0.2,1.9,208.9
92,93,1,1,0.5,0.2,0,0,0,0.5,0,0.5,52.2
93,93,1,6,3.1,1.2,0,0,0.3,3.1,0.3,2.5,305.1
94,93,0,29,16,10,1,0,1,16,4,13,1650
95,93,1,3,1.5,0.6,0,0,0.2,1.5,0.2,1.2,152.5
101,93,1,10,5.6,1.9,0,0,0,5.6,0.9,5,500.6
110,93,1,4,1.7,0.5,0.2,0,0.2,1.7,0.2,1.3,166.8
119,93,1,1,0.7,0.4,0,0,0,0.7,0.1,0.6,57.7
4,94,1,3,1.6,0.8,0,0,0.3,1.6,0.3,1.5,220
5,94,1,6,3.3,1.5,0,0,0.6,3.3,0.6,3,440.1
8,94,1,4,2.2,1.3,0.2,0.3,0.3,1.9,0.5,1.9,241.8
10,94,1,8,4.5,2.6,0.3,0.7,0.6,3.8,1,3.8,483.5
58,94,1,1,0.7,0.5,0,0,0,0.7,0.3,0.7,78.5
60,94,1,1,0.7,0.5,0,0,0,0.7,0.3,0.7,78.5
77,94,1,19,8.6,2.5,0,0,1.5,8.6,1.5,8.1,851.7
78,94,1,9,4.5,2,0.2,0.9,0.6,3.6,0.6,3.3,454.7
79,94,1,9,4.5,2,0.2,0.9,0.6,3.6,0.6,3.3,454.7
83,94,1,2,0.9,0.3,0,0,0.1,0.9,0.1,0.9,102.6
85,94,1,10,4.6,1.4,0.2,0,0.5,4.6,0.6,4.3,513
86,94,1,1,0.5,0.1,0,0,0,0.5,0.1,0.4,51.3
92,94,1,3,1.5,0.6,0,0,0,1.5,0.1,1.4,156.7
93,94,1,5,2.6,1,0,0,0.3,2.6,0.3,2.1,254.2
94,94,1,12,6.2,2.5,0,0,0.6,6.2,0.6,4.9,610.2
110,94,1,4,1.7,0.5,0.2,0,0.2,1.7,0.2,1.3,166.8
111,94,1,1,0.4,0.1,0,0,0,0.4,0,0.3,41.7
118,94,1,10,6.8,4.2,0,0,0.3,6.8,1.4,5.6,577.5
10,95,1,1,0.6,0.3,0,0.1,0.1,0.5,0.1,0.5,60.4
33,95,1,5,3.3,2.1,0,0,0,3.3,1,3.1,342.1
59,95,1,1,0.7,0.5,0,0,0,0.7,0.3,0.7,78.5
77,95,1,1,0.5,0.1,0,0,0.1,0.5,0.1,0.4,44.8
78,95,1,6,3,1.4,0.1,0.6,0.4,2.4,0.4,2.2,303.1
79,95,1,13.5,6.8,3,0.3,1.4,0.8,5.4,0.8,5,682.1
80,95,1,11,5.5,2.5,0.2,1.1,0.7,4.4,0.7,4.1,555.8
81,95,1,8,4,1.8,0.2,0.8,0.5,3.2,0.5,3,404.2
83,95,1,4,1.8,0.6,0.1,0,0.2,1.8,0.3,1.7,205.2
86,95,1,2,0.9,0.3,0,0,0.1,0.9,0.1,0.9,102.6
94,95,1,8,4.1,1.6,0,0,0.4,4.1,0.4,3.3,406.8
110,95,1,5,2.1,0.7,0.2,0,0.2,2.1,0.2,1.6,208.5
111,95,1,11,4.5,1.4,0.5,0,0.5,4.5,0.5,3.6,458.7
112,95,1,1,0.4,0.1,0,0,0,0.4,0,0.3,41.7
113,95,1,4,1.7,0.5,0.2,0,0.2,1.7,0.2,1.3,166.8
115,95,1,1,0.4,0.1,0,0,0,0.4,0,0.3,41.7
17,96,1,1,0.6,0.3,0,0.1,0.1,0.5,0.1,0.5,60.4
32,96,1,2,1.3,0.9,0,0,0,1.3,0.4,1.2,136.9
41,96,1,4,2.3,0.8,0,0,0.2,2.3,0.3,2.3,184.2
52,96,1,2,1,0.4,0.1,0,0.1,1,0.4,0.9,101.9
53,96,1,6,3,1.2,0.2,0,0.4,3,1.2,2.6,305.6
59,96,1,5,3.7,2.3,0,0,0,3.7,1.7,3.3,392.3
60,96,1,2,1.5,0.9,0,0,0,1.5,0.7,1.3,156.9
78,96,1,9,4.5,2,0.2,0.9,0.6,3.6,0.6,3.3,454.7
79,96,0,34.5,20,11,1,7,3,13,5,9,1706
80,96,0,41.5,28,20,0,17,6,11,12,6,2126
81,96,0,19,12,8,0,1,1,11,3,8,1202
85,96,1,1,0.5,0.1,0,0,0,0.5,0.1,0.4,51.3
106,96,1,5,2.8,0.9,0,0,0,2.8,0.5,2.5,250.3
118,96,1,7,4.7,3,0,0,0.2,4.7,1,3.9,404.2
119,96,1,5,3.4,2.1,0,0,0.1,3.4,0.7,2.8,288.7
8,97,1,1,0.6,0.3,0,0.1,0.1,0.5,0.1,0.5,60.4
16,97,1,2,1.1,0.6,0.1,0.2,0.2,0.9,0.2,1,120.9
17,97,1,1,0.6,0.3,0,0.1,0.1,0.5,0.1,0.5,60.4
18,97,1,2,1.3,0.8,0.1,0.1,0.1,1.2,0.4,1.2,116.6
32,97,1,2,1.3,0.9,0,0,0,1.3,0.4,1.2,136.9
41,97,1,2,1.2,0.4,0,0,0.1,1.2,0.2,1.2,92.1
52,97,1,1,0.5,0.2,0,0,0.1,0.5,0.2,0.4,50.9
53,97,1,3,1.5,0.6,0.1,0,0.2,1.5,0.6,1.3,152.8
78,97,1,4,2,0.9,0.1,0.4,0.2,1.6,0.2,1.5,202.1
79,97,1,13,6.5,2.9,0.3,1.3,0.8,5.2,0.8,4.8,656.8
80,97,0,81,38,17,3,7,5,31,10,24,3284
81,97,0,37,26,18,0,10,2,16,8,12,1987
82,97,1,9,4.5,2,0.2,0.9,0.6,3.6,0.6,3.3,454.7
86,97,1,8,3.7,1.1,0.1,0,0.4,3.7,0.5,3.4,410.4
87,97,1,5,2.3,0.7,0.1,0,0.2,2.3,0.3,2.1,256.5
88,97,1,4,2,0.8,0,0,0,2,0.2,1.9,208.9
95,97,1,5,2.6,1,0,0,0.3,2.6,0.3,2.1,254.2
106,97,1,1,0.6,0.2,0,0,0,0.6,0.1,0.5,50.1
113,97,1,3,1.2,0.4,0.1,0,0.1,1.2,0.1,1,125.1
114,97,1,1,0.4,0.1,0,0,0,0.4,0,0.3,41.7
115,97,1,3,1.2,0.4,0.1,0,0.1,1.2,0.1,1,125.1
118,97,1,12.5,8.5,5.3,0,0,0.4,8.5,1.8,7,721.8
21,98,1,1,0.6,0.4,0,0,0,0.6,0.2,0.6,58.3
22,98,1,2,1.3,0.8,0.1,0.1,0.1,1.2,0.4,1.2,116.6
77,98,1,5,1.9,0.2,0.1,0,0.1,1.9,0.2,1.8,233.4
78,98,1,15,6.7,1.7,0.3,0.2,0.8,6.5,0.7,5.9,665.6
79,98,1,11,4.9,1.3,0.2,0.2,0.6,4.7,0.5,4.3,488.1
80,98,0,47,23,9,0,3,3,20,2,19,2025
82,98,1,6,2.7,0.7,0.1,0.1,0.3,2.6,0.3,2.3,266.2
86,98,1,3,1.3,0.5,0.1,0.1,0,1.2,0.2,1.1,125
87,98,1,7,3,1.1,0.2,0.1,0,2.9,0.4,2.6,291.6
88,98,1,6,2.4,0.6,0.1,0.1,0,2.3,0.3,2.3,307.1
94,98,1,1,0.4,0.1,0,0,0,0.4,0,0.4,51.2
95,98,1,8,3.2,0.8,0.2,0.2,0,3,0.4,3,409.5
96,98,1,8,3.2,0.8,0.2,0.2,0,3,0.4,3,409.5
112,98,1,3,1.6,0.6,0,0.1,0.2,1.5,0.3,1.4,135.4
113,98,1,11.5,6.1,2.3,0,0.3,0.8,5.8,1.3,5.3,519.1
114,98,1,2,1.1,0.4,0,0.1,0.1,1,0.2,0.9,90.3
37,99,1,3,1.8,0.6,0,0,0.1,1.8,0.2,1.8,138.1
77,99,1,8,3.1,0.3,0.1,0,0.2,3.1,0.3,2.9,373.5
78,99,1,19,8.4,2.2,0.4,0.2,1,8.2,0.9,7.4,843
79,99,0,19,11,6,0,0,3,11,2,11,969
80,99,0,52,23,8,3,0,1,23,1,17,2178
81,99,1,4,1.8,0.5,0.1,0.1,0.2,1.7,0.2,1.6,177.5
85,99,1,2,0.9,0.3,0.1,0.1,0,0.8,0.1,0.8,83.3
88,99,1,3,1.2,0.3,0.1,0.1,0,1.1,0.1,1.1,153.6
94,99,1,4,1.6,0.4,0.1,0.1,0,1.5,0.2,1.5,204.8
1,100,1,4,2,0.5,0,0,0.2,2,0.3,1.9,197.5
2,100,1,6,3.1,0.7,0,0,0.3,3.1,0.4,2.8,296.2
3,100,1,2,1,0.2,0,0,0.1,1,0.1,0.9,98.7
11,100,1,2,1.3,0.8,0.1,0.1,0.1,1.2,0.4,1.2,116.6
12,100,1,3,1.9,1.2,0.1,0.1,0.1,1.8,0.6,1.8,174.9
50,100,1,2,1,0.4,0.1,0,0.1,1,0.4,0.9,101.9
76,100,1,5,1.9,0.2,0.1,0,0.1,1.9,0.2,1.8,233.4
78,100,1,4,1.8,0.5,0.1,0.1,0.2,1.7,0.2,1.6,177.5
79,100,1,18,8,2.1,0.4,0.2,1,7.8,0.8,7,798.7
80,100,1,18,8,2.1,0.4,0.2,1,7.8,0.8,7,798.7
81,100,1,4,1.8,0.5,0.1,0.1,0.2,1.7,0.2,1.6,177.5
82,100,1,1,0.4,0.1,0,0,0.1,0.4,0,0.4,44.4
83,100,1,5,2.1,0.8,0.2,0.1,0,2,0.3,1.9,208.3
86,100,1,3,1.3,0.5,0.1,0.1,0,1.2,0.2,1.1,125
87,100,1,3,1.3,0.5,0.1,0.1,0,1.2,0.2,1.1,125
1,101,1,6,3.1,0.7,0,0,0.3,3.1,0.4,2.8,296.2
2,101,1,1,0.5,0.1,0,0,0,0.5,0.1,0.5,49.4
3,101,1,9,4.6,1,0,0,0.4,4.6,0.6,4.2,444.3
40,101,1,2,1.3,0.9,0,0.1,0,1.2,0.4,1.1,111.3
65,101,1,1,0.4,0.1,0.1,0,0,0.4,0.1,0.4,44.3
76,101,1,12,4.7,0.4,0.1,0,0.3,4.7,0.4,4.4,560.2
77,101,1,12,4.7,0.4,0.1,0,0.3,4.7,0.4,4.4,560.2
78,101,1,7.5,3.3,0.9,0.2,0.1,0.4,3.2,0.4,2.9,332.8
79,101,1,6,2.7,0.7,0.1,0.1,0.3,2.6,0.3,2.3,266.2
80,101,1,1,0.4,0.1,0,0,0.1,0.4,0,0.4,44.4
81,101,1,1,0.4,0.1,0,0,0.1,0.4,0,0.4,44.4
83,101,1,1,0.4,0.2,0,0,0,0.4,0.1,0.4,41.7
99,101,1,3,1.4,0.5,0.1,0,0.1,1.4,0.4,1.4,142.5
115,101,1,6,3.2,1.2,0,0.1,0.4,3.1,0.7,2.8,270.9
2,102,1,2,1,0.2,0,0,0.1,1,0.1,0.9,98.7
76,102,1,3,1.2,0.1,0,0,0.1,1.2,0.1,1.1,140.1
77,102,1,18,7,0.6,0.2,0,0.4,7,0.6,6.6,840.3
78,102,1,22,9.8,2.5,0.4,0.3,1.2,9.5,1,8.6,976.1
79,102,1,9,4,1,0.2,0.1,0.5,3.9,0.4,3.5,399.3
80,102,1,2,0.9,0.2,0,0,0.1,0.9,0.1,0.8,88.7
99,102,1,4,1.9,0.6,0.1,0,0.1,1.9,0.5,1.9,190
36,103,1,1,0.6,0.2,0,0,0,0.6,0.1,0.6,46
38,103,1,2,1.3,0.9,0,0.1,0,1.2,0.4,1.1,111.3
58,103,1,6,2.6,0.7,0.2,0.2,0.2,2.4,0.3,2.4,261.4
59,103,1,2,0.9,0.2,0.1,0.1,0.1,0.8,0.1,0.8,87.1
62,103,1,7,3,0.8,0.2,0.2,0.2,2.8,0.4,2.8,305
63,103,1,4,1.6,0.6,0.3,0,0,1.6,0.4,1.4,177.3
77,103,1,24.5,9.5,0.8,0.3,0,0.6,9.5,0.8,9,1143.8
78,103,1,9,3.5,0.7,0.4,0,0.4,3.5,0.9,3.2,354.9
79,103,1,6,2.4,0.5,0.2,0,0.2,2.4,0.6,2.1,236.6
93,103,1,2,0.9,0.2,0,0,0,0.9,0,0.8,86.5
99,103,1,13,6.2,2.1,0.3,0,0.3,6.2,1.7,6.2,617.5
100,103,1,8,3.8,1.3,0.2,0,0.2,3.8,1.1,3.8,380
20,104,1,1,0.6,0.4,0,0,0,0.6,0.2,0.6,58.3
22,104,1,1,0.6,0.4,0,0,0,0.6,0.2,0.6,58.3
30,104,1,1,0.6,0.2,0,0,0,0.6,0.1,0.6,46
31,104,1,4,2.3,0.8,0,0,0.2,2.3,0.3,2.3,184.2
35,104,1,2,1.2,0.4,0,0,0.1,1.2,0.2,1.2,92.1
41,104,1,1,0.7,0.4,0,0.1,0,0.6,0.2,0.6,55.7
58,104,1,4,1.7,0.5,0.1,0.1,0.1,1.6,0.2,1.6,174.3
59,104,1,8,3.4,0.9,0.2,0.2,0.2,3.2,0.5,3.2,348.6
78,104,1,2,0.8,0.2,0.1,0,0.1,0.8,0.2,0.7,78.9
85,104,1,2,0.9,0.3,0.1,0.1,0,0.8,0.1,0.8,83.3
86,104,1,4,1.7,0.6,0.1,0.1,0,1.6,0.2,1.5,166.6
93,104,1,3,1.3,0.3,0.1,0,0.1,1.3,0,1.2,129.8
94,104,1,18,7.7,2,0.4,0,0.4,7.7,0,7.3,778.7
31,105,1,4,2.3,0.8,0,0,0.2,2.3,0.3,2.3,184.2
40,105,1,2,1.3,0.9,0,0.1,0,1.2,0.4,1.1,111.3
41,105,1,4,2.7,1.7,0,0.2,0,2.5,0.8,2.3,222.7
43,105,1,4,2.7,1.7,0,0.2,0,2.5,0.8,2.3,222.7
44,105,1,2,1.3,0.9,0,0.1,0,1.2,0.4,1.1,111.3
47,105,1,3,2,1.3,0,0.1,0,1.9,0.6,1.7,167
52,105,1,4,2,0.8,0.1,0,0.3,2,0.8,1.7,203.7
58,105,1,1,0.4,0.1,0,0,0,0.4,0.1,0.4,43.6
59,105,1,4,1.7,0.5,0.1,0.1,0.1,1.6,0.2,1.6,174.3
67,105,1,2,0.8,0.3,0.1,0,0,0.8,0.2,0.7,88.6
81,105,1,6,2.4,0.5,0.2,0,0.2,2.4,0.6,2.1,236.6
82,105,1,5,2,0.4,0.2,0,0.2,2,0.5,1.8,197.2
85,105,1,4,1.7,0.6,0.1,0.1,0,1.6,0.2,1.5,166.6
86,105,1,5,2.1,0.8,0.2,0.1,0,2,0.3,1.9,208.3
87,105,1,11,4.7,1.8,0.4,0.2,0,4.5,0.6,4.1,458.3
88,105,1,9,3.6,0.9,0.2,0.2,0,3.4,0.4,3.4,460.7
94,105,1,18.5,7.9,2.1,0.4,0,0.4,7.9,0,7.5,800.3
117,105,1,2,1.1,0.4,0,0.1,0.1,1,0.2,0.9,90.3
20,106,1,5,3.1,2,0.1,0.1,0.1,3,1,3,291.4
34,106,1,2,1.2,0.4,0,0,0.1,1.2,0.2,1.2,92.1
47,106,1,1,0.7,0.4,0,0.1,0,0.6,0.2,0.6,55.7
66,106,1,8,3.1,1.1,0.6,0,0,3.1,0.9,2.9,354.6
81,106,1,22,8.6,1.7,0.9,0,0.9,8.6,2.2,7.8,867.5
82,106,1,1,0.4,0.1,0,0,0,0.4,0.1,0.4,39.4
86,106,1,5,2.1,0.8,0.2,0.1,0,2,0.3,1.9,208.3
87,106,1,1,0.4,0.2,0,0,0,0.4,0.1,0.4,41.7
88,106,1,1,0.4,0.1,0,0,0,0.4,0,0.4,51.2
89,106,1,2,0.8,0.2,0,0,0,0.8,0.1,0.8,102.4
94,106,1,1,0.4,0.1,0,0,0,0.4,0,0.4,43.3
104,106,1,2,0.9,0.3,0.1,0,0.1,0.9,0.3,0.9,95
105,106,1,8,3.8,1.3,0.2,0,0.2,3.8,1.1,3.8,380
110,106,1,6,3.2,1.2,0,0.1,0.4,3.1,0.7,2.8,270.9
115,106,1,2,1.1,0.4,0,0.1,0.1,1,0.2,0.9,90.3
10,107,1,3,1.9,1.2,0.1,0.1,0.1,1.8,0.6,1.8,174.9
61,107,1,3,1.3,0.3,0.1,0.1,0.1,1.2,0.2,1.2,130.7
66,107,1,12,4.7,1.7,0.9,0,0,4.7,1.3,4.3,531.9
67,107,1,1,0.4,0.1,0.1,0,0,0.4,0.1,0.4,44.3
93,107,1,2,0.9,0.2,0,0,0,0.9,0,0.8,86.5
110,107,1,3,1.6,0.6,0,0.1,0.2,1.5,0.3,1.4,135.4
114,107,1,2,1.1,0.4,0,0.1,0.1,1,0.2,0.9,90.3
115,107,1,7,3.7,1.4,0,0.2,0.5,3.5,0.8,3.2,316
116,107,1,1,0.5,0.2,0,0,0.1,0.5,0.1,0.5,45.1
10,108,1,3,1.7,0.7,0,0,0.3,1.7,0.4,1.3,176.2
60,108,1,4,2.1,0.9,0,0,0.1,2.1,0.5,1.6,219.4
61,108,1,9,4.8,2,0,0,0.3,4.8,1,3.5,493.6
80,108,1,4,1.7,0.6,0.1,0,0.3,1.7,0.1,1.6,197.1
93,108,1,8,2.9,0.8,0.2,0,0.2,2.9,0.6,2.9,288
94,108,1,9,3.2,0.9,0.2,0,0.2,3.2,0.6,3.2,324
107,108,1,2,0.7,0.2,0,0,0,0.7,0.1,0.7,72
108,108,1,3,1.3,0.4,0.1,0.1,0.1,1.2,0.2,1,125.7
113,108,1,2,1.5,1,0,0.1,0.1,1.4,0.5,1.2,128.7
114,108,1,2,1.5,1,0,0.1,0.1,1.4,0.5,1.2,128.7
115,108,1,5,3.7,2.6,0,0.2,0.2,3.5,1.1,3.1,321.8
116,108,0,33,15,4,0,0,2,15,3,12,1746
117,108,1,6,4.5,3.1,0,0.2,0.2,4.3,1.4,3.7,386.1
118,108,1,2,0.8,0.3,0.1,0,0.1,0.8,0.1,0.7,76.6
126,108,1,2,0.8,0.3,0.1,0,0.1,0.8,0.1,0.7,76.6
127,108,1,5,2,0.6,0.1,0.1,0.2,1.9,0.3,1.6,191.4
20,109,1,3,1.8,0.7,0,0,0.5,1.8,0.7,1.8,179.2
36,109,1,11,3.9,1.2,0.9,1.5,0.6,2.4,1.2,1.5,390.1
60,109,1,4,2.1,0.9,0,0,0.1,2.1,0.5,1.6,219.4
66,109,1,4,1.9,1.1,0.1,0,0,1.9,0.4,1.7,182
67,109,1,8,3.7,2.3,0.3,0,0,3.7,0.9,3.4,364
68,109,1,3,1.7,0.9,0.1,0,0,1.7,0.2,1.5,183.3
77,109,1,7,3.9,2,0.2,0,0,3.9,0.5,3.5,427.8
78,109,1,12,5.2,1.9,0.3,0,0.8,5.2,0.3,4.7,591.2
79,109,1,1.5,0.7,0.2,0,0,0.1,0.7,0,0.6,73.9
107,109,1,2,0.7,0.2,0,0,0,0.7,0.1,0.7,72
109,109,1,4,1.7,0.5,0.1,0.1,0.1,1.6,0.2,1.3,167.6
115,109,1,1,0.7,0.5,0,0,0,0.7,0.2,0.6,64.4
116,109,1,8,5.9,4.1,0,0.2,0.3,5.7,1.8,4.9,514.8
117,109,1,3,2.2,1.5,0,0.1,0.1,2.1,0.7,1.8,193.1
118,109,1,6,2.4,0.8,0.2,0.1,0.2,2.3,0.4,2,229.7
127,109,1,1,0.4,0.1,0,0,0,0.4,0.1,0.3,38.3
13,110,1,4,2.3,0.9,0,0,0.3,2.3,0.5,1.7,235
14,110,1,2,1.1,0.4,0,0,0.2,1.1,0.3,0.9,117.5
31,110,1,2,1.2,0.6,0,0.1,0.1,1.1,0.1,1,101.3
32,110,1,8,4.7,2.2,0,0.3,0.6,4.4,0.3,4.1,405.2
33,110,1,1,0.4,0.1,0.1,0.2,0.1,0.2,0.1,0.1,35.5
36,110,1,9,3.2,1,0.7,1.2,0.5,2,1,1.2,319.1
37,110,1,3,1.1,0.3,0.2,0.4,0.2,0.7,0.3,0.4,106.4
40,110,1,7,3.1,1,0,0.2,0.3,2.9,0.5,2.6,318.3
77,110,1,1,0.6,0.3,0,0,0,0.6,0.1,0.5,61.1
78,110,1,16,7,2.6,0.4,0,1.1,7,0.4,6.3,788.2
79,110,0,37,16,6,2,2,2,14,2,14,1473
80,110,1,8,3.5,1.3,0.2,0,0.6,3.5,0.2,3.1,394.1
116,110,1,4,3,2.1,0,0.1,0.1,2.9,0.9,2.5,257.4
122,110,1,4,1.6,0.5,0.1,0,0.2,1.6,0.3,1.3,153.1
32,111,1,4,2.3,1.1,0,0.1,0.3,2.2,0.1,2.1,202.6
34,111,1,5,1.8,0.5,0.4,0.7,0.3,1.1,0.5,0.7,177.3
36,111,1,8,2.8,0.9,0.6,1.1,0.4,1.7,0.9,1.1,283.7
40,111,1,10,4.4,1.4,0,0.2,0.5,4.2,0.7,3.7,454.7
78,111,1,2,0.9,0.3,0,0,0.1,0.9,0,0.8,98.5
94,111,1,1,0.4,0.1,0,0,0,0.4,0.1,0.4,36
107,111,1,2,0.7,0.2,0,0,0,0.7,0.1,0.7,72
0,112,1,1,0.5,0.2,0,0,0,0.5,0.2,0.5,59.2
51,112,1,3,1.8,1,0,0,0.1,1.8,0.4,1.5,159.5
57,112,1,2,1.2,0.6,0,0,0.1,1.2,0.3,1,106.4
58,112,1,5.5,2.9,1.2,0,0,0.2,2.9,0.6,2.2,301.6
64,112,1,16,7.4,4.6,0.6,0,0,7.4,1.7,6.9,728
24,113,1,7,4.3,1.6,0,0,1.2,4.3,1.6,4.3,418.1
35,113,1,3,1.8,0.8,0,0.1,0.2,1.7,0.1,1.6,152
51,113,1,8,4.7,2.5,0,0,0.4,4.7,1.1,4,425.5
56,113,1,5,3,1.6,0,0,0.2,3,0.7,2.5,265.9
58,113,1,2,1.1,0.5,0,0,0.1,1.1,0.2,0.8,109.7
64,113,1,1,0.5,0.2,0,0,0,0.5,0.1,0.4,54.8
65,113,1,3,1.6,0.7,0,0,0.1,1.6,0.3,1.2,164.5
70,113,1,3,1.7,0.9,0.1,0,0,1.7,0.2,1.5,183.3
78,113,1,5,2.2,0.5,0,0.1,0.2,2.1,0.3,1.8,206.2
87,113,1,1,0.4,0.1,0,0,0,0.4,0.1,0.4,41.2
93,113,1,13,5.7,1.9,0.3,0,0.3,5.7,0.3,5.7,679.5
107,113,1,3,1.1,0.3,0.1,0,0.1,1.1,0.2,1.1,108
123,113,1,7,2.8,0.9,0.2,0.1,0.3,2.7,0.4,2.3,267.9
19,114,1,2,1.2,0.4,0,0,0.3,1.2,0.4,1.2,119.4
25,114,1,1,0.6,0.2,0,0,0.2,0.6,0.2,0.6,59.7
39,114,1,6,2.7,0.8,0,0.2,0.3,2.5,0.4,2.2,272.8
51,114,1,1,0.6,0.3,0,0,0,0.6,0.1,0.5,53.2
56,114,1,3,1.8,1,0,0,0.1,1.8,0.4,1.5,159.5
68,114,1,1,0.6,0.3,0,0,0,0.6,0.1,0.5,61.1
70,114,1,1,0.6,0.3,0,0,0,0.6,0.1,0.5,61.1
72,114,1,7,3.9,2,0.2,0,0,3.9,0.5,3.5,427.8
73,114,1,1,0.6,0.3,0,0,0,0.6,0.1,0.5,61.1
74,114,1,2,1.1,0.6,0,0,0,1.1,0.1,1,122.2
78,114,1,3,1.3,0.3,0,0,0.1,1.3,0.2,1.1,123.7
93,114,1,12,5.3,1.8,0.3,0,0.3,5.3,0.3,5.3,627.2
94,114,1,14,6.1,2,0.3,0,0.3,6.1,0.3,6.1,731.8
116,114,1,1,0.4,0.1,0,0,0,0.4,0.1,0.3,41.9
119,114,1,7,2.8,0.9,0.2,0.1,0.3,2.7,0.4,2.3,267.9
120,114,1,1,0.4,0.1,0,0,0,0.4,0.1,0.3,38.3
123,114,1,5,2,0.6,0.1,0.1,0.2,1.9,0.3,1.6,191.4
125,114,1,7,2.8,0.9,0.2,0.1,0.3,2.7,0.4,2.3,267.9
3,115,1,1,0.5,0.2,0,0,0,0.5,0.2,0.5,59.2
4,115,1,4,2.2,0.9,0,0,0.1,2.2,0.7,1.9,236.8
18,115,1,2,1.2,0.4,0,0,0.3,1.2,0.4,1.2,119.4
27,115,1,2,1.2,0.4,0,0,0.3,1.2,0.4,1.2,119.4
30,115,1,2,1.2,0.6,0,0.1,0.1,1.1,0.1,1,101.3
67,115,1,1,0.5,0.2,0,0,0,0.5,0.1,0.4,54.8
68,115,1,1,0.6,0.3,0,0,0,0.6,0.1,0.5,61.1
73,115,1,10,5.5,2.9,0.2,0,0,5.5,0.7,5.1,611.1
77,115,1,2,1.1,0.6,0,0,0,1.1,0.1,1,122.2
78,115,0,28.5,14,4,0,0,2,14,1,11,1387
79,115,1,6,2.7,0.6,0,0.1,0.3,2.6,0.4,2.2,247.4
93,115,1,1,0.4,0.1,0,0,0,0.4,0,0.4,52.3
105,115,1,3,1.1,0.3,0.1,0,0.1,1.1,0.2,1.1,108
107,115,1,4,1.4,0.4,0.1,0,0.1,1.4,0.3,1.4,144
108,115,1,5,2.2,0.6,0.1,0.1,0.1,2.1,0.3,1.7,209.5
109,115,1,11.5,5,1.4,0.2,0.2,0.2,4.8,0.7,3.9,481.9
110,115,1,12,5.2,1.4,0.2,0.2,0.2,5,0.7,4,502.8
112,115,1,6,2.6,0.7,0.1,0.1,0.1,2.5,0.4,2,251.4
119,115,1,5,2,0.6,0.1,0.1,0.2,1.9,0.3,1.6,191.4
4,116,1,5,2.7,1.2,0,0,0.1,2.7,0.9,2.4,296
32,116,1,1,0.6,0.3,0,0,0.1,0.6,0,0.5,50.7
34,116,1,7,4.1,1.9,0,0.2,0.5,3.9,0.2,3.6,354.6
35,116,1,2,1.2,0.6,0,0.1,0.1,1.1,0.1,1,101.3
74,116,1,2.5,1.4,0.7,0.1,0,0,1.4,0.2,1.3,152.8
78,116,1,15,6.7,1.6,0,0.3,0.6,6.4,1,5.4,618.5
79,116,1,5,2.2,0.5,0,0.1,0.2,2.1,0.3,1.8,206.2
80,116,1,2,0.9,0.2,0,0,0.1,0.9,0.1,0.7,82.5
86,116,1,2,0.9,0.2,0,0,0.1,0.9,0.1,0.7,82.5
90,116,1,6,2.1,0.6,0.1,0,0.1,2.1,0.4,2.1,216
106,116,1,2,0.7,0.2,0,0,0,0.7,0.1,0.7,72
109,116,1,1,0.4,0.1,0,0,0,0.4,0.1,0.3,41.9
110,116,1,3,1.3,0.4,0.1,0.1,0.1,1.2,0.2,1,125.7
113,116,1,2,0.9,0.2,0,0.1,0,0.8,0.1,0.7,83.8
27,117,1,1,0.6,0.2,0,0,0.2,0.6,0.2,0.6,59.7
64,117,1,6,3.2,1.4,0,0,0.2,3.2,0.7,2.4,329.1
78,117,1,3,1.3,0.3,0,0,0.1,1.3,0.2,1.1,123.7
80,117,1,3,1.3,0.3,0,0,0.1,1.3,0.2,1.1,123.7
87,117,1,2,0.9,0.2,0,0,0.1,0.9,0.1,0.7,82.5
94,117,1,1,0.4,0.1,0,0,0,0.4,0,0.4,52.3
113,117,1,2,0.9,0.2,0,0.1,0,0.8,0.1,0.7,83.8
124,117,1,1,0.4,0.1,0,0,0,0.4,0.1,0.3,38.3
26,118,1,2,1.1,0.6,0,0.1,0.1,1,0.2,1,123.5
27,118,1,2,1.1,0.6,0,0.1,0.1,1,0.2,1,123.5
47,118,1,4,1.8,0.6,0,0.1,0.2,1.7,0.3,1.5,181.9
48,118,1,3,1.4,0.8,0.1,0,0.3,1.4,0.3,1.3,124.4
49,118,1,1,0.5,0.3,0,0,0.1,0.5,0.1,0.4,41.5
64,118,1,2,1.2,0.7,0,0,0.2,1.2,0.1,1.1,127.5
65,118,1,1,0.6,0.3,0,0,0.1,0.6,0,0.5,63.8
90,118,1,3,1.2,0.3,0,0,0.1,1.2,0.1,1.2,131.6
94,118,1,2,1.4,1.1,0,0,0,1.4,0.3,1,128
95,118,1,1,0.7,0.6,0,0,0,0.7,0.2,0.5,64
110,118,1,3,1.5,0.4,0,0.1,0.1,1.4,0.2,1.5,139.2
2,119,1,1,0.6,0.4,0,0,0.1,0.6,0.3,0.6,65.7
3,119,1,2,1.3,0.8,0,0,0.1,1.3,0.6,1.2,131.5
27,119,1,2,1.1,0.6,0,0.1,0.1,1,0.2,1,123.5
28,119,1,2,1.1,0.3,0,0,0.1,1.1,0,1,121
29,119,1,1,0.6,0.2,0,0,0,0.6,0,0.5,60.5
41,119,1,3,1.3,0.4,0,0.1,0.1,1.2,0.2,1.1,136.4
51,119,1,1,0.5,0.3,0,0,0.1,0.5,0.1,0.4,41.5
61,119,1,4,2.5,1.4,0,0,0.3,2.5,0.2,2.2,255.1
69,119,1,2,1.1,0.4,0,0,0.1,1.1,0.2,1,90.6
70,119,1,6,3.3,1.1,0,0,0.4,3.3,0.7,3,271.8
71,119,1,2,1.1,0.4,0,0,0.1,1.1,0.2,1,90.6
78,119,1,4,1.9,0.6,0,0,0.1,1.9,0.2,1.7,196
93,119,1,1,0.7,0.6,0,0,0,0.7,0.2,0.5,64
115,119,1,3,1.3,0.3,0,0.2,0,1.1,0.1,1.1,136.7
116,119,1,1,0.4,0.1,0,0,0,0.4,0,0.4,45.6
124,119,1,3,1.2,0.4,0.1,0,0.1,1.2,0.2,1,114.8
126,119,1,10,4.1,1.3,0.3,0.2,0.4,3.9,0.6,3.3,382.8
127,119,1,6,2.4,0.8,0.2,0.1,0.2,2.3,0.4,2,229.7
28,120,1,1,0.6,0.2,0,0,0,0.6,0,0.5,60.5
41,120,1,1,0.4,0.1,0,0,0,0.4,0.1,0.4,45.5
50,120,1,3,1.4,0.8,0.1,0,0.3,1.4,0.3,1.3,124.4
56,120,1,4,1.9,1,0.2,0,0.3,1.9,0.3,1.7,165.9
57,120,1,8,3.8,2.1,0.3,0,0.7,3.8,0.7,3.5,331.8
62,120,1,2,1.2,0.7,0,0,0.2,1.2,0.1,1.1,127.5
67,120,1,2,1.2,0.7,0,0,0.2,1.2,0.1,1.1,127.5
68,120,1,2,1.1,0.4,0,0,0.1,1.1,0.2,1,90.6
69,120,0,49,26,11,1,3,1,23,7,18,2301
70,120,1,14,7.6,2.5,0,0,1,7.6,1.6,7,634.1
74,120,1,4,2.2,0.7,0,0,0.3,2.2,0.5,2,181.2
86,120,1,3,1.5,0.4,0,0,0.1,1.5,0.2,1.3,147
87,120,1,4,1.9,0.6,0,0,0.1,1.9,0.2,1.7,196
88,120,1,1,0.4,0.1,0,0,0,0.4,0,0.4,43.9
89,120,1,3,1.2,0.3,0,0,0.1,1.2,0.1,1.2,131.6
90,120,1,3,1.2,0.3,0,0,0.1,1.2,0.1,1.2,131.6
111,120,1,2,1,0.3,0,0.1,0.1,0.9,0.1,1,92.8
115,120,1,12,5.4,1.2,0,0.8,0,4.6,0.4,4.6,546.6
116,120,1,4,1.8,0.4,0,0.3,0,1.5,0.1,1.5,182.2
126,120,1,3,1.2,0.4,0.1,0,0.1,1.2,0.2,1,114.8
127,120,1,4,1.6,0.5,0.1,0,0.2,1.6,0.3,1.3,153.1
5,121,1,3,1.9,1.1,0,0,0.2,1.9,1,1.8,197.2
26,121,1,2,1.1,0.6,0,0.1,0.1,1,0.2,1,123.5
27,121,1,17,9.5,4.8,0,0.7,0.7,8.8,2,8.2,1049.9
28,121,1,6,3.4,1,0,0,0.2,3.4,0,2.9,362.9
29,121,1,2,1.1,0.3,0,0,0.1,1.1,0,1,121
30,121,0,31,16,7,1,0,4,16,4,4,1379
36,121,1,4,2.2,1,0,0.1,0,2.1,0.6,1.8,213.1
57,121,1,3,1.4,0.8,0.1,0,0.3,1.4,0.3,1.3,124.4
68,121,1,2,1.1,0.4,0,0,0.1,1.1,0.2,1,90.6
69,121,1,2,1.1,0.4,0,0,0.1,1.1,0.2,1,90.6
88,121,1,2,0.8,0.2,0,0,0,0.8,0.1,0.8,87.8
89,121,1,18,7.3,1.8,0,0,0.4,7.3,0.7,7.3,789.8
90,121,1,8,3.3,0.8,0,0,0.2,3.3,0.3,3.3,351
91,121,1,1,0.4,0.1,0,0,0,0.4,0,0.4,43.9
92,121,1,4,1.6,0.4,0,0,0.1,1.6,0.2,1.6,175.5
93,121,1,1,0.7,0.6,0,0,0,0.7,0.2,0.5,64
109,121,1,4,2,0.6,0,0.1,0.1,1.9,0.3,2,185.6
110,121,1,1,0.5,0.1,0,0,0,0.5,0.1,0.5,46.4
115,121,1,2,0.9,0.2,0,0.1,0,0.8,0.1,0.8,91.1
116,121,1,7,3.1,0.7,0,0.5,0,2.6,0.2,2.7,318.9
1,122,1,3,1.9,1.1,0,0,0.2,1.9,1,1.8,197.2
27,122,0,28.5,17,6,0,3,3,14,1,14,1722
28,122,1,4,2.2,0.6,0,0,0.2,2.2,0,1.9,241.9
29,122,1,4,2.2,0.6,0,0,0.2,2.2,0,1.9,241.9
30,122,1,5,2.8,0.8,0,0,0.2,2.8,0,2.4,302.4
82,122,1,6,2.9,0.9,0,0,0.2,2.9,0.3,2.6,294
86,122,1,5,2.4,0.8,0,0,0.2,2.4,0.2,2.2,245
89,122,1,3,1.2,0.3,0,0,0.1,1.2,0.1,1.2,131.6
90,122,1,3,1.2,0.3,0,0,0.1,1.2,0.1,1.2,131.6
94,122,1,11,7.9,6.1,0,0,0,7.9,1.8,5.5,704
95,122,1,2,1.4,1.1,0,0,0,1.4,0.3,1,128
104,122,1,1,0.5,0.2,0,0,0,0.5,0,0.4,44.1
110,122,1,9,4.5,1.3,0,0.3,0.3,4.2,0.6,4.5,417.5
6,123,1,1,0.6,0.4,0,0,0.1,0.6,0.3,0.6,65.7
7,123,1,1,0.6,0.4,0,0,0.1,0.6,0.3,0.6,65.7
15,123,1,3,1.7,0.7,0,0,0.3,1.7,0.4,1.3,176.2
16,123,1,5,2.8,1.1,0,0,0.4,2.8,0.7,2.2,293.7
22,123,1,3,1.4,0.4,0,0,0.1,1.4,0.2,1.1,135.5
23,123,1,3,1.4,0.4,0,0,0.1,1.4,0.2,1.1,135.5
25,123,1,1,0.5,0.1,0,0,0,0.5,0.1,0.4,45.2
27,123,0,16,13,10,0,4,1,9,5,6,1171
28,123,1,8,4.4,1.9,0,0.3,0,4.1,1.1,3.6,426.2
30,123,1,2,1.1,0.5,0,0.1,0,1,0.3,0.9,106.6
38,123,1,4,1.8,0.6,0,0.1,0.2,1.7,0.3,1.5,181.9
61,123,1,3,1.8,1,0,0,0.2,1.8,0.1,1.6,191.3
62,123,1,7,4.3,2.4,0,0,0.5,4.3,0.3,3.8,446.4
78,123,1,3,1.3,0.3,0.1,0,0.1,1.3,0.1,1.1,145
82,123,1,5,2.2,0.6,0.1,0.1,0.2,2.1,0.2,1.9,241.6
86,123,1,1,0.5,0.1,0,0,0,0.5,0,0.4,49
87,123,1,6,2.9,0.9,0,0,0.2,2.9,0.3,2.6,294
95,123,1,3,1.2,0.3,0.1,0.1,0.1,1.1,0.1,1,123.3
96,123,1,9,3.6,1,0.3,0.4,0.3,3.2,0.2,2.9,369.8
103,123,1,3,1.4,0.5,0,0.1,0.1,1.3,0.1,1.3,132.3
104,123,1,3,1.4,0.5,0,0.1,0.1,1.3,0.1,1.3,132.3
108,123,1,12,6.1,2.5,0.3,1.1,1.4,5,1.4,4.5,570.7
109,123,1,4,2,0.8,0.1,0.3,0.5,1.7,0.5,1.5,190.2
110,123,0,22,11,6,0,2,0,9,0,7,1042
1,124,1,9,5.5,2.8,0,0,0.7,5.5,2.1,4.2,519.2
2,124,1,6,3.7,1.8,0,0,0.5,3.7,1.4,2.8,346.2
5,124,1,1,0.6,0.4,0,0,0.1,0.6,0.3,0.6,65.7
8,124,1,3,1.7,0.7,0,0,0.3,1.7,0.4,1.3,176.2
9,124,1,1,0.6,0.2,0,0,0.1,0.6,0.1,0.4,58.7
15,124,1,2,1.1,0.4,0,0,0.2,1.1,0.3,0.9,117.5
22,124,1,2,1,0.3,0,0,0.1,1,0.1,0.8,90.3
23,124,1,9,4.3,1.2,0,0,0.3,4.3,0.6,3.4,406.6
25,124,1,3,1.4,0.4,0,0,0.1,1.4,0.2,1.1,135.5
26,124,1,3,1.4,0.4,0,0,0.1,1.4,0.2,1.1,135.5
42,124,1,5,2.2,0.7,0,0.1,0.2,2.1,0.3,1.9,227.3
45,124,1,2,0.9,0.3,0,0.1,0.1,0.8,0.1,0.7,90.9
61,124,1,2,1.2,0.7,0,0,0.2,1.2,0.1,1.1,127.5
62,124,1,3,1.8,1,0,0,0.2,1.8,0.1,1.6,191.3
74,124,1,3,1.5,0.5,0.1,0.1,0.1,1.4,0.1,1.3,159.9
76,124,1,2,1,0.3,0,0.1,0.1,0.9,0.1,0.9,106.6
78,124,0,15,11,9,0,0,0,11,2,7,898
79,124,1,1,0.4,0.1,0,0,0,0.4,0,0.4,48.3
82,124,1,4,1.8,0.4,0.1,0.1,0.2,1.7,0.2,1.5,193.3
104,124,1,14,6.6,2.4,0.2,0.5,0.4,6.1,0.7,6.1,617.5
106,124,1,2,0.9,0.3,0,0,0.1,0.9,0.1,0.9,88.2
107,124,1,14,6.6,2.4,0.2,0.5,0.4,6.1,0.7,6.1,617.5
108,124,1,8,4.1,1.7,0.2,0.7,0.9,3.4,0.9,3,380.5
109,124,1,3,1.5,0.6,0.1,0.3,0.3,1.2,0.3,1.1,142.7
110,124,1,1,0.5,0.2,0,0.1,0.1,0.4,0.1,0.4,47.6
1,125,1,3,1.8,0.9,0,0,0.2,1.8,0.7,1.4,173.1
2,125,1,6,3.7,1.8,0,0,0.5,3.7,1.4,2.8,346.2
25,125,1,5,2.4,0.7,0,0,0.2,2.4,0.3,1.9,225.9
31,125,1,2,1.1,0.5,0,0.1,0,1,0.3,0.9,106.6
32,125,1,2,1.1,0.5,0,0.1,0,1,0.3,0.9,106.6
34,125,1,1,0.6,0.2,0,0.1,0,0.5,0.1,0.4,53.3
70,125,1,7,3.8,1.3,0,0,0.5,3.8,0.8,3.5,317.1
73,125,1,15,7.3,2.5,0.3,0.3,0.4,7,0.7,6.5,799.4
74,125,1,14.5,7,2.4,0.3,0.2,0.4,6.8,0.6,6.3,772.8
75,125,1,17,8.2,2.8,0.3,0.3,0.4,7.9,0.7,7.3,906
76,125,1,8,3.9,1.3,0.1,0.2,0.2,3.7,0.4,3.5,426.4
77,125,1,11,5.3,1.8,0.2,0.2,0.3,5.1,0.5,4.7,586.2
78,125,1,15,6.7,1.7,0.4,0.3,0.7,6.4,0.6,5.7,724.9
79,125,1,11,4.9,1.2,0.3,0.2,0.5,4.7,0.5,4.2,531.6
81,125,1,26,11.5,2.9,0.7,0.5,1.2,11,1.1,10,1256.5
82,125,1,2,0.9,0.2,0.1,0,0.1,0.9,0.1,0.8,96.7
85,125,1,1,0.5,0.1,0,0,0,0.5,0,0.4,49
87,125,1,1,0.5,0.1,0,0,0,0.5,0,0.4,49
88,125,1,4,1.6,0.5,0.2,0.2,0.2,1.4,0.1,1.3,164.4
91,125,1,3,1.2,0.3,0.1,0.1,0.1,1.1,0.1,1,123.3
92,125,1,1,0.4,0.1,0,0,0,0.4,0,0.3,41.1
98,125,1,13,5.5,1.7,0.3,0,0.3,5.5,0.6,5.2,572.9
99,125,1,1,0.4,0.1,0,0,0,0.4,0,0.4,44.1
104,125,1,4,1.9,0.7,0.1,0.1,0.1,1.8,0.2,1.8,176.4
105,125,1,4,1.9,0.7,0.1,0.1,0.1,1.8,0.2,1.8,176.4
106,125,1,11,5.2,1.9,0.2,0.4,0.3,4.8,0.5,4.8,485.2
107,125,1,3,1.4,0.5,0,0.1,0.1,1.3,0.1,1.3,132.3
112,125,1,5,2.6,1,0.1,0.5,0.6,2.1,0.6,1.9,237.8
117,125,1,1,0.5,0.1,0,0,0,0.5,0.1,0.5,46.4
2,126,1,2,1.2,0.6,0,0,0.2,1.2,0.5,0.9,115.4
32,126,1,3,1.7,0.7,0,0.1,0,1.6,0.4,1.3,159.8
33,126,1,3,1.7,0.7,0,0.1,0,1.6,0.4,1.3,159.8
45,126,1,1,0.4,0.1,0,0,0,0.4,0.1,0.4,45.5
70,126,1,1,0.5,0.2,0,0,0.1,0.5,0.1,0.5,45.3
73,126,1,3,1.5,0.5,0.1,0.1,0.1,1.4,0.1,1.3,159.9
74,126,1,2,1,0.3,0,0.1,0.1,0.9,0.1,0.9,106.6
76,126,1,3,1.5,0.5,0.1,0.1,0.1,1.4,0.1,1.3,159.9
77,126,1,24,11.6,4,0.4,0.4,0.6,11.2,1.1,10.4,1279.1
78,126,1,15,6.7,1.7,0.4,0.3,0.7,6.4,0.6,5.7,724.9
79,126,1,22,9.8,2.5,0.6,0.4,1,9.4,0.9,8.4,1063.2
80,126,1,18,8,2,0.5,0.3,0.8,7.7,0.8,6.9,869.9
81,126,1,20,8.9,2.2,0.6,0.4,0.9,8.5,0.8,7.7,966.5
82,126,1,13,5.8,1.5,0.4,0.3,0.6,5.5,0.5,5,628.3
83,126,1,5,2.4,0.8,0,0,0.2,2.4,0.2,2.2,245
84,126,1,4,1.9,0.6,0,0,0.1,1.9,0.2,1.7,196
85,126,1,10,4.8,1.5,0,0,0.3,4.8,0.5,4.3,490
86,126,1,1,0.5,0.1,0,0,0,0.5,0,0.4,49
88,126,1,3,1.2,0.3,0.1,0.1,0.1,1.1,0.1,1,123.3
90,126,1,2,0.8,0.2,0.1,0.1,0.1,0.7,0,0.6,82.2
91,126,1,9,3.6,1,0.3,0.4,0.3,3.2,0.2,2.9,369.8
93,126,1,1,0.4,0.1,0,0,0,0.4,0,0.3,41.1
98,126,1,19,8,2.5,0.4,0,0.4,8,0.8,7.6,837.3
99,126,0,39.5,19,7,0,0,1,19,0,16,1563
105,126,1,5,2.3,0.9,0.1,0.1,0.2,2.2,0.2,2.2,220.5
110,126,1,2,1,0.4,0,0.2,0.2,0.8,0.2,0.7,95.1
115,126,1,3,1.5,0.4,0,0.1,0.1,1.4,0.2,1.5,139.2
116,126,1,5,2.5,0.7,0,0.2,0.2,2.3,0.4,2.5,232
3,127,1,6.5,4.2,2.5,0,0,0.4,4.2,2.1,3.9,427.2
33,127,1,3,1.7,0.7,0,0.1,0,1.6,0.4,1.3,159.8
34,127,1,1,0.6,0.2,0,0.1,0,0.5,0.1,0.4,53.3
69,127,1,2,1.1,0.4,0,0,0.1,1.1,0.2,1,90.6
77,127,1,11,5.3,1.8,0.2,0.2,0.3,5.1,0.5,4.7,586.2
78,127,1,10,4.4,1.1,0.3,0.2,0.5,4.2,0.4,3.8,483.3
79,127,1,8,3.6,0.9,0.2,0.2,0.4,3.4,0.3,3.1,386.6
80,127,1,16,7.1,1.8,0.4,0.3,0.7,6.8,0.7,6.1,773.2
81,127,1,8,3.6,0.9,0.2,0.2,0.4,3.4,0.3,3.1,386.6
82,127,1,17,7.5,1.9,0.5,0.3,0.8,7.2,0.7,6.5,821.6
83,127,1,6,2.9,0.9,0,0,0.2,2.9,0.3,2.6,294
86,127,1,2,1,0.3,0,0,0.1,1,0.1,0.9,98
87,127,1,1,0.5,0.1,0,0,0,0.5,0,0.4,49
90,127,1,4,1.6,0.5,0.2,0.2,0.2,1.4,0.1,1.3,164.4
96,127,1,14,5.5,1.6,0.5,0.5,0.5,5,0.3,4.5,575.3
99,127,1,9,3.8,1.2,0.2,0,0.2,3.8,0.4,3.6,396.6
101,127,1,3,1.3,0.4,0.1,0,0.1,1.3,0.1,1.2,132.2
110,127,1,3,1.5,0.6,0.1,0.3,0.3,1.2,0.3,1.1,142.7
111,127,1,5,2.6,1,0.1,0.5,0.6,2.1,0.6,1.9,237.8
