x,y,imputed,ind,men,men_1ind,men_5ind,men_coll,men_fmp,men_mais,men_pauv,men_prop,men_surf
88,57,4,34,16.3,4.1,0.3,0.3,2,16,0.3,15.3,2196.7
88,32,1,3,1.4,0.6,0,0,0.2,1.4,0.2,1.3,120.6
88,37,1,10,4.6,0.6,0,0,0.6,4.6,0.6,4.3,424.3
88,67,2,25,10.5,2.5,0.8,0,1.3,10.5,2.1,8,1239.5
88,69,1,5,1.9,0.1,0.2,0.1,0.1,1.8,0.4,1.9,234.5
88,64,3,100,38.9,6.9,2.2,0.3,2.8,38.6,1.2,35.5,4781
88,54,2,14,5.1,1.4,0.7,0,0.5,5.1,0,4.7,582.9
88,55,2,80.5,31.3,8.5,2.2,0,1,31.3,3,24.9,3499.7
88,65,3,37.5,15.6,4,0.8,0.1,1.2,15.5,0.8,13.3,1822.5
88,19,3,17,5.9,0.7,0.7,0,0.3,5.9,0.7,4.9,608.3
88,63,2,31,11.3,2.7,1.1,0,1.5,11.3,1.9,8.8,1414.1
88,30,1,6,2,0.4,0,0,0,2,0.2,1.5,230
88,58,2,59,28.7,10.3,0.1,3.1,2.6,25.6,1.1,16.6,3456.1
88,28,1,1,0.4,0.1,0.1,0,0,0.4,0.1,0.4,54.1
88,26,3,9,3.8,1.3,0.6,0,0,3.8,0.8,3.4,480.8
88,21,2,6,2.1,0.3,0.3,0,0.1,2.1,0.3,1.7,214.7
88,53,1,1,0.5,0.1,0,0,0,0.5,0.1,0.4,58.8
88,12,2,6,2.2,0.3,0.2,0,0.3,2.2,0.2,2.1,235
88,29,2,12,4,0.8,0,0,0,4,0.3,2.9,460
88,13,1,2,0.7,0.1,0.1,0,0.1,0.7,0.1,0.7,78.3
88,48,1,6,2.4,0.6,0.3,0,0.3,2.4,0.3,2.1,259.1
88,66,2,19,7.9,2,0.5,0.1,0.8,7.8,0.7,6.6,928.3
88,56,0,45,17,5,2,0,0,17,2,15,1795
88,50,1,26,9.8,3.5,2.4,0,1.6,9.8,1.2,8.7,990
88,49,0,32,12,2,2,2,3,10,2,10,1258
88,27,1,2,0.9,0.3,0.1,0,0,0.9,0.2,0.7,108.1
88,24,3,24,10.7,4.7,1.3,0,0.8,10.7,1.7,9,1159.7
88,31,1,3,1.4,0.6,0,0,0.2,1.4,0.2,1.3,120.6
88,46,1,1,0.4,0.1,0,0,0,0.4,0,0.4,43.2
88,68,1,2,0.8,0.2,0.1,0,0.1,0.8,0.2,0.6,99.2
88,10,3,8,2.8,0.4,0.1,0,0.3,2.8,0.3,2.7,286.1
88,88,1,219,90.2,18.5,8.3,3,5.2,87.2,5.4,79.1,11473.5
88,9,2,127.5,42.7,6.2,4.6,3,3.9,39.7,2.9,35.8,4576.7
88,8,3,60,23.2,5.6,2,2,2.6,21.2,4.1,16.5,2254.7
88,90,0,673,341,156,14,243,63,98,79,102,29294
88,2,1,7,2.8,0.9,0.4,0.4,0,2.4,0.9,2,292.5
88,86,1,27,12.9,3.3,0,0,0,12.9,0.1,11.7,1598.4
88,89,0,237.5,122,39,3,14,8,108,7,105,14530
88,87,3,23,8.7,1.8,1.1,0,0.7,8.7,1.4,7.9,1201.7
88,3,1,9,3.7,1.1,0.6,0.6,0,3.1,1.1,2.5,376
88,93,0,992.5,492,230,27,383,81,109,104,125,36058
88,85,2,7,3.3,0.9,0,0,0,3.3,0.2,2.5,424.8
88,16,1,3,1,0.1,0.1,0,0.1,1,0.1,0.9,115.3
88,7,2,14,5.4,1.4,0.5,0.5,0.6,4.9,1,3.9,526.1
88,84,1,57.5,27.4,9.3,1,0,2,27.4,2.6,24.4,3436.2
88,96,1,581,356.1,204.7,5,320.8,39,35.3,45.7,92.4,20758.3
88,94,2,128,70.4,32,1.5,50.5,9.5,19.9,12.4,31.8,5662.9
88,17,2,8,2.7,0.1,0.4,0,0.1,2.7,0.4,2.4,307.5
88,95,1,437.5,229.9,116,11.3,211.7,39.3,18.2,36.9,22.8,15613.6
88,92,0,594,295,121,10,78,23,217,23,231,25621
88,97,1,98,55.9,27.3,2,49.2,6,6.7,9.3,18.6,3824.7
88,98,0,242,161,103,2,152,8,9,12,82,11122
88,91,0,634.5,343,166,13,256,54,87,58,110,26471
88,4,2,11.5,4.6,1,0.1,0,0.4,4.6,0.9,4.1,564.8
88,82,1,5,1.8,0.1,0.1,0,0.1,1.8,0.1,1.5,268
88,1,1,2,0.8,0.1,0.1,0,0.2,0.8,0,0.6,107.4
88,11,2,34,12.3,1.4,0.7,0,1.2,12.3,1.2,11.1,1216
88,20,1,2,0.7,0.1,0.1,0,0,0.7,0.1,0.6,71.6
101,35,4,45,12.5,0,2.3,0,0,12.5,0.5,12.5,1593.3
101,90,1,5,2.1,0.5,0.2,0.5,0,1.6,0.2,1.4,210.7
101,100,3,8,2.9,0,0.1,0,0.8,2.9,0.5,2.1,381.2
101,79,2,52.5,19.5,4.3,1.1,0.1,1.5,19.4,3.3,16.3,2628.4
101,42,1,2,1,0.4,0,0,0,1,0.2,0.9,112.1
101,96,3,13,5.8,1.2,0.4,0,0.4,5.8,0.7,5.3,709
101,10,1,7,2.6,0.5,0.2,0.1,0.2,2.5,0.2,2.1,269.6
101,53,3,127,48.1,10.1,3.8,4.1,1.8,44,3.3,37.7,4518.4
101,88,1,3,1,0.2,0.1,0.1,0,0.9,0,0.9,123.2
101,48,3,12,5.2,2,0.4,0,0.4,5.2,0.8,4,478
101,3,2,7,2.4,0.5,0.8,0.2,0,2.2,0.5,1.4,226.7
101,34,1,2,0.6,0,0.1,0,0,0.6,0,0.6,70.8
101,2,1,10,3.3,0.7,1.2,0.2,0,3.1,0.7,1.9,323.8
101,38,3,28,11.5,2.5,0,0,1.3,11.5,3.2,7.6,1118.1
101,86,3,12,4.7,1.1,0.5,0.7,0.2,4,0.2,4.2,590.5
101,93,2,16,6.5,1.6,0.8,0,0,6.5,0,5.3,866
101,56,3,77,44.3,29.4,2.8,32,2.1,12.3,6.8,14.1,2810.6
101,6,1,7,2.8,0.2,0.2,0,0.7,2.8,0.3,2.7,328.2
101,31,1,1,0.4,0.1,0,0,0,0.4,0,0.2,43.5
101,74,2,4,1.6,0.4,0,0,0.1,1.6,0,1.5,159.2
101,102,3,18.5,6.6,1,0.5,0,1,6.6,0.5,5.1,961
101,21,1,1,0.4,0.1,0,0,0,0.4,0.1,0.3,35.3
101,106,1,1,0.4,0.1,0,0,0.1,0.4,0,0.4,70.5
101,4,3,14,5.6,0.4,0.4,0,1.4,5.6,0.6,5.3,656.3
101,20,2,29,10.7,2.1,0.9,0,0.9,10.7,1.2,8.5,1118.6
101,60,3,77,29.1,3.4,2.2,0,1.3,29.1,0,27.8,3063.5
101,84,2,6,2.5,0.6,0.3,0.4,0.1,2.1,0.1,2.3,319.7
101,57,2,128,51.4,16.8,6.7,0,2.6,51.4,4.7,44.2,4989.9
101,85,1,1,0.4,0.1,0,0.1,0,0.3,0,0.4,53.3
101,17,1,166,75.8,27.7,5.6,0,12.1,75.8,10.1,45.5,6833
101,98,2,14,5.6,1,0.8,0,0,5.6,1,5.2,763.4
101,25,3,9,3.9,1.2,0.1,0,0.6,3.9,0.3,3.2,423.1
101,18,2,138,52.3,11.3,5.9,0,3.5,52.3,2.5,41.5,5649
101,73,1,3,1.2,0.3,0.1,0,0.1,1.2,0,0.9,128.1
101,77,0,280,113,30,7,9,6,104,14,86,11633
101,27,2,30,13.4,3.8,0,0,1.2,13.4,1.9,11.5,1316.2
101,59,2,72.5,24.9,3.4,2.5,0,2.1,24.9,3,22.8,2470.1
101,52,2,25,9.8,2.2,0.3,0.6,0.3,9.2,1.1,8,956.8
101,54,0,32,11,3,2,0,1,11,1,11,1122
101,16,1,210,76.2,15.1,8,0,2.1,76.2,4.1,58,7955.7
101,101,3,5,1.9,0.2,0.1,0,0.5,1.9,0.2,1.4,246.8
101,8,1,2,0.7,0.1,0,0,0.1,0.7,0.1,0.7,85.8
101,30,2,21,8.3,1.4,0.7,0,0.7,8.3,0.7,4.8,913.6
101,92,2,5,2,0.5,0.3,0,0,2,0,1.7,270.7
101,11,2,5,2.2,0.7,0.2,0,0.2,2.2,0.2,1.8,251
101,61,1,16,5.9,1.3,0.5,0,0.1,5.9,0,5.8,598
101,78,1,290.5,113.7,23,9.1,19,17.1,94.7,4.4,76.3,10862.1
101,87,1,3,1,0.2,0.1,0.1,0,0.9,0,0.9,123.2
101,15,2,20,7.8,0.9,0,0,0.6,7.8,0.6,6.6,777.8
101,13,2,13,5.7,1.9,0.3,0,0.3,5.7,0.5,4.7,652.4
101,5,3,11,4.4,0.2,0.2,0,1.1,4.4,0.5,4.2,515.7
101,58,1,179.5,59.3,10.4,7,0,6.3,59.3,4,46.9,6255.9
101,32,1,4,1.6,0.3,0.1,0,0.1,1.6,0.1,0.9,174
101,14,2,11,4.3,0.5,0,0,0.3,4.3,0.3,3.6,427.8
101,95,1,1,0.5,0.1,0,0,0.1,0.5,0,0.4,54.6
101,76,2,77,29.5,3.8,2.4,0,1.5,29.5,2.1,25.3,3134.8
101,72,1,2,0.8,0.2,0,0,0.1,0.8,0,0.6,85.4
101,24,2,2,0.8,0.2,0,0,0.2,0.8,0,0.8,94
101,0,2,7,2.3,0,0.3,0,0.5,2.3,0.3,1.8,288.2
101,97,1,2,0.8,0.2,0.1,0,0,0.8,0.2,0.8,109.1
101,28,2,12,5.4,1.6,0,0,0.5,5.4,0.7,4.6,526.4
101,91,1,2,0.9,0.2,0.1,0.2,0,0.7,0.1,0.6,84.3
101,66,2,12,5,1.4,0.2,0,0.2,5,1.7,3.6,483.4
101,99,1,2,0.7,0,0,0,0.2,0.7,0.1,0.5,95.3
101,71,2,5,2,0.5,0.1,0,0.2,2,0,1.5,213.5
101,63,1,3,1.2,0.3,0.1,0.2,0.2,1,0.1,0.8,111.8
101,39,1,15,5.8,1.5,0.3,0,0,5.8,0.3,4.1,574.1
101,44,2,16,5.5,1.6,1.3,0,0.6,5.5,0.9,4.7,598.1
101,12,2,13,5.6,1.9,0.4,0,0.4,5.6,0.5,4.7,652.5
101,43,1,1,0.5,0.2,0,0,0,0.5,0.1,0.4,56
101,1,1,5,1.6,0,0.2,0,0.3,1.6,0.2,1.3,205.9
87,17,2,5,2,0.4,0,0,0.4,2,0.4,2,242.5
87,43,3,31,11.9,3.2,2.4,0,0.8,11.9,1.6,10.3,1094.5
87,30,2,10,3.4,0.4,0.4,0,0.4,3.4,0.1,3.3,400.9
87,63,1,50.5,22.1,5.4,1.1,0,4.4,22.1,4.2,16,2889.8
87,64,1,11,4.3,1.1,0.5,0,0.1,4.3,0.7,3.5,527.1
87,32,2,9,4.2,1.8,0.2,0,0.4,4.2,0.6,3.2,415.4
87,59,1,5,2,0.5,0.3,0,0.1,2,0.2,1.8,273.6
87,67,2,25,10.4,4.2,1.8,0.3,0.9,10.1,1.5,8.6,1399.4
87,14,1,2,0.8,0.1,0.1,0,0.1,0.8,0.1,0.8,108.3
87,35,1,19,9.6,3.6,0,0,1.2,9.6,1.2,8,951.6
87,50,1,1,0.4,0.1,0,0,0,0.4,0,0.4,44.3
87,48,1,2,0.6,0,0.1,0,0,0.6,0,0.6,70.2
87,47,3,19.5,5.9,0.5,1.2,0,0.5,5.9,0,5.5,684.2
87,20,2,5,2,0.5,0.1,0,0.1,2,0.1,1.9,225.6
87,21,1,3,1.2,0.3,0.1,0,0.1,1.2,0.1,1.1,135.4
87,33,4,26,12.1,5.2,0.6,0,1.1,12.1,1.7,9.3,1200.1
87,34,2,23.5,11.9,4.5,0,0,1.5,11.9,1.5,9.9,1176.9
87,19,1,4,1.6,0.4,0.1,0,0.1,1.6,0.1,1.5,180.5
87,51,2,15,5.8,1.4,0.4,0,0.6,5.8,0.4,4.9,666.1
87,49,2,69,29.2,8.6,1.9,0,0.4,29.2,1.9,25.8,3330
87,53,2,21,8,2,0.7,0,0.9,8,0.7,7,932.5
87,52,1,55.5,19.4,3.9,1.3,2,5.4,17.4,1.3,12,1978.6
87,15,1,1,0.4,0.1,0,0,0,0.4,0,0.4,54.1
87,13,1,2,0.8,0.2,0.1,0,0,0.8,0,0.6,93.5
87,29,1,7,2.4,0.3,0.3,0,0.3,2.4,0.1,2.3,280.6
87,11,3,15,6.1,1.2,0.6,0,0,6.1,0.3,4.3,684.2
87,66,2,7,2.9,1.2,0.5,0.1,0.2,2.8,0.5,2.4,391.9
87,65,2,42,16.5,4.2,1.9,0,0.5,16.5,2.8,13.2,2012.7
87,62,1,28,17,10.8,1.1,12,2.2,5,1.7,8.3,1317.5
87,24,3,37.5,14.2,3.2,1.5,0,1.5,14.2,3.2,8.8,1720.3
87,46,2,6,1.8,0.1,0.3,0,0.1,1.8,0,1.7,210.6
87,68,3,26,10.8,4.3,1.8,0.3,0.9,10.5,1.6,9,1455.4
87,88,3,86,36.6,7.6,2.5,0.6,0.5,36,2.1,36.6,5019.9
87,89,1,208,98.7,28.6,2,32.5,6,66.2,3.3,72.8,10252.1
87,79,1,2,1,0.3,0.1,0,0.1,1,0.1,0.9,124.7
87,8,2,4,1.6,0.4,0,0,0,1.6,0.2,1.2,186.8
87,10,2,14.5,4.8,0.8,0.8,0,0.2,4.8,0.3,4.5,554.7
87,9,3,21,7.1,1.2,1.2,0,0.2,7.1,0.6,6.4,803.4
87,90,0,138.5,70,29,4,26,5,44,3,52,7943
87,93,0,924,542,301,13,411,35,131,52,307,43657
87,87,3,19,7.5,1.4,0.4,0.5,0.4,7,0.9,7.5,1158.1
87,85,2,81,32.3,7.2,1.9,1,3.9,31.3,0.9,26.1,4556.5
87,84,2,115,43.8,9.3,2.9,0,2.9,43.8,2.9,37.3,5664.7
87,77,1,39,17.2,1.9,0.4,0,1.2,17.2,1.4,16.6,2418.8
87,2,1,1,0.3,0,0.1,0,0,0.3,0,0.2,30.3
87,94,0,602.5,325,183,16,247,26,78,42,161,25676
87,78,1,30,11.9,2.1,0.8,0,0.4,11.9,0.8,10.7,1769.6
87,92,0,527.5,299,161,12,192,17,107,19,169,27973
87,0,3,18,6.5,1.3,0.2,0,0.2,6.5,0.9,6.3,953.1
87,91,0,387.5,186,76,10,31,4,155,7,166,21091
87,98,0,168,104,59,1,103,8,1,13,57,8642
114,40,2,11,5.2,1.6,0.1,0,0.2,5.2,0.3,4.9,547.2
114,17,1,46,17.8,5.8,2,0,0.5,17.8,1.5,14.6,2001.6
114,79,3,31,12.6,2.9,0.8,0,0.8,12.6,1.4,11.8,1259.2
114,84,1,171,64.5,12.5,6,0,4.5,64.5,4.6,56.2,6934.5
114,64,1,1,0.4,0.1,0,0,0,0.4,0.1,0.3,41.2
114,31,1,8,3.5,0.7,0.2,0,0.2,3.5,0.5,3.2,364.3
114,32,2,17.5,7.7,1.5,0.4,0,0.4,7.7,1.2,7,797
114,21,1,3,1.1,0.3,0,0,0,1.1,0.2,1.1,125.7
114,88,2,4,2.2,1.2,0,0.6,0.2,1.6,0.6,1.8,205.4
114,39,2,57,23.9,5,1.2,0,1.3,23.9,0.7,20.2,2336.6
114,4,1,5,2.4,1,0,0,0.2,2.4,0.6,1.6,258.2
114,75,2,13,5,1,0.5,0,0.9,5,0.5,3.9,524.5
114,100,2,11,4.4,0.6,0,0,0,4.4,0.6,4.1,581.8
114,2,2,11,5.3,2.5,0.4,0,0.4,5.3,0.8,4.1,448.5
114,94,2,43,25.9,11.8,0,0.2,2.1,25.7,1.4,22.5,3773.3
114,98,2,19,7,0.7,0.2,0,0.4,7,0,5.9,993.3
114,48,2,9.5,4.5,2,0.1,0.7,0.3,3.8,0.4,2.7,425.5
114,30,1,2,0.9,0.2,0,0,0,0.9,0.1,0.8,91.1
114,37,2,17,8.5,3.1,0.3,0,0.3,8.5,0.9,7,904.3
114,97,2,155,60.7,8.1,4.3,4,4.8,56.7,2,44.7,7266.5
114,38,2,3,1.5,0.6,0,0,0,1.5,0.2,1.2,159.6
114,27,2,40.5,12.6,1.1,2.5,0,0.8,12.6,0.8,12.6,1374.8
114,58,4,36,14.5,4.6,1.3,0,0.5,14.5,0.8,14.3,1613.7
114,67,2,29,10.7,2.6,1.7,0,0.5,10.7,1.2,9.4,1081.9
114,16,2,13,4.8,0.7,0,0,0.5,4.8,0.5,4.6,616.6
114,51,1,6,2.8,1,0.2,0,0,2.8,0.5,2.4,284.5
114,73,2,26,10.4,1.8,0.5,0,0.2,10.4,1.1,8,1082.3
114,85,0,108,45,15,5,2,3,43,6,32,4521
114,74,1,44,17.4,6.1,2.6,0,2,17.4,0.6,14.2,1854.9
114,105,1,4,1.9,0.8,0.2,0,0,1.9,0.1,1.7,231.9
114,86,1,10,4.6,1.1,0,0,1.1,4.6,0.4,3.7,486.8
114,35,1,2,0.7,0.1,0.1,0,0,0.7,0.1,0.7,70.1
114,0,3,7,2.8,0.5,0,0,0.1,2.8,0.2,2.5,318.7
114,96,0,164.5,75,21,1,8,6,67,3,60,7662
114,52,3,15,6.3,1.8,0.5,0.3,1,6,0.7,5.2,626.3
114,77,4,64,26.5,6.7,2.6,0.8,2.1,25.7,2.1,23.1,2733.5
114,103,2,4,1.4,0.2,0,0,0,1.4,0.2,1,163.8
114,54,3,19,7,1.1,0.3,0,0.8,7,0,6.2,623.8
114,76,3,33,12.7,2.6,1.3,0,2.2,12.7,1.3,10,1336.2
114,78,2,9,3.7,0.9,0.3,0.1,0.3,3.6,0.3,3.3,384.4
114,11,3,28,10.7,3,1.2,0,0.9,10.7,0,9.6,1241.2
114,25,1,120,50.4,15.7,2.3,3.3,6.4,47.1,5.6,21.1,4260.8
114,95,2,18,8.8,1.9,0,0.3,0.3,8.5,0.8,7.7,1516.9
114,61,1,5,1.8,0.2,0.3,0,0,1.8,0.1,1.6,198
114,104,1,5,2.4,1.1,0.2,0,0,2.4,0.1,2.1,289.9
114,24,1,4,1.5,0.3,0,0.1,0.2,1.4,0.1,1.1,141.5
114,36,2,10,4.3,1.2,0.3,0,0.1,4.3,0.6,3.8,441.2
114,41,1,4,1.6,0.4,0.2,0,0.1,1.6,0.3,1.3,147.9
114,57,1,2,0.8,0.3,0.1,0,0,0.8,0,0.8,89.7
114,46,1,3,1.6,0.7,0,0,0.3,1.6,0.5,1.3,132.7
114,66,2,73,25.4,3.1,2.5,0,2.1,25.4,1.6,21.1,2904.9
114,87,1,5,2.8,1.4,0,0.7,0.2,2.1,0.7,2.3,256.7
114,9,1,4,1.5,0.4,0.2,0,0.2,1.5,0,1.3,172.8
114,14,1,5,1.6,0.1,0.2,0,0,1.6,0.2,1.5,168.8
114,55,1,11,4,0.6,0.2,0,0.4,4,0,3.6,361.1
114,12,1,12.5,6.6,2,0,0,0,6.6,0,6.1,673
114,101,2,20,7.4,1.1,0.4,0,0.4,7.4,1.1,5.8,866.5
114,28,4,69.5,21.7,1.9,4.4,0,1.3,21.7,1.3,21.7,2359.3
114,10,2,8,2.9,0.8,0.4,0,0.3,2.9,0,2.6,345.5
114,26,0,142,54,17,7,3,3,51,5,32,5142
114,1,4,11,5,1.8,0.3,0,0.4,5,0.6,4.1,467.6
114,83,1,6,2.3,0.1,0.2,0,0.1,2.3,0.2,2.1,230.4
114,43,2,26,10.2,2.6,1.3,0,0.8,10.2,2.2,8.4,961.2
114,44,2,9,4.7,2.1,0,0,0.9,4.7,1.5,4,398.1
114,19,1,11,5.5,2,0,0,0.5,5.5,0,3,516.5
114,53,1,6,2.5,0.7,0.2,0.1,0.4,2.4,0.3,2.1,250.5
62,78,4,15,5.3,0.7,0.7,0.3,0,5,0.7,3.5,653.2
62,46,2,13,5.9,1.8,0,0,0.3,5.9,0.3,4.7,629.7
62,18,2,15.5,6.4,1.6,0.3,2,0.3,4.4,1,5,559.6
62,79,3,12,4.6,1.2,1,0.6,0.4,4,0.2,3,470
62,2,3,11,5,1.7,0,0,0.3,5,0.8,4.2,510.7
62,39,2,115,44.4,7.6,3.3,0,2.4,44.4,1.6,42.5,4627.9
62,65,0,28,12,4,1,2,1,10,4,10,1057
62,8,1,14,5.8,1.4,0.6,0,0.4,5.8,0,5.4,636.2
62,33,3,10,3.9,1.1,0.6,0,0.3,3.9,0.8,3.6,429.7
62,17,1,3,1.2,0.3,0.1,0.4,0.1,0.8,0.2,1,108.3
62,22,1,2,1,0.4,0,0,0,1,0.2,0.8,88.1
62,47,4,14,6.3,1.9,0,0,0.2,6.3,0.2,5.1,678.1
62,13,2,15,6.1,2.1,0.7,0,0,6.1,0,5.2,705.3
62,81,1,218,106.2,48,5.4,39.8,4.6,66.4,7.4,57.9,9188.3
62,15,1,1,0.4,0.1,0,0.1,0,0.3,0.1,0.3,36.1
62,88,3,16,8.1,2.5,0.1,0.1,0.5,8,0.7,6.7,964.3
62,60,2,17.5,7.3,1.6,0.3,0,0,7.3,0.4,5.7,761
62,35,2,142.5,58.2,13,2.8,0.4,11.4,57.8,4.9,40.3,5784.6
62,7,3,16,6.6,1.6,0.8,0,0.5,6.6,0,6.2,727
62,57,1,4,1.5,0.3,0.1,0,0,1.5,0,1.5,153.5
62,58,2,7,2.7,0.4,0.3,0,0,2.7,0,2.7,268.7
62,4,1,1,0.5,0.2,0,0,0.1,0.5,0.1,0.5,50.2
62,32,2,9,3.5,1,0.5,0,0.2,3.5,0.7,3.2,386.8
62,37,4,64,28.4,8.1,1,0,1,28.4,3.2,22,2838
62,9,1,3,1.6,0.8,0,0,0,1.6,0.4,1.6,164.9
62,67,2,9,3.6,0.8,0.3,0,0.3,3.6,0.5,3.3,403.8
62,51,2,21.5,8.8,2.1,0.5,0,1.5,8.8,1,6.3,951.1
62,28,2,15,6.7,2.6,0,0,1,6.7,2.6,5.1,633.1
62,72,3,15,6.6,1.7,0.3,0.7,0,5.9,0.9,6.6,680.1
62,34,2,89,33,7.6,2.9,0.5,0.4,32.5,1.1,28.7,3525.8
62,42,2,23,7.5,0.9,0.9,0,0.9,7.5,0,5.6,1046.3
62,69,2,8,3.3,0.7,0.3,0,0.7,3.3,0.3,2.3,301.9
62,90,3,18,9.1,4.1,0.5,0.8,0.4,8.3,1.1,7.5,1070.7
62,91,2,50,19.6,2.9,2,0.1,0.2,19.5,0.1,19.5,2719.1
62,11,3,25,10.6,3.9,1,0,0,10.6,0.5,9.3,1207.1
62,64,1,7,3.3,1.3,0.4,0,0,3.3,0.2,2.8,293.8
62,59,2,6,2.5,0.6,0.1,0,0,2.5,0.2,1.9,260.9
62,75,2,11,4.2,0.9,0.6,0,0.5,4.2,0.5,3.1,484.9
62,70,2,6,2.5,0.5,0.2,0,0.5,2.5,0.2,1.7,226.4
62,80,1,70,31.4,11.1,3.1,0.1,3,31.3,2,20.3,3096.2
62,50,1,14,5.7,1.7,0.6,0.4,0.5,5.3,0.4,4.5,617
62,63,2,43,14.1,1.2,1.5,0.8,2.1,13.3,1.5,10.8,1453
62,89,4,45,22.8,10.3,1.5,2.2,0.9,20.6,2.7,18.9,2676.9
62,56,3,5,2.1,0.5,0.2,0.1,0.1,2,0.1,1.7,238.5
62,87,1,7,3.6,1.1,0.1,0.1,0.2,3.5,0.3,2.9,421.9
62,76,1,7,2.5,0.3,0.3,0.2,0,2.3,0.3,1.6,304.8
62,85,1,36,13.9,1.9,1,0,1.1,13.9,1.2,13.3,2004.8
62,74,1,3,1.1,0.2,0.2,0,0.1,1.1,0.1,0.8,132.2
62,49,1,17,6.9,2.1,0.8,0.5,0.7,6.4,0.5,5.5,749.2
62,62,2,8,2.6,0.2,0.2,0.2,0.4,2.4,0.2,2,270.4
62,6,1,2,1,0.3,0,0.1,0.1,0.9,0.1,0.9,100.3
62,26,2,5,1.9,0.4,0.2,0,0.2,1.9,0.5,1.5,187.6
62,36,2,102.5,46.7,17.3,1.5,0,1.5,46.7,3.4,39.1,4715.1
62,27,1,4,1.8,0.7,0,0,0.3,1.8,0.7,1.4,168.8
62,83,2,14,5.8,1.8,1.1,1.6,0.2,4.2,0.2,3.1,570
62,82,0,288.5,139,48,5,12,11,127,15,100,14263
62,12,1,5,2,0.7,0.2,0,0,2,0,1.7,235.1
62,84,1,31.5,14,4.3,1,0,1,14,0.1,13.8,1997.6
62,52,2,7,2.8,0.7,0.1,0,0.5,2.8,0.3,2,309.7
62,92,4,23,12,3.2,0,0.4,0.9,11.6,0.4,11.5,1840.4
62,44,1,3,1.4,0.4,0,0,0.1,1.4,0.1,1.1,145.3
62,24,1,1,0.4,0.1,0,0,0,0.4,0.1,0.3,36.4
62,3,2,3,1.4,0.5,0,0,0.1,1.4,0.2,1.2,139.2
62,66,1,7,3.3,1.3,0.4,0,0,3.3,0.2,2.8,293.8
62,10,1,1,0.5,0.3,0,0,0,0.5,0.1,0.5,55
62,95,3,7,4,1.4,0,0.5,0.2,3.5,0.2,2.8,609.9
62,96,1,5,2.8,1,0,0.3,0.1,2.5,0.1,2,435.7
89,46,0,251.5,91,24,11,0,11,91,11,52,8469
89,57,3,18,8.6,2.2,0.2,0.2,1.1,8.4,0.2,8.2,1162.9
89,31,3,21.5,9,3,0,0,0.9,9,1.1,7.7,849.2
89,13,3,12,4.3,0.5,0.5,0,0.5,4.3,0.5,4.1,469.9
89,32,1,6,2.8,1.1,0,0,0.4,2.8,0.4,2.6,241.1
89,45,2,136.5,52.3,12.6,5.1,0,2.1,52.3,2.5,50.3,5387
89,37,1,4,1.8,0.2,0,0,0.2,1.8,0.2,1.7,169.7
89,67,1,6,2.5,0.6,0.2,0,0.3,2.5,0.5,1.9,297.5
89,64,2,137.5,54.3,13.7,5,0.2,5.5,54.1,4,47.6,6185.4
89,36,3,60,26.6,6.1,0,0,2,26.6,3.1,24.1,2654.1
89,54,2,30,10.7,2.9,1.4,0,1.2,10.7,0,10.2,1249.3
89,55,1,4,1.4,0.4,0.2,0,0.2,1.4,0,1.4,166.6
89,48,3,39,15.6,4.2,1.7,0,1.7,15.6,1.7,13.9,1684.3
89,50,2,4,1.6,0.6,0.4,0,0.2,1.6,0.2,1.4,152.4
89,47,2,100,33.2,5.8,4.4,0,3.4,33.2,1.4,30.8,3572.5
89,44,2,4,1.5,0.3,0.3,0,0.1,1.5,0,1.5,146.1
89,58,2,53,22.2,4.4,1.1,0.1,0.6,22.1,1.1,22,3010.7
89,28,1,2,0.9,0.3,0.1,0,0,0.9,0.2,0.7,108.1
89,23,1,4,1.4,0.2,0.2,0,0.1,1.4,0.2,1.1,143.1
89,15,2,7,2.2,0.4,0.6,0,0,2.2,0.4,1.8,244
89,53,1,2,0.9,0.2,0,0,0,0.9,0.2,0.8,117.7
89,51,1,6,2.8,0.8,0,0,0,2.8,0.6,2.4,353.1
89,66,4,37,15.4,3.9,1.1,0.1,1.6,15.3,1.9,12.6,1814.4
89,29,1,7,2.3,0.4,0,0,0,2.3,0.2,1.7,268.3
89,56,1,1,0.5,0.1,0,0,0.1,0.5,0,0.5,64.6
89,65,2,7,2.9,0.7,0.2,0,0.2,2.9,0.2,2.5,340.2
89,24,2,24,10.7,4.7,1.3,0,0.8,10.7,1.7,9,1159.7
89,49,1,13,4.9,1.8,1.2,0,0.8,4.9,0.6,4.3,495
89,26,2,9,3.9,1.6,0.5,0,0.2,3.9,0.7,3.4,457.8
89,88,0,257,111,21,5,0,9,111,6,97,12996
89,90,0,268,119,39,7,18,12,101,6,91,11376
89,8,2,13,5.1,1.2,0.5,0.5,0.6,4.6,0.9,3.6,488.6
89,89,1,309.5,176.6,83.7,2.2,72.3,8,104.3,9,126.3,16540.9
89,86,1,40,21.4,6.3,0,0,0,21.4,0.6,19.4,2610.2
89,9,3,82,34.4,10.3,1.2,5,3.9,29.4,3.9,19.5,2492.3
89,3,1,6,2.4,0.8,0.4,0.4,0,2,0.8,1.7,250.7
89,6,2,10,3.9,1,0.3,0.2,0.4,3.7,0.7,3.1,422
89,96,0,1212.5,749,445,17,728,94,21,112,181,49002
89,85,2,3,1.4,0.4,0,0,0,1.4,0.1,1.1,182.1
89,16,2,9,3,0.2,0.4,0,0.2,3,0.4,2.7,345.9
89,93,0,604.5,334,181,11,188,35,146,52,150,26169
89,91,1,235,113.4,40.3,4.8,36.7,20,76.7,17,66.7,9706.1
89,84,2,10,4.7,1.3,0,0,0,4.7,0.3,3.6,606.7
89,94,1,378.5,216.3,125.5,8.1,145.4,27.1,70.9,67.3,52.2,13363.7
89,82,2,5,1.8,0.1,0.1,0,0.1,1.8,0.1,1.5,268
89,19,1,2,0.7,0.1,0.1,0,0,0.7,0.1,0.6,71.6
89,87,2,16,6,1.3,0.8,0,0.5,6,1,5.5,836
89,11,3,19,6.9,0.9,0.4,0,0.7,6.9,0.6,6.3,693.2
89,18,1,4,1.3,0.1,0.2,0,0.1,1.3,0.2,1.2,153.7
89,2,1,8,3.2,1,0.5,0.5,0,2.7,1,2.2,334.2
89,97,0,1035,649,399,14,576,68,73,59,209,41921
89,83,1,2,0.7,0,0,0,0,0.7,0,0.6,107.2
89,95,1,389.5,194.8,90.2,11.1,97.2,23.1,97.6,53.3,66.8,14381.9
89,81,1,18,6.4,0.4,0.4,0,0.4,6.4,0.4,5.6,964.7
89,98,0,781,421,212,17,372,66,49,51,90,32976
89,14,1,11,3.4,0.6,1,0,0,3.4,0.6,2.8,383.4
89,7,2,18,7,1.7,0.6,0.6,0.8,6.4,1.3,4.9,676.4
89,92,0,938.5,512,243,8,400,83,112,73,196,36793
89,10,1,6,2.2,0.2,0.1,0,0.2,2.2,0.2,2,214.6
89,4,1,4,1.6,0.4,0.1,0,0.1,1.6,0.3,1.4,196.5
89,99,1,3,1.8,1.1,0,0.4,0,1.4,0.2,1.6,222.2
89,20,1,2,0.7,0.1,0.1,0,0,0.7,0.1,0.6,71.6
89,17,1,2,0.7,0,0.1,0,0,0.7,0.1,0.6,76.9
89,5,1,2,0.8,0.2,0,0,0.1,0.8,0.2,0.7,98.2
89,1,1,2,0.8,0.2,0.1,0.1,0,0.7,0.2,0.6,83.6
37,56,3,8,4.2,1.9,0.2,0,0.2,4.2,0.6,3,430.7
37,38,3,15,6.7,2.4,0.8,0,0.8,6.7,1.3,5.1,625.4
37,31,1,5,2.2,0.5,0.1,0,0.1,2.2,0.1,1.7,242.8
37,17,2,8,4.2,1.3,0,0,0.6,4.2,0.6,3.8,381.4
37,28,3,33,16.5,3,0,0,2.3,16.5,2.3,15,1568.2
37,90,1,4,1.7,0.2,0,0,0.1,1.7,0.2,1.5,183.9
37,110,1,7,3.5,0.7,0.1,0.4,0.1,3.1,0.3,2.6,318.6
37,57,1,4,2.1,1,0.1,0,0.1,2.1,0.2,1.5,215.4
37,18,3,15,7.7,2.4,0,0,1.3,7.7,1.3,7.3,715.3
37,86,3,7,2.9,0.9,0.1,0,0.1,2.9,0.5,2.2,327.7
37,5,2,5,2.2,0.5,0,0,0.2,2.2,0.2,1.7,260.5
37,60,2,16,5.9,1.6,0.9,0.4,0.7,5.5,0.5,5.1,613.4
37,94,2,7,3.3,0.7,0.2,0,0.2,3.3,0.2,2.5,421
37,35,2,8,4.3,2.1,0,0.2,0.3,4.1,1,2.9,380.5
37,69,2,110.5,42.9,7.5,3,1.1,3.5,41.8,1,39.9,4748.9
37,4,3,17,7.5,1.7,0,0,0.5,7.5,0.5,5.9,885.7
37,19,1,11,4.5,1.3,0.4,0,0,4.5,0.2,3.9,445.8
37,55,1,2,1.1,0.5,0.1,0,0.1,1.1,0.1,0.8,107.7
37,47,2,15,6,1.5,1,0,0,6,0,5,644.5
37,37,3,4,1.7,0.7,0.3,0,0.3,1.7,0.4,1.3,166.8
37,72,2,65,24.6,2.8,0.4,0.2,3.3,24.4,2.3,21.6,2615.1
37,74,1,6,2,0.2,0.2,0,0.1,2,0.1,2,245.7
37,62,1,8,3.3,1.1,0.4,0,0.2,3.3,0.2,2.4,427.3
37,73,3,35,13.4,2.4,1.2,0.4,0.8,13,0.8,10.6,1528.6
37,42,2,12,5,1.4,0.6,0,0.8,5,0.6,3.8,558.6
37,67,2,14,5.5,0.8,0.4,0,0.4,5.5,0.4,5.5,664.2
37,3,1,4,1.6,0.4,0,0,0.2,1.6,0.3,1.2,153.7
37,71,2,11,4.2,0.7,0.4,0.1,0.2,4.1,0.2,3.3,480.4
37,84,2,7,2.7,0.4,0.1,0,0.5,2.7,0.2,2.3,315
37,15,1,4,1.6,0.3,0,0,0.1,1.6,0.3,1.5,154.3
37,53,2,11,5.5,2,0.2,0.2,0,5.3,0.7,4.5,618
37,65,1,2,1,0.4,0.1,0.2,0.1,0.8,0.1,0.7,89.5
37,52,1,7,3.5,1.3,0.2,0.2,0,3.3,0.5,2.9,393.3
37,68,1,2,0.8,0.1,0.1,0,0.1,0.8,0.1,0.8,94.9
37,96,1,2,0.8,0.3,0,0,0.1,0.8,0.1,0.6,95.8
37,12,2,7.5,3.1,1.4,0.6,0,0.5,3.1,1.8,2.9,304
37,81,1,1,0.5,0.2,0,0,0,0.5,0.2,0.4,48.8
37,25,1,2,0.9,0.2,0.1,0.1,0,0.8,0,0.8,91.2
37,33,2,12,5.2,1.4,0.2,0,0.2,5.2,0.2,4.2,582.8
37,83,1,2,0.9,0.3,0,0,0.1,0.9,0.3,0.8,97.6
37,93,3,8,4,1.6,0.2,0.5,0,3.5,0.8,3,431.5
37,98,1,4,1.7,0.6,0,0,0.2,1.7,0.2,1.2,191.7
37,95,1,3,1.4,0.3,0.1,0,0.1,1.4,0.1,1.1,180.4
37,24,1,11,4.9,1.3,0.3,0.3,0,4.6,0,4.2,501.5
37,29,1,9,3.9,1,0.2,0,0.2,3.9,0.2,3.1,437.1
37,85,2,11,4.2,0.6,0.1,0,0.7,4.2,0.4,3.6,494.9
37,41,3,25,10.1,2.6,1.1,0,1.7,10.1,1.2,7.6,1138.8
37,109,2,8,4,0.8,0.1,0.5,0.1,3.5,0.3,2.9,364.2
37,34,1,2,1.1,0.5,0,0.1,0.1,1,0.2,0.7,95.1
37,61,2,7,2.5,0.7,0.4,0.1,0.3,2.4,0.3,2.2,268.4
37,50,2,11,4,0.6,0.4,0.2,0.3,3.8,0.3,3.2,475.6
37,10,1,2,0.8,0.4,0.2,0,0.1,0.8,0.5,0.8,81.1
37,39,1,3,1.1,0.1,0.1,0,0.2,1.1,0.1,0.8,121
37,11,1,3,1.2,0.5,0.3,0,0.2,1.2,0.7,1.1,121.6
37,91,1,7,3.5,1.3,0.2,0.4,0,3.1,0.7,2.6,377.6
37,46,1,8,3.2,0.8,0.5,0,0,3.2,0,2.7,343.7
34,31,2,6,3.4,1.2,0,0,0.3,3.4,0.3,2.3,295.6
34,79,2,6,2.7,0.8,0,0.3,0.1,2.4,0.7,1.6,261.6
34,56,2,4,1.6,0.3,0.1,0.1,0,1.5,0.4,1.2,175.9
34,97,3,19,9.2,3.1,0,0,0.6,9.2,0.6,7.4,1015.6
34,17,2,29,13.4,4.2,0.8,2,0.3,11.4,1.5,11.4,1207
34,81,2,8,3.7,1.1,0.1,0.2,0.1,3.5,0.9,2.6,363
34,55,2,8,2.8,0.4,0.5,0.3,0.1,2.5,0.7,2.4,277.3
34,88,2,7,3,1.1,0.2,0.1,0,2.9,0.5,2.1,332.8
34,90,2,101.5,52.6,19.8,2.2,8,6.2,44.6,10.2,36.2,5154
34,110,2,6,3,0.6,0.1,0.3,0.1,2.7,0.3,2.2,273.1
34,44,1,11.5,5.2,1.5,0,0.9,0.4,4.3,0.7,3.5,509.7
34,22,1,3,1.1,0.4,0.1,0,0.1,1.1,0.4,1,132.1
34,94,1,2,0.9,0.2,0.1,0,0.1,0.9,0.1,0.7,120.3
34,58,4,22,9.6,2.7,0,0,0,9.6,2.1,6.2,1172.9
34,36,1,7,3.8,1.8,0,0.2,0.3,3.6,0.8,2.5,332.9
34,19,3,20,8.1,2.4,0.7,0,0,8.1,0.4,7.2,810.5
34,69,1,5,2,0.5,0.1,0,0.2,2,0.2,1.6,228.8
34,54,1,13,4.6,0.5,0.9,0.4,0.2,4.2,1.1,3.8,450.6
34,107,1,7,3.3,1,0.3,0.1,0.3,3.2,0.3,2.6,320.3
34,89,1,4,1.9,0.6,0,0,0,1.9,0.1,1.7,195
34,16,1,11,5.1,1.6,0.3,0.7,0.1,4.4,0.6,4.3,457.8
34,9,3,5,2.2,0.7,0.2,0,0.2,2.2,0.2,2,233.5
34,45,1,2,0.9,0.3,0,0.1,0.1,0.8,0.1,0.6,88.6
34,0,2,5,2,0.5,0,0,0.3,2,0.4,1.5,192
34,70,3,21,8.4,2,0.6,0.1,0.8,8.3,0.9,6.9,961
34,4,1,5,1.8,0.2,0.1,0,0.3,1.8,0.2,1.1,198.8
34,67,1,5,2.4,0.9,0.3,0.3,0.2,2.1,0.3,1.7,223.8
34,6,1,1,0.4,0,0,0,0.1,0.4,0,0.2,39.8
34,40,2,6,2.2,0.2,0.2,0,0.4,2.2,0.2,1.6,242
34,91,1,180,103.1,53.9,2,50,11,53.1,13.6,49.2,8090.3
34,73,1,2,0.8,0.2,0.1,0,0.1,0.8,0.1,0.7,91.5
34,74,3,12,4.1,0.9,0.8,0,0.2,4.1,0.5,3.9,526.1
34,82,1,5,2.6,0.6,0.2,0.2,0,2.4,0.5,2.6,253.4
34,15,1,5,2,0.4,0,0,0.1,2,0.4,1.9,192.9
34,80,1,1,0.5,0.1,0,0.1,0,0.4,0.1,0.3,43.6
34,76,1,4,1.4,0.3,0.3,0,0.1,1.4,0.2,1.3,175.4
34,96,2,5,2.4,0.7,0,0,0.1,2.4,0.1,1.9,273.9
34,71,2,25,10,2.4,0.7,0.2,0.9,9.8,1.1,8.1,1144
34,116,1,2,1,0.2,0,0.1,0,0.9,0.1,0.7,91
34,18,2,10,4.6,1.5,0.3,0.6,0.2,4,0.5,4,416.2
34,108,3,21,9.8,3,0.8,0.2,0.8,9.6,1,7.8,960.9
34,95,1,2,0.9,0.2,0.1,0,0.1,0.9,0.1,0.7,120.3
34,23,1,99,50.4,19.1,2,0,4,50.4,9.1,38.3,5322
34,25,2,15,6.3,2.1,0.3,0,0.3,6.3,0.8,5.6,618.4
34,84,1,2,0.9,0.3,0.1,0,0,0.9,0.1,0.6,95.1
34,53,1,2,0.7,0.1,0.1,0,0,0.7,0.1,0.6,76
34,47,1,3,1.4,0.4,0,0.2,0.1,1.2,0.2,0.9,133
34,13,1,6,2.5,0.6,0.1,0.1,0.1,2.4,0.6,1.2,246.8
34,30,1,2,1.1,0.4,0,0,0.1,1.1,0.1,0.8,98.5
34,57,1,6,2.6,0.8,0,0,0,2.6,0.6,1.7,319.9
34,24,3,31,13,4.3,0.6,0,0.6,13,1.6,11.4,1278.1
34,63,2,9,3.7,1.3,0.4,0,0.2,3.7,0.2,2.7,480.7
34,64,3,17,8.1,3.1,1.2,1.2,0.8,6.9,1.2,5.9,760.7
34,14,1,2,0.8,0.2,0,0,0.1,0.8,0.2,0.7,77.2
34,92,3,10,6,2.7,0,0,0,6,1,4.6,560.4
34,29,1,4,2.3,0.8,0,0,0.2,2.3,0.2,1.5,197.1
34,61,2,6,2.1,0.5,0.3,0,0.2,2.1,0.2,1.7,243.5
34,5,1,5,1.8,0.2,0.1,0,0.3,1.8,0.2,1.1,198.8
34,109,2,10,4.9,1,0.1,0.5,0.1,4.4,0.3,3.7,455.2
99,65,1,6,2.3,0.4,0.1,0,0.2,2.3,0.2,1.9,241.8
99,55,1,4,1.5,0.2,0.2,0,0,1.5,0.1,1.3,132.8
99,56,3,45,16.9,1.7,2.5,0,0,16.9,0.9,14.5,1823.1
99,62,1,6,2.1,0.2,0.3,0.3,0.2,1.8,0.8,1.8,194.1
99,40,1,7,2.9,0.9,0.2,0,0.2,2.9,0.2,2.7,287
99,70,1,175.5,87.6,38.2,2.6,42.9,12.3,44.7,11.5,36.8,6445.5
99,88,2,3,1.5,0.6,0,0,0.2,1.5,0.3,1.4,157.2
99,89,3,9,3.2,0.7,0.2,0,0,3.2,0,2.7,479.2
99,8,3,10,4.4,0.4,0,0.4,0.4,4,0,4,484.6
99,79,1,2,0.9,0.3,0,0.2,0.1,0.7,0.2,0.7,83.3
99,35,2,9,3,0.8,0.7,0,0.2,3,0.1,2.9,372.6
99,2,4,79,24.3,3.6,2.8,0,2.1,24.3,2.8,21.6,2558.1
99,47,2,9,3.9,1.5,0.3,0,0.3,3.9,0.6,3,358.5
99,67,1,1,0.4,0.1,0,0,0,0.4,0,0.3,39.7
99,10,2,7,2.6,0.5,0.2,0,0.2,2.6,0.2,2.1,269.5
99,27,2,15,5.4,1.5,0.9,0.3,0,5.1,0.6,4.5,473.4
99,86,1,4,1.7,0.4,0.2,0.3,0.1,1.4,0.1,1.5,213.1
99,99,2,8,3.2,0.8,0.3,0,0,3.2,0.3,2.7,426.8
99,71,2,172,77.3,31.6,3.7,17.3,7.1,60,14.2,47.8,7109.8
99,34,1,6,2,0.5,0.4,0,0.2,2,0.1,1.9,248.4
99,3,2,12,3.7,0.6,0.4,0,0.3,3.7,0.4,3.3,388.6
99,100,3,18,7.2,1.8,0.6,0,0,7.2,0.6,6,960.2
99,39,3,10,4,1.2,0.2,0,0.2,4,0.2,3.8,410
99,21,1,4,1.6,0.5,0.1,0,0.2,1.6,0.2,1.5,153.5
99,106,1,1,0.4,0.1,0,0,0.1,0.4,0,0.4,70.5
99,101,2,29,11.9,2.7,0.9,0.6,0.7,11.3,0.9,10.8,1745
99,4,1,1,0.4,0.1,0,0,0,0.4,0,0.3,42.9
99,22,1,47,19.2,5.3,0.7,0,2.6,19.2,2,17.2,1803.9
99,68,2,98,35.4,7.7,3,0,1.8,35.4,3.8,32.8,3286.2
99,85,2,11,4.7,1.1,0.6,0.8,0.3,3.9,0.3,4.1,586
99,98,3,27,11.5,3.6,1.1,0,1.1,11.5,0,9.7,1268.6
99,103,2,17,7.1,1.6,0.5,0.5,0.5,6.6,0.5,6.5,1059.9
99,69,2,26,11.5,3.8,1.1,1.6,0.5,9.9,0.8,8.3,1016.6
99,18,1,123.5,36.9,4.7,8.1,0,2.1,36.9,1,31.5,4055.5
99,102,3,23,9.6,2.1,0.6,0.6,0.6,9,0.6,8.8,1434
99,19,2,32.5,10.7,0.9,0,0,0.9,10.7,0.9,9.8,1138.8
99,17,1,11,4.2,1.6,0.2,0,0.2,4.2,0,3.3,447.7
99,64,2,14,5.3,1,0.2,0,0.4,5.3,0.4,4.5,564.1
99,77,2,44,17.2,5.6,2.2,0,0.4,17.2,1.4,14.8,1958.4
99,83,1,5,1.9,0.3,0.2,0,0.1,1.9,0.2,1.8,259.6
99,96,2,33,11.6,1.8,0.8,0,1,11.6,0.5,11.1,1386.8
99,13,2,38,11.5,2.2,3.1,0,0,11.5,0,10.6,1237.2
99,92,1,5,2.2,0.7,0.1,0,0,2.2,0.1,1.5,257.3
99,14,2,9,3.2,0.6,0.3,0,0.2,3.2,0.2,2.6,357.9
99,78,2,11,4.4,0.7,0.3,0,0.4,4.4,0.6,3.8,462.4
99,51,2,30,12.1,4.9,0.9,0,0.4,12.1,1.8,9.4,1232.2
99,95,2,37.5,13.1,2,0.9,0,1.1,13.1,0.6,12.5,1575.9
99,81,1,3,1.3,0.5,0,0.2,0.1,1.1,0.2,1,125
99,12,1,18,5.4,1,1.5,0,0,5.4,0,5,586
99,94,1,12,4.2,0.7,0.3,0,0.4,4.2,0.2,4,504.3
99,97,1,5,2.1,0.7,0.2,0,0.2,2.1,0,1.8,234.9
99,91,2,10,4.4,1.4,0.2,0,0,4.4,0.2,3,514.6
99,80,1,4,1.8,0.7,0,0.3,0.1,1.5,0.3,1.3,166.7
99,104,2,6,2.6,0.6,0,0,0.4,2.6,0.2,2.2,423
99,52,1,1,0.4,0.2,0,0,0,0.4,0.1,0.3,41.1
99,16,2,11,4.2,1.6,0.2,0,0.2,4.2,0,3.3,447.7
99,76,2,3,1.3,0.4,0.1,0,0.2,1.3,0.1,1.3,146.3
67,31,4,28,11.2,3.6,1.1,0,0.2,11.2,1.6,10.9,1183.6
67,2,1,7,2.9,0.9,0.2,0,0,2.9,0,2.7,334.9
67,38,4,26,9.6,2.1,1.4,0,0.9,9.6,0.3,8.8,1118
67,16,1,7,3.7,2.2,0.2,0,0,3.7,0.2,2.4,364.9
67,48,0,300,135,42,4,0,11,135,5,125,12974
67,60,2,11,3.6,0.8,0.8,0,0.6,3.6,0.6,3.6,352.8
67,5,2,8,3.3,0.8,0.3,0,0.3,3.3,1.3,3.1,336.5
67,76,2,16,7,1.9,0.1,0,0.1,7,0.5,4.6,728.7
67,46,4,31,13,2.4,1.2,0.7,1.3,12.3,0.7,10.5,1383.8
67,54,1,2,0.9,0.5,0.1,0.1,0.1,0.8,0.2,0.7,107.8
67,51,2,3,1.1,0.2,0.2,0.1,0.1,1,0.2,0.8,122.4
67,44,0,266.5,120,38,7,2,5,118,8,95,11339
67,35,3,77,32.3,7.3,1.4,3,1.4,29.3,4.4,25.4,3248.8
67,34,1,202.5,76.8,13.9,6.3,2,15.3,74.8,3.3,45.1,6872
67,20,1,9,3.7,0.6,0,0,0.6,3.7,0.3,2.8,413.7
67,45,4,29.5,11.9,1.5,1.5,1,1.5,10.9,0.7,8.9,1246.5
67,43,2,62,27.7,10.6,2.8,1.5,1.8,26.2,4.6,20.1,2308.1
67,73,1,3,1.4,0.5,0,0,0.2,1.4,0.3,1.4,131.5
67,30,3,9,3.6,1.3,0.4,0,0,3.6,0.6,3.5,374.8
67,33,2,20,8,1.1,0.4,0,0.7,8,0,8,903.5
67,36,4,37.5,13.8,2.3,1.4,0,0.9,13.8,0.5,12.7,1573.9
67,37,3,23,8.6,1.7,1.3,0,0.8,8.6,0.2,7.8,989
67,21,1,10,4.5,1,0,0,0,4.5,0.3,3.4,438.6
67,47,3,21,9.4,2.9,0.5,0,0.8,9.4,0.5,8.7,1028.5
67,28,2,112,45.7,12.7,3,0.4,6.4,45.3,6.2,30.4,4430.7
67,74,2,4,2.4,1.4,0.2,0,0.2,2.4,0.2,2.2,227
67,39,3,23.5,10.5,2.9,0.5,0,0.8,10.5,0.8,9.5,1207
67,27,1,117,44,13.5,5.3,1.1,2.1,42.9,4.2,33.8,4397
67,4,1,20,8.4,1.9,0.6,0,0.6,8.4,3.2,7.7,841.3
67,63,2,2,0.8,0.2,0,0,0,0.8,0,0.8,80.6
67,42,0,326,171,68,6,2,24,169,15,121,14837
67,0,1,4,1.9,0.9,0,0,0.4,1.9,0.4,1.5,186.9
67,69,2,3,0.9,0.1,0.2,0,0.2,0.9,0.1,0.7,115.2
67,15,1,18,9.6,5.6,0.6,0,0,9.6,0.6,6.2,938.2
67,67,1,2,0.9,0.2,0,0,0,0.9,0.1,0.8,106
67,19,1,2,0.8,0.1,0,0,0.1,0.8,0.1,0.6,91.9
67,75,1,1,0.6,0.3,0,0,0.1,0.6,0.1,0.6,56.7
67,80,1,1,0.4,0.1,0,0,0,0.4,0,0.4,48.2
67,50,3,12,4.2,0.6,0.6,0.4,0.6,3.8,0.4,3,516.2
67,71,1,7,2.2,0.3,0.4,0,0.4,2.2,0.3,1.6,268.7
67,9,1,6,2.2,0.3,0.3,0,0.1,2.2,0.4,2.1,242.8
67,40,1,163,65.5,11.3,5.4,0,6.6,65.5,3.6,53.7,6751.8
67,25,1,1,0.4,0.1,0,0,0,0.4,0,0.4,46.5
67,41,0,329,178,76,4,26,18,152,15,112,15094
67,12,2,7,2.9,1,0.4,0,0.6,2.9,0.6,2.1,352.9
67,52,1,2,0.7,0.2,0.1,0,0,0.7,0.1,0.6,72.9
67,68,3,23,10.7,2.8,0,0,0.6,10.7,1,9,1218.4
67,66,3,41.5,17.1,5.1,0.5,0,1,17.1,1.5,16,1980.9
67,78,1,5,2.1,0.4,0,0,0,2.1,0.1,1.2,219.7
67,3,1,7,2.9,0.9,0.2,0,0,2.9,0,2.7,334.9
67,49,2,22,7.6,1,1.3,0.5,1.3,7.1,0.8,5.5,946.5
67,6,1,6,1.8,0.2,0.3,0,0,1.8,0.3,1.8,231.6
67,86,4,34,14.4,5.1,1.1,0,0.6,14.4,0.6,12.7,1971.6
67,83,3,10,4,1,0.1,0,0.4,4,1,3.6,549.6
67,90,4,32,15,3.1,0.7,0.5,0.7,14.5,0,13.5,1853.1
67,84,3,30,12,4.1,1.1,0,1.1,12,1.1,10.4,1704.8
67,89,2,9,4.2,0.9,0.2,0.1,0.2,4.1,0,3.8,521.2
67,96,4,34,17.4,5.5,0.3,1.1,1.5,16.3,1.2,14.4,2500.1
67,93,1,36,13.9,1.5,1.1,0,1.1,13.9,1.1,13.7,1524
67,82,1,6,2.4,0.6,0.1,0,0.3,2.4,0.5,2.2,329.7
67,94,2,27,12.6,3.3,0.4,0,1.9,12.6,1.4,12.1,1618.1
67,91,2,31,14.6,3.8,0.6,0.1,1.1,14.5,0.4,13.5,1863.3
67,87,2,4,1.8,0.6,0,0,0,1.8,0,1.6,235.6
67,92,1,150,49.9,5.3,5,0,4.1,49.9,4,33.9,5497.5
67,95,2,51,21.1,4.3,0.2,0,1.8,21.1,1.6,19.9,3122.2
63,78,2,6,3,1.2,0,0,0.3,3,0.4,2.3,308.8
63,31,2,9,3.5,0.4,0.2,0,0.2,3.5,0.3,3.1,392.9
63,18,1,2,0.8,0.1,0,0,0.1,0.8,0.1,0.8,76.6
63,79,2,10,3.9,1.1,0.1,0,0.4,3.9,0.9,3.7,549.6
63,2,1,1,0.5,0.2,0,0,0.1,0.5,0.1,0.4,46.7
63,81,3,8,3.4,0.8,0.2,0,0.1,3.4,0.4,2.7,411.9
63,39,2,104.5,35.4,3.3,3.4,0,4.5,35.4,1.8,31.1,3475.9
63,33,3,87.5,40.4,10.8,2,0,3.6,40.4,9.7,27.7,3540.3
63,64,2,53,20.3,3.8,2.2,0,1.1,20.3,1.1,19.2,2209
63,65,2,57,21.5,4.8,1.1,0,0.5,21.5,0.5,19,2306
63,17,2,12,4.9,0.7,0,0,0.3,4.9,0.3,4.9,459.8
63,57,2,12,5,0.7,0,0,0.4,5,1.2,4.6,520.4
63,69,1,8,2.5,0.3,0.5,0,0.5,2.5,0.3,1.9,307.1
63,20,3,32,14.4,6.2,1.9,0,0.9,14.4,1.9,13.4,1593.8
63,88,4,26,11.5,2.8,0.9,0,0.9,11.5,0.9,10.7,1278.1
63,47,3,19,6.3,0.6,0.6,0,0.9,6.3,0.6,5.7,792.3
63,45,2,6,2.4,0.7,0.2,0,0.1,2.4,0.3,2.1,281.7
63,48,1,6,2,0.2,0.2,0,0.3,2,0.2,1.8,250.2
63,51,2,22,8,1.7,1.1,0,1,8,0.7,7,961.4
63,32,2,4,1.6,0.2,0,0,0,1.6,0.2,1.6,190.4
63,43,3,5,1.8,0.3,0.3,0,0,1.8,0.2,1.8,255.2
63,25,1,12,6.2,2.7,0,0,0.4,6.2,1.5,5.4,731.2
63,11,2,9,4.7,1.6,0,0.2,1.6,4.5,1.8,3.8,481
63,27,2,36,15.6,4.1,1,0,0,15.6,1.6,12.3,1613.1
63,8,1,9,3,0.8,0.3,0,0.3,3,0.3,2.5,398.2
63,28,4,36,16.4,3.9,0,0,0,16.4,2.3,11.8,1821.9
63,89,3,22,10,1.6,0.3,0,1.6,10,0.6,9.1,1192.8
63,19,2,4,1.7,0.8,0.3,0,0.1,1.7,0.3,1.7,199.2
63,86,4,33,14.6,4.2,1.1,0.5,2,14.1,1.1,13.6,1725
63,4,1,2,0.7,0.2,0.1,0,0.1,0.7,0.1,0.5,88.5
63,37,1,1,0.4,0.1,0,0,0,0.4,0,0.4,40
63,75,1,4,1.7,0.4,0,0,0,1.7,0,1.2,173
63,38,1,4,1.5,0.6,0.1,0,0,1.5,0,1.5,159.9
63,42,2,40,13.9,1.5,0.4,0,1.1,13.9,1.3,12.9,1544.3
63,21,1,19,8.5,3.7,1.1,0,0.6,8.5,1.1,7.9,946.3
63,87,1,3,1.3,0.3,0.1,0,0.1,1.3,0.1,1.2,147.5
63,1,2,5,2.3,1,0.1,0,0.4,2.3,0.5,1.8,225.1
63,50,1,2,0.7,0.2,0.1,0,0,0.7,0.1,0.6,72.9
63,62,1,7,2.8,1,0.3,0,0.3,2.8,0.2,2.6,282.1
63,76,1,7.5,3.8,1.4,0,0,0.4,3.8,0.5,2.9,386
63,6,1,4,1.3,0.4,0.1,0,0.1,1.3,0.1,1.1,177
63,58,1,2,0.8,0.1,0,0,0.1,0.8,0.2,0.8,86.7
63,49,2,4,1.4,0.4,0.2,0,0,1.4,0.2,1.2,145.8
63,10,1,4,1.6,0.6,0.2,0,0.4,1.6,0.4,1.2,201.6
63,40,2,25,9.1,1.4,0.5,0,0.6,9.1,0.8,8.8,939
63,29,2,17,5.9,0.4,0.7,0,0.4,5.9,0.4,5.3,657.8
63,41,2,34,12.3,2.4,1.7,0,0.6,12.3,1.3,12.3,1667.9
63,82,1,58,23.6,6.8,2.5,0,0,23.6,0.9,14.8,2525.8
63,34,2,33,12.4,2.4,0.9,0,0.6,12.4,0.9,10.9,1598.5
63,83,1,7,3,0.7,0.1,0,0,3,0.2,2.3,352.3
63,52,2,53,20.8,3.8,2,0,1,20.8,0.7,16.6,2322
63,56,1,3,1.2,0.2,0,0,0.1,1.2,0.3,1.1,130.1
63,68,1,1,0.5,0.1,0,0,0,0.5,0,0.4,53
63,44,1,3,1.2,0.4,0.1,0,0.1,1.2,0.1,1,140.8
63,70,1,6,1.9,0.2,0.3,0,0.3,1.9,0.2,1.4,230.3
63,30,1,3,1,0.1,0.1,0,0.1,1,0.1,0.9,116.1
63,23,1,3,1.2,0.2,0,0,0.2,1.2,0.1,0.9,137.9
63,46,1,4,1.3,0.1,0.1,0,0.2,1.3,0.1,1.2,166.8
63,5,1,8,2.7,0.7,0.2,0,0.2,2.7,0.2,2.2,353.9
63,95,3,49,28.9,12.8,0.4,1.9,2.9,27,3.9,23.3,3620.7
63,0,1,5,1.8,0.7,0.5,0,0.1,1.8,0.4,1.7,190.9
63,94,2,17,9.4,3.7,0.2,1,0.5,8.4,0.5,7.6,1244
63,96,1,2,1.1,0.4,0,0.1,0.1,1,0.1,0.9,146.4
53,44,2,121,50.7,14.6,2.3,0,7.6,50.7,4.6,35.2,4601.1
53,46,2,11,4.4,1.2,0.3,0,0.4,4.4,0.4,4,403.9
53,20,1,114.5,40.6,7.7,3.1,0.3,5.4,40.3,5.1,28,3787.6
53,75,3,6,2.8,1,0.2,0,0,2.8,0.2,2.4,258.2
53,79,3,13,6.4,2,0.1,0.1,0.1,6.3,0.5,4.7,666.5
53,31,1,1,0.4,0.1,0,0,0.1,0.4,0,0.4,40.6
53,16,2,12,4.7,1.6,0.6,0,0.3,4.7,0.9,3.7,488.9
53,81,3,35,17.7,6.9,0.8,0.6,0.8,17.1,1.2,12.4,2084.8
53,43,2,152,62.1,15.7,2.9,0,10.6,62.1,6.7,29.3,5545.8
53,5,2,4,2.6,1.4,0,0,0.2,2.6,0.6,2.4,218.4
53,88,0,131,78,38,2,9,6,69,12,58,6790
53,21,2,69,27.5,5.7,1.7,0,1.2,27.5,2.8,19.6,3047.5
53,32,2,7,3.1,0.7,0,0,0.7,3.1,0.4,2.8,285.5
53,17,1,4,1.6,0.4,0.1,0,0.2,1.6,0.2,1.3,176.5
53,39,1,5,2.1,0.4,0.2,0,0.1,2.1,0.5,1.8,207.9
53,6,1,2,1.3,0.7,0,0,0.1,1.3,0.3,1.2,109.2
53,54,2,11,3.9,0.9,0.6,0.1,0.1,3.8,0.1,3.1,411.3
53,84,1,2,0.9,0.1,0,0.1,0.1,0.8,0.1,0.6,79.7
53,4,1,3,1.9,1.1,0,0,0.2,1.9,0.5,1.7,163.7
53,55,3,56,24.2,5.7,1.8,0.2,3.2,24,3.5,17.5,2384.1
53,36,1,1,0.6,0.3,0,0.1,0.1,0.5,0.1,0.4,52.8
53,86,1,62.5,25.8,4.4,1,1.4,5.4,24.4,3.7,11,2285.5
53,45,4,49,19.8,5.6,0.9,0,2,19.8,2,18.1,1799.1
53,0,1,1,0.4,0.2,0,0,0,0.4,0.1,0.4,39.7
53,89,3,52.5,30.2,14.2,1.7,1.3,1.3,28.9,5.6,27.8,3401.6
53,15,3,9,3.5,1.4,0.9,0,0.2,3.5,1,2.7,336.3
53,82,1,1,0.6,0.3,0,0.1,0,0.5,0,0.3,80.3
53,69,1,3,1.5,0.5,0,0,0.2,1.5,0.3,1.4,168.7
53,87,0,113,65,29,2,7,4,58,3,51,6221
53,91,1,2,1.1,0.5,0,0.1,0,1,0.2,1,146.8
53,73,2,22,11.3,5.3,0,0,0.8,11.3,2.2,9.9,1015
53,64,2,11,4.5,1.4,0.3,0.3,0.1,4.2,0.3,4.3,446.3
53,72,2,3,1.5,0.7,0,0,0.1,1.5,0.3,1.3,138.4
53,71,1,4,2.1,1,0,0,0.1,2.1,0.4,1.8,184.6
53,65,2,2,0.8,0.2,0,0,0,0.8,0,0.8,81.2
53,9,1,4,1.4,0.1,0.3,0,0.1,1.4,0,1.3,169.5
53,70,1,4,2,0.7,0,0,0.2,2,0.4,1.8,224.9
53,80,4,72,34.8,11.2,1.2,0.6,1.2,34.2,2.4,25.9,3691.5
53,40,2,123,43.9,11.3,4.6,0,3.3,43.9,4.4,36.9,4387.3
53,56,1,2,0.7,0.1,0.1,0,0.1,0.7,0.1,0.6,83.6
53,49,1,1,0.4,0.2,0,0,0.1,0.4,0,0.3,41.6
53,48,1,7,2.4,0.5,0.4,0,0,2.4,0.4,2.1,270.1
53,61,1,4,1.7,0.5,0.1,0,0.2,1.7,0.4,1.2,170.3
53,7,1,5,2.6,0.8,0,0,0.2,2.6,0.2,2.4,246.8
53,38,1,1,0.3,0,0,0,0,0.3,0,0.3,34.8
53,28,1,14,5.5,0.7,0.3,0.1,0.6,5.4,0.6,4.6,568
53,30,1,6,2.3,0.3,0.2,0,0.3,2.3,0.1,2.1,243.9
53,90,2,18,10.2,5,0.4,0.8,0.2,9.4,1.8,8.8,1320.8
53,27,4,35,13.8,1.7,0.7,0.3,1.5,13.5,1.5,11.5,1420
53,74,3,8,3.7,1.3,0.3,0,0,3.7,0.3,3.2,344.3
53,26,2,7,3,0.5,0.2,0.1,0.3,2.9,0.5,2.5,307.9
53,67,1,2,0.8,0.2,0.1,0,0,0.8,0.1,0.8,81.2
53,12,2,16,8,4.7,1,0,0,8,0.5,7.5,895.5
53,52,1,4,1.7,0.7,0.2,0,0.4,1.7,0.1,1.3,166.4
53,85,1,7.5,3.3,0.5,0,0.5,0.5,2.8,0.2,2.4,298.8
53,14,1,21,8.1,3.3,1.9,0,0.5,8.1,2.4,6.2,784.6
53,53,1,6.5,2.7,1.1,0.3,0,0.7,2.7,0.1,2.2,270.4
53,68,1,2,0.8,0.2,0.1,0,0,0.8,0.1,0.8,81.2
60,78,1,1,0.5,0.2,0,0,0,0.5,0.2,0.4,63.8
60,22,2,13.5,5.7,1.7,0.3,0,0.3,5.7,0.8,5.4,624
60,2,1,5,1.9,0.2,0.1,0,0,1.9,0,1.6,224.4
60,81,0,270.5,99,22,13,1,8,98,3,86,10788
60,20,3,8,3.8,1.6,0.2,0,0,3.8,0.8,3,352.5
60,69,1,9.5,3.9,0.8,0.4,0,0.8,3.9,0.4,2.7,358.5
60,63,2,26,9.2,1.5,0.7,0.4,1.2,8.8,0.8,7.5,957
60,88,4,49,24,8.1,1.2,0.5,1.4,23.5,1.6,19.6,2872.9
60,57,1,4,1.5,0.3,0.1,0,0,1.5,0,1.5,153.5
60,89,3,79,41.2,19.9,1.6,3.7,5.2,37.5,6.5,22.7,3936.6
60,75,1,3,1.1,0.2,0.2,0,0.1,1.1,0.1,0.8,132.2
60,15,3,36,13.9,2.1,0.6,0.8,1.1,13.1,1.4,12.3,1502
60,35,3,54,20.1,4.2,3.2,0.1,1.3,20,1.4,18.3,2097.4
60,25,3,14,5.7,1.1,0.6,0,0.5,5.7,1.2,4.6,544.9
60,64,3,7,3.1,1.1,0.3,0,0.1,3.1,0.2,2.4,322.4
60,36,3,28,12.2,3.6,0.7,0.3,0.6,11.9,1.1,9.9,1291.2
60,32,1,20,8.3,2.3,0.8,0,1,8.3,1,6.9,804.1
60,67,2,9,3.6,0.7,0.2,0,0.2,3.6,0.5,3.3,403.8
60,4,2,5,2.9,1.4,0,0.1,0.1,2.8,0.6,2.5,271.6
60,86,3,34,16.4,5.5,0.3,0.3,0.6,16.1,1,13.1,2033
60,84,2,15,7.2,2.4,0.2,0.2,0.3,7,0.4,5.7,896.1
60,71,1,6,2.6,0.7,0.1,0.3,0,2.3,0.4,2.6,272
60,42,1,9,3.3,0.6,0,0,0.3,3.3,0,3,348.9
60,12,1,2,0.8,0.3,0.1,0,0,0.8,0,0.7,94
60,87,3,51,24.7,8.5,1.4,0.6,1.4,24.1,1.4,20.1,2969.8
60,21,1,6,2.5,0.8,0.1,0,0.1,2.5,0.3,2.4,277.3
60,85,2,12,5.9,1.9,0,0.1,0.1,5.8,0.4,4.7,729.6
60,59,2,14,5.8,1.3,0.2,0,0,5.8,0.3,4.5,608.8
60,61,2,30,10.5,1.2,0.9,0.5,1.1,10,1,8.1,1081.6
60,19,1,8,3.8,1.6,0.2,0,0,3.8,0.8,3,352.4
60,80,3,64,23.4,5.2,3.7,1,3,22.4,1.8,17.6,2463.9
60,3,2,9,3.6,0.8,0.1,0,0.1,3.6,0.2,3.2,408.6
60,82,2,157.5,68.2,24,7.7,7.9,11.6,60.3,8.4,29.8,5830.6
60,50,3,25,10.6,3,0.9,0.6,1,10,1.1,8.7,1167.1
60,11,3,31,15.4,6.4,0.1,0,0,15.4,1.4,14.4,1566.1
60,40,3,89,41.1,9,0.5,0.3,2.2,40.8,2,35.7,4017.3
60,58,1,8,3.1,0.5,0.3,0,0,3.1,0,3.1,307.1
60,74,1,4,1.5,0.3,0.2,0,0.2,1.5,0.2,1.1,176.3
60,31,1,1,0.4,0.1,0,0,0,0.4,0,0.3,40.2
60,52,1,2,0.8,0.2,0,0,0.1,0.8,0.1,0.6,88.5
60,29,2,3,1.2,0.3,0.2,0,0.1,1.2,0.3,1.1,128.9
60,83,2,185,104.3,50.7,1.1,37.1,13.5,67.2,15.3,20.7,7381.9
60,41,1,255,98.5,20.4,6.4,0,13.9,98.5,5.8,73.4,9760.1
60,28,1,2,1.1,0.5,0.1,0,0.1,1.1,0.2,0.9,108.6
60,49,3,24,10.9,2.8,0.5,0.3,0.8,10.6,1.9,9.6,1240.7
60,90,2,26,14.3,6.6,0.4,1.5,1.1,12.8,1,12.2,1729.8
60,62,2,133,50.1,13.7,3.5,4,3.5,46.1,4.1,29.5,4812.9
60,55,2,12,5.4,1.6,0.4,0.6,0.4,4.8,0.4,3.5,647
60,44,1,3,1,0.2,0.2,0,0.1,1,0.1,0.8,101.3
60,24,1,26.5,10,1.4,1.1,0,0.7,10,2.1,8.2,963.6
60,14,1,3,1.1,0.2,0.1,0,0.1,1.1,0.1,1,128.5
60,68,1,3,1.2,0.2,0.1,0,0.1,1.2,0.2,1.1,134.6
60,10,1,4,2.1,1,0,0,0,2.1,0.5,2.1,219.8
60,5,2,6,3.3,1.3,0,0.1,0.2,3.2,0.5,2.9,314.8
60,0,1,15,6.4,2.2,0.6,0,0.3,6.4,1,6.1,707.2
110,55,2,18.5,7.3,2,0.7,0,0.2,7.3,0.3,6.6,711.4
110,35,1,2,0.7,0,0.1,0,0,0.7,0.1,0.5,59.1
110,31,1,3,1.3,0.4,0,0,0,1.3,0.3,1.2,124.7
110,40,2,17,7.5,2.6,0.5,0,0.9,7.5,1.2,4.9,673.2
110,10,2,52,17.2,3.4,2.1,0,0,17.2,1.1,14,1857.2
110,102,1,5,2.4,0.2,0,0,0.2,2.4,0.2,2.4,278.7
110,90,3,8,3.6,0.7,0,0.1,0.2,3.5,0.5,2.9,388.3
110,56,4,56.5,22.1,4.8,1.7,0,2.1,22.1,1.6,18.1,2194.5
110,30,2,4,1.6,0.4,0.2,0,0,1.6,0.2,1.4,173.6
110,2,2,9,2.7,0.7,0.7,0,0,2.7,0,2,330.6
110,33,1,3,1.3,0.4,0,0,0,1.3,0.3,1.2,124.7
110,7,3,26,10.6,3,0.7,0,0.3,10.6,0.4,10.1,1216.5
110,62,2,3,1.2,0.3,0.1,0,0.1,1.2,0.1,1.1,113.8
110,8,2,8,3.7,1.3,0,0,0,3.7,0.3,3.3,441.6
110,64,3,37.5,13.3,3.4,2.1,0,1.7,13.3,0.7,12,1406.4
110,38,2,31,13.2,2.8,0.6,0,1.4,13.2,1.4,11.8,1574.6
110,21,3,17,6.3,1.4,0.6,0,0.1,6.3,0.6,5.8,601.7
110,76,1,5,2,0.6,0.2,0,0,2,0.2,1.6,231.9
110,73,2,25,9.9,2.2,0.6,0.5,1.1,9.4,0.7,7.2,1083.3
110,18,2,172,61.9,14.3,7.9,0.4,7.8,61.5,9.9,43.4,6651.6
110,92,3,82.5,37.8,14.3,2.1,10.7,3.2,27.1,7.1,27.4,3467.9
110,75,1,2,0.8,0.2,0.1,0,0,0.8,0.1,0.7,92.8
110,49,1,7,2.6,0.3,0.2,0,0.3,2.6,0.5,2,256.3
110,6,2,4,1.5,0.3,0.2,0,0,1.5,0,1.4,166.4
110,19,2,133.5,45.9,5.6,6.2,0,3.3,45.9,1.3,38.8,5111.5
110,74,1,8.5,3.4,1,0.3,0,0,3.4,0.3,2.8,394.2
110,47,0,37,11,2,4,0,0,11,1,6,1116
110,103,1,76.5,32.2,8.3,1.3,2.6,0.7,29.6,1.3,27.6,3601.4
110,54,2,20,7.9,2.1,0.8,0,0.3,7.9,0.4,7.2,769.2
110,20,2,8,2.7,0.5,0.4,0,0.2,2.7,0.3,2.5,297.2
110,43,1,4,1.8,0.6,0.1,0,0.3,1.8,0.3,1.3,156.6
110,60,1,5,1.9,0.6,0.2,0,0.2,1.9,0.1,1.6,184
110,11,4,64,25.7,6.5,1.8,0.2,1.1,25.5,3.4,20.9,2723.3
110,59,1,83.5,31.2,8.8,4.1,0.1,4.2,31.1,5.2,28.9,3037.7
110,100,1,1,0.4,0.1,0,0,0.1,0.4,0,0.4,44.7
110,3,1,9,2.6,0.7,0.7,0,0,2.6,0,2,330.6
110,32,1,14,6.3,1.8,0.2,0.2,0.2,6.1,1.2,5.5,581.9
110,0,2,10,3.3,0.7,0.7,0,0,3.3,0.1,2.3,379.9
110,57,3,17,6.9,1.8,0.4,0,0.9,6.9,0.7,5.4,673
110,13,4,29,12.3,2.3,0.2,0,0.9,12.3,1.9,9.7,1258.7
110,29,1,2,0.8,0.2,0.1,0,0,0.8,0.1,0.7,86.8
110,58,3,12,4.9,1.4,0.5,0,0.7,4.9,0.3,4.1,486.6
110,9,1,4,1.5,0.3,0.2,0,0.1,1.5,0.2,1.2,164.6
110,26,2,3,1.1,0.2,0,0,0,1.1,0.1,0.8,107.4
110,15,1,10,4.4,1.7,0.4,0,0.6,4.4,0.6,4,480.8
110,14,3,12,5.1,1.8,0.4,0,0.4,5.1,0.8,4.4,583.9
110,98,1,4,1.7,0.5,0.2,0,0.1,1.7,0.1,1.3,181.6
110,36,1,10,4.2,0.9,0.2,0,0.4,4.2,0.4,3.8,507.9
110,23,1,1,0.5,0.2,0,0,0,0.5,0,0.4,42.8
110,99,1,2,0.9,0.2,0,0,0.1,0.9,0.1,0.8,89.5
110,51,1,3,1.3,0.4,0.1,0,0,1.3,0.2,0.9,146.1
110,12,3,25.5,10.7,2.2,0.3,0,1,10.7,1.5,8.2,1110.8
110,28,1,12,4.3,0.8,0.2,0,0.2,4.3,0.4,3,429.8
110,45,1,2,0.9,0.2,0,0,0,0.9,0.1,0.8,98.9
110,101,1,4,1.9,0.9,0,0,0.2,1.9,0.2,1.4,215.3
110,16,1,23,6.6,0,0.8,0,0.3,6.6,0.8,5.6,795.3
110,27,1,8,2.9,0.5,0.1,0,0.1,2.9,0.3,2,286.6
110,52,1,2,0.9,0.3,0.1,0,0,0.9,0.1,0.6,97.4
110,41,2,18,7.9,2.7,0.6,0,0.9,7.9,1.3,5.1,714.1
110,1,1,7,2.8,0.7,0,0,0,2.8,0.2,2.3,300.3
110,63,1,5,2,0.5,0.3,0,0.1,2,0.3,1.8,190.7
110,104,0,34,12,1,0,0,1,12,0,11,1715
110,24,1,3,1.1,0.2,0.1,0,0.1,1.1,0.1,0.8,107.5
77,22,1,4,1.7,0.5,0.1,0,0.3,1.7,0.3,1.6,177.3
77,5,1,3,1.4,0.5,0.1,0,0.2,1.4,0.1,0.9,153.6
77,8,3,23,9,2.8,1.1,0.5,2.3,8.5,1.7,7.8,1075.9
77,18,3,12,4.1,0.5,0.5,0,0.3,4.1,0,3.8,529.5
77,54,1,169,80.2,21.5,2,1,6.3,79.2,3.5,69.4,7662.7
77,51,1,2,0.8,0.1,0,0,0,0.8,0.1,0.6,82.7
77,45,2,92.5,35.6,7.2,5,1.6,5.7,34,0,28.9,4579.7
77,44,0,313,160,60,8,26,10,134,13,117,14257
77,17,2,6,2.1,0.3,0.3,0,0.1,2.1,0,1.9,264.7
77,43,2,44,24.7,13.1,0.8,0,0.3,24.7,1.8,18.6,2317.1
77,67,1,4,1.4,0.3,0.2,0,0,1.4,0.1,1.3,175.4
77,68,3,32,11.1,2,1.8,0,0.2,11.1,0.6,10.7,1403.4
77,42,0,220,109,38,3,8,15,101,13,69,9680
77,48,1,5,1.9,0.7,0.3,0.5,0,1.4,0.3,0.9,243.4
77,40,3,101,34.8,4.4,3.7,0,5.4,34.8,1.4,27.5,3559.6
77,47,2,3,1.2,0.4,0.2,0.3,0,0.9,0.2,0.5,146
77,7,1,6,2.3,0.7,0.3,0.1,0.6,2.2,0.4,2,280.7
77,53,3,30.5,11.9,1.7,0.5,0,0.5,11.9,0.8,8.9,1261.2
77,25,2,13,6,1.8,0.7,0,0.7,6,0.4,4.6,680.2
77,57,1,1,0.3,0.1,0.1,0,0,0.3,0,0.3,37.6
77,23,2,15,6.4,1.9,0.4,0,1.3,6.4,1.3,6,665
77,58,2,7,2.4,0.5,0.4,0,0,2.4,0.2,2.1,263
77,60,2,5,2.5,1,0.1,0,0.1,2.5,0.4,1.7,315.1
77,39,2,112,45.5,15,5.2,0,2.9,45.5,2.3,39.7,4947.7
77,9,1,10,3.9,0.5,0.2,0,0.2,3.9,0.8,3.7,517.1
77,49,1,4,1.6,0.2,0.1,0,0.1,1.6,0.1,1.2,165.4
77,28,1,2,0.9,0.2,0,0,0.1,0.9,0.1,0.7,90.8
77,4,1,2,0.9,0.4,0.1,0,0.1,0.9,0.1,0.6,102.4
77,3,2,6,2.8,0.8,0.1,0,0,2.8,0.4,2.4,267.6
77,21,1,2,0.8,0.3,0,0,0.2,0.8,0.2,0.8,88.7
77,62,1,4,2,0.8,0.1,0,0.1,2,0.3,1.4,252.1
77,1,1,4,1.8,0.6,0.1,0,0,1.8,0.2,1.6,178.4
77,15,1,7,3.1,0.9,0.1,0,0.3,3.1,0.5,2.6,299.1
77,41,0,265,103,25,7,0,13,103,9,65,10171
77,12,2,5,2,0.3,0.1,0,0.1,2,0.5,1.8,258.5
77,59,1,4,2,0.8,0.1,0,0.1,2,0.3,1.4,252.1
77,29,1,1,0.4,0.1,0,0,0,0.4,0.1,0.4,45.8
77,27,1,1,0.5,0.1,0,0,0,0.5,0,0.3,45.4
77,33,2,12,4.6,0.7,0.3,0,0.5,4.6,0.7,4.4,549.2
77,56,1,5,1.7,0.3,0.3,0,0,1.7,0.2,1.5,187.9
77,66,3,105.5,39.3,7.6,4.5,0,1.7,39.3,4.2,37.4,4636.3
77,11,1,3,1.2,0.2,0.1,0,0.1,1.2,0.3,1.1,155.1
77,89,2,109,40.5,8.4,3,0.4,4.3,40.1,4.3,28.1,4261.7
77,79,1,130,50.3,11.8,4.4,0,10.6,50.3,10,29.7,5817.4
77,84,3,23.5,10.8,4.3,1,0,1,10.8,1.2,9.8,1272.3
77,83,4,30,12.1,3,1,0.1,1,12,1,10.1,1254.8
77,81,3,152,52.3,9.5,4.6,0.2,2.9,52.1,4.2,41.2,5510.8
77,90,1,170,74.9,27.2,5,8,7,66.9,5,50.8,6989.1
77,86,4,8,3.7,1.4,0.2,0,0.4,3.7,0.4,3.1,420.8
77,93,0,474,286,165,6,202,39,84,49,112,20059
77,85,3,37,17,6.7,1.6,0,1.6,17,2,15.4,2003.2
77,92,0,387,195,83,8,83,30,112,42,81,14093
77,94,0,430.5,287,189,4,151,9,136,25,142,18868
77,80,1,286,117.7,31.2,6.6,1,13.9,116.7,10.5,97.8,12040.1
77,82,3,42.5,17.2,4.1,1.4,0.2,1.6,17,1.6,14.4,1777.7
77,78,0,361.5,169,48,5,0,24,169,16,144,16378
77,87,2,18,8.4,3,0.2,0,1,8.4,0.6,6.1,900.9
77,95,1,193.5,111.6,52.9,3.9,55.9,13.4,55.7,15.4,75.4,10156.2
77,96,1,3,1.1,0.1,0.1,0.1,0.1,1,0.1,0.7,155.7
77,76,1,1,0.4,0.1,0,0,0,0.4,0,0.4,52
77,91,0,264,144,69,3,74,13,70,11,73,10297
77,77,1,11,5.7,2,0,2,0.4,3.7,0.8,3.3,395.2
49,2,3,15,4.5,0.5,1.5,0,0.5,4.5,0.5,3.5,515.2
49,46,2,32,13.3,3.5,0.8,0.4,1.3,12.9,1.1,11.5,1322.1
49,28,1,2,0.9,0.2,0.1,0.1,0,0.8,0.2,0.6,106.2
49,16,2,3,1.3,0.4,0,0,0.1,1.3,0.2,1.1,149
49,75,2,3,1.1,0.3,0.1,0,0,1.1,0,0.8,115.2
49,76,1,2,0.7,0.2,0.1,0,0,0.7,0,0.5,76.8
49,60,2,11,4.1,1,0.5,0,0,4.1,0.5,3.8,470.9
49,48,3,38,16.1,4.3,0.9,0.6,1.8,15.5,1.5,14.3,1560.4
49,6,1,2,0.8,0.1,0.1,0,0.1,0.8,0.2,0.6,106.5
49,7,2,5,2.1,0.7,0,0.2,0,1.9,0.7,1.2,209.1
49,36,1,5,2.1,0.4,0.1,0,0,2.1,0.4,1.8,205.5
49,81,1,1,0.4,0.1,0,0,0,0.4,0.1,0.3,51.2
49,42,2,12,4.8,1.2,0.5,0.3,0.1,4.5,0.6,3.6,496.4
49,0,1,5,1.8,0.2,0.4,0,0.1,1.8,0.4,1.6,201.3
49,43,1,8,3.2,0.8,0.3,0.2,0.1,3,0.4,2.4,330.9
49,73,3,21,10.5,4,0.5,1.4,0.5,9.1,1.9,6.8,1053.5
49,4,3,15,6.3,1,0.4,0.4,1,5.9,1.3,4.5,799.1
49,49,1,16,6.1,1.5,0.9,0,0.6,6.1,0.6,5.2,586.5
49,34,2,8,3.4,1.2,0,0,0,3.4,0.2,2.4,339.4
49,72,3,21,10.5,4,0.4,1.4,0.4,9.1,1.9,6.7,1053.6
49,74,3,11,3.9,0.8,0.5,0,0.3,3.9,0.3,3,422.1
49,59,1,2,0.7,0.2,0.1,0,0,0.7,0.1,0.7,85.6
49,77,3,8,3,0.6,0.2,0,0,3,0,2.6,413.4
49,1,2,14,4.3,0.6,1.4,0,0.6,4.3,0.6,3.2,480.9
49,13,1,3,1.3,0.6,0.1,0,0,1.3,0.2,1,138.9
49,80,3,10,4.1,1,0.2,0.2,0.2,3.9,0.7,2.6,512.2
49,71,1,1,0.5,0.2,0,0.1,0,0.4,0.1,0.3,50.2
49,18,1,9,4,1.4,0.2,0,0.2,4,0.2,2.9,374.2
49,27,2,17,7.3,2,0.7,0.3,0.3,7,2,5.3,902.7
49,47,1,2,0.8,0.2,0,0,0.1,0.8,0.1,0.8,82.1
49,53,2,30,11.7,2.4,0.5,0,1.9,11.7,0.9,8,1142.4
49,86,2,4,2.2,1,0.1,0.2,0.1,2,0.4,2,276.5
49,64,1,1,0.4,0.2,0,0,0,0.4,0,0.3,48.2
49,23,2,11,4.2,1.7,0.6,0,0.3,4.2,0.9,4,477.6
49,41,1,5,2,0.5,0.2,0.1,0,1.9,0.2,1.5,206.8
49,52,1,20,7.8,1.6,0.3,0,1.2,7.8,0.6,5.3,761.6
49,58,2,4,1.5,0.7,0.3,0,0,1.5,0.1,1.1,148.4
49,26,1,6,2.6,0.7,0.2,0.1,0.1,2.5,0.7,1.9,318.6
49,55,1,5,1.9,0.8,0.3,0,0.1,1.9,0.2,1.3,185.4
49,22,1,3,1.2,0.5,0.2,0,0.1,1.2,0.2,1.1,130.2
49,37,1,2,0.8,0.2,0,0,0,0.8,0.2,0.7,82.2
49,63,1,8,3,0.7,0.4,0,0,3,0.4,2.8,342.5
49,66,1,4,1.7,0.8,0,0,0,1.7,0.1,1.2,192.9
49,14,1,2,0.9,0.2,0,0,0.1,0.9,0.2,0.8,107.4
94,57,3,129,50.5,13.5,5.8,0,10.8,50.5,9,22.4,4307.6
94,51,1,6,2.6,0.7,0.1,0,0.6,2.6,0.7,2.3,308.1
94,54,2,15,6.3,2.3,0.9,0,0.5,6.3,0,5,656.8
94,48,1,3,1.5,0.8,0.1,0,0,1.5,0.5,1.2,147.4
94,59,1,6,2,0.3,0.3,0.1,0.2,1.9,0.1,1.4,247.3
94,46,3,17,7.5,2.4,0.1,0,0,7.5,1.5,5.6,852.8
94,42,1,6,2.2,0.6,0.2,0,0,2.2,0.1,1.8,246.6
94,62,1,8,4,1.5,0,0,0.7,4,0.2,3.5,464.9
94,52,1,1,0.4,0.2,0.1,0,0,0.4,0.1,0.4,42.8
94,58,2,122,48.1,9.1,0.4,0,5.4,48.1,4.4,45.7,4983.7
94,53,2,3,1.2,0.5,0.3,0,0,1.2,0.3,1.1,128.3
94,50,1,9,3.8,1,0.2,0,0.8,3.8,1,3.5,462.2
94,56,1,10,4.2,1.2,0.2,0,0.2,4.2,0.8,3.4,440.4
94,41,1,10,3.7,0.9,0.4,0,0,3.7,0.2,3,410.9
94,61,1,49,22.5,6.4,1,1,4.2,21.5,1.3,17.6,2578.5
94,10,1,6,2.1,0.4,0.4,0,0.2,2.1,0.1,1.8,224.2
94,38,2,46,18.7,7.3,1.7,0,0,18.7,1.5,17.1,1727.5
94,33,2,5,2,0.7,0.2,0,0.3,2,0.2,1.8,182.8
94,86,3,7,3,1.1,0.2,0,0,3,0.4,2.4,365.7
94,90,1,6,2.3,0.3,0,0.1,0.3,2.2,0,1.5,269.4
94,3,2,11,4.3,1.3,0.4,0,0.3,4.3,0,1.8,456.8
94,68,1,171.5,57,10.2,8.1,0,6.1,57,9,43.8,5945.7
94,31,2,9,2.6,0.3,0.9,0,0.1,2.6,0,2.3,315.7
94,96,0,315,172,85,6,72,10,100,8,87,14238
94,18,2,8,3.1,0.5,0.3,0,0.4,3.1,0.4,2.8,327.9
94,67,0,353.5,134,31,6,11,20,123,13,91,13758
94,93,3,28,12.9,4.9,0.9,1,1.3,11.9,1.8,8.9,1840.4
94,85,1,1,0.4,0.1,0,0,0,0.4,0,0.3,42.6
94,7,1,2,0.8,0.2,0.1,0,0,0.8,0,0.5,73.8
94,20,1,3,1.6,0.7,0,0,0.3,1.6,0.4,1.1,138.6
94,72,2,6,2.4,0.6,0.4,0,0.1,2.4,0.2,1.8,246
94,99,0,353.5,165,58,6,72,10,93,10,116,18610
94,94,4,20,7.1,1.2,0.9,0.2,0.1,6.9,0.5,6.5,952.9
94,21,1,1,0.5,0.2,0,0,0.1,0.5,0.1,0.4,46.2
94,22,1,6,3.2,1.4,0,0,0.6,3.2,0.8,2.3,277.3
94,102,1,179,98.2,43.5,2.2,6.6,5,91.6,5.2,86.6,10631.6
94,98,0,595,327,169,11,254,51,73,60,76,24058
94,84,2,14.5,5.3,1.5,0.6,0,0.2,5.3,0.2,4.4,617.2
94,101,0,351,184,69,5,2,10,182,6,161,18392
94,83,1,3,1.4,0.5,0.1,0.1,0,1.3,0.1,1.2,160.9
94,100,0,539.5,283,120,10,168,48,115,27,95,22589
94,81,1,77.5,34.7,8.9,0.5,1.9,1.5,32.8,4,30.8,3308.1
94,29,1,64,28.7,11.6,2.5,2,3.2,26.7,5,21.1,3025.3
94,103,2,11,6.6,4,0.3,1,0,5.6,0.3,5.6,857.3
94,69,3,28,11,2.8,1.9,0,0.4,11,1.3,8.2,1148
94,88,2,3,1.4,0.5,0,0,0,1.4,0.2,1.1,168.3
94,4,1,1,0.4,0.1,0,0.1,0,0.3,0.1,0.3,47.9
94,39,2,13,5.2,1.8,0,0.2,0.4,5,1.4,4.4,568.2
94,97,1,454,229.5,89.3,6,125,30,104.5,31,122.5,19600.7
94,78,2,36,14.8,3.2,1.3,0,0.7,14.8,0,12.2,1767.2
94,30,3,32,9.3,1.1,3,0,0.3,9.3,0,8.2,1122.6
94,28,2,3,1.1,0.2,0.2,0,0,1.1,0.1,0.9,114.9
94,14,2,10,4.1,1.1,0.1,0,0.4,4.1,0.4,3,400.3
94,82,3,23,10.8,3.9,0.7,0.7,0.4,10.1,0.7,8.9,1233.8
94,104,2,75,41,13,0,8,1,33,3,31,4979
94,25,1,30,13.3,3.3,2.1,0,1,13.3,0.1,11.1,1288.6
94,17,1,4,1.5,0.3,0.1,0,0.2,1.5,0.2,1.4,163.9
94,15,4,56,22.8,6.2,0.6,0,2.7,22.8,2,16.6,2241.3
94,95,3,114.5,43,10,5.1,0.6,1.6,42.4,2.1,38.5,5791.7
94,0,3,20,6.8,1.5,0.9,0,0.9,6.8,0.5,6.4,762.9
94,5,2,17,7.4,1.8,0.3,1.7,0.6,5.7,0.9,5.1,815.1
94,87,1,2,0.9,0.3,0,0,0,0.9,0.1,0.7,112.2
94,6,1,11,4.1,0.9,0.7,0,0,4.1,0.2,3,405.6
94,80,1,6,3.1,1.5,0.2,0.8,0.2,2.3,0.4,2.3,317.2
94,1,2,90,36.2,12.1,3,4,3.3,32.2,5.3,21.4,3891.9
94,91,1,4,1.5,0.2,0,0.1,0.2,1.4,0,1,179.6
94,66,2,52,17.9,3.4,1.7,0,1.7,17.9,0.8,13.7,2074
94,37,1,12,4.2,0.8,0.4,0,0,4.2,0.4,3.9,481.6
55,46,1,9,3.7,1,0.2,0,0.3,3.7,0.3,3.3,330.5
55,38,2,35.5,13.5,2.9,1,0,1.5,13.5,1,12.8,1423.2
55,20,2,72,39.9,19.5,0.4,0,4,39.9,5.1,21.8,3318.9
55,2,1,1,0.4,0.1,0,0,0,0.4,0.1,0.3,39.9
55,18,1,4,1.6,0.4,0.1,0,0.2,1.6,0.2,1.3,176.5
55,22,2,3,1.1,0.4,0.2,0,0,1.1,0.2,0.9,132.4
55,1,2,12,4.6,1,0.5,0,0.3,4.6,0.8,3.6,478.1
55,39,2,4,1.6,0.4,0.2,0,0,1.6,0.4,1.4,166.4
55,19,2,18,6.3,1.1,0.7,0.2,0.8,6.1,0.6,4.8,646.1
55,58,3,12,4.9,1.4,0.4,0.9,0.5,4,0.7,3.1,491.7
55,5,1,2,1.3,0.7,0,0,0.1,1.3,0.3,1.2,109.2
55,13,1,1,0.3,0,0,0,0,0.3,0,0.3,37.1
55,47,3,15,5.1,0.9,0.8,0,0.2,5.1,0.6,4.5,579.1
55,69,1,2,1,0.4,0,0,0.1,1,0.2,0.9,112.5
55,67,2,7,2.8,0.9,0.2,0.2,0.1,2.6,0.2,2.7,284
55,30,3,72,30.6,5.6,1.9,0,6.1,30.6,2.3,23.4,2951.2
55,28,2,64,25.7,9.3,4.4,3.1,1.9,22.6,1.9,18.3,2635.4
55,54,1,47,16.7,1.3,1.8,0.1,0.1,16.6,0.2,15.4,1917.2
55,75,1,5,1.9,0.6,0.2,0,0,1.9,0,1.6,179.1
55,21,3,56.5,21.2,5.1,2.1,0.3,1.6,20.9,3.4,16.5,2316.4
55,12,1,6,3,1.8,0.4,0,0,3,0.2,2.8,335.8
55,43,1,9,3.6,0.6,0.2,0,0.2,3.6,0.5,3.1,390.1
55,42,1,5,2,0.3,0.1,0,0.1,2,0.3,1.7,216.7
55,0,1,1,0.4,0.2,0,0,0,0.4,0.1,0.4,39.7
55,35,1,1,0.6,0.3,0,0.1,0.1,0.5,0.1,0.4,52.8
55,57,1,4,1.4,0.3,0.2,0,0.3,1.4,0.2,1.2,167.1
55,4,2,3,1.6,0.7,0,0,0.2,1.6,0.3,1.6,153.3
55,56,2,10,3.4,0.8,0.6,0,0.8,3.4,0.6,3,417.8
55,45,2,40,13.7,2.8,2.5,0,0,13.7,2.1,12.3,1543.2
55,81,2,4,2.3,1.2,0.1,0.2,0.1,2.1,0.1,1.3,321.2
55,51,1,2,0.7,0.1,0.1,0,0,0.7,0,0.5,77.3
55,70,2,8,3.7,0.9,0.2,0,0.7,3.7,0.8,3.2,416.5
55,71,3,3,1.4,0.5,0,0,0.3,1.4,0.3,1.4,162
55,9,2,6,2.1,0.2,0.3,0,0.2,2.1,0,1.9,243.7
55,15,1,2,0.8,0.3,0.2,0,0,0.8,0.2,0.6,74.7
55,59,1,5,2.1,0.6,0,0,0.2,2.1,0.2,1.9,248.4
55,48,1,5,1.7,0.4,0.3,0,0,1.7,0.3,1.5,192.9
55,82,2,7,3.9,2.1,0.2,0.3,0.2,3.6,0.2,2.3,562.1
55,11,1,1,0.5,0.3,0.1,0,0,0.5,0,0.5,56
55,23,1,7,2.8,0.9,0.2,0,0.1,2.8,0.6,2.2,329.5
55,29,0,224.5,96,30,6,3,11,93,14,58,8711
55,26,2,3,1.5,0.5,0.1,0,0.1,1.5,0.5,1.3,157.5
55,63,1,1,0.4,0.1,0,0,0.1,0.4,0.1,0.3,42.6
55,62,1,3,1.3,0.4,0.1,0,0.2,1.3,0.3,0.9,127.8
55,41,3,7,2.9,0.6,0,0,0.6,2.9,0.4,2,292.6
55,68,2,6,2.4,0.8,0.2,0.2,0,2.2,0.2,2.4,243.4
55,80,1,5,2.4,0.8,0.1,0,0.1,2.4,0.2,1.8,256.4
55,27,2,22,8.6,1,0.5,0.1,1,8.5,1,7.3,892.5
55,52,1,2,0.7,0.1,0.1,0,0,0.7,0,0.5,77.3
55,66,2,5,2,0.6,0.1,0.1,0.1,1.9,0.1,1.9,202.9
55,10,1,5,1.8,0.2,0.3,0,0.2,1.8,0,1.6,211.9
108,40,4,23,10.5,3.7,0.7,0,1.7,10.5,1.7,7.6,900.6
108,82,2,124.5,42.4,6.7,6.7,0,8.1,42.4,2.6,38.7,4779.4
108,17,4,45.5,17.5,4.7,1.8,0.9,0.9,16.6,1.8,12.8,1670.1
108,102,3,49.5,20.9,4.5,0,2,3.5,18.9,3.5,20.9,2273.4
108,8,1,250.5,102.6,37.5,5.4,13,8.2,89.6,14.2,55.4,9853.7
108,32,2,25,10.9,2.8,0.3,0,0.3,10.9,1.8,9.1,970
108,79,2,20,7.3,1.7,0.5,0,1.7,7.3,0.5,6.8,842.8
108,34,1,3,1,0.1,0.1,0,0,1,0.1,0.8,88.6
108,89,4,37,16.5,3.3,0,0,0.8,16.5,2.4,14.1,1790.1
108,10,1,5,2,0.8,0.2,0,0,2,0.2,1.8,219.3
108,88,2,13,4.6,0.6,0.9,0.2,0.2,4.4,0,3.7,585.2
108,27,3,48,21.4,3.6,0.2,0,1.2,21.4,0.2,18.2,2206.3
108,90,1,162,77.3,27.3,6,22,6.1,55.3,6.2,40.1,6996.1
108,75,2,12,5.8,2.5,0,0,0.4,5.8,0.4,5.3,613.2
108,94,2,4,1.3,0.3,0.1,0,0,1.3,0.3,0.9,144.5
108,97,1,5,2.1,0.7,0.2,0,0.2,2.1,0.1,1.6,227
108,98,3,33,14.1,4.4,1.5,0,1.1,14.1,0.4,10.8,1498
108,37,2,147,48.9,9.6,7.5,0,6.1,48.9,4.5,45.8,5214
108,7,1,100.5,44.4,16.1,3,4,4,40.4,5,24.4,4439.7
108,67,0,33,11,2,3,0,0,11,1,10,1089
108,99,1,2,0.9,0.2,0,0,0.1,0.9,0.1,0.8,89.5
108,4,2,79,27.6,4.8,1.4,3,2.4,24.6,0.9,23.3,2934.5
108,80,2,15.5,5.6,1.3,0.4,0,1.3,5.6,0.4,5.2,653.2
108,38,1,3,1.1,0.1,0,0,0.1,1.1,0,1,97.2
108,21,1,5,1.7,0.3,0.2,0,0.1,1.7,0.1,1.5,190.7
108,9,2,19,7.7,3.1,0.9,0,0,7.7,0.9,6.8,833.2
108,63,3,48,18,4.8,2.3,0,2.3,18,1.6,17.3,1801.2
108,92,3,40.5,17.7,5.2,0.3,1.1,1.7,16.6,2.5,13.9,1841.9
108,73,1,241.5,104.6,35.6,8.4,27.2,12.6,77.4,8.8,66.4,9378
108,100,3,64,28.8,7.4,0.8,0,4,28.8,1.6,26.2,2863.5
108,61,1,7,2.6,0.7,0.3,0,0.3,2.6,0.2,2.5,262.7
108,35,1,10,3.3,0.2,0.5,0,0,3.3,0.5,2.6,295.5
108,96,4,31,11.5,3,1.4,0.3,0.7,11.2,1.4,8.4,1221.8
108,103,1,2,1,0.1,0,0,0.1,1,0.1,1,111.5
108,36,3,17,6.1,0.7,0.3,0,0.6,6.1,0.3,5.5,547.8
108,91,0,302,100,11,16,0,9,100,3,80,10887
108,85,2,9,3.5,0.4,0.1,0,0.4,3.5,0.4,2.9,356.7
108,74,2,10,4.8,2,0,0,0.4,4.8,0.4,4.4,511
108,93,1,50,19.7,5.5,1,0.1,0.2,19.6,1.2,17.4,2066.9
108,86,1,14,5.5,0.7,0.2,0,0.7,5.5,0.7,4.6,555
108,20,2,11,3.7,0.6,0.5,0,0.3,3.7,0.3,3.3,419.5
108,18,1,9,3.5,0.9,0.4,0.2,0.2,3.3,0.4,2.5,330.3
108,39,3,42,19,6.8,1.3,0,2.9,19,2.9,14,1644.4
108,81,0,271,95,18,11,0,9,95,6,81,10563
108,26,1,4,1.7,0.3,0,0,0,1.7,0,1.5,177.3
108,83,1,9,3.1,0.6,0.6,0,0.4,3.1,0.2,2.5,351.8
108,78,1,3,1.4,0.6,0,0,0.1,1.4,0.1,1.3,153.3
108,3,2,19,5.6,1.4,1.4,0,0,5.6,0,4.2,697.9
108,77,1,2,1,0.4,0,0,0.1,1,0.1,0.9,102.2
108,29,2,4,1.6,0.4,0.2,0,0,1.6,0.2,1.4,173.6
108,19,1,4,1.4,0.2,0.2,0,0.1,1.4,0.1,1.2,152.6
108,72,1,94,29.6,2.1,2.5,1.5,2.3,28.1,3.2,18.1,2886.2
108,87,1,10,3.5,0.4,0.7,0.1,0.1,3.4,0,2.8,450.1
108,55,2,31,12.1,3.3,1.3,0,0.4,12.1,0.6,11.1,1192.2
108,54,1,10,3.9,1.1,0.4,0,0.1,3.9,0.2,3.6,384.6
108,57,2,9,3.7,1.1,0.4,0,0.6,3.7,0.2,3.2,368.4
108,105,1,5,2.4,0.9,0.2,0,0.1,2.4,0.2,2.1,332.6
108,64,1,4,1.4,0.2,0.2,0,0.6,1.4,0.2,1.3,150.7
108,101,0,227,101,29,5,0,10,101,11,89,10161
108,66,3,44,16.2,3.5,3.5,0,2.2,16.2,0.5,15,1515
108,5,2,39,13.2,1.5,1.2,0,0.4,13.2,0.8,12.1,1462.1
108,95,1,6,2.1,0.4,0.3,0.1,0.1,2,0.4,1.4,216.7
108,104,2,7,3.4,1.2,0.3,0,0.1,3.4,0.3,2.9,465.6
108,52,2,78.5,34,9.6,0.8,0,4.4,34,6.7,24.8,3456.2
108,56,1,2,0.8,0.2,0.1,0,0.1,0.8,0,0.7,81.9
108,16,1,9,3.5,0.9,0.4,0.2,0.2,3.3,0.4,2.5,330.3
108,23,2,4,1.9,0.7,0,0,0,1.9,0.2,1.5,171
108,59,2,19,7.4,2.4,0.7,0,0.7,7.4,0.5,6.1,699.1
108,76,1,2,1,0.4,0,0,0.1,1,0.1,0.9,102.2
108,58,1,11,4.5,1.3,0.5,0,0.6,4.5,0.3,3.9,450.2
108,28,1,2,0.9,0.1,0,0,0,0.9,0,0.8,88.7
66,79,1,6,2.4,0.7,0.1,0,0.3,2.4,0.1,2.3,289.1
66,38,2,18,6.7,1.4,1,0,0.6,6.7,0.2,6.1,774
66,31,2,7,2.8,0.8,0.3,0,0.1,2.8,0.3,2.7,302.1
66,9,3,35,12.9,2,2,0,0.6,12.9,2.6,12.3,1416.2
66,2,2,12,4.9,1.5,0.3,0,0,4.9,0,4.6,574.2
66,64,3,22,9,2.7,0.2,0,0.5,9,0.8,8.5,1044.2
66,76,4,20,10.8,5.1,0.5,0,1.1,10.8,1.2,9.2,1057.9
66,44,0,315,121,30,13,3,10,118,12,92,13154
66,57,2,14,5.8,0.9,0,0,0.4,5.8,1.4,5.3,607.2
66,13,1,6,2.5,0.9,0.4,0,0.5,2.5,0.5,1.8,302.5
66,8,1,10,3,0.3,0.5,0,0,3,0.5,3,385.9
66,54,4,17,7.8,3.9,1,1,0.5,6.8,1.5,5.8,916.1
66,48,0,327.5,159,59,5,16,11,143,11,119,14772
66,51,2,12,4.2,0.7,0.8,0.1,0.4,4.1,0.6,3.5,470.2
66,34,3,34.5,12.6,1.4,0.5,0,0.5,12.6,0.5,11.5,1397.6
66,45,3,23,9.2,1,1,0.8,1,8.4,0.5,6.9,971.9
66,30,1,18,7.2,2.6,0.8,0,0,7.2,1.3,6.9,749.6
66,60,3,9,2.8,0.8,0.8,0,0.5,2.8,0.5,2.8,288.8
66,47,3,42.5,19,6.1,1,0,1.8,19,1,17.6,2081.3
66,11,2,5,1.9,0.5,0.3,0,0.3,1.9,0.4,1.6,232.1
66,32,1,3,1.2,0.2,0.1,0,0.1,1.2,0,1.2,135.5
66,73,2,13,5.9,2.1,0,0,0.9,5.9,1.3,5.9,569.9
66,27,2,23,9.2,2.5,1.4,0.3,0.3,8.9,0.8,8.4,975.2
66,21,2,14,6,1.2,0,0,0.4,6,0.5,4.7,626.7
66,33,2,42,17.6,3.5,1.1,0,2.3,17.6,1,16.6,1895.5
66,55,3,9,4.1,2,0.5,0.5,0.2,3.6,0.7,3.1,484.9
66,39,3,12,5.3,1.4,0.2,0,0.5,5.3,0.5,4.8,616.3
66,37,1,2,0.7,0.2,0.1,0,0.1,0.7,0,0.7,86
66,43,2,9,4.2,1.4,0.3,0.5,0.3,3.7,0.5,2.8,366.8
66,69,1,9,2.8,0.3,0.5,0,0.5,2.8,0.3,2.1,345.5
66,71,2,14.5,5.3,1.3,0.5,0,0.9,5.3,0.9,4.7,589.3
66,77,1,1,0.4,0.1,0,0,0,0.4,0,0.2,43.9
66,58,1,4,1.7,0.3,0,0,0.1,1.7,0.4,1.5,173.5
66,20,1,2,0.8,0.1,0,0,0.1,0.8,0.1,0.6,91.9
66,67,1,2,0.9,0.2,0,0,0,0.9,0.1,0.8,106
66,75,2,5,3,1.7,0.2,0,0.3,3,0.3,2.8,283.7
66,59,1,17,5.5,1.4,1.4,0,0.9,5.5,0.9,5.5,545.4
66,80,4,38,15.2,4.2,0.9,0,1.8,15.2,0.9,14.3,1830.7
66,3,2,13,5.3,1.7,0.4,0,0,5.3,0,5,622
66,28,1,4,1.6,0.4,0.2,0,0,1.6,0.1,1.5,169.6
66,50,1,6,2.1,0.3,0.3,0.2,0.3,1.9,0.2,1.5,258.1
66,25,2,7,3.1,0.9,0,0,0.2,3.1,0,2.8,325.3
66,83,2,10,4,1,0.2,0,0.5,4,0.9,3.7,549.5
66,56,1,6,2.7,1.4,0.3,0.3,0.2,2.4,0.5,2.1,323.3
66,81,1,3,1.2,0.3,0,0,0.1,1.2,0.3,1.1,164.9
66,53,3,50,18.1,3.9,3.2,0,0.6,18.1,2.8,15.4,1822
66,49,1,141,57.9,13.1,2.3,1.5,12.3,56.4,5.8,33.8,5319.5
66,6,2,15,4.9,0.6,0.7,0,0.1,4.9,1.1,4.8,589.3
66,12,1,5,2.1,0.7,0.3,0,0.4,2.1,0.4,1.5,252.1
66,7,1,1,0.3,0,0.1,0,0,0.3,0.1,0.3,38.6
66,40,2,63.5,31,11.9,0.3,0,3.6,31,2.6,30.3,3129.1
66,41,1,3,1.3,0.4,0.1,0,0.1,1.3,0.1,1.2,154.1
66,82,1,2,0.8,0.2,0,0,0.1,0.8,0.2,0.7,109.9
66,24,1,5,2.2,0.6,0,0,0.2,2.2,0,2,232.3
66,52,1,6,2.2,0.5,0.4,0,0.1,2.2,0.3,1.8,218.6
66,26,1,11,4.4,1.2,0.7,0.1,0.1,4.3,0.4,4,466.4
66,68,2,11,5.1,1.3,0,0,0.2,5.1,0.5,4.3,582.8
66,63,1,7.5,3,1.1,0.4,0,0.4,3,0.2,2.8,302.2
66,70,1,3,0.9,0.1,0.2,0,0.2,0.9,0.1,0.7,115.2
66,36,1,2,0.7,0.1,0,0,0,0.7,0,0.7,81
66,72,1,9,4.1,1.5,0,0,0.6,4.1,0.9,4.1,394.5
66,10,2,8,3,0.4,0.4,0,0.2,3,0.6,2.8,323.8
66,66,1,15,6.1,1.9,0.2,0,0.4,6.1,0.6,5.8,712
66,78,2,6,2.4,0.4,0,0,0,2.4,0.2,1.6,263.6
66,23,1,2,0.9,0.2,0,0,0,0.9,0.1,0.7,87.7
66,46,1,8,3.6,1.1,0.2,0,0.3,3.6,0.2,3.3,391.8
66,88,1,1,0.4,0.2,0,0,0,0.4,0,0.4,58.9
66,89,4,39,18.2,3.7,0.8,0.6,0.8,17.6,0,16.4,2258.6
66,86,1,7,2.8,0.9,0.3,0,0.3,2.8,0.3,2.4,397.8
66,90,2,40,20.8,7.9,0.4,1.3,1.4,19.5,0,18.9,2394.1
66,93,0,271.5,128,42,6,19,15,109,14,77,12612
66,87,4,16,7.1,2.7,0.3,0,0,7.1,0,6.4,942.5
66,94,1,112,51.7,14.9,3.3,0,5.7,51.7,3.2,45.2,6688.3
66,96,3,18,9.5,3.2,0.1,0.8,0.7,8.7,0.6,7.4,1432.4
66,91,3,12,5.6,1.4,0.2,0,0.4,5.6,0.1,5.2,714.7
66,92,0,287,119,37,9,1,12,118,9,64,11874
66,95,3,32,15,4,0.5,0,2.4,15,1.6,14.2,1917.6
47,44,2,14,7,2.6,0.4,1.1,1.4,5.9,1.1,4.8,792.9
47,2,1,174,71.7,16.9,4.3,2,6.9,69.7,5.6,57.7,7677.3
47,38,2,8,3.3,1.1,0.3,0,0.1,3.3,0.6,2.2,370.2
47,22,1,4,1.5,0.5,0.2,0.1,0.1,1.4,0.1,1.5,184.4
47,8,1,2,0.9,0.2,0,0,0,0.9,0,0.9,115.4
47,75,3,44,22.4,10.6,1.2,5,0.4,17.4,4.2,11.8,1876.6
47,87,3,13,5.5,1.3,0.3,0,0,5.5,0,4.8,634.8
47,17,1,4,2,1,0.1,0,0.1,2,0.3,1.6,222.7
47,39,4,39,16,2.7,0,0,0,16,0.6,14.6,1640.7
47,32,1,13,5.6,1.9,0.4,0,0.2,5.6,0.2,5.1,589.6
47,18,2,25,12.5,6,0.5,0,0.5,12.5,2.2,9.8,1391.9
47,69,1,2,0.9,0.2,0,0,0.1,0.9,0.1,0.7,87.9
47,33,3,49.5,21.4,7.1,1.4,0,0.7,21.4,0.7,19.3,2245
47,43,3,39.5,14.8,1.9,1.3,0.7,1.3,14.1,1.3,11.6,1462.4
47,48,2,26,9.8,2.9,1.7,0,0,9.8,2.3,8.1,1018.6
47,79,2,4,1.6,0,0,0,0.2,1.6,0,1.2,173.6
47,35,1,7,3.4,1.2,0.3,0,0.9,3.4,1.2,1.2,308
47,82,1,8,3.3,0.7,0,0,0,3.3,0.2,2.9,312.2
47,88,2,4,1.8,0.4,0,0,0,1.8,0,1.4,195.4
47,9,2,5,2,0.6,0.3,0,0.1,2,0.3,1.9,249.8
47,81,1,8,3,0.2,0,0,0.4,3,0.2,2.5,347.2
47,76,1,13,5.4,1.3,0.6,0,0.8,5.4,0.5,4,605.6
47,84,2,55,28.3,11.9,0.3,2,0.3,26.3,3.3,20.1,2888.6
47,49,1,20,8.5,2.7,0,0,0.5,8.5,0.5,5.9,805.3
47,54,2,3,1.2,0.3,0,0,0,1.2,0,0.8,143.9
47,56,2,4,1.7,0.4,0.1,0,0.1,1.7,0,1.1,191.9
47,3,1,179,63.6,13.9,10.2,0,4.6,63.6,6.4,42.3,6507.9
47,73,1,216.5,81.2,16,8.3,0,5.9,81.2,3.9,67.8,8439.8
47,37,1,7,2.9,1,0.3,0,0.1,2.9,0.6,1.9,323.9
47,77,1,2,0.9,0.3,0,0,0,0.9,0.2,0.7,87.8
47,0,1,3,1.4,0.4,0,0,0,1.4,0.1,1.3,166.9
47,21,1,8,3,1,0.5,0.1,0.1,2.9,0.1,3,368.8
47,74,2,96.5,37.6,11.1,3.5,1,3.7,36.6,3.4,27.3,3649.4
47,85,1,5,2.3,0.6,0.1,0.3,0.1,2,0.1,1.6,250.5
47,64,1,2,1,0.4,0,0,0,1,0,0.7,97.6
47,4,1,28,13.8,8.1,1,0,0,13.8,1,11.7,1395.6
47,20,1,4,1.9,0.8,0.2,0.2,0.3,1.7,0.7,0.8,157.3
47,86,2,4,1.8,0.4,0,0.1,0,1.7,0,1.3,197.9
47,65,3,8,4,1.7,0.1,0,0,4,0.1,2.7,390.4
47,55,1,2,0.8,0.2,0,0,0,0.8,0,0.5,95.9
47,1,1,2,0.9,0.3,0,0,0.1,0.9,0.1,0.7,86.4
47,70,1,2,0.9,0.2,0,0,0.1,0.9,0.1,0.7,87.9
47,83,1,125.5,58.4,16.1,1,0,3,58.4,5,54.4,5884
47,40,3,17,7,1.2,0,0,0,7,0.3,6.4,715.2
47,11,1,1,0.4,0.1,0.1,0,0,0.4,0.1,0.4,50
47,42,0,46.5,12,1,4,0,0,12,2,6,1371
47,63,2,12,5.4,1.6,0,0,0.4,5.4,0.6,3.4,513.4
47,23,4,27,10.1,3.4,1.7,0.5,0.4,9.6,0.4,10.1,1244.6
47,62,2,25,11.1,3.5,0,0,1.1,11.1,1.4,7,1069.5
47,67,1,2,0.8,0.1,0,0,0,0.8,0,0.7,84.6
47,14,2,8,3.4,0.8,0,0,0.2,3.4,0.6,3,373.4
47,30,1,3,1.3,0.4,0.1,0,0,1.3,0,1.2,136.1
47,66,1,2,0.8,0.1,0,0,0,0.8,0,0.7,84.6
47,68,1,2,0.8,0.1,0,0,0,0.8,0,0.7,84.6
47,5,1,67,22.1,3.1,3,0,1,22.1,1.4,21,2773.2
47,34,1,7,3.4,1.2,0.3,0,0.9,3.4,1.2,1.2,308
59,38,3,11,5.4,1.5,0,0,0.7,5.4,0.5,4.2,634.6
59,78,1,2,1,0.5,0,0,0,1,0.3,0.8,127.7
59,18,2,6,2.5,0.6,0.2,0.1,0.2,2.4,0.2,2.5,255.5
59,44,3,83,28.6,3.5,4,0,1.5,28.6,2.5,23.8,3186.7
59,16,1,9,3.4,0.5,0.2,0,0.3,3.4,0.3,3.1,385.6
59,8,1,9,4.4,1.4,0,0.3,0.6,4.1,0.6,4.2,451.4
59,81,1,69,37.5,11.3,0,4,1,33.5,1,28.4,4194.7
59,17,1,3,1.2,0.3,0.1,0.1,0.1,1.1,0.1,1.2,127.8
59,2,1,1,0.4,0,0,0,0,0.4,0,0.3,44.9
59,79,1,8,4.2,2.1,0,0,0.3,4.2,0.3,3.1,445.6
59,69,2,4,2,0.8,0.2,0,0.4,2,0.2,1.2,194.4
59,31,1,5,2.1,0.6,0.2,0,0.2,2.1,0.2,1.7,201
59,89,3,48,26.6,11.8,1,1.5,1.4,25.1,0.6,23.7,3241.3
59,47,1,14,5,1.7,0.6,0,0,5,0,3.9,481
59,88,1,2,0.9,0.4,0.1,0,0,0.9,0,0.7,111.1
59,58,1,8,2.7,0.7,0.5,0,0,2.7,0.2,2.7,320.5
59,76,2,10,4.2,1.3,0.4,0,0.3,4.2,0.8,3.3,500.1
59,54,1,1,0.4,0.1,0,0,0,0.4,0,0.3,53.9
59,75,1,10,3.8,0.8,0.6,0,0.4,3.8,0.4,2.8,440.8
59,67,1,5,2,0.4,0.1,0,0.1,2,0.3,1.8,224.3
59,32,2,23,9.5,2.6,1,0,1.1,9.5,1.1,8,924.7
59,77,2,12,6,2.8,0,0,0,6,1.9,5.1,766.1
59,63,4,16,6.3,1.6,0.1,0,0.5,6.3,0.4,5.7,666.1
59,57,1,2,0.7,0.2,0.1,0,0,0.7,0.1,0.7,80.1
59,1,2,12,4.6,0.8,0.3,0,0,4.6,0.1,4.1,543.1
59,15,1,8,3,0.4,0.1,0,0.3,3,0.3,2.8,342.8
59,73,1,2,0.9,0.2,0,0.1,0,0.8,0.1,0.9,90.7
59,39,1,53,17.7,3.2,3,0,4,17.7,3.1,12.6,1692.7
59,48,1,5,1.8,0.6,0.2,0,0,1.8,0,1.4,171.8
59,37,1,8,3.9,1.1,0,0,0.5,3.9,0.4,3,461.5
59,4,1,1,0.6,0.4,0,0,0,0.6,0.2,0.5,57.1
59,72,1,2,0.9,0.2,0,0.1,0,0.8,0.1,0.9,90.7
59,87,1,1,0.5,0.2,0.1,0,0,0.5,0,0.4,55.5
59,43,2,10,3.7,0.6,0,0,0.3,3.7,0,3.4,387.7
59,70,2,104,50,20.2,4.8,0,9.6,50,11.9,32.8,4958.6
59,33,3,61.5,25.4,7.1,2.5,0,3,25.4,3,21.4,2472.7
59,80,2,5,2.6,1.3,0,0,0.2,2.6,0.2,2,278.5
59,42,0,48,19,6,3,0,3,19,0,17,1955
59,74,1,2,0.8,0.2,0.1,0,0.1,0.8,0.1,0.6,88.2
59,26,1,3,1.6,0.7,0.1,0,0.1,1.6,0.3,1.3,163
59,40,0,283,111,27,5,6,14,105,8,80,11037
59,55,1,6,2.7,0.8,0.2,0.3,0.2,2.4,0.2,1.7,323.5
59,82,1,8,3.7,0.8,0.1,0.1,0.5,3.6,0.4,3.1,431.9
59,41,1,214,86,20,2.3,0.3,18.3,85.7,9.6,36.6,7801.1
59,45,1,9,3.1,0.4,0.5,0,0.3,3.1,0.3,2.3,303.9
59,50,1,6,2.9,0.7,0,0,0.2,2.9,0.7,2.7,342.9
59,25,1,1,0.5,0.2,0,0,0,0.5,0.1,0.4,54.3
59,90,2,18,10.5,4.8,0,1.1,1.1,9.4,0.4,9.2,1306.3
59,83,1,3,1.4,0.3,0,0.1,0.2,1.3,0.1,1.2,162
59,56,1,4,1.4,0.3,0.2,0,0,1.4,0.1,1.4,160.2
59,24,1,2,1.1,0.5,0.1,0,0.1,1.1,0.2,0.9,108.6
59,61,1,3,1.2,0.3,0,0,0.1,1.2,0.1,1.1,124.9
59,6,1,1.5,0.7,0.2,0,0,0.1,0.7,0.1,0.7,75.2
59,11,1,2,1,0.4,0,0,0,1,0,0.9,96.5
59,5,1,3,1.9,1.1,0,0,0,1.9,0.5,1.6,171.3
109,40,2,3,1.4,0.5,0.1,0,0.2,1.4,0.2,1,117.5
109,55,2,60,24.5,5.4,2.3,0,1.4,24.5,2.7,22.4,2378.6
109,33,4,40,17.4,4.6,0.6,0,0.6,17.4,2.8,14.7,1552
109,32,2,6,2.6,0.7,0.1,0,0.1,2.6,0.4,2.2,232.8
109,87,1,8,2.8,0.4,0.6,0.1,0.1,2.7,0,2.2,360.1
109,102,1,6,2.9,0.3,0,0,0.3,2.9,0.3,2.9,334.4
109,56,2,8,3.2,0.8,0.4,0,0.2,3.2,0.2,2.8,307.6
109,88,2,4,1.5,0.1,0.3,0.1,0,1.4,0,1.1,180
109,10,3,14,5.8,2.3,0.6,0,0,5.8,0.6,5.1,614
109,65,1,33,12.8,3.3,1.3,0,0.7,12.8,1.3,12.7,1344.3
109,4,2,4,1.3,0.1,0.1,0,0,1.3,0.1,1.2,150
109,82,2,5,1.7,0.4,0.4,0,0.2,1.7,0.1,1.4,195.4
109,94,1,13,4.5,1,0.6,0.2,0.2,4.3,0.8,3.1,469.6
109,86,2,67,25.2,3.2,2.7,0.4,2.3,24.8,1.9,20.6,2811.7
109,7,2,113,40.4,8.2,2.4,9,2.1,31.4,3.1,29.3,3715.6
109,99,2,4,1.7,0.4,0,0,0.3,1.7,0.1,1.6,178.9
109,37,2,9,3.2,0.4,0.2,0,0.3,3.2,0.2,2.9,291.6
109,97,2,8,3.5,1.1,0.4,0,0.3,3.5,0.1,2.7,363.2
109,54,3,21,8.2,2.2,0.8,0,0.3,8.2,0.4,7.5,807.6
109,8,3,73,26.6,5.5,2.4,0,2.2,26.6,1.2,25.4,2778.7
109,60,2,18,7,2.3,0.7,0,0.7,7,0.4,5.8,662.3
109,27,2,39,16.7,2.8,0.5,0,0.5,16.7,0.5,14.7,1728.8
109,92,2,76.5,33.4,11.8,2.2,0.6,3.9,32.8,7.3,29.4,3190.8
109,9,2,5,2,0.9,0.2,0,0,2,0.2,1.8,219.3
109,61,2,11,4.3,1.4,0.5,0,0.5,4.3,0.3,3.6,406.1
109,93,3,36,15.8,4.7,0.3,1,1.5,14.8,2.2,12.3,1637.3
109,91,1,38,15.4,5.1,1,1,2,14.4,2.1,14.4,1824.4
109,19,2,31,10.5,1.7,1.4,0,0.9,10.5,0.9,9.1,1182.3
109,53,2,5,2.2,0.7,0.1,0,0.1,2.2,0.4,1.5,243.5
109,81,1,5,1.7,0.3,0.3,0,0.2,1.7,0.1,1.4,195.4
109,20,1,2,0.7,0.1,0.1,0,0.1,0.7,0.1,0.6,76.3
109,18,1,11,4.2,1.1,0.5,0.2,0.2,4,0.5,3.1,403.8
109,11,1,5,2.1,0.5,0.1,0,0.2,2.1,0.2,1.5,218.9
109,16,1,11,4.8,1.8,0.5,0,0.7,4.8,0.7,4.4,528.9
109,59,2,26,10.1,3.4,1.1,0,1.1,10.1,0.6,8.4,956.6
109,0,1,4,1.3,0.2,0.2,0,0,1.3,0.1,0.9,151.9
109,29,2,15,5.9,1.2,0.9,0,0.3,5.9,0.9,5.6,651.2
109,13,2,19,8,1.9,0.3,0,0.9,8,0.9,5.8,831.7
109,57,1,16,6.6,1.9,0.8,0,0.9,6.6,0.4,5.6,654.9
109,46,1,2,0.9,0.2,0,0,0,0.9,0.1,0.8,98.9
109,52,2,19,8.4,2.8,0.7,0,0.3,8.4,1.2,5.9,925.1
109,66,2,15,5.4,0.8,0.8,0,2.1,5.4,0.8,5,565
109,5,1,9,3.1,0.4,0.3,0,0.1,3.1,0.2,2.8,337.4
109,1,3,21,6.8,1.3,1.3,0,0,6.8,0.3,4.8,792.6
109,104,1,11,5.3,1.9,0.5,0,0.2,5.3,0.5,4.5,731.7
109,24,1,5,1.8,0.3,0.1,0,0.1,1.8,0.2,1.3,179.1
109,28,2,15,6.4,1.1,0.2,0,0.2,6.4,0.2,5.7,665
109,51,1,7,3.1,1,0.2,0,0.1,3.1,0.5,2.2,340.8
109,41,1,2,0.9,0.3,0.1,0,0.1,0.9,0.1,0.7,78.3
109,95,2,24,8.3,1.8,1.1,0.4,0.4,7.9,1.5,5.7,866.9
109,101,2,5,2.2,0.5,0,0,0.3,2.2,0.2,2,223.7
109,63,1,3,1.1,0.3,0.1,0,0.1,1.1,0.1,1.1,112.6
109,58,2,13,5.3,1.5,0.6,0,0.8,5.3,0.3,4.6,532.1
109,12,1,8,3.4,0.8,0.1,0,0.4,3.4,0.4,2.5,350.2
109,15,1,20,8.8,3.3,0.8,0,1.2,8.8,1.2,7.9,961.7
109,39,1,3,1.4,0.5,0.1,0,0.2,1.4,0.2,1,117.5
28,20,3,16,5.9,1.6,0.6,0,0.2,5.9,0,4.7,599.1
28,31,2,5,2,0.7,0.2,0,0.2,2,0.2,1.5,200.8
28,97,3,15,6.7,1.6,0.1,0.2,0.8,6.5,0.5,6,667.6
28,56,1,1,0.4,0.1,0,0,0,0.4,0.1,0.4,48.5
28,21,2,57,21.2,5.2,1.6,1,2.5,20.2,2.3,17.1,2338.7
28,13,0,209,97,36,6,8,9,89,6,71,10905
28,80,1,2,0.9,0.3,0,0,0.1,0.9,0.2,0.8,99.8
28,70,3,16,6.8,2.5,0.5,0,0.5,6.8,0.9,6.4,717
28,6,1,5,2,0.1,0,0,0,2,0.1,1.9,237.1
28,22,2,136,53.8,10.5,2.6,0,7.2,53.8,3.8,40.3,5925.9
28,110,1,3,1.4,0.4,0,0,0,1.4,0.2,1.2,158.5
28,91,2,6,3,1,0,0,0,3,0.4,2.8,278.8
28,88,2,4,1.7,0.5,0.1,0,0.3,1.7,0.5,1.2,185.7
28,79,3,9,4.2,1.3,0,0,0.5,4.2,0.7,3.7,449.3
28,58,2,14,6.3,1.8,0,0,0,6.3,1,5,679
28,86,2,4,1.7,0.5,0.1,0,0.3,1.7,0.5,1.2,185.7
28,8,1,3,1.2,0.4,0.1,0,0,1.2,0.3,1,117.5
28,35,1,3,1.5,0.5,0.1,0,0.3,1.5,0.4,1.3,122.5
28,60,3,30,15.5,6.5,0,0.5,0.5,15,2.2,13.3,1679.5
28,57,1,5,2.2,0.6,0,0,0,2.2,0.4,1.8,242.5
28,9,3,8,4,1.7,0.3,0,0,4,0.5,3.7,416
28,74,1,2,0.9,0.3,0,0,0,0.9,0,0.7,99.9
28,5,3,10,4,0.3,0,0,0,4,0.3,3.7,474.3
28,12,1,185,82.3,28.2,4.2,17.8,7.5,64.5,8.5,52.3,8028.4
28,54,2,6,2.7,0.7,0,0,0,2.7,0.5,2.1,291
28,72,2,21,7.5,1.8,1.2,0,0.5,7.5,1.8,7.5,903.5
28,107,2,6,3.3,1.2,0,0.1,0,3.2,0.1,3,307.3
28,89,1,6,3,0.9,0,0,0,3,0.5,2.8,278.8
28,69,3,32,13.6,4.9,1.1,0,1.1,13.6,1.7,13.1,1434
28,71,1,5,2.1,0.8,0.2,0,0.2,2.1,0.3,2,224.1
28,59,3,70,31.9,14.8,2,9.4,1.4,22.5,7,19.9,2970.6
28,19,1,3,1.1,0.3,0.1,0,0.1,1.1,0,0.9,112.3
28,14,2,76,36.8,12.4,0,13,2,23.8,4,20.5,3691.8
28,37,1,5,2.4,1,0.2,0,0.1,2.4,0.4,1.8,226.1
28,96,3,62,29,8.4,1.2,0.2,1.6,28.8,0.8,26.6,2922.9
28,51,2,3,1.1,0.1,0.1,0,0.1,1.1,0.1,1.1,133.8
28,105,1,2,0.8,0.2,0,0,0,0.8,0,0.6,83.3
28,47,1,9,3.4,0.7,0.5,0,0.2,3.4,0.3,3.1,346.9
28,40,2,6.5,2.8,0.7,0.2,0,0.2,2.8,0.5,2.4,270.2
28,99,1,4,1.9,0.6,0,0,0.1,1.9,0.1,1.7,184.8
28,75,1,1,0.5,0.2,0,0,0,0.5,0,0.4,50
28,76,2,9,4.2,1.4,0,0,0.2,4.2,0,3.3,449.6
28,62,1,2,0.8,0.2,0.2,0.1,0.1,0.7,0.1,0.6,76.9
28,25,1,2,1,0.2,0,0,0.1,1,0,0.7,99.8
28,10,3,16,8,3.4,0.6,0,0,8,1.1,7.4,832
28,100,1,5,2.4,0.8,0.1,0,0.2,2.4,0.2,2.2,230.9
28,7,1,5,2,0.7,0.2,0,0,2,0.4,1.7,195.9
28,65,2,3,1.2,0.1,0.2,0,0.1,1.2,0.1,1.1,168.9
28,30,1,2,0.8,0.3,0.1,0,0.1,0.8,0.1,0.6,80.3
28,66,1,2,0.8,0.1,0.1,0,0.1,0.8,0.1,0.7,112.6
28,52,1,5,2.2,0.5,0.2,0,0,2.2,0.2,2,257.7
28,98,2,8,3.5,0.8,0.1,0.1,0.5,3.4,0.2,3.2,356
28,64,2,7,2.7,0.2,0.4,0,0.2,2.7,0.2,2.5,394.2
28,38,1,4,2,0.8,0.2,0,0.1,2,0.4,1.4,180.9
28,93,2,7,3.4,1.4,0.5,0.4,0.2,3,0.5,2.3,330.8
28,83,3,12,4.8,1.2,0.3,0,0.3,4.8,0.8,4.5,480.5
28,103,2,9,4.3,1.4,0.1,0,0.3,4.3,0.3,3.9,415.7
28,24,1,2,1,0.2,0,0,0.1,1,0,0.7,99.8
28,84,1,2,0.9,0.3,0.1,0,0.1,0.9,0.3,0.6,92.9
28,85,1,2,0.9,0.3,0.1,0,0.1,0.9,0.3,0.6,92.9
28,109,3,14,6.6,1.9,0,0,0.2,6.6,0.9,5.5,739.8
28,90,1,1,0.5,0.2,0,0,0,0.5,0.1,0.5,46.5
28,27,1,3,1.2,0.3,0.2,0,0.1,1.2,0.2,1,139
28,102,2,8,3.8,1.2,0,0,0.2,3.8,0.2,3.4,369.6
28,108,1,5,2.8,0.9,0,0.1,0,2.7,0.1,2.5,256.1
28,92,2,10,4.9,1.9,0.6,0.6,0.4,4.3,0.6,3.2,472.6
28,53,1,2,0.9,0.2,0.1,0,0,0.9,0.1,0.8,103.1
28,50,1,15.5,5.2,0,0.4,0,0.9,5.2,0.4,5.2,637.5
28,11,1,1,0.5,0.2,0,0,0,0.5,0.1,0.5,52
16,44,1,4,1.4,0.4,0.2,0,0,1.4,0.2,1.1,126.1
16,13,2,3,1.4,0.3,0,0,0,1.4,0.1,1.2,126.7
16,28,2,8,3.4,1,0.4,0.2,0,3.2,0.4,2.6,380
16,20,1,1,0.5,0.1,0,0,0.1,0.5,0,0.3,45.2
16,80,3,13,3.9,0.6,1.1,0,0.2,3.9,0.6,3.9,538.2
16,21,1,2,1,0.3,0,0,0.3,1,0,0.5,90.4
16,43,1,53.5,16.3,0.5,2.2,0,0.2,16.3,2.2,11.8,1944.7
16,54,2,18,7.7,2.5,0.8,0.2,0.7,7.5,0.8,6.9,804.8
16,52,1,12,4.9,1.3,0,0,0.3,4.9,1,4.2,410.6
16,45,2,9,3.1,0.9,0.4,0,0,3.1,0.4,2.5,283.7
16,31,1,3,1.2,0.4,0.2,0,0.1,1.2,0.1,0.9,131.1
16,79,3,17,5.1,0.7,1.4,0,0.4,5.1,0.7,5.1,703.8
16,40,3,10,4.7,2.3,0.2,0,0.1,4.7,1.3,3.3,446.1
16,36,1,2,0.9,0.2,0.1,0,0,0.9,0.1,0.8,104.1
16,46,3,18,8.1,3,0.5,0,0,8.1,0.8,7.4,926.8
16,105,4,27,13.3,5.2,0.6,0.9,0.5,12.4,0.9,9.6,1432.5
16,11,2,5,2.3,0.5,0,0,0,2.3,0.1,2.1,211.1
16,98,2,4,1.6,0.4,0.1,0,0.1,1.6,0.1,1.1,190.9
16,74,1,4,2.1,0.8,0,0,0,2.1,0,1.7,253
16,85,2,4,2,0.7,0,0,0.4,2,0,1.7,221.1
16,104,4,32,15.8,6.2,0.7,1.1,0.5,14.7,1.1,11.3,1697.8
16,96,3,20,9.1,2.6,0.6,0,1.1,9.1,1.1,6.6,985.2
16,14,2,5,1.9,0.4,0.1,0,0.2,1.9,0.3,1.8,209
16,106,2,79,44.6,22.8,1.3,22.1,3.7,22.5,4.9,24.8,4229.3
16,77,1,2,1,0.4,0,0,0,1,0,0.9,126.5
16,51,2,6,2.4,0.6,0,0,0.2,2.4,0.4,2.2,205.2
16,32,1,20,8.1,2.6,1.1,0,0.4,8.1,0.7,6.3,873.7
16,94,2,5,2.9,1,0,0,0.5,2.9,0.5,2.3,264.2
16,82,2,34.5,17.8,4.3,0.2,0,1,17.8,0.6,14.7,1794.8
16,17,2,5,2,0.4,0.2,0,0.2,2,0.3,1.8,209
16,87,1,3,1.2,0.3,0.1,0,0.2,1.2,0.2,0.9,122.3
16,71,1,6,2.3,0.4,0.2,0,0.2,2.3,0.4,1.7,246.5
16,78,1,6,3.1,1.1,0,0,0,3.1,0,2.6,379.4
16,73,1,4,1.6,0.3,0.1,0,0.1,1.6,0.3,1.1,164.3
16,35,1,5,2.4,0.9,0,0,0.3,2.4,0.5,1.5,269.8
16,42,3,25,9,1.3,0.7,0,0.7,9,0.7,7.8,1077
16,8,2,4,1.8,0.6,0.2,0,0.4,1.8,1,1.6,192.6
16,4,1,9,3.9,1.2,0.3,0,0.3,3.9,0.6,3.6,382.2
16,101,2,27,13.2,4.7,1.1,1,0,12.2,1.2,10.8,1290.7
16,100,2,22,9.8,3.3,0.8,0,0,9.8,0.5,8.4,1103
16,10,1,2,0.9,0.2,0,0,0,0.9,0.1,0.8,84.5
16,53,1,4,1.6,0.4,0,0,0.1,1.6,0.3,1.4,136.9
16,30,2,5,2.2,0.5,0.1,0,0.2,2.2,0.1,1.8,201.1
16,6,1,2,0.9,0.3,0.1,0,0.2,0.9,0.5,0.8,96.3
16,103,1,126,61.2,18.8,2,2.3,7.7,58.9,8.7,50.8,6602.5
16,19,1,4,1.9,0.5,0,0,0.5,1.9,0,1,180.9
16,89,1,4,1.8,0.6,0,0,0.3,1.8,0.1,1.4,212.3
16,76,1,2,1,0.4,0,0,0,1,0,0.9,126.5
16,1,1,4,2.1,0.9,0,0,0.1,2.1,0.4,2,217.1
16,38,2,8,3.6,0.8,0.3,0,0,3.6,0.5,3.1,416.5
16,55,2,11,4.7,1.5,0.5,0.1,0.4,4.6,0.5,4.2,491.8
16,88,1,4,1.6,0.5,0.1,0,0.3,1.6,0.2,1.2,163.1
16,41,3,39,17,7.4,1.1,0,0.7,17,4.2,13,1724.6
16,34,3,9,4.4,1.6,0,0,0.5,4.4,0.9,2.7,485.7
16,16,2,12,4.7,1,0.4,0,0.5,4.7,0.6,4.2,501.7
16,33,1,16,6.5,2.1,0.9,0,0.3,6.5,0.6,5,699
16,29,1,5,2.2,0.5,0.1,0,0.2,2.2,0.1,1.8,201.1
16,27,1,1,0.4,0.1,0,0,0,0.4,0,0.3,47.5
16,102,1,161,75.2,24,2.4,4.1,7.2,71.1,15.6,55.4,7212.6
16,86,1,6,2.4,0.7,0.1,0,0.5,2.4,0.3,1.7,244.6
16,93,1,4,1.8,0.6,0,0,0.3,1.8,0.1,1.4,212.3
16,83,1,8,3.8,0.9,0.2,0,0,3.8,0.4,3.1,399.8
16,91,1,2,0.9,0.3,0,0,0.1,0.9,0,0.7,106.1
16,23,2,14,5.5,1.5,0.4,0.4,0.7,5.1,0.7,4.4,668.3
10,44,2,6,3,1.2,0,0,0.2,3,0.6,2.2,296.2
10,20,1,1,0.4,0.1,0,0,0,0.4,0,0.3,40.6
10,54,2,84,29.5,4.5,1.4,0,5.1,29.5,3.9,22.3,3183.7
10,28,3,16,5.9,1.8,0.7,0,0.4,5.9,0.7,4.6,537.5
10,55,2,4,1.4,0,0,0,0.2,1.4,0.2,1.2,158.4
10,19,1,4,1.5,0.5,0.2,0,0,1.5,0.2,1.1,162.3
10,106,0,143,68,21,1,0,5,68,7,59,6501
10,16,3,16,7.4,2.7,0.5,0.3,1.3,7.1,1.5,5.1,738.2
10,11,1,7,3.3,1.1,0.3,0,0.6,3.3,0.8,2.7,321.4
10,89,2,3,1.3,0.4,0,0.2,0,1.1,0,1,127.9
10,56,1,5,1.9,0.5,0.3,0,0.2,1.9,0.5,1.7,179.2
10,81,1,2,0.9,0.3,0,0,0,0.9,0.2,0.7,99.5
10,57,4,17,7.8,2.9,0.5,0,0.2,7.8,0.5,7.2,813.7
10,24,3,6,2.3,0.6,0.2,0,0.1,2.3,0.2,1.7,201.6
10,107,2,53.5,28.6,9,0,0,2.1,28.6,1.1,24.5,2961.8
10,105,3,32,14.3,4.1,0.1,0.2,2.1,14.1,1.1,9.5,1454.8
10,8,2,2,1,0.4,0,0.2,0,0.8,0,0.8,89.2
10,14,3,7,3.2,1.1,0.2,0.2,0.5,3,0.6,2.2,319.2
10,0,1,3,1.5,0.7,0,0,0.1,1.5,0.4,1.4,152.5
10,7,1,7,3.5,1.8,0.2,0.5,0.2,3,0.2,2.8,312.2
10,90,1,4,1.8,0.6,0.1,0.4,0.1,1.4,0.1,1.3,171.9
10,110,1,4,2.1,0.7,0,0.1,0,2,0.2,1.7,149.6
10,3,2,41,17.5,6,1.4,0.5,0,17,3.4,14.6,1841.7
10,95,2,8,3.2,0.7,0.3,0,0,3.2,0,2,317.1
10,4,2,109,54.9,24.2,1.9,2.9,3.9,52,7.7,39.4,5764.5
10,6,2,7,3.2,1,0.1,0.3,0.3,2.9,0.4,2.5,328.6
10,42,3,34,15.2,5.1,1.3,0,0.7,15.2,1.5,12.3,1546.6
10,82,3,12,5.3,1.7,0.2,0,0.2,5.3,1.4,4.5,596.9
10,30,2,8,3.5,0.5,0,0,0.5,3.5,0.7,2.3,307.9
10,32,2,5,2.2,0.7,0.1,0,0.1,2.2,0.1,1.8,241.6
10,101,2,6,2.7,0.9,0.1,0,0,2.7,0.3,2.5,275.2
10,72,2,51,14.5,0.1,2.3,0,0.4,14.5,2.1,14.2,1621.6
10,52,1,2,0.9,0.2,0.1,0,0,0.9,0.1,0.8,84
10,104,1,6,2.7,0.9,0.1,0.1,0.2,2.6,0.3,2,269.8
10,98,3,14,6.4,1.9,0.2,0,0.4,6.4,0.2,4.4,609.9
10,9,1,5,2.4,0.8,0.2,0,0.4,2.4,0.6,1.9,229.6
10,86,2,8.5,3.3,0.6,0.4,0.3,0,3,0.2,2.6,341.9
10,33,3,30.5,13.6,4.3,0.7,0,0.9,13.6,0.6,10.9,1519.6
10,103,2,19,8.1,2.1,0.2,0,0.3,8.1,1.3,7.5,848.3
10,37,3,19,6.3,1,0.6,0,0.4,6.3,0.4,6.3,794
10,5,1,20,8.8,2.8,0.5,0.4,0.9,8.4,1.4,7,946.5
10,29,3,13,5.8,0.9,0,0,0.9,5.8,1.2,3.6,500.2
10,77,1,11,3.9,1,0.3,0,0,3.9,1,3.2,439
10,108,1,1,0.5,0.2,0,0,0,0.5,0.1,0.4,50
10,53,3,106,46.6,16.5,3,2.6,1,44,6.1,32.7,4589.2
10,34,1,8,2.7,0.4,0.3,0,0.1,2.7,0.1,2.7,334.3
10,27,1,5,1.9,0.6,0.2,0,0.1,1.9,0.2,1.4,168
10,93,1,8,3.7,1.2,0.2,0.4,0,3.3,1.2,2.9,400.4
10,102,3,84,38.9,12.4,1.2,0,5.3,38.9,5.4,25.3,3548
10,92,1,2,0.9,0.3,0.1,0.1,0,0.8,0.3,0.7,100.1
10,109,2,11,5.8,2.1,0,0.3,0,5.5,0.6,4.6,411.4
10,25,2,5,1.9,0.5,0.2,0,0.1,1.9,0.2,1.4,168
10,70,1,5,1.8,0.1,0.2,0,0.3,1.8,0.1,1.6,209.7
65,31,3,23,8.7,1.6,0.7,0,0.4,8.7,1,8,955.2
65,38,1,8,3,1.1,0.3,0,0,3,0,3,319.7
65,64,2,12,4.7,1.1,0.3,0,0.3,4.7,0.3,4.4,523.3
65,9,2,7,2.7,0.8,0.4,0,0.5,2.7,0.6,2.3,323
65,17,2,3,1.6,0.9,0.1,0,0,1.6,0.1,1,156.3
65,16,1,3,1.2,0.2,0,0,0.1,1.2,0.1,1.2,115
65,51,2,7,2.5,0.5,0.4,0.1,0.2,2.4,0.4,2,268.2
65,44,1,123,59.8,18.4,1.4,1,5.2,58.8,6.5,51.2,6135.3
65,48,1,165,68.8,10.9,4.1,0,5.3,68.8,3.9,60.7,7360.3
65,20,1,7,3.1,1.4,0.4,0,0.2,3.1,0.4,2.9,348.6
65,35,3,24,9,1.5,0.5,0,0.4,9,0.5,8,1115
65,45,2,90,30.6,2.7,3.7,0.5,0.7,30.1,2.3,25.2,3346.5
65,34,3,21,7.7,1.1,0.5,0,0.4,7.7,0.5,7,930
65,75,2,6,2.5,0.6,0,0,0,2.5,0,1.8,259.5
65,32,1,113.5,46,12.5,5.2,0,4.3,46,4,35,4785.7
65,47,2,7,3.1,1,0.1,0,0.3,3.1,0.1,2.9,342.8
65,54,2,7,3,0.6,0.1,0.1,0.2,2.9,0.7,2.6,314.1
65,33,2,115,41.2,7.4,2.2,0,3.2,41.2,1,34.2,4271.4
65,57,1,4,1.7,0.3,0,0,0.1,1.7,0.4,1.5,173.5
65,11,2,19,9.5,3.2,0.2,0.4,3,9.1,3.4,7.6,1003.4
65,39,3,35,13.4,2.6,0.7,0,1,13.4,1.2,12.8,1438.8
65,58,1,2,0.8,0.1,0,0,0.1,0.8,0.2,0.8,86.7
65,28,1,30,16,7.5,0.3,0.1,1.1,15.9,1.2,14.8,1687
65,77,1,4,1.7,0.3,0,0,0,1.7,0.1,1,175.8
65,49,1,44,14.7,2.2,1.3,0.1,1.3,14.6,1.2,11.3,1585.1
65,55,2,4,1.6,0.2,0,0,0.2,1.6,0.4,1.6,173.4
65,2,1,6,2.8,1.3,0,0,0.6,2.8,0.6,2.2,280.3
65,24,2,13,5.7,1.6,0,0,0.4,5.7,0,5.2,604.1
65,81,2,6,2.5,0.6,0.1,0,0.2,2.5,0.5,2.2,320.5
65,18,1,4,1.6,0.2,0,0,0.1,1.6,0.1,1.6,153.3
65,59,1,6,3,1.2,0.2,0,0,3,0.2,2.3,301.8
65,21,2,7,2.8,0.6,0.1,0,0.4,2.8,0.3,2.3,325.6
65,19,1,4,1.8,0.8,0.2,0,0.1,1.8,0.2,1.7,199.2
65,80,1,4,1.6,0.4,0.1,0,0.2,1.6,0.4,1.5,219.8
65,30,2,8,2.8,0.3,0.3,0,0.2,2.8,0.3,2.6,312.5
65,50,1,10,3.4,0.5,0.6,0.2,0.6,3.2,0.3,2.5,430.2
65,83,3,12,5,1.2,0.2,0,0.2,5,0.7,4.2,627.1
65,12,2,6,3,1,0.1,0.1,1,2.9,1.1,2.4,317.6
65,29,2,39,13.9,1.8,1.5,0,0.7,13.9,1.3,12.7,1532.6
65,74,3,10,4.4,1.2,0,0,0.1,4.4,0.1,3.4,445.9
65,42,1,7,2.5,0.5,0.4,0,0.1,2.5,0.3,2.5,357.3
65,25,1,6,2.6,0.8,0,0,0.2,2.6,0,2.4,278.8
65,82,1,2,0.9,0.2,0,0,0,0.9,0.1,0.7,100.7
65,40,3,10,4,0.9,0.2,0,0.3,4,0.4,3.8,444.6
65,36,2,23,8.6,1.6,0.6,0,0.4,8.6,0.6,7.6,1098.2
65,41,2,9,3.4,0.6,0.1,0,0.3,3.4,0.3,3.3,365.6
65,73,1,4,1.2,0.2,0.2,0,0.2,1.2,0.2,0.9,153.6
65,53,2,9,3.3,0.7,0.5,0,0.2,3.3,0.4,2.8,350.7
65,6,1,8,2.4,0.2,0.4,0,0,2.4,0.4,2.4,308.8
65,14,1,4,2.1,1.2,0.1,0,0,2.1,0.1,1.4,208.5
65,23,2,13,5.6,1.1,0,0,0.2,5.6,0.4,4.3,578.7
65,46,1,2,0.9,0.3,0,0,0.1,0.9,0,0.8,97.9
65,90,3,22,10.2,2,0.4,0.3,0.5,9.9,0.1,9.2,1266.7
65,88,1,3,1.3,0.5,0.1,0,0,1.3,0,1.2,176.7
65,93,2,137.5,67.1,22.9,0.3,1.1,8.6,66,7.9,48.6,6891.8
65,84,1,4,1.8,0.6,0.1,0.2,0.4,1.6,0.1,1.6,228.3
65,95,4,53,27.6,9.5,0.7,1.8,2.5,25.8,2.1,23.7,3587
65,91,4,55,27.8,9,0.8,1,2.3,26.8,2.1,24.5,3482.9
65,92,0,122,73,40,0,11,1,62,3,51,8424
65,94,0,158.5,71,23,2,0,9,71,16,37,7655
65,1,1,4,1.9,0.9,0,0,0.4,1.9,0.4,1.5,186.9
65,96,1,5,2.8,1.1,0.1,0.3,0.1,2.5,0.1,2.2,365.9
72,2,3,24,12.4,5.3,1,1,1.5,11.4,2,6.3,1127
72,38,3,20,8,1.8,0.4,0,0.5,8,0.8,7.6,1104.7
72,18,1,3,1.1,0.1,0.1,0,0,1.1,0,1,110.6
72,16,1,2,0.8,0.1,0,0,0.1,0.8,0,0.8,75
72,44,0,765,475,297,12,355,36,120,64,220,36694
72,60,2,24,10,2.8,0.8,0,2.4,10,2.4,7.9,964
72,17,2,13,4.6,0.4,0.4,0,0,4.6,0,4.2,479.3
72,5,3,25,10.3,2.7,0.3,0,0.8,10.3,1.2,10,925.3
72,8,1,8,2.8,0.4,0.2,0,0,2.8,0.2,2.6,332.2
72,54,1,2,0.7,0,0,0,0.1,0.7,0.2,0.6,78.1
72,37,2,12,4.8,1,0.2,0,0.4,4.8,0.4,4.6,662.8
72,45,0,787,500,326,10,395,40,105,63,241,38659
72,63,2,3,1.5,0.7,0.1,0,0,1.5,0.1,1.3,160.8
72,64,2,6,2.3,0.4,0.4,0,1,2.3,0.6,1.3,207.7
72,46,1,276,143.9,60.4,6,43,14.6,100.9,20.5,102.3,13344
72,31,2,9,3.2,0.8,0.4,0,0.3,3.2,0.4,2.9,364.7
72,34,4,65,26.1,6.8,3.8,0,2.9,26.1,1,22.3,2909.4
72,11,4,55,24.7,8.3,1,0.7,1.9,24,3.9,22.1,2764.5
72,0,2,5,2.1,0.3,0.1,0,0.2,2.1,0.1,2,190.5
72,40,1,208.5,78.7,10.3,4.6,0,4.4,78.7,1.3,75.6,9942.7
72,27,2,3,1.3,0.2,0,0,0.1,1.3,0.2,1.2,136.2
72,1,2,11,4.6,0.7,0.2,0,0.5,4.6,0.2,4.4,419.3
72,67,2,26,8.6,1.6,1.6,0,0.4,8.6,0.4,6.2,983
72,69,1,5,1.7,0.1,0.1,0,0.3,1.7,0.3,1.5,186.2
72,30,2,55,19.2,4.3,3.5,0,2.6,19.2,3.5,16.6,2109.2
72,43,0,400.5,177,52,13,26,14,151,11,153,20347
72,28,3,20,8.6,1.1,0,0,0.5,8.6,1.1,8,907.5
72,75,1,29,13.5,4.8,0,0,1.9,13.5,1.9,11.6,1522.5
72,47,0,366.5,191,86,5,85,28,106,16,42,14544
72,42,3,223,110.2,42.5,5.1,42.7,15.6,67.5,11.1,60.6,9847.7
72,4,2,74.5,30,10.3,1.2,0,0.4,30,6.5,21.8,2664.2
72,76,0,24,11,6,2,0,0,11,0,8,1088
72,52,1,8,3.8,1.3,0.1,0,0.3,3.8,0.3,3.4,391.1
72,6,1,3,1.2,0.3,0,0,0.1,1.2,0.1,1.2,111
72,53,4,11,5.3,1.8,0.1,0,0.4,5.3,0.4,4.8,537.8
72,12,3,51,22.6,7.2,1.4,1.7,2,20.9,2.4,19.9,2337.5
72,29,1,1,0.3,0.1,0.1,0,0,0.3,0.1,0.3,38.3
72,39,2,6,2,0.1,0.3,0,0.2,2,0.1,1.9,292.8
72,26,3,24,9.6,1.7,0.9,0,1,9.6,0.7,8.5,1023.9
72,50,2,7,2.5,0.5,0.3,0,0.1,2.5,0.5,1.3,256.6
72,70,1,6,2,0.1,0.1,0,0.4,2,0.4,1.8,223.5
72,36,1,2,0.8,0.2,0.1,0,0.1,0.8,0,0.7,89.5
72,61,2,2,1,0.4,0,0,0,1,0,0.8,107.2
72,41,0,147.5,64,12,3,0,3,64,2,59,8074
72,10,1,36,12.4,4.5,3,2,0.1,10.4,1.3,9.2,1353
72,49,1,4,1.4,0.3,0.2,0,0.1,1.4,0.3,0.8,146.6
72,55,1,2,0.7,0,0,0,0.1,0.7,0.2,0.6,78.1
72,3,1,10,5.1,2.2,0.4,0.4,0.7,4.7,0.9,2.7,469.6
72,23,1,2,0.8,0.2,0.1,0,0.1,0.8,0.1,0.5,74.2
72,89,2,4,1.5,0.4,0.1,0,0.1,1.5,0.4,1.2,201.2
72,78,2,78.5,40.3,16.2,0.6,37.3,5.2,3,4.9,25.7,3484.6
72,88,1,6,2.6,0.6,0.3,0,0.4,2.6,0.5,2.5,334.9
72,77,1,8.5,4.2,1.7,0.2,3,0.5,1.2,0.7,3.9,428.4
72,91,3,28,10.4,1.1,0.4,0,1,10.4,0.5,9,1364.2
72,94,4,40,19.2,5.9,0.3,0.3,1.6,18.9,0.6,16.9,2623.1
72,95,1,12,5.8,1.8,0.1,0.1,0.5,5.7,0.2,5.1,786.9
72,80,2,11,5.7,2.4,0.5,0,0,5.7,2.4,4.8,520.8
72,92,3,42.5,15.7,1.4,0.6,0,1.4,15.7,0.6,13.8,2065.5
27,104,2,10,4.2,1.4,0.8,0,0,4.2,0.6,3.6,394.2
27,97,2,4,1.6,0.4,0.1,0.1,0.1,1.5,0.1,1.3,164.5
27,20,1,4,2.3,1.2,0,0.4,0,1.9,0.5,1.6,184.3
27,43,1,5,2.3,0.8,0.1,0,0.1,2.3,0.1,2,226.3
27,56,3,8,4.1,1.5,0,0,0.1,4.1,0.6,3.9,433.4
27,13,0,328,166,72,8,45,28,121,22,85,15315
27,31,1,7,3.6,1.9,0.4,0,0,3.6,0.9,3,436.6
27,25,2,12,4.6,0.8,0,0,0.4,4.6,0.4,4.6,455.2
27,38,2,5,2.5,1.2,0.2,0,0.2,2.5,0.8,2.3,257.5
27,72,2,10,4.6,1.1,0.2,0,0.4,4.6,0.4,3.9,499.3
27,12,1,222.5,96.9,23.7,5.7,0,11,96.9,9.7,65.2,9690.5
27,11,3,27,11.8,3.9,0.6,0,0,11.8,0.8,9.9,1274.9
27,79,1,2,0.7,0.1,0.1,0,0.1,0.7,0.1,0.5,73.9
27,6,3,27,14,5.7,0.3,0,2.5,14,2.8,10.7,1421.4
27,16,2,4,1.7,0.4,0.1,0,0.1,1.7,0.2,1.5,183.4
27,42,3,35,15.9,5.3,0.9,0,0.9,15.9,0.9,13.7,1583.8
27,88,3,39,17.5,5.2,0.1,0,0.3,17.5,0.7,16.2,1918.1
27,54,3,19,9.1,3,0,0,0.8,9.1,1.5,7.6,994.8
27,14,3,87,35.2,11.3,3.3,1,3,34.2,2.6,28.7,3768.8
27,22,4,37,15.8,5.5,0.7,0,0.7,15.8,1.7,11.8,1600.4
27,89,1,10,4.8,2,0.2,0,0,4.8,0.4,4.1,527.4
27,95,2,28,10.6,1.8,0.9,0.5,0.9,10.1,0.9,8.9,1136.8
27,69,1,2,0.9,0.2,0,0,0.1,0.9,0.1,0.8,99.9
27,71,2,5,2.3,0.5,0.1,0,0.2,2.3,0.2,2,249.7
27,49,4,25,10.1,2.4,0.8,0,0,10.1,1.3,9.1,1224.2
27,32,2,24,12.3,6.5,1.3,0,0,12.3,3.3,10.4,1497.1
27,87,4,34,14.7,4.9,0.3,0,0.6,14.7,1.6,11.8,1591.3
27,37,1,4,2.1,0.9,0.1,0,0.1,2.1,0.6,1.8,205.9
27,105,2,7,2.9,1,0.5,0,0,2.9,0.4,2.5,275.9
27,76,1,7,3.5,1.1,0,0.3,0,3.2,0.2,2.5,358.1
27,15,1,12,4.7,1.3,0.5,0,0,4.7,0.3,4.4,531.6
27,82,2,6,2.1,0.2,0.2,0,0.2,2.1,0.3,1.6,221.8
27,107,1,3,1.8,1,0,0.1,0.1,1.7,0.5,1.4,186.8
27,99,2,25,11,3.1,0.4,0.1,0.6,10.9,1,10.5,1176.7
27,96,3,70,29.5,9.3,1.8,1,1.8,28.5,2.1,25.1,3285.5
27,100,3,15,6.7,1.8,0.3,0.1,0.3,6.6,0.6,6.3,706
27,94,2,6,2.2,0.4,0.2,0,0.2,2.2,0.2,2,243.6
27,65,1,2,0.9,0.3,0.1,0,0.1,0.9,0.1,0.6,91.5
27,36,1,6,2,0.3,0.3,0,0,2,0.3,2,215.5
27,24,2,14,5.4,0.9,0,0,0.4,5.4,0.4,5.4,531.1
27,47,2,5,2.5,0.7,0,0,0.1,2.5,0.5,1.5,263.1
27,98,2,3,1.2,0.3,0.1,0.1,0.1,1.1,0,1,123.4
27,77,1,2,1,0.3,0,0.1,0,0.9,0,0.7,102.3
27,64,2,4,1.9,0.7,0.1,0.1,0.1,1.8,0.1,1.2,183.1
27,33,1,5,2.6,1.4,0.3,0,0,2.6,0.7,2.2,311.9
27,28,1,6,2.9,0.9,0,0,0,2.9,0.7,2.9,305.6
27,50,2,11,4.4,1.1,0.3,0,0,4.4,0.6,4,538.7
27,108,1,1,0.6,0.3,0,0,0,0.6,0.2,0.5,62.2
27,93,1,2,1,0.4,0,0,0,1,0.1,0.8,105.5
27,0,2,11,6.1,3.7,0.2,0,0.5,6.1,1.5,4.9,584.5
27,60,1,2,0.8,0.1,0.1,0,0.1,0.8,0,0.7,87.5
27,85,2,10,4.1,0.7,0.1,0,0.3,4.1,0.5,4.1,433.1
27,86,2,5,2.1,0.7,0,0,0.1,2.1,0.2,1.7,234
27,78,1,3,1.5,0.5,0,0.1,0,1.4,0.1,1.1,153.5
27,102,1,3,1.3,0.4,0,0,0.1,1.3,0.1,1.3,141.2
27,61,1,1,0.4,0.1,0,0,0,0.4,0,0.3,43.8
27,5,1,2,1.1,0.4,0,0,0.2,1.1,0.3,0.8,113.3
27,53,1,9,4.2,1.2,0.2,0,0.2,4.2,0,3.7,454.4
27,109,1,6,3.5,1.6,0,0.2,0.2,3.3,0.9,2.8,481.6
27,73,1,2,0.9,0.2,0,0,0.1,0.9,0.1,0.8,99.9
51,44,2,107,36.8,4.9,4.5,0,2.5,36.8,5.9,24.9,3599.5
51,38,2,5,2.1,0.4,0.1,0,0,2.1,0.4,1.8,205.5
51,75,1,3,1.3,0.2,0,0,0.1,1.3,0,1.2,186.6
51,79,1,1,0.6,0.3,0,0,0,0.6,0.1,0.5,58.1
51,20,2,4,1.8,0.6,0,0,0,1.8,0.6,1.6,241.6
51,76,1,2,0.9,0.2,0,0,0.1,0.9,0,0.8,124.4
51,17,4,18,8.6,4.3,0.7,0,1.4,8.6,1.4,8.6,821.5
51,69,2,26.5,10.5,3.6,0.9,0,0.3,10.5,0.9,9.8,1212.4
51,39,2,10,3,0.4,0.6,0,0.2,3,0.2,2.9,378.8
51,5,1,2,0.8,0.2,0.1,0,0.2,0.8,0,0.8,97.5
51,7,3,17,6.8,1.3,0.8,0,1.3,6.8,0.4,6.8,828.8
51,60,2,7,3.1,0.8,0.3,0,0.4,3.1,0.4,2.5,319.9
51,25,2,9,3.9,1.1,0.4,0.2,0.2,3.7,1.1,2.9,477.9
51,42,2,6,2.2,0.1,0.1,0,0.4,2.2,0.2,1.7,221.4
51,21,1,4,1.8,0.6,0,0,0,1.8,0.6,1.7,241.5
51,84,2,69.5,33.9,11.2,3,2.4,3.3,31.5,5.7,28.3,3832.9
51,55,2,108,42.2,11.4,3.1,0,4.3,42.2,1.3,36,4343.3
51,45,1,1,0.3,0.1,0,0,0,0.3,0.1,0.3,35.8
51,57,1,6,2.8,0.8,0,0,0.3,2.8,0.2,2.5,404.7
51,56,4,44,20.9,5.6,0.4,0,1.5,20.9,1.1,16.7,2686.8
51,82,3,32,14.5,4,0,0.8,1.1,13.7,1.5,13.5,1579.6
51,43,1,150,61.5,11.4,1.4,2,5.7,59.5,9.8,41.4,5917.5
51,65,1,4,1.7,0.6,0.1,0.1,0.2,1.6,0.3,1.5,159.9
51,64,3,15,6.5,2.3,0.2,0.5,0.7,6,1.2,5.5,599.8
51,72,3,35,14.1,2.8,0.9,0,1.5,14.1,1.5,12.3,1615.2
51,59,1,5,2.2,0.6,0.2,0,0.3,2.2,0.3,1.8,228.5
51,15,1,13,6,1.5,0,0,0.5,6,1,5.5,698
51,80,3,11,6.2,3.1,0,0,0,6.2,1.1,5.5,639.4
51,11,1,2,0.9,0.4,0.1,0,0,0.9,0.1,0.7,92.6
51,70,1,5,2,0.7,0.2,0,0.1,2,0.2,1.9,228.8
51,71,2,5,2,0.6,0.1,0,0,2,0.1,1.9,228.8
51,50,1,3,1.1,0.3,0.2,0,0.1,1.1,0.1,1,110
51,83,2,114,44.2,10.4,3,2.6,1.9,41.6,3.3,38.4,4780.8
51,74,1,5,2.2,0.4,0,0,0.1,2.2,0,1.9,311
51,68,2,17,7.1,1.5,0.3,0,0,7.1,0.3,6,848.9
51,52,1,1,0.4,0.1,0,0,0,0.4,0,0.2,44.7
51,63,1,2,0.8,0.3,0.1,0,0.1,0.8,0.1,0.6,70.8
51,53,1,2,0.8,0.2,0.1,0,0,0.8,0,0.5,89.3
51,85,1,3,1.3,0.3,0.2,0.1,0,1.2,0.1,0.8,158.4
51,10,1,3,1.3,0.6,0.1,0,0,1.3,0.2,1,138.9
51,3,2,11,4,1.1,1.1,0,0,4,1.5,4,438.5
93,51,1,4,1.7,0.4,0.1,0,0.4,1.7,0.4,1.6,205.4
93,48,3,14,6.8,3.8,0.4,0,0,6.8,2.2,5.6,687.6
93,47,1,4,1.9,1.1,0.1,0,0,1.9,0.6,1.6,196.5
93,50,4,19,8.1,2,0.5,0,1.8,8.1,2,7.5,975.8
93,57,1,221,104.5,44.7,5.1,10,10.1,94.5,17.5,57,10245.2
93,58,1,253.5,130.1,50.1,6.3,22,12.3,108.1,22.4,77.7,11094.7
93,46,2,10,4.5,2,0.2,0,0,4.5,1.2,3.5,497.5
93,56,2,51,15.6,2.5,3.1,0,0.1,15.6,0.2,14.4,1983.7
93,61,2,41,16.8,4.5,1.2,0.4,2.4,16.4,0.8,13.1,1993.9
93,41,2,52,19.8,5.9,1.2,0.3,0.7,19.5,2.7,16.4,2186.6
93,52,1,20,8,3.3,2,0,0,8,2,7.3,855.3
93,10,3,102.5,31.9,3.2,7.2,0,1.9,31.9,2.3,27.2,3583.4
93,33,1,6,2.4,0.8,0.3,0,0.4,2.4,0.3,2.2,219.3
93,90,2,16.5,6.3,0.9,0,0.4,0.9,5.9,0,4.1,740.8
93,88,1,12.5,5.7,2.1,0.3,0,0,5.7,0.9,4.5,701.5
93,32,2,19,7.7,2.4,0.8,0,1.2,7.7,0.8,6.9,694.6
93,38,3,32,11.3,2.1,1.2,0,0,11.3,0.9,10.2,1284.3
93,68,1,1,0.3,0.1,0,0,0,0.3,0,0.3,39.9
93,3,1,4,1.6,0.5,0.2,0,0.1,1.6,0,0.6,166.1
93,100,0,453.5,253,135,9,118,13,135,24,176,23698
93,96,0,348,187,87,4,32,15,155,13,145,14236
93,18,2,62,23,2.6,2.8,0,1.4,23,2.1,20.2,2327.5
93,67,0,84,37,9,1,0,2,37,2,36,4069
93,81,0,496.5,210,50,10,42,16,168,14,152,21496
93,74,2,65.5,22.3,2.9,0.9,0,2,22.3,2,18.8,2482.8
93,21,1,3,1.6,0.7,0,0,0.3,1.6,0.4,1.1,138.6
93,37,4,54,19,3.6,2.1,0,0,19,1.6,17.3,2167.2
93,94,2,125.5,40.2,4.8,6.2,3.3,1.3,36.9,0.7,35.4,6043.6
93,7,1,7,2.6,0.6,0.4,0,0,2.6,0.1,1.9,258.1
93,27,2,51.5,18.1,3.6,3.6,0,0.9,18.1,2.2,15,1972.9
93,22,2,8,4.3,1.9,0,0,0.8,4.3,1.1,3.1,369.7
93,98,0,676,385,216,14,278,35,107,66,194,30181
93,35,2,15,7.3,3.4,0,0,0,7.3,1.5,6.3,695.4
93,30,0,34,13,2,1,0,1,13,1,11,1391
93,101,2,207,130.7,78,1.3,47,3,83.7,8.3,107.7,11463.3
93,28,4,60,21.1,4.1,4.1,0,1,21.1,2.6,17.5,2298.5
93,13,1,6,2.5,0.9,0.3,0,0.4,2.5,0.4,1.6,247.5
93,29,1,217.5,99.4,38,5.7,32,12.3,67.4,14,53.4,8544.4
93,69,1,5,2,0.5,0.3,0,0.1,2,0.2,1.5,205
93,80,1,31,14.5,6.8,1.1,3.4,0.1,11.1,0.2,9.2,1412.6
93,86,1,2,0.9,0.3,0,0,0,0.9,0.1,0.7,112.2
93,75,2,51,20.7,3.1,2.1,0,1,20.7,0,20.2,2281.2
93,99,0,432,246,124,9,127,24,119,19,172,23535
93,83,2,52,23.3,4,1.6,0.5,1.2,22.8,1.6,22,2260.6
93,87,1,3,1.4,0.5,0.1,0,0,1.4,0.2,1.1,168.4
93,39,2,22,8.8,3.2,0,0.4,0.8,8.4,2.4,7.6,961.6
93,84,1,5,1.8,0.5,0.2,0,0.1,1.8,0.1,1.5,212.8
93,19,3,13,6.9,3,0,0,1.3,6.9,1.7,5,600.8
93,97,0,589,266,96,16,115,36,151,30,150,22440
93,93,1,1,0.5,0.2,0,0.1,0,0.4,0.1,0.3,65.7
93,92,2,8,3.7,1.3,0.3,0.3,0.4,3.4,0.5,2.5,525.9
93,9,1,5,1.7,0.3,0.3,0,0.2,1.7,0.1,1.5,186.8
93,95,1,220.5,85.4,12.2,8.2,0,3,85.4,3.1,76.3,10018.6
93,82,1,360,176.9,67.8,7.3,67.3,20.2,109.6,22.3,97.1,14608.3
93,17,4,41,15.7,2.6,1.4,0,2.2,15.7,1.7,14.5,1680.2
93,0,2,9,3.1,0.6,0.4,0,0.4,3.1,0.2,2.8,343.3
93,15,2,12,4.9,1.3,0.1,0,0.6,4.9,0.4,3.6,480.3
93,6,1,2,0.8,0.2,0.1,0,0,0.8,0,0.5,73.8
93,66,1,1,0.5,0.3,0,0,0,0.5,0,0.4,48
93,25,2,32,13.5,3.2,0.7,0,0,13.5,0.7,11.5,1360.7
93,91,3,26,10.4,2.1,0.2,0.6,1.4,9.8,0.4,6.9,1292.3
93,23,2,13,6.9,3,0,0,1.3,6.9,1.7,5,600.8
93,24,2,15,6.3,1.5,0.3,0,0,6.3,0.3,5.4,637.8
93,1,0,214.5,77,14,6,4,15,73,10,43,7343
93,89,1,2,0.8,0.1,0,0.1,0.1,0.7,0,0.5,89.8
93,11,2,17,5.9,1,1,0,0.6,5.9,0.4,5.1,635.1
102,42,3,14,7,2.7,0.3,0,0.3,7,1.4,6.1,784.6
102,90,2,17,7.2,1.8,0.6,1.8,0,5.4,0.6,4.8,716.4
102,75,1,2,0.8,0.2,0,0,0.1,0.8,0,0.8,79.6
102,79,3,8,3.3,0.4,0.1,0.1,0.7,3.2,0.4,3.1,459.2
102,10,2,55.5,21,3.6,1.2,0.6,1.2,20.4,1.8,16.8,2137.2
102,100,3,21,7.7,0,0.5,0,2,7.7,1.4,5.7,1000.9
102,53,3,82,40.1,14.8,0.6,0.9,1.6,39.2,3.1,26,3614.1
102,2,1,3,1,0.2,0.4,0.1,0,0.9,0.2,0.6,97.1
102,3,2,14,4.7,1,1.7,0.3,0,4.4,1,2.6,453.3
102,65,2,11,4.6,1.3,0.2,0,0.2,4.6,1.5,3.3,443.1
102,50,3,31,9.8,0.5,1.6,0,1.2,9.8,1.2,8.1,1157.9
102,51,2,33,10.9,1.1,1.5,0.1,1,10.8,1.2,9,1239
102,96,3,20,8.8,2,0.7,0,0.6,8.8,1.2,8.2,1090.7
102,56,0,444.5,195,70,14,39,32,156,29,102,16377
102,105,1,2,0.9,0.2,0,0,0.1,0.9,0.1,0.7,141
102,7,2,4,1.5,0.3,0.1,0,0.1,1.5,0.1,1.3,171.6
102,62,2,9,3.7,0.9,0.3,0.7,0.6,3,0.3,2.3,335.4
102,48,1,5,2.2,0.8,0.2,0,0.2,2.2,0.3,1.7,199.2
102,21,2,6,2.3,0.5,0.2,0,0.1,2.3,0.3,1.8,224.8
102,54,2,68,21.2,0,3.6,0,0.6,21.2,1.3,17.4,2363.3
102,39,3,13,5.1,1.3,0.3,0,0,5.1,0.3,3.5,497.5
102,102,1,4,1.4,0.2,0.1,0,0.2,1.4,0.1,1.1,207.8
102,36,1,4,1.6,0.4,0,0,0.2,1.6,0.5,1.1,159.7
102,17,4,27,10.2,1.9,1.4,0,0.4,10.2,0.4,9.4,1215
102,57,0,309.5,147,66,8,12,15,135,20,89,12273
102,64,4,17,7.1,2,0.3,0,0.3,7.1,2.4,5.1,684.8
102,81,1,3,1.1,0.2,0.1,0,0.1,1.1,0.1,1.1,155.8
102,19,2,6,2.2,0.4,0.2,0,0.2,2.2,0.3,1.8,231.4
102,20,3,28,10.2,2,0.9,0,0.9,10.2,1.3,8.3,1080
102,98,3,7,2.8,0.6,0.4,0,0,2.8,0.6,2.7,381.8
102,46,1,1,0.4,0.2,0,0,0,0.4,0.1,0.3,39.8
102,103,1,3,1.1,0.2,0.1,0,0.2,1.1,0.1,0.8,155.8
102,30,1,2.5,1,0.2,0.1,0,0.1,1,0.1,0.6,108.8
102,82,3,6,2.3,0.4,0.2,0,0.1,2.3,0.2,2.2,311.5
102,77,2,7,3.2,1.1,0.1,0,0.1,3.2,0.4,2.7,322.1
102,44,2,45,17.4,2.7,2.6,0,2.2,17.4,1.4,15.1,1534.7
102,84,1,3,1.3,0.3,0.2,0.2,0.1,1.1,0.1,1.1,159.8
102,92,1,9,3.7,0.9,0.5,0,0,3.7,0,3,487.2
102,11,3,19,7.7,1.9,0.4,0.1,0.4,7.6,0.8,6.3,836.8
102,55,2,137.5,48.7,9,3.9,0,1.4,48.7,1.2,43.6,5407.7
102,16,1,2,0.8,0.1,0,0,0.1,0.8,0.1,0.7,77.8
102,101,1,3,1.1,0.2,0.1,0,0.2,1.1,0.1,0.8,155.8
102,12,1,3,1.3,0.4,0.1,0,0.1,1.3,0.1,1.1,150.6
102,6,2,8,3.1,0.3,0.2,0,0.5,3.1,0.3,2.8,359.1
102,74,1,10,4.1,1,0,0,0.3,4.1,0,3.8,397.9
102,18,1,2,0.8,0.1,0.1,0,0,0.8,0,0.7,90
102,95,2,24,11.4,2.9,0.5,0,1.5,11.4,0.9,10.5,1309.3
102,13,1,26,11.2,3.9,0.7,0,0.7,11.2,1.1,9.5,1304.9
102,15,2,22,8.6,1,0,0,0.7,8.6,0.7,7.3,855.6
102,78,1,13,5.9,2.1,0.3,0,0.3,5.9,0.9,5,598.3
102,86,2,30,10,1.6,1.1,0.6,0,9.4,0,9,1231.6
102,41,2,16.5,6.4,1.6,0.3,0,0,6.4,0.3,4.5,631.5
102,24,2,42,18.3,5.4,0.6,0,2.7,18.3,1.4,14.9,1974.6
102,61,1,4,1.5,0.3,0.1,0,0,1.5,0,1.4,149.5
102,47,1,2,0.9,0.3,0.1,0,0.1,0.9,0.1,0.7,79.7
102,87,1,37,16,2.6,0.4,0.2,1,15.8,0,15.6,1870.6
102,91,1,4,1.7,0.4,0.1,0.4,0,1.3,0.1,1.1,168.6
102,80,1,12,5,0.5,0.2,0.2,1,4.8,0.5,4.5,688.8
102,58,1,3,1.2,0.4,0.2,0,0.1,1.2,0.2,1,116.6
102,83,2,9,3.4,0.5,0.4,0,0.1,3.4,0.4,3.2,467.3
102,43,2,24,12,4.6,0.6,0,0.6,12,2.3,10.3,1345.2
102,104,1,1,0.4,0.1,0,0,0.1,0.4,0,0.4,70.5
102,23,2,17,6.8,2.1,0.8,0,0.2,6.8,1,5.1,599.3
102,66,1,1,0.4,0.1,0,0,0,0.4,0.1,0.3,40.3
102,76,1,6,2.5,0.6,0,0,0.2,2.5,0,2.3,238.8
102,59,1,2,0.7,0.2,0.1,0,0,0.7,0,0.7,74.8
92,60,4,36,13.1,3.1,1.3,0,1.7,13.1,2.2,10.3,1642.2
92,59,2,66,24.7,7,3.3,0,1.7,24.7,5.1,17,2873.6
92,40,1,2,0.8,0.2,0.1,0,0.2,0.8,0.2,0.8,77.7
92,50,2,6,2.8,0.8,0,0,0,2.8,0.6,2.4,353
92,54,2,5,2.3,0.7,0,0.3,0.1,2,0,1.7,244
92,55,2,14,6.4,1.7,0.2,0.9,0.3,5.5,0.2,4.7,683.4
92,58,2,9,3.4,0.2,0.2,0.1,0.1,3.3,0.1,3.3,468.4
92,44,3,14.5,7.2,2.4,0.3,0,0.3,7.2,0.7,4.7,759.8
92,57,1,139.5,57.3,21.2,5.2,12.1,5.1,45.2,6.1,41.2,6245.3
92,53,2,10,3.4,0.6,0.4,0,0.2,3.4,0.4,2.8,376.4
92,56,1,66,19.4,3,5.2,1.1,1.4,18.3,3.2,14.3,2595.1
92,61,1,3,1.1,0.3,0.1,0,0.1,1.1,0.2,0.9,136.9
92,49,1,4,1.9,0.5,0,0,0,1.9,0.4,1.6,235.4
92,39,3,26,10.8,2.8,1.5,0,2.1,10.8,2.8,10.2,1010.4
92,52,1,14,4.8,0.8,0.6,0,0.3,4.8,0.6,3.9,527
92,46,1,2,1,0.3,0,0,0,1,0.1,0.7,104.8
92,41,1,8,3.3,0.9,0.4,0,0.7,3.3,0.9,3.1,310.9
92,90,2,3,1.5,0.3,0,0.1,0.2,1.4,0.1,1.3,180.7
92,88,1,1,0.5,0.2,0,0,0.1,0.5,0.2,0.4,54.4
92,38,2,6,2.5,0.7,0,0,0.1,2.5,0.3,2.2,320.3
92,32,3,34.5,12,1.8,2.8,0,1.8,12,1.8,12,1266.8
92,86,3,7,3,0.9,0.2,0.6,0.3,2.4,0.7,2.2,320.7
92,65,2,10,5.8,2.6,0,0,0,5.8,0,5.3,633.1
92,34,2,15,6.4,1.7,0,0,0.3,6.4,0.9,5.5,800.8
92,3,1,5,2,0.4,0.2,0,0.5,2,0,1.6,268.6
92,100,0,161.5,96,52,2,65,8,31,13,56,8423
92,74,0,372,155,37,8,4,16,151,9,118,16221
92,96,2,251,132,54,3,63,21,69,14,77,10562
92,75,1,134,48.6,11.1,5.1,0,2.4,48.6,1,42.2,6142.6
92,93,2,51,19.6,4.9,0.9,0,3,19.6,0.9,18.7,1606.5
92,21,1,1,0.4,0.1,0,0,0.1,0.4,0.1,0.3,44.7
92,72,1,8,3,0.2,0.4,0.2,0.2,2.8,0.6,3,375.2
92,8,1,7,2.6,0.6,0.3,0,0.2,2.6,0.2,2.3,278
92,7,1,7,2.6,0.6,0.3,0,0.2,2.6,0.2,2.3,278
92,18,2,88,30.8,10.4,6.5,1.6,0.9,29.2,5.9,22.3,3020.8
92,85,2,14,5.5,1.4,0.8,1.9,0.5,3.6,0.8,3.4,551.1
92,92,0,494.5,191,35,12,18,28,173,11,153,18066
92,99,0,512,282,137,13,126,11,156,37,193,26138
92,80,1,1,0.5,0.2,0,0,0,0.5,0,0.4,73
92,73,3,65,26.1,4.7,2.4,1.7,0.7,24.4,3.1,25.1,2999.3
92,83,1,209,84.3,13.6,4,8,6.2,76.3,4.3,67.6,8748.1
92,64,2,5,2.9,1.4,0,0,0,2.9,0,2.6,316.6
92,87,2,69.5,31.9,11.2,2,3.5,3.1,28.4,5.2,27.4,3484.4
92,4,1,13,5.2,1.2,0.2,0,0.4,5.2,1,4.6,638.5
92,82,0,365.5,192,85,2,74,13,118,15,110,15701
92,28,3,41.5,17.7,4.2,1.7,0,0.8,17.7,0.8,17.7,1636.2
92,97,0,75.5,40,13,0,0,2,40,2,39,3878
92,98,0,515,293,150,7,141,23,152,27,180,22842
92,29,2,19,6.7,1.1,0.5,0,0,6.7,1.5,6.2,837.5
92,36,2,4,1.6,0.4,0,0,0,1.6,0.2,1.4,213.6
92,91,3,136,55.9,17.5,5,13.5,2.6,42.4,2,33.9,5689.8
92,95,0,314,145,59,8,94,19,51,34,51,11968
92,17,1,9,3.9,1.7,0.2,0.8,0.5,3.1,0.5,2.6,414.9
92,81,1,154.5,52.9,5.3,5,0,1.6,52.9,1.2,38.9,7176.1
92,6,2,9,3.5,0.9,0.3,0,0.3,3.5,0.5,3.1,395.1
92,94,2,6,2.9,1.2,0.2,0.2,0.2,2.7,0,2.9,248.5
92,23,2,2,0.8,0.2,0,0,0,0.8,0.2,0.8,88.4
92,1,1,6,2.2,0.4,0.3,0.4,0.1,1.8,0.6,1.4,200.8
92,24,1,2,0.9,0.3,0.1,0,0,0.9,0.2,0.7,108.1
92,66,1,2,0.8,0.2,0.1,0,0.1,0.8,0.2,0.6,99.2
92,11,1,11,4,0.5,0.3,0,0.5,4,0.3,3.8,430.8
23,20,1,8,3.8,1.5,0.2,0.2,0,3.6,0.6,3.2,444.4
23,80,2,3,1.4,0.3,0,0,0.1,1.4,0.3,1.2,133.1
23,43,3,22,8.8,2.5,1.4,0.4,0.4,8.4,1,7.4,829.1
23,38,2,70.5,24.2,3.8,1.7,0,2.1,24.2,1,17.4,2532.9
23,2,2,4,2.2,1.4,0,0,0.2,2.2,0.6,1.8,212.6
23,39,2,19,8.3,2.6,0,0,2,8.3,0.6,7.2,998.3
23,25,3,27,12.2,4.1,0,0,0,12.2,2.4,11.4,1242
23,78,2,23,8.8,2.1,0.4,0,0.4,8.8,1.3,7.1,870.3
23,90,2,11.5,4.5,0.9,0.4,0,0.4,4.5,0.6,3.8,516.6
23,44,2,16,5.8,2.4,0.5,0,0,5.8,0.8,4.9,684.7
23,70,2,69,24.6,3.8,2.8,0,4.2,24.6,5.8,19.4,2554.7
23,81,1,7,3.2,0.8,0,0,0.3,3.2,0.6,2.8,310.6
23,18,2,16,5.5,0.5,0.5,0,0,5.5,0.5,4.2,598.7
23,91,3,32,12.6,2.7,0.9,0,0.8,12.6,1.4,11.7,1424.4
23,94,1,1,0.4,0.1,0,0,0,0.4,0,0.3,36.2
23,17,3,14,4.8,0.5,0.5,0,0,4.8,0.5,3.6,523.8
23,86,1,3,1.1,0.2,0.1,0,0,1.1,0.1,1,133.2
23,77,1,2,0.8,0.2,0,0,0,0.8,0.1,0.6,75.7
23,107,2,92.5,49.4,18.9,0,11.1,2.3,38.3,4.6,32.8,4667.3
23,105,2,9,3.7,1.3,0.7,0,0,3.7,0.5,3.2,354.7
23,84,3,5,2,0.3,0.2,0,0,2,0.2,1.7,222
23,69,1,180,71,21,6,3,10.5,68,14,41.5,6535
23,68,4,34,15.8,5.8,1,1,1,14.8,1,10.2,1556.2
23,67,2,33,15.3,5.6,0.9,0.9,0.9,14.4,0.9,10,1510.5
23,51,2,3,1.4,0.4,0.1,0,0.1,1.4,0,1.2,151.5
23,46,3,9,3.9,1.3,0.1,0,0.1,3.9,0.7,2.7,434.3
23,106,2,5,2.2,0.8,0.3,0,0,2.2,0.3,1.9,215.8
23,89,1,4,1.6,0.3,0.1,0,0.1,1.6,0.2,1.3,179.7
23,104,2,11,4.5,1.5,0.8,0,0,4.5,0.6,4,433.5
23,21,3,8,3.9,1.6,0.1,0.2,0,3.7,0.6,3.2,444.3
23,40,3,12,5.1,1.5,0,0,1.2,5.1,0.3,4.5,630.6
23,87,2,7,2.5,0.4,0.2,0,0,2.5,0.2,2.3,326.4
23,71,3,6,2.3,0.4,0.2,0,0.3,2.3,0.3,2,243.3
23,100,4,31,14.2,4.8,0.3,0.2,0.9,14,2.1,11.1,1374.4
23,65,3,21.5,9.6,3.4,0.2,0.4,0.2,9.2,1.1,7.5,929.2
23,103,4,9,4.6,2,0.2,0.2,0.1,4.4,0.6,3.6,475.4
23,53,1,2,0.9,0.3,0.1,0,0.1,0.9,0,0.8,101
23,99,2,4,1.9,0.7,0,0,0.1,1.9,0.3,1.5,177.3
23,79,1,2,0.9,0.2,0,0,0.1,0.9,0.2,0.8,88.7
23,24,1,2,0.9,0.3,0,0,0,0.9,0.2,0.8,92
23,66,2,3,1.4,0.5,0,0,0,1.4,0.1,1,132.2
23,64,3,57.5,25.6,9.1,0.6,1.1,0.6,24.5,2.9,19.8,2485
23,58,2,9,4.8,1.7,0,0,0,4.8,0.7,4.8,497.5
23,85,1,5,1.9,0.4,0.2,0,0.1,1.9,0.1,1.7,222
23,98,1,1,0.4,0.1,0,0,0,0.4,0,0.3,36.2
23,10,2,7,4.1,1.4,0,0,0.3,4.1,1.4,3.5,367.2
23,62,1,4,1.6,0.4,0.1,0.1,0.2,1.5,0.2,0.9,159.6
23,41,2,29,16.3,10,1.3,6.1,0.4,10.2,5.3,8.8,1499
23,23,1,3,1.4,0.6,0.1,0.1,0,1.3,0.2,1.2,166.6
23,101,0,165,89,38,3,13,14,76,17,43,6940
23,61,2,5,2,0.4,0.1,0.1,0.2,1.9,0.1,1.4,207.2
23,28,1,2,1,0.3,0,0,0,1,0.2,1,101.9
23,16,2,8,2.7,0.2,0.2,0,0,2.7,0.2,2.1,299.4
23,92,3,62,24.8,5.5,1.3,0,0.9,24.8,2.3,23.9,2742.2
23,108,4,33,18.2,7.1,0,0.2,0.5,18,2.5,15.8,1920.3
23,109,2,17,10,4.5,0,0.5,0.5,9.5,2.5,8,1364.5
23,9,1,2,1.2,0.4,0,0,0.1,1.2,0.4,1,104.9
23,102,2,57.5,30.3,13.4,0.7,6.7,0.3,23.6,3.2,17.9,3092.5
23,29,4,25,9.8,1.2,0,0,0.5,9.8,3.7,9.2,1114
23,47,2,11.5,5.6,1.7,0,0,0.2,5.6,1.2,3.4,605.1
23,26,1,3,1.4,0.4,0,0,0,1.4,0.3,1.4,152.8
23,63,0,37,15,5,1,0,3,15,1,8,1401
61,2,2,7,3.2,1.1,0,0,0.3,3.2,0.4,2.7,324.9
61,79,2,3,1.2,0.3,0.3,0.2,0.1,1,0,0.8,117.5
61,22,1,3,1.4,0.6,0.1,0,0,1.4,0.3,1.1,132.2
61,8,1,32,15.6,9.4,1.2,2,0.1,13.6,0,11.5,1813.8
61,13,2,3,1.2,0.4,0.1,0,0,1.2,0,1,141
61,5,1,10,4.9,1.5,0,0.3,0.6,4.6,0.6,4.6,501.5
61,44,1,2,0.9,0.3,0,0,0,0.9,0,0.7,96.9
61,47,2,6,2.7,0.8,0,0,0.1,2.7,0.1,2.2,290.6
61,81,1,198.5,103.4,43.7,3.9,42.1,5.8,61.3,3.5,63.5,9385.3
61,69,2,9,3.7,0.7,0.4,0,0.7,3.7,0.4,2.6,339.6
61,7,2,69,29.2,5.3,1.4,1,2,28.2,2,27.3,3191.1
61,60,2,15,6.2,1.4,0.2,0,0,6.2,0.4,4.8,652.2
61,88,0,241.5,98,29,10,1,9,97,8,78,10487
61,54,1,2,0.9,0.3,0.1,0.1,0.1,0.8,0.1,0.6,107.8
61,51,2,6.5,2.6,0.8,0.2,0.1,0.3,2.5,0.2,2,286.8
61,75,1,5,1.9,0.4,0.3,0,0.2,1.9,0.2,1.4,220.4
61,35,1,186,75.3,10.4,3.1,0.1,5,75.2,5.1,67,8042.6
61,27,2,9,4,1.6,0,0,0.7,4,1.6,3.1,379.9
61,36,4,41,17.8,5.2,1,0.4,0.7,17.4,1.8,14.1,1800.1
61,77,3,17,6,0.6,0.6,0.3,0,5.7,0.6,3.9,740.1
61,33,2,48,18.2,3.8,1.4,0,0.2,18.2,0.6,15.8,1910.8
61,57,1,6,2.3,0.4,0.2,0,0,2.3,0,2.3,230.3
61,65,1,2,0.9,0.4,0.1,0,0,0.9,0.1,0.8,83.9
61,21,1,5,2.4,1,0.1,0,0,2.4,0.5,1.9,220.2
61,86,2,29,14.4,4.5,0.1,0.2,0.6,14.2,1.1,11.5,1757.3
61,84,2,92,38.9,14.6,3,0,2.1,38.9,5.3,34.9,4390
61,34,2,142,48.3,5.1,4.7,0.4,2.4,47.9,3,42.4,5545.7
61,90,0,124.5,71,34,0,17,1,54,8,48,7560
61,23,2,8,3.8,1.6,0.2,0,0,3.8,0.8,3,352.4
61,91,4,49,25.1,9.4,1,1.6,1.3,23.5,2,22.1,3304.8
61,37,3,8,3.6,1.1,0.1,0,0.1,3.6,0.4,2.8,354.8
61,85,4,63,30.6,9.9,0,0.4,0.9,30.2,2.1,24.2,3830
61,61,2,54,19.2,2.6,1.5,0.7,1.8,18.5,1.8,14.9,1999.1
61,18,2,11,4.5,1.2,0.3,1.4,0.3,3.1,0.7,3.6,397.2
61,11,1,8,3.2,1.1,0.4,0,0,3.2,0,2.8,376.1
61,63,2,120,44.6,11.5,4.5,7.3,4.8,37.3,7.5,24.3,3950.4
61,76,1,2,0.7,0.1,0.1,0,0,0.7,0.1,0.5,87.1
61,87,2,107,48.2,13.4,1.2,0.2,5.7,48,4,38.2,5287
61,71,2,14,5.9,1.4,0.4,0.3,0.7,5.6,0.7,4.9,573.9
61,42,2,17,5.5,0.7,0.7,0,0.7,5.5,0,4.2,773.3
61,39,1,1,0.4,0.1,0,0,0.1,0.4,0,0.4,45
61,70,1,8,3.3,0.7,0.3,0,0.7,3.3,0.3,2.3,301.9
61,80,2,88,36.8,9.1,0.8,0.5,5.3,36.3,5.2,22.6,3675.7
61,89,1,139.5,70.2,28.5,2.8,11.2,11.5,59,7.5,50.1,7422.7
61,3,2,7,3.2,1.1,0,0,0.2,3.2,0.5,2.7,325
61,64,2,11,5.2,2.1,0.6,0,0,5.2,0.3,4.4,461.7
61,25,2,11,4.2,0.6,0.5,0,0.3,4.2,0.9,3.4,400
61,49,2,47,19.1,5.8,2.2,1.4,1.8,17.7,1.4,15.2,2071.2
61,48,2,6,2.7,0.8,0,0,0.1,2.7,0.1,2.2,290.6
61,41,3,11,3.9,0.5,0.3,0,0.4,3.9,0.1,3,499.5
61,40,2,8,3.5,1,0.1,0,0.6,3.5,0.2,3.2,360.3
61,83,1,174.5,75.9,21.9,6.5,0.8,7.1,75.1,6.1,58.6,7550
61,92,4,29.5,15.4,4.1,0,0.4,1,15,0.4,14.7,2360.4
61,82,0,397,230,122,2,121,17,109,28,130,17895
61,62,0,182.5,68,18,9,7,7,61,6,54,6783
61,12,2,7,2.8,1,0.3,0,0,2.8,0,2.4,329.1
61,50,3,18,7.3,2.1,0.9,0.6,0.7,6.7,0.6,5.7,793.2
61,52,1,9,3.7,0.9,0.2,0,0.7,3.7,0.4,2.6,398.2
61,24,2,20,7.5,1.1,0.8,0,0.5,7.5,1.6,6.1,727.2
61,72,1,9,3.9,1,0.2,0.4,0,3.5,0.6,3.9,408.1
61,74,1,2,0.8,0.2,0.1,0,0.1,0.8,0.1,0.6,88.2
61,78,1,7,2.5,0.3,0.3,0.2,0,2.3,0.3,1.6,304.8
61,14,1,10,4.1,1.1,0.2,1.3,0.2,2.8,0.6,3.2,361.1
61,68,1,5,2,0.4,0.1,0,0.1,2,0.3,1.8,224.3
61,6,1,2,0.8,0.2,0.1,0,0.1,0.8,0,0.8,90.9
61,66,1,8,3.8,1.5,0.4,0,0,3.8,0.2,3.2,335.8
61,0,1,3,1.3,0.4,0.1,0,0.1,1.3,0.2,1.2,141.4
52,46,2,10,3.5,0.6,0.2,0,0.1,3.5,0.4,3.1,371.1
52,38,1,4,1.7,0.3,0.1,0,0,1.7,0.3,1.4,164.4
52,81,3,13,6.7,2.8,0,0.1,0.2,6.6,1,6,703.1
52,31,1,2,0.8,0.2,0.1,0,0.1,0.8,0.1,0.6,85.2
52,75,1,2,0.9,0.2,0,0,0.1,0.9,0,0.8,124.4
52,20,1,6,2.8,0.9,0,0,0,2.8,0.9,2.5,362.3
52,76,2,9,4,0.7,0,0,0.3,4,0,3.5,559.8
52,9,1,4,1.7,0.8,0.1,0,0,1.7,0.3,1.3,185.2
52,47,3,19,7.3,1.7,0.8,0,0.4,7.3,0.2,5.5,805.4
52,2,1,6,2.2,0.6,0.6,0,0,2.2,0.8,2.2,239.2
52,7,2,8,3.2,0.6,0.4,0,0.6,3.2,0.2,3.2,390
52,69,2,24,9.5,3.2,0.8,0,0.3,9.5,0.8,9,1098.1
52,54,3,8,3.8,1,0,0,0.2,3.8,0.2,3,467.2
52,36,1,1,0.4,0.1,0,0,0,0.4,0.1,0.4,41.1
52,32,1,2,0.8,0.2,0.1,0,0.1,0.8,0.1,0.6,85.2
52,48,1,4,1.5,0.4,0.2,0,0.1,1.5,0,1.2,169.6
52,17,1,2,1,0.5,0.1,0,0.2,1,0.2,1,91.3
52,60,2,5,2.2,0.6,0.2,0,0.3,2.2,0.3,1.8,228.5
52,39,1,1,0.3,0,0.1,0,0,0.3,0,0.3,37.9
52,51,4,25,9.6,2.4,1.3,0,0.7,9.6,0.7,7.6,980.4
52,55,1,149.5,68.2,25.6,6.2,12,6.3,56.2,14.3,35.8,6354.1
52,84,3,31,12.9,3.5,1.6,0.8,0.4,12.1,1.1,8.6,1636.4
52,43,0,132,62,27,6,1,3,61,6,44,6439
52,57,1,47,23.9,9.3,1,0,2.1,23.9,2.1,21.8,2520.9
52,16,2,5,2.4,1.2,0.2,0,0.4,2.4,0.4,2.4,228.2
52,56,2,78.5,37.7,15.1,2.2,8,3.2,29.7,6.8,22.1,3942.9
52,73,2,21,8.5,1.7,0.6,0,0.8,8.5,0.8,7.4,969.1
52,67,2,11,4.7,1,0.3,0,0,4.7,0.3,3.9,549.3
52,77,1,1,0.4,0.1,0,0,0,0.4,0,0.4,62.2
52,85,1,142,57.8,15.4,3.1,0.5,7.3,57.3,6.8,48.8,6618.5
52,88,1,3,1.5,0.8,0.1,0,0.2,1.5,0.3,1.5,213.9
52,72,1,3,1.2,0.2,0.1,0,0.1,1.2,0.1,1.1,138.4
52,59,2,10,4.3,1.2,0.3,0,0.7,4.3,0.7,3.5,457
52,70,3,5,2,0.7,0.2,0,0,2,0.2,1.8,228.8
52,80,2,3,1.7,0.9,0,0,0,1.7,0.3,1.5,174.3
52,1,1,12,4.4,1.2,1.2,0,0,4.4,1.6,4.4,478.4
52,40,1,6,1.8,0.2,0.4,0,0.1,1.8,0.1,1.7,227.3
52,53,2,7,2.8,0.7,0.3,0,0.1,2.8,0.1,1.7,312.6
52,65,1,9,3.9,1.4,0.1,0.3,0.4,3.6,0.7,3.3,359.9
52,11,1,2,0.9,0.4,0.1,0,0,0.9,0.1,0.7,92.6
52,61,3,78,29.3,9.2,4.7,0,3.8,29.3,1.8,20.6,2837.1
52,44,1,29,15,5.3,0.1,0,2.1,15,3.3,12.9,1436.7
52,86,3,14,6.5,2.9,0.6,0.1,0.6,6.4,1,5.8,905.5
52,71,1,5,2,0.7,0.2,0,0.1,2,0.2,1.9,228.8
52,64,1,12,5.2,1.8,0.2,0.4,0.6,4.8,0.9,4.4,479.8
52,83,1,6,2.7,0.8,0,0.1,0.2,2.6,0.3,2.5,296.2
52,28,2,38,17.2,5.2,0,1.6,1.8,15.6,6,16.4,1549.4
52,45,1,2,0.7,0.1,0,0,0,0.7,0.1,0.6,71.6
52,0,1,5,1.8,0.2,0.4,0,0.1,1.8,0.4,1.6,201.3
52,50,1,3,1.1,0.3,0.2,0,0.1,1.1,0.1,1,110
52,52,3,8,3.2,0.8,0.3,0,0.2,3.2,0.2,1.9,357.3
52,62,1,1,0.4,0.1,0,0,0,0.4,0,0.3,35.4
52,74,1,6,2.7,0.5,0,0,0.2,2.7,0,2.3,373.2
52,68,2,4,1.6,0.4,0,0,0,1.6,0,1.4,199.8
52,6,1,2,0.8,0.2,0.1,0,0.2,0.8,0,0.8,97.5
52,66,3,17,7.2,1.7,0.4,0.1,0.2,7.1,0.6,6.1,809
52,63,1,1,0.4,0.1,0,0,0,0.4,0,0.3,35.4
52,10,1,5,2.2,0.9,0.1,0,0,2.2,0.4,1.7,231.4
52,3,1,1,0.4,0.1,0.1,0,0,0.4,0.1,0.4,39.9
96,57,3,7,3,1.2,0.5,0,0.2,3,0,2.3,306.6
96,59,3,11,4.4,1.6,0.3,0.6,0.3,3.8,0.6,3.1,460.4
96,60,2,19,7.7,2.7,0.3,1.1,0.3,6.6,1.1,5.5,795.3
96,51,1,3,1.4,0.3,0,0,0.2,1.4,0.2,1.1,169.3
96,65,1,4,2.1,1,0.1,0,0,2.1,0,1.9,262.4
96,55,3,29,11.4,2.4,1.4,0,0.9,11.4,0.5,10.4,1240.3
96,61,2,43,16.3,4.5,1.5,0.7,0.7,15.6,1,14.5,1812.6
96,58,2,3,1.2,0.5,0.2,0,0.1,1.2,0,1,131.4
96,62,2,20.5,7.5,1.9,0.9,0,0.4,7.5,0.2,7.3,866.5
96,48,1,8,3,0.9,0.4,0,0,3,0.4,2.6,282.6
96,63,1,29.5,10.8,2.7,1.2,0,0.5,10.8,0.2,10.6,1246.9
96,40,2,28,10.3,1.8,1.1,0,0.4,10.3,0.4,8.1,1046.9
96,88,1,4,1.5,0.3,0.1,0,0,1.5,0,1.5,197
96,70,3,7,2.7,0.6,0.2,0,0.6,2.7,0,2.5,384.3
96,38,1,178.5,79.6,28.5,5.5,6,2.7,73.6,10.2,67.6,8030.2
96,35,2,5,2.5,1.2,0,0,0,2.5,0.5,2.1,231.8
96,79,1,36,12.7,1.1,1.1,2,0.1,10.7,0.1,10.6,1397.8
96,8,2,35,13.8,4,1.6,0,0.8,13.8,0.8,8.9,1647.4
96,2,1,7,2.9,0.4,0,0,0.6,2.9,0.2,2.5,322.2
96,31,1,1,0.4,0.1,0,0,0,0.4,0.1,0.4,43.9
96,96,3,25,9.4,1.7,0.6,1.2,1.4,8.2,0.9,7.9,1155.9
96,93,3,52,21.6,6.9,1.6,0,0,21.6,0,18.7,2419.8
96,86,0,376.5,150,41,15,40,12,110,13,94,13815
96,42,1,2,0.8,0.2,0.1,0,0,0.8,0.1,0.7,72.4
96,100,1,165,72.5,21,3.3,3,4.3,69.5,2.7,63.2,7874.2
96,33,1,2,0.9,0.3,0,0,0.1,0.9,0.1,0.8,87.7
96,3,2,3,1.2,0.2,0,0,0.3,1.2,0.1,1.1,138.1
96,101,2,215,117.3,54.8,1,79,18,38.3,10.3,52.1,7902.8
96,94,3,19,6.8,0.8,0.5,0.5,1.1,6.3,0.5,6.5,866
96,73,2,5,2,0.5,0.3,0,0,2,0.2,1.5,205
96,68,3,55,18,4,2.5,0,0.7,18,1.3,13.5,2095.8
96,90,1,8,2.9,0.4,0.2,0,0.4,2.9,0.4,2.5,393.5
96,85,0,415.5,166,29,11,1,16,165,8,157,16501
96,74,2,5,2,0.6,0.2,0.1,0.2,1.9,0.2,1.5,205.8
96,105,2,107,54.8,20.4,1,23.4,5.2,31.4,9,33.8,5168.8
96,99,2,177.5,69.5,11.8,3.3,1,4.3,68.5,0.5,62.4,8151.2
96,9,2,58,19.4,5.1,1.9,0,2.6,19.4,2.6,11.8,2564
96,98,3,16,7.2,2.5,0.3,1.8,0.8,5.4,1,4,773
96,36,2,24,8.6,1.5,0.5,0,0.7,8.6,0.2,7.6,973.3
96,102,1,90,39.6,17.2,6,23,4,16.6,4.1,13.5,2808.7
96,84,2,254,113.6,40.7,3.3,59,15.7,54.6,11.3,50,8283.4
96,81,3,33,12.1,2,1.3,0,1.5,12.1,1.5,10.2,1450.1
96,19,1,4,1.6,0.2,0,0,0,1.6,0,1.3,162
96,37,1,74.5,40.7,19.1,1,20,3.1,20.7,3,28.6,3829.1
96,29,2,14,5.1,1.2,0.9,0.4,0,4.7,0.9,3.4,437.6
96,75,3,7,2.8,0.9,0.2,0.2,0.2,2.6,0.2,2.1,288.2
96,97,2,10,4.5,1.5,0.2,1.1,0.5,3.4,0.6,2.5,483.2
96,17,2,13,4.5,1.2,0.5,0,0.5,4.5,0.9,4.3,503.1
96,103,1,1,0.6,0.2,0,0,0,0.6,0.1,0.5,64.7
96,39,1,46,18.3,4.1,1.7,0,0.3,18.3,0.3,12.9,1852.6
96,43,3,16,6.1,1.3,0.5,0,0.1,6.1,0.9,5.6,579.1
96,69,2,11,4.2,0.9,0.3,0,0.9,4.2,0,3.9,603.9
96,77,1,20,8.3,2.3,0.5,0,0.2,8.3,0.9,7.6,913.6
96,104,1,139,58.6,21,5.2,2.3,0.4,56.3,3,54.4,8150.6
96,32,1,5.5,2.4,0.8,0,0,0.2,2.4,0.4,2.2,241.2
96,25,1,114,55.8,26.7,3.1,3.2,5,52.6,8,46.3,5106.8
96,82,2,6,2.3,0.4,0.1,0,0.2,2.3,0.1,1.8,270.3
96,44,3,26,13.9,5.3,0,0,1.4,13.9,2,12.7,1310.6
96,24,0,232,111,49,5,10,13,101,15,41,8966
96,0,1,4,1.3,0.3,0.2,0,0.1,1.3,0.3,1,171.2
96,12,1,4,1.7,0.6,0.2,0,0.3,1.7,0.3,1.1,165
96,87,1,2,0.7,0.1,0,0,0,0.7,0,0.7,98.5
96,95,1,2,0.7,0.1,0,0,0.1,0.7,0,0.7,91.2
96,41,1,10.5,3.9,0.7,0.4,0,0.2,3.9,0.2,3,392.6
96,89,1,2,0.7,0.1,0,0,0.1,0.7,0.1,0.6,98.4
96,4,2,7,3.1,0.7,0.2,0.7,0.2,2.4,0.4,2.1,335.6
96,23,2,13,3.9,0,0.5,0,0.5,3.9,0.8,3.6,576.7
96,26,1,36,17.2,5.3,0.3,0.7,1,16.5,0,15.6,1617.3
96,16,2,16,5.3,1.1,1,0.1,0.5,5.2,0.7,4.5,533.7
96,14,2,16,5.1,0.7,1.3,0.3,0.3,4.8,0.3,3.5,423.9
96,1,1,2,0.7,0.2,0.1,0,0.1,0.7,0.2,0.5,85.6
96,15,1,4,1.3,0.2,0.3,0.1,0.1,1.2,0.1,0.9,106
42,44,3,131,52.1,12.4,3.2,0.6,4.2,51.5,4.3,39.2,5433.1
42,56,3,17,8.3,3,0.5,0,0.8,8.3,1.1,6.7,817
42,78,1,1,0.4,0.1,0,0,0,0.4,0.1,0.4,36
42,58,3,15,6.9,2.2,0.6,0,0.6,6.9,1.6,5.3,650.9
42,79,4,23,8.6,1.9,1,0.1,0.7,8.5,1.1,7.8,963
42,38,2,17,7.3,2.1,0.7,0.3,1.4,7,2.1,5.2,666.2
42,17,1,2,0.8,0.2,0.1,0,0.1,0.8,0.3,0.8,83.6
42,16,2,4,2.2,1.1,0,0,0,2.2,0.5,2,195
42,81,3,27,11.4,3.4,0.9,0.3,1.3,11.1,1,10,1252.2
42,69,0,296,157,79,7,90,12,67,19,64,13792
42,8,2,6,4,2.6,0,0,0,4,0.8,3.4,337.6
42,39,4,18,7.2,1.8,0.6,0,0.8,7.2,0.3,5.7,738.8
42,52,2,18,9.4,3.9,0,0,0,9.4,2.4,7,900.8
42,99,3,65,40.4,23.8,1.6,17.8,2.2,22.6,4.4,28,3637.8
42,18,1,3,1.2,0.4,0.1,0,0.1,1.2,0.4,1.1,125.4
42,88,2,8,3.7,0.6,0,0,0.2,3.7,0.6,3,432.6
42,75,2,6,3,1,0.2,0,0.2,3,0.6,2.2,339.2
42,12,2,10,5.1,1.8,0,0,0,5.1,1,4.2,538.6
42,6,3,8,4.3,1.8,0,0,0.1,4.3,0.9,3.8,377.2
42,13,1,4,2,0.7,0,0,0,2,0.4,1.7,215.4
42,43,0,132,45,8,6,0,2,45,2,38,5049
42,19,2,10,3.9,0.5,0.3,0,0.6,3.9,0.3,2.8,389.8
42,84,1,7,2.9,0.8,0.6,0,0,2.9,0.2,2.1,310.5
42,36,1,7,3,0.9,0.3,0.1,0.6,2.9,0.9,2.1,274.3
42,4,3,18,9.2,3.8,0,0,0.4,9.2,2.1,8.4,825
42,35,1,1,0.4,0.1,0,0,0.1,0.4,0.1,0.3,39.2
42,49,2,7,3.1,1,0.1,0,0.4,3.1,0.4,2.8,350.4
42,42,4,81,31.9,6.7,2.4,0,1.8,31.9,3.6,26.4,3813.7
42,82,1,2,1.3,0.6,0,0.1,0.2,1.2,0,1,132.5
42,86,1,5,2.1,0.6,0.4,0,0,2.1,0.1,1.5,221.8
42,7,2,2,1.4,0.8,0,0,0,1.4,0.2,1.2,112.6
42,76,2,5,2.5,0.8,0.2,0,0.2,2.5,0.5,1.8,282.7
42,15,1,1,0.6,0.3,0,0,0,0.6,0.1,0.5,51.1
42,98,3,25,13.2,4.8,0.5,0.3,0.9,12.9,1.1,10.9,1503
42,95,4,29,14.5,5.8,0.8,0,0.4,14.5,0.8,13.3,1767
42,94,4,27,13.5,5.4,0.7,0,0.4,13.5,0.7,12.4,1645.2
42,91,3,27,12.8,5.2,0.5,0.2,0.3,12.6,1.9,11.6,1480.2
42,70,3,22.5,12.8,5.5,0.4,0.5,1.1,12.3,1.1,10.9,1571.7
42,21,1,3,1.2,0.1,0.1,0,0.2,1.2,0.1,0.9,116.9
42,80,4,68,25.4,5.5,2.9,0.5,2.6,24.9,3.3,23.3,2847.1
42,30,2,4,1.7,0.5,0,0,0,1.7,0.4,1.6,168
42,67,1,9,4.5,1.1,0,0.6,0.3,3.9,0,3.7,539.2
42,93,2,45,23.3,9.8,0.4,1.4,1,21.9,2,20.1,2519.2
42,3,2,22,8.7,3.2,1.2,0,0.7,8.7,2,7.5,810.8
42,89,3,9,4.1,1.5,0.1,0,0.1,4.1,0.5,3.7,441.4
42,100,2,83.5,50.2,28.1,0.9,25.6,2.7,24.6,7.4,36.9,4676.9
42,83,1,1,0.6,0.3,0,0,0.1,0.6,0,0.5,66.2
42,51,1,4,1.8,0.6,0.1,0,0.2,1.8,0.2,1.6,200.2
42,96,4,30,15.3,6,0.6,0.1,0.7,15.2,0.9,13.6,1818.3
42,97,1,1,0.5,0.2,0,0,0,0.5,0,0.4,60.1
42,33,1,4,1.7,0.5,0.1,0,0,1.7,0.4,1.6,168
42,53,1,1,0.5,0.2,0,0,0,0.5,0.1,0.4,50
42,65,1,3,1.2,0.3,0.1,0,0.1,1.2,0.2,0.8,119.4
42,60,1,2,1,0.4,0,0,0,1,0.2,0.8,111.4
42,71,4,20,10.4,3.9,0.5,0.5,0.5,9.9,1.3,8.8,1175.1
42,62,2,6,2.2,0.2,0.2,0,0,2.2,0.2,1.8,298.8
42,64,2,9,3.5,0.9,0.2,0,0.2,3.5,0.6,2.4,358.3
42,14,1,4,2.3,1.3,0,0,0,2.3,0.5,2.2,204.3
42,27,3,13,5.7,1.9,0.5,0,0.6,5.7,1.2,5.1,535.5
42,28,1,6,2.6,0.9,0.2,0,0.3,2.6,0.5,2.3,247.1
42,45,2,23,9.1,1.9,0.4,0.2,0.4,8.9,0.8,8.1,968.4
42,50,1,20,9,2.8,0.3,0,1.2,9,1.2,8.1,1001.2
42,102,1,22,13.5,6.4,0,1,0.2,12.5,0,11.3,1701.3
42,90,3,24,11.2,4.2,0.5,0,0.5,11.2,1.3,10.1,1176.8
42,68,2,191,102.5,52.3,4,59.7,5.4,42.8,17,45.5,8529
42,85,2,7,2.9,0.8,0.6,0,0,2.9,0.2,2.1,310.5
42,63,1,2,0.7,0.1,0.1,0,0,0.7,0,0.6,99.6
42,101,0,122,64,27,1,10,0,54,10,50,6133
42,77,1,2,0.8,0.2,0.1,0,0.1,0.8,0.3,0.8,72
42,61,1,3,1.5,0.7,0,0,0.1,1.5,0.3,1.1,167.1
42,26,1,5,2.2,0.7,0.1,0,0.2,2.2,0.4,2,205.9
42,92,2,19,9.3,4,0.3,0.3,0,9,1.6,8.3,1160
42,11,1,2,1,0.4,0,0,0,1,0.2,0.8,107.7
42,37,1,3,1.3,0.4,0.1,0.1,0.2,1.2,0.4,0.9,117.6
81,64,3,84,34.4,7.7,2,0,1.6,34.4,1.6,29.9,3840.5
81,22,0,143.5,68,22,4,4,6,64,7,50,7141
81,20,0,27,11,2,1,0,2,11,0,11,1324
81,16,2,10,3.6,1.1,0.9,0,0.1,3.6,0.6,3.4,394.6
81,46,3,39,16,4.8,1.1,0,0.7,16,0.4,12.9,1530
81,60,1,2,0.8,0.1,0.1,0,0.1,0.8,0,0.8,114.1
81,2,2,6,2.3,0.6,0.2,0,0.1,2.3,0.2,2.2,244.2
81,69,1,87.5,34.9,8.5,2.3,0,2.3,34.9,5.3,29.8,4259.8
81,55,3,35.5,12.8,2,1.7,0,0.3,12.8,0.5,10.8,1534.7
81,21,2,71.5,30.9,9.3,1.7,0.1,1.9,30.8,0.8,26.9,3085.4
81,15,1,7,2.3,0.6,0.6,0,0.1,2.3,0.4,2.3,251.4
81,9,3,35,14.7,5.7,1.6,0,2.4,14.7,2.4,13,1433.4
81,17,2,9,3.4,1.2,0.9,0,0,3.4,0.6,3.1,387
81,67,3,21,7.8,2.7,0.3,0,0.3,7.8,1.2,6.6,909.6
81,45,4,31.5,13.8,4.5,0.6,0,0.6,13.8,0.6,12,1530.9
81,35,1,6,2.6,0.2,0.2,0,0,2.6,0,1.9,352.3
81,42,2,15,6.3,1.2,0.3,0,0.8,6.3,0.8,5.5,608.8
81,25,2,5,1.8,0.2,0.1,0,0.2,1.8,0.2,1.5,180.3
81,29,2,11,3.7,0.4,0.9,0,0.2,3.7,0.4,3.7,381.7
81,51,1,1,0.4,0.1,0,0,0,0.4,0,0.4,44.4
81,7,2,24,10.4,3.3,0,0,0.5,10.4,1.3,9.5,1112.7
81,11,1,3,1.1,0.1,0.1,0,0.1,1.1,0.2,0.9,124.1
81,30,3,12.5,4.1,0.5,1,0,0.2,4.1,0.5,4.1,433.7
81,23,0,111,52,18,1,0,2,52,5,33,5120
81,54,2,40.5,17.4,3.8,0.7,0,0.1,17.4,0.2,15.5,1652.5
81,58,2,4,1.7,0.7,0.3,0,0.1,1.7,0.1,1.6,215.6
81,19,1,4,1.6,0.5,0.1,0,0.1,1.6,0.1,1.4,159.1
81,65,3,17,7.3,2.3,0.4,0,0.6,7.3,0.2,6.3,756.6
81,34,1,6,2.6,0.2,0.2,0,0,2.6,0,1.9,352.3
81,4,1,6,2.3,0.5,0.2,0.1,0.1,2.2,0.2,2,270.5
81,10,2,3,1.2,0.4,0.2,0,0.2,1.2,0.2,1.2,122.8
81,61,2,40,16.8,4.6,0.6,0,2.6,16.8,4,13.6,1845.6
81,3,4,42,15.8,3.8,1.9,0,0.7,15.8,1.3,15.3,1709.3
81,70,1,2,0.8,0.2,0.1,0,0.1,0.8,0.1,0.7,93.1
81,62,3,10,3.8,1.1,0.6,0,0.3,3.8,0.9,2.9,438
81,53,2,76,24,1.6,3.2,0,0.6,24,1.5,23.6,2795.9
81,52,2,73,26.4,2.6,0.2,0,0.7,26.4,3.4,25,2796.3
81,63,1,2.5,0.9,0.3,0.1,0,0.1,0.9,0.2,0.7,109.5
81,33,1,1,0.4,0.1,0,0,0.1,0.4,0.1,0.4,60.8
81,37,2,4,1.8,0.2,0.2,0,0,1.8,0,1.2,234.8
81,66,2,11,4.7,1.4,0.2,0,0.4,4.7,0.1,4.1,489.5
81,12,2,3,1.1,0.1,0.1,0,0.1,1.1,0.3,0.9,124.1
81,47,2,12,4.9,1.5,0.3,0,0.3,4.9,0.1,3.9,464.7
81,56,1,2,0.9,0.3,0.1,0,0.1,0.9,0,0.8,107.8
81,26,3,10,3.3,0.2,0.4,0,0.2,3.3,0.1,3,352.9
81,68,2,20,7.5,2.5,0.4,0,0.4,7.5,1.1,6.3,866.3
81,14,2,9,3,0.7,0.7,0,0.2,3,0.5,3,323.3
81,36,1,1,0.4,0,0,0,0,0.4,0,0.3,58.7
81,41,1,6,2.5,0.5,0.1,0,0.3,2.5,0.3,2.2,243.5
81,24,1,2,0.7,0.1,0,0,0.1,0.7,0.1,0.6,72.1
81,73,1,8,2.9,0.6,0.1,0,0.2,2.9,0.1,2.9,318.7
81,88,3,135.5,69.4,23.9,0.5,26,7.2,43.4,2.2,38.7,6353.7
81,89,2,116.5,56.7,22.1,0,1.3,2.2,55.4,4.8,44.3,6141.6
81,86,0,292.5,138,38,3,6,12,132,10,117,13956
81,75,2,15,6.6,1.5,0.2,0,0.8,6.6,1,5.6,764
81,72,1,47,20.9,7.2,1.2,0,2.5,20.9,2.2,19.9,2203.4
81,85,1,155.5,73.4,20.6,1.1,2,5.2,71.4,0.5,70,8141.3
81,84,3,13,6.3,1.5,0.2,0,0.6,6.3,1.3,5.2,687.1
81,90,0,233,107,33,7,15,8,92,11,84,11488
81,77,3,86.5,33.3,7.4,3,0,2,33.3,0.7,27.3,3714
81,94,1,5,2.9,1.3,0.1,1.8,0,1.1,0.4,1.7,376.5
81,83,1,15,6.2,1.5,0.8,0,0.6,6.2,1.1,4.8,639.3
81,82,1,23,9.5,2.4,1.2,0,0.9,9.5,1.7,7.4,980.2
81,87,1,141,67.9,21.2,3,0,2.1,67.9,2.1,65.8,7585.9
81,74,2,8,3.5,0.8,0.1,0,0.5,3.5,0.6,3,407.4
81,95,1,13,7.4,3.4,0.3,4.6,0,2.8,0.9,4.3,979
81,76,3,6,2.7,0.6,0.1,0,0.4,2.7,0.4,2.3,316.1
81,91,1,54,28.2,11.5,1,14.1,1,14.1,1.1,25.8,3259.7
81,80,1,2,0.8,0.2,0,0,0,0.8,0.1,0.4,93.6
4,31,1,167,68.7,13.6,5.1,0,6.7,68.7,5.4,59.2,6995.5
4,13,2,2,1,0.4,0,0,0,1,0.2,1,120
4,80,2,4,1.7,0.3,0,0,0.1,1.7,0.1,1.6,186.1
4,54,1,1,0.5,0.2,0,0,0,0.5,0.1,0.4,44.7
4,36,2,8,4,1.7,0.1,0,0,4,0.1,2.7,410.4
4,81,1,2,1,0.2,0,0,0.1,1,0.1,0.9,111.4
4,59,2,78,29.6,6.2,3.7,1.2,1.7,28.4,1.5,24.2,3024.6
4,17,1,2,1,0.5,0,0.1,0.1,0.9,0.2,0.9,100.2
4,39,3,14,5.6,1.6,0.6,0,0.6,5.6,0.3,4.4,593.1
4,28,1,4,1.8,0.7,0.2,0,0,1.8,0.2,1.7,173.8
4,52,2,107,34,3.2,4.7,0,4.5,34,1.7,32.5,3583.8
4,32,2,20,7.4,1.2,0,0.5,0,6.9,0.3,5,732.6
4,12,3,12,6.3,2.1,0,0,0,6.3,0.9,5.7,720
4,107,1,20,16.2,13.2,0.1,9.6,2.1,6.6,3.1,5.6,1169.4
4,84,1,6,2.1,0.3,0.1,0,0,2.1,0.4,1.7,232.4
4,24,3,19,7.2,2.3,1.2,0.4,0.8,6.8,0.8,5.7,631.1
4,97,4,12,5.3,1.2,0.2,0,0.8,5.3,0.8,5.3,695.8
4,74,2,6,2.6,0.5,0.1,0,0,2.6,0,2.5,312.5
4,75,2,12,5.4,1,0.4,0,0,5.4,0,5,625
4,37,1,1,0.4,0.2,0.1,0,0,0.4,0.1,0.4,41.6
4,5,1,5,1.8,0.5,0.5,0,0.2,1.8,0.2,1.7,156.5
4,104,2,44,20.5,3.7,0.4,0.9,2.2,19.6,0.6,19.6,2523.6
4,94,1,9,3.9,0.8,0.2,0,0.2,3.9,0,3.3,406.2
4,69,1,2,0.8,0.2,0.1,0,0.1,0.8,0,0.7,86.6
4,51,1,22,8.5,1.9,0.6,0,0.4,8.5,0.6,7.2,983.9
4,79,2,7,3.1,0.4,0,0,0.3,3.1,0.3,2.8,325.8
4,57,1,5,1.8,0.3,0.3,0,0.1,1.8,0.4,1.5,206.8
4,30,0,215.5,99,46,10,23,11,76,20,55,9438
4,105,1,135,79,43.1,3.2,37.3,1.1,41.7,13.2,47.7,7162.8
4,98,1,2,0.9,0.2,0,0,0.1,0.9,0.1,0.9,116
4,15,3,11,5.7,2.6,0,0.5,0.5,5.2,1.1,5,551.1
4,38,2,15,6.2,3.1,1.1,0,0,6.2,1.1,6.2,623.8
4,101,3,41,19.5,6.9,0.6,1.2,0.1,18.3,0.9,17.6,1938.5
4,48,1,2,0.9,0.2,0,0,0,0.9,0.1,0.7,90.7
4,27,1,2,0.9,0.3,0.1,0,0,0.9,0.1,0.8,86.9
4,76,1,3,1.3,0.2,0.1,0,0,1.3,0,1.3,156.2
4,22,1,8,3.6,1,0,0,0.2,3.6,0.7,2.4,336.2
4,34,2,5,2.6,1.1,0,0,0,2.6,0,1.5,272.6
4,89,3,8,3.5,1,0.1,0.3,0.1,3.2,0.1,2.7,439.3
4,3,1,3,1.4,0.5,0.1,0.2,0,1.2,0.1,1,144.1
4,40,3,14,5.6,1.7,0.6,0,0.6,5.6,0.3,4.5,593.2
4,90,1,6,2.7,0.8,0.1,0.3,0.1,2.4,0.1,2,329.5
4,96,3,13,5.7,1.2,0.2,0,0.4,5.7,0.3,5.1,651
4,68,1,1,0.3,0.1,0.1,0,0,0.3,0,0.3,40.7
4,58,1,52,20.8,5.5,1.5,0,2.5,20.8,2,17.3,2278.8
4,103,3,15,8.2,3.6,0.4,0.6,0.2,7.6,0.9,6.4,887.3
4,23,1,2,0.9,0.3,0,0,0,0.9,0.2,0.6,84
4,60,1,2,0.8,0.2,0,0.1,0,0.7,0.1,0.6,79.3
4,29,4,27,10.7,2.6,1.2,0,0.8,10.7,0.4,9.3,1112.5
4,50,1,1,0.3,0,0,0,0,0.3,0,0.3,37.6
4,95,1,4,1.7,0.4,0.1,0,0.1,1.7,0,1.5,180.5
4,41,4,27.5,10.4,2.3,1.2,0,0.9,10.4,0.8,8.5,1132.1
4,83,1,2,1,0.2,0,0,0.1,1,0.1,0.9,111.4
4,108,1,13,7.2,3.8,0.3,2.1,0.3,5.1,0.3,5.1,868.9
4,100,3,12,5.5,1.8,0.2,0.3,0,5.2,0.2,5.2,532.8
4,93,1,5,2.2,0.6,0.1,0.2,0.1,2,0.1,1.7,274.6
4,78,1,15,5.1,1,1,0,0,5.1,1,3.4,605.8
4,92,1,6,2.7,0.8,0.1,0.3,0.1,2.4,0.1,2,329.5
4,88,1,6,2.7,0.9,0.3,0,0,2.7,0.5,2.3,284.9
4,53,2,62.5,23.7,5,0.6,0,1.5,23.7,1.6,18.4,2604.3
4,109,1,8,3.6,0.3,0,0,0.3,3.6,0,3.6,423.7
4,102,1,2,1.1,0.5,0.1,0.1,0,1,0.1,0.8,118.3
4,73,2,8,3.2,0.8,0.2,0,0.2,3.2,0,2.7,346.5
4,106,1,1,0.5,0.2,0,0.1,0,0.4,0,0.4,69
64,38,3,15,5.7,2.1,0.5,0,0,5.7,0,5.7,599.5
64,31,4,31,12.1,1.5,0.5,0,0.5,12.1,1.1,10.9,1360.1
64,78,3,8,4,1.6,0,0,0.3,4,0.6,3.1,411.8
64,79,1,8,3.2,0.8,0.1,0,0.4,3.2,0.7,2.9,439.6
64,46,3,19,7.1,1.6,0.6,0,0.6,7.1,0.7,6.2,849.9
64,2,3,7,3.2,1.5,0,0,0.7,3.2,0.7,2.7,327
64,64,2,11,4.2,0.8,0.4,0,0.3,4.2,0.3,4,458.4
64,81,1,2,0.8,0.2,0,0,0.1,0.8,0.2,0.7,109.9
64,8,1,3,1,0.3,0.1,0,0.1,1,0.1,0.8,132.7
64,13,3,11,5.8,2,0,0.3,2,5.5,2.2,4.6,587.9
64,76,2,6,2.8,1,0,0,0.2,2.8,0.3,2.1,292.4
64,88,2,22,9.7,2.5,0.8,0,0.8,9.7,0.8,9.1,1081.4
64,44,2,75,26.8,5.8,3.2,0,1.8,26.8,1.6,20.8,3113.6
64,35,2,6,2.3,0.4,0.2,0,0.1,2.3,0.2,2,290.7
64,77,2,16,8.1,3.1,0,0,0.8,8.1,1.2,6.1,823.5
64,45,1,194.5,68.5,9.4,5.9,0,4.6,68.5,6.1,52,7434.3
64,39,1,68.5,24.6,3.9,1.6,0,3.7,24.6,2.1,23.2,2549
64,32,0,182.5,70,17,5,4,9,66,8,50,7141
64,30,4,77,26.6,1.9,3,0,1.9,26.6,1.9,23.9,2979.5
64,48,2,42,13.9,1.3,1.6,0,1.9,13.9,1.3,12.4,1751.6
64,51,1,4,1.5,0.3,0.3,0,0,1.5,0.2,1.2,145.8
64,54,2,10,4.1,0.6,0,0,0.3,4.1,1,3.8,433.7
64,47,2,27,9,0.7,1,0,1.2,9,0.7,8,1126
64,33,0,96.5,47,23,2,1,8,46,3,35,4315
64,28,0,54.5,26,7,1,0,1,26,2,22,2605
64,34,3,47,18.2,3.4,1.5,0,0.3,18.2,0.5,17.4,2188.3
64,89,1,5,2.3,0.4,0.1,0,0.4,2.3,0.1,2.1,271.1
64,16,2,13.5,5.4,0.8,0,0,0.4,5.4,0.4,5.4,517.3
64,49,1,2,0.7,0.2,0.1,0,0,0.7,0.1,0.6,72.9
64,4,1,4,1.3,0.4,0.1,0,0.1,1.3,0.1,1.1,177
64,84,2,10,4.5,1.5,0.3,0.4,1.1,4.1,0.3,4,570.7
64,43,1,2,0.7,0.1,0.1,0,0,0.7,0.1,0.7,102.1
64,87,3,18,7.9,2,0.6,0,0.6,7.9,0.6,7.4,884.8
64,37,1,1,0.4,0.1,0,0,0,0.4,0,0.4,40
64,75,1,8,3.3,0.8,0,0,0,3.3,0,2.5,345.9
64,71,1,3,0.9,0.1,0.2,0,0.2,0.9,0.1,0.7,115.2
64,60,1,3,1.5,0.6,0.1,0,0,1.5,0.1,1.2,150.9
64,59,1,17,8.5,3.3,0.7,0,0,8.5,0.7,6.5,855.2
64,42,1,1,0.4,0.1,0.1,0,0,0.4,0,0.4,51
64,25,1,8,4.1,1.8,0,0,0.3,4.1,1,3.6,487.5
64,3,2,2,1,0.4,0,0,0.2,1,0.2,0.8,93.4
64,50,1,1,0.4,0.1,0.1,0,0,0.4,0.1,0.3,36.4
64,62,2,24,9.5,3.6,1.2,0,1.2,9.5,0.5,8.9,967.1
64,6,1,3,1,0.3,0.1,0,0.1,1,0.1,0.8,132.7
64,86,1,27,11.9,3,0.9,0,0.9,11.9,0.9,11.2,1327.2
64,83,3,6,2.7,0.6,0,0,0,2.7,0.3,2.1,302.1
64,26,1,4,2.1,0.9,0,0,0.1,2.1,0.5,1.8,243.7
64,29,3,46,15.9,1,1.7,0,1,15.9,1,14.4,1779.9
64,41,4,46,16.7,2.7,0.9,0,1,16.7,1.6,16.2,1768.3
64,24,2,7,3.6,1.6,0,0,0.3,3.6,0.9,3.2,426.6
64,36,1,5,1.9,0.4,0.1,0,0.1,1.9,0.1,1.7,242.2
64,55,1,2,0.8,0.1,0,0,0.1,0.8,0.2,0.8,86.7
64,40,2,5,1.8,0.3,0.1,0,0.1,1.8,0.2,1.8,187.8
64,52,1,2,0.7,0.2,0.1,0,0.1,0.7,0.1,0.6,88.1
64,53,2,16,5.8,1.2,0.7,0,0.7,5.8,0.5,5.1,704.7
64,82,1,1,0.4,0.1,0,0,0,0.4,0,0.3,50.3
64,93,2,65,32.3,14.6,4.1,0.4,0.2,31.9,0.8,27.4,4309.3
64,95,3,69,41.2,18.1,0.6,5.8,1.4,35.4,2.4,32,5073.4
64,92,1,101,56.2,28,1.2,5.6,5.3,50.6,11.1,43.8,6276.8
64,94,2,75,44.2,21.7,1.4,8.9,2.9,35.3,3.9,35.9,5172.5
64,1,2,6,2.6,1.2,0.2,0,0.5,2.6,0.6,2.2,263.3
64,91,3,42,22,7.8,0.6,1,2,21,2.4,18.8,2727.8
64,96,2,5,2.8,1,0,0.3,0.2,2.5,0.2,2.1,407.8
64,90,1,4,1.8,0.3,0.1,0,0.3,1.8,0.1,1.6,216.9
64,0,2,24,8.8,3.2,2.5,0,0.7,8.8,1.9,8.2,916.5
5,31,1,171.5,71.1,21.3,4.9,9,6.4,62.1,9.4,43,6837.1
5,13,1,10,3.4,0.5,0.5,0,0.7,3.4,0.3,2.4,359.5
5,2,1,1,0.5,0.2,0,0.1,0,0.4,0,0.3,48
5,80,1,95.5,34.3,8.6,7,0,3.4,34.3,6.4,24,3380.5
5,55,1,15,5.5,1.1,0.7,0,0.4,5.5,0.4,4,496.5
5,43,1,2,0.7,0.1,0.1,0,0,0.7,0.1,0.6,79.7
5,1,1,1,0.5,0.3,0,0,0,0.5,0,0.4,50.9
5,70,1,2,0.8,0.2,0.1,0,0.1,0.8,0,0.7,86.6
5,81,2,4,1.9,0.3,0,0,0.2,1.9,0.2,1.7,204.5
5,21,1,2,0.9,0.3,0,0,0,0.9,0.2,0.6,84
5,4,2,8,3.6,1.1,0.4,0,0,3.6,0.9,3.4,370.9
5,59,3,13,5.4,1.3,0.2,0.4,0.2,5,0.5,3.8,548.2
5,68,1,25,8.7,1.6,1.6,0,0.5,8.7,1.1,8.2,1016.3
5,99,3,16,7.6,3.1,0.5,0.8,0.2,6.8,1.9,6.3,736.4
5,24,2,15,6.4,2.3,0.4,0.2,0.7,6.2,0.5,4.6,573.6
5,32,1,11,4.1,0.7,0.5,0,0.2,4.1,0.2,3.5,444.1
5,97,1,3,1.3,0.3,0.1,0,0.2,1.3,0.2,1.3,173.9
5,107,0,165.5,102,52,1,34,8,68,14,72,9340
5,0,1,1,0.5,0.3,0,0,0,0.5,0,0.4,50.9
5,49,1,2,0.7,0.1,0.1,0,0,0.7,0,0.5,75.2
5,52,2,104,38.6,8.6,5.1,0,7.7,38.6,6.7,18,3438.2
5,44,1,7,3,0.7,0.1,0,0,3,0.4,2.6,317.3
5,101,4,31,15,5.6,0.7,0.8,0.1,14.2,1.5,13.1,1540.8
5,37,3,7,2.9,1.3,0.4,0,0,2.9,0.5,2.8,282.8
5,56,1,9,3.3,0.7,0.4,0,0.2,3.3,0.2,2.4,297.9
5,75,3,10,4,1,0.5,0,0,4,0.2,3.6,468.6
5,95,2,5,2.1,0.5,0.1,0,0.2,2.1,0.1,1.9,220.1
5,104,3,51,27.5,8.7,0.7,1.3,0.4,26.2,1.2,26.2,3466.3
5,5,1,2,0.9,0.3,0.1,0,0,0.9,0.2,0.9,97
5,51,2,9,3.4,0.6,0.3,0,0.2,3.4,0.2,2.6,359.7
5,72,1,5,2,0.5,0.1,0,0.1,2,0,1.7,216.6
5,12,3,19,7.8,2.1,0.6,0,0.7,7.8,0.9,6.5,875.4
5,6,1,5,2.3,0.7,0.2,0,0,2.3,0.6,2.2,242.6
5,98,1,2,0.9,0.2,0,0,0.1,0.9,0.1,0.9,116
5,30,2,88,33.5,9.8,3.3,9,3.8,24.5,3,17.1,3037.5
5,87,1,2,0.9,0.3,0.1,0,0,0.9,0.2,0.8,95
5,105,0,195.5,123,70,2,54,9,69,28,66,10787
5,39,3,7,2.8,0.7,0.2,0,0.3,2.8,0.2,2.1,307.7
5,79,1,6,2.4,0.6,0.2,0,0,2.4,0.2,2.3,254.9
5,84,1,1,0.3,0,0,0,0,0.3,0.1,0.3,38.7
5,71,1,2,0.7,0.2,0.1,0,0.1,0.7,0.1,0.7,92.7
5,67,1,5,1.7,0.3,0.3,0,0.1,1.7,0.2,1.6,203.3
5,35,1,6,2.3,0.2,0.2,0,0.4,2.3,0.4,1.9,286.1
5,48,2,7,3.1,0.9,0.1,0.1,0.1,3,0.3,2.5,302.8
5,22,1,3,1.3,0.4,0,0,0.1,1.3,0.3,0.9,126.1
5,34,2,8,3.8,1.2,0.1,0,0.2,3.8,0.2,2.6,415.7
5,3,2,7,3.4,1.3,0.3,0.5,0,2.9,0.3,2.5,339.2
5,40,3,67,30.2,10.8,2.2,7,2.3,23.2,4.7,19.4,2803.1
5,64,1,3,1,0.2,0.2,0,0.1,1,0.1,1,122
5,85,1,1,0.4,0.2,0,0,0,0.4,0.1,0.4,47.5
5,58,3,30.5,14.2,3.7,0.1,0,1,14.2,1.3,13.8,1323.7
5,103,2,11,6,2.7,0.3,0.5,0.2,5.5,0.6,4.7,650.7
5,76,1,5,1.7,0.3,0.3,0,0,1.7,0.3,1.1,201.9
5,106,0,197,130,84,4,68,5,62,8,83,11408
5,27,2,7,3.2,1.1,0.3,0,0,3.2,0.3,2.9,304.2
5,83,2,5,2.4,0.4,0,0,0.3,2.4,0.2,2.2,260.1
5,90,2,8,3.1,0.6,0.1,0.1,0.1,3,0.2,2.8,334.3
5,82,1,2,0.9,0.1,0,0,0.1,0.9,0.1,0.8,93.1
5,108,2,104,65.4,37.2,0.8,3.4,2.9,62,9.1,52.3,7396.3
5,50,2,10,3.3,0.5,0.5,0,0.2,3.3,0.2,2.6,376.2
5,16,1,2,1,0.5,0,0.1,0.1,0.9,0.2,0.9,100.2
5,92,3,25.5,10,2.4,1.2,0.6,0.5,9.4,0.3,9.1,1080
5,100,2,9,4.2,1.8,0.3,0.5,0.2,3.7,1.3,3.4,417.6
5,66,1,1,0.3,0.1,0.1,0,0,0.3,0,0.3,40.7
5,60,1,5,2.1,0.5,0.1,0.2,0.1,1.9,0.2,1.4,198.1
5,93,1,9,3.5,0.8,0.4,0.2,0.2,3.3,0.1,3.2,371.6
5,109,3,44,20.6,4.5,0.7,0,2.7,20.6,1.3,18,2446.7
5,53,2,78.5,32.3,10.4,1.9,4,0.6,28.3,1.7,24.3,3297.2
5,45,1,3,1.3,0.3,0.1,0,0,1.3,0.2,1.1,136
5,26,1,4,1.9,0.7,0,0,0.2,1.9,0.1,1.3,170.5
5,102,1,6,2.6,0.9,0.1,0,0,2.6,0.4,2.5,277.6
5,41,2,21,8.4,2.3,0.7,0.1,0.8,8.3,0.6,6.6,923.3
5,73,2,10,3.6,1,0.7,0,0.4,3.6,0.6,3.3,463.4
5,25,1,4,1.5,0.5,0.3,0.1,0.2,1.4,0.2,1.2,132.9
5,91,1,10,3.9,0.9,0.5,0.2,0.2,3.7,0.1,3.6,412.8
0,46,2,8,4.1,1.3,0,0,0,4.1,0.4,3.2,474.8
0,35,1,1,0.4,0.1,0,0,0,0.4,0.1,0.3,38.3
0,20,2,7,3.1,0.8,0.3,0,0.3,3.1,0.1,2.5,285.7
0,55,1,8,3.1,1,0.4,0.7,0.4,2.4,0.4,1.6,353.2
0,80,3,40,12.9,2.6,2.1,0,0.8,12.9,0.4,12.5,1418.6
0,7,2,8,3.5,1.1,0.3,0,0.3,3.5,0.7,2.7,333.3
0,78,1,1,0.4,0,0.1,0,0,0.4,0,0.3,43.2
0,0,3,20,8.8,3.5,0.8,1.8,0.1,7,1.4,6.9,903.8
0,30,2,7,3,1,0.1,0,0.1,3,0.4,2.8,347.6
0,1,3,12,5.4,2.3,0.5,0.9,0,4.5,0.9,4.4,561
0,24,2,8,4,1.9,0,0,0,4,0.3,3.2,399.2
0,12,2,5,2.3,0.9,0.1,0,0.2,2.3,0.2,1.8,230.7
0,70,2,5,2.1,0.6,0.1,0.1,0.1,2,0.1,1.8,242.7
0,8,2,10,4.7,1.7,0.3,0,0.6,4.7,0.5,3.7,439.9
0,4,1,2,1,0.4,0,0,0.1,1,0.1,0.8,89.2
0,98,2,6,2.3,0.3,0.2,0.1,0.2,2.2,0.2,1.9,264.7
0,32,1,4,1.7,0.6,0.1,0,0,1.7,0.3,1.6,201.7
0,49,1,2,0.8,0.1,0,0,0.2,0.8,0.1,0.7,88.5
0,99,3,8,3.9,1.7,0.3,0,0.7,3.9,0.7,3.2,428.8
0,97,1,2,0.9,0.2,0.1,0,0.1,0.9,0.2,0.7,94
0,5,1,6,2.9,1.1,0.1,0,0.4,2.9,0.2,2.3,267.5
0,93,2,4,1.7,0.5,0.1,0,0,1.7,0.3,1.3,190.6
0,69,3,7,3,0.8,0.1,0.1,0.1,2.9,0.1,2.6,333.1
0,9,3,7,3.3,1.2,0.2,0,0.2,3.3,0.2,2.6,322.9
0,17,1,4,2.3,1.2,0,0,0.2,2.3,0.8,1.8,207.7
0,15,1,1,0.6,0.3,0,0,0,0.6,0.2,0.5,51.9
0,56,1,4,1.6,0.5,0.2,0.4,0.2,1.2,0.2,0.8,176.6
0,26,1,1,0.4,0.1,0.1,0,0,0.4,0.1,0.2,42.3
0,88,1,5,2.8,0.9,0,0,0,2.8,0.2,2.2,277.4
0,31,1,2,0.9,0.3,0,0,0,0.9,0.1,0.8,100.9
0,81,2,9,3.1,0.7,0.7,0,0.4,3.1,0.5,2.6,325.6
0,71,1,5,2.1,0.5,0.1,0.1,0,2,0.1,1.9,225.8
0,75,1,5,1.8,0.2,0.3,0,0.1,1.8,0,1.6,216.1
0,38,1,4,1.6,0.5,0,0,0.2,1.6,0.3,1.3,153.2
0,61,3,8,3,0.4,0.2,0,0.4,3,0.2,2.7,320.8
0,44,2,9,3.9,1.2,0.2,0,0.1,3.9,0.5,3,404.2
0,50,1,1,0.4,0.1,0,0,0,0.4,0,0.4,43.9
0,77,3,11,3.9,0.4,0.6,0,0.2,3.9,0,3.5,475.3
0,40,2,8,3.2,1,0.4,0,0,3.2,0.6,2.6,319.8
0,16,1,2,1.2,0.6,0,0,0.1,1.2,0.4,0.9,103.8
0,62,1,2,0.8,0.2,0,0.1,0.1,0.7,0.1,0.6,86.8
0,47,1,1,0.4,0.1,0,0,0,0.4,0.1,0.3,35.5
0,86,2,3,1.4,0.3,0,0,0.1,1.4,0.1,1.1,145.2
0,41,2,8,3.2,1,0.4,0,0,3.2,0.6,2.6,319.8
0,22,2,6,2.6,0.7,0.2,0,0.2,2.6,0.1,2.2,244.9
0,23,2,10,4.3,1.2,0.3,0,0.3,4.3,0.1,3.7,408.1
0,96,1,3,1,0.1,0.1,0,0.1,1,0,0.9,128
0,10,1,4,1.9,0.7,0.1,0,0.1,1.9,0.2,1.4,184.6
0,89,1,17.5,7.6,3,0.8,0,0.4,7.6,1.7,4.6,752.7
0,92,2,9,3.9,1.3,0.3,0,0.1,3.9,0.7,2.9,415
0,101,2,20.5,10.6,4.6,0.7,0,2.3,10.6,1.7,8.9,1117.1
0,48,3,18,7.3,2.3,0.3,0.6,0.4,6.7,1,5.2,663.1
0,45,1,6,2.5,0.8,0.2,0,0.1,2.5,0.3,1.9,244.7
0,82,1,3,1.1,0.3,0.2,0,0.1,1.1,0.2,0.8,119.5
0,73,2,6,2.6,0.8,0.1,0,0.4,2.6,0.4,2.2,321.6
0,25,1,9,4.5,2.1,0,0,0,4.5,0.3,3.6,449.1
0,100,1,5,2.3,1,0.2,0,0.3,2.3,0.4,1.8,262
0,34,1,13,4.5,0.9,0.6,0,0.4,4.5,0.6,4.1,496.4
0,37,1,1,0.4,0.1,0,0,0,0.4,0.1,0.3,38.3
0,53,1,1,0.4,0.2,0.1,0,0,0.4,0.2,0.4,44.4
0,11,1,1,0.5,0.2,0,0,0,0.5,0,0.4,46.1
0,91,1,5,2.1,0.5,0,0,0,2.1,0.1,2.1,261.4
0,29,1,14,6.5,2.3,0,0,0.9,6.5,0,6.1,668.3
46,78,1,2,0.9,0.3,0,0,0,0.9,0.2,0.7,87.8
46,56,1,2,0.8,0.2,0,0,0,0.8,0,0.5,95.9
46,38,3,25.5,10.6,3.5,1,0,0.4,10.6,2.1,7.1,1180.1
46,2,0,298.5,156,70,5,54,14,102,28,76,14241
46,9,3,12,4.8,1.4,0.7,0,0.2,4.8,0.7,4.6,599.5
46,69,3,56,24.6,6.9,1,0,1.8,24.6,1.4,22.3,2437.2
46,75,1,160.5,73.8,23.2,6.1,1,11.1,72.8,6.1,57.6,7509.2
46,17,1,2,1,0.5,0,0,0,1,0.2,0.8,111.3
46,88,1,1,0.4,0.1,0,0,0,0.4,0,0.4,48.8
46,18,3,15,7.5,3.6,0.3,0,0.3,7.5,1.3,5.8,835
46,43,3,3,1.2,0,0,0,0,1.2,0,0.9,111
46,87,4,28,12,2.9,0.4,0.3,0,11.7,0,10.1,1367.3
46,1,1,95,48.6,22.8,3.1,23,2.2,25.6,8.2,21.1,4041.2
46,36,1,4,1.7,0.6,0.2,0,0.1,1.7,0.3,1.1,185.1
46,50,1,1,0.4,0.1,0,0,0,0.4,0,0.3,40.3
46,58,2,9,3.8,0.8,0.2,0,0.2,3.8,0,2.4,431.6
46,84,2,84.5,40.7,16.2,1.4,3.7,2.4,37,7.4,26.9,4332.8
46,76,2,24,9.9,2.4,1.1,0,1.4,9.9,0.9,7.3,1118.1
46,7,3,7,3.3,0.7,0,0,0.1,3.3,0,3.1,403.8
46,67,4,48,19.2,2.5,0.7,0,0.7,19.2,0.3,17.4,2030.2
46,21,1,10,3.8,1.2,0.6,0.2,0.2,3.6,0.2,3.8,460.9
46,4,1,103.5,47.6,14.6,2,0,3,47.6,4.2,38,5270.1
46,3,1,160,80.8,37.6,2.3,6,2.8,74.8,6.5,49,7566.9
46,70,1,2,0.9,0.2,0,0,0.1,0.9,0.1,0.7,87.9
46,91,2,6,2.7,1.1,0.3,0,0.2,2.7,0.2,2.4,296
46,37,1,2,0.8,0.3,0.1,0,0,0.8,0.2,0.6,92.6
46,0,2,28,13.2,4,0.4,0,0.4,13.2,1.2,12,1557.6
46,42,4,13,4.8,0.6,0.5,0.2,0.5,4.6,0.5,3.9,481.2
46,74,1,180,78.3,21,4,2,6.2,76.3,6.7,63.1,7376.7
46,73,1,94,32.4,5,4.4,1,1.3,31.4,1.3,29.3,3442.4
46,64,4,13,6.5,2.8,0.2,0,0,6.5,0.2,4.5,634.4
46,63,3,13,5.8,1.9,0,0,0.6,5.8,0.7,3.6,556.1
46,86,3,25,10.8,2.6,0.3,0.4,0,10.4,0,9,1223.3
46,55,2,8,3.3,0.7,0.1,0,0.1,3.3,0,2.1,383.6
46,71,1,34.5,13.9,4,0.5,0,1.3,13.9,1.3,10.8,1420.2
46,89,2,3,1.2,0.3,0.1,0,0.1,1.2,0,1.2,153.3
46,45,1,1,0.5,0.2,0,0.1,0.1,0.4,0.1,0.3,56.6
46,83,3,54.5,24.8,7.6,1,0,6,24.8,3.6,11.9,2130.6
46,65,2,25,12.3,5.4,0.6,0,0,12.3,0.6,8.7,1220.2
46,57,1,8,3.4,0.7,0.2,0,0.2,3.4,0,2.1,383.6
46,48,1,4,1.5,0.4,0.3,0,0,1.5,0.4,1.2,156.7
46,62,1,9,4,1.2,0,0,0.4,4,0.5,2.5,385
46,90,3,13,5.2,1.3,0.5,0,0.3,5.2,0.1,5.2,664.6
46,41,1,2,0.7,0.1,0.1,0,0.1,0.7,0.1,0.6,74
46,68,2,16,6.4,0.8,0.3,0,0.3,6.4,0.1,5.9,676.8
46,53,1,3,1.3,0.4,0,0,0.1,1.3,0.1,0.9,120.8
46,66,4,46,19.8,4.9,0.9,0,0.5,19.8,0.6,16.5,2043.3
46,34,3,4,2,0.8,0.1,0,0.5,2,0.8,0.8,176
46,61,2,7,3.6,1.4,0,0.1,0.4,3.5,0.3,2.5,307.3
46,46,2,6,2.3,0.6,0.4,0,0,2.3,0.6,1.8,235.1
46,85,1,1,0.5,0.1,0,0.1,0,0.4,0,0.3,50.1
46,5,1,86.5,33.4,8.4,0,0,4,33.4,2.1,33,3669.8
97,59,2,5,2,0.7,0.1,0.3,0.1,1.7,0.3,1.4,209.3
97,60,0,24,11,5,1,0,0,11,0,10,1129
97,51,2,23,10.8,2.6,0,0,1.4,10.8,1.2,9.3,1367.4
97,63,2,24,8.8,2.2,1,0,0.4,8.8,0.2,8.6,1014.4
97,54,2,24,9.5,2,1.2,0,0.8,9.5,0.4,8.7,1026.5
97,61,1,2,0.8,0.3,0,0.1,0,0.7,0.1,0.6,83.7
97,47,1,2,0.8,0.2,0.1,0,0,0.8,0.1,0.6,70.6
97,48,1,23,8.7,2.5,1.2,0,0,8.7,1.2,7.5,812.5
97,53,1,4,2,0.6,0,0,0.3,2,0.1,2,281.3
97,58,1,1,0.4,0.2,0.1,0,0,0.4,0,0.3,43.8
97,55,1,2,0.8,0.2,0.1,0,0.1,0.8,0,0.7,85.5
97,40,2,216.5,72.1,9.5,10.5,0,8.6,72.1,5.6,59,6845.8
97,10,1,6,2,0.5,0.4,0,0.3,2,0.3,1.3,220.6
97,35,2,11,5.3,2.5,0,0,0,5.3,1.1,4.6,509.9
97,32,1,3,1.3,0.4,0,0,0.1,1.3,0.2,1.2,131.6
97,38,0,341.5,168,77,11,35,13,133,27,90,13507
97,31,4,25,10.3,3.3,0.5,0.2,0.6,10.1,1.7,8.6,982.9
97,79,2,7,2.5,0.4,0.4,0,0.4,2.5,0.5,2.1,300.3
97,86,1,155,49.7,8.5,9.5,0,7,49.7,4,23.7,4810.1
97,93,3,19,7.6,1.9,1.4,0,0,7.6,0,5.9,905.2
97,96,1,2,0.9,0.3,0,0.2,0.1,0.7,0.1,0.5,96.6
97,42,2,44,21,7.9,0.6,0,1.2,21,3.5,20.3,1968.5
97,2,3,10,4.1,0.5,0,0,0.9,4.1,0.4,3.6,460.4
97,67,1,19,6.3,1.3,0.9,0,0.2,6.3,0.4,4.7,724
97,75,3,116,44.1,11.7,5.1,1.1,2.1,43,2.5,36,4724.3
97,101,3,12,6.3,2.1,0,0,0,6.3,0.7,6,739.7
97,71,1,6,2.4,0.6,0.4,0,0.1,2.4,0.3,1.8,246
97,100,1,8,3,0.5,0.2,0,0.2,3,0.3,2.3,370.8
97,99,2,36,15.3,3.6,0.2,0,0.2,15.3,3.4,12.6,2000.1
97,94,4,21,7.4,1,0.5,0.5,1.3,6.9,0.5,7.1,957.1
97,68,1,410,128.3,17.3,21.2,26,24,102.3,14.1,73,12393.4
97,6,2,7,2.8,0.8,0.3,0.1,0.1,2.7,0.2,1.8,330.3
97,105,2,178,79.2,28.3,3.6,21.5,4.2,57.7,7,60.5,9717.5
97,20,2,22,8.6,1,0,0,0,8.6,0,7,890.7
97,45,2,8,4.3,1.6,0,0,0.4,4.3,0.7,3.9,403.3
97,85,2,126.5,43.6,8.7,6.6,1,4.2,42.6,5.6,29,5345.7
97,21,1,15,5.9,0.7,0,0,0,5.9,0,4.8,607.3
97,98,0,421,200,80,8,103,25,97,12,91,16216
97,88,1,13,4.8,1,0.3,0,0,4.8,0,4.8,640.2
97,69,1,187.5,68.4,11.4,4.5,0,4.4,68.4,1,52,7244.2
97,104,1,341,177.4,88.1,8,115.1,12,62.3,10,66.4,14308.2
97,84,1,5,2,0.5,0.1,0,0.1,2,0.1,1.5,246.4
97,81,3,13,4.7,0.7,0.5,0,0.6,4.7,0.7,4,564.1
97,17,1,6,2.1,0.5,0.3,0,0.3,2.1,0.4,2,232.2
97,13,3,15,6.3,2.2,0.8,0,1.1,6.3,1.1,4.1,618.8
97,97,2,34,15.2,5.3,0.8,3.7,1.6,11.5,2.1,8.6,1642.7
97,39,0,137,69,30,4,3,10,66,17,23,5436
97,24,1,207.5,95,38.9,6.4,14.9,6,80.1,11,74.9,9600.2
97,83,2,3,1.2,0.2,0,0,0.1,1.2,0,0.9,135.1
97,102,1,4,2.3,0.8,0,0,0,2.3,0.3,2.1,258.8
97,77,2,16,6.6,1.8,0.3,0,0.2,6.6,0.7,6.1,730.9
97,43,2,16,6,1.2,0.4,0,0.2,6,1,5.6,579
97,92,2,8,3.2,0.8,0.5,0,0,3.2,0,2.5,381.2
97,82,2,15,5.7,1,0.2,0,0.5,5.7,0.2,4.6,675.7
97,0,2,4,1.3,0.3,0.3,0,0.1,1.3,0.3,1.1,171.2
97,25,1,38,15.2,3.8,0.1,0.2,2,15,0,12.6,1644.8
97,44,1,2,1.1,0.4,0,0,0.1,1.1,0.2,1,100.8
97,29,2,43,15.7,3.9,2.6,1.3,0,14.4,2.6,10.4,1344.1
97,87,1,1,0.4,0.1,0,0,0,0.4,0,0.4,49.2
97,14,2,15,4.7,0.7,1.2,0.2,0.2,4.5,0.2,3.3,397.4
97,41,3,27,10.1,2.1,0.7,0,0.2,10.1,1.6,9.3,979.4
97,78,2,24,9.9,2.7,0.5,0,0.3,9.9,1.1,9.1,1096.3
97,22,1,6,1.8,0,0.2,0,0.2,1.8,0.4,1.7,266.2
97,23,1,240,76.3,8,8.2,1,8.2,75.3,4.9,62.7,8350.2
97,91,1,13,4.6,0.6,0.3,0,0.6,4.6,0.6,4,639.5
97,80,1,5.5,2,0.3,0.3,0,0.3,2,0.4,1.7,236
97,37,2,33,11.7,2,0.7,0,1,11.7,0.3,10.4,1338.2
97,76,1,22,9.1,2.6,0.6,0.6,0.6,8.5,0.9,6.7,905.5
97,16,1,10,3.2,0.5,0.8,0.2,0.2,3,0.2,2.2,264.9
97,28,2,28.5,10.5,2.6,0.9,0,0.9,10.5,3.5,7.9,1010.2
97,15,1,11,3.5,0.5,0.9,0.2,0.2,3.3,0.2,2.4,291.4
97,11,1,4,1.4,0.3,0.3,0,0.2,1.4,0.2,0.8,147.1
97,1,1,4,1.7,0.2,0,0,0.3,1.7,0.1,1.4,184.1
33,20,1,4,1.6,0.5,0.1,0,0,1.6,0.1,1.4,162.1
33,97,2,6,2.9,0.9,0,0,0.2,2.9,0.2,2.3,320.7
33,28,3,32,15,4,1,2,1,13,2,12,1422
33,38,1,2,1.1,0.5,0,0.1,0.1,1,0.2,0.7,95.1
33,17,2,43,18.8,5.5,0.5,3.1,1.2,15.7,0.9,12.7,1679.5
33,81,2,55,22.3,7,3.5,0.8,0.2,21.5,3.5,20.7,2246
33,13,2,14.5,6.1,1.5,0.3,0.3,0.3,5.8,1.5,2.9,596.4
33,16,2,6,2.5,0.5,0,0.1,0.1,2.4,0.5,2.3,234.5
33,55,2,7,2.5,0.3,0.5,0.2,0.1,2.3,0.6,2.1,242.6
33,88,1,5,2.2,0.8,0.2,0.1,0,2.1,0.3,1.5,237.7
33,46,1,5,2.3,0.7,0,0.4,0.2,1.9,0.3,1.5,221.6
33,22,1,25,9.5,3,1.1,0,0.8,9.5,3,8.7,1101.1
33,90,3,30.5,14.5,4.6,0.4,0.4,0.4,14.1,0.7,13,1486.9
33,70,3,32,12.8,2.9,1,0.3,1.2,12.5,1.4,10.4,1464.3
33,110,3,15,7.4,1.5,0.2,0.7,0.2,6.7,0.6,5.5,682.8
33,6,3,12,4.2,0.5,0.2,0,0.7,4.2,0.5,2.8,477
33,60,1,5,1.6,0.2,0.2,0,0.2,1.6,0.2,1.3,170.9
33,91,2,53,28,13.2,0.2,9.1,0.2,18.9,5.7,16.8,2405.7
33,36,1,2,1.1,0.5,0,0.1,0.1,1,0.2,0.7,95.1
33,19,1,3,1.2,0.4,0.1,0,0,1.2,0.1,1.1,121.6
33,89,2,7,3.3,1.1,0.1,0.1,0.1,3.2,0.1,3,341.3
33,52,3,29,10.3,1.2,1.2,0,0.5,10.3,1.7,9.1,1102
33,12,1,24,10.2,2.4,0.5,0.5,0.5,9.7,2.4,4.8,987.2
33,54,4,35,12.3,1.5,2.4,1.1,0.4,11.2,3,10.4,1213.2
33,8,1,6,2.1,0.2,0.1,0,0.4,2.1,0.2,1.4,238.5
33,107,2,19,8.9,2.8,0.7,0.3,0.7,8.6,0.9,7.1,869.5
33,69,3,8,3.2,0.8,0.3,0,0.3,3.2,0.3,2.7,366.1
33,50,4,26,8.4,1.5,1.5,0,0,8.4,1.5,7,1073
33,32,2,8,3.5,0.9,0.1,0,0.1,3.5,0.1,2.8,388.5
33,51,1,2,0.6,0.1,0.1,0,0,0.6,0.1,0.5,82.5
33,82,2,3,1.5,0.4,0.1,0,0,1.5,0.3,1.5,152.1
33,21,1,7,2.8,0.8,0.2,0,0,2.8,0.1,2.5,283.7
33,67,1,7,3.3,1.3,0.5,0.5,0.3,2.8,0.5,2.4,313.2
33,43,1,5,1.9,0.2,0.1,0,0.4,1.9,0.2,1.3,201.7
33,73,1,2,0.8,0.2,0.1,0,0.1,0.8,0.1,0.7,91.5
33,80,2,90,45.5,17.8,1,3.9,1.4,41.6,9.5,29.8,4460.7
33,74,1,7,2.4,0.5,0.4,0,0.1,2.4,0.3,2.3,306.9
33,15,1,1,0.4,0.1,0,0,0,0.4,0.1,0.4,38.6
33,94,1,3,1.4,0.3,0.1,0,0.1,1.4,0.1,1.1,180.4
33,75,1,4,1.4,0.3,0.3,0,0.1,1.4,0.2,1.3,175.4
33,9,2,18,8,2.6,0.6,0,0.6,8,0.6,7.3,840.7
33,76,1,2,0.7,0.1,0.1,0,0,0.7,0.1,0.7,87.7
33,7,1,4,1.4,0.2,0.1,0,0.2,1.4,0.2,0.9,159
33,23,1,52,20.6,7.4,2.9,0,4.6,20.6,3.4,16,2053.9
33,47,1,1,0.5,0.1,0,0.1,0,0.4,0.1,0.3,44.3
33,30,1,2,1.1,0.4,0,0,0.1,1.1,0.1,0.8,98.5
33,24,2,11,4.6,1.6,0.2,0,0.2,4.6,0.6,4,453.6
33,0,1,9,3.5,1,0,0,0.5,3.5,0.8,2.8,345.8
33,111,1,2,1,0.2,0,0.1,0,0.9,0.1,0.7,91
33,85,2,8,3.5,1.3,0.3,0.2,0,3.3,0.5,2.4,380.3
33,68,1,5,2.4,0.9,0.3,0.3,0.2,2.1,0.3,1.7,223.8
33,63,1,5,2.1,0.7,0.2,0,0.1,2.1,0.1,1.5,267.1
33,48,2,5,2.3,0.7,0,0.3,0.2,2,0.3,1.5,221.6
33,108,2,11,5.2,1.5,0.4,0.1,0.4,5.1,0.5,4.1,503.4
33,56,1,2,0.9,0.2,0,0,0,0.9,0.2,0.6,106.6
33,29,2,86,34.7,10.3,4,2,0.9,32.7,4.9,24.4,3538.6
33,72,1,3,1.2,0.3,0.1,0,0.1,1.2,0.1,1,137.3
33,62,1,11,4.6,1.5,0.5,0,0.3,4.6,0.3,3.3,587.6
33,53,1,8,2.8,0.3,0.3,0,0.2,2.8,0.5,2.5,304
33,34,2,11,5.9,2.9,0,0.2,0.5,5.7,1.3,3.9,523.1
33,65,1,5,2.4,0.9,0.3,0.3,0.2,2.1,0.3,1.7,223.8
33,95,1,5,2.4,0.6,0.1,0,0.1,2.4,0.1,1.8,300.7
33,66,1,2,1,0.4,0.1,0.2,0.1,0.8,0.1,0.7,89.5
33,83,1,5,2.6,0.6,0.2,0.2,0,2.4,0.5,2.6,253.4
33,77,1,5,1.7,0.4,0.3,0,0.1,1.7,0.2,1.6,219.2
33,109,2,16,7.9,1.6,0.2,0.8,0.2,7.1,0.6,5.8,728.3
33,93,1,1,0.6,0.3,0,0,0,0.6,0.1,0.5,56
33,61,2,3,1.2,0.4,0.1,0,0,1.2,0,0.9,160.2
19,56,1,1,0.4,0.1,0,0,0,0.4,0,0.3,43.3
19,12,1,9,3.2,1,0.5,0,0,3.2,0.5,2.8,363.2
19,39,2,21,8.3,2.7,0.9,0.5,0.4,7.8,0.2,7.3,994.2
19,20,2,2,1,0.4,0,0,0,1,0.2,0.8,101.4
19,91,1,1,0.5,0.2,0,0,0.1,0.5,0,0.4,55.6
19,13,1,1,0.4,0.1,0.1,0,0,0.4,0.1,0.3,40.4
19,45,2,11,4.8,1.1,0,0.3,0,4.5,0.3,3.4,655.2
19,31,2,9,3.3,1.1,0.6,0,0.2,3.3,0.9,3.3,338.9
19,52,2,8,3.9,1.7,0.2,0,0,3.9,0.3,3.4,387.5
19,78,1,8,2.9,0.6,0.4,0,0.4,2.9,1,2.5,287.8
19,4,2,6,3,1.5,0.1,0,0,3,0.9,2.8,288.1
19,35,2,20,8.5,1.6,0.3,0,0.3,8.5,1.4,6.3,817.5
19,54,2,22,8.5,1.8,0.5,0,0.5,8.5,0.7,7.6,953.4
19,21,2,5,2.3,0.9,0.1,0,0.2,2.3,0.6,1.9,242.3
19,36,3,18,6.9,1.6,0.8,0,0.2,6.9,0.9,5.5,728.4
19,107,4,30,16.6,7.2,0.3,1.2,1.2,15.4,0.3,15,1780.9
19,87,1,4,1.5,0.4,0.1,0,0,1.5,0.4,1.4,177.6
19,96,2,5,2.4,0.6,0,0,0,2.4,0.6,2.4,279.4
19,46,2,6,2.6,1.1,0.3,0,0,2.6,0.2,1.8,295.3
19,90,2,7,3.2,1.1,0.1,0.1,0.4,3.1,0.3,2.8,389.5
19,30,4,25,9.6,3.5,1.9,0,0.4,9.6,1.5,8.1,1012.4
19,6,1,5,2.6,1.2,0.1,0,0,2.6,0.7,2.3,240.1
19,5,1,2,1,0.5,0,0,0,1,0.3,0.9,96
19,51,2,15,7.3,3.2,0.3,0,0,7.3,0.6,6.4,726.7
19,43,1,6,2.3,0.5,0.2,0.1,0.1,2.2,0.2,2,266.4
19,59,1,1,0.4,0.1,0.1,0,0,0.4,0.1,0.3,42.7
19,77,2,7,2.5,0.5,0.4,0,0.4,2.5,0.9,2.1,251.8
19,75,2,3,1.4,0.4,0,0,0,1.4,0,1.3,143.4
19,17,1,6,2,0.3,0.5,0,0.1,2,0.4,1.5,215.5
19,82,2,5,1.7,0.3,0.3,0,0,1.7,0,1.4,195.5
19,40,2,114,38.6,4.2,4.7,2.4,4.4,36.2,5.2,28.9,3959.9
19,32,2,3,1.1,0.3,0.2,0,0,1.1,0.3,1.1,113
19,95,2,5,2.4,0.7,0,0,0,2.4,0.7,2.4,279.3
19,38,2,18,6,1.8,1.4,0,0,6,0.6,5.2,719.1
19,94,1,1,0.5,0.1,0,0,0,0.5,0.1,0.5,55.9
19,53,1,8,3.9,1.7,0.2,0,0,3.9,0.3,3.4,387.6
19,88,2,9,3.4,0.9,0.2,0,0,3.4,0.9,3.1,399.6
19,15,2,6,2,0.3,0.5,0,0.1,2,0.4,1.5,215.5
19,97,1,8,2.9,0.4,0.4,0,0.6,2.9,0.4,2.7,349.5
19,24,1,1,0.4,0.1,0,0,0,0.4,0.1,0.3,45.3
19,47,2,4,1.7,0.8,0.3,0,0,1.7,0.1,1.2,188.5
19,100,1,5,2.4,0.9,0.1,0,0.1,2.4,0.3,1.3,228.7
19,89,1,3,1.4,0.5,0.1,0.1,0.2,1.3,0.1,1.2,166.9
19,37,1,4,1.3,0.4,0.3,0,0,1.3,0.1,1.1,159.8
19,80,1,3,1.8,1.1,0,0.8,0,1,0.2,0.8,151.9
19,1,1,4,1.9,0.5,0,0,0,1.9,0.4,1.7,196
19,0,1,2,1,0.2,0,0,0,1,0.2,0.8,98
19,106,4,13,6.7,2.8,0.3,0.3,0.5,6.4,0.3,5.9,808.9
19,84,1,13,4.7,1.2,0.3,0,0.1,4.7,0.1,4.2,546
19,57,1,4,1.6,0.5,0.1,0,0,1.6,0.2,1.5,197.8
19,85,2,2,0.8,0.2,0,0,0,0.8,0,0.6,84
19,25,1,4,1.6,0.4,0.1,0,0.1,1.6,0.3,1.3,181.3
19,63,1,5,1.9,0.6,0.3,0,0,1.9,0.3,1.7,213.4
19,27,1,2,0.8,0.2,0,0,0,0.8,0.1,0.7,90.6
19,101,1,8,3.8,1.7,0.4,0.3,0.2,3.5,0.6,2.9,352.1
19,14,1,2,0.7,0.1,0.2,0,0,0.7,0.1,0.5,71.8
19,29,2,6,2.3,0.9,0.5,0,0.1,2.3,0.3,1.9,243
19,10,1,2,1,0.5,0.1,0,0,1,0.1,1,97.8
19,48,2,6,2.6,1.2,0.4,0,0,2.6,0.2,1.8,282.8
19,50,1,5,2,0.5,0.1,0,0.2,2,0.2,1.8,192.7
19,102,3,35,16.5,7.2,1.6,1.2,0.8,15.3,2.9,12.6,1540.4
19,11,1,2,1,0.5,0.1,0,0,1,0.1,1,97.8
19,34,1,23,9.8,1.9,0.3,0,0.3,9.8,1.6,7.2,940.2
19,23,1,5,2.2,0.7,0.2,0,0.3,2.2,0.4,2.1,225.3
35,90,1,170.5,88.2,38,4.2,8.2,7.2,80,12.3,52.6,8371.8
35,20,1,2,0.8,0.2,0.1,0,0,0.8,0,0.7,81.1
35,79,3,16,7.2,2.3,0,0.3,0.6,6.9,2.1,5.6,739.3
35,17,1,1,0.5,0.1,0,0.1,0,0.4,0.1,0.4,41.6
35,18,1,1,0.5,0.1,0,0.1,0,0.4,0.1,0.4,41.6
35,16,3,10,4.6,1.4,0.2,0.4,0.4,4.2,0.7,4.1,422.3
35,13,1,5,2.1,0.9,0.4,0,0.3,2.1,1.2,1.9,202.6
35,88,1,2,0.9,0.3,0.1,0,0,0.9,0.1,0.6,95.1
35,60,2,86,35.5,11.2,2.9,0.2,2.8,35.3,4.7,29.4,3411.6
35,110,1,4,2,0.4,0.1,0.2,0.1,1.8,0.2,1.5,182.1
35,44,3,11.5,5.2,1.5,0,0.8,0.5,4.4,0.6,3.5,509.7
35,22,3,19,7.7,2.4,0.6,0,0.9,7.7,1.9,6.3,812
35,51,2,54,19.1,2.9,1.8,0.1,2.4,19,0.8,17.1,2135.1
35,69,2,8,3.2,0.8,0.3,0,0.3,3.2,0.4,2.7,366.1
35,76,1,44,15.5,1.7,2.6,0,2.2,15.5,2.4,15.3,1852.4
35,5,1,3,1.3,0.3,0,0,0.1,1.3,0.1,1,156.3
35,36,1,4,2.2,1,0,0.1,0.2,2.1,0.5,1.4,190.2
35,59,3,114,39.7,8.7,6.6,0.6,2.2,39.1,5,29.7,4125.8
35,54,1,6,2.1,0.3,0.4,0.2,0.1,1.9,0.5,1.8,208
35,87,3,10,4.3,1.6,0.3,0.2,0,4.1,0.7,3,475.4
35,107,3,39.5,20.3,6,0.6,0.6,2.1,19.7,1.8,18.2,2236.2
35,50,3,11,3.7,0.7,0.6,0.1,0.1,3.6,0.5,3.1,463.8
35,75,3,68,20.4,1.7,4.5,0,1.5,20.4,2.9,19.9,2418.4
35,19,1,2,0.8,0.2,0.1,0,0,0.8,0,0.7,81.1
35,89,2,28,11.9,2.1,0.1,0,0.4,11.9,1.3,11.1,1303.9
35,43,1,3,1.2,0.3,0.1,0,0.2,1.2,0.1,1,139.6
35,72,2,32,15.1,3.6,0.2,0.1,0.2,15,0.2,11.4,1535.5
35,91,0,246,149,77,0,53,8,96,15,87,12637
35,81,1,2,1,0.3,0.1,0,0,1,0.2,1,101.4
35,30,2,6,3.4,1.2,0,0,0.3,3.4,0.3,2.3,295.6
35,80,1,2,0.9,0.3,0,0,0.1,0.9,0.3,0.8,97.6
35,74,2,11,3.8,0.8,0.7,0,0.2,3.8,0.4,3.6,476.5
35,96,2,4,1.9,0.5,0.1,0,0.2,1.9,0.2,1.5,227.2
35,3,2,7,2.8,0.7,0,0,0.4,2.8,0.5,2.1,268.9
35,108,3,25,13.1,3.8,0.3,0.5,1.4,12.6,1.2,11.9,1467.9
35,23,2,20.5,9.2,2.8,0.2,0,1.5,9.2,1.4,6.4,834.4
35,40,3,19,7.2,0.8,0.5,0,1.3,7.2,0.8,5,766.3
35,7,1,8,2.8,0.3,0.2,0,0.5,2.8,0.3,1.8,318
35,9,1,4,1.8,0.6,0.1,0,0.1,1.8,0.1,1.6,186.8
35,15,1,5.5,2.2,0.4,0,0,0.1,2.2,0.4,2.1,212.2
35,53,1,1,0.4,0,0,0,0,0.4,0.1,0.3,38
35,71,1,118,47.8,10.5,4.8,0.2,8,47.6,6.2,36.8,4722.5
35,28,1,3,1.5,0.3,0,0,0.2,1.5,0.2,1.4,142.6
35,12,2,11,4.6,1.6,0.6,0.1,0.5,4.5,1.9,3.3,448.9
35,84,1,5,2.2,0.8,0.2,0.1,0,2.1,0.3,1.5,237.7
35,66,2,3,1.3,0.3,0.2,0.1,0.1,1.2,0.2,1.1,139.7
35,106,1,2,1.1,0.3,0,0,0.1,1.1,0.1,1.1,129.6
35,92,1,93,53,27.4,0.1,0.1,4,52.9,3.2,36.8,4614.9
35,86,1,4.5,2,0.7,0.2,0.1,0,1.9,0.3,1.3,214
35,41,1,7,2.9,0.8,0.3,0,0.5,2.9,0.3,2.2,325.8
35,70,1,36,12.8,4.2,2.1,2.1,1,10.7,0.1,11.7,1193.7
35,6,1,7,2.5,0.3,0.1,0,0.4,2.5,0.3,1.6,278.2
35,109,1,4,2,0.4,0.1,0.2,0.1,1.8,0.2,1.5,182.1
35,73,1,33,14.6,3.4,0.1,0,2.1,14.6,1.2,13.3,1576
85,22,2,62,25.2,7.2,2.4,0,1.8,25.2,2.4,23.5,2812
85,57,3,68,27.9,9.2,2.1,1,1.2,26.9,5,25.6,3503
85,73,2,44.5,21.3,7.5,0.4,0,1.4,21.3,3.2,16.8,2465.7
85,60,3,37,15.3,4.2,1,0,1,15.3,1.2,13.3,1914.2
85,13,1,4,1.7,0.4,0.1,0,0,1.7,0.1,1.2,187
85,16,1,4,1.4,0.3,0.2,0,0.1,1.4,0.3,1.1,156.6
85,31,2,172,65.3,15.9,6.2,0,4.4,65.3,4.7,51,6193.2
85,17,3,7,2.7,0.5,0.1,0,0.4,2.7,0.5,2.6,320.8
85,51,1,68,27.6,6.3,0.5,1,0.2,26.6,0.9,25.4,3067.5
85,32,0,119,43,14,7,2,3,41,7,32,3975
85,70,2,173,74.5,31.6,5.5,0,3.4,74.5,6.4,65.1,7448.6
85,44,3,17,6.3,1.8,0.7,0,0,6.3,1,5.1,642.1
85,63,2,90,28.7,4.6,5.2,0.5,2.3,28.2,1.1,23.2,3569.6
85,64,1,151,52.2,6.8,5.6,0,3.3,52.2,3.6,45.8,6136
85,45,1,12,4.4,1.3,0.5,0,0,4.4,0.8,3.7,450.8
85,35,2,6,2.5,0.5,0,0.1,0.2,2.4,0.3,2.2,274.9
85,43,3,9,3.9,1.1,0.2,0,0.5,3.9,0.3,3.5,395
85,40,3,26,11.1,3.4,1,0,1.4,11.1,1,11.1,1247.3
85,48,2,36,12.3,1.7,1.8,0.2,1.3,12.1,1.2,9.7,1243.4
85,20,1,2,0.8,0.2,0.1,0,0.1,0.8,0.1,0.7,90.3
85,25,2,5,1.9,0.5,0.3,0,0.1,1.9,0.4,1.4,210
85,29,1,1,0.3,0,0,0,0,0.3,0,0.3,40.1
85,56,3,22,8,1.5,0.9,0,0.1,8,0.8,7.4,957.5
85,55,1,2,0.8,0.2,0.1,0,0.1,0.8,0.1,0.6,97.3
85,30,2,13,4.6,0.9,0.5,0,0.6,4.6,0.3,4,518.9
85,19,1,10,3.7,0.7,0.3,0,0.3,3.7,0.4,3.3,416.4
85,52,2,94,38.4,10.8,3.5,0.2,2.8,38.2,3.6,30.6,4250.6
85,58,4,37,14.2,3.3,1.4,0,0.5,14.2,1.2,13.2,1746.9
85,72,1,56,25.4,9.7,1.6,0,3.6,25.4,4.3,23.8,2766.3
85,39,2,11,3.6,1,0.8,0,0.4,3.6,0.4,3.6,439.2
85,62,4,43,17.3,4.1,1.3,0.4,1.8,16.9,2.7,13.7,2145.4
85,71,2,46,23.9,8.3,0.1,0,6.1,23.9,2.1,19.7,2525.5
85,47,1,4,1.4,0.2,0.2,0,0.2,1.4,0.2,1.1,137.7
85,59,4,21,8.9,2.6,0.4,0,0.6,8.9,0.7,7.5,1073.8
85,67,2,24,9,2.1,0.4,0,0.6,9,0.9,8.3,1113.4
85,61,3,60,24.4,6,1.5,0.3,1.2,24.1,1.4,20.1,2897.7
85,37,1,2,0.8,0.1,0,0,0,0.8,0.1,0.7,89.9
85,50,1,1,0.4,0.1,0,0,0,0.4,0,0.4,44.3
85,21,1,2,0.9,0.3,0,0,0.1,0.9,0,0.9,107.2
85,11,1,3,1.3,0.3,0.1,0,0,1.3,0.1,0.9,140.2
85,68,2,8,3,0.7,0.1,0,0.2,3,0.3,2.7,367.8
85,65,1,60,24,5.1,0.7,0,1.3,24,0.7,20.4,2681.6
85,66,1,2,0.8,0.3,0.1,0,0.1,0.8,0.1,0.7,112
85,49,1,2,0.8,0.2,0,0,0,0.8,0.1,0.8,88.6
85,14,1,2,0.7,0.1,0.1,0,0,0.7,0.1,0.6,78.3
85,26,1,5,1.8,0.5,0.3,0,0.1,1.8,0.3,1.6,197.2
85,42,1,1,0.4,0.1,0,0,0.1,0.4,0,0.4,46.3
85,24,1,8,2.9,0.8,0.5,0,0.1,2.9,0.5,2.5,315.6
85,12,1,4,1.7,0.4,0.1,0,0,1.7,0.1,1.2,187
85,53,1,13,5,1.2,0.4,0,0.6,5,0.4,4.3,577.3
85,79,1,71.5,27.8,4.2,2.1,0,1.1,27.8,1,26.8,3509.5
85,8,1,10,4.2,1.2,0,0,0,4.2,0.5,3.2,466.8
85,10,2,15,5.2,1.1,0.6,0,0.3,5.2,0.4,4.8,604.3
85,2,3,39,12,1.9,2.6,0,0.6,12,1,9.5,1251.7
85,93,1,189,124,79.3,4,98.1,8.1,25.9,14.1,67.7,9619.7
85,3,2,14,4.2,0.6,0.9,0,0.2,4.2,0.4,3.5,447.4
85,6,3,16,6.4,1.9,0.9,0.3,0.5,6.1,1,5.8,694.8
85,74,1,2,0.7,0,0,0,0.1,0.7,0,0.6,86.5
85,77,0,205,78,18,7,15,8,63,11,53,8171
85,78,0,198,78,16,7,0,4,78,3,70,10124
85,7,1,3,1.3,0.4,0,0,0,1.3,0.2,0.9,140.1
85,96,0,99,62,31,1,62,4,0,10,47,6734
85,4,1,3,1.2,0.4,0.1,0,0.1,1.2,0.2,1.1,140.7
85,9,1,2,0.7,0.1,0.1,0,0,0.7,0.1,0.6,76.5
85,94,1,108.5,65.2,35.6,1,51.1,2.2,14.1,9.1,31.6,4784.8
85,97,0,1262,771,460,15,768,83,3,133,323,53608
85,5,1,1,0.4,0.1,0,0,0,0.4,0.1,0.4,46.9
85,98,0,63,46,34,0,45,3,1,6,25,2483
85,80,1,3,1.5,0.4,0.1,0,0.1,1.5,0.2,1.3,187
85,1,2,81,27.7,4.8,3.5,0,2.5,27.7,3.3,21.7,2926.8
3,11,1,2,1,0.4,0,0,0,1,0.1,1,120
3,31,1,35,16.8,3.3,0,0.1,0,16.7,1.1,15.2,1823.2
3,2,1,10,4.8,1.7,0.4,0.9,0,3.9,0.4,3.5,480.4
3,19,3,8,3.5,1,0,0,0.2,3.5,0.7,2.4,336.2
3,91,2,4,1.8,0.6,0,0.2,0,1.6,0,1.4,219.6
3,39,2,8,3.2,0.9,0.3,0,0.3,3.2,0.1,2.5,338.9
3,24,2,14,5.4,1.8,0.9,0.3,0.6,5.1,0.6,4.2,465
3,21,1,3,1.3,0.4,0,0,0.1,1.3,0.3,0.9,126.1
3,0,1,2,1,0.5,0.1,0.1,0,0.9,0.1,0.9,101.8
3,59,1,101,37.3,6.6,3.5,1,8.5,36.3,7.3,20.6,3417.7
3,57,3,11,4,0.6,0.6,0,0.2,4,0.8,3.3,455
3,51,3,18,6.7,1.3,0.5,0,0.3,6.7,0.4,5.5,769.5
3,28,1,8,3.7,1.3,0.3,0,0,3.7,0.3,3.3,347.7
3,85,1,28,9.7,1.2,0.6,0,0,9.7,1.8,7.9,1084.7
3,32,3,27,9.9,1.5,0,0.6,0,9.3,0.5,6.8,989.1
3,8,1,7,2.5,0.6,0.6,0,0.2,2.5,0.2,2.3,219.1
3,84,2,11,3.8,0.4,0.3,0,0,3.8,0.7,3.1,426.1
3,30,2,101,42.8,12.6,3.7,2,2.4,40.8,2.2,38.8,4203.5
3,54,1,5.5,2.6,1,0,0,0,2.6,0.3,2.1,245.7
3,104,2,21,12.5,6.6,0.1,6.2,0,6.3,0.1,10.3,1197.9
3,95,4,15,6.5,1.4,0.3,0,0.3,6.5,0,5.4,677.1
3,36,1,6.5,3.5,1.4,0,0,0,3.5,0,2,354.5
3,72,2,6,2.4,0.6,0.1,0,0.1,2.4,0,2,259.9
3,6,3,18,6.5,1.6,1.6,0,0.6,6.5,0.6,6,563.4
3,87,1,4,1.8,0.6,0.2,0,0,1.8,0.4,1.5,190
3,82,3,7,3.5,0.7,0,0,0.4,3.5,0.3,3.2,389.8
3,15,3,8,4.1,1.9,0,0.3,0.3,3.8,0.8,3.7,400.8
3,94,2,3,1.3,0.3,0,0,0,1.3,0,1.1,135.4
3,60,3,21,8.6,2.1,0.5,0.7,0.5,7.9,1,5.8,832.1
3,48,1,6,2.6,0.6,0.1,0,0,2.6,0.4,2.2,272
3,75,2,3,1.3,0.3,0.1,0,0,1.3,0,1.2,156.3
3,79,1,1,0.4,0.1,0,0,0,0.4,0,0.4,46.5
3,105,2,24,12,4.2,0.6,1.3,0.3,10.7,0.9,10.7,1655.4
3,88,2,25,11.1,3.9,1.1,0,0,11.1,2.2,9.5,1187.2
3,14,1,1,0.5,0.2,0,0,0,0.5,0.1,0.5,50.1
3,89,1,3,1.3,0.4,0.1,0.1,0.1,1.2,0.1,1,164.7
3,77,3,19,6.4,1.3,1.3,0,0,6.4,1.3,4.4,767.4
3,40,1,3,1.2,0.3,0.1,0,0.1,1.2,0.1,0.9,127.1
3,90,2,7,3.1,0.9,0.1,0.3,0.1,2.8,0.1,2.4,384.4
3,103,3,51,27.4,11,0.6,2.8,1.3,24.6,1.2,20.8,2609.3
3,12,1,3,1.6,0.6,0,0,0,1.6,0.2,1.4,180
3,18,1,4,2.1,1,0,0.2,0.2,1.9,0.4,1.8,200.4
3,83,2,6,3,0.6,0,0,0.4,3,0.2,2.8,334.1
3,74,2,10,4.5,0.8,0.3,0,0,4.5,0,4.2,520.8
3,96,1,2,0.9,0.2,0,0,0,0.9,0,0.7,90.3
3,29,1,2,0.8,0.2,0.1,0,0.1,0.8,0,0.7,82.4
3,58,1,56,15.6,1.5,4.5,0,0.2,15.6,0.7,15.1,1860.6
3,76,1,2,0.7,0.1,0.1,0,0,0.7,0.1,0.5,80.8
3,3,1,3,1.4,0.5,0.1,0.2,0,1.2,0.1,1,144.1
3,23,1,3,1.3,0.4,0,0,0.1,1.3,0.3,0.9,126.1
3,81,2,6,3,0.6,0,0,0.4,3,0.2,2.8,334
3,50,1,6,2,0.3,0.3,0,0.1,2,0.1,1.6,225.7
3,16,1,2,1,0.5,0,0.1,0.1,0.9,0.2,0.9,100.2
3,100,1,4,1.8,0.6,0.1,0.1,0,1.7,0.1,1.7,177.6
3,101,2,8,3.7,1.2,0.1,0.2,0,3.5,0.1,3.5,355.2
3,78,2,3,1,0.2,0.2,0,0,1,0.2,0.7,121.2
3,92,2,4,1.7,0.5,0.1,0.1,0.1,1.6,0.1,1.3,219.6
3,53,1,5,1.9,0.4,0.1,0,0.1,1.9,0.1,1.6,223.6
3,102,2,4,2.1,0.9,0.1,0.1,0,2,0.3,1.7,236.7
3,61,1,5,2.1,0.5,0.1,0.2,0.1,1.9,0.2,1.4,198.1
3,27,2,3,1.4,0.5,0.1,0,0,1.4,0.1,1.2,130.4
3,25,1,3,1.1,0.4,0.2,0,0.1,1.1,0.1,0.9,99.6
3,37,2,5,2.1,1,0.4,0,0,2.1,0.4,2.1,207.9
3,73,1,4,1.6,0.4,0.1,0,0.1,1.6,0,1.4,173.3
68,22,1,13,4.8,1.1,0.5,0.5,0.5,4.3,0.8,4,463.5
68,46,2,64,24.2,4,2.1,1.7,2.4,22.5,2.4,19.4,2424.5
68,2,2,5,1.8,0.4,0.2,0,0.3,1.8,0.6,1.5,210.7
68,64,1,1,0.4,0.1,0,0,0,0.4,0.1,0.4,46
68,16,1,39,17.2,5.7,0.6,0,1.2,17.2,2.8,8.9,1564
68,17,3,42,17.5,4.4,0.5,0.5,1.6,17,2.2,14.1,1708.4
68,60,3,15.5,5.9,1.3,0.7,0,0.8,5.9,0.3,5.1,646.2
68,44,2,18,7.3,1.8,0.6,1.1,0.7,6.2,0.7,5.3,820.5
68,65,3,11,4.8,1.5,0.4,0,0.1,4.8,0.6,3.9,505.5
68,48,2,85.5,39,12.3,2.6,0.5,5,38.5,0.8,31.7,3758.2
68,51,2,76,33.9,13.7,1.5,0,2.9,33.9,1.7,27.6,3810.3
68,31,1,2,0.8,0.2,0,0,0,0.8,0,0.8,96.3
68,20,2,5,1.8,0.1,0.1,0,0.2,1.8,0,1.5,192.7
68,43,2,137,73.3,32.8,1.7,0.3,6.6,73,8.3,60.8,7087.6
68,35,1,61,29.1,8.7,1.3,1,2.3,28.1,3.1,22.8,2943.8
68,32,4,9,3.6,1,0.3,0,0,3.6,0,3.3,354.7
68,30,1,4,1.6,0.3,0,0,0.1,1.6,0,1.5,192.6
68,9,2,4,1.8,0.6,0,0,0.2,1.8,0.4,1.6,212
68,37,1,20,6.3,1,0.5,0,1,6.3,1,5.4,728.3
68,27,0,22,11,2,0,0,1,11,1,9,1046
68,21,2,9,3.3,0.7,0.3,0.3,0.3,3,0.5,2.7,323.7
68,34,3,97,38.6,11.9,4.1,1,2.1,37.6,6.3,24.2,3802.1
68,63,1,1,0.5,0.2,0,0,0,0.5,0,0.4,53.6
68,0,2,10,3.7,0.7,0.4,0,0.6,3.7,1.2,3,421.4
68,47,2,113.5,40.8,7,5.1,0.7,2.5,40.1,3.2,32.3,4154.3
68,71,3,13,5.2,1.3,0.3,0,0.8,5.2,0.3,3.8,574.7
68,61,3,16,6.7,2,0.6,0,0.7,6.7,0.3,5.7,714.6
68,42,1,116,61.7,22.8,1.1,0.1,2.5,61.6,1.4,56.1,5696.1
68,58,1,1,0.3,0.1,0.1,0,0.1,0.3,0,0.3,42.5
68,67,1,1,0.4,0.1,0,0,0,0.4,0,0.3,42.5
68,28,2,18,7.9,1.6,0.2,0,0.8,7.9,0.8,6.1,771
68,75,1,2,1,0.3,0,0,0.3,1,0.2,1,144.4
68,59,2,7,2.6,0.6,0.3,0,0.4,2.6,0.1,2.3,291.9
68,13,1,1,0.5,0.2,0,0,0,0.5,0.1,0.4,53
68,4,1,6,2.1,0.3,0.2,0,0,2.1,0.2,2,249.1
68,40,0,414.5,231,122,7,218,47,13,86,10,15183
68,39,1,5,2.1,0.7,0.2,0,0.2,2.1,0.2,1.8,255.9
68,45,2,6,2.4,0.6,0.2,0.4,0.2,2,0.2,1.8,273.5
68,76,2,3,1.5,0.4,0,0,0.4,1.5,0.3,1.5,216.6
68,1,1,12,4.5,0.9,0.5,0,0.7,4.5,1.4,3.5,505.6
68,26,1,14,5.8,1.8,0.6,0,0,5.8,0.3,5.5,655.3
68,52,1,4,1.8,0.6,0,0,0.1,1.8,0.1,1.7,229.5
68,50,1,6,2.7,1,0.2,0,0.1,2.7,0.4,1.7,329.8
68,41,2,55,25,7,1.6,0,2.6,25,1.5,23,2892.9
68,68,3,51,19.2,3.1,1.2,0,0,19.2,0.6,17.3,2166.9
68,66,3,116,40.9,5.5,5.4,0.2,1.4,40.7,3.6,34.3,4488.6
68,12,1,3,1.4,0.5,0,0,0.1,1.4,0.3,1.2,159
68,77,1,1,0.5,0.1,0,0,0.1,0.5,0.1,0.5,72.2
68,78,1,2,1,0.3,0,0,0.3,1,0.2,1,144.4
68,73,2,5,2,0.5,0.1,0,0.3,2,0.1,1.5,221
68,49,1,6,2.7,1,0.2,0,0.1,2.7,0.4,1.7,329.8
68,14,1,3,1.2,0.5,0.2,0,0.1,1.2,0.2,0.9,150.3
68,5,1,2,0.7,0.1,0,0,0,0.7,0,0.6,83.1
68,88,2,22,9.6,2.3,1,0,1.3,9.6,2,9.2,1228.1
68,89,2,5,2.2,0.5,0.1,0.1,0.3,2.1,0.1,1.5,233.6
68,86,2,5,2,0.5,0,0,0.3,2,0.3,1.9,216.5
68,85,3,13,5.3,1.2,0,0,0.5,5.3,0.7,5,522.3
68,83,2,7,3.2,0.7,0.2,0,0.7,3.2,0.4,2.7,494.7
68,90,2,26,14.6,7.8,1.1,0.3,2.4,14.3,0.3,11.4,1527.9
68,96,1,107,52.2,17.1,3,1,9,51.2,7,43.5,5899.6
68,84,2,73,28.8,7.2,2,0,4.4,28.8,1.8,23.8,2944.5
68,93,1,2,0.9,0.2,0,0,0.1,0.9,0,0.8,97.3
68,91,2,21,9.3,2.1,0.2,0.5,1,8.8,0.6,6.7,987.1
68,81,2,12,5.5,1.3,0.3,0,1.1,5.5,0.5,4.6,815.2
68,82,1,5,2.3,0.5,0.1,0,0.5,2.3,0.3,1.9,353.3
68,94,1,61.5,26.2,8,1,2,0,24.2,4,22,3100.6
68,87,3,20,8.7,2,0.9,0,1.2,8.7,1.8,8.3,1116.4
68,97,3,18,9.5,4.6,0.5,1.4,0.7,8.1,1.1,8,1407.5
68,95,2,83,38.4,9.6,0,0,1,38.4,2,36.5,4292.3
68,80,2,18,8.4,2.8,0,0,0.6,8.4,0,6.7,976.6
48,44,2,57,21.1,6.4,3.7,0,0.3,21.1,2.2,19.6,2214.2
48,33,2,100,38.1,10.2,6.1,4,1.1,34.1,4.7,31.4,3875.9
48,79,2,11,4.6,1.1,0.3,0.3,0.3,4.3,0.8,3,563.4
48,2,1,3,0.9,0.1,0.3,0,0.1,0.9,0.1,0.7,103
48,22,3,11,4.3,1.8,0.7,0,0.3,4.3,0.8,4,477.5
48,16,2,5,2.3,0.5,0,0,0.2,2.3,0.4,2.1,268.5
48,43,1,154,55.5,12.8,3.7,4.3,3.2,51.2,3.9,44.7,5684
48,20,2,12,5.3,1.9,0.4,0,0,5.3,1.1,4.6,501.7
48,75,1,6,2.1,0.5,0.2,0,0.1,2.1,0.1,1.6,230.2
48,47,1,2,0.8,0.2,0,0,0.1,0.8,0.1,0.8,82.1
48,18,2,4,1.7,0.7,0.1,0,0.1,1.7,0.1,1.3,166.3
48,5,3,10,4.2,0.5,0.3,0.2,0.5,4,1,3,532.7
48,76,4,39,14.4,3,1.1,0,0.3,14.4,0.3,12.1,1869
48,35,3,11.5,5,1.6,0,0,0,5,0.2,3.4,488
48,54,3,23,8.8,3.6,1.3,0,0.3,8.8,1,6.1,853
48,19,2,20,8.8,3.1,0.7,0,0,8.8,1.9,7.6,836.2
48,88,1,1,0.6,0.2,0,0.1,0,0.5,0.1,0.5,67
48,48,2,132,48.7,9,5.1,0.7,7.1,48,2.7,43.5,4688.8
48,9,1,2,0.9,0.4,0.1,0,0,0.9,0.1,0.7,92.6
48,36,3,27,11.7,3.4,0.1,0,0,11.7,0.8,8.3,1137.8
48,82,2,22,12.9,6.4,0,2.2,1.1,10.7,1.1,8.6,1337.1
48,57,2,2,0.8,0.4,0.2,0,0,0.8,0,0.6,74.2
48,7,2,14,5.8,1.9,0,0.5,0,5.3,1.9,3.4,585.6
48,32,0,64.5,27,3,0,0,9,27,3,6,2072
48,12,2,11,4.7,2.1,0.3,0,0,4.7,0.8,3.6,509.2
48,81,3,13,7.3,3.4,0,1.1,0.5,6.2,0.6,4.8,771
48,42,3,81.5,34.3,9.4,2.4,0.7,3.4,33.6,5.7,22.8,3327.3
48,70,4,24,10.6,3.7,0.7,0,0.7,10.6,2.3,9,1388.3
48,69,2,6,2.6,1,0.2,0,0.2,2.6,0.6,2.3,347
48,56,2,10,3.8,1.6,0.6,0,0.1,3.8,0.4,2.7,370.9
48,87,3,27,16.2,6.8,0,2,0.7,14.2,2.7,13.5,1807.7
48,73,3,22,11,4.2,0.5,1.4,0.5,9.6,2,7,1103.8
48,21,1,14,5.4,2.2,0.7,0,0.4,5.4,1.1,5,607.7
48,4,1,6,2.5,0.4,0.2,0.2,0.4,2.3,0.5,1.8,319.6
48,85,1,1,0.5,0.3,0,0,0.1,0.5,0.1,0.5,71.3
48,74,3,11,3.9,0.8,0.5,0,0.3,3.9,0.3,3,422.1
48,86,4,20,10.8,5,0.3,0.8,0.7,10,1.8,9.8,1382.3
48,80,2,12,4.9,1.2,0.3,0.3,0.3,4.6,0.9,3.2,614.7
48,55,2,11,4.2,1.7,0.6,0,0.2,4.2,0.5,2.9,407.9
48,34,2,15,6.5,2.1,0,0,0,6.5,0.2,4.5,636.5
48,1,1,5,1.5,0.2,0.5,0,0.2,1.5,0.2,1.2,171.7
48,40,2,20,6.2,0.8,1.3,0,0.4,6.2,0.4,5.7,757.6
48,11,2,3,1.3,0.6,0.1,0,0,1.3,0.2,1,138.9
48,49,2,14,5.4,1.3,0.8,0,0.5,5.4,0.5,4.6,513.2
48,60,1,1,0.4,0.1,0,0,0,0.4,0,0.3,42.8
48,45,1,7,2.7,0.6,0.3,0,0.1,2.7,0.1,2,296.7
48,72,2,7,3.5,1.4,0.1,0.4,0.1,3.1,0.7,2.2,351.2
48,62,1,2,0.7,0.2,0.1,0,0,0.7,0.1,0.7,85.6
48,41,3,19,6.5,1.2,0.9,0.1,0.3,6.4,0.5,5.5,744.1
48,84,1,10,4.9,2.6,0.3,0,0.6,4.9,0.9,4.9,712.9
48,67,1,5,2.2,1,0,0,0,2.2,0.2,1.5,241.2
48,52,1,1,0.4,0.1,0,0,0.1,0.4,0,0.3,38.1
48,6,2,4,1.6,0.5,0,0.1,0,1.5,0.5,0.9,167.3
48,53,1,6,2.3,0.5,0.1,0,0.4,2.3,0.2,1.6,228.5
48,83,2,35,20.8,8.9,0,7.3,1.1,13.5,2.1,17.2,1965.4
48,14,2,2,1,0.2,0,0,0,1,0.2,0.8,107.4
48,77,1,2,0.8,0.2,0,0,0,0.8,0,0.6,103.4
48,3,1,11,3.4,0.4,1.1,0,0.4,3.4,0.4,2.5,377.8
48,10,1,1,0.4,0.2,0,0,0,0.4,0.1,0.3,46.3
39,78,1,7,3.2,1.1,0.3,0,0,3.2,0.5,3.2,426.2
39,31,2,54.5,27,10.9,0.7,2.1,5.1,24.9,5.3,18.1,2312.9
39,13,1,4,2,0.7,0,0,0,2,0.4,1.7,215.4
39,8,3,4,2.7,1.7,0,0,0,2.7,0.5,2.3,225.1
39,57,1,1,0.5,0.3,0,0,0,0.5,0,0.4,57
39,42,3,71,24,3.2,1,0,1.9,24,2.4,22.1,2685.1
39,47,1,2,0.8,0.2,0,0,0.1,0.8,0,0.8,86.8
39,46,1,8,2.9,0.8,0.4,0,0.3,2.9,0.2,2.4,275.7
39,69,2,7,2.9,0.4,0,0,0.2,2.9,0,2.8,372.4
39,58,1,1,0.5,0.3,0,0,0,0.5,0,0.4,57
39,88,4,25,13.9,5.5,0,0,0.8,13.9,0,13.9,1605.5
39,82,2,7,3.1,0.8,0.2,0,0.3,3.1,0.2,2.9,350.2
39,98,3,41,19.8,7.1,1.5,0,3.4,19.8,1.5,16,2067.9
39,12,2,2,1,0.4,0,0,0,1,0.2,0.8,107.8
39,36,4,39.5,15.1,2.7,1.3,0,1.7,15.1,1.7,12.1,1568.2
39,54,1,2,1,0.4,0.1,0,0.1,1,0.1,0.9,104.4
39,32,2,34,17,6.8,0,0.6,2,16.4,0.6,13.6,1615.6
39,77,3,11,5.1,1.8,0.4,0,0,5.1,0.9,5.1,669.7
39,89,2,7,3.4,1.3,0,0.2,0.3,3.2,0.3,2.8,329.6
39,37,3,21,7.5,1.4,0.8,0,0.3,7.5,0,6.8,904.4
39,20,1,2,0.8,0.1,0.1,0,0.1,0.8,0.1,0.6,78
39,73,2,5,2.5,0.9,0.1,0.1,0.1,2.4,0.4,2.1,270
39,26,1,7,2.5,0.4,0.4,0,0,2.5,0.8,1.9,272.8
39,43,1,2,0.8,0.1,0,0,0.1,0.8,0,0.7,86.3
39,68,2,20,7.7,2,0.7,0,0,7.7,0.1,7.4,917.6
39,84,1,2,0.9,0.1,0,0,0,0.9,0.1,0.8,108.1
39,56,2,6,3.1,1.7,0.2,0,0,3.1,0.2,2.5,342.2
39,60,3,9,4.6,2,0,0,0.2,4.6,0.8,3.4,501.2
39,9,3,8,4,1.5,0,0,0,4,0.8,3.3,430.8
39,67,3,30.5,11.8,3,1,0,0,11.8,0.1,11.3,1399.4
39,4,2,14,4.8,1.2,1.6,0,0,4.8,0.8,3.6,524.4
39,59,3,9,4.6,2,0,0,0.2,4.6,0.8,3.4,501.2
39,70,3,22,9,1.5,0.2,0,0.6,9,0.2,8.6,1170.4
39,94,1,3,1.5,0.4,0,0.1,0.1,1.4,0.2,1.4,171.3
39,21,1,2,0.8,0.1,0.1,0,0.1,0.8,0.1,0.6,78
39,71,2,5,2.3,0.6,0.1,0.1,0.2,2.2,0.2,2,268.4
39,3,2,4,1.6,0.6,0.2,0,0.2,1.6,0.4,1.4,147.4
39,99,2,3,1.5,0.6,0,0,0.2,1.5,0.1,1.5,184.8
39,55,3,6,3,1.2,0.1,0,0.5,3,0.1,2.5,313.2
39,75,1,2,0.8,0.2,0.1,0,0.1,0.8,0.3,0.8,72
39,18,2,7,2.9,0.8,0.2,0,0.2,2.9,1,2.7,292.6
39,95,2,8,3.9,1,0,0.2,0.3,3.7,0.5,3.7,456.8
39,90,3,15,7.3,2.8,0,0.5,0.7,6.8,0.7,6,706.3
39,53,2,4,2,0.6,0.2,0,0,2,0.4,1.8,220
39,65,2,14,5.2,0.9,0.7,0,0.1,5.2,0.2,4.9,592.2
39,11,2,15,7.6,2.6,0,0,0,7.6,1.6,6.3,807.9
39,7,1,1,0.7,0.4,0,0,0,0.7,0.1,0.6,56.3
39,38,2,5,1.8,0.4,0.2,0,0.1,1.8,0,1.6,215.4
39,81,1,1,0.4,0.1,0,0,0,0.4,0,0.4,50
39,101,2,5,2.6,0.9,0,0,0.3,2.6,0.2,2.4,308
39,28,1,1,0.5,0.1,0,0,0.1,0.5,0,0.4,48.3
39,44,2,19,6.9,1.9,0.8,0,0.6,6.9,0.5,5.6,654.9
39,66,3,69,26.8,4.9,3.3,0,0.2,26.8,2.4,24.1,2645.6
39,83,3,26,11.2,2.9,0.7,0,1,11.2,0.7,10.9,1300.7
39,17,1,6,2.5,0.7,0.2,0,0.2,2.5,0.9,2.3,250.8
39,100,1,41,18.3,7.5,2.1,0.1,0.9,18.2,2.6,15.7,2097.3
39,41,3,8,3.2,0.5,0.1,0,0.3,3.2,0.1,2.8,341.1
39,1,1,2,0.8,0.3,0.1,0,0.1,0.8,0.2,0.7,73.7
39,5,2,3,1,0.3,0.3,0,0,1,0.2,0.8,112.4
39,92,1,2,1,0.4,0,0.1,0.1,0.9,0.1,0.8,94.2
36,20,1,2,0.8,0.2,0.1,0,0,0.8,0,0.7,81.1
36,78,3,9,3,0.7,0.6,0,0.2,3,0.3,2.9,394.5
36,31,1,1,0.4,0.1,0,0,0,0.4,0,0.3,48.6
36,28,2,8,4,0.8,0,0,0.6,4,0.6,3.6,380.2
36,77,2,9,3.1,0.7,0.6,0,0.2,3.1,0.4,2.9,394.6
36,97,2,32,15.2,4.5,0,0,2.4,15.2,0.4,14.1,1462.2
36,22,3,10,4.6,1.4,0,0,0.9,4.6,0.5,3,398.9
36,90,1,121.5,56.9,18.3,1,1,5.3,55.9,6.3,43.3,5575.4
36,44,2,13,5.9,1.7,0,0.9,0.5,5,0.7,3.9,576.1
36,46,2,8,3.3,0.8,0.5,0.1,0,3.2,0.1,2.6,345.1
36,86,2,12.5,4.8,0.7,0.2,0,0.9,4.8,0.4,4.1,562.5
36,110,2,3,1.5,0.3,0,0.2,0,1.3,0.1,1.1,136.5
36,57,1,2,1.1,0.5,0.1,0,0.1,1.1,0.1,0.8,107.7
36,60,2,86.5,35.1,11.9,2.8,1.2,3,33.9,2.7,28.7,3740.4
36,52,3,20,10,3.7,0.4,0.4,0,9.6,1.4,8.2,1123.7
36,94,1,2,0.9,0.2,0.1,0,0.1,0.9,0.1,0.7,120.3
36,88,2,9,3.9,1.4,0.3,0.1,0,3.8,0.6,2.7,427.9
36,67,2,8,3.1,0.4,0.3,0,0.3,3.1,0.3,3.1,379.6
36,19,2,5,2,0.6,0.1,0,0,2,0.1,1.8,202.6
36,76,3,40,13.2,1.5,1.5,0,0.5,13.2,0.6,13.2,1643.9
36,5,1,4,1.8,0.4,0,0,0.1,1.8,0.1,1.4,208.4
36,75,3,34,11.2,1.2,1.2,0,0.4,11.2,0.4,11.2,1392.4
36,2,1,1,0.4,0.1,0,0,0.1,0.4,0.1,0.3,38.4
36,51,3,41,19.1,5.8,0.6,2.3,0.4,16.8,2.8,15.6,2083.4
36,50,4,33,11.9,1.8,1.4,0.5,1,11.4,1,9.7,1426.9
36,55,2,14,7.5,3.5,0.5,0,0.5,7.5,0.9,5.3,753.8
36,21,1,3,1.2,0.4,0.1,0,0,1.2,0.1,1.1,121.6
36,107,1,3,1.6,0.5,0,0,0.2,1.6,0.1,1.6,194.4
36,72,1,229.5,108.4,43.5,5.7,8.2,8.5,100.2,13.5,78.7,10569.8
36,37,2,12,5.3,2,0.7,0,0.7,5.3,1,4,500.3
36,15,1,13,5.2,1,0,0,0.3,5.2,1,4.9,501.6
36,4,1,3,1.3,0.3,0,0,0.1,1.3,0.1,1,156.3
36,43,1,1,0.4,0.1,0,0,0.1,0.4,0,0.3,46.5
36,91,0,51,20,3,2,0,0,20,2,17,1932
36,30,3,10,4.3,1.1,0.2,0,0.2,4.3,0.2,3.4,485.7
36,70,1,8,3.2,0.8,0.3,0.3,0.2,2.9,0.3,2.9,354.9
36,81,2,7,3.2,1.1,0,0,0.3,3.2,1.1,2.9,341.6
36,89,1,107,45.3,9.3,2,0,3.3,45.3,7.3,33.7,4504.3
36,73,1,67,28.8,7.1,2.1,0,2,28.8,4,21.6,2796.3
36,80,1,2,0.9,0.3,0,0,0.1,0.9,0.3,0.8,97.6
36,32,2,10,4.3,1.1,0.2,0,0.2,4.3,0.2,3.5,485.7
36,23,1,4,1.9,0.5,0,0,0.3,1.9,0.2,1.2,159.6
36,96,1,10,4.2,1.5,0,0,0.4,4.2,0.4,3.1,479.2
36,69,1,2,0.8,0.2,0.1,0.1,0,0.7,0.1,0.7,88.7
36,3,2,8,3.2,0.8,0,0,0.4,3.2,0.6,2.4,307.4
36,108,1,1,0.5,0.2,0,0,0.1,0.5,0,0.5,64.8
36,9,1,3,1.2,0.5,0.3,0,0.2,1.2,0.7,1.1,121.6
36,71,1,230,83.2,16.2,4.5,0.5,7.2,82.7,7.5,59.8,9068.8
36,24,3,21,9.3,2.5,0.6,0.6,0,8.7,0,8,957.4
36,63,1,5,2.1,0.7,0.2,0,0.1,2.1,0.1,1.5,267.1
36,85,3,35,13.4,2,0.6,0,2.6,13.4,0.9,11.4,1574.8
36,56,1,2,1.1,0.5,0.1,0,0.1,1.1,0.1,0.8,107.7
36,38,1,5,2.2,0.8,0.3,0,0.3,2.2,0.4,1.7,208.5
36,40,1,3,1.1,0.1,0.1,0,0.2,1.1,0.1,0.8,121
36,12,1,1,0.4,0.2,0.1,0,0.1,0.4,0.2,0.4,40.5
36,92,2,9,4.5,1.7,0.3,0.5,0,4,0.9,3.4,485.5
36,93,1,6,3,1.1,0.2,0.4,0,2.6,0.6,2.2,323.6
36,84,1,3,1.1,0.2,0,0,0.2,1.1,0.1,1,135
36,95,2,9,4.2,1,0.3,0,0.3,4.2,0.3,3.3,541.2
36,66,1,10,3.9,0.6,0.3,0,0.3,3.9,0.3,3.9,474.4
36,74,1,3,1,0.1,0.1,0,0,1,0,1,122.9
36,34,1,6.5,3.5,1.7,0,0.1,0.3,3.4,0.8,2.3,309.1
36,83,2,4,1.8,0.6,0,0,0.2,1.8,0.6,1.6,195.2
36,39,1,2,0.8,0.1,0,0,0.1,0.8,0.1,0.5,80.7
36,59,1,17,6.3,1.7,1,0.4,0.7,5.9,0.6,5.4,651.7
36,10,1,6.5,2.7,1.1,0.6,0,0.4,2.7,1.5,2.5,263.4
95,60,2,47,19.1,2.8,0.8,0.2,3.5,18.9,0.2,16.5,2273.2
95,51,1,38,15,5.8,1.1,0,3.6,15,3.8,10.7,1851.5
95,65,3,38,19.6,9.4,0.6,0,0,19.6,0.4,17.7,2351.8
95,59,1,12,4.1,0.6,0.6,0.2,0.4,3.9,0.2,2.8,494.6
95,64,1,13,6.5,3.5,0,0,0,6.5,0.6,5.3,623.4
95,55,2,11,4.5,1.3,0.6,0,0.4,4.5,0.1,3.9,475.5
95,54,0,19,11,7,0,0,0,11,3,11,1125
95,48,1,4,1.5,0.4,0.2,0,0,1.5,0.2,1.3,141.3
95,47,1,4,1.9,1.1,0.1,0,0,1.9,0.6,1.6,196.5
95,57,1,1,0.4,0.1,0,0,0,0.4,0.1,0.3,44
95,42,2,30,11.3,2.5,0.9,0,0.2,11.3,1.7,10.2,1110.2
95,62,0,38,15,2,1,0,2,15,0,14,2100
95,63,1,52.5,20.5,4.5,0,1,3.3,19.5,3.1,14.3,2139.3
95,53,2,25,11.9,3.7,0.6,0,1.4,11.9,1.3,11.7,1592.7
95,50,1,44,20.4,5.7,0,0,0.9,20.4,3.9,14.1,2116.9
95,56,1,8,3.3,1,0.2,0,0.2,3.3,0.7,2.7,352.3
95,61,2,59,24.5,6.8,1.6,0,1.4,24.5,1.1,20.3,2656.2
95,49,2,9,3.9,1,0.2,0,0.9,3.9,1,3.5,462.2
95,40,1,11,4.1,0.7,0.4,0,0.2,4.1,0.2,3.2,411.3
95,38,1,88,43.7,16.1,2.1,0,3,43.7,6.1,39.6,4248.3
95,90,2,19,6.8,0.9,0.5,0,0.9,6.8,0.9,5.9,934.6
95,8,1,2,0.8,0.2,0.1,0,0,0.8,0,0.5,94.1
95,86,2,123.5,47.8,10.9,3.2,0,3.6,47.8,3.6,36.9,4915.4
95,79,1,3,1.5,0.8,0.1,0.4,0.1,1.1,0.2,1.2,158.6
95,67,0,149.5,53,10,3,1,1,52,1,36,5450
95,68,2,41,15,3.8,1.5,0,0.3,15,1.3,13,1725.1
95,93,2,9,4,1.4,0.3,0.2,0.3,3.8,0.4,2.8,555.4
95,33,1,17,6.9,2.2,0.7,0,1.1,6.9,0.7,6.1,621.4
95,9,3,35,11.8,2.9,2.3,0,1.6,11.8,1.6,7.4,1287.7
95,45,2,7,3,0.8,0,0,0,3,0.5,2.1,352.7
95,94,4,44.5,15.7,2.6,1.7,0.6,1,15.1,1.1,14.5,2100.4
95,96,2,205.5,82.1,13.5,4.5,1.7,2.9,80.4,3,73.2,9259
95,69,2,12,4.7,1.2,0.8,0,0.4,4.7,0.5,3.7,519.8
95,101,0,554,255,68,12,0,23,255,20,232,24252
95,27,2,3,1.1,0.2,0.1,0,0,1.1,0.2,0.9,112
95,98,1,147,72.5,33.7,4,13,6,59.5,6,56.5,6534.3
95,99,0,288.5,124,31,11,4,5,120,4,111,15383
95,105,1,72,33,14.1,4.1,11.7,3.2,21.3,5,18.9,3094.9
95,102,0,322.5,149,46,6,15,6,134,5,135,17853
95,18,2,8,3,0.5,0.2,0,0.4,3,0.4,2.8,325.6
95,84,2,122.5,45.2,11.3,3,19,7,26.2,5,24.9,3746.2
95,100,0,266.5,119,40,7,31,9,88,9,91,13012
95,81,3,30,11.2,2,1,0,1.3,11.2,1.2,9.4,1329.9
95,85,0,107.5,42,11,5,24,9,18,3,12,3206
95,103,2,108,57.1,25.5,1.1,23.4,1,33.7,8.8,44.4,5350.8
95,4,3,17,7.5,1.8,0.3,1.8,0.6,5.7,0.9,5.1,815.1
95,26,1,3,1.1,0.3,0.1,0,0.1,1.1,0.4,0.8,106.3
95,39,2,3,1.1,0.2,0.1,0,0,1.1,0.1,0.9,118.5
95,77,3,60,24.9,6.2,0.7,0,1.4,24.9,2,19.8,2817
95,11,1,11,4.7,1.7,0.6,0,0.8,4.7,0.8,3,453.8
95,75,1,2,0.8,0.2,0.1,0,0.1,0.8,0.1,0.6,82.3
95,83,1,5,2.3,0.9,0.2,0.1,0.1,2.2,0.2,1.9,268.2
95,78,2,113,47,13.7,3.5,3,5.3,44,8.3,39,4739.1
95,17,2,25,9,2,1,0,1.1,9,1.4,8.3,985.6
95,7,1,26,9.8,2.2,1.6,0,0,9.8,0.5,7,958.7
95,97,0,313,155,65,7,132,30,23,11,76,11168
95,95,2,255.5,102.8,28.1,7.4,12.6,9.9,90.2,5.9,76.8,11188.4
95,14,1,3,1.2,0.3,0,0,0.1,1.2,0.1,0.9,120.1
95,92,3,10,4.4,1.4,0.4,0.2,0.3,4.2,0.4,3.1,585
95,5,2,14,6.2,1.5,0.2,1.5,0.5,4.7,0.7,4.2,671.3
95,82,2,7,3,0.9,0.1,0.1,0.2,2.9,0.1,2.5,349.7
95,66,1,12,6.3,2.9,0.3,0,0,6.3,0,5.7,787.3
95,41,2,20,7.4,1.3,0.7,0,0.3,7.4,0.5,6,743
95,44,1,3,1.6,0.6,0,0,0.2,1.6,0.2,1.5,151.2
95,12,2,4,1.7,0.6,0.2,0,0.3,1.7,0.3,1.1,165
95,25,1,2,0.9,0.3,0,0.1,0,0.8,0,0.7,93.9
95,91,1,7,3.2,1.2,0.2,0.2,0.3,3,0.4,2.2,460.1
95,71,1,1,0.4,0.1,0.1,0,0,0.4,0,0.3,41
95,24,0,48,20,5,1,0,4,20,1,13,1723
95,10,1,5,1.7,0.4,0.3,0,0.2,1.7,0.2,1,183.9
95,104,0,276,141,60,3,48,8,93,11,78,14115
95,80,1,4,2.1,1,0.1,0.5,0.1,1.6,0.3,1.5,211.5
95,1,2,21,8,1.4,0.5,0,1.2,8,1,6.6,937.5
95,37,2,30,10.7,1.9,0.9,0,0.5,10.7,0.6,9.5,1210.3
95,76,1,1,0.4,0.1,0,0,0,0.4,0,0.3,49.1
95,89,1,4,1.5,0.2,0,0.1,0.2,1.4,0,1,179.6
13,20,1,2,0.8,0.2,0,0,0.2,0.8,0.1,0.5,82.8
13,2,3,8,4.1,1.7,0,0,0.3,4.1,0.8,4,434.3
13,80,2,5,1.7,0.3,0.2,0,0.2,1.7,0.5,1.3,221
13,87,2,15.5,6.1,1.4,0.3,0.2,0.3,5.9,0.8,4.9,647.4
13,13,2,4,1.9,0.4,0,0,0,1.9,0.1,1.7,168.9
13,52,1,6,1.9,0.2,0.3,0,0.1,1.9,0.3,1.6,231.9
13,97,1,2,0.9,0.2,0.1,0,0,0.9,0.2,0.6,98.8
13,79,3,13.5,4.7,0.9,0.4,0,0.4,4.7,1.3,3.4,596.6
13,18,1,1,0.4,0.1,0,0,0,0.4,0.1,0.4,41.8
13,31,1,4,1.4,0.3,0.3,0,0.3,1.4,0.4,1.1,149.3
13,107,1,3,1.5,0.3,0,0,0.2,1.5,0.2,1.2,154.8
13,16,1,3,1.2,0.2,0.1,0,0.1,1.2,0.2,1.1,125.4
13,4,3,22,8.1,1.5,1.2,0,0,8.1,1.2,7.7,911.8
13,35,1,4,1.5,0.4,0.1,0,0.2,1.5,0.3,1.1,157.4
13,70,2,8,3.2,0.6,0.2,0,0.2,3.2,0.6,2.2,328.6
13,14,1,2,0.8,0.2,0.1,0,0.1,0.8,0.1,0.7,83.6
13,85,1,2,0.8,0.2,0,0,0.2,0.8,0.1,0.6,81.5
13,39,2,3,1.4,0.7,0.1,0,0,1.4,0.4,1,133.8
13,25,2,7,2.4,0.4,0.3,0,0.3,2.4,0.5,1.9,256.2
13,86,2,6,2.4,0.5,0.1,0.1,0.3,2.3,0.3,1.9,248.6
13,74,2,7,2.8,1,0.4,0,0.1,2.8,0.1,2.2,271.1
13,5,2,6,2.3,0.5,0.4,0,0,2.3,0.4,2.2,248.6
13,106,2,7,3.5,0.7,0,0,0.6,3.5,0.6,2.9,361.3
13,45,1,1,0.5,0.2,0,0,0,0.5,0,0.5,59.2
13,7,2,6,2.2,0.4,0.3,0,0,2.2,0.3,2.1,248.7
13,78,1,2,1,0.4,0,0,0,1,0,0.9,126.5
13,75,2,3,1.2,0.4,0.2,0,0,1.2,0,0.9,116.2
13,32,1,6,2.1,0.4,0.4,0,0.4,2.1,0.6,1.6,223.9
13,6,1,4,1.5,0.3,0.2,0,0,1.5,0.2,1.4,165.8
13,76,1,5,2,0.7,0.3,0,0.1,2,0.1,1.6,193.7
13,30,2,7,3,0.7,0.1,0,0.3,3,0.1,2.6,281.5
13,94,2,3,1.8,0.6,0,0,0.3,1.8,0.3,1.4,158.5
13,82,2,4,1.2,0.2,0.4,0,0,1.2,0.2,1.2,165.6
13,71,1,8,3.1,0.6,0.2,0,0.2,3.1,0.6,2.2,328.7
13,84,1,9,3.6,1,0.2,0,0.7,3.6,0.5,2.6,366.9
13,17,1,2,0.8,0.2,0.1,0,0.1,0.8,0.1,0.7,83.6
13,53,3,24,7.7,0.8,1.3,0,0.4,7.7,1.3,6.6,927.5
13,100,2,19,8.9,2.9,0.3,0,0,8.9,2.5,7,811.7
13,98,2,4,1.8,0.4,0.2,0,0,1.8,0.4,1.2,197.6
13,104,1,4,2,0.4,0,0,0.3,2,0.3,1.6,206.5
13,89,1,1,0.4,0.1,0,0,0.1,0.4,0,0.4,53.1
13,1,1,4,2.1,0.9,0,0,0.1,2.1,0.4,2,217.1
13,44,2,4,2,0.8,0,0,0,2,0.2,1.8,236.6
13,33,4,30,10.5,2.2,2.2,0,2.2,10.5,3,8.2,1119.7
13,36,1,7,2.7,0.8,0.2,0,0.3,2.7,0.5,2,275.5
13,56,1,3,1.3,0.4,0.1,0,0.1,1.3,0.1,1.1,134.1
13,29,2,4,1.8,0.4,0,0,0.2,1.8,0,1.4,160.8
13,22,1,1,0.4,0.1,0,0,0.1,0.4,0.1,0.3,47.7
13,24,1,4,1.4,0.2,0.1,0,0.1,1.4,0.3,1.1,146.4
13,0,1,1,0.5,0.2,0,0,0,0.5,0.1,0.5,54.3
13,108,2,3,1.5,0.3,0,0,0.3,1.5,0.3,1.2,154.8
13,73,1,3,1.3,0.2,0,0,0.2,1.3,0.3,1,128.9
13,93,1,2,0.9,0.3,0,0,0.1,0.9,0,0.7,106.1
13,88,2,26,10.2,2.2,0.6,0.4,0.6,9.8,1.3,8.3,1086
13,103,2,5,2,0.4,0.2,0,0.4,2,0.3,1.3,235.2
13,34,1,9.5,3.7,1,0.2,0,0.4,3.7,0.6,2.7,373.9
13,23,2,8,3.2,0.8,0.2,0.2,0.4,3,0.4,2.6,381.8
76,38,3,23.5,10.9,5.4,0.7,0,0.7,10.9,2,8.9,1234.9
76,9,1,3,1.2,0.2,0.1,0,0.1,1.2,0.3,1.1,155.1
76,16,1,12,5.3,1.6,0.2,0,0.5,5.3,0.8,4.5,512.7
76,18,2,4,1.3,0.1,0.1,0,0.1,1.3,0,1.3,176.5
76,51,3,15,5.8,0.8,0.3,0,0.3,5.8,0.4,4.3,620.3
76,22,2,5,2.1,0.6,0.1,0,0.4,2.1,0.4,2,221.6
76,17,1,3,1,0.1,0.1,0,0.1,1,0,1,132.4
76,60,2,16,8,3.2,0.3,0,0.3,8,1.1,5.5,1008.3
76,20,2,16.5,7,2,0,0,1,7,1.3,5.6,658.3
76,54,3,7,2.9,0.4,0,0,0.6,2.9,0.4,2.1,314.4
76,45,0,189.5,89,35,4,9,5,80,7,70,10247
76,21,3,55.5,26,9.6,0.4,0,4.1,26,3.3,17.8,2627.6
76,43,0,251.5,150,80,1,87,21,63,23,65,11728
76,64,1,58,21.2,4.7,2.4,0,0.2,21.2,2.8,17.4,2309
76,44,0,281.5,144,60,7,49,14,95,12,95,12992
76,35,1,3,1.2,0.4,0,0,0.2,1.2,0.2,0.9,119.9
76,34,3,23.5,9.7,3,0,0,1.3,9.7,1.3,7.2,939.1
76,15,1,90,45.4,22.2,3.3,1,3.7,44.4,7.2,38.4,4524.3
76,63,1,6,3,1.2,0.1,0,0.1,3,0.4,2,378.1
76,67,0,234,93,19,5,2,5,91,4,82,9514
76,68,2,48,16.8,3,2.7,0,0.4,16.8,1,16.1,2105
76,40,2,29.5,10.9,2.6,1.5,0,0.6,10.9,0.9,10.3,1179.1
76,46,2,6,2.3,0.8,0.3,0.5,0.2,1.8,0.2,1.3,268.9
76,2,1,4,1.8,0.6,0.1,0,0,1.8,0.2,1.6,178.4
76,47,2,6,2.3,0.8,0.3,0.6,0,1.7,0.3,1,292
76,0,1,2,0.9,0.3,0,0,0,0.9,0.1,0.8,89.2
76,6,2,14,6.2,2.2,0.5,0.1,1,6.1,0.7,4.3,694.8
76,74,2,15,6.6,1.8,0.6,0,0.6,6.6,0.6,6.6,779.4
76,42,0,338,141,27,9,2,6,139,3,129,15222
76,53,2,4,1.6,0.2,0,0,0,1.6,0.2,1.2,165.4
76,65,0,42,12,3,4,0,0,12,1,11,1376
76,39,2,3,1.1,0.3,0.1,0,0,1.1,0.1,1,119.9
76,3,3,27,12.4,4,0.5,0,0,12.4,1.7,10.8,1204.2
76,19,1,2,0.9,0.2,0,0,0.1,0.9,0.2,0.7,79.8
76,72,2,11,3.6,0.3,0,0,0,3.6,0,3.3,433.4
76,62,2,4,2,0.8,0,0,0,2,0.2,1.4,252
76,24,1,13,6,1.8,0.7,0,0.7,6,0.4,4.6,680.2
76,30,1,3,1.1,0.2,0.1,0,0.1,1.1,0.2,1.1,137.3
76,25,1,8,3.7,1.1,0.4,0,0.4,3.7,0.2,2.8,418.6
76,58,2,7,2.4,0.5,0.4,0,0,2.4,0.2,2.1,263
76,48,1,4,1.5,0.5,0.2,0.4,0,1.1,0.2,0.7,194.7
76,61,2,5,2.5,1,0.1,0,0.1,2.5,0.4,1.7,315.1
76,33,2,30,11.4,1.7,0.9,0,1.3,11.4,1.7,11.1,1373
76,37,1,2,0.9,0.5,0.1,0,0.1,0.9,0.2,0.8,105.1
76,52,3,14,5.5,0.8,0.2,0,0.2,5.5,0.4,4.1,578.9
76,14,2,75.5,33.4,8.9,2.7,0,3.5,33.4,6.6,26.2,3206.3
76,41,2,101,37.3,8.5,1.6,0,2.3,37.3,1.5,32.7,4159.5
76,26,1,6,2.8,0.8,0,0,0.2,2.8,0.2,2,272.2
76,36,1,10,4.1,1.3,0,0,0.5,4.1,0.5,3.1,399.6
76,66,0,164,74,27,3,12,7,62,14,55,7481
76,10,1,4,1.6,0.2,0.1,0,0.1,1.6,0.3,1.5,206.8
76,7,1,1,0.4,0.1,0,0,0.1,0.4,0.1,0.3,46.8
76,88,2,10,4.6,1.6,0.1,0,0.6,4.6,0.4,3.4,500.5
76,89,2,8,3.5,0.7,0,0.1,0.1,3.4,0.1,3.3,400.3
76,79,0,533.5,306,168,6,204,41,102,33,137,23519
76,81,2,32,13,2.4,1,0.1,1.3,12.9,2,11.3,1341
76,93,0,724,418,228,14,248,65,170,87,129,31372
76,92,0,406,193,64,9,34,30,159,29,106,17600
76,85,2,6,2.8,1,0.2,0,0.2,2.8,0.4,2.6,324.8
76,84,1,19,8.7,3.5,0.8,0,0.8,8.7,1,7.9,1028.6
76,83,2,8,3.2,0.8,0.2,0,0.3,3.2,0.3,2.7,334.6
76,90,0,107.5,46,7,2,0,7,46,1,37,5044
76,78,0,390.5,238,128,3,141,16,97,21,124,17922
76,82,3,24,9.7,2.4,0.7,0.1,0.9,9.6,0.9,8.1,1003.9
76,94,0,345,215,122,3,117,26,98,46,93,15774
76,77,2,72.5,41.3,20,0,7,5.6,34.3,7.2,21.8,3226.8
76,80,0,479,253,123,8,143,29,110,28,137,20082
76,95,0,171,93,41,3,16,7,77,7,79,9716
76,86,2,27.5,12.9,4.5,0.3,0,1.6,12.9,1,9.3,1376.2
76,96,1,4,1.5,0.2,0.2,0.2,0.1,1.3,0.1,1,207.6
76,91,1,271,143.1,65.6,6,34.1,9.1,109,17.1,76.9,12236.3
76,87,1,5,2.3,0.8,0.1,0,0.3,2.3,0.2,1.7,250.2
12,44,4,18,9.2,3.5,0,0,0.7,9.2,1.9,6.9,888.9
12,80,2,13,4.3,1.2,0.8,0,0.4,4.3,0.4,3.9,489.7
12,31,4,13.5,5.9,1.1,0,0,0.8,5.9,0.9,4.1,555.8
12,56,2,45,17.1,3.9,1.5,0,0.1,17.1,1.9,15.1,1818.6
12,97,1,3,1.6,0.6,0,0,0.2,1.6,0.1,1.3,146.4
12,79,2,6,2,0.6,0.4,0,0.2,2,0.2,1.8,226
12,43,2,5,1.9,0.5,0.1,0,0.3,1.9,0.3,1.6,183.4
12,89,2,17,7.5,2.5,0.3,1.4,0.3,6.1,0.3,5.6,730.7
12,17,2,3,1.5,0.6,0.1,0,0.3,1.5,0.4,0.9,143.7
12,81,1,8,2.7,0.7,0.5,0,0.2,2.7,0.2,2.4,301.3
12,57,2,22,9.2,3.5,0.9,0,0,9.2,1.3,7.9,916.1
12,18,1,4,1.9,0.8,0.1,0,0.4,1.9,0.5,1.3,191.6
12,107,3,81,39.7,15.4,1.4,1.3,3.8,38.4,2.5,32.7,3896.7
12,14,1,1,0.5,0.2,0,0,0.1,0.5,0.1,0.3,47.9
12,46,1,5,2.6,1,0,0,0.2,2.6,0.5,1.9,246.9
12,39,1,1,0.6,0.3,0,0,0,0.6,0,0.4,55.6
12,21,2,16,6.4,3,0.8,0,0,6.4,0.5,5.1,604.8
12,25,1,9,3.3,1,0.4,0,0.2,3.3,0.4,2.6,302.3
12,74,2,28,10.3,2.4,0.7,0.2,0,10.1,2.1,8.8,1089.3
12,104,1,4,1.8,0.4,0,0,0.3,1.8,0.1,1.1,182.9
12,106,2,31,14.9,6.5,0.3,0.7,0.6,14.2,1.6,11.8,1551
12,45,2,9,4.6,1.7,0,0,0.4,4.6,0.9,3.5,444.5
12,0,2,5,2.5,1.1,0,0,0.1,2.5,0.7,2.4,254.1
12,13,1,2,0.9,0.3,0.1,0,0.2,0.9,0.2,0.8,91.8
12,94,2,4,1.6,0.4,0.1,0,0,1.6,0,0.9,158.5
12,7,2,3,1.5,0.7,0,0.3,0,1.2,0,1.2,133.8
12,75,1,110,46,14,2.3,4.1,3,41.9,6.8,33.4,4603.9
12,84,2,8,3.2,0.4,0.2,0.6,0,2.6,0,2.4,312.4
12,32,2,4,1.7,0.5,0.1,0,0.1,1.7,0.1,1.5,202.3
12,36,1,2,0.7,0.1,0.1,0,0,0.7,0,0.7,83.6
12,12,1,6,2.8,0.9,0.3,0,0.5,2.8,0.7,2.3,275.5
12,6,1,3,1.5,0.8,0.1,0.2,0.1,1.3,0.1,1.2,133.8
12,30,1,3,1.3,0.2,0,0,0.2,1.3,0.3,0.9,115.5
12,76,0,32.5,15,7,2,4,2,11,5,6,1108
12,87,1,7,2.8,0.4,0.2,0.4,0,2.4,0,2.1,273.4
12,38,1,1,0.3,0.1,0,0,0,0.3,0,0.3,41.8
12,96,1,4,2.1,0.8,0,0,0.3,2.1,0.1,1.7,195.2
12,71,1,3,1.1,0.1,0.1,0,0.2,1.1,0.1,1,125.8
12,88,1,3,1.2,0.2,0.1,0.2,0,1,0,0.9,117.2
12,100,3,11,5.7,1.9,0,0,1.5,5.7,0.9,3.3,545.6
12,65,2,7,2.8,0.5,0.2,0,0.2,2.8,0.5,2,287.6
12,23,1,5,2.1,1,0.3,0,0,2.1,0.1,1.7,184.4
12,101,3,8,4,1.4,0.1,0,0.5,4,0.6,2.8,385.9
12,58,1,2,0.8,0.3,0.1,0,0,0.8,0.1,0.7,83.3
12,85,1,2,0.8,0.1,0.1,0.1,0,0.7,0,0.6,78.1
12,98,2,9.5,5,2,0,0,0.7,5,0.3,4,463.6
12,72,1,1,0.5,0.2,0,0,0,0.5,0,0.4,53
12,99,1,4,2.1,0.7,0,0,0.5,2.1,0.3,1.2,198.4
12,103,1,3,1.4,0.5,0.1,0,0,1.4,0.2,1.2,140.6
12,33,2,5.5,2.4,0.7,0.1,0,0.1,2.4,0.1,2,278.1
12,53,1,9,4,1.8,0.2,0.2,0,3.8,0.6,2.8,433.4
12,28,2,6,2.3,0.7,0.2,0,0.1,2.3,0.2,1.7,201.6
12,82,1,3,1.3,0.4,0.1,0,0.1,1.3,0.3,1.1,149.2
12,108,3,26,12.5,5.5,0.2,0.7,0.5,11.8,1.4,9.9,1300.9
12,22,1,4,1.6,0.8,0.2,0,0,1.6,0.1,1.3,147.5
12,109,3,14,7.3,2.6,0,0.3,0,7,0.8,5.9,523.6
12,102,4,13,6.1,2.2,0.2,0,0,6.1,0.8,5.3,609.2
12,92,2,7,3.1,1,0.1,0.6,0.1,2.5,0.1,2.4,300.9
12,83,1,2,0.9,0.3,0,0,0,0.9,0.2,0.7,99.5
12,70,1,4,1.4,0.1,0.1,0,0.2,1.4,0.1,1.3,167.8
12,3,1,5,2,0.8,0.1,0,0,2,0.2,1.8,205.4
22,39,1,2,1,0.4,0,0.1,0.1,0.9,0.2,0.7,122.8
22,28,2,11,4.1,0.3,0,0,0,4.1,0.6,4.1,380.9
22,80,3,10,3.6,1.1,0.8,0,0.3,3.6,0.8,3,433.6
22,20,1,2,0.9,0.3,0.1,0,0.1,0.9,0.2,0.8,90.1
22,43,2,10.5,4.1,0.9,0.4,0.3,0.2,3.8,0.4,3.5,466.3
22,8,3,7,2.8,0.8,0.5,0,0.2,2.8,0.5,1.6,291
22,12,2,9,4.5,2.1,0.4,0,0,4.5,0.6,4.3,440.1
22,44,3,23,7.4,0.7,1.3,0,0,7.4,0.7,5.4,844.9
22,70,3,28,12.9,3.3,0.5,0.3,0.3,12.6,1,12.2,1270.6
22,25,3,7,2.8,0.7,0.1,0,0.1,2.8,0.5,2.3,317.2
22,57,2,8,3.9,1.7,0.3,0,0.5,3.9,0.7,3.9,377.7
22,18,1,3,1,0.2,0.2,0,0,1,0.2,0.7,107.8
22,36,2,5.5,2,0.4,0.2,0,0.2,2,0.2,1.8,224.5
22,81,1,4,1.4,0.4,0.3,0,0.1,1.4,0.3,1.2,173.4
22,16,1,9,2.9,0.5,0.7,0,0.1,2.9,0.6,2.2,323.3
22,46,2,11,3.8,0.8,0.7,0,0.2,3.8,0.2,3,424.7
22,42,2,11,4.2,0.9,0.4,0.2,0.2,4,0.4,3.6,488.4
22,90,1,1,0.5,0.2,0,0,0.1,0.5,0,0.4,55.6
22,58,1,9,4.4,1.9,0.3,0,0.5,4.4,0.8,4.4,424.9
22,48,3,28,10,2.7,2,0,0.8,10,0.5,8.5,1111.1
22,107,2,6,2.7,0.8,0.1,0,0.2,2.7,0.3,2.7,291.5
22,74,1,3,1.4,0.4,0,0,0,1.4,0,1.3,143.4
22,19,2,5,2.2,0.7,0.2,0,0.3,2.2,0.4,2.1,225.3
22,94,2,5,1.8,0.2,0.2,0,0.3,1.8,0.2,1.7,218.4
22,104,1,2,0.9,0.3,0.1,0,0.1,0.9,0.1,0.8,133.6
22,21,2,7,3.1,1,0.3,0,0.4,3.1,0.6,2.9,315.4
22,14,1,2,0.7,0.1,0.2,0,0,0.7,0.1,0.5,71.8
22,69,3,48.5,24.6,8.1,0.6,0.2,0.2,24.4,1.8,24.1,2340.1
22,13,1,1,0.5,0.2,0,0,0,0.5,0.1,0.5,48.9
22,106,2,19,8.7,2.5,0.5,0.2,0.7,8.5,0.9,8.5,923
22,49,1,2,0.8,0.2,0,0,0.1,0.8,0.1,0.7,77.1
22,96,2,7,2.6,0.3,0.3,0,0.5,2.6,0.3,2.4,305.7
22,32,2,12,3.7,0.7,0.5,0,0.5,3.7,0.3,3.3,408.3
22,7,2,19,7.5,2.4,1.2,0,0.8,7.5,1.2,4.7,789.7
22,40,1,1,0.5,0.2,0,0.1,0,0.4,0.1,0.4,61.4
22,53,1,11,4.4,1.1,0.2,0,0.5,4.4,0.5,3.9,424
22,0,3,6,3,1.2,0,0,0,3,0.2,3,291.8
22,60,2,4,1.6,0.4,0.3,0,0,1.6,0.3,1.3,170.7
22,26,1,4,1.6,0.4,0.1,0,0.1,1.6,0.3,1.3,181.3
22,38,2,153,61.1,15.1,4.7,5,7.1,56.1,2.4,43.1,6093.7
22,51,1,3,1.2,0.3,0.1,0,0.1,1.2,0.1,1.1,115.6
22,45,2,7,2.2,0.2,0.4,0,0,2.2,0.2,1.7,257.2
22,47,4,33.5,12,3.3,2.4,0,0.9,12,0.5,10.1,1329.3
22,85,2,5.5,2.2,0.4,0,0,0.4,2.2,0,1.8,264.8
22,100,1,5,2.4,0.9,0.1,0,0.1,2.4,0.3,1.3,228.7
22,95,1,2,0.7,0.1,0.1,0,0.1,0.7,0.1,0.7,87.4
22,33,1,4,1.2,0.2,0.2,0,0.2,1.2,0.1,1.1,136.1
22,71,1,3,1.3,0.5,0.2,0,0.1,1.3,0.3,1.3,128.6
22,10,1,7,3.5,1.7,0.3,0,0,3.5,0.5,3.3,342.3
22,101,1,2,1.1,0.3,0,0,0,1.1,0.1,0.9,112.1
22,93,2,8,3.7,1.3,0.1,0.1,0.5,3.6,0.3,3.2,445.1
22,56,1,2,1,0.4,0.1,0,0.1,1,0.2,1,94.4
22,103,2,21,11.4,3.3,0,0,0.4,11.4,1.5,9.6,1176.7
22,92,1,2,0.9,0.3,0,0,0.1,0.9,0.1,0.8,111.3
22,82,1,1,0.4,0.1,0.1,0,0,0.4,0.1,0.3,43.4
22,86,1,2,0.8,0.1,0,0,0.1,0.8,0,0.7,96.3
22,27,1,3,1.1,0.1,0,0,0,1.1,0.2,1.1,103.9
22,108,1,4,1.8,0.5,0.1,0,0.1,1.8,0.2,1.8,194.3
22,5,1,3,1.5,0.7,0.1,0,0,1.5,0.4,1.4,144.1
22,102,0,160,68,16,3,2,4,66,10,48,6336
22,61,2,8,3.1,0.9,0.5,0,0,3.1,0.5,2.7,341.4
22,37,1,3,1.1,0.2,0.1,0,0.1,1.1,0.1,1,122.5
22,11,1,2,1,0.5,0.1,0,0,1,0.1,1,97.8
22,3,1,9,4.3,1.1,0,0,0,4.3,0.9,3.7,440.9
22,23,1,1,0.4,0.1,0,0,0.1,0.4,0.1,0.4,45.1
11,54,1,213,84.6,21.3,5.3,12,7.9,72.6,10.5,53.8,8398.1
11,28,1,5,1.9,0.6,0.2,0,0.1,1.9,0.2,1.4,168
11,43,1,6,2.2,0.5,0.2,0,0.3,2.2,0.3,2,220.1
11,89,1,2,0.9,0.3,0,0.2,0,0.7,0,0.7,86
11,1,2,7,3.5,1.6,0,0,0.2,3.5,1,3.3,355.8
11,19,1,2,0.7,0.2,0.1,0,0,0.7,0.1,0.5,81.2
11,56,2,16,6.1,1,0.4,0,0.5,6.1,1.1,4.8,644.1
11,110,1,2,1.1,0.4,0,0.1,0,1,0.1,0.8,74.8
11,79,1,5,1.7,0.5,0.3,0,0.2,1.7,0.2,1.5,188.3
11,105,2,5,2.2,0.5,0,0,0.4,2.2,0.2,1.4,228.6
11,11,1,6,2.8,0.9,0.3,0,0.5,2.8,0.7,2.3,275.5
11,81,1,1,0.3,0.1,0.1,0,0,0.3,0,0.3,37.7
11,85,2,8,3.2,0.5,0.3,0.5,0,2.7,0,2.4,312.5
11,106,2,33,16.3,4.7,1,0.1,2.2,16.2,1.2,11.6,1515.3
11,20,1,1,0.4,0.1,0,0,0,0.4,0,0.3,40.6
11,107,0,61,33,15,1,3,3,30,3,28,2679
11,14,1,5,2.4,1,0.2,0,0.5,2.4,0.6,1.6,239.5
11,13,2,8,3.7,1.2,0.4,0,0.7,3.7,0.9,3.1,367.3
11,94,1,2,0.8,0.2,0.1,0,0,0.8,0,0.5,79.3
11,7,1,12,6,3,0.3,0.9,0.3,5.1,0.3,4.8,535.2
11,75,3,57,21,5.1,1.4,0.5,0,20.5,4.1,17.7,2217.5
11,90,2,8,3.5,1.2,0.1,0.7,0.1,2.8,0.1,2.7,343.9
11,0,1,5,2.4,1.1,0,0,0.1,2.4,0.7,2.3,254.1
11,104,1,3,1.3,0.3,0,0,0.2,1.3,0.1,0.8,137.2
11,26,1,1,0.4,0.1,0,0,0,0.4,0,0.3,33.6
11,96,2,5,2.5,0.9,0,0,0.3,2.5,0.1,1.9,234.8
11,3,3,9,3.6,1.4,0.2,0,0,3.6,0.4,3.3,369.7
11,42,4,31,11.4,2.8,1.1,0,1.6,11.4,1.6,10.3,1137.2
11,39,1,3,1.8,0.9,0,0,0,1.8,0.1,1.2,166.7
11,82,1,2,0.9,0.3,0,0,0,0.9,0.2,0.7,99.5
11,4,2,4,2,0.8,0,0,0.2,2,0.4,1.6,218.4
11,32,1,19,8.5,2.7,0.4,0,0.6,8.5,0.4,6.8,960.5
11,71,3,6,2.3,0.3,0.2,0,0.3,2.3,0.1,2,262.7
11,38,1,9,3,0.5,0.3,0,0.2,3,0.2,3,376.1
11,72,2,21,10.1,4.6,0.9,0,0,10.1,0.9,8.3,1112.1
11,76,3,58,21.9,5.3,1.6,0.2,0.9,21.7,4.9,20.3,2425.8
11,22,4,10,4,2,0.6,0,0,4,0.2,3.2,368.8
11,12,1,2,0.9,0.3,0.1,0,0.2,0.9,0.2,0.8,91.8
11,65,1,1,0.4,0.1,0,0,0,0.4,0.1,0.3,41.1
11,41,1,1,0.4,0.1,0,0,0.1,0.4,0.1,0.3,36.7
11,97,1,2,1.1,0.4,0,0,0.1,1.1,0.1,0.8,97.6
11,101,1,5,2.4,0.8,0.1,0,0,2.4,0.3,2.1,234.3
11,53,1,48,21.9,9.2,1.2,3.3,1,18.6,2.7,14.4,2193.7
11,99,1,4,2.1,0.7,0,0,0.5,2.1,0.3,1.2,198.4
11,52,1,1,0.4,0.2,0,0,0,0.4,0.1,0.3,48.2
11,23,2,8,3.3,1.6,0.5,0,0,3.3,0.2,2.6,295
11,55,1,6,2.2,0.1,0.1,0,0.3,2.2,0.4,1.7,237.7
11,103,1,2,0.9,0.3,0,0,0,0.9,0.1,0.8,93.7
11,33,2,75,31.5,12,2.6,7,2,24.5,0.6,18,3316.5
11,57,1,1,0.4,0.2,0,0,0,0.4,0.1,0.4,41.6
11,108,1,8,3.9,1.7,0.1,0.2,0.1,3.7,0.4,3.1,400.3
11,25,1,5,1.9,0.6,0.2,0,0.1,1.9,0.2,1.4,168
11,34,1,6,2,0.3,0.2,0,0.1,2,0.1,2,250.7
11,95,1,3,1.2,0.3,0.1,0,0,1.2,0,0.7,118.9
11,102,1,36,16.2,3.9,0.2,0,2,16.2,2.6,13.6,1578.5
11,109,3,7,3.7,1.3,0,0.2,0,3.5,0.4,2.9,261.8
11,92,1,1,0.4,0.1,0,0.1,0,0.3,0,0.3,43
11,29,1,3,1.3,0.2,0,0,0.2,1.3,0.3,0.9,115.5
11,93,1,7,3.1,1,0.1,0.6,0.1,2.5,0.1,2.3,300.9
103,40,1,1,0.4,0.1,0,0,0,0.4,0,0.3,42.5
103,90,2,7,2.8,0.7,0,0.2,0.5,2.6,0.2,2.6,357.2
103,8,2,7,2.1,0.1,0.3,0,0,2.1,0.3,1.5,213.1
103,47,3,53,22.8,6.8,1.1,1,1.1,21.8,2.8,16.1,2319.4
103,11,2,5,1.6,0.2,0.4,0.1,0.1,1.5,0.2,1.3,160.6
103,10,2,37,11.6,1.7,2.8,1.1,1.1,10.5,1.7,9.4,1188.9
103,34,3,14,6.1,3.1,0.9,0.4,0.4,5.7,0.4,6.1,551.3
103,100,2,4,1.8,0.2,0.2,0,0.2,1.8,0.2,1.6,254.2
103,88,1,11,4.1,0.5,0.5,0,0.7,4.1,0.5,3.6,489.8
103,3,1,45,17.6,2.2,1.2,0,3.2,17.6,2.2,10.2,1904.2
103,38,2,5,2.6,1,0.2,0,0,2.6,0,2,267.6
103,99,1,3,1.3,0.2,0.1,0,0.1,1.3,0.1,1.2,190.7
103,94,2,4,1.6,0.4,0.2,0.2,0.2,1.4,0,1.4,176
103,67,1,4,1.5,0.1,0.1,0,0.1,1.5,0.2,1.4,161.6
103,57,1,104,45.4,11.6,1.3,0,3,45.4,2.6,39.9,4161.1
103,72,4,31,10.4,1.3,1.8,0,0.4,10.4,1.1,10.4,1132.6
103,106,2,30.5,12.4,1.7,0,0.8,1.2,11.6,1.7,9.9,1676.1
103,83,1,41.5,16.9,4.3,1.2,1,1,15.9,0.2,15.4,1838.7
103,64,3,20,8.5,3.1,0.6,0,0,8.5,1.2,7.3,959.4
103,17,1,52,20.9,5.5,1.4,0.1,0,20.8,3.2,19.3,2053.6
103,21,1,15,5,0.9,0.3,0,0,5,0.6,3.4,537.8
103,27,1,2,0.8,0.2,0.1,0,0,0.8,0.1,0.7,84.1
103,9,2,12,3.8,0.6,0.8,0.4,0.4,3.4,0.6,3,385.6
103,82,3,22,7.9,0.9,0.5,0,0,7.9,0.5,6.6,1060.6
103,77,4,12,4.8,0.7,0.2,0,0.5,4.8,1,3.5,475.6
103,56,2,36,16.6,5.6,0.7,0,0.7,16.6,1.6,15.4,1771.6
103,97,1,2,0.9,0.2,0.1,0,0,0.9,0,0.8,110.4
103,61,2,3,1.2,0.3,0,0,0.1,1.2,0.2,1.1,132.2
103,103,1,10,4.1,0.2,0,0,0.2,4.1,0,3.9,519.1
103,96,3,15,5.8,1.5,0.9,0.2,0.3,5.6,0.2,5.5,682.2
103,30,2,12,4.9,1.3,0.5,0,0.2,4.9,0.5,4.3,484.7
103,84,3,11,5.1,2.4,0.4,0,0.4,5.1,1.1,4.1,524.2
103,62,1,2,0.8,0.2,0,0,0.1,0.8,0.1,0.7,88.1
103,105,2,121.5,52.6,14.5,1,0.2,6.3,52.4,5.5,37,6206.6
103,93,2,2,0.8,0.2,0.2,0,0,0.8,0.2,0.6,102.8
103,19,2,21,7.4,1.3,0.8,0,0.2,7.4,0.8,6.6,737.1
103,2,1,4,1.3,0.1,0.1,0,0.2,1.3,0.2,1,142.5
103,98,1,10,4.4,1,0.4,0,0.2,4.4,0.2,3.8,551.8
103,45,1,6,2.8,1.2,0,0,0,2.8,0.4,2.2,260.8
103,29,1,13,5.3,1.4,0.5,0,0.2,5.3,0.5,4.6,525.1
103,20,4,56,19.8,3.3,2.2,0,0.6,19.8,2.2,17.6,1965.5
103,46,2,43,17.1,5.6,1.6,0,0.2,17.1,2.3,13.1,1734.7
103,73,1,10,3.3,0.4,0.6,0,0.1,3.3,0.3,3.3,365.3
103,26,4,56.5,20.3,4.6,2,0,0.4,20.3,2,16.6,2128.8
103,60,2,4,1.7,0.5,0.1,0,0.1,1.7,0.3,1.5,176.3
103,55,3,20,10,3.8,0.3,0,0.6,10,0.8,9.4,1068.9
103,49,2,27,11.9,4.1,0.9,0,1.4,11.9,2.7,10.6,1346.4
103,92,1,3,1.2,0.4,0.2,0,0.1,1.2,0.2,1,154.1
103,50,2,24,10.6,3.6,0.8,0,1.2,10.6,2.4,9.3,1196.7
103,101,4,12,5.1,0.4,0.1,0,0.3,5.1,0.1,4.8,658
103,18,1,2,0.7,0.1,0.1,0,0,0.7,0,0.6,80.9
103,74,1,4,1.6,0.6,0.2,0,0.1,1.6,0.2,1.5,187.6
103,68,0,39,15,4,2,0,3,15,2,12,1509
103,43,1,19,7.8,2.4,0.5,0,0.5,7.8,0.5,6.8,783.9
103,25,1,4,1.3,0.2,0.1,0,0,1.3,0.1,1,139.6
103,12,1,5,1.6,0.2,0.4,0.2,0.1,1.4,0.2,1.3,160.7
103,48,2,4,1.5,0.4,0.3,0,0,1.5,0.1,1.1,154
103,15,3,43,12.4,2.2,3.7,0,0.7,12.4,2.2,11,1585.9
103,4,2,5,1.7,0.2,0.3,0,0.1,1.7,0.3,1.3,181.9
103,87,1,2,0.7,0.1,0.1,0,0.1,0.7,0.1,0.7,89.1
103,58,1,7,2.4,0.4,0.2,0,0,2.4,0.4,2,255.6
103,86,1,1.5,0.6,0.1,0.1,0,0.1,0.6,0.1,0.5,66.8
103,91,1,9,3.7,1,0,0.4,0.7,3.3,0.2,3.3,459.2
103,28,1,4,1.6,0.5,0.2,0,0,1.6,0.2,1.4,168.2
103,95,1,58.5,24.1,5.1,1.6,0.1,2.3,24,1.2,24,2570.8
103,63,1,1,0.4,0.1,0,0,0,0.4,0.1,0.4,44.1
103,66,2,5,1.9,0.1,0.1,0,0.1,1.9,0.2,1.8,202
103,23,1,4,1.3,0.2,0.1,0,0,1.3,0.2,0.9,143.4
103,104,1,4,1.6,0.2,0,0.1,0.2,1.5,0.2,1.3,219.8
103,44,1,5,2.3,1,0,0,0,2.3,0.4,1.8,217.3
103,1,1,8,2.6,0.2,0.2,0,0.4,2.6,0.4,2,285.1
103,76,1,1,0.4,0.2,0.1,0,0,0.4,0.1,0.4,46.9
56,46,2,11,3.8,0.7,0.7,0,0.1,3.8,0.5,3.4,424.5
56,44,1,5,1.7,0.4,0.3,0,0,1.7,0.3,1.5,192.9
56,38,1,2,1.2,0.5,0,0,0.1,1.2,0,1.1,116.7
56,2,3,26,9.5,1.7,1,0,0.4,9.5,1.4,7.4,1036.3
56,16,1,2.5,1,0.3,0.1,0,0.1,1,0.1,0.8,110.3
56,31,2,7,2.9,0.6,0.1,0,0.5,2.9,0.2,2.6,280.2
56,17,1,4,1.6,0.4,0.1,0,0.2,1.6,0.2,1.3,176.5
56,58,2,20,8.8,2.8,0.4,2.4,0.4,6.4,1.2,4.8,811.6
56,39,1,41,16.2,1.9,0,0,1.9,16.2,0.5,12.5,1634.9
56,1,1,8,3.5,1.4,0.3,0,0.3,3.5,1,2.9,317.8
56,47,3,29,9.7,1.5,1.5,0,1,9.7,0.4,8.7,1120.3
56,69,2,7,3.1,0.5,0.3,0,0.7,3.1,0.7,2.5,346.9
56,76,1,6,2.2,0.8,0.3,0,0,2.2,0,2,214.9
56,43,2,12,4.8,0.9,0.2,0,0.2,4.8,0.6,4.2,520.2
56,67,1,2,0.8,0.2,0.1,0,0,0.8,0.1,0.8,81.2
56,28,1,45,13.6,1.1,2.1,0,2.1,13.6,1.1,11.1,1424.2
56,60,1,1,0.4,0.1,0,0,0,0.4,0,0.4,49.7
56,30,3,46,17.1,2.7,1.5,0,1.5,17.1,0.4,15.2,1795.9
56,25,1,4,1.9,0.6,0.2,0,0.2,1.9,0.6,1.8,210.1
56,36,2,8,4.6,2,0,0.1,0.6,4.5,0.2,4.2,455.6
56,42,1,4,1.6,0.3,0.1,0,0.1,1.6,0.2,1.4,173.4
56,6,1,7,3.6,1.1,0,0,0.3,3.6,0.3,3.4,345.5
56,4,1,1,0.5,0.2,0,0,0,0.5,0,0.5,49.4
56,71,1,1,0.5,0.2,0,0,0.1,0.5,0.1,0.5,56.2
56,45,3,35,11.9,2.5,2.2,0,0,11.9,1.9,10.7,1350.3
56,55,2,13,4.5,0.9,0.7,0,0.9,4.5,0.7,4,543.1
56,77,3,6,3.8,1.8,0,0,0,3.8,1,1.8,349.8
56,34,3,21,11.9,5.6,0,0.8,2.1,11.1,2.1,9.1,1108.8
56,72,1,7.5,3.8,1.3,0,0,0.4,3.8,0.8,3.4,421.7
56,15,2,10,4,1,0.2,0,0.4,4,0.4,3.3,441.2
56,70,1,5,2.2,0.4,0.2,0,0.5,2.2,0.5,1.8,247.8
56,59,2,11,4.6,1.4,0,0,0.4,4.6,0.4,4.2,546.5
56,48,2,24,8,1.4,1.4,0,0.8,8,0.4,7.2,927.2
56,80,1,2,1.1,0.6,0.1,0.1,0.1,1,0.1,0.7,160.6
56,3,2,3,1.1,0.2,0.1,0,0,1.1,0.2,0.9,119.6
56,65,2,5,2,0.6,0.2,0.1,0,1.9,0.2,2,202.9
56,61,1,7,2.9,0.9,0,0,0.2,2.9,0.2,2.7,347.7
56,63,1,2,0.8,0.3,0,0,0.1,0.8,0.2,0.6,85.2
56,37,2,7,4.1,1.7,0,0,0.5,4.1,0,3.8,408.3
56,64,1,2,0.8,0.2,0.1,0,0,0.8,0.1,0.8,81.2
56,29,0,166,60,13,7,1,4,59,5,42,5718
56,52,2,10,3.5,0.3,0.3,0,0,3.5,0,2.4,386.5
56,27,2,8,4.3,1.7,0.3,0,0.3,4.3,0.3,3.3,403.6
56,41,1,7,2.9,0.6,0,0,0.6,2.9,0.3,2.5,324
56,68,3,12,5,1.4,0.3,0.4,0.2,4.6,0.3,4.6,487
56,40,1,2,0.8,0.2,0,0,0.2,0.8,0.1,0.7,92.6
56,53,1,5,1.8,0.1,0.1,0,0,1.8,0,1.2,193.2
56,11,1,3,1,0.1,0.1,0,0.1,1,0.1,0.9,111.3
56,14,1,2,0.8,0.2,0,0,0.1,0.8,0.1,0.6,88.2
56,10,2,10,3.4,0.5,0.2,0,0.5,3.4,0.2,3,370.9
56,23,2,27,8.7,2,1.8,0,0,8.7,0.6,8.4,1034.7
20,20,1,6,2.9,1.2,0,0,0.2,2.9,0.7,2.2,304.3
20,91,1,2,0.9,0.3,0,0,0.1,0.9,0.1,0.8,111.3
20,78,1,1,0.4,0.1,0.1,0,0.1,0.4,0.1,0.3,36
20,39,2,15,5.9,2,0.7,0.4,0.3,5.5,0.2,5.2,710.2
20,16,2,12,4,0.6,1,0,0.1,4,0.8,3,431
20,25,3,17,6.9,1.9,0.4,0,0.4,6.9,1.3,5.7,770.3
20,89,2,3,1.4,0.5,0,0,0.2,1.4,0.1,1.2,166.9
20,6,2,4,2,0.9,0.1,0,0,2,0.5,1.9,192.1
20,87,4,11,4.3,0.9,0.1,0,0.5,4.3,0.4,3.6,514.6
20,81,1,4,1.4,0.4,0.3,0,0.1,1.4,0.3,1.2,173.4
20,80,3,22,10.7,5.5,0.8,3.1,0.3,7.6,1.7,6.2,1041.2
20,58,1,9,4.4,1.9,0.3,0,0.5,4.4,0.8,4.4,424.9
20,86,3,13,4.8,1.2,0.3,0,0.2,4.8,0.5,4.3,561.7
20,54,2,25,9.7,1.9,0.6,0,0.6,9.7,0.8,8.7,1083.5
20,48,2,4,1.7,0.7,0.3,0,0,1.7,0.1,1.2,181.1
20,11,1,7,2.5,0.8,0.4,0,0,2.5,0.4,2.1,282.5
20,105,1,4,1.9,0.6,0.1,0.1,0.1,1.8,0.1,1.5,267.2
20,59,1,22,8.5,2.4,1.2,0,0,8.5,1.5,7.5,938.8
20,70,1,5,2.3,0.6,0.1,0.1,0.1,2.2,0.2,2.2,226.9
20,21,2,8,3.7,1.2,0.2,0,0.4,3.7,0.7,3.2,371.7
20,107,4,33,16.7,6.3,0.7,0.9,1.3,15.8,1,15.6,1786.5
20,74,1,3,1.4,0.4,0,0,0,1.4,0,1.3,143.4
20,5,2,6,3,1.5,0.1,0,0,3,0.9,2.8,288.1
20,96,3,8,3.2,0.6,0.3,0,0.4,3.2,0.6,3.1,373.8
20,55,2,12,4.7,1.1,0.3,0,0.2,4.7,0.5,4.3,544.5
20,1,2,6,2.9,0.7,0,0,0,2.9,0.6,2.5,294
20,49,1,1,0.4,0.1,0,0,0,0.4,0,0.4,38.5
20,13,1,1,0.5,0.2,0,0,0,0.5,0.1,0.5,48.9
20,40,2,113,55.4,21.1,3.1,13.6,6.1,41.8,13,28.7,5750.1
20,4,1,6,3.1,1.5,0.1,0,0,3.1,0.9,2.8,288.1
20,3,2,7,3.4,0.8,0,0,0,3.4,0.7,2.9,343
20,73,3,30,12.5,4.1,1.1,0,0.8,12.5,1.8,11.9,1300.6
20,84,1,2,0.7,0.2,0,0,0,0.7,0,0.7,84
20,75,2,10,4.6,1.4,0,0,0,4.6,0,4.3,477.9
20,60,3,12,4.7,1.3,0.7,0,0,4.7,0.8,4.1,512.1
20,77,1,15,5.4,1.2,0.8,0,0.8,5.4,1.9,4.6,539.6
20,47,1,2,0.9,0.4,0.1,0,0,0.9,0.1,0.6,94.3
20,72,2,16,6.5,2.1,0.4,0,0.4,6.5,0.7,6.2,696.7
20,101,1,2,0.9,0.4,0.1,0,0,0.9,0.2,0.7,88
20,33,1,3,1.1,0.4,0.2,0,0.1,1.1,0.3,1.1,113
20,12,1,4,1.4,0.4,0.2,0,0,1.4,0.2,1.2,161.4
20,90,1,5,2.3,0.8,0.1,0.1,0.3,2.2,0.2,2,278.2
20,106,2,20.5,10.6,4.2,0.4,0.5,0.7,10.1,0.4,9.1,1287.5
20,92,3,4,1.9,0.7,0,0,0.3,1.9,0.1,1.6,222.5
20,27,1,2,0.8,0.1,0,0,0,0.8,0.1,0.8,69.2
20,26,1,4,1.5,0.1,0,0,0,1.5,0.2,1.5,138.5
20,102,1,4,1.9,0.8,0.2,0.1,0.1,1.8,0.3,1.4,176
20,46,1,4,1.8,0.8,0.2,0,0,1.8,0.2,1.2,188.6
127,35,2,9,2.7,0.4,0.4,0,0.2,2.7,0.7,2.2,327
127,48,2,11.5,3.6,0.8,0.4,0,0.4,3.6,1,3,374
127,51,3,15,6,1.7,0.5,0,1,6,1.5,4.7,610.3
127,67,4,23,11.2,3.6,0,1.1,1,10.1,1.4,9.8,1098.4
127,47,3,32,10.1,2,1.3,0,1.3,10.1,2.7,8.1,1040.8
127,39,3,11,4.4,1.1,0.5,0,0,4.4,0,4.2,476.3
127,2,2,13,6.1,3.2,0.3,0,0,6.1,0.8,6.1,593
127,65,1,2,0.8,0.1,0.1,0,0,0.8,0,0.8,81.7
127,45,1,2,0.7,0.1,0.1,0,0.1,0.7,0.1,0.6,88.5
127,23,2,141,58.4,19.8,6,0.9,4.6,57.5,1.6,43,6138.7
127,52,1,2,0.9,0.3,0,0,0,0.9,0.1,0.6,79.1
127,8,4,36,12.6,3.6,1.3,0,0.4,12.6,1.3,11.3,1487.3
127,60,1,4,1.4,0.2,0.1,0,0.1,1.4,0.2,1.2,146.6
127,50,1,8,3,0.7,0.4,0,0.7,3,0.9,2.6,330
127,77,0,100,40,10,4,0,4,40,3,32,4285
127,78,2,36,15.4,3.1,1.5,0.8,1.5,14.6,0.8,11.5,1504.4
127,24,1,365,131.1,31.2,22,62,23,69.1,26,63.9,12244.5
127,59,3,63,21.5,3.2,2.2,0,1.1,21.5,2.6,18.9,2308.4
127,22,3,35,14.8,4.9,1.3,1.2,2.1,13.6,0.8,10.2,1619.9
127,53,2,14,6.1,2.1,0.2,0,0,6.1,0.9,4.1,553.6
127,0,1,1,0.3,0.1,0.1,0,0,0.3,0.1,0.2,43.7
127,26,1,5,1.7,0.6,0.4,0,0.1,1.7,0.5,1.2,194.4
127,29,1,4,1.9,0.6,0.1,0,0.2,1.9,0,1.5,252.9
127,38,1,22,8.7,1.3,0.3,0,0.6,8.7,2.2,7.4,960.9
127,70,3,10,5,1.7,0,0.5,0.5,4.5,0.2,4.3,486
127,33,2,5,2.4,0.7,0.1,0,0.2,2.4,0,1.9,316.1
127,3,3,33,15.5,8.1,0.7,0,0,15.5,2,15.5,1505.2
127,19,1,1,0.4,0.1,0,0,0,0.4,0.1,0.3,44.4
127,76,0,102,32,2,4,0,4,32,2,29,3496
127,61,2,16,5.5,0.8,0.5,0,0.3,5.5,0.7,4.8,586.2
127,55,1,5,1.9,0.5,0.3,0,0.1,1.9,0.1,1.7,206.1
127,6,2,20,7,2,0.8,0,0.2,7,0.7,6.3,828.1
127,18,2,13,5.4,1.1,0.3,0,0.3,5.4,0.8,5.2,611.3
127,11,4,35.5,14.8,4.9,1.8,0,0.8,14.8,1.1,8.2,1463.9
127,9,1,3,1.3,0.4,0.1,0,0.1,1.3,0.1,0.6,124.6
127,69,1,1,0.5,0.2,0,0.1,0,0.4,0,0.4,48.6
127,71,2,20,9.9,3.3,0.2,1,0.8,8.9,0.4,8.7,972.1
127,13,1,5,1.9,0.6,0.3,0,0.1,1.9,0.3,1.7,199
127,42,1,10,4.7,1.7,0,0.5,0,4.2,0.6,3.3,496.7
127,56,1,2,0.8,0.2,0.1,0,0.1,0.8,0.1,0.6,75.9
127,41,1,7,3.3,1.2,0,0.4,0,2.9,0.4,2.3,347.7
127,66,1,5,1.9,0.3,0.2,0,0,1.9,0,1.9,204.3
127,37,1,1.5,0.6,0.1,0,0,0,0.6,0.2,0.5,65.5
127,12,1,10,3.7,1.3,0.6,0,0.2,3.7,0.6,3.3,398
127,36,1,1,0.4,0.1,0,0,0,0.4,0.1,0.3,43.7
127,25,2,25,9.2,1.9,0.3,0,0.3,9.2,0,7.6,1204.4
127,1,1,10,3.4,0.6,0.6,0,0.3,3.4,0.6,2.5,436.6
127,54,2,10,3.7,1.1,0.5,0,0.1,3.7,0.3,3.5,412.3
127,58,1,1,0.4,0.1,0,0,0,0.4,0,0.3,38
127,73,1,1,0.4,0.1,0.1,0,0,0.4,0.1,0.4,41.2
30,17,2,7,3.7,2.1,0,0,0.2,3.7,1.1,3.3,411.9
30,55,1,3,1.3,0.4,0,0,0,1.3,0.2,1.1,145.5
30,18,4,9,4.2,2,0.2,0,0.2,4.2,1,3.7,466.4
30,52,4,29.5,13,3.5,0.9,0,0.7,13,2.1,12.8,1411.5
30,77,3,26,10.9,3.6,0.9,0,0,10.9,0.9,10.5,1144.5
30,79,2,11,5,1.6,0.2,0,0.5,5,0.8,4.4,531.6
30,110,1,11,5.2,1.5,0,0,0.2,5.2,0.7,4.3,581.3
30,60,2,7,3.1,0.9,0,0,0.5,3.1,0.5,2.3,396.6
30,8,3,10,4,1.3,0.5,0,0,4,1,3.3,391.8
30,25,3,52,25.1,8,1.7,2,1.3,23.1,0.7,17.9,2732.3
30,76,4,13,6,2,0.1,0,0.2,6,0.1,5.1,647.3
30,46,1,3,1.1,0.2,0.2,0,0.1,1.1,0.1,1,115.6
30,86,1,4,1.8,0.6,0.1,0,0.2,1.8,0.6,1.2,185.8
30,107,2,19,9.5,3.2,0.4,0.6,0.1,8.9,0.6,8,933.9
30,49,3,10,3.7,0.5,0.4,0,0.3,3.7,0.6,3.3,411.1
30,54,1,14.5,5.4,1,0.5,0,0.5,5.4,1,2,455.2
30,51,1,6,2.7,0.7,0.2,0,0.2,2.7,0.5,2.7,283.6
30,88,1,1,0.4,0.1,0,0,0,0.4,0,0.3,45.8
30,13,2,15,6.1,2,0.3,1.1,0.6,5,0.7,4.5,681.7
30,32,1,10,3.5,0.4,0.2,0,0.2,3.5,0.2,2.9,386.1
30,72,2,4,1.5,0.5,0.2,0,0.1,1.5,0.3,1.3,177.7
30,89,3,9,4.8,2,0.2,0,0,4.8,0.2,4.6,484.4
30,37,1,2,1,0.4,0.1,0,0,1,0.2,0.7,90.4
30,4,1,6,2.4,0.2,0,0,0,2.4,0.2,2.2,284.6
30,104,1,2,0.8,0.2,0,0,0,0.8,0,0.6,83.3
30,7,1,2,0.8,0.3,0.1,0,0,0.8,0.2,0.7,78.4
30,68,2,15,5.3,0.5,0.5,0,0,5.3,0,5.3,665.3
30,21,1,5,1.9,0.5,0.2,0,0.1,1.9,0,1.4,187.2
30,102,4,39,18.7,5.5,0.4,0.2,1.3,18.5,1.5,16.6,1967.3
30,15,1,4,1.9,0.6,0,0,0,1.9,0,1.7,219.3
30,26,2,15,6.9,1.4,0.5,0,0.9,6.9,0.5,5.4,734.1
30,19,1,8,3,0.8,0.3,0,0.1,3,0,2.3,299.5
30,10,1,1,0.4,0.1,0,0,0,0.4,0,0.4,46.5
30,47,1,4,1.5,0.3,0.2,0,0.1,1.5,0.2,1.4,154.2
30,23,2,10,3.8,0.5,0.3,0,0.3,3.8,0.2,3.2,436.5
30,96,1,6,2.7,0.6,0.1,0.1,0.4,2.6,0.2,2.4,267
30,11,1,70,22.9,5.8,2.2,0.6,4.2,22.3,2.4,19.6,2489
30,36,1,9.5,4.8,1.6,0.3,0,1,4.8,1.3,4.2,388.1
30,24,1,2,1,0.2,0,0,0.1,1,0,0.7,99.8
30,40,1,1,0.4,0.1,0,0,0,0.4,0.1,0.4,41.6
30,85,1,1,0.4,0.1,0,0,0.1,0.4,0.1,0.3,46.4
30,53,3,19,8.4,1.8,0.6,0,0.1,8.4,0.7,7.8,970.5
30,108,3,69.5,37.6,16.4,1.1,1.7,2.3,35.9,2.6,30.6,3779.6
30,45,1,1,0.4,0.1,0.1,0,0,0.4,0,0.3,38.5
30,97,1,2,0.9,0.2,0,0,0.1,0.9,0.1,0.8,89
30,64,2,34,12.7,1.4,1,0,1.4,12.7,1,11.2,1578.1
30,14,1,1,0.5,0.1,0,0,0,0.5,0,0.4,54.8
30,83,1,4,1.6,0.4,0.1,0,0.1,1.6,0.3,1.5,160.2
30,66,1,1,0.4,0,0,0,0,0.4,0,0.4,44.4
30,106,3,18,7.9,2.4,0.4,0.2,0.1,7.7,0.5,6.2,801
30,101,1,7,3.3,1.1,0.1,0,0.2,3.3,0.2,3,323.3
30,57,1,1,0.4,0.1,0,0,0,0.4,0.1,0.4,48.5
30,12,1,29,11.4,3.3,0.6,2.1,1.2,9.3,1.2,8.7,1314
30,90,1,5,2.7,1.1,0.1,0,0,2.7,0,2.6,279.6
30,82,1,2,0.8,0.2,0,0,0,0.8,0.1,0.8,80.1
30,109,3,10,4.7,1.5,0,0,0.2,4.7,0.6,4,533.5
30,50,2,18,6.4,0.6,0.6,0,0.8,6.4,0.9,6,740.1
30,103,3,12,5.8,1.8,0.1,0,0.4,5.8,0.4,5.2,564.7
30,92,1,4,1.9,0.7,0.1,0,0.1,1.9,0.2,1.7,189.8
30,91,1,2,1,0.4,0.1,0.1,0.1,0.9,0.1,0.6,94.5
30,93,1,1,0.5,0.2,0,0,0,0.5,0.1,0.4,47.4
69,2,2,9,3.4,0.7,0.3,0,0.6,3.4,1,2.7,379.2
69,22,2,17,6.3,1.4,0.7,0.7,0.7,5.6,1,5.2,606.1
69,64,3,17,7.3,2.4,0.6,0.1,0.2,7.2,1,6.1,781.3
69,48,2,19,7.4,1.3,0.7,0.6,1,6.8,0.9,4.9,779.2
69,16,3,59,24.5,6.9,2.9,0.2,1.9,24.3,3.9,17.6,2626.9
69,46,2,8,3.2,0.8,0.3,0.5,0.3,2.7,0.3,2.4,364.7
69,51,1,5,2.3,0.8,0.2,0,0.1,2.3,0.3,1.4,274.8
69,17,2,68,32.1,10,1.1,0.1,2.4,32,5.5,28.4,3017.8
69,5,2,5,1.8,0.2,0.1,0,0,1.8,0.1,1.6,207.6
69,35,4,48,18.9,4.3,1.6,0,1.6,18.9,0.5,16.8,2086.7
69,44,1,212.5,96.8,36.7,4.2,31.4,8.3,65.4,18.3,40.1,7671.1
69,65,2,81,35.7,13,2.7,0.3,0.7,35.4,4.3,31.4,3784
69,15,2,15,6.2,2.5,1,0,0.3,6.2,1.2,4.4,751.5
69,9,1,1,0.5,0.2,0,0,0,0.5,0.1,0.4,53
69,20,2,19,6.7,0.4,0.4,0,0.7,6.7,0,5.7,732.3
69,45,1,180.5,89.5,43.1,7.3,36.7,6.4,52.8,13.4,56.2,7827.4
69,43,1,87,49.6,23.7,1.4,23.2,2.4,26.4,2.2,27.6,4468.5
69,36,2,5,1.7,0.3,0.1,0,0.2,1.7,0.2,1.4,189.2
69,33,1,14,5.5,1.7,0.4,0,0,5.5,0,5.1,551.9
69,32,1,43,17.6,4.5,1.1,0,4,17.6,2,14.5,1873.7
69,27,1,2,0.9,0.2,0,0,0.1,0.9,0.1,0.7,85.7
69,67,1,3,1.1,0.2,0.1,0,0,1.1,0,1,127.5
69,39,1,108,36.8,5.3,5.1,0,0.7,36.8,0.7,30.3,4349.2
69,63,1,2,1,0.5,0.1,0,0,1,0.1,0.9,107.2
69,28,4,38,16.6,3.3,0.5,0,1.6,16.6,1.6,12.9,1627.7
69,47,3,22,8.5,1.6,0.9,0.6,1.2,7.9,1,5.7,902.2
69,21,2,12,4.4,0.8,0.5,0.4,0.5,4,0.6,3.7,436.5
69,19,3,17,6,0.3,0.3,0,0.6,6,0,5.1,655.3
69,71,1,4,1.6,0.4,0.1,0,0.2,1.6,0.1,1.2,176.8
69,7,2,16,8.2,3.9,1,0,0.5,8.2,1.5,7.8,812.6
69,24,1,1,0.4,0.1,0,0,0,0.4,0,0.4,46.8
69,18,1,1,0.4,0.1,0,0,0,0.4,0.1,0.3,40.7
69,30,4,20,8,1.5,0,0,0.5,8,0,7.5,963
69,60,1,3,1.1,0.3,0.1,0,0.2,1.1,0,1,125.1
69,49,2,10,4.5,1.7,0.3,0,0.2,4.5,0.7,2.9,549.7
69,42,3,63.5,30.7,10,0.3,0.2,3.7,30.5,2.5,24.5,3239
69,61,2,5,2,0.5,0.2,0,0.2,2,0.1,1.7,220.4
69,56,1,4,1.4,0.1,0.1,0,0.2,1.4,0.3,1.3,156.2
69,40,1,192,82.9,25.3,7.1,0,18.1,82.9,14.1,3.7,6160.4
69,50,1,11,5,1.9,0.4,0,0.2,5,0.7,3.2,604.6
69,25,1,2,0.8,0.3,0.1,0,0,0.8,0,0.8,93.6
69,76,1,2,1,0.3,0,0,0.3,1,0.2,1,144.4
69,37,1,4,1.3,0.2,0.1,0,0.2,1.3,0.2,1.1,145.7
69,1,1,4,1.5,0.3,0.2,0,0.2,1.5,0.5,1.2,168.5
69,41,1,2,0.9,0.3,0,0,0.2,0.9,0.1,0.7,98.7
69,66,2,39,16.6,4.3,2.4,0.1,0.1,16.5,0.4,15.8,1827.2
69,78,1,2,1,0.3,0,0,0.3,1,0.2,1,144.4
69,53,1,5,2.2,0.8,0,0,0.1,2.2,0.1,2.1,286.9
69,3,1,2,0.7,0.2,0.1,0,0.1,0.7,0.2,0.6,84.3
69,6,1,2,1,0.5,0.1,0,0.1,1,0.2,1,101.6
69,85,1,14,5.7,1.3,0,0,0.5,5.7,0.7,5.4,562.5
69,93,2,6,2.6,0.6,0,0,0.2,2.6,0.2,2.4,291.8
69,81,2,6,2.7,0.7,0.1,0,0.5,2.7,0.2,2.3,391.2
69,83,1,5,2.3,0.5,0.1,0,0.5,2.3,0.3,1.9,353.3
69,84,1,36,17.5,6,0,1,0.4,16.5,1.6,15.2,1736
69,96,1,115.5,71.8,40.4,3,35,8,36.8,10,45,6371.4
69,94,1,167.5,81.4,30.9,3,15,11,66.4,8,43,6712.1
69,91,2,74,27.3,4.7,2.2,0.4,1.7,26.9,1.8,22.6,2923.8
69,82,1,1,0.5,0.1,0,0,0.1,0.5,0.1,0.4,70.7
69,97,4,27,14.2,7,0.7,2.1,1.1,12.1,1.7,12.1,2111.2
69,90,1,9,4,0.9,0.1,0.2,0.5,3.8,0.2,2.7,420.6
69,86,1,8,3.5,0.8,0.4,0,0.5,3.5,0.7,3.3,446.6
69,92,0,81.5,32,5,2,0,3,32,5,26,3964
69,98,2,13,6.9,3.3,0.4,1.1,0.5,5.8,0.8,5.8,1016.5
69,95,0,233,118,43,3,0,10,118,12,78,11257
44,79,2,27,11.9,2.5,0.3,0.3,1.1,11.6,1.8,10,1276.6
44,44,2,4,2,0.8,0.2,0.4,0.4,1.6,0.4,1.4,226.6
44,56,2,21,9.8,3.8,0.6,0,1.7,9.8,2,6.2,944.3
44,38,3,16.5,7,1.7,0,0,0,7,0.9,5.4,736.9
44,46,1,2,1,0.4,0.1,0.2,0.2,0.8,0.2,0.7,113.3
44,2,2,51,16.6,2.9,2.1,0.1,0.1,16.5,2.4,16.2,1859.4
44,22,1,4,1.5,0.5,0.2,0.1,0.1,1.4,0.1,1.5,184.4
44,20,2,6,2.4,0.6,0.2,0,0.2,2.4,0.4,2.4,273.2
44,88,1,2,0.8,0.2,0,0,0.1,0.8,0,0.7,106.2
44,8,2,10,4.7,1,0,0,0.2,4.7,0,4.4,576.8
44,69,4,16,6.6,1.8,0.4,0,0,6.6,0.6,6.4,753
44,16,2,11,4.4,1.2,0.2,0,0.2,4.4,0.7,4,496.2
44,47,1,1,0.4,0.1,0,0,0,0.4,0,0.2,49.2
44,102,4,34,19.7,8.4,0.3,4.4,1.4,15.3,2.9,17.9,2050.2
44,33,2,11,4.7,1.9,0.7,0,0.5,4.7,1.1,4.1,541.2
44,39,2,30,14.6,4.3,0.9,0,0.9,14.6,1.7,11.1,1239.4
44,52,1,1,0.3,0,0.1,0,0,0.3,0,0.2,35.6
44,57,2,9,4.1,1,0,0,0.6,4.1,0.2,3.3,424.5
44,75,1,40,20,8.4,1.2,7,1.9,13,3.3,10.1,1764.3
44,60,2,2,1.2,0.4,0,0.2,0.2,1,0,1,90.8
44,31,2,12,5.2,2.2,0.8,0,0.6,5.2,1.2,4.4,590.4
44,91,2,19,8.6,2.3,0.3,0,0.3,8.6,1.4,7.5,994.3
44,0,3,60.5,22.2,4.5,3.3,0.7,1.1,21.5,4.7,16.1,2459.3
44,37,2,8,3.5,0.8,0,0,0,3.5,0.4,2.7,357.2
44,87,1,2,0.8,0.2,0,0,0.1,0.8,0,0.7,106.2
44,19,2,123,58.8,18.5,0.7,1,11.4,57.8,9.7,37.8,5851.4
44,6,1,1,0.4,0.1,0,0,0,0.4,0.1,0.3,42.9
44,1,1,2,0.9,0.3,0,0.1,0,0.8,0.1,0.7,96.5
44,84,2,43,18.3,4.7,0.8,0,1.7,18.3,2.5,15.5,2052.3
44,32,2,13,5.6,2.3,0.7,0,0.6,5.6,1.3,4.8,639.6
44,4,2,9,3.5,0.9,0.4,0,0,3.5,0.6,2.8,386.4
44,49,1,10,4.3,1.9,0.8,0,0.5,4.3,0.8,3.5,478.6
44,14,1,2,0.8,0.2,0,0,0,0.8,0.1,0.7,93.3
44,51,4,34,13.7,5.3,2.7,0,1.6,13.7,2.5,11,1529.3
44,67,1,261.5,100.3,29,8.7,4.5,15.4,95.8,11.7,61.2,9463.8
44,76,1,3,1.4,0.5,0,0,0.2,1.4,0.3,0.8,137.7
44,95,3,13,6.3,1.8,0.2,1.1,0,5.2,0.4,5.4,779.2
44,54,1,1.5,0.7,0.3,0.1,0,0.1,0.7,0.2,0.4,65.8
44,96,3,18,10.6,5.1,0.2,1.6,0,9,1.4,9.2,1463
44,21,1,4,1.5,0.5,0.2,0.1,0.1,1.4,0.1,1.5,184.4
44,85,1,140,54.9,10.1,4.6,3,2.5,51.9,1.3,45.3,5981.8
44,58,2,3,1.4,0.3,0,0,0.2,1.4,0,1.1,141.5
44,73,1,3,1.6,0.4,0,0,0.1,1.6,0.2,1.2,172.6
44,9,1,1,0.4,0.1,0.1,0,0,0.4,0.1,0.4,50
44,86,3,64,26.1,6,2.5,0,2.3,26.1,1.6,22.8,2967.8
44,18,1,88,32.1,5.9,2.8,0,1.5,32.1,1.6,28.6,3671.6
44,63,2,7,3.1,0.8,0.3,0,0.6,3.1,0.3,2.8,332.6
44,94,2,18,8.7,2.5,0.3,1.4,0,7.3,0.5,7.5,1078.8
44,3,3,69,29.6,7.7,1.6,0.3,1.6,29.3,3.7,28.4,2823.4
44,97,4,37,23,12.1,0.5,3.4,0,19.6,3.5,20,3233
44,71,2,10,4.3,1.2,0.2,0,0,4.3,0.4,4,491.5
44,89,2,21,9.5,2.7,0.2,0,0,9.5,1.8,8.4,1056.9
44,7,1,2,0.9,0.2,0,0,0,0.9,0,0.9,115.4
44,62,2,3,1.3,0.3,0.1,0,0.3,1.3,0.1,1.2,142.5
44,42,1,7,2.7,0.4,0.2,0,0,2.7,0.2,2.5,304.7
44,23,1,1,0.4,0.1,0.1,0,0,0.4,0,0.4,46.1
44,65,2,7,2.9,0.7,0.2,0,0,2.9,0.2,2.8,329.5
44,64,2,4,1.6,0.4,0.1,0,0,1.6,0.1,1.6,188.3
44,81,1,4,1.5,0.1,0,0,0.2,1.5,0.1,1.2,173.6
44,13,1,5,2,0.6,0.3,0,0.1,2,0.3,1.9,249.8
44,92,2,9,4,1,0.1,0,0.8,4,0.3,3.3,538.7
44,80,1,16,7,1.5,0.2,0.2,0.6,6.8,1.1,6,756.5
44,90,1,1,0.5,0.1,0,0,0,0.5,0.1,0.4,50.3
44,68,2,59,26.4,6.5,1.9,3,0.5,23.4,2.9,19.7,2643.1
44,98,1,4,2.5,1.3,0,0.4,0,2.1,0.4,2.2,349.5
44,66,2,102.5,40.3,12.8,1.2,0,9,40.3,5.2,23.2,3769.6
44,101,1,17,9.9,4.2,0.2,2.2,0.7,7.7,1.5,9,1025.1
44,74,1,1,0.5,0.2,0,0,0.1,0.5,0.1,0.3,45.9
44,93,2,14,6.3,1.5,0.3,0,1.1,6.3,0.4,5.2,838
44,34,1,2,0.9,0.3,0,0,0,0.9,0.1,0.7,72.3
29,21,1,61,20.6,2.4,1.2,0,0.2,20.6,1.1,18.3,2203.6
29,17,3,9,4.9,2.7,0,0,0.4,4.9,1.4,4.1,529.6
29,13,2,94,48.4,16.7,1.5,6.8,1,41.6,2,41.2,5152.4
29,97,3,14,6.2,1.5,0.1,0.1,0.9,6.1,0.5,5.6,623.1
29,81,1,1,0.5,0.1,0,0,0.1,0.5,0.1,0.4,49.9
29,88,1,3,1.3,0.4,0.1,0,0.2,1.3,0.4,0.9,139.3
29,90,1,2,1,0.3,0,0,0,1,0.2,0.9,92.9
29,110,1,2,0.9,0.3,0,0,0,0.9,0.1,0.8,105.7
29,80,2,12,5.7,1.7,0,0,0.7,5.7,1,5,599
29,18,1,4,2.2,1.2,0,0,0.2,2.2,0.6,1.8,235.4
29,22,2,75,27.2,6.9,4.3,0,0.9,27.2,0.6,22.3,2917
29,77,2,19,7.8,2.6,0.8,0,0,7.8,0.8,7.5,817.8
29,79,2,4,1.9,0.5,0,0,0.3,1.9,0.3,1.6,199.7
29,16,1,1,0.5,0.1,0,0,0,0.5,0,0.4,54.8
29,72,2,9,3.2,0.8,0.5,0,0.3,3.2,0.8,3.2,387.3
29,57,1,2,0.9,0.2,0,0,0,0.9,0.2,0.7,97
29,95,4,14,6.3,2.2,0.7,0,0.5,6.3,0.1,5.1,677
29,25,2,11,5.2,0.9,0.3,0,0.8,5.2,0.3,4.1,548.8
29,8,1,2,0.8,0.3,0.1,0,0,0.8,0.2,0.7,78.4
29,35,2,15,7.6,2.5,0.5,0,1.5,7.6,2,6.6,612.7
29,76,2,4,1.6,0.5,0.1,0,0,1.6,0.1,1.6,172.1
29,4,2,5,2,0.2,0,0,0,2,0.2,1.8,237.2
29,107,4,16,8.9,3,0,0.3,0,8.6,0.2,8,819.5
29,87,1,2,0.9,0.3,0.1,0,0.1,0.9,0.3,0.6,92.9
29,106,2,18,7.8,2.3,0.3,0.1,0,7.7,0.3,6.3,778.6
29,59,2,77,31,8.2,3,0,2,31,3.4,23.6,3080
29,67,1,5,1.9,0.1,0.3,0,0.1,1.9,0.1,1.8,281.6
29,12,1,242.5,96.1,29,7.4,20.3,10.7,75.8,14.7,60.4,9151.6
29,51,1,2,0.9,0.2,0.1,0,0,0.9,0.1,0.8,103.1
29,19,2,6,2.2,0.6,0.2,0,0.2,2.2,0,1.8,224.6
29,14,1,191.5,82.4,27.7,5,13,8,69.4,11,44.1,7067.2
29,47,2,6,2.3,0.5,0.3,0,0.1,2.3,0.3,2.1,231.3
29,49,1,2,0.7,0,0.1,0,0.1,0.7,0.1,0.7,82.3
29,37,1,5,2.4,1,0.2,0,0.1,2.4,0.4,1.8,226.1
29,82,2,3,1.2,0.3,0,0,0,1.2,0.2,1.2,120.1
29,89,2,9,4.5,1.4,0,0,0,4.5,0.7,4.1,418.1
29,40,1,2,0.9,0.2,0.1,0,0.1,0.9,0.1,0.7,83.1
29,94,1,1,0.4,0.2,0,0,0,0.4,0,0.4,48.4
29,26,3,15,6,1.7,0.9,0,0.7,6,0.9,5,702.1
29,71,2,10,3.9,1.2,0.4,0,0.3,3.9,0.6,3.8,441
29,62,1,4,1.5,0.3,0.3,0.1,0.2,1.4,0.1,1.2,153.8
29,60,2,7,3.6,1.5,0,0.1,0.1,3.5,0.5,3.1,391.9
29,84,1,7,3.1,1,0.2,0,0.4,3.1,1,2.1,325.1
29,96,3,34,15.2,4.1,0.7,0.3,1.8,14.9,1,13.4,1547.8
29,11,2,40,12.4,2.5,1.1,0.1,0,12.3,1.1,10.2,1468.3
29,30,3,16,6.6,2.2,0.6,0,0.6,6.6,0.6,5,642.8
29,68,1,11,4.2,0.3,0.6,0,0.3,4.2,0.3,3.9,619.6
29,48,1,5,1.9,0.4,0.3,0,0.1,1.9,0.2,1.7,192.7
29,108,3,57.5,27.1,6.8,1,0.3,0,26.8,0.3,24.7,2816.2
29,1,1,2,0.8,0.4,0.1,0,0.1,0.8,0.3,0.8,84.9
29,83,1,2,0.8,0.2,0,0,0,0.8,0.1,0.8,80.1
29,65,1,9,3.4,0.2,0.5,0,0.2,3.4,0.2,3.2,506.9
29,101,2,18,8.6,2.8,0.2,0,0.6,8.6,0.6,7.8,831.4
29,78,1,2,0.8,0.3,0.1,0,0,0.8,0.1,0.8,86.1
29,27,1,1,0.4,0.1,0.1,0,0,0.4,0.1,0.3,46.3
29,109,3,25,11.7,3.5,0,0,0.4,11.7,1.6,9.8,1321
29,5,2,9,3.6,0.2,0,0,0,3.6,0.2,3.4,426.8
29,29,1,6,2.5,0.8,0.2,0,0.2,2.5,0.2,1.9,241
29,39,1,4,1.7,0.4,0.1,0,0.1,1.7,0.3,1.5,166.3
29,102,1,2,1,0.3,0,0,0.1,1,0.1,0.9,92.4
29,50,1,4,1.4,0,0.1,0,0.2,1.4,0.1,1.4,164.5
29,10,1,1,0.5,0.2,0,0,0,0.5,0.1,0.5,52
29,63,1,11,4.2,0.9,0.9,0.3,0.6,3.9,0.3,3.3,423.1
29,92,1,10,4.8,1.9,0.6,0.6,0.3,4.2,0.6,3.2,472.6
29,53,1,1,0.4,0.1,0,0,0,0.4,0,0.4,51.5
29,93,1,2,1,0.4,0.1,0.1,0.1,0.9,0.1,0.6,94.5
29,105,1,14,5.7,1.6,0.3,0,0,5.7,0.3,4.5,583.2
29,34,1,2,1,0.3,0.1,0,0.2,1,0.3,0.9,81.7
29,46,1,1,0.4,0.1,0.1,0,0,0.4,0,0.3,38.5
107,79,3,17,6.2,1.7,0.8,0,0,6.2,0,5,726.9
107,84,2,10,4.8,1.3,0.2,0.7,0.4,4.1,0,3.7,574.1
107,8,2,71,21,0.9,3.2,0,1.6,21,0,18.5,2417.2
107,40,1,1,0.4,0.1,0,0,0,0.4,0,0.4,41.3
107,32,2,16,6,1.7,0.8,0,0.4,6,1.7,4.8,618
107,82,0,246,101,22,5,0,12,101,6,89,10308
107,17,1,2,0.8,0.3,0.1,0,0.1,0.8,0.2,0.6,80
107,102,0,287,111,29,9,1,11,110,5,74,10355
107,89,1,67,24.3,4.7,1.3,0.7,1.3,23.6,0,21.3,3007.3
107,86,3,13,5.8,1.1,0.1,0.4,0.4,5.4,0.2,4.3,664.7
107,88,1,2,0.8,0.1,0,0,0.1,0.8,0.1,0.6,94.4
107,100,2,207,79.3,16.2,7.9,2,6.5,77.3,5.4,70.4,8355.3
107,2,1,130.5,49.4,11.6,3.2,0,5.3,49.4,2.3,37.9,5125.4
107,90,0,336.5,178,96,7,84,14,94,27,87,14601
107,37,3,60,22.3,6.7,3.2,0.3,0.7,22,4.3,19.5,2311.7
107,75,3,30,12.5,4.2,0.4,0,0.8,12.5,2.7,10.3,1183.3
107,94,2,15,6.6,1.5,0.6,0,0.3,6.6,0.3,5.7,827.7
107,72,2,76,23.2,2.2,2.2,0,0.2,23.2,1.1,17.8,2519.3
107,7,2,11,3.3,0.1,0.5,0,0.2,3.3,0,2.9,374.5
107,80,1,116.5,44.8,10.5,3.2,2,4,42.8,2,28.5,4442.8
107,38,2,14,6.6,1.7,0.1,0.1,0.4,6.5,0.9,6,588.4
107,54,2,60,20.8,3,2.4,0,0.8,20.8,2.4,18.4,2300
107,9,3,41,14.5,4.2,2.6,0,0,14.5,0,13.6,1597.4
107,62,3,21,8.7,2.4,0.3,0,0.8,8.7,1.7,6.7,777
107,4,1,214.5,83.8,20.1,7.9,19,8,64.8,9.2,55.3,8579
107,73,1,244,91.5,16.3,6.3,2,6.3,89.5,6.1,72.9,9221
107,61,1,124,49.5,12.7,6.1,2,5.2,47.5,7.4,41.2,4423.4
107,51,2,15,5.8,1.4,0.6,0.1,0.8,5.7,0.9,4.5,542.8
107,103,1,53,18.9,1.2,2.1,0.1,1.2,18.8,1.1,17.6,2413
107,60,1,17,7.1,2.1,0.3,0,0.5,7.1,1.1,6.4,749.3
107,92,2,232,84,19.7,10.4,1.2,6.2,82.8,5.8,63.3,9113
107,52,1,10,3.9,0.9,0.5,0.1,0.6,3.8,0.5,3.1,368.1
107,91,0,428,189,53,5,17,15,172,10,150,18326
107,0,3,9,3.2,0.7,0.5,0,0.2,3.2,0.5,2.7,452
107,74,1,202.5,63.1,11.7,12.1,0,3.1,63.1,6.4,53.7,6536.2
107,93,2,15,6.4,1.6,0.2,0.8,0.6,5.6,0.5,5.4,631.1
107,11,2,11,3.9,1,0.4,0,0.2,3.9,0.2,3.2,448.1
107,81,0,276,117,34,9,25,14,92,11,82,10549
107,85,1,1,0.5,0.1,0,0.1,0,0.4,0,0.4,57.4
107,36,2,12,5.7,1.5,0.1,0.2,0.3,5.5,0.7,5.1,504.3
107,101,0,255.5,129,52,4,12,5,117,13,91,12336
107,39,3,11,4.5,1.4,0.3,0,0.3,4.5,0.3,3.9,453.8
107,3,2,106.5,37.6,9.2,5.6,7,4.1,30.6,5.1,23.9,4001.4
107,29,2,8,3.1,0.8,0.4,0,0.3,3.1,0.8,2.4,308.9
107,77,3,41.5,16.2,4.1,1,0,0.6,16.2,1,13.4,1572.9
107,57,1,3,1.1,0.3,0.1,0,0,1.1,0.2,1,112.9
107,83,2,23,8.8,2,0.8,0,0.4,8.8,1.2,7.6,1030.8
107,87,2,9,3.7,0.5,0,0,0.3,3.7,0.3,2.8,424.9
107,105,2,16,6.4,1.2,0.9,0.3,0.9,6.1,0,6.1,809.3
107,25,1,1,0.4,0.1,0,0,0,0.4,0.1,0.4,44.7
107,104,2,24,9.6,1.7,1.3,0.4,1.3,9.2,0,9.2,1214
107,63,2,32,13.2,3.6,0.6,0,1.2,13.2,2.4,10.3,1184
107,53,1,10,3.9,0.9,0.5,0.1,0.6,3.8,0.5,3.1,368.1
107,78,2,10,3.9,1,0.2,0,0.1,3.9,0.2,3.2,379
107,14,3,15,6.3,2,0.5,0,0.5,6.3,1.5,4.7,600
107,5,2,12,4.5,1.3,0.8,0,0,4.5,0.5,3.9,494.1
107,28,2,13,5.8,1.4,0,0,0,5.8,1.1,5.4,581.6
107,96,1,3,1.3,0.3,0.1,0,0.1,1.3,0.1,1.1,165.5
107,12,2,12,4.3,1,0.4,0,0.4,4.3,0.4,3.2,501.1
107,24,1,2,0.9,0.2,0,0,0,0.9,0.2,0.8,89.5
107,98,1,9,3.2,0.7,0.5,0,0.2,3.2,0.5,3.1,381.2
107,56,2,9,3.4,0.9,0.2,0,0.1,3.4,0.5,3.1,338.6
107,99,1,2,0.7,0.1,0.1,0,0.1,0.7,0,0.5,79.5
107,1,1,3,1.1,0.3,0.2,0,0,1.1,0.2,0.9,150.7
107,67,0,30.5,11,2,0,0,3,11,2,11,983
107,76,2,17,7,2.2,0.3,0,0.4,7,1.3,5.7,664.4
107,59,1,2,0.8,0.2,0,0,0.1,0.8,0.1,0.7,88.1
50,44,2,9,3.4,0.7,0.3,0,0.1,3.4,0.2,2.6,368.3
50,46,4,22,8.4,2,0.7,0.1,0.6,8.3,0.7,7.2,877.1
50,75,1,4,1.4,0.3,0.2,0,0.1,1.4,0.1,1.1,153.5
50,79,2,6,3.3,1.7,0,0,0,3.3,0.6,3,348.7
50,18,1,27,11.9,4.3,0.5,0,0.5,11.9,0.5,8.6,1122.7
50,22,1,12,5.5,1.8,0,0,0,5.5,1.8,5.1,724.6
50,81,2,8,4.5,2.3,0,0.4,0.2,4.1,0.6,3.6,475.6
50,69,2,18,7.1,2.5,0.6,0,0.2,7.1,0.6,6.7,823.6
50,5,1,6,2.4,0.4,0.3,0,0.4,2.4,0.2,2.4,292.5
50,17,2,9,4,1.4,0.2,0,0.2,4,0.2,2.9,374.2
50,7,2,6,2.5,0.8,0,0.2,0,2.3,0.8,1.4,250.9
50,33,2,4,1.6,0.4,0.2,0,0.2,1.6,0.2,1.2,170.4
50,13,1,1,0.4,0.2,0,0,0,0.4,0.1,0.3,46.3
50,6,1,5,2,0.4,0.2,0,0.4,2,0.1,2,243.8
50,28,3,15,6.6,1.8,0.4,0.5,0.4,6.1,2,5.4,722.5
50,48,2,6,2.5,0.6,0.1,0.1,0.3,2.4,0.3,2.3,246.4
50,57,2,5,1.9,0.8,0.3,0,0,1.9,0.2,1.3,185.5
50,9,2,10,4.4,1.9,0.3,0,0,4.4,0.7,3.4,462.9
50,36,1,4,1.7,0.3,0.1,0,0,1.7,0.3,1.4,164.4
50,43,3,76.5,33,8.7,2,0.3,1.6,32.7,3.4,27.8,3123
50,42,4,13,5,0.7,0.4,0.1,0.6,4.9,0.4,3.7,502
50,0,2,20,7.4,0.9,1.5,0,0.5,7.4,1.5,6.3,805.4
50,72,3,26,11.7,3.5,0.6,0.8,0.8,10.9,1.6,8.7,1248.1
50,54,2,3,1.3,0.4,0.1,0,0,1.3,0.1,0.9,132.6
50,82,2,11,5.1,1.5,0,0.3,0.3,4.8,0.5,4.6,554.4
50,32,1,3,1.1,0.2,0.1,0,0.1,1.1,0.2,0.9,127.9
50,45,3,41,15.1,3.3,1.3,0,0.7,15.1,1,12.1,1652.2
50,37,3,33,13.7,2.8,0.5,0,0,13.7,2.8,11.5,1356.3
50,73,3,5,2.4,0.9,0.1,0.3,0.1,2.1,0.4,1.7,246.8
50,64,2,11,4.8,2.2,0,0,0,4.8,0.4,3.3,530.6
50,65,4,30,13,5.1,0.3,0.7,0.9,12.3,1.9,10.4,1273.8
50,59,2,26,10.8,2.9,0.9,0,1.3,10.8,1.6,9,1168
50,3,2,4,1.2,0.2,0.4,0,0.2,1.2,0.2,1,137.4
50,55,2,7,2.9,1,0.3,0,0.1,2.9,0.2,2,302.2
50,60,2,15,6.3,1.7,0.6,0,0.7,6.3,0.9,5.2,674
50,27,1,2,0.9,0.2,0.1,0.1,0,0.8,0.2,0.6,106.2
50,76,1,2,0.8,0.2,0,0,0,0.8,0,0.6,103.4
50,53,4,22,8.6,2.1,0.8,0,0.8,8.6,0.5,5.5,936.5
50,50,1,2,0.8,0.2,0.1,0,0.1,0.8,0.1,0.7,73.3
50,70,1,2,0.9,0.3,0.1,0,0.1,0.9,0.2,0.8,115.7
50,58,1,4,1.5,0.6,0.2,0,0.1,1.5,0.2,1.1,148.3
50,29,3,10,3.8,0.8,0.4,0,0.4,3.8,0.6,3.1,426.2
50,10,1,5,2.2,0.9,0.1,0,0,2.2,0.4,1.7,231.4
50,80,1,5,2.1,0.5,0.1,0.1,0.1,2,0.4,1.3,256.1
50,74,1,8,3.6,0.7,0,0,0.2,3.6,0,3.1,497.6
50,62,1,4,1.5,0.4,0.2,0,0,1.5,0.2,1.4,171.3
50,26,1,6,2.6,0.7,0.2,0.1,0.1,2.5,0.7,1.9,318.6
50,83,1,7,3.2,0.9,0,0.2,0.2,3,0.3,2.9,345.5
50,12,1,13,5.7,2.4,0.4,0,0,5.7,0.9,4.3,601.8
50,63,2,8,3,1,0.4,0,0.2,3,0.4,2.6,312.8
50,11,1,4,1.7,0.8,0.1,0,0,1.7,0.3,1.3,185.2
50,34,1,2,0.9,0.3,0,0,0,0.9,0,0.6,84.9
50,14,1,2,0.9,0.2,0,0,0.1,0.9,0.2,0.8,107.4
45,79,2,7,3.1,0.7,0.1,0.1,0.3,3,0.4,2.6,331
45,2,2,91.5,39.6,13.8,1.5,1.3,4.5,38.3,4.7,33.4,4192.5
45,17,2,18,6.8,2.1,0.6,0,0.4,6.8,1.2,6.4,778.2
45,88,2,17,7.1,1.6,0.3,0,0.4,7.1,0.2,6,881.5
45,75,1,6,2.5,0.6,0.3,0,0.4,2.5,0.2,1.8,279.5
45,8,1,4,1.9,0.4,0,0,0.1,1.9,0,1.8,230.7
45,20,3,43,20.2,6.6,1.3,0.3,0.6,19.9,3.4,15.8,1911.3
45,16,2,30,11.9,3.1,0.4,0,0.7,11.9,2,10.9,1355.3
45,39,1,5,2.4,0.7,0.1,0,0.1,2.4,0.3,1.9,206.6
45,87,2,3,1.2,0.3,0,0,0.1,1.2,0,1.1,155
45,102,2,10,5.8,2.4,0.2,1.2,0.4,4.6,0.8,5.2,603
45,18,1,111.5,42,10.2,3.9,2,1.6,40,5.7,37.5,4737.7
45,69,1,2,0.8,0.2,0.1,0,0,0.8,0.1,0.8,94.1
45,91,4,71,33.9,13.5,1.6,0,2.4,33.9,4.1,27.4,3636.5
45,31,1,2,0.9,0.4,0.1,0,0.1,0.9,0.2,0.7,98.4
45,37,3,22,9.2,2.8,0.6,0,0.2,9.2,1.7,6.5,1006.8
45,47,1,2,0.9,0.2,0.1,0,0,0.9,0.1,0.5,98.4
45,19,1,107.5,48.8,21.3,5.6,3.6,4.2,45.2,12.5,31.3,5061.1
45,1,2,20,9.2,2.8,0.3,0,0.5,9.2,0.8,8.1,1025.6
45,6,3,22,9.7,1.9,0,0,0.3,9.7,0.1,8.9,1241.8
45,33,1,2,0.9,0.4,0.1,0,0.1,0.9,0.2,0.7,98.4
45,36,1,10,4.1,1.4,0.4,0,0.1,4.1,0.8,2.8,462.8
45,58,2,23.5,10.4,2.4,0.1,0,1.2,10.4,0.4,8,1113
45,84,4,19,8.3,2.1,0.4,0.8,0.4,7.5,0.3,6.2,913.7
45,50,2,7.5,3.2,1,0,0,0.2,3.2,0.2,2.2,302
45,81,3,13,5,0.4,0,0,0.5,5,0.3,4.2,551.1
45,7,1,1,0.5,0.1,0,0,0,0.5,0,0.4,57.7
45,14,3,8,3.3,0.8,0,0,0.2,3.3,0.6,3,373.4
45,54,2,4,1.8,0.5,0.1,0,0.2,1.8,0.1,1.1,187.8
45,4,3,15,5.8,1.3,0.5,0,0,5.8,0.8,4.8,687.5
45,51,1,2,0.9,0.3,0,0,0.1,0.9,0.1,0.6,80.5
45,0,3,97,40.5,10.6,2.2,2.2,1.7,38.3,3,35.1,4629.2
45,82,2,11,4.2,0.4,0,0,0.4,4.2,0.3,3.6,464.3
45,70,2,47,16.4,2.5,1.4,0,0,16.4,0.6,16.2,1817.7
45,67,2,49,19.7,5.8,1.9,6.3,1.2,13.4,1.8,11.5,1856.7
45,3,2,49,23.1,9.1,0.3,0.1,0.4,23,0.8,17.2,2050.6
45,56,1,2,0.9,0.2,0,0,0.1,0.9,0,0.7,94.3
45,13,1,5,2,0.6,0.3,0,0.1,2,0.3,1.9,249.8
45,9,1,3,1.2,0.4,0.2,0,0.1,1.2,0.2,1.1,149.9
45,86,2,13,5.6,1.4,0.2,0.4,0.3,5.2,0.2,4.3,672.4
45,73,3,14,6,1,0.4,0,0.4,6,0.8,5,654
45,59,2,8,4.7,2,0,0.3,0.7,4.4,0.3,3.7,363.3
45,63,2,6,2.7,0.9,0,0,0.3,2.7,0.3,1.7,256.7
45,89,4,45,19.2,4.9,1.1,0,0.6,19.2,2.1,18.1,2283.7
45,65,4,12,5.1,1.4,0.2,0,0,5.1,0.2,4.6,568.5
45,49,1,1,0.4,0.2,0.1,0,0.1,0.4,0.1,0.4,47.9
45,62,2,3,1.3,0.4,0,0,0.1,1.3,0.2,0.9,128.4
45,15,1,2.5,1,0.2,0,0,0.1,1,0.2,0.9,116.7
45,96,1,1,0.6,0.3,0,0.1,0,0.5,0.1,0.5,87.4
45,42,2,5,1.9,0.3,0.2,0,0.1,1.9,0.2,1.7,204.6
45,23,1,6,2.2,0.8,0.4,0.1,0.1,2.1,0.1,2.2,276.6
45,85,1,94.5,40.7,12.7,1.1,0.4,2.1,40.3,3.1,33.9,4302.6
45,52,2,6,2.3,0.6,0.2,0,0.1,2.3,0.2,1.7,232.3
45,97,1,2,1.2,0.7,0,0.2,0,1,0.2,1.1,174.8
45,38,2,7,3,0.7,0,0,0,3,0.4,2.3,314.2
45,64,1,11,5.4,2.4,0.3,0,0,5.4,0.3,3.8,536.9
45,45,2,6,3,1.1,0.2,0.5,0.6,2.5,0.5,2.1,339.8
45,10,1,6,2.4,0.7,0.4,0,0.1,2.4,0.4,2.3,299.8
45,72,2,9,3.1,0,0.5,0,0.3,3.1,0.3,2.9,323.2
45,71,2,10,4.3,1.1,0.2,0,0.1,4.3,0.5,3.9,458.2
45,90,2,22,8.9,2.1,0.9,0,0.6,8.9,0.3,8.9,1124.7
45,41,1,2,0.7,0.1,0.1,0,0.1,0.7,0.1,0.6,74
45,66,3,15,6.7,2,0.3,0,0.1,6.7,0.2,5.4,689.7
45,34,2,4.5,2.2,0.8,0.2,0,0.6,2.2,0.8,0.8,198
45,83,1,2,0.8,0.2,0,0,0,0.8,0.1,0.7,78.1
45,68,1,12,4.8,0.6,0.2,0,0.2,4.8,0.1,4.4,507.6
45,78,1,2,0.9,0.3,0,0,0,0.9,0.2,0.7,87.8
45,5,1,2,0.8,0.1,0,0,0,0.8,0,0.7,107.6
45,92,2,6,3.1,1.6,0.1,0,0.3,3.1,0.4,2.2,302.7
45,46,2,23,9.5,2.3,1,0,0,9.5,1.2,6.3,1041.2
40,31,2,109,52.1,18.5,1.4,0,2,52.1,5.6,40.2,4599
40,78,1,4,1.6,0.4,0.1,0,0.1,1.6,0.5,1.5,144
40,38,1,2,0.7,0.1,0.1,0,0,0.7,0,0.6,86.1
40,2,1,4,1.6,0.6,0.2,0,0.1,1.6,0.4,1.4,147.4
40,44,1,182,79.1,27.6,9.1,10,8.9,69.1,15.6,50.4,8255.6
40,22,3,21,8.3,0.9,0.7,0,1.2,8.3,0.7,6,818.6
40,97,2,30,15.8,5.8,0.5,0.3,1.1,15.5,1.3,13.1,1803.7
40,87,1,3,1.4,0.2,0,0,0.1,1.4,0.2,1.1,162.2
40,5,2,5,2.5,1,0,0,0.1,2.5,0.5,2.3,229.2
40,99,0,110.5,55,18,2,0,4,55,5,50,5740
40,52,1,1,0.5,0.2,0,0,0,0.5,0.1,0.4,50
40,57,1,3,1.6,0.9,0.1,0,0,1.6,0.1,1.3,171.1
40,42,3,23,9.2,1.5,0.3,0,0.7,9.2,0.8,7.9,1039.8
40,32,3,6,2.8,0.9,0,0.1,0.2,2.7,0.4,2.4,268.6
40,98,2,105.5,50.3,19.8,3,0,10.3,50.3,8,15.8,4410
40,69,1,106.5,41.7,9.6,3.1,2,2.2,39.7,4.1,34.5,4597.8
40,36,2,42,15.7,2.9,1.5,0,1.4,15.7,1.3,13.2,1705.8
40,89,3,56,23.8,6.1,0.5,1.1,1.6,22.7,3.2,19.7,2453.9
40,51,1,11,5.5,1.7,0.3,0,0,5.5,0.9,4.9,605
40,54,1,3,1.5,0.6,0.1,0,0.2,1.5,0.1,1.3,156.6
40,16,1,2,0.8,0.2,0.1,0,0.1,0.8,0.3,0.8,83.6
40,45,1,90,38.7,7.2,1.1,0,4.1,38.7,1,31.6,3831.9
40,77,2,16,6.6,1.7,0.5,0,0.4,6.6,2,6.3,625.8
40,6,2,7,4,2.1,0,0,0.1,4,0.9,3.6,352.1
40,67,1,2,1,0.2,0,0.1,0.1,0.9,0,0.8,119.8
40,73,2,10,5,1.7,0.4,0.4,0.1,4.6,0.7,4.1,540
40,30,2,12,5.3,1.7,0.2,0,0.6,5.3,1,4.3,493.9
40,82,1,2,1.3,0.6,0,0.1,0.2,1.2,0,1,132.5
40,71,1,9,4.5,1.6,0.3,0.3,0.2,4.2,0.6,3.7,486
40,59,2,3,1.5,0.6,0,0,0,1.5,0.3,1.2,167.1
40,70,2,52,25,6.8,0.2,0,0.4,25,0.2,23.8,2969.4
40,23,1,2,0.8,0.1,0.1,0,0.1,0.8,0.1,0.6,78
40,21,2,6,2.4,0.3,0.2,0,0.3,2.4,0.2,1.7,233.9
40,10,3,8,4,1.5,0,0,0,4,0.8,3.3,430.8
40,55,3,5,2.5,1,0.2,0,0.3,2.5,0.2,2.2,261
40,100,3,98.5,59,30.8,1,26.5,4.2,32.5,4.6,32.2,5123.2
40,40,1,6,2.4,0.6,0.2,0,0.3,2.4,0.1,1.9,246.3
40,35,2,11,4.5,1,0.4,0.1,0.8,4.4,1,3.3,421.8
40,96,2,80.5,39.6,12.7,1.7,0.1,2.7,39.5,4.8,30.7,4090.9
40,49,1,2,0.9,0.3,0,0,0.1,0.9,0.1,0.8,100.1
40,90,2,8,3.8,1.4,0,0.2,0.3,3.6,0.4,3.2,380.6
40,62,3,43,16.3,2.4,1.3,0,0.3,16.3,1.1,13.3,2114.6
40,68,2,164.5,78.3,26.6,4.3,12,7,66.3,5.2,63.6,7626.5
40,53,1,4,2.1,0.9,0,0,0,2.1,0.5,1.6,200.2
40,48,2,6,2.5,0.7,0,0,0.2,2.5,0,2.4,260.4
40,64,2,4,1.5,0.3,0.3,0,0,1.5,0.1,1.3,169.2
40,81,1,1,0.6,0.3,0,0,0.1,0.6,0,0.5,66.2
40,72,1,1,0.5,0.2,0,0,0,0.5,0.1,0.4,54
40,33,1,2,0.9,0.2,0,0,0,0.9,0.2,0.8,84
40,101,3,27,13.9,4.9,0.5,0.8,1.4,13.1,1.1,12.5,1669.6
40,28,1,1,0.4,0.1,0,0,0,0.4,0.1,0.4,41.2
40,79,2,17,6.6,1.6,0.7,0.1,0.7,6.5,0.8,6,736.1
40,17,1,10,4.1,1.2,0.3,0,0.3,4.1,1.5,3.8,417.9
40,84,1,4,1.7,0.4,0.3,0,0,1.7,0.1,1.2,177.4
40,95,1,2,1,0.2,0,0.1,0.1,0.9,0.1,0.9,114.2
40,41,2,8,3.2,0.8,0.3,0,0.3,3.2,0.2,2.6,340.5
40,1,1,4,1.6,0.6,0.2,0,0.1,1.6,0.4,1.4,147.4
40,27,1,7,3,1,0.2,0,0.3,3,0.6,2.7,288.3
40,26,1,3,1.3,0.4,0.1,0,0.1,1.3,0.3,1.2,123.6
40,61,2,9,3.7,0.9,0.2,0,0.1,3.7,0.4,2.8,465.9
40,24,1,5,2.4,0.6,0,0,0.6,2.4,0.2,2.2,241.3
40,34,1,11,4.4,0.8,0.3,0,0.7,4.4,0.8,3.3,414.1
75,2,1,3,1.4,0.4,0.1,0,0,1.4,0.2,1.2,133.8
75,73,2,55,21.2,6,3.5,2,3.4,19.2,2.4,17.6,2448.1
75,31,1,5,1.9,0.3,0.1,0,0.2,1.9,0.3,1.8,228.8
75,5,4,25,12.2,4.7,0.4,0,1.6,12.2,1,7.7,1305.5
75,51,2,3,1.4,0.4,0,0,0.1,1.4,0.3,1.2,143.5
75,22,1,2,0.8,0.3,0,0,0.2,0.8,0.2,0.8,88.7
75,20,3,17,6.7,1.7,0.4,0,0.7,6.7,1.2,5.6,681.7
75,44,0,98.5,58,31,0,18,5,40,5,40,5272
75,17,1,8,2.7,0.4,0.4,0,0.2,2.7,0,2.5,353
75,13,1,2,0.8,0.1,0,0,0,0.8,0.2,0.7,103.4
75,46,2,146,76.5,38.7,4.9,41.9,6.4,34.6,5.3,49.4,7299.2
75,8,1,2,0.8,0.2,0.1,0.1,0.2,0.7,0.1,0.7,93.6
75,45,2,100.5,48.6,16.4,1.6,17,4.2,31.6,9.8,32.9,5013.1
75,19,2,15,5.5,1,0.6,0,0.3,5.5,1.1,4.8,604.3
75,15,3,19,8.4,2.3,0.3,0,0.7,8.4,1.2,7.1,825.9
75,63,1,19,8.1,3.1,0.4,0,0.8,8.1,1.2,4.7,905.4
75,21,1,25,10.7,3.1,0,0,1.5,10.7,1.9,8.4,997.3
75,74,2,113,45,9.4,3.3,0,1.6,45,2.8,41.1,4986.1
75,43,4,15,6.4,2,0.5,0.1,0.4,6.3,0.3,6,749.9
75,64,2,33,13.2,3,0.8,0,0.3,13.2,1.5,11.7,1395.1
75,67,0,360.5,178,67,5,30,27,148,27,114,15693
75,32,1,71,26.2,6.1,3.4,0.5,2.7,25.7,2.2,24.3,2537.4
75,35,1,4,1.7,0.5,0,0,0.2,1.7,0.2,1.2,159.9
75,36,1,2,0.9,0.5,0.1,0,0.1,0.9,0.2,0.8,105.1
75,48,2,8,3.1,1.1,0.4,0.8,0,2.3,0.4,1.3,389.3
75,57,2,17,6.2,1.3,0.8,0,0.1,6.2,0.3,5.8,647.3
75,68,1,52,16.4,1.4,3.4,0,2,16.4,1.1,16.3,1577
75,65,2,54,21.6,6.6,1.4,0.9,0.4,20.7,3.7,17.3,2358
75,56,2,7,2.7,0.5,0.3,0,0.1,2.7,0.1,2.5,269.1
75,38,1,6,2.8,1.4,0.2,0,0.2,2.8,0.5,2.3,315.3
75,47,0,305.5,185,107,3,148,25,37,34,41,13841
75,75,1,7,2.9,0.5,0.4,0,0.1,2.9,0.2,2.5,354.3
75,72,3,20,7.4,1.3,0.7,0,0.5,7.4,0.5,6.7,864.3
75,30,3,13,5.2,1.1,0.3,0,0.5,5.2,0.7,4.7,609.9
75,4,2,4,1.9,0.7,0.1,0,0.3,1.9,0.1,1.2,204.8
75,42,1,151,57.2,8.1,3.5,0.2,0.3,57,2.2,51.9,6858.2
75,23,1,10,4.3,1.7,0.2,0,0.5,4.3,0.5,3.8,396.3
75,39,2,3,1.1,0.2,0.1,0,0,1.1,0.1,1,132.7
75,62,1,1,0.4,0.2,0,0,0,0.4,0.1,0.2,47.7
75,3,1,2,0.9,0.3,0,0,0,0.9,0.1,0.8,89.2
75,24,1,3,1.4,0.4,0.2,0,0.2,1.4,0.1,1.1,157
75,37,1,1,0.5,0.2,0,0,0,0.5,0.1,0.4,52.6
75,12,1,5,1.9,0.3,0.1,0,0.1,1.9,0.4,1.9,258.6
75,71,1,77,25,3.5,2,0,3,25,1,17.5,3102.9
75,70,0,63,24,3,2,0,0,24,0,24,2942
75,29,1,3,1.1,0.2,0.1,0,0.1,1.1,0.2,1.1,137.3
75,33,1,4,1.5,0.2,0.1,0,0.2,1.5,0.2,1.5,183.1
75,10,1,2,0.8,0.1,0,0,0,0.8,0.2,0.7,103.4
75,50,1,3,1.1,0.3,0.1,0.1,0.2,1,0.2,0.9,121.5
75,14,4,24,10.5,2.2,0.2,0,0.4,10.5,0.7,8.9,1124
75,41,4,39,16.5,4.9,1.3,0.2,0.7,16.3,0.9,15.1,1919.3
75,55,1,2,0.8,0.1,0,0,0.2,0.8,0.1,0.6,89.8
75,66,1,176,70.4,19,6.3,13,9.1,57.4,9.5,53.9,6843
75,6,1,4,1.6,0.5,0.2,0.1,0.4,1.5,0.3,1.4,187.1
75,88,3,32,14.3,4.9,0.5,0,1.3,14.3,1.5,10.2,1549.3
75,79,0,399,177,64,11,39,17,138,18,110,16750
75,89,3,110,38.3,5.2,3.5,0.2,2.5,38.1,3.5,24.4,4844.2
75,81,2,175,60.3,9.2,8,0,9.3,60.3,3.6,42.8,6484.4
75,92,2,93,33.8,5.4,2.7,0,0.8,33.8,1,31.9,3885.3
75,83,3,31,12.6,3.1,0.9,0.2,1.1,12.4,1.1,10.5,1296.5
75,90,2,20,7.3,1.3,0.8,0.1,0.5,7.2,1,4.9,875
75,84,3,27,11.2,1.8,0.8,0,2.1,11.2,1.5,10.1,1211.5
75,93,0,213,95,25,5,1,7,94,8,74,10192
75,78,0,356,119,15,12,0,8,119,6,96,13292
75,80,0,313,148,53,6,69,38,79,19,67,11497
75,94,0,258,137,47,4,24,8,113,8,123,12612
75,77,1,332.5,148.9,51.9,6.4,25.3,27.3,123.6,30.5,35.7,12306.6
75,87,0,22,11,4,0,4,5,7,6,0,635
75,95,2,96,48.4,21.3,1.1,16.9,3.5,31.5,6.5,31.2,4459.6
75,96,1,1,0.4,0.1,0,0,0,0.4,0,0.4,68.4
75,91,1,33,13.6,3.9,0.6,0,1.3,13.6,0.6,12.9,1748.4
91,57,3,26,9.8,0.8,0.8,0.4,0.4,9.4,0.4,9.5,1353.2
91,31,2,13,4.5,0.7,0.5,0,0.2,4.5,1,4.2,551
91,59,2,50,18.2,4.3,1.8,0,2.5,18.2,3.1,14.2,2280.9
91,55,3,13,6,1.7,0.1,0.9,0.3,5.1,0.1,4.3,634.6
91,48,1,1,0.5,0.2,0,0,0,0.5,0,0.3,52.4
91,58,3,17,6.4,0.6,0.6,0.2,0.2,6.2,0.2,6.2,884.7
91,51,1,14,4.8,0.8,0.6,0,0.3,4.8,0.6,3.9,527
91,56,1,2,0.9,0.3,0,0.1,0,0.8,0,0.7,97.6
91,61,1,4,1.5,0.3,0.1,0,0.2,1.5,0.2,1.1,182.5
91,52,1,4,1.4,0.2,0.2,0,0.1,1.4,0.2,1.1,150.6
91,44,1,10,4.9,1.6,0.2,0,0.2,4.9,0.5,3.3,524
91,24,1,3,1.3,0.4,0.2,0,0,1.3,0.3,1.1,162.2
91,49,1,2,0.9,0.2,0,0,0,0.9,0.2,0.8,117.7
91,88,1,4,1.9,0.7,0,0.1,0.2,1.8,0.7,1.6,217.6
91,90,0,158,66,15,5,0,1,66,0,61,6217
91,8,2,38,14.3,3.4,1.7,0,1.2,14.3,1.2,12.6,1509.1
91,34,2,8,3.3,0.9,0,0,0.1,3.3,0.4,2.9,427.1
91,89,2,7,3.3,0.7,0,0.1,0.5,3.2,0.3,3,421.7
91,96,0,639.5,345,165,10,177,43,168,56,183,26006
91,3,1,1,0.4,0.1,0,0,0.1,0.4,0,0.3,53.7
91,74,0,213.5,113,51,4,9,15,104,14,80,11046
91,18,2,64.5,23.2,6.2,2.4,1.5,5.9,21.7,3.9,15.9,2338.7
91,75,1,22,8.4,1.9,1.9,0,0.6,8.4,0,7.8,1042.4
91,93,0,820.5,358,131,30,316,97,42,118,41,28150
91,20,1,4,1.7,0.6,0.1,0,0.3,1.7,0.5,1.3,178.6
91,21,2,22,8.4,1.8,0.5,0,0.2,8.4,1.8,7.8,973.2
91,94,1,593.5,295.8,143.3,15.4,290.4,58.4,5.4,98,29.8,20545
91,83,0,414,147,15,9,0,12,147,7,131,16326
91,91,0,390.5,183,61,7,71,27,112,16,135,17001
91,99,0,391.5,220,110,9,117,7,103,14,149,21666
91,85,1,6,2.4,0.6,0.3,0.8,0.2,1.6,0.3,1.4,236.2
91,2,1,2,0.8,0.1,0.1,0,0.2,0.8,0,0.6,107.4
91,82,1,180,72.7,22.3,5,13,6.1,59.7,6.2,55.3,7436.5
91,36,2,8,3.4,0.9,0,0,0.1,3.4,0.5,3,427.1
91,84,2,21.5,8.5,2.2,1.1,3,0.8,5.5,1.1,5.2,846.4
91,4,3,18,7.2,1.6,0.2,0,0.6,7.2,1.4,6.4,884
91,65,0,118,54,21,3,1,4,53,6,41,5353
91,95,1,322,152.3,58.5,6.4,8.4,19.4,143.9,17,121.3,12742.5
91,22,2,6,2.3,0.5,0.1,0,0,2.3,0.5,2.1,265
91,73,0,31,15,5,0,0,1,15,1,11,1401
91,64,2,4,2.4,1,0,0,0,2.4,0,2.2,253.2
91,97,0,588.5,291,131,14,59,22,232,20,219,25226
91,0,3,16,5.9,1,0.8,1.1,0.3,4.8,1.5,3.8,535.4
91,98,0,571.5,294,135,15,94,16,200,39,163,25705
91,92,0,476,237,100,11,96,28,141,35,153,18716
91,17,1,76.5,25.3,4.9,0.3,0.9,1.5,24.4,3.5,22.9,2455
91,81,3,29,13,4.3,1,0,1.1,13,0.2,11.5,2008.8
91,87,1,2,0.9,0.3,0,0,0.1,0.9,0.3,0.8,108.8
91,29,2,8,2.8,0.4,0.3,0,0,2.8,0.7,2.5,352.7
91,15,2,7,3.5,1.4,0,0,0.6,3.5,0.3,2.9,444.8
91,23,2,10,3.8,0.8,0.2,0,0,3.8,0.8,3.6,441.7
91,16,2,11,4.9,2.1,0.2,0.8,0.7,4.1,0.6,3.4,542
91,1,2,6,2.3,0.4,0.2,0.1,0.4,2.2,0.2,1.8,281.8
91,19,1,4,1.7,0.6,0.1,0,0.3,1.7,0.5,1.3,178.6
26,20,1,7,4,2.1,0,0.6,0,3.4,0.9,2.7,322.6
26,43,1,2,0.9,0.3,0.1,0,0.1,0.9,0.1,0.8,90.5
26,56,2,3,1.6,0.6,0,0,0,1.6,0.3,1.5,162.9
26,78,1,4,2,0.6,0,0.2,0,1.8,0.1,1.5,204.6
26,55,1,2,1,0.3,0,0,0.1,1,0.2,0.8,104.7
26,52,1,4,1.8,0.5,0.1,0,0.1,1.8,0,1.6,201.9
26,91,3,12,5.8,2.4,0.2,0,0,5.8,0.6,5,632.9
26,18,3,18.5,8.8,2.6,0.4,0,1.2,8.8,1.2,6.9,933.8
26,8,2,13,6,3,0.5,0,1,6,0.5,5,596
26,48,1,4.5,2.2,0.7,0,0,0.1,2.2,0.5,1.3,236.8
26,11,2,5,2,0.5,0.2,0,0,2,0.2,1.7,224
26,81,1,4,1.4,0.1,0.1,0,0.1,1.4,0.2,1.1,147.9
26,86,2,17,7.4,2.4,0.2,0,0.3,7.4,0.8,6,792.2
26,42,2,43,16.1,3.4,0.3,0,1.3,16.1,0.3,10.5,1595.3
26,94,2,10,3.8,0.6,0.3,0.2,0.3,3.6,0.3,3.1,406
26,90,2,5,2.4,1,0.1,0,0,2.4,0.2,2.1,263.7
26,99,2,13,5.7,1.6,0.2,0.1,0.3,5.6,0.5,5.5,611.9
26,17,1,5,2.4,0.7,0.1,0,0.3,2.4,0.3,1.9,252.4
26,87,2,17,7.4,2.5,0.1,0,0.4,7.4,0.8,5.9,795.7
26,46,1,2,1,0.3,0,0,0,1,0.2,0.6,105.2
26,13,1,22,8.9,2.2,0.6,0,0,8.9,0.6,7.5,985.5
26,107,1,9,5.5,2.9,0,0.3,0.3,5.2,1.6,4.2,560.2
26,88,2,14,6.1,2,0.1,0,0.3,6.1,0.6,4.8,655.3
26,74,1,3,1.1,0.3,0.1,0,0.1,1.1,0.2,0.9,113.5
26,106,2,3,1.6,0.7,0.1,0.1,0.1,1.5,0.5,1.3,163.9
26,49,2,9,3.6,0.9,0.3,0,0,3.6,0.5,3.3,440.7
26,79,1,2,0.7,0.1,0.1,0,0.1,0.7,0.1,0.5,73.9
26,21,2,5,2.8,1.5,0,0.5,0,2.3,0.7,2,230.5
26,35,1,4,1.3,0.2,0.2,0,0,1.3,0.2,1.3,143.7
26,96,4,51,19.4,3.6,1.6,0.8,1.6,18.6,1.6,16.3,2073.8
26,51,1,1,0.4,0.1,0,0,0,0.4,0.1,0.4,49
26,73,2,14,6.5,1.5,0.3,0,0.5,6.5,0.5,5.5,699
26,0,2,5,2.8,1.6,0.1,0,0.2,2.8,0.6,2.2,265.6
26,95,2,28,10.6,1.8,0.8,0.4,0.8,10.2,0.8,9,1136.8
26,76,1,2,1,0.3,0,0.1,0,0.9,0,0.7,102.3
26,71,2,3,1.4,0.3,0,0,0.1,1.4,0.1,1.2,149.8
26,26,2,4,1.7,0.3,0,0,0.1,1.7,0.2,1.7,164.7
26,9,1,10,5.7,3.3,0,0,0,5.7,0.5,4.8,578.6
26,82,2,7,2.4,0.2,0.2,0,0.2,2.4,0.4,1.9,258.8
26,104,1,1,0.4,0.1,0.1,0,0,0.4,0.1,0.4,39.4
26,23,1,1,0.4,0.1,0,0,0,0.4,0,0.3,43.3
26,19,1,2,1.1,0.6,0,0.2,0,0.9,0.3,0.8,92.2
26,100,4,55,24.3,6.8,0.8,0.4,1.2,23.9,2.1,23,2588.9
26,53,1,3,1.4,0.4,0.1,0,0.1,1.4,0,1.2,151.5
26,36,1,7,2.3,0.4,0.4,0,0,2.3,0.4,2.3,251.4
26,62,0,71,29,8,2,0,2,29,0,24,2664
26,97,1,3,1.2,0.3,0.1,0.1,0.1,1.1,0.1,1,123.4
26,12,1,1,0.4,0.1,0,0,0,0.4,0,0.3,44.8
26,30,2,10,3.9,0.4,0,0,0.3,3.9,1.4,3.7,445.6
26,64,2,22.5,10.5,3.8,0.7,0.7,0.7,9.8,0.7,6.8,1029.8
26,108,2,8,4.8,2.5,0,0.3,0.3,4.5,1.5,3.7,498
26,33,1,1,0.5,0.3,0.1,0,0,0.5,0.1,0.4,62.4
26,28,1,4,1.9,0.6,0,0,0,1.9,0.4,1.9,203.7
26,93,1,3,1.4,0.6,0.1,0,0,1.4,0.1,1.2,158.2
26,41,2,11,5,1.7,0.3,0,0.3,5,0.3,4.3,497.8
26,60,1,4,1.6,0.3,0.2,0,0.2,1.6,0.1,1.3,175
26,27,3,8,3.9,1.1,0,0,0,3.9,0.9,3.9,407.4
26,24,1,2,0.8,0.1,0,0,0.1,0.8,0.1,0.8,75.9
26,101,1,3,1.3,0.4,0,0,0.1,1.3,0.1,1.3,141.2
26,50,2,21,8.5,2,0.6,0,0,8.5,1.1,7.7,1028.4
26,92,1,2,1,0.4,0,0,0,1,0.1,0.8,105.5
26,63,1,12.5,5.6,2,0.4,0,0.4,5.6,1.2,3.6,617.1
26,103,1,4,1.8,0.5,0.1,0,0.1,1.8,0.2,1.7,188.3
26,83,1,6,2,0.2,0.2,0,0.2,2,0.3,1.6,221.8
120,40,3,28,11.9,3.5,0.9,0,0.7,11.9,1.2,11.6,1108.1
120,35,1,2,0.8,0.2,0.1,0,0.1,0.8,0.1,0.5,84.7
120,107,3,9,4.5,1.4,0.2,0.7,0.7,3.8,0.2,4,540.5
120,34,1,3,1.1,0.3,0.1,0,0.2,1.1,0.2,0.8,127.1
120,102,1,2,0.9,0.1,0,0,0,0.9,0,0.8,117.3
120,74,2,7,2.7,0.7,0.4,0.1,0.2,2.6,0.4,2.2,280.2
120,100,4,25,11.9,3.4,0.6,0.8,0.1,11.1,1,10.1,1397.8
120,50,2,2,1,0.6,0,0,0,1,0.2,0.8,93.8
120,52,2,16,5.9,1.4,0.7,0,0.2,5.9,0.5,4.6,628.1
120,62,1,45,15.1,1.2,2.1,0,2.1,15.1,1,10.7,1357.4
120,23,3,5,2.3,0.7,0.1,0,0.2,2.3,0.4,1.9,241.8
120,105,1,1,0.4,0.1,0,0,0,0.4,0,0.4,55.3
120,24,1,23,8.8,1.2,0,0.6,0,8.2,1.2,6.5,786.7
120,72,2,49,21.4,6.8,1.5,0.2,0,21.2,1,16.9,2069.2
120,45,4,19,7.2,1.5,0.7,0,0.7,7.2,1.3,5.4,667.7
120,44,1,6,2.3,0.5,0.2,0,0.2,2.3,0.4,1.7,210.9
120,80,1,2,1,0.3,0.1,0,0,1,0.1,0.8,110.2
120,60,1,4,1.5,0.4,0.2,0,0.1,1.5,0.2,1.4,160.2
120,51,3,20,9.5,4.4,0.7,0,0.2,9.5,1.6,7.7,928.1
120,76,1,4,1.8,0.4,0.2,0,0.2,1.8,0,1.5,199.8
120,77,2,10,4.4,1,0.4,0,0.4,4.4,0,3.8,499.6
120,38,1,3,1.3,0.4,0.1,0,0.1,1.3,0.2,1,125.2
120,43,1,11,4.3,1.7,0.6,0,0.3,4.3,0.6,3.1,490.3
120,59,2,9,3.5,0.9,0.3,0,0.3,3.5,0.5,3,363
120,81,1,2,0.8,0.2,0.1,0,0.1,0.8,0.2,0.7,74.8
120,20,1,1,0.4,0.1,0.1,0,0,0.4,0,0.3,40.6
120,61,4,36,13.1,2.2,1.2,0.2,0.4,12.9,0.4,11.5,1382.5
120,29,3,10,4.3,1.8,0.1,0,0,4.3,0.3,2.9,451.4
120,101,2,34,16.1,4.2,0.6,1,0.1,15.1,1.4,13.9,1915.9
120,11,3,4,1.6,0.5,0.3,0,0,1.6,0.4,1.4,151
120,26,1,2,0.8,0.1,0,0.1,0,0.7,0.1,0.6,68.4
120,46,1,2,0.8,0.2,0.1,0,0.1,0.8,0.1,0.6,70.3
120,33,1,2,0.8,0.2,0.1,0,0,0.8,0,0.6,84.3
120,42,2,10,4.1,1,0.1,0,0.3,4.1,0.3,3.9,406.5
120,54,1,6,2.5,0.8,0.2,0,0.5,2.5,0.6,2.2,267.4
120,41,2,8.5,3.6,1,0.3,0,0.2,3.6,0.4,3.5,336.4
120,12,2,17,6.6,2.2,0.9,0.2,0.3,6.4,1.1,5.7,659.3
120,18,1,2,0.7,0.1,0.1,0.1,0,0.6,0,0.6,82.1
120,22,2,7,2.7,0.6,0.3,0,0.2,2.7,0.6,2.2,279.3
120,63,2,21,7.4,0.8,0.6,0.1,0.3,7.3,0.1,6.4,775
120,27,1,3,1.1,0.2,0.2,0,0,1.1,0,1,118.6
120,13,1,10,3.8,1.2,0.5,0.3,0.4,3.5,0.5,3.2,412.7
120,108,1,1,0.5,0.2,0,0.1,0.1,0.4,0,0.4,60.1
120,10,1,7,2.7,0.9,0.4,0,0,2.7,0.5,2.5,255.9
120,73,1,4,1.9,0.6,0.1,0,0.2,1.9,0.2,1.8,185.1
120,15,1,5,1.8,0.3,0.2,0,0,1.8,0.2,1.2,143.8
104,40,3,45,16.7,3.2,1.9,0,1.3,16.7,1.3,15.4,1911.9
104,35,1,1,0.4,0.2,0.1,0,0,0.4,0,0.4,39.4
104,47,2,90.5,32.3,6.4,4.5,2,1.2,30.3,2.1,25.9,3484.8
104,84,3,14,6.6,3,0.4,0,0.4,6.6,1.3,5.3,667.2
104,89,2,12,4.9,1.3,0,0.4,0.9,4.5,0.2,4.5,612.2
104,45,1,25,12.4,4.6,0,0,1,12.4,1.2,10.1,1117.4
104,48,3,43.5,19.7,7.5,0.9,0,1.1,19.7,3.7,15.2,1869.9
104,88,1,2,0.7,0.1,0.1,0,0.1,0.7,0.1,0.7,89.1
104,67,3,29,10.8,1.1,0.5,0,1.1,10.8,1.4,10.3,1171.4
104,75,2,11,4.5,1.8,0.6,0,0.3,4.5,0.6,4.2,515.8
104,2,1,3,1,0.1,0.1,0,0.1,1,0.1,0.7,106.9
104,98,2,9,4,0.9,0.4,0,0.2,4,0.2,3.4,496.6
104,82,1,6,2.2,0.3,0.1,0,0,2.2,0.1,1.8,289.3
104,93,1,10,4,1.2,0.6,0,0.3,4,0.6,3.4,513.5
104,72,4,42,14,1.8,2.4,0,0.5,14,1.4,14,1534.4
104,17,3,33,12.1,2.2,1.5,0.4,0,11.7,0.7,9.6,1334.7
104,3,2,172.5,59.6,10.4,6.4,1,6.1,58.6,4.1,47.1,6532.3
104,90,1,13,5.3,1.4,0,0.5,1,4.8,0.2,4.8,663.2
104,73,1,7,2.3,0.3,0.4,0,0.1,2.3,0.2,2.3,255.7
104,106,3,31,15.2,4.5,0.2,0.1,0.4,15.1,1.3,12.8,1763.6
104,99,2,10,4.3,0.7,0.4,0,0.4,4.3,0.4,3.9,635.7
104,74,1,6,2.4,1,0.3,0,0.2,2.4,0.3,2.3,281.4
104,7,2,19,5.7,0.5,1,0,0,5.7,1,4.3,578.6
104,38,2,5,2.6,1,0.2,0,0,2.6,0,2,267.6
104,21,1,1,0.4,0.1,0,0,0,0.4,0,0.3,35.1
104,29,3,13,5.4,1.3,0.5,0,0.2,5.4,0.5,4.6,525.2
104,46,4,39,15.1,4.8,1.6,0,0.2,15.1,2,11.6,1555.9
104,30,1,12,4.9,1.3,0.4,0,0.2,4.9,0.4,4.3,484.7
104,68,2,9,3.4,0.3,0.2,0,0.3,3.4,0.4,3.2,363.6
104,103,3,10,4.1,0.2,0,0,0.2,4.1,0,4,519.1
104,0,1,4,1.4,0.3,0.2,0,0.1,1.4,0.2,1.2,200.9
104,77,2,6,2.4,0.3,0.1,0,0.3,2.4,0.5,1.8,237.8
104,85,2,7,3.2,1.5,0.3,0,0.3,3.2,0.7,2.7,333.6
104,105,2,16,6.5,0.9,0,0.4,0.6,6.1,0.9,5.2,879.3
104,55,1,1,0.5,0.2,0,0,0,0.5,0,0.5,53.4
104,86,2,14,5.2,0.6,0.6,0,1,5.2,0.6,4.6,623.4
104,49,2,7,3.1,1.1,0.3,0,0.4,3.1,0.7,2.7,349
104,81,2,6,2.1,0.3,0.1,0,0,2.1,0.1,1.8,289.3
104,4,2,29,9.6,1.1,1.8,0.4,0.7,9.2,1.5,7.4,1055
104,101,3,7,2.9,0.2,0.1,0,0.1,2.9,0.1,2.8,398.3
104,6,3,14,4.3,0.4,0.7,0,0.1,4.3,0.7,3.2,450
104,54,2,19,9.5,3.6,0.2,0,0.5,9.5,0.7,9,1015.4
104,20,1,15,5.3,0.9,0.6,0,0.1,5.3,0.6,4.7,526.5
104,25,1,27,8.9,1.6,1,0,0.3,8.9,0.6,7,942
104,36,2,5,2.2,1.1,0.3,0.2,0.2,2,0.2,2.2,196.9
104,95,3,18,6.9,1.8,1,0.4,0.6,6.5,0.2,6.5,791.8
104,87,1,40,15.5,3.2,1.2,2,2.3,13.5,2.2,11.3,1529.1
104,13,1,4,1.3,0.2,0.3,0.1,0.1,1.2,0.2,1,128.5
104,102,2,6,2.5,0.1,0,0,0.1,2.5,0,2.4,311.5
104,5,4,64,21.3,2.4,3.9,1,1.5,20.3,3.5,16.4,2328.2
104,53,1,14,5.3,1.5,0.3,0,0.6,5.3,1.2,3.8,489.3
104,91,2,84.5,33.1,8.2,3,0.4,2.3,32.7,2.2,24.7,3630.5
104,15,2,14,4.1,0.7,1.1,0,0.3,4.1,0.7,3.5,516.3
104,96,1,2,0.8,0.2,0.1,0.1,0.1,0.7,0,0.7,88
104,80,1,4,1.4,0.2,0.1,0,0,1.4,0.1,1.2,192.9
104,28,2,4,1.6,0.4,0.2,0,0,1.6,0.2,1.4,168.2
104,16,1,5,1.8,0.3,0.2,0,0,1.8,0.1,1.4,202.2
104,26,1,15,5,0.9,0.5,0,0.2,5,0.4,3.9,523.3
104,104,2,9,3.6,0.5,0,0.2,0.3,3.4,0.5,3,494.6
104,1,1,2,0.7,0.2,0.1,0,0,0.7,0.1,0.6,100.4
104,23,1,7,2.3,0.4,0.1,0,0,2.3,0.3,1.6,251
104,66,1,17,6.4,0.6,0.3,0,0.6,6.4,0.8,6,686.7
104,76,2,20.5,8.3,1.7,0.6,0,0.7,8.3,1.5,6.4,848.8
104,83,1,1,0.4,0,0,0,0,0.4,0,0.3,48.2
106,40,1,4,1.6,0.5,0.1,0,0.1,1.6,0.1,1.4,165
106,89,0,265.5,95,25,12,24,5,71,9,68,8651
106,79,1,65.5,18.7,1.2,4.1,0,2,18.7,0,17.6,2159.5
106,10,1,3,1.1,0.3,0.2,0,0,1.1,0,1,116.9
106,8,1,3,0.9,0,0.1,0,0.1,0.9,0,0.8,102.1
106,88,2,3,1.2,0.2,0,0,0.1,1.2,0.1,0.9,141.6
106,90,0,275,126,49,8,63,11,63,7,59,9487
106,75,2,2,0.8,0.2,0,0,0,0.8,0.2,0.6,78.8
106,100,2,31,10.4,2.2,1.9,0,1.5,10.4,0.4,8.5,1232.3
106,2,1,313.5,145.6,47.5,10.1,37,26.3,108.6,24.3,74.2,12539.7
106,82,2,151,49.6,6.7,8.2,0,4.2,49.6,2.4,44.3,5531.8
106,31,1,4,1.5,0.4,0.2,0,0.1,1.5,0.4,1.2,154.5
106,99,2,20,6.7,1.5,1.2,0,0.9,6.7,0.3,5.5,795
106,72,1,3,1,0.1,0.1,0,0.1,1,0,0.8,98.7
106,98,2,7,2.6,0.6,0.5,0,0.1,2.6,0.5,2.3,296.6
106,86,1,8,3.4,0.4,0,0,0.2,3.4,0.2,2.5,377.7
106,83,3,12,4.7,1.1,0.5,0,0.1,4.7,0.6,4,537.7
106,54,2,14,4.8,0.8,0.5,0,0.2,4.8,0.5,4.3,536.7
106,80,1,356,117.5,19.5,11.7,6,10,111.5,7,86.4,12531.3
106,60,3,35,14.8,4.3,0.6,0,0.9,14.8,2.2,13.1,1542.6
106,3,0,331.5,168,79,7,72,22,96,18,84,13532
106,94,1,1,0.4,0.1,0,0,0,0.4,0,0.4,55.2
106,4,2,168.5,87.3,46.6,4.4,15,7,72.3,15.2,50.9,7683.1
106,73,1,54,17.3,1.4,1.4,0,1.4,17.3,0.7,14.4,1777
106,102,3,61,27.5,3.4,0.9,0.2,1.1,27.3,0.6,25.9,3545.9
106,105,2,12,4.8,0.8,0.6,0.2,0.6,4.6,0,4.6,607
106,103,4,55,20.4,2.5,1.4,0.5,2,19.9,0.9,17.5,2464.2
106,36,3,11,5.2,1.4,0.1,0.1,0.3,5.1,0.6,4.7,473.8
106,84,2,22,10.5,3,0.5,1.5,1,9,0,8,1263
106,0,3,13,4.7,1.2,0.8,0,0.1,4.7,0.8,3.9,652.8
106,57,4,52,19.5,4.8,1,0,0.5,19.5,2.7,17.8,1956.5
106,20,1,13,4.3,0.8,0.3,0,0,4.3,0.5,3,466.1
106,53,2,49.5,18.5,3.3,1.6,0.2,2.8,18.3,0.6,11.3,1819.3
106,27,1,2,0.9,0.2,0,0,0,0.9,0.2,0.8,89.5
106,68,1,1,0.4,0.2,0,0,0,0.4,0.1,0.4,48
106,92,0,163,68,21,7,26,9,42,7,29,6074
106,81,2,143,47.4,7.8,5.4,0,4.1,47.4,4.4,42.9,4912.2
106,85,1,2,1,0.3,0,0.2,0.1,0.8,0,0.7,114.8
106,87,2,6,2.6,0.4,0,0,0.2,2.6,0.2,1.8,283.2
106,39,1,3,1.2,0.4,0.1,0,0.1,1.2,0.1,1.1,123.8
106,29,2,3,1.2,0.3,0.2,0,0.1,1.2,0.3,0.9,115.8
106,6,1,13,4.9,1.4,0.9,0,0,4.9,0.5,4.2,535.3
106,43,2,12,4.6,1.5,0.4,0,0,4.6,0.8,4.6,400.2
106,78,3,19,7.4,1.9,0.4,0,0.3,7.4,0.4,6,720.1
106,95,1,1,0.4,0.1,0,0,0,0.4,0,0.4,55.2
106,77,1,14,5.4,1.4,0.3,0,0.2,5.4,0.3,4.5,530.6
106,101,0,169,74,21,2,3,3,71,2,60,7458
106,42,2,5,1.9,0.6,0.1,0,0,1.9,0.4,1.9,166.8
106,52,1,92,35.9,8.5,3.2,0,2.3,35.9,4.2,35.5,3293.1
106,104,0,93,34,6,5,0,1,34,3,32,4478
106,12,2,31,11.1,2.5,0.9,0,0.9,11.1,0.9,8.2,1294.5
106,13,2,25,9,2,0.7,0,0.7,9,0.7,6.7,1044
106,55,1,2,0.7,0.1,0.1,0,0,0.7,0.1,0.6,76.7
106,58,3,17,6.4,1.7,0.3,0,0.2,6.4,0.9,5.9,639.6
106,37,1,3,1.4,0.4,0,0,0.1,1.4,0.2,1.3,126.1
106,61,1,13,5.5,1.6,0.2,0,0.4,5.5,0.9,4.9,573
106,5,0,35,12,2,3,0,0,12,0,10,1278
106,24,1,16,7.2,1.7,0,0,0,7.2,1.3,6.7,715.8
106,91,1,240.5,98.8,26.9,6.3,6.8,5.8,92,13.6,83.7,9857.4
106,51,1,1.5,0.6,0.1,0.1,0,0.1,0.6,0.1,0.5,55.2
106,22,1,18,6.9,0.9,0,0,0.9,6.9,0.6,5.9,706.5
106,28,1,1,0.4,0.1,0,0,0,0.4,0.1,0.4,44.7
106,97,1,18,6.5,1.4,1.1,0,0.4,6.5,1.1,6.1,762.5
106,14,1,1,0.4,0.1,0,0,0,0.4,0.1,0.3,40
106,67,1,3,1.3,0.5,0.1,0,0,1.3,0.2,1.1,143.9
106,56,1,6,2.2,0.6,0.1,0,0.1,2.2,0.3,2.1,225.8
106,76,2,60.5,22.4,6.2,1.5,0,1.4,22.4,1.7,20,2476
106,23,2,15,5.8,0.8,0,0,0.8,5.8,0.5,4.9,588.8
106,59,2,5,2.1,0.6,0.1,0,0.2,2.1,0.3,1.8,220.3
106,1,1,23,16.7,12.2,0.1,7,2,9.7,1.1,1.6,1091.4
121,17,2,11,5.5,3.1,0.4,0,0,5.5,1.3,3.4,421.1
121,47,2,16,6,1.3,0.7,0,0.7,6,1.1,4.6,562.3
121,34,1,12,4.5,1.3,0.4,0,0.9,4.5,0.6,3.2,508.3
121,21,3,26.5,10.5,2.2,1.1,0,0.6,10.5,2,8.6,1061.1
121,71,3,14,6.7,2.1,0.2,0,0.5,6.7,0.7,6,637.1
121,52,2,11,4,1.1,0.6,0,0.3,4,0.3,3.1,431.8
121,75,3,20,7.9,2.1,1.1,0.4,1.1,7.5,1.1,5.7,805.2
121,72,3,10,4.9,1.6,0.1,0,0.4,4.9,0.6,4.6,462.6
121,16,1,2,1,0.6,0.1,0,0,1,0.2,0.6,76.6
121,24,1,1,0.4,0.1,0,0,0,0.4,0.1,0.3,40.4
121,14,2,3,1,0.2,0.2,0.1,0,0.9,0,0.9,123.2
121,62,2,20,7.1,1.4,1,0,0,7.1,0,6.9,755.3
121,80,2,9,4.3,1.5,0.3,0,0.2,4.3,0.3,3.7,496.2
121,60,1,4,1.5,0.4,0.2,0,0.1,1.5,0.2,1.4,160.2
121,58,2,20,8.4,1.6,0.6,0,0,8.4,0.6,7.3,1042.7
121,56,2,13,5.4,1.7,0.5,0,0.9,5.4,1.1,4.7,586.9
121,61,1,41,14.8,3.5,2.4,0,1,14.8,0,11.7,1550.1
121,51,3,8,3,1,0.4,0,0.2,3,0.3,2.3,321.7
121,73,3,70,29.6,6.8,2.4,0,2.2,29.6,2.6,27.8,3131.9
121,9,2,11,4.3,1.4,0.6,0,0,4.3,0.8,4,402.2
121,26,1,2,0.8,0.2,0,0,0.1,0.8,0.1,0.5,80.9
121,78,2,4,1.6,0.1,0,0.1,0.1,1.5,0.1,1.3,224.9
121,18,1,1,0.5,0.3,0,0,0,0.5,0.1,0.3,38.3
121,59,3,31,12,3.2,1.3,0,1,12,1.8,10.5,1241.3
121,55,1,6,2.5,0.8,0.2,0,0.5,2.5,0.6,2.2,267.4
121,29,2,10,4.4,2,0,0,0,4.4,0.4,2.8,458.8
121,57,1,2,0.8,0.2,0.1,0,0,0.8,0.1,0.7,104.3
121,37,2,8,3.4,1,0.3,0,0.2,3.4,0.6,2.6,333.9
121,13,3,18,7,2.1,1,0.5,0.7,6.5,1,5.6,742.9
121,11,1,10,3.8,1.2,0.5,0.3,0.4,3.5,0.5,3.2,412.7
121,28,1,4,1.7,0.4,0.1,0,0.2,1.7,0.3,1.1,161.8
121,54,1,2,0.8,0.3,0.1,0,0.2,0.8,0.2,0.7,89.1
121,32,1,6,2.4,0.7,0.3,0,0.1,2.4,0.1,1.7,252.8
121,12,2,17,6.5,2.1,1,0.4,0.7,6.1,1,5.4,701.7
121,36,1,2,0.9,0.3,0.1,0,0,0.9,0.1,0.7,83.5
121,39,1,9,3.9,1.3,0.3,0,0.3,3.9,0.4,3.8,356.1
121,23,1,6,2.2,0.4,0.3,0,0.1,2.2,0.5,1.8,223.5
121,27,1,2,0.8,0.2,0,0,0.1,0.8,0.1,0.5,80.9
100,56,1,5,1.9,0.2,0.3,0,0,1.9,0.1,1.6,205.2
100,40,1,13,5.3,1.6,0.3,0,0.3,5.3,0.3,5,533.1
100,35,3,111,34.1,3.9,6.3,0,3,34.1,2.9,33.7,4036.6
100,88,3,10,4.1,1.3,0.2,0.1,0.3,4,0.5,3.8,467.3
100,100,1,1,0.4,0.1,0,0,0,0.4,0,0.3,53.3
100,8,3,18,7,1,0.3,0.2,0.7,6.8,0.5,6.3,794.2
100,96,1,1,0.4,0.1,0,0,0,0.4,0,0.4,47
100,79,2,20,8.3,0.9,0.4,0.4,1.7,7.9,0.9,7.6,1147.9
100,93,3,9,3.8,1,0.4,0,0,3.8,0,3,481.8
100,38,3,19,7.7,1.8,0.1,0,0.8,7.7,1.5,5.9,793.9
100,3,3,15,4.8,0.8,1,0.1,0.2,4.7,0.7,3.6,485.8
100,67,3,12,5,1.3,0.2,0,0.3,5,1.4,3.6,481.6
100,62,4,25.5,9,1.3,1.4,1.2,1.1,7.8,2.9,7.5,849.3
100,27,2,8,3.1,0.9,0.4,0.1,0.1,3,0.3,2.6,277.1
100,99,1,10,3.6,0,0.2,0,0.9,3.6,0.7,2.7,476.6
100,94,3,30.5,11.5,2,0.7,0,1.1,11.5,0.6,10.8,1350.6
100,90,1,3,1.1,0.2,0.1,0,0,1.1,0,0.9,159.7
100,21,2,27,10.9,3.2,1.2,0,0.4,10.9,1.6,8.1,955.2
100,80,2,18,8,3,0,1.5,0.5,6.5,1.5,6,750
100,39,2,10,4.1,1.2,0.2,0,0.2,4.1,0.2,3.8,410
100,9,2,6,2.2,0.4,0.2,0,0.2,2.2,0.2,1.8,231
100,60,1,123,44.5,10.3,5.1,0.1,3,44.4,5,39.5,4650.1
100,101,0,80,26,1,4,0,1,26,3,23,3703
100,4,2,7,2.7,0.3,0.2,0,0.5,2.7,0.3,2.5,316.2
100,22,2,21,8.5,2.5,0.9,0,0.4,8.5,1.2,6.4,746.6
100,97,1,1,0.4,0.1,0,0,0,0.4,0.1,0.4,54.5
100,61,1,204.5,90.1,29.2,3.5,23.6,10.9,66.5,6.5,38.6,7579.4
100,83,2,6,2.3,0.3,0.3,0,0.1,2.3,0.3,2.1,311.5
100,102,2,122,39.9,5.5,7.3,0,1.4,39.9,1.3,37.4,6275.4
100,19,0,24,11,3,1,6,0,5,0,8,847
100,17,0,342.5,138,50,12,23,11,115,14,89,13022
100,2,1,6,1.9,0.3,0.2,0,0.2,1.9,0.2,1.6,194.3
100,18,0,342,138,44,13,0,7,138,16,85,14030
100,77,1,120.5,40.4,5.4,4.2,0,1.2,40.4,2.3,36.1,4726.2
100,52,2,27,10.9,4.5,0.8,0,0.4,10.9,1.6,8.5,1109
100,45,1,12,4.1,1.2,1,0,0.4,4.1,0.6,3.5,448.6
100,29,1,2,0.8,0.1,0.1,0,0.1,0.8,0.1,0.5,87
100,59,3,59,21.8,4.7,1.8,0.1,0.4,21.7,0,21.4,2272.2
100,13,2,62,21.2,4.9,3.7,0,1.1,21.2,1.2,19.4,2336.1
100,44,3,25,8.7,2.7,2.1,0,0.8,8.7,1.3,7.5,930.9
100,74,1,4,1.7,0.4,0,0,0.1,1.7,0,1.5,159.2
100,7,1,11,4.1,0.6,0.2,0,0.4,4.1,0.4,3.7,471.8
100,5,2,4,1.5,0.1,0,0,0.3,1.5,0.2,1.5,179.6
100,36,2,31,9.6,1.5,1.9,0,0.5,9.6,0.3,9.4,1205.5
100,92,2,3,1.2,0.3,0.1,0,0,1.2,0,1,159.8
100,64,1,2,0.8,0.1,0,0,0.1,0.8,0.1,0.6,80.6
100,95,2,10,3.9,0.8,0.3,0,0.4,3.9,0.2,3.6,457.9
100,78,2,65,24.1,2.5,1.1,0,1.1,24.1,0.3,23.8,3062.1
100,58,0,40,18,5,0,2,1,16,0,13,1663
100,14,3,7,2.8,0.4,0,0,0.2,2.8,0.2,2.3,273.2
100,0,2,6,1.9,0,0.3,0,0.4,1.9,0.3,1.5,247
100,81,1,2,0.8,0.1,0,0,0.2,0.8,0.1,0.8,114.8
100,12,1,10,3,0.6,0.8,0,0,3,0,2.8,325.6
100,76,1,57,19.4,1.7,2.3,0,2.4,19.4,1.6,18.8,2387.4
100,24,2,10,4.3,1.3,0.2,0,0.6,4.3,0.3,3.5,454.7
100,91,1,17,6.1,1.2,0.4,0,0,6.1,0,5.3,905
100,71,2,14,5.9,1.8,0.4,0.5,0.5,5.4,0.2,4.5,569.1
100,28,1,3,1.3,0.4,0,0,0.1,1.3,0.2,1.1,131.6
100,16,2,137.5,80.2,41.8,0.3,40,6.3,40.2,5.1,51.1,5944.1
100,43,1,1,0.5,0.2,0,0,0,0.5,0.1,0.4,56
100,51,1,33,13.2,5.3,1,0.1,0,13.1,1.1,11,1315.8
100,20,1,4,1.3,0.1,0,0,0.1,1.3,0.1,1.2,140.2
100,15,0,84,26,2,2,0,2,26,0,23,3057
100,104,1,4,1.8,0.4,0,0.1,0.2,1.7,0.1,1.4,281.9
100,1,1,2,0.7,0.1,0.2,0.1,0,0.6,0.1,0.4,64.8
100,23,1,2,0.8,0.2,0.1,0,0,0.8,0.1,0.6,70.5
54,38,2,24,7.8,0.9,0.9,0,0.9,7.8,0.9,7.4,834.8
54,79,2,2,1,0.4,0,0,0,1,0,0.8,102.6
54,20,0,210,84,19,5,3,8,81,12,59,8727
54,18,2,4,1.6,0.4,0.1,0,0.1,1.6,0.1,1.3,176.5
54,22,2,20,8.1,2.7,0.7,0,0.2,8.1,1.8,6.3,941.4
54,75,1,1,0.5,0.2,0,0,0,0.5,0,0.4,43
54,81,1,4,1.9,0.6,0.1,0,0.1,1.9,0.1,1.4,205.1
54,39,2,49,23.6,4.6,0.7,0,2.4,23.6,1.8,19.3,2162.6
54,58,1,2,0.7,0.1,0.1,0,0.1,0.7,0.1,0.6,83.6
54,19,2,120.5,37.9,4.8,7.6,0.1,4.7,37.8,1.6,32.8,3921.5
54,1,1,1,0.4,0.2,0,0,0,0.4,0.1,0.4,39.7
54,9,1,6,2.1,0.2,0.4,0,0.2,2.1,0,1.9,254.3
54,13,1,2,1,0.6,0.1,0,0,1,0.1,0.9,111.9
54,5,2,2,1.2,0.8,0,0,0.2,1.2,0.4,1.2,109.2
54,2,1,5,2.2,0.9,0.2,0,0.2,2.2,0.6,1.8,198.6
54,0,2,3,1.3,0.5,0.1,0,0.1,1.3,0.4,1.1,119.2
54,88,2,78,36.7,12.4,1,1,0,35.7,3,34.5,4300.2
54,60,1,4,1.7,0.5,0.1,0,0.2,1.7,0.4,1.2,170.3
54,54,1,126,45.6,9.9,8.2,0.2,0.2,45.4,2.4,38.7,5027.3
54,28,3,109,43.5,7,1.9,0.3,3.9,43.2,3.9,36.9,4129.9
54,57,3,10,3.4,0.8,0.6,0,0.8,3.4,0.6,3,417.8
54,21,2,81,31.8,6.9,1.9,0.1,2.9,31.7,1.3,24.8,3233.6
54,17,1,1,0.4,0.1,0,0,0,0.4,0,0.3,44.1
54,25,1,4,1.9,0.6,0.2,0,0.2,1.9,0.6,1.8,210.1
54,4,1,5,3.2,1.8,0,0,0.3,3.2,0.8,2.9,272.9
54,45,3,23,9.3,2.6,0.4,0,0.9,9.3,0.9,8.5,844.5
54,77,1,1,0.5,0.2,0,0,0,0.5,0,0.4,43
54,89,4,32,18.3,8.8,0.7,1.6,0.3,16.7,3.2,15.5,2348.1
54,51,1,1,0.4,0.2,0,0,0.1,0.4,0,0.3,41.6
54,87,2,27,15.3,5.5,0,0,0,15.3,0,14.5,1768.8
54,59,2,11,4.6,1.4,0.2,0,0.6,4.6,1.1,3.3,468.4
54,70,2,3,1.5,0.6,0,0,0.2,1.5,0.3,1.4,168.7
54,15,2,6,2.3,0.9,0.6,0,0.1,2.3,0.7,1.8,224.2
54,80,1,28,11.5,2.2,0,0,0,11.5,1,9.4,1160.3
54,53,2,16,6.7,2.7,0.6,0,1.7,6.7,0.3,5.4,665.6
54,40,3,30,12.7,2.7,1.1,0,0.7,12.7,3,10.6,1247.7
54,49,1,2,0.8,0.3,0.1,0,0.2,0.8,0,0.7,83.2
54,11,3,9,4.2,2.2,0.5,0,0.1,4.2,0.2,3.9,476.6
54,50,1,7,2.9,1.2,0.3,0,0.7,2.9,0.1,2.4,291.2
54,43,1,3,1.2,0.2,0,0,0.3,1.2,0.1,0.4,96.1
54,63,2,10.5,4.4,1.3,0.2,0,0.6,4.4,1,3.1,447.1
54,10,3,10,3.5,0.3,0.7,0,0.3,3.5,0,3.2,423.8
54,26,2,10,4.7,1.4,0.4,0,0.4,4.7,1.4,4.3,513.3
54,23,2,8,3.2,1.1,0.3,0,0.1,3.2,0.7,2.5,376.5
54,56,1,5,1.7,0.4,0.3,0,0.4,1.7,0.3,1.5,208.9
54,55,2,52,18.6,4.1,2.6,0.4,0.3,18.2,0.8,14.4,1944.2
54,41,2,9,3.8,0.8,0.4,0,0.2,3.8,0.9,3.2,374.3
54,90,1,19,12.1,5.5,0,0.1,0,12,1.2,11,1726.8
54,62,2,8,3.4,1,0.1,0,0.5,3.4,0.7,2.4,340.7
54,74,2,8,3.7,1.3,0.3,0,0,3.7,0.3,3.3,344.3
54,24,1,3,1.4,0.5,0.1,0,0.1,1.4,0.5,1.3,157.6
54,67,1,8,3.3,1,0.2,0.2,0.1,3.1,0.2,3.1,324.6
54,68,1,3,1.2,0.4,0.1,0.1,0,1.1,0.1,1.2,121.7
54,12,1,2,1,0.6,0.1,0,0,1,0.1,0.9,111.9
54,52,1,1,0.4,0.2,0,0,0.1,0.4,0,0.3,41.6
54,29,2,42,16.3,2.4,1.6,0,2.4,16.3,0.8,14.8,1707.2
111,40,2,5,2.1,0.7,0.1,0,0.1,2.1,0.4,1.2,200
111,34,2,9,3,0.2,0.4,0,0,3,0.4,2.3,265.9
111,47,2,94,41,11.3,0,0.4,2.7,40.6,4,36.4,4419.3
111,31,1,6,2.7,0.8,0.1,0.1,0.1,2.6,0.5,2.3,249.4
111,48,1,39,16.9,3.9,0,4.1,3.2,12.8,0.3,10.7,1488.9
111,56,2,58,20.6,1.8,2.4,0,3,20.6,2,18.3,2103
111,75,3,19,7.6,2.3,0.7,0,0,7.6,0.6,6.2,881.1
111,7,1,2,0.9,0.3,0,0,0,0.9,0.1,0.8,110.4
111,64,1,55,21.1,6.3,1.2,3,1.1,18.1,2.1,17,1889.5
111,100,1,1,0.5,0.2,0,0,0,0.5,0,0.3,53.8
111,38,1,1,0.4,0.1,0,0,0,0.4,0,0.4,50.8
111,8,2,8,3.7,1.3,0,0,0,3.7,0.3,3.3,441.6
111,33,3,28,12.5,3.6,0.4,0.3,0.4,12.2,2.5,11,1163.8
111,60,1,10,4.3,1.6,0.2,0.2,0.4,4.1,0.3,3.7,437.4
111,46,2,3,1.3,0.3,0,0,0,1.3,0.1,1.2,148.3
111,91,2,11,4.7,0.9,0,0.2,0.3,4.5,0.8,3.4,538.8
111,10,2,43,16.1,3.6,1.7,0.2,1,15.9,1.7,12.6,1769.5
111,99,3,4,2,0.8,0,0,0.1,2,0.1,1.3,215.3
111,18,1,104,43.2,10,2.1,0,10,43.2,6.1,18,3595.3
111,69,2,80.5,28.7,6.1,4.3,0,0.9,28.7,4,21.1,2759.8
111,73,2,34,13.5,2.8,0.7,0.3,1.5,13.2,1,9.9,1499.9
111,6,2,3,1.4,0.5,0,0,0,1.4,0.1,1.2,165.6
111,74,3,71,27.8,9.2,3,0,1,27.8,3.8,20.8,2773.1
111,29,3,16,6.2,1.2,1,0,0.3,6.2,1,6,694.6
111,103,2,79,29.5,5.6,1.4,2.9,2.7,26.6,0.4,21.4,3540.1
111,92,2,7,3.1,0.6,0,0.2,0.3,2.9,0.4,2.2,342.9
111,43,1,4,1.8,0.6,0.1,0,0.3,1.8,0.3,1.3,156.6
111,30,1,4,1.6,0.3,0.2,0,0.1,1.6,0.2,1.5,173.6
111,21,1,2,0.7,0.2,0.1,0,0,0.7,0.1,0.7,68.4
111,32,2,2,0.8,0.2,0,0,0,0.8,0.2,0.8,83.2
111,19,1,83.5,29.5,5.3,1.2,0,1,29.5,2.2,24.4,3284.8
111,28,3,22,8,1.4,0.4,0,0.4,8,0.8,5.6,788
111,9,1,4,1.5,0.3,0.2,0,0.1,1.5,0.2,1.2,164.6
111,16,3,19,7.2,2.2,0.5,0,0,7.2,1.3,5.8,880.1
111,37,1,3,1.3,0.3,0.1,0,0.1,1.3,0.1,1.1,152.4
111,63,2,4,1.6,0.4,0.2,0,0.2,1.6,0.2,1.4,152.6
111,57,1,70.5,30.5,8.6,0.3,0,4.9,30.5,4.9,20.6,3151.3
111,26,3,29,10.4,1.8,0.5,0,0.5,10.4,1,7.3,1038.8
111,52,1,15,5.6,0.7,0.4,0,0.6,5.6,1.1,4.3,549.3
111,58,2,132,41.3,5.3,8.2,0,2.7,41.3,2.7,31.7,4018.4
111,53,1,5,1.9,0.2,0.1,0,0.2,1.9,0.4,1.4,183.1
111,59,1,103,33.1,6.5,5.4,0.4,2.9,32.7,1.6,28.8,3084.6
111,96,1,4,1.6,0.3,0,0,0.2,1.6,0.3,1.1,154.5
111,12,1,1,0.4,0.1,0,0,0,0.4,0.1,0.3,43.2
111,98,1,4,1.6,0.3,0,0,0.2,1.6,0.3,1.1,154.5
111,54,1,3,1,0,0,0,0,1,0,0.9,110.4
111,101,2,6,2.7,0.8,0.1,0.5,0.1,2.2,0.1,1.8,288.5
111,36,1,7,3,0.6,0.2,0,0.3,3,0.3,2.7,355.6
111,14,1,3,1.2,0.4,0.1,0,0,1.2,0.3,0.9,148.4
111,13,2,27,11.5,1.8,0,0,0.6,11.5,2.1,9.4,1165.8
111,27,1,3,1.1,0.2,0.1,0,0.1,1.1,0.1,0.8,107.5
111,104,1,34,13.4,2.9,1.2,0,1.1,13.4,0.2,13.1,1884.6
111,11,2,26,9.8,2.2,0.9,0.2,0.6,9.6,0.9,7.6,1070
111,1,1,14,5.6,1.4,0,0,0,5.6,0.5,4.7,600.6
111,23,1,2,1,0.4,0,0,0,1,0.1,0.8,85.5
111,76,2,13,4.1,0.4,0.7,0.2,0.2,3.9,0.9,3.1,465.7
111,0,1,5,1.6,0.3,0.3,0,0,1.6,0.1,1.2,189.9
111,95,1,6,2.4,0.5,0,0,0.3,2.4,0.5,1.7,231.8
111,15,2,6,2.4,0.9,0.2,0,0,2.4,0.5,1.9,296.7
57,2,1,137,62.6,26.3,4.3,7,4.5,55.6,9.8,33.8,5603.1
57,46,2,84,29.8,5.6,3.6,0,6.9,29.8,3.5,17.8,2988.6
57,38,1,1,0.6,0.2,0,0,0.1,0.6,0,0.5,58.3
57,31,2,18,7,1.2,0.5,0,0.9,7,0.3,6.2,709.7
57,18,2,6,2.4,0.6,0.1,0,0.3,2.4,0.3,1.9,264.7
57,47,3,95.5,35,6.8,4.8,0,2.3,35,3.1,32.8,3758.8
57,22,2,19,6.1,1.5,1.2,0,0,6.1,0.4,5.9,728.1
57,17,1,3,1.2,0.3,0.1,0,0.1,1.2,0.1,1,132.4
57,13,2,20,6.8,0.9,0.4,0,0.9,6.8,0.4,5.9,741.9
57,58,1,10,4.4,1.4,0.2,1.2,0.2,3.2,0.6,2.4,405.8
57,5,1,2,1,0.3,0,0,0.1,1,0.1,1,98.7
57,20,1,2,0.6,0.2,0.1,0,0,0.6,0,0.6,76.6
57,9,1,4,1.4,0.2,0.1,0,0.2,1.4,0.1,1.2,148.4
57,1,3,22,9.6,3.5,1,0,0.9,9.6,2.7,7.7,874.3
57,75,1,5,1.9,0.6,0.2,0,0,1.9,0,1.6,179.1
57,39,2,52,21.5,4.7,1,0,3.7,21.5,2.8,16.4,2184.3
57,43,2,13,5.2,0.9,0.3,0,0.3,5.2,0.7,4.5,563.5
57,28,1,33,12.1,1.4,2.1,0,0.1,12.1,1.1,7.8,1284.9
57,21,2,12,3.9,0.9,0.8,0,0,3.9,0.3,3.7,459.9
57,32,2,4,1.8,0.4,0,0,0.4,1.8,0.2,1.6,163.2
57,57,1,12,5.3,1.7,0.2,1.4,0.2,3.9,0.7,2.9,487
57,4,2,7,3.7,1.1,0,0,0.3,3.7,0.3,3.3,345.5
57,73,1,8,4.1,1.4,0,0,0.4,4.1,0.8,3.6,449.8
57,45,1,31,13.4,5.3,0.2,0,1,13.4,3.2,10.2,1160.3
57,55,1,4,1.4,0.3,0.2,0,0.3,1.4,0.2,1.2,167.1
57,81,1,2,1.1,0.6,0.1,0.1,0.1,1,0.1,0.7,160.6
57,42,2,11,4.4,0.8,0.2,0,0.2,4.4,0.6,3.8,476.8
57,67,1,1,0.4,0.1,0,0,0,0.4,0,0.4,40.6
57,51,1,4,1.4,0.1,0.1,0,0,1.4,0,0.9,154.6
57,37,2,9,5.2,2.2,0,0,0.6,5.2,0,4.9,525
57,54,1,1,0.3,0.1,0.1,0,0.1,0.3,0.1,0.3,41.8
57,49,2,9,3.8,1.5,0.4,0,0.9,3.8,0.2,3,374.4
57,59,0,24,12,5,1,1,2,11,3,10,975
57,19,1,6,1.9,0.5,0.4,0,0,1.9,0.1,1.9,229.9
57,33,1,13,5.7,1.2,0,0,1.2,5.7,0.8,5.3,530.2
57,15,1,3,1.2,0.3,0.1,0,0.1,1.2,0.1,1,132.4
57,65,2,3,1.2,0.3,0.1,0,0,1.2,0.1,1.2,121.8
57,80,1,1,0.6,0.3,0,0.1,0,0.5,0,0.3,80.3
57,23,2,16,5.1,1.2,1,0,0,5.1,0.3,5,613.1
57,48,2,24,8,1.3,1.3,0,0.8,8,0.4,7.2,927.1
57,3,4,56.5,20.9,3.9,2.1,0,0.9,20.9,3.1,16.2,2251.9
57,61,2,9,3.7,1.2,0,0,0.3,3.7,0.4,3.3,432.9
57,40,2,24,9.9,2.2,0,0,2.2,9.9,1.1,8.5,1111
57,63,1,4,1.7,0.5,0.1,0,0.2,1.7,0.4,1.2,170.3
57,10,1,2,0.7,0.1,0,0,0.1,0.7,0,0.6,74.2
57,64,1,2,0.8,0.2,0.1,0,0,0.8,0.1,0.8,81.2
57,52,2,7,2.5,0.2,0.2,0,0,2.5,0,1.6,270.5
57,29,2,35,13,2,1.1,0,1.1,13,0.3,11.6,1366.5
57,12,1,2,0.7,0.1,0,0,0.1,0.7,0,0.6,74.2
57,27,3,20,10.6,4.5,0.6,0,0.6,10.6,0.6,8.2,1008.8
57,74,2,24,9,3,1.2,0,0,9,0,7.8,859.8
57,6,1,1,0.5,0.2,0,0,0,0.5,0,0.5,49.4
57,77,1,13,8.2,4.1,0,0,0,8.2,2.1,4.1,758.1
57,70,1,9.5,4.1,0.7,0.3,0,1,4.1,1,3.5,470.9
57,72,1,6,3,1.1,0,0,0.3,3,0.6,2.7,337.4
57,34,1,5,2.8,1.3,0,0.2,0.5,2.6,0.5,2.2,264
57,62,1,5,2.1,0.6,0.1,0,0.3,2.1,0.5,1.5,212.9
57,41,1,3,1.2,0.2,0.1,0,0.1,1.2,0.2,1,130
57,53,1,4,1.4,0.1,0.1,0,0,1.4,0,0.9,154.6
79,31,4,42,20.7,7.3,0.9,0,3.5,20.7,2.7,16.7,1973.8
79,54,3,17,6.4,1.4,0.3,0,0.8,6.4,0.8,5.7,684.5
79,8,2,16,4.4,0,1.2,0,0.5,4.4,0.7,3.7,537.3
79,20,1,7,3.7,1.4,0.2,0,0.5,3.7,0.2,3.5,501
79,35,2,66,26.6,8.3,1.9,0,0.4,26.6,7.9,23.8,2798.9
79,45,2,6,2.2,0.4,0.4,0,0.4,2.2,0.4,1.6,261.4
79,43,1,9,3.3,1.1,0.4,0,0.3,3.3,0.1,3.1,380.5
79,18,1,2,0.7,0.2,0.2,0,0,0.7,0.1,0.7,71.8
79,34,2,8,3.3,0.8,0.3,0,0.1,3.3,0.7,3.1,348.1
79,32,3,5,2.5,1,0,0,0.5,2.5,0.3,2,227.7
79,48,2,36,20.4,8.9,0,2,0.5,18.4,3.3,17.1,2120.3
79,50,0,122.5,40,7,5,0,4,40,2,28,3844
79,40,3,38,14,2.8,1.8,0,0.7,14,0.4,13.4,1593.2
79,36,3,29,14.1,4.6,0.7,0,0.9,14.1,2,11.8,1398.9
79,42,3,20.5,7.6,2.4,0.9,0,0.6,7.6,0.3,7,866.8
79,46,1,5,1.8,0.2,0.2,0,0.2,1.8,0.4,1.4,217.8
79,63,2,7,2.9,0.3,0,0,0.3,2.9,0.4,1.8,339.2
79,7,3,11,3,0,0.8,0,0.3,3,0.5,2.5,369.4
79,11,3,10,3.6,0.4,0.4,0,0.3,3.6,0.8,2.9,413.7
79,0,2,8,3.3,1.1,0.3,0,0.3,3.3,0.3,3,327.5
79,57,1,3,1.4,0.4,0,0,0,1.4,0.2,1.1,122.7
79,64,1,3,1.2,0.3,0.1,0,0.2,1.2,0.2,1.1,143.2
79,60,2,7,2.9,1,0.4,0,0.3,2.9,0.7,2.9,333.8
79,49,1,163.5,82.2,31.3,1.4,5,8,77.2,6.4,59.2,8281.7
79,61,1,8,3.3,1.1,0.6,0,0.3,3.3,0.8,3.3,381.5
79,65,1,4,1.6,0.4,0.1,0,0.3,1.6,0.2,1.5,191
79,28,2,14,7.5,2.2,0,0,0,7.5,0.9,7,779.2
79,39,2,20,7.3,1.5,0.9,0,0.4,7.3,0.3,7.1,838.5
79,62,2,16,6.7,0.6,0,0,0.6,6.7,1,4.1,775.2
79,67,1,5,2.1,0.3,0.1,0,0.1,2.1,0.2,1.5,286
79,59,1,6,2.5,0.8,0.4,0,0.2,2.5,0.6,2.5,286.1
79,29,4,20,8.8,2.5,0.5,0,2.5,8.8,2,7.5,1216.5
79,1,2,8,3.3,1.1,0.2,0,0.2,3.3,0.2,3.1,327.4
79,56,1,16,7.5,2.1,0,0,0,7.5,1.1,5.9,654.4
79,24,2,8,3.4,1.4,0.2,0,0,3.4,0.4,2.2,325.4
79,68,1,9,3.8,0.6,0.2,0,0.2,3.8,0.4,2.7,514.7
79,14,2,9,3,0.8,0.8,0,0.2,3,0.6,3,323.2
79,12,1,4,1.4,0.2,0.2,0,0.1,1.4,0.3,1.1,165.5
79,41,1,5,1.8,0.4,0.2,0,0.1,1.8,0.1,1.8,209.6
79,88,1,17,5.3,0.8,1.1,0.1,0.6,5.2,0.4,4.2,615.4
79,89,0,280.5,128,35,5,4,14,124,10,95,14037
79,85,3,74.5,29.1,8.9,3.4,0,3.4,29.1,1.4,21.1,3244.6
79,81,2,5,2.3,0.8,0,0.6,0.2,1.7,0.8,1.7,267.7
79,94,0,570,375,237,4,327,26,48,57,194,25926
79,86,1,289.5,109.5,19.4,8.7,2.2,12,107.3,4.6,100.8,12779.4
79,83,2,17,7.8,2.5,0,0.2,0.6,7.6,0.3,7.2,846.9
79,93,0,421,255,136,2,163,14,92,23,160,21993
79,90,2,36,17.4,3.8,1,0,0.8,17.4,0,15.4,2639.5
79,73,1,5,1.6,0.2,0.1,0,0,1.6,0.2,1.5,178.4
79,72,1,28,9.1,1.2,0.6,0,0,9.1,1.2,8.5,998.9
79,95,2,101,57.9,31.8,2.1,33.2,5.1,24.7,7.3,40.6,5463.4
79,82,1,8,3.7,1.2,0,0.1,0.2,3.6,0.2,3.4,398.5
79,92,1,111.5,64.2,34.8,3,42.3,4.3,21.9,10.3,33.2,5389.8
79,80,2,11,5.1,1.7,0,1.3,0.4,3.8,1.7,3.8,588.9
79,71,0,26,11,3,1,0,2,11,2,9,1032
79,91,3,15,8.8,4.3,0,2.9,0.9,5.9,0.6,8,945.9
79,96,2,20,9.5,3.9,0.5,6.2,0.5,3.3,1.1,8.3,971.7
79,87,1,2,0.6,0.1,0.1,0,0.1,0.6,0,0.5,72.4
1,35,2,16,5.6,1.2,0.7,0,0.4,5.6,0.7,5.1,611.1
1,7,1,2,0.9,0.3,0.1,0,0.1,0.9,0.2,0.7,83.3
1,80,1,2,0.7,0.2,0.1,0,0,0.7,0,0.7,76.6
1,0,4,33,14.7,6.4,1.4,3.4,0,11.3,2.5,11.3,1489.8
1,43,1,5,2,0.6,0.2,0,0,2,0.4,1.6,199.9
1,1,3,8,3.6,1.7,0.3,0.3,0,3.3,0.5,3.2,393.2
1,12,1,1,0.5,0.2,0,0,0,0.5,0,0.4,46.1
1,70,2,6,2.7,0.9,0.1,0,0.4,2.7,0.4,2.1,321.6
1,21,2,10,4.4,1.2,0.4,0,0.4,4.4,0.2,3.6,408.2
1,9,1,1,0.5,0.2,0,0,0,0.5,0,0.4,46.1
1,101,3,34,17.2,6.2,1,0,1.2,17.2,1.9,14.9,1838.8
1,99,1,2,1.1,0.5,0.1,0,0.3,1.1,0.2,0.9,111.2
1,93,1,2,0.9,0.3,0.1,0,0,0.9,0.2,0.5,86
1,8,2,14,6.2,1.8,0.6,0,0.6,6.2,1.2,4.6,583.4
1,59,1,4,1.7,0.5,0.1,0.2,0.1,1.5,0.2,1.3,148.3
1,46,1,3,1.6,0.5,0,0,0,1.6,0.2,1.2,178
1,32,1,4,1.7,0.6,0.1,0,0,1.7,0.3,1.6,201.7
1,49,2,32,12.2,2.3,0,0,0,12.2,0.8,11.5,1405
1,30,1,2,0.9,0.3,0,0,0.1,0.9,0,0.9,95.5
1,24,1,3,1.2,0.3,0.2,0,0.1,1.2,0.3,0.6,126.8
1,56,3,44,17.2,5.6,2.3,3.8,2.2,13.4,2.4,9.5,1952.9
1,95,1,2,0.9,0.2,0.1,0,0.1,0.9,0.2,0.7,94
1,36,1,8,2.8,0.6,0.3,0,0.2,2.8,0.3,2.6,305.5
1,17,2,4,2.4,1.2,0,0,0.1,2.4,0.8,1.9,207.7
1,102,3,15,7.4,2.5,0.5,0,0,7.4,0.7,6.4,803.1
1,26,1,5,2,0.5,0.3,0,0.2,2,0.5,0.9,211.4
1,97,2,17,7.4,1.8,0.9,0.2,0.7,7.2,1.4,6,798.9
1,69,1,2,0.9,0.3,0,0,0.1,0.9,0.1,0.7,107.2
1,81,1,3,1,0.2,0.1,0,0,1,0,1,114.9
1,72,1,2.5,1.1,0.4,0.1,0,0.2,1.1,0.2,0.9,134
1,98,1,2,0.9,0.2,0.1,0,0.1,0.9,0.2,0.7,94
1,82,3,14,5.3,1.5,0.8,0,0.4,5.3,1.1,3.9,557.5
1,60,2,8,3.3,1,0.2,0.3,0.2,3,0.5,2.5,296.7
1,79,1,8.5,2.8,0.6,0.2,0,0,2.8,0,2.8,325.6
1,88,3,10,4.2,0.7,0,0,0.7,4.2,0.3,3.5,448.5
1,62,2,46,18.3,4.3,0.8,1.1,2.7,17.2,2,14.1,1995.9
1,94,2,2,0.8,0.2,0.2,0,0,0.8,0.2,0.8,94
1,66,1,3,1.2,0.3,0.1,0,0.1,1.2,0.3,0.9,117.7
1,29,3,8,3.8,1.4,0,0,0.6,3.8,0,3.4,381.8
1,61,2,57,17.9,2.8,2.4,0.7,0.4,17.2,0.7,16.5,1858.1
1,63,1,23.5,9.4,2.2,0.4,0.6,1.4,8.8,1,7.2,1019.7
1,96,2,17,7.4,1.9,0.9,0.3,0.6,7.1,1.4,6,798.9
1,47,1,3,1.6,0.5,0,0,0,1.6,0.2,1.2,178
1,77,1,2,0.7,0.1,0.1,0,0,0.7,0,0.6,86.4
1,16,1,3,1.8,0.9,0,0,0.1,1.8,0.6,1.4,155.8
1,89,1,1,0.4,0.2,0,0,0,0.4,0.1,0.3,43
1,5,1,6,2.9,1.1,0.1,0,0.4,2.9,0.2,2.3,267.5
1,48,4,24,12.4,4,0,0,0,12.4,1.3,9.7,1424.3
1,83,2,11,4.2,1.2,0.6,0,0.4,4.2,0.8,3,438
1,92,1,1,0.4,0.2,0,0,0,0.4,0.1,0.3,43
1,53,3,23,8.8,4,2.3,0,0,8.8,4,8.8,1022.2
1,34,1,4,1.4,0.3,0.2,0,0.1,1.4,0.2,1.3,152.8
1,73,2,2,0.8,0.2,0,0,0.2,0.8,0.2,0.8,107.2
58,46,2,43.5,15.2,3.9,2,0,0.5,15.2,0.5,11.7,1484.5
58,38,2,9,4.4,1.2,0,0,0.6,4.4,0.4,3.4,519.2
58,58,3,16,5.5,1.3,0.9,0,0,5.5,0.4,5.5,640.9
58,2,0,85,27,3,3,0,2,27,3,19,3052
58,18,1,12,5,1.3,0.3,0.3,0.3,4.7,0.3,5,511
58,31,2,6.5,2.5,0.8,0.4,0,0.2,2.5,0.5,2.3,275.2
58,47,1,143.5,61.4,14.1,3,0,5,61.4,3,45.3,5706.4
58,22,1,19,8,2.4,0.3,0,0.3,8,1,7.7,878.2
58,13,2,17,5.7,1.1,0.6,0,0.3,5.7,0.3,5.1,570.6
58,44,1,3,1,0.2,0.2,0,0.1,1,0.1,0.8,101.3
58,81,2,102.5,52.4,19,1.4,18.4,5.8,34,6.3,36.2,4366.6
58,17,1,15,6.2,1.7,0.4,0.4,0.4,5.8,0.4,6.2,638.8
58,20,1,4,1.9,0.8,0.1,0,0,1.9,0.4,1.5,176.2
58,60,3,22,9.7,1.3,0.6,0,0.6,9.7,0.6,8.3,1064.9
58,7,1,3,1.5,0.5,0,0.1,0.2,1.4,0.2,1.4,150.5
58,51,3,12,5,0.8,0.3,0,0.5,5,0.8,4.7,577.6
58,67,2,4,1.6,0.3,0.1,0,0.1,1.6,0.3,1.5,179.5
58,39,2,11,4,1.1,0.2,0.2,0.2,3.8,0.4,3.3,427.3
58,88,1,3,1.4,0.5,0.2,0.1,0.1,1.3,0,1.1,166.6
58,48,1,110.5,41.4,9.5,4.2,0,7,41.4,3,34.1,3951.4
58,28,2,17,9,4,0.5,0,0.5,9,1.5,7.5,923.5
58,45,2,96,35.4,10,4.2,0,2.5,35.4,4.5,22,3588.7
58,54,2,6,2.7,0.8,0.2,0.3,0.2,2.4,0.2,1.8,323.5
58,64,2,12,5.2,1.6,0.4,0,0.4,5.2,0.4,3.6,589.6
58,6,2,8,5.1,2.9,0,0,0,5.1,1.3,4.2,456.8
58,19,1,2,1,0.4,0,0,0,1,0.2,0.8,88.1
58,35,2,5,2.5,0.7,0,0,0.3,2.5,0.2,1.9,288.5
58,73,1,4,1.7,0.5,0.1,0.2,0,1.5,0.3,1.7,181.4
58,15,1,6,2.3,0.3,0.1,0,0.2,2.3,0.2,2.1,257.1
58,4,1,2,1.3,0.7,0,0,0,1.3,0.3,1.1,114.2
58,56,3,13,5.2,1.5,0.5,0.3,0.2,4.9,0.3,4,631.7
58,89,1,7,4.1,1.9,0,0.4,0.4,3.7,0.2,3.6,508
58,37,1,2,1,0.3,0,0,0.1,1,0.1,0.8,115.4
58,12,2,33,11.3,1.9,1.4,0,0.7,11.3,0.7,9.9,1107.4
58,59,1,7,3.1,0.4,0.2,0,0.2,3.1,0.2,2.6,338.8
58,75,1,2,0.8,0.2,0.1,0,0.1,0.8,0.1,0.6,88.2
58,61,1,3,1.3,0.2,0.1,0,0.1,1.3,0.1,1.1,145.2
58,0,1,8,3.4,1.2,0.3,0,0.2,3.4,0.5,3.2,377.2
58,65,1,14,6.1,1.9,0.5,0,0.5,6.1,0.5,4.2,687.9
58,80,1,2,1,0.5,0,0,0.1,1,0.1,0.8,111.4
58,3,3,19,7,0.9,0.4,0,0,7,0,6.2,852.9
58,1,1,2,0.7,0.1,0,0,0,0.7,0,0.7,89.8
58,50,1,5,2.4,0.6,0,0,0.1,2.4,0.6,2.3,285.7
58,87,1,1,0.5,0.2,0.1,0,0,0.5,0,0.4,55.5
58,21,2,16,6.8,2.1,0.3,0,0.3,6.8,0.9,6.4,739.5
58,74,1,1,0.4,0.1,0.1,0,0,0.4,0,0.3,44.1
58,40,1,142,50.4,6.3,3.2,0.2,1.2,50.2,0.4,46.5,5705.2
58,29,1,1,0.4,0.1,0.1,0,0,0.4,0.1,0.4,43
58,33,2,9,3.7,1,0.3,0,0.4,3.7,0.4,3.1,361.8
58,52,2,18,6.5,0.8,0.8,0,0.8,6.5,0.8,6.2,750.7
58,77,2,8,4,1.9,0,0,0,4,1.3,3.4,510.7
58,90,1,5,2.9,1.3,0,0.3,0.3,2.6,0.1,2.6,362.9
58,41,2,51.5,17.9,1.8,3,0,0.5,17.9,0,17.6,1885.3
58,24,2,7,3.7,1.6,0.2,0,0.2,3.7,0.6,3,380.2
58,62,2,12,4.6,1.2,0.2,0,0.4,4.6,0.3,4.3,499.6
58,68,1,3,1.2,0.2,0.1,0,0.1,1.2,0.2,1.1,134.6
58,83,1,3,1.4,0.3,0,0.1,0.2,1.3,0.1,1.2,162
58,34,1,1,0.5,0.1,0,0,0.1,0.5,0,0.4,57.7
58,14,1,2,0.8,0.1,0,0,0.1,0.8,0.1,0.7,85.7
58,10,1,3,1.5,0.5,0,0,0,1.5,0,1.4,144.8
58,53,2,19,6.9,0.8,0.8,0,0.8,6.9,0.8,6.5,792.4
126,55,2,66,33.5,16.3,2.6,8,2.2,25.5,3.3,13.2,3029.7
126,40,1,2,0.8,0.2,0.1,0,0,0.8,0,0.8,86.6
126,43,1,2,0.9,0.3,0,0.1,0,0.8,0.1,0.7,99.3
126,31,1,2,0.9,0.3,0,0,0.1,0.9,0,0.7,126.4
126,48,1,4,1.3,0.3,0.2,0,0.2,1.3,0.3,1,130.1
126,78,3,9,3.9,0.8,0.4,0.3,0.4,3.6,0.1,2.8,376.1
126,46,1,8,3,0.4,0.4,0,0.2,3,0.4,2.6,354.1
126,72,2,6,2.4,0.7,0.3,0,0.2,2.4,0.6,2.3,247.2
126,39,1,4.5,1.8,0.4,0.2,0,0,1.8,0,1.7,194.8
126,67,3,23,11.2,3.6,0,1.1,1.1,10.1,1.3,9.9,1098.2
126,14,1,6,2.5,0.5,0.1,0,0.1,2.5,0.4,2.4,282.1
126,2,1,1,0.5,0.2,0,0,0,0.5,0.1,0.5,45.6
126,23,0,112.5,52,13,3,1,3,51,5,42,6141
126,32,1,4,1.9,0.6,0.1,0,0.2,1.9,0,1.5,252.9
126,45,2,15.5,5.7,0.8,0.8,0,0.5,5.7,0.8,4.9,686.1
126,21,1,10,4.2,1.4,0.4,0.3,0.6,3.9,0.2,2.9,462.8
126,8,2,24,8.4,2.4,0.8,0,0.3,8.4,0.8,7.6,991.6
126,27,2,3,1,0.3,0.2,0,0,1,0.3,0.7,116.6
126,60,1,1,0.3,0.1,0,0,0,0.3,0,0.3,36.6
126,71,3,43,19.4,6.2,1.3,1.1,1.6,18.3,2.5,17.7,1934.4
126,56,0,222.5,107,32,6,2,16,105,7,81,9542
126,41,1,1,0.4,0.1,0,0,0,0.4,0,0.4,43.3
126,22,2,3,1.2,0.4,0.1,0,0.2,1.2,0,0.9,138.9
126,28,3,16,5.3,1.7,1.2,0,0.3,5.3,1.5,3.8,621.9
126,7,1,1,0.3,0.1,0,0,0,0.3,0,0.3,41.3
126,26,2,12,4.1,1.3,0.8,0,0.2,4.1,1,2.9,475.8
126,59,3,18,6.1,1,0.6,0,0.3,6.1,0.7,5.4,659.5
126,38,2,23,9.1,1.3,0.4,0,0.7,9.1,2.3,7.7,1004.6
126,6,3,12,4.2,1.2,0.6,0,0.2,4.2,0.5,3.7,500.2
126,76,1,2,0.9,0.2,0.1,0.1,0.1,0.8,0,0.6,83.6
126,16,1,3,1.2,0.2,0.1,0,0.1,1.2,0.2,1.2,141.1
126,12,1,3,1.1,0.4,0.2,0,0.1,1.1,0.2,1,119.4
126,25,1,211.5,83.9,19.2,8.2,4,9.2,79.9,9,61.9,8811.9
126,57,3,31,12.1,2.8,0.9,0,0.9,12.1,1.4,9.7,1176.6
126,24,0,173,83,36,5,9,10,74,10,55,7554
126,18,2,16,6.6,1.4,0.3,0,0.3,6.6,1,6.3,752.3
126,61,1,12,4.1,0.6,0.4,0,0.2,4.1,0.5,3.6,439.7
126,73,4,25,10,2.9,1.4,0,0.9,10,2.5,9.7,1029.9
126,20,2,4,1.7,0.5,0,0.2,0.1,1.5,0.3,1.2,177.5
126,5,1,6,2.2,0.6,0.5,0,0.1,2.2,0.4,1.7,253.2
126,54,2,48,18,5.1,2.6,0,0.7,18,1.2,16.6,1978.8
126,42,1,3,1.4,0.5,0,0.2,0,1.2,0.2,1,149
126,10,1,2,0.8,0.3,0.1,0,0,0.8,0,0.4,83.1
126,37,2,6,2.4,0.3,0.1,0,0.2,2.4,0.6,2,262.1
126,70,2,42,20.8,7.1,0.4,2.1,1.6,18.7,0.9,18.3,2041.4
126,53,1,16,7,2.3,0.3,0,0,7,1,4.7,632.7
126,34,1,4,1.2,0.2,0.2,0,0.1,1.2,0.3,1,145.3
126,15,1,2,0.8,0.2,0,0,0,0.8,0.1,0.8,94
126,29,1,4,1.9,0.6,0.1,0,0.2,1.9,0,1.5,252.9
126,66,2,19,9.3,2.9,0,0.9,0.9,8.4,1.1,8.1,907.2
126,58,2,3,1.2,0.3,0.1,0,0.1,1.2,0.1,0.9,113.9
126,51,2,11,4.8,1.6,0.2,0,0,4.8,0.7,3.2,435
78,38,2,28,15,9.6,1,3,1.2,12,1.2,7.6,1229
78,5,2,23,8.7,1.9,0.8,0.4,0.3,8.3,0.8,7.5,1036.9
78,54,2,157.5,66.6,25.3,4.7,2,8.8,64.6,10.8,25.9,5646.4
78,45,3,13,4.6,0.7,0.7,0,0.7,4.6,1,3.6,566.2
78,37,3,22.5,11.1,3.8,0.4,0,0.7,11.1,1.5,9.2,1102.3
78,17,1,6,2,0.5,0.5,0,0.1,2,0.4,2,215.5
78,18,2,8,2.7,0.7,0.7,0,0.1,2.7,0.5,2.7,287.3
78,36,1,3,1.5,0.5,0.1,0,0.1,1.5,0.2,1.2,147
78,19,1,7,3.7,1.4,0.2,0,0.5,3.7,0.2,3.5,501
78,15,1,2,0.7,0.2,0.2,0,0,0.7,0.1,0.7,71.8
78,55,0,337,116,22,15,0,17,116,14,67,10690
78,2,1,4,1.9,0.6,0.1,0,0.6,1.9,0.1,1.3,195.9
78,20,2,15,8,3,0.5,0,1,8,0.5,7.5,1073.5
78,67,2,12,5.1,0.8,0.2,0,0.2,5.1,0.5,3.6,686.3
78,40,4,42,15.6,3.1,2,0,0.8,15.6,0.4,14.8,1760.9
78,56,2,172.5,76.7,15.3,2.6,0,5.6,76.7,3.9,70.7,7649.6
78,46,2,11,5.5,2.5,0.2,0,0.4,5.5,1.3,4.2,531.8
78,42,1,27,12.1,2.4,1.1,0,4.1,12.1,6,1,831.8
78,51,1,4,1.7,0.6,0.2,0,0.1,1.7,0.4,1.4,169.4
78,53,1,69.5,29.8,7.3,3.1,0,3,29.8,1.2,27.7,3064.7
78,7,2,13,3.6,0,1,0,0.4,3.6,0.6,3,436.6
78,50,1,47,16.7,3.2,3.1,0,0,16.7,0.1,16.7,1689.8
78,39,1,136.5,51.1,7.6,4.1,0,3.4,51.1,1.3,48.7,5747.4
78,23,3,48,20.1,4.2,2.5,0,0,20.1,1.7,20.1,2128
78,57,1,3,1.4,0.4,0,0,0,1.4,0.2,1.1,122.7
78,1,3,10,4.2,1.3,0.3,0,0.4,4.2,0.3,3.7,417.3
78,49,1,175,76.2,18.3,5.1,0,6,76.2,4.1,69.2,7451.7
78,11,1,2,0.7,0.1,0.1,0,0.1,0.7,0.2,0.6,82.7
78,27,1,11,5.8,1.7,0,0,0,5.8,0.7,5.5,612.2
78,13,1,2,0.7,0.1,0.1,0,0.1,0.7,0.2,0.6,82.7
78,58,1,4,1.9,0.5,0,0,0,1.9,0.3,1.5,163.6
78,61,1,7,2.9,1,0.5,0,0.2,2.9,0.7,2.9,333.8
78,12,3,36,12.8,1.5,1.5,0,0.9,12.8,2.9,10.2,1489.5
78,29,2,8,3.6,1,0.2,0,1,3.6,0.8,3,486.6
78,33,1,4,2,0.7,0.1,0,0.3,2,0.2,1.6,182.2
78,47,1,11,6.1,3.2,0,0,0.3,6.1,1.4,4.6,551.4
78,24,1,5,2.1,0.9,0.2,0,0,2.1,0.3,1.4,203.3
78,52,2,30,12.5,4.6,1.1,0,0.6,12.5,2.9,10.8,1270.8
78,63,1,8,3.4,0.3,0,0,0.3,3.4,0.5,2.1,387.6
78,66,2,26,10.3,2.2,0.9,0,1.6,10.3,1.3,9.4,1288.8
78,10,1,2,0.7,0.1,0.1,0,0.1,0.7,0.2,0.6,82.7
78,41,2,14,5.2,1,0.6,0,0.3,5.2,0.1,5,587
78,73,1,4,1.3,0.2,0.1,0,0,1.3,0.2,1.2,142.7
78,70,3,25,11,3.1,0.6,0,0,11,0.6,9.2,1040.3
78,88,1,3,0.9,0.2,0.2,0,0.1,0.9,0.1,0.8,108.6
78,89,2,127.5,63.9,23.8,2,16,3.8,47.9,2,41.8,6615
78,79,1,4,1.8,0.6,0,0.4,0.2,1.4,0.6,1.4,214.2
78,81,2,48,20.8,6.8,0,3.9,1.6,16.9,1.2,17.7,2105.8
78,84,3,32,13.2,4.3,1.1,0,1.1,13.2,1.1,11.1,1553.2
78,86,3,63,23.9,4.5,2,0.2,2.2,23.7,0.9,21.6,3028.1
78,85,3,26,10.7,3.5,0.9,0,0.9,10.7,0.9,8.9,1262
78,90,1,222.5,106.8,39.1,3,35,5.1,71.8,8,66.8,10224.2
78,93,0,382.5,238,132,3,134,20,104,30,160,17420
78,94,0,421.5,262,146,3,137,16,125,24,191,22183
78,83,2,11,5.1,1.6,0,0.1,0.3,5,0.3,4.7,547.9
78,80,0,197,78,16,4,1,11,77,6,66,7920
78,82,3,112,44.5,8.9,2,0.3,7.1,44.2,1.7,40.6,4544.6
78,68,1,2,0.9,0.1,0,0,0,0.9,0.1,0.6,114.4
78,95,0,146.5,96,54,0,34,6,62,6,77,10708
78,87,3,46,19,6,2.2,0.2,1.7,18.8,1.4,14.8,2303.8
78,78,2,58,16.3,1.5,3.8,0,2.3,16.3,1.5,14.8,1609.2
78,92,0,273,151,73,5,41,15,110,14,81,12548
78,71,3,23,9.1,2.1,0.5,0,0,9.1,0.7,7.9,903.6
78,96,2,12,5.7,2.4,0.3,3.6,0.3,2.1,0.7,5,583
78,91,0,221,118,49,2,39,12,79,12,59,10403
78,77,2,6,1.7,0.2,0.4,0,0.3,1.7,0.2,1.5,166.5
112,40,0,102.5,31,2,6,1,6,30,7,25,3405
112,34,1,10,3.3,0.2,0.5,0,0,3.3,0.5,2.6,295.5
112,47,2,85,40,12.4,1,0.2,3.2,39.8,7.4,35.8,3543.2
112,64,1,15,5.3,1.4,0.8,0,0.6,5.3,0.3,4.8,562.4
112,56,4,66.5,25.2,4.1,1.2,0,2.5,25.2,2.5,19.1,2512.8
112,102,2,3,1.3,0.4,0,0.3,0.1,1,0,0.9,140.8
112,21,3,22.5,9.3,2.6,0.5,0,0,9.3,0.9,8.1,846.4
112,17,2,15,4.4,0,0.6,0,0.2,4.4,0.6,3.7,518.7
112,32,2,9,4,1.2,0.1,0.1,0.1,3.9,0.8,3.5,374.1
112,10,3,13,4.9,1,0.4,0.1,0.3,4.8,0.4,3.8,535.1
112,42,2,3,1.4,0.5,0.1,0,0.2,1.4,0.2,1,117.5
112,38,2,4,1.7,0.4,0.1,0,0.1,1.7,0.1,1.5,203.2
112,75,4,40,16,4.9,1.4,0,0,16,1.2,13.2,1855.1
112,22,2,22,10.5,3.8,0,0,0,10.5,1.1,8.3,940.5
112,30,1,6,2.4,0.5,0.4,0,0.1,2.4,0.4,2.2,260.5
112,48,1,15,6.4,1.4,0,0.1,0.3,6.3,0.4,6.1,741.6
112,62,4,23,9,2.5,1.3,0,0.6,9,1.3,8.4,877.1
112,37,3,14.5,6.2,1.3,0.3,0,0.6,6.2,0.6,5.5,736.6
112,97,1,7,2.8,0.6,0,0,0.4,2.8,0.6,2,270.4
112,60,1,112,47,11.8,0.5,0.5,3.9,46.5,5.7,40.5,4790.1
112,27,4,15,5.5,1,0.2,0,0.2,5.5,0.5,3.9,537.2
112,61,3,18,7.3,2.2,0.8,0.1,0.5,7.2,0.9,6.6,714.5
112,63,3,55,21.7,4.8,1.4,0,0.8,21.7,4.4,17.9,2135.6
112,99,1,2,1,0.4,0,0,0.1,1,0.1,0.7,107.7
112,46,3,56.5,22.7,6.4,2,0.2,1.4,22.5,3.7,19.2,2285.9
112,36,2,26,10.4,1.9,0.7,0,0.8,10.4,1.1,9,1171.9
112,2,1,2,0.8,0.2,0,0,0,0.8,0.1,0.7,85.8
112,105,2,18,8.6,3.1,0.8,0,0.4,8.6,0.8,7.5,1197.4
112,91,2,11,4.8,1,0,0.3,0.4,4.5,0.7,3.4,538.8
112,73,3,35,13.9,2.9,0.7,0.4,1.5,13.5,1,10.2,1544
112,74,3,55,22.6,7.6,2.1,2,2,20.6,3.8,16.5,2427.9
112,53,4,42,15.5,2,1,0,1.5,15.5,3.1,11.9,1538
112,103,1,4,1.7,0.5,0.1,0.4,0.1,1.3,0.1,1.2,187.7
112,11,2,17,6.6,1.4,0.5,0.1,0.4,6.5,0.7,5.1,705.6
112,77,1,73.5,29.2,9,2.5,2.5,2.5,26.7,3.1,23.2,3148.9
112,54,3,13,4.5,0.1,0.1,0,0.1,4.5,0.1,3.8,478.4
112,59,2,191,74.3,23.4,8.7,4.7,3.4,69.6,7,60.3,7339.5
112,39,0,61,25,7,3,1,2,24,4,22,3171
112,70,1,49,19,8.8,3.2,0,0.8,19,1,11.6,1655.2
112,49,1,5,1.9,0.2,0.1,0,0.2,1.9,0.4,1.4,183.1
112,94,2,7,2.8,0.6,0,0,0.4,2.8,0.6,2,270.4
112,33,1,4,1.8,0.5,0.1,0.1,0.1,1.7,0.3,1.6,166.3
112,100,1,7,3.3,1.5,0,0,0.3,3.3,0.3,2.4,376.8
112,9,1,1,0.4,0.1,0,0,0,0.4,0,0.3,41.2
112,90,1,3,1.3,0.3,0,0.1,0.1,1.2,0.2,0.9,146.9
112,19,1,12,4.4,0.9,0.5,0,0,4.4,0.5,4.2,410.3
112,95,2,7,2.8,0.6,0,0,0.4,2.8,0.6,2,270.4
112,57,0,191,71,17,7,3,4,68,5,54,6518
112,72,1,4,1.6,0.3,0.1,0.1,0.2,1.5,0.1,1.2,176.5
112,58,0,311,130,40,9,15,10,115,16,91,11924
112,69,1,36,14.3,1.1,0.5,0,1.3,14.3,0,13.3,1584
112,92,2,38,18,5.6,0,0.1,2.2,17.9,2.5,17.2,1945.9
112,52,1,30.5,13.6,2.3,0.2,0,1.3,13.6,0.5,13,1365.3
112,12,1,12,5.1,0.8,0,0,0.3,5.1,0.9,4.2,518.2
112,20,2,5,1.9,0.4,0.2,0,0,1.9,0.2,1.7,171
112,93,0,22.5,11,4,0,0,1,11,4,10,1048
112,0,1,2,0.7,0.1,0.1,0,0,0.7,0,0.5,76
112,23,1,1,0.5,0.2,0,0,0,0.5,0,0.4,42.8
112,76,1,15,4.7,0.5,0.8,0.3,0.3,4.4,1,3.7,537.4
112,16,2,11,3.2,0,0.4,0,0.1,3.2,0.4,2.7,380.4
112,26,2,11,3.9,0.7,0.2,0,0.2,3.9,0.4,2.8,394
112,101,2,16,7.1,2.4,0.2,1.2,0.5,5.9,0.4,4.9,778.5
112,41,1,3,1.3,0.4,0.1,0,0.1,1.3,0.2,0.8,120
112,1,2,7,2.8,0.7,0,0,0,2.8,0.2,2.3,300.3
112,67,1,1,0.4,0.1,0.1,0,0.1,0.4,0.1,0.3,37.7
112,15,1,6,2.4,0.9,0.2,0,0,2.4,0.5,1.9,296.7
84,22,3,58.5,27.8,7.4,1.4,0,0.8,27.8,0.4,25.9,3012.8
84,57,2,48,17.9,5.6,2.5,0,0,17.9,0.3,17.8,2103.5
84,37,1,10,4,0.6,0,0.2,0.2,3.8,0.4,3.6,449.6
84,60,2,22,9.4,2.8,0.2,0,0.7,9.4,0.5,7.9,1093.4
84,20,4,56,20.9,3.8,1.9,0,1.5,20.9,2.4,18.6,2332
84,69,1,5,1.8,0.3,0.1,0,0.1,1.8,0.1,1.7,211.3
84,55,2,3,1.2,0.3,0.1,0,0.1,1.2,0.1,0.9,146
84,15,1,9,3.1,0.6,0.4,0,0.2,3.1,0.6,2.5,352.4
84,67,4,41,15.3,3.4,0.4,0,1,15.3,1.4,14.3,1885
84,70,2,116,49.3,15.2,3.5,0,3.7,49.3,5.7,46.6,5296.4
84,43,2,35,15.6,4.3,0,0,2.2,15.6,0.9,13.7,1621.8
84,64,1,219,92.9,31.9,9,7,12.5,85.9,12,61.6,9674.9
84,35,1,6,2.4,0.4,0,0.1,0.1,2.3,0.2,2.2,269.8
84,32,1,74,28.3,5.8,3.6,0,1.2,28.3,1.2,28.3,2744.2
84,65,2,146,75,37.1,0.7,42,11.3,33,7.7,38.4,5897.7
84,63,1,232,96.5,27.4,7.8,16.3,17.8,80.2,20.5,55.2,9885
84,19,2,15,5.6,1.1,0.5,0,0.4,5.6,0.6,4.9,624.6
84,47,3,25,8.8,1.4,1.1,0.1,1,8.7,1,6.6,860.8
84,40,1,81,39.1,15.4,1,6,6.1,33.1,6.1,21.1,3485.7
84,42,2,105,45.6,10.7,1,0,4.9,45.6,2.9,31.9,4628.3
84,21,1,55,20.6,1.8,1.3,0,3.7,20.6,0.3,17,2314.5
84,28,2,11,3.9,1.1,0.7,0,0.2,3.9,0.7,3.5,433.9
84,26,2,20,7.2,2.1,1.2,0,0.3,7.2,1.2,6.3,789
84,23,2,3,1.4,0.4,0,0,0.1,1.4,0,1.3,160.8
84,72,3,41,15,2.5,2,0,2,15,1,12.9,1579.5
84,71,1,84,32.1,7.4,1.3,0,1.5,32.1,1.5,27.7,3416.7
84,58,3,16,5.7,1,0.7,0,0,5.7,0.6,5.4,677
84,62,2,117.5,52.3,12.5,2.3,2.2,5.3,50.1,4.2,47.8,5419.6
84,36,1,7,2.8,0.4,0,0.1,0.1,2.7,0.3,2.5,314.7
84,48,2,14,4.9,0.8,0.7,0.1,0.6,4.8,0.6,3.7,482.1
84,13,1,2,0.8,0.2,0.1,0,0,0.8,0,0.6,93.5
84,59,2,21,9,2.7,0.2,0,0.7,9,0.6,7.5,1043.7
84,33,1,1,0.4,0.1,0.1,0,0,0.4,0,0.4,42.2
84,66,2,22,8.8,2.4,0.7,0,0.5,8.8,0.9,7.2,988.4
84,41,1,97,42.2,5.9,1,0,5.4,42.2,1.6,38,4370.8
84,50,1,13.5,6.1,2.3,0,0,0.4,6.1,0.8,4.9,818.7
84,29,1,3,1.2,0.3,0.1,0,0.1,1.2,0.1,0.8,118.9
84,61,2,14,5.6,1.3,0.4,0.2,0.6,5.4,0.3,4.5,667.8
84,73,1,14,5.1,0.9,0.7,0,0.7,5.1,0.3,4.4,539.3
84,52,2,90,37.4,11.3,2.3,0.7,5,36.7,7,34,3960
84,68,1,3,1.1,0.3,0,0,0.1,1.1,0.1,1,137.9
84,14,2,2,0.6,0.2,0,0,0,0.6,0.2,0.6,78.4
84,31,1,23,9.4,2.4,1.8,0,0.6,9.4,0.6,9.4,969.5
84,44,1,10,3.7,1.1,0.4,0,0,3.7,0.7,3,375.7
84,24,1,9,3.2,0.9,0.5,0,0.1,3.2,0.5,2.8,355
84,79,1,43.5,19.5,5.8,0.5,0,0.6,19.5,0.1,18.5,2163.3
84,10,3,13,4.6,1.3,0.4,0,0.4,4.6,0.4,4.2,553.9
84,2,3,32.5,11.9,2,2,0,1,11.9,1.5,9.4,1370.4
84,75,1,4,1.4,0.1,0,0,0.2,1.4,0.1,1.3,172.9
84,77,2,189,80.9,25.5,4.6,7,8.3,73.9,10,59.6,8380.7
84,8,1,2,0.8,0.2,0.2,0.1,0.1,0.7,0.1,0.7,79.9
84,82,3,25,9.9,1.9,0.5,0.5,0,9.4,0.5,9.9,1543.9
84,85,1,3,1.4,0.3,0,0,0.1,1.4,0.1,1.1,202.1
84,74,4,38,13.2,0.9,0.5,0,1.8,13.2,0.9,12.3,1642.7
84,78,2,118.5,46.4,9.9,2.8,0,2.4,46.4,3,42.1,5286
84,93,2,37,14.4,2.7,1.8,5.4,3.6,9,1.8,9.1,1758
84,94,0,26,12,6,1,3,0,9,3,9,1310
84,81,3,18,7.2,1.4,0.4,0.4,0.1,6.8,0.3,7.2,1076.6
84,6,1,3,1.2,0.3,0.2,0.1,0.1,1.1,0.2,1.1,119.8
84,1,1,4,1.5,0.2,0.2,0,0.1,1.5,0.2,1.2,168.7
84,76,2,13,4.8,0.9,0.5,0,0.5,4.8,0.1,4.7,543.1
38,56,1,1,0.5,0.2,0,0,0.1,0.5,0,0.4,52.2
38,21,2,13.5,5.2,0.6,0.4,0,0.8,5.2,0.4,3.9,526.2
38,20,2,5,2,0.2,0.2,0,0.3,2,0.2,1.5,194.9
38,28,2,14,6.7,1.5,0,0,1.5,6.7,0.5,6.2,675.6
38,110,1,2,1,0.2,0,0.1,0,0.9,0.1,0.7,91
38,44,4,34,12.4,3.4,1.5,0,1.2,12.4,0.7,10,1171.8
38,88,1,2,1.1,0.4,0,0,0.1,1.1,0,1.1,128.4
38,52,2,9,4.5,1.4,0.2,0,0,4.5,0.7,4,495
38,42,2,11,4.4,0.5,0,0,0.4,4.4,0.2,4,474.8
38,32,3,7,3.5,1.4,0,0.2,0.5,3.3,0.2,2.8,332.7
38,99,3,20,10.4,3.6,0.2,0.1,1.2,10.3,0.8,9.7,1231.9
38,82,1,2,0.9,0.2,0.1,0,0.1,0.9,0.1,0.8,100.1
38,69,3,67,25.2,3.2,1.3,0,3.8,25.2,3.3,22.6,2931.3
38,67,4,51,19.8,5,1.8,0,0,19.8,0.3,18.7,2339.8
38,35,3,35,14,2.5,1,0,2.1,14,2.5,10.5,1317.4
38,8,1,4,2.7,1.7,0,0,0,2.7,0.5,2.3,225.1
38,49,2,8,4,1.3,0.2,0,0,4,0.7,3.5,440
38,51,1,3,1.5,0.5,0.1,0,0,1.5,0.2,1.3,165
38,77,2,6,2.8,1,0.2,0,0,2.8,0.5,2.8,365.3
38,6,2,13,4.8,1.4,1.4,0,0,4.8,0.8,3.7,505.8
38,94,2,13,6.3,1.6,0,0.4,0.4,5.9,0.7,5.9,742.2
38,90,2,14,6.8,2.5,0,0.4,0.6,6.4,0.6,5.6,659.1
38,84,3,13,5.9,0.8,0,0,0.2,5.9,0.8,5,702.8
38,57,1,1,0.5,0.3,0,0,0,0.5,0,0.4,57
38,43,1,5,2,0.2,0,0,0.2,2,0.1,1.8,215.8
38,98,1,4,1.9,0.7,0.1,0,0.3,1.9,0.1,1.6,201.7
38,74,1,5,2.1,0.5,0.1,0,0.1,2.1,0.6,1.9,180
38,80,1,3,1.9,1,0,0.1,0.3,1.8,0,1.5,198.7
38,36,1,5,2,0.3,0.1,0,0.3,2,0.3,1.5,188.2
38,62,3,12,5.2,1.4,0,0,0.3,5.2,0.8,4.6,561.8
38,4,1,2,0.7,0.2,0.2,0,0,0.7,0.1,0.5,74.9
38,63,3,9,4,1.1,0,0,0.3,4,0.5,3.4,421.4
38,70,2,11,4.5,0.7,0.1,0,0.3,4.5,0.1,4.3,585.2
38,75,2,4,1.6,0.4,0.2,0,0.2,1.6,0.6,1.6,144
38,7,1,4,2.7,1.7,0,0,0,2.7,0.5,2.3,225.1
38,71,2,22,9,1.5,0.2,0,0.6,9,0.2,8.7,1170.3
38,26,1,10,3.5,0.5,0.5,0,0,3.5,1.1,2.7,389.7
38,18,2,3,1.2,0.3,0.1,0,0.1,1.2,0.4,1.2,125.4
38,96,3,8,3.9,1.1,0.1,0.2,0.4,3.7,0.4,3.5,436.8
38,53,1,2,1,0.3,0.1,0,0,1,0.2,0.9,110
38,65,4,71,26.5,4.8,3.7,0,0.7,26.5,1.3,24.7,3003
38,97,2,14.5,7,2.6,0.5,0,1.1,7,0.5,5.6,731.3
38,47,1,6,2.5,0.7,0,0,0.2,2.5,0,2.4,260.5
38,68,2,14,5.4,1.4,0.5,0,0,5.4,0.1,5.2,642.3
38,48,2,10.5,4.4,1.2,0,0,0.3,4.4,0,4.2,455.8
38,38,2,8,2.8,0.5,0.3,0,0.1,2.8,0,2.5,344.5
38,81,1,8,3.4,0.9,0.2,0,0.3,3.4,0.2,3.3,400.2
38,33,1,3,1.5,0.6,0,0.1,0.2,1.4,0.1,1.2,142.6
38,25,1,16,5.6,0.9,0.9,0,0,5.6,1.7,4.3,623.6
38,83,3,35,15,4,0.9,0,1.4,15,0.9,14.7,1750.9
38,9,1,1,0.5,0.2,0,0,0,0.5,0.1,0.4,53.9
38,66,3,22,8.3,2,0.8,0,0.1,8.3,0.2,8,987.8
38,22,1,2,0.8,0.1,0.1,0,0.1,0.8,0.1,0.6,78
38,24,1,4,1.4,0.2,0.2,0,0,1.4,0.4,1.1,155.9
38,29,2,5,2.3,0.9,0.1,0,0.6,2.3,0.4,1.5,199.9
38,93,3,16,7.7,2.8,0,0.5,0.7,7.2,0.7,6.4,753.3
38,5,1,4,1.4,0.3,0.5,0,0,1.4,0.2,1,149.8
38,41,1,1,0.4,0.1,0,0,0,0.4,0,0.3,41
38,50,1,1,0.5,0.2,0,0,0,0.5,0.1,0.4,55
38,64,1,2,0.7,0.1,0.1,0,0,0.7,0,0.7,84.6
38,58,2,9,4.7,2.6,0.4,0,0,4.7,0.4,3.9,513.4
38,61,1,4,1.8,0.5,0,0,0.1,1.8,0.2,1.5,187.3
38,3,1,6,2.4,0.9,0.3,0,0.2,2.4,0.5,2,221.1
38,73,1,2,1,0.3,0.1,0.1,0,0.9,0.1,0.8,108
122,40,1,4,1.7,0.6,0.1,0,0.1,1.7,0.2,1.7,158.3
122,72,2,5,2.4,0.8,0.1,0,0.2,2.4,0.3,2.3,231.4
122,21,2,17,6.3,1.1,0.8,0,0.3,6.3,1.3,5.2,633.2
122,14,2,4,1.4,0.2,0.2,0.2,0,1.2,0,1.2,164.2
122,75,1,1,0.4,0.1,0.1,0,0.1,0.4,0.1,0.3,40.3
122,51,3,15,6.7,3.1,0.6,0,0.1,6.7,1.1,5.3,665.3
122,32,1,2,0.8,0.2,0.1,0,0,0.8,0,0.6,84.3
122,62,1,13,4.6,0.9,0.7,0,0,4.6,0,4.4,490.9
122,24,2,11,4.7,1,0.3,0,0.5,4.7,0.7,2.9,444.9
122,30,2,47,17,2.4,1,0,1,17,0.2,16,2000.2
122,52,3,11,3.9,1.1,0.6,0,0.3,3.9,0.3,3,431.8
122,74,2,13,5.2,1.3,0.7,0.3,0.7,4.9,0.7,3.7,523.4
122,50,1,3,1.5,0.8,0.1,0,0,1.5,0.3,1.2,140.7
122,27,2,8,3.3,0.7,0.1,0,0.4,3.3,0.5,2.1,323.6
122,22,1,2,0.7,0.1,0.1,0,0,0.7,0.2,0.6,74.5
122,45,2,11,4.2,0.9,0.4,0,0.4,4.2,0.7,3.1,386.6
122,79,2,22,10.5,3.7,1,0,0.5,10.5,1,9.2,1212.7
122,61,3,36,13.6,3.3,1.5,0,0.8,13.6,1.2,12.2,1409.5
122,60,2,11,4.3,1.1,0.4,0,0.3,4.3,0.7,3.7,440.4
122,26,2,13,5.5,1.2,0.3,0,0.5,5.5,0.9,3.5,525.7
122,78,2,26,10.4,0.9,0,0.9,0.9,9.5,0.9,8.7,1462.1
122,33,1,1,0.4,0.1,0,0,0,0.4,0,0.3,42.1
122,16,2,16,5.4,1,1,0.4,0,5,0.3,5,657
122,18,2,18,9,5,0.5,0,0,9,2.2,5.6,689
122,59,3,39,15,4.1,1.6,0,1.2,15,2.1,13.3,1561.6
122,12,1,9,3.5,1.1,0.5,0.3,0.4,3.2,0.5,2.8,371.5
122,44,1,2,0.8,0.2,0.1,0,0.1,0.8,0.1,0.6,70.3
122,57,1,6,2.5,0.5,0.2,0,0,2.5,0.2,2.2,312.8
122,80,2,15,7.2,2.5,0.7,0,0.3,7.2,0.7,6.3,826.9
122,54,2,5,2,0.7,0.2,0,0.4,2,0.5,1.8,222.8
122,41,4,50,21.1,5.7,0.7,0,1.4,21.1,1.9,20.8,1981.2
122,19,1,3,1.6,0.5,0,0,0.2,1.6,0.2,1.3,167.3
122,46,1,4,1.5,0.3,0.2,0,0.2,1.5,0.3,1.1,140.6
122,71,1,4,1.6,0.4,0.1,0,0,1.6,0.2,1,164
122,36,2,14,6.1,1.9,0.6,0,0.3,6.1,0.9,4.5,584.4
122,37,2,19,8.2,2.4,0.8,0,0.4,8.2,1.3,6.2,793
122,23,2,7,2.5,0.4,0.3,0,0.1,2.5,0.6,2.1,260.7
122,56,1,9,3.8,0.7,0.2,0,0,3.8,0.2,3.3,469.2
122,15,1,4,1.3,0.3,0.3,0.1,0,1.2,0.1,1.2,164.3
122,49,1,2,1,0.5,0.1,0,0,1,0.2,0.8,93.8
122,10,0,29,12,3,1,0,1,12,4,11,1368
122,73,2,14,6.8,2.2,0.2,0,0.6,6.8,0.8,6.4,647.7
122,55,2,6,2.4,0.8,0.2,0,0.4,2.4,0.6,2.2,267.4
122,28,1,4,1.7,0.4,0.1,0,0.2,1.7,0.3,1.1,161.8
122,20,1,7,3.8,1.3,0,0,0.4,3.8,0.4,3.1,390.4
73,2,0,110.5,50,19,0,0,11,50,6,19,4074
73,38,1,7,2.7,0.6,0.2,0,0.1,2.7,0.2,2.6,311.3
73,51,4,26,11.1,3,0.3,0.3,1.2,10.8,1.8,9.5,1195.9
73,44,0,931.5,569,363,20,481,54,88,120,187,39565
73,48,0,293.5,132,37,6,14,12,118,6,109,14071
73,60,2,7,3.1,1,0,0,0.3,3.1,0.3,2.2,308.4
73,5,2,6,3.1,1.2,0,0,0.3,3.1,0.3,2,324.2
73,76,2,4,1.6,0.4,0.2,0.1,0.1,1.5,0.2,1.2,185.1
73,35,1,5,2.1,0.6,0,0,0.3,2.1,0.3,1.5,199.8
73,33,1,7,2.6,0.8,0.5,0.1,0.3,2.5,0.4,2.3,290.8
73,20,4,58,20.2,3.1,3.1,0,0.5,20.2,4.2,18,2342.2
73,73,2,32,12,2.2,1.2,0,1,12,1,10.8,1404.4
73,37,3,42,16.3,3.5,1.5,0,0.5,16.3,1.5,15.3,1867.8
73,46,0,572.5,304,156,12,225,54,79,71,95,22677
73,45,0,933.5,561,317,15,456,70,105,118,189,40288
73,34,1,5,2.1,0.6,0,0,0.3,2.1,0.3,1.5,199.8
73,36,3,37,14.4,3,1.3,0,0.5,14.4,1.4,13.4,1640.9
73,67,3,29,11.2,2.5,0.8,0.3,2,10.9,1,9,1274
73,21,1,2,0.7,0.1,0.1,0,0,0.7,0.1,0.6,80.8
73,55,1,5,1.7,0.3,0.3,0,0,1.7,0.2,1.5,187.9
73,0,1,105,36,7.5,4.3,1.2,1.1,34.8,5.4,32.6,3711.9
73,74,2,6,2.4,0.5,0.3,0,0.1,2.4,0.2,2.1,303.7
73,7,2,10,5.1,2.1,0,0,0.6,5.1,0.6,3.3,540.3
73,69,1,33,15.4,6.5,2.2,0,2,15.4,1.2,12.2,1443.3
73,30,1,2,0.9,0.3,0,0,0,0.9,0.1,0.8,101.5
73,32,1,13,4.9,1.4,1,0.3,0.5,4.6,0.8,4.3,540.1
73,75,1,6,2.5,0.5,0.3,0,0.1,2.5,0.2,2.2,303.7
73,72,1,7,2.6,0.5,0.3,0,0.2,2.6,0.2,2.4,307.2
73,47,2,123.5,46.7,13.9,4.9,4,3.9,42.7,4.9,33.7,4480.3
73,1,1,170,74,29.2,5.7,18.4,5,55.6,15.7,42.6,6870.3
73,58,1,8,3.2,0.7,0.3,0,0.2,3.2,0,3.1,310.3
73,43,0,365,184,89,12,96,8,88,20,119,17590
73,23,3,39,16.9,6.5,0.7,0,1.9,16.9,1.9,14.9,1545.7
73,71,2,13,5.4,1.5,0.6,0,0.2,5.4,0.5,4.8,621.8
73,49,2,101,37.7,9.8,2.8,0.8,7.3,36.9,4,34.4,3873.4
73,3,2,6,2.9,1.3,0.1,0.3,0,2.6,0.5,2.6,296.8
73,28,1,12.5,5.9,1.5,0,0,0.3,5.9,0.6,4.9,607.4
73,42,0,241,102,31,7,8,5,94,9,86,11592
73,19,1,6,2.1,0.3,0.3,0,0.1,2.1,0.4,1.9,242.3
73,52,3,15,7.2,2.2,0,0,0.3,7.2,1.3,6.6,772.2
73,6,1,2,1,0.4,0,0,0.1,1,0.1,0.7,108.1
73,24,2,7,3.2,0.8,0,0,0.3,3.2,0.3,2.4,317.7
73,59,1,10,4.5,1.4,0,0,0.3,4.5,0.3,3.1,440.7
73,53,1,79.5,33.9,10.6,1,0,7.1,33.9,4.3,31.8,3389.9
73,64,1,3,1.3,0.4,0.1,0.1,0.1,1.2,0.3,1.1,138
73,62,1,4,1.7,0.7,0.1,0,0.2,1.7,0.2,1,190.6
73,13,1,8,3.1,0.4,0.1,0,0.1,3.1,0.7,3,413.7
73,39,1,9,3.1,0.6,0.6,0,0.2,3.1,0.4,2.9,417.3
73,50,1,2,0.7,0.2,0,0,0.1,0.7,0.1,0.6,81
73,26,1,5,2.3,0.6,0,0,0.2,2.3,0.2,1.7,226.9
73,41,2,141.5,61.3,22.9,5.4,8.5,3.2,52.8,3.4,49.1,6670.7
73,68,2,86.5,32.2,5.8,2.6,1.1,5.5,31.1,2.9,29.6,3323.5
73,63,1,9,3.9,1.5,0.2,0,0.4,3.9,0.6,2.2,428.9
73,11,1,2,0.8,0.1,0,0,0,0.8,0.2,0.7,103.4
73,10,1,2,0.8,0.1,0,0,0,0.8,0.2,0.7,103.4
73,14,2,4,1.7,0.3,0,0,0,1.7,0,1.5,199.1
73,18,1,8,2.7,0.4,0.4,0,0.2,2.7,0,2.5,353
73,12,1,7,2.7,0.4,0.1,0,0.1,2.7,0.6,2.6,362
73,93,1,6,2.6,0.5,0.1,0,0.1,2.6,0.2,2.3,341.5
73,83,1,2,0.8,0.2,0.1,0,0.1,0.8,0.1,0.7,83.7
73,78,4,25,9.7,2.4,0.8,0.7,0.7,9,1.1,6.7,1049.2
73,95,1,42,19,4,0.5,4.3,3.3,14.7,1.3,16.7,2584.4
73,86,2,9,3.6,1.2,0.3,0,0,3.6,0.6,2.4,403.5
73,77,3,28,10.8,2.6,1,0.8,0.8,10,1.3,7.5,1175
73,94,1,162.5,61.5,14.5,6.3,3.1,6.1,58.4,4.1,46.3,7043.2
73,91,2,10,4,0.7,0.3,0,0.2,4,0.4,3.1,508.1
73,92,2,26,11.1,2.2,0.5,0,0.2,11.1,1,10.1,1479.8
124,40,1,112,41,9.6,7.1,0,9.3,41,2.3,15.7,3732.7
124,46,2,3,1.5,0.3,0,0.3,0.1,1.2,0.1,1.1,123.3
124,17,2,19,7.8,0.5,0,0,0.5,7.8,1,6.8,754.6
124,79,1,108.5,51,15.7,2.1,7,5,44,6.1,36.8,4995.6
124,47,2,21,9.6,2.4,0,0,0,9.6,1.2,7.8,1164.6
124,78,1,159.5,70.7,19.1,3.2,0,6.5,70.7,6.4,64.6,7029.9
124,72,2,54,22,6.5,0.5,0,1,22,2,20,2290.3
124,21,2,16,6.6,1.4,0,0.3,0.3,6.3,0.4,5.6,846.1
124,39,2,200.5,85.2,18.9,1.7,3,11.6,82.2,17.6,46.6,7683.6
124,14,2,9,4,1.2,0.1,0,0.3,4,0.5,3.4,389.6
124,51,3,16,5.9,1.5,0.8,0,0.5,5.9,0.5,4.9,698.5
124,23,0,162.5,78,33,8,19,14,59,13,37,6746
124,32,1,7,3.2,1,0.2,0,0.3,3.2,0,2.6,442.5
124,24,0,221.5,118,51,3,32,14,86,20,53,9809
124,30,3,12,4.7,1.5,0.8,0,0,4.7,0.3,4.1,526.3
124,74,1,16,6.6,1.6,0.2,0,0.8,6.6,0.5,6.1,605.9
124,75,2,24,9.8,2.4,0.2,0,1.2,9.8,0.7,9.1,908.9
124,8,2,20,7.3,2,1.7,0,0.4,7.3,1.2,5.7,844
124,22,3,32,12.9,2.4,0,0.3,0.3,12.6,0.8,11.5,1731.2
124,45,2,6,2.9,0.5,0,0.5,0.3,2.4,0.3,2.1,246.5
124,35,1,1,0.3,0,0,0,0,0.3,0.1,0.2,36.3
124,69,3,44,19.9,7.5,1.3,0.5,0.5,19.4,1.3,13.7,2038.1
124,68,1,5,1.9,0.3,0.2,0,0,1.9,0,1.9,204.3
124,73,3,55,19.4,4.6,3.5,0,0,19.4,2.1,17.4,2110.7
124,70,1,1,0.4,0.2,0,0,0,0.4,0,0.3,46.3
124,29,2,24,9.3,2.9,1.6,0,0,9.3,0.5,8.2,1052.6
124,33,1,6,2.8,0.9,0.1,0,0.3,2.8,0,2.2,379.3
124,77,1,16,6.5,1.9,0.4,0,0.8,6.5,0.6,4.6,682.5
124,19,3,55,24,7.7,1.4,1.7,1.8,22.3,1.7,20.3,2311.3
124,56,3,56,18.2,3.4,2.8,0,1.4,18.2,2.1,13.5,2285
124,76,2,16,6.5,1.7,0.2,0,0.8,6.5,0.6,5.8,625
124,16,1,4,1.8,0.6,0.1,0,0.1,1.8,0.2,1.5,173.1
124,59,2,17,6.7,1.2,0,0,0,6.7,0.6,3,659.4
124,25,1,56,22.2,5.4,2,0,1.1,22.2,1,20.8,2492.3
124,36,1,12,3.6,0.6,0.6,0,0.2,3.6,1,2.9,436
124,57,1,11,3.2,0.3,0.6,0,0.3,3.2,0.3,2.8,459.5
124,66,2,7,2.6,0.5,0.2,0,0,2.6,0,2.6,286
124,20,2,11.5,5.1,1.7,0.2,0.7,0.4,4.4,0.7,3.4,510.3
124,26,1,1,0.6,0.2,0,0,0,0.6,0,0.4,60.2
124,9,1,4,1.6,0.4,0.1,0,0.6,1.6,0.2,1.3,191.8
124,44,1,3,1.4,0.2,0,0.2,0.1,1.2,0.1,1.1,123.2
124,7,1,2,0.7,0.2,0.2,0,0,0.7,0.1,0.6,84.4
124,13,2,9,3.4,1.1,0.5,0,0.1,3.4,0.5,3,358.2
124,52,1,2,0.7,0.2,0.1,0,0,0.7,0,0.6,88
124,42,1,8,3.6,1.1,0.2,0,0.2,3.6,0.5,2.6,410.6
124,34,1,1,0.3,0,0,0,0,0.3,0.1,0.2,36.3
124,49,1,10,3.7,0.9,0.5,0,0.9,3.7,1.2,3.3,412.6
124,15,1,3,1.3,0.4,0.1,0,0.1,1.3,0.2,1.1,129.9
117,55,1,10,4,0.9,0.4,0.4,0.3,3.6,0.8,3.3,381.9
117,21,2,15,6.6,2.1,0,0,0,6.6,0.8,5.3,646.6
117,40,2,13,5.2,0.9,0,0,0.9,5.2,0.4,5,508.3
117,102,1,210,93.2,25.1,5,22.3,7.8,70.9,7,65.9,8902.6
117,42,3,18,6.6,1.4,1,0,0.4,6.6,0.4,6.1,867.3
117,98,0,174.5,113,69,1,58,8,55,24,61,7510
117,100,0,267,137,52,2,15,10,122,8,113,14159
117,65,3,26,9.7,1.1,1.1,0,1.5,9.7,0.4,8.9,1084.2
117,105,2,7,3,0.9,0.2,0,0,3,0.4,2.8,368.7
117,56,2,8,3.2,0.7,0.3,0.3,0.3,2.9,0.7,2.7,305.5
117,2,2,2,1.4,1,0,0,0,1.4,0,1,110.2
117,82,2,102,52.3,26.4,3.8,3.1,5.6,49.2,5.6,45.6,5495.7
117,32,3,13,4,0.3,0.3,0,0.3,4,0.3,4,397.5
117,30,1,2,0.9,0.3,0.1,0,0,0.9,0,0.8,98.3
117,59,3,129,52.3,18,5.5,0.9,4,51.4,6,44.7,5469.2
117,37,1,1,0.4,0.1,0,0,0,0.4,0.1,0.4,50.5
117,8,3,14,6.7,2.8,0,0,0.5,6.7,1.7,4.5,722.9
117,44,2,8,4.2,2,0,0,0.8,4.2,1.4,3.6,354
117,33,2,18,5.5,0.4,0.4,0,0.4,5.5,0.4,5.5,550.4
117,74,3,47,20.4,5.4,0.6,0,0.6,20.4,2.5,17.4,1995.4
117,58,1,10,3.7,0.6,0.2,0,0.4,3.7,0,3.3,328.3
117,67,0,32,11,2,0,0,1,11,1,10,1169
117,99,1,210.5,101.8,34.4,4.7,17,3.3,84.8,9.3,77.5,10852.9
117,73,1,10,4,0.7,0.2,0,0.1,4,0.4,3.1,416.3
117,81,2,12,5.9,2.5,0.5,0.6,0.4,5.3,0.4,4.3,548.4
117,77,1,97.5,33.3,3.4,1.3,0,3.2,33.3,2.3,19.8,3390.6
117,11,3,41.5,19.1,5.4,0.5,0,2.7,19.1,1.7,16.6,1889.9
117,106,1,1,0.4,0.1,0,0,0,0.4,0.1,0.4,52.7
117,104,3,23,10,3.1,0.8,0,0.2,10,1.3,9,1211.7
117,54,1,42.5,18.8,6.2,1.1,0.1,2.1,18.7,3.2,16.7,1644.4
117,49,1,3,1.1,0.2,0.2,0,0.1,1.1,0.2,0.9,106.7
117,6,1,3,1.4,0.6,0,0,0.1,1.4,0.4,1,154.9
117,76,2,108,43.5,11.3,2.6,4,4.5,39.5,2.6,31.4,4477.1
117,78,1,11,4.1,0.8,0.5,0,0.4,4.1,0.5,3.3,455.8
117,16,1,5,1.9,0.2,0.1,0,0.1,1.9,0.2,1.5,228.3
117,25,1,5,2,0.7,0.2,0.4,0.1,1.6,0.5,0.8,200
117,41,2,13,5,1,0.4,0,0.6,5,0.4,4.7,571.9
117,66,3,54,19.8,4.1,1.8,0,1.1,19.8,0.7,17.1,2230.3
117,101,1,250,121.5,38.2,6,46.1,18,75.4,19,66.4,11717.8
117,48,1,37,15,4.4,1.2,0,0.2,15,1.5,13.8,1356.8
117,20,1,7,3.6,1.3,0,0,0,3.6,0.2,2.5,311.4
117,103,2,102,39.9,5.9,1,0.2,0.7,39.7,3,37.6,5317.6
117,13,1,2,0.9,0.2,0,0,0.2,0.9,0.1,0.8,88.3
117,28,1,29,11.4,4,0.9,2.2,0.4,9.2,2.6,4.8,1160
117,12,2,7.5,3.4,0.9,0.2,0,0.6,3.4,0.4,2.8,331.1
117,15,2,24.5,9.3,1.1,0.5,0,0.5,9.3,1.1,7.3,1118.8
117,22,1,5,1.9,0.5,0,0,0,1.9,0.4,1.8,209.5
117,0,1,1,0.5,0.2,0,0,0,0.5,0.1,0.4,40.8
117,29,2,11,4.8,1.6,0.5,0,0.2,4.8,0.2,4.4,540.6
117,1,2,4,2.8,2.1,0,0,0.1,2.8,0.1,2.1,220.4
117,53,1,3,1.4,0.5,0.1,0,0,1.4,0.2,1.2,142.2
117,51,1,2,0.9,0.3,0.1,0,0,0.9,0.2,0.8,94.8
117,39,2,12,4.8,0.8,0,0,0.8,4.8,0.4,4.7,469.2
117,24,1,7,2.8,1,0.2,0.6,0.1,2.2,0.6,1.2,280
118,40,2,13,5.3,1.1,0.4,0,0,5.3,0.4,5.3,514.7
118,34,1,10,3.8,1.1,0.4,0,0.7,3.8,0.5,2.7,423.6
118,64,2,13,6.1,2.1,0,0,0.3,6.1,1.4,5.7,678.1
118,102,2,78,37.1,9.8,0.1,4,4.1,33.1,2.2,29.6,4388.2
118,42,1,5,1.9,0.8,0.3,0,0.1,1.9,0.3,1.4,222.9
118,100,0,317.5,180,82,2,60,14,120,14,108,15631
118,105,2,64,33.9,13.8,0.3,0.1,1.4,33.8,2.1,29.3,3375.6
118,51,3,28,11.4,3.1,1.2,0,0.6,11.4,1.2,9.3,1175.4
118,106,2,101.5,48.7,15.3,2.8,3.6,7.1,45.1,5.5,38.7,5113.4
118,59,4,38,15.4,3,0,0.7,0,14.7,0,11.6,1623.8
118,7,1,2,0.7,0.2,0.2,0,0,0.7,0.1,0.6,84.4
118,8,1,1,0.4,0.1,0.1,0,0,0.4,0.1,0.3,42.2
118,74,2,28,10.6,2.8,1.6,0,0.4,10.6,1.4,9.6,1111.2
118,62,2,86,36.7,9.2,1.9,0.3,1.9,36.4,1.3,27.7,3536.7
118,46,1,4,1.5,0.3,0.2,0,0.2,1.5,0.3,1.1,140.6
118,99,1,327.5,198.5,129.5,8.1,131.2,12,67.3,31.2,85.2,15584.3
118,104,3,59,27.3,5.2,1.1,0.4,1.4,26.9,0.4,25.1,3360.8
118,82,0,23,12,6,1,2,0,10,2,10,1171
118,58,2,8,3.4,1,0.4,0,0.6,3.4,0.8,2.8,356.6
118,103,2,96.5,43,10.1,1.1,0,1.1,43,2.3,39.3,4856.8
118,73,2,10,4,1,0.3,0.1,0,3.9,0.5,2.6,410
118,53,4,27,10,2.2,1.1,0,0.4,10,1.1,8,1059.8
118,37,3,14,5.2,1.5,0.4,0,1,5.2,0.8,3.8,593
118,9,1,2,0.8,0.3,0.1,0,0,0.8,0.2,0.7,73.1
118,43,2,13,5,2,0.7,0,0.3,5,0.7,3.7,579.5
118,78,1,3,1.3,0.3,0.1,0,0.1,1.3,0,1.1,149.9
118,76,3,50,19.3,5.1,2.8,0,0.9,19.3,2.2,17.3,2045.9
118,18,1,16,5.3,1.1,1.1,0.3,0,5,0.4,5,657.1
118,25,1,3,1.2,0.2,0,0.1,0,1.1,0.2,0.8,102.6
118,19,3,28,11.5,4,1.6,0.5,0,11,0.9,7.5,1136
118,20,2,23,9.5,3.2,1.2,0.5,0,9,0.8,6.1,933.2
118,75,1,10,3.8,1,0.6,0,0.1,3.8,0.5,3.4,396.9
118,49,1,4,2.1,0.8,0.2,0,0.2,2.1,0.2,1.8,200.6
118,24,1,1,0.4,0.1,0,0,0,0.4,0.1,0.3,34.2
118,98,2,72.5,39,20,1,15,4,24,6,25,3340
118,28,2,15,5.7,0.8,0.8,0,0,5.7,0,4.8,593.1
118,36,2,5,1.9,0.5,0.1,0,0.4,1.9,0.3,1.4,211.8
118,41,2,5,2,0.5,0.2,0,0.1,2,0.2,1.8,207.9
118,52,2,7,2.6,0.6,0.3,0,0.1,2.6,0.3,2.1,274.8
118,38,1,10,3.8,1.1,0.4,0,0.7,3.8,0.5,2.7,423.6
118,33,1,5,2,0.6,0.2,0,0.1,2,0.1,1.4,210.7
118,101,0,278,118,22,5,1,10,117,10,86,11348
118,48,1,1,0.4,0.1,0,0,0,0.4,0.1,0.3,35.1
118,63,1,2,0.7,0.1,0,0,0,0.7,0,0.6,73.1
118,81,2,27,11,0,0,0,0,11,1,10,1194
118,32,1,2,0.8,0.2,0.1,0,0,0.8,0,0.6,84.3
118,39,1,2,0.8,0.2,0.1,0,0,0.8,0.1,0.8,79.2
118,15,1,7,2.6,0.5,0.2,0,0,2.6,0.2,1.6,201.4
105,89,2,13,5,0.6,0.2,0.5,0.9,4.5,0,3.8,520.2
105,40,2,25,9.3,1.8,1,0,0.7,9.3,0.7,8.6,1061
105,88,2,3,1.2,0.1,0,0,0.2,1.2,0.1,0.9,138.9
105,90,2,14,5.4,0.5,0.3,0.5,1,4.9,0,3.9,532.3
105,98,2,16,6.3,1.4,0.8,0,0.3,6.3,0.6,5.8,767.5
105,75,1,3,1.3,0.4,0,0,0.1,1.3,0.3,1,118.3
105,42,2,14,5.5,1.8,0.5,0,0,5.5,0.9,5.5,467
105,2,1,72,23.4,1.6,3.2,0,3.3,23.4,1.3,17.9,2561.4
105,53,2,108.5,41.9,7.6,2.6,0.4,3.1,41.5,4.1,33.6,4512.4
105,37,3,25,11.9,3.3,0.3,0.2,0.7,11.7,1.4,10.6,1085.3
105,103,2,12,4.5,0.4,0.3,0.1,0.4,4.4,0.2,4,551.9
105,17,3,20,7.9,2,0.6,0.1,0.2,7.8,1.2,6,804.4
105,94,1,21,7.9,2.1,1.2,0.3,0.6,7.6,0.3,7.6,923.7
105,67,3,32,12.4,2.3,0.7,0,0.9,12.4,1.5,11.5,1360.8
105,93,1,1,0.4,0.1,0.1,0,0,0.4,0.1,0.3,51.4
105,22,3,17.5,6.6,1,0.1,0,0.8,6.6,0.6,5.5,676.8
105,97,2,7,2.5,0.5,0.4,0,0.2,2.5,0.4,2.4,296.5
105,7,1,4,1.2,0.1,0.2,0,0,1.2,0.2,0.9,121.8
105,55,2,3,1.2,0.3,0.1,0,0,1.2,0.1,1.1,130.1
105,21,1,10,3.8,0.5,0,0,0.5,3.8,0.3,3.3,392.5
105,29,2,12,4.8,1.2,0.5,0,0.3,4.8,0.8,3.9,474.1
105,86,1,10,3.7,0.4,0.4,0,0.7,3.7,0.4,3.3,445.3
105,4,2,165,68.6,25.2,8.9,16.2,5.3,52.4,11.4,46.7,6732.3
105,56,3,12,5.2,1.5,0.2,0,0.2,5.2,0.5,4.6,542
105,36,4,38,17.9,6.6,1.4,0.4,0.9,17.5,1.3,16,1691.7
105,3,0,289.5,157,74,8,88,18,69,11,76,13538
105,57,2,9,3.2,0.7,0.2,0,0,3.2,0.5,2.8,333.1
105,19,2,15,5.2,0.9,0.5,0,0.1,5.2,0.6,4.2,531
105,85,2,4,2,0.6,0,0.4,0.2,1.6,0,1.4,229.6
105,18,4,42,15.9,3.4,1.7,0.3,0.3,15.6,1.7,12.3,1694.2
105,26,2,5,1.7,0.3,0.1,0,0,1.7,0.2,1.3,181.7
105,49,2,19,7.2,2.1,0.4,0,0.9,7.2,1.6,5.3,679
105,81,1,6,2.3,0.5,0.2,0,0.1,2.3,0.3,2,268.9
105,92,0,28,13,3,0,0,3,13,0,10,1370
105,101,3,22,8.7,1,0.5,0.1,0.7,8.6,0.4,7.8,1115.2
105,6,1,58,19,1.6,1.9,0.2,2.3,18.8,1.8,15.9,1937.7
105,8,1,3,0.9,0,0.1,0,0.1,0.9,0,0.8,102.1
105,78,2,7,2.8,0.6,0.2,0,0.2,2.8,0.3,2.2,270.5
105,58,1,3,1.1,0.3,0.1,0,0,1.1,0.2,1,112.9
105,5,0,319,128,33,6,19,4,109,7,96,12712
105,50,1,2,0.8,0.2,0,0,0.1,0.8,0.2,0.5,69.9
105,14,1,2,0.6,0.1,0.2,0,0,0.6,0.1,0.5,73.8
105,61,2,3,1.2,0.3,0,0,0.1,1.2,0.2,1.1,132.2
105,91,2,20,7.9,1.2,0.3,0.7,1.2,7.2,0.2,6.1,788.7
105,24,1,3,1.3,0.3,0,0,0,1.3,0.2,1.3,134.2
105,51,1,7,2.7,0.6,0.3,0.1,0.4,2.6,0.3,2.2,257.7
105,28,1,19,7.7,2.2,0.7,0,0,7.7,1.1,6.6,799.1
105,66,1,20,7.5,0.7,0.4,0,0.7,7.5,0.9,7.1,807.9
105,76,4,58.5,23.9,6.7,1.3,0,1.6,23.9,4,19.4,2370.9
105,1,2,16,5.8,1.4,0.9,0,0.2,5.8,0.9,4.8,803.5
105,11,1,4,1.3,0.2,0.3,0.1,0.1,1.2,0.2,1,128.5
105,59,1,16,6.7,1.9,0.3,0,0.4,6.7,1,6,705.2
74,2,2,11,5.2,2.5,0.2,0.4,0,4.8,0.9,4.8,544
74,44,2,321,192.8,113.5,5.8,129.4,14.5,63.4,28.3,106.9,15350.6
74,57,3,19,7.7,1.6,0.9,0,0.4,7.7,0,7.3,736.9
74,60,1,9,4,1.2,0,0,0.3,4,0.3,2.8,396.6
74,76,3,67,25.2,3.8,3.5,0.5,1.6,24.7,3.1,21.4,2816.8
74,46,0,1053,510,231,31,384,129,126,180,112,37330
74,13,1,2,0.8,0.1,0,0,0,0.8,0.2,0.7,103.4
74,54,1,4,1.4,0.3,0.2,0,0,1.4,0.1,1.2,150.3
74,33,2,26,9.9,2.9,1.9,0.7,0.9,9.2,1.6,8.6,1080.3
74,45,0,385,197,91,10,72,15,125,26,137,18191
74,31,2,84,35.6,11.4,2.4,0.4,11.8,35.2,5.4,20,3415.2
74,20,2,9,3.1,0.5,0.5,0,0,3.1,0.7,2.8,363.4
74,73,0,157.5,61,17,2,5,3,56,6,46,6254
74,27,3,28,13.1,3.5,0,0,0.7,13.1,1.3,11.1,1360.6
74,19,2,14,4.8,0.8,0.8,0,0.1,4.8,1,4.4,565.4
74,63,2,12,5.2,1.9,0.2,0,0.5,5.2,0.7,2.9,571.8
74,59,2,3,1.3,0.4,0,0,0.1,1.3,0.1,0.9,132.2
74,21,1,4,1.4,0.2,0.2,0,0,1.4,0.3,1.2,161.5
74,43,2,27.5,11.6,3.1,1.3,0.6,1,11,0.6,10.7,1413.9
74,32,0,210.5,82,21,7,0,6,82,14,57,7867
74,67,1,161.5,69,17.1,1.4,0.1,9.9,68.9,4.5,64,7065.1
74,9,1,4,1.6,0.2,0.1,0,0.1,1.6,0.3,1.5,206.8
74,48,1,162,69.4,20.1,2.1,0,7,69.4,3.1,48.3,6997.6
74,74,0,151.5,59,16,6,0,0,59,5,52,6681
74,55,3,8,2.7,0.6,0.5,0,0,2.7,0.2,2.4,300.6
74,0,2,102,34.4,6.4,5.4,1.1,0.7,33.3,3.7,31.7,3664.2
74,40,1,44.5,17.2,0.7,1.7,5,3.2,12.2,4.5,12.9,2003.4
74,51,1,1,0.5,0.1,0,0,0,0.5,0.1,0.4,51.5
74,69,3,58.5,21.1,3.7,1.9,0,0,21.1,0.9,20.2,2456.8
74,47,0,483.5,234,95,14,167,44,67,54,94,19195
74,30,3,29,13.5,5,0.6,0,0.6,13.5,1.3,11.1,1472.2
74,75,2,23,9.4,1.8,1.2,0,0.3,9.4,0.6,8.2,1164.2
74,72,2,52,19.6,3.5,2,0,1.5,19.6,1.5,17.6,2282.1
74,1,1,46,24,8.8,1,1.8,2.5,22.2,2.3,18.7,2467.1
74,23,3,11,4.8,1.8,0.2,0,0.5,4.8,0.5,4.2,436
74,4,1,3,1.5,0.6,0,0,0.2,1.5,0.2,1,162.1
74,71,2,7,2.8,0.6,0.3,0,0.2,2.8,0.3,2.5,324.3
74,49,2,31,11.3,2.6,0.7,0.7,2.2,10.6,1.9,9.1,1255.9
74,34,1,4,1.7,0.5,0,0,0.2,1.7,0.2,1.2,159.9
74,56,2,18,6.6,1.4,0.8,0,0.2,6.6,0.3,6.2,686.1
74,42,2,11,4.7,1.2,0.5,0.3,0.4,4.4,0.3,4.3,565.6
74,53,2,13,6.2,1.9,0,0,0.3,6.2,1,5.7,669.2
74,39,1,1,0.3,0.1,0.1,0,0,0.3,0,0.3,46.4
74,65,1,3,1.3,0.4,0.1,0.1,0.1,1.2,0.3,1.1,138
74,70,2,8,3.8,1.4,0.4,0,0,3.8,0.4,3.2,419.4
74,29,2,4,1.8,0.6,0,0,0,1.8,0.2,1.6,203
74,26,1,3,1.4,0.4,0,0,0.1,1.4,0.1,1,136.1
74,68,2,127.5,49.5,10.6,4.2,0.4,2.9,49.1,4.6,45.3,5152.1
74,61,1,4,1.7,0.7,0.1,0,0.2,1.7,0.2,1,190.6
74,66,2,114,55,22.7,1.4,5.9,6.4,49.1,5.8,31.6,4610
74,41,0,43,23,10,0,0,1,23,4,18,2106
74,14,1,10,4.3,0.7,0,0,0,4.3,0,3.7,497.7
74,5,1,3,1.5,0.6,0,0,0.2,1.5,0.2,1,162.1
74,88,1,1,0.4,0.1,0,0,0,0.4,0.1,0.3,44.8
74,79,3,197,116.8,71.4,7.1,72,15,44.8,11.3,29.8,7463.7
74,89,2,5,1.7,0.3,0.3,0,0.1,1.7,0.3,1,208.2
74,84,2,91,36.4,4.3,3.2,0,3.5,36.4,2.3,34.6,3886.8
74,93,2,101,46.7,10.2,1.5,0,2.3,46.7,1,41.7,5529.8
74,85,1,7,2.9,0.4,0.2,0,0.6,2.9,0.4,2.6,306
74,80,2,123,61,21.1,3,0,2,61,4.3,54,5688.7
74,94,0,156,85,32,1,11,8,74,8,63,9053
74,77,2,28,10.8,2.6,1,0.8,0.8,10,1.2,7.4,1175
74,87,1,2,0.8,0.3,0.1,0,0,0.8,0.1,0.5,89.7
74,95,2,49,24.7,8.8,0.9,1.5,2.5,23.2,0.5,22.3,3121.8
74,86,1,8,3.2,1.1,0.3,0,0,3.2,0.5,2.1,358.7
74,92,3,64,27,4.2,0.2,0,4.1,27,2.6,25.4,3276.8
74,91,3,15,6.1,1.2,0.4,0,0.1,6.1,0.6,5.1,792.6
25,13,3,8,3.8,1.2,0.1,0,0.2,3.8,0.1,2.7,456.6
25,80,1,5,2.3,0.6,0,0,0.2,2.3,0.4,2,221.9
25,94,2,14,5.4,2,0.4,0,0.4,5.4,0.4,4.4,507.4
25,52,1,4,1.8,0.5,0.1,0,0.1,1.8,0,1.6,201.9
25,20,1,1,0.5,0.2,0,0,0,0.5,0.1,0.4,55.5
25,86,2,33,13.6,2.5,0.6,0,0.9,13.6,1.4,13.4,1434.8
25,89,1,4,1.6,0.3,0.1,0,0.1,1.6,0.2,1.3,179.7
25,36,1,3,1.3,0.4,0.1,0,0.3,1.3,0,0.9,125.7
25,72,1,4,1.9,0.4,0.1,0,0.1,1.9,0.1,1.6,199.7
25,8,1,2,0.9,0.5,0.1,0,0.2,0.9,0.1,0.8,91.7
25,81,2,18,7.1,1.7,0.1,0,1.2,7.1,1.5,6.4,715.9
25,22,1,2,0.9,0.3,0,0,0,0.9,0.1,0.6,86.5
25,67,1,2,0.9,0.3,0.1,0,0.1,0.9,0.1,0.6,91.5
25,107,2,53,23.2,7.4,2,2.3,2.4,20.9,7.8,18.5,2490.7
25,19,4,9,4.8,2.3,0.1,0.6,0,4.2,0.9,3.6,452.5
25,106,2,3,1.4,0.5,0.1,0,0,1.4,0.2,1.2,137
25,49,1,13,6,1.7,0.3,0,0.3,6,0,5.3,656.3
25,32,1,7,3.1,1,0.3,0,0,3.1,0.8,2.6,365
25,14,3,17,7.9,2.4,0.4,0,0.9,7.9,1,6.3,845.7
25,45,3,9,4,1.4,0.1,0,0.1,4,0.8,2.7,444.1
25,79,3,47,17.9,3,1,0,1.9,17.9,3,15.2,1870.7
25,100,4,18,8.3,2.6,0.1,0.1,0.4,8.2,1.2,6.7,808.8
25,35,2,31,12.5,3.8,1.5,0,0.4,12.5,3,11.7,1300.2
25,76,4,17,7.4,2.2,0.2,0.4,0.2,7,0.7,5.6,749.7
25,7,1,1,0.5,0.2,0,0,0.1,0.5,0,0.4,45.8
25,71,2,9,4.1,1,0.1,0,0.4,4.1,0.4,3.5,449.4
25,99,3,10,4.5,1.4,0,0,0.2,4.5,0.6,3.9,457
25,42,2,14,6,1.9,0.6,0.1,0.3,5.9,0.5,5.1,588.1
25,15,1,1,0.5,0.1,0,0,0.1,0.5,0.1,0.4,50.5
25,82,2,25,10.2,2.6,0,0,1.8,10.2,2.2,9.3,1008.4
25,23,1,7,3,1,0.1,0,0.1,3,0.3,2.2,302.8
25,87,2,15,5.5,1.1,0.4,0,0,5.5,0.5,4.9,699.6
25,65,1,2,0.9,0.3,0,0,0,0.9,0.1,0.7,86.4
25,103,1,2,0.9,0.2,0,0,0,0.9,0.1,0.8,94.1
25,84,1,32,13.9,3.5,0.1,0,3.2,13.9,5.3,8.9,1561.2
25,62,0,61,26,10,3,2,1,24,4,16,2482
25,63,3,36,15,4.9,0.9,0.5,1.4,14.5,2.6,9.5,1616.3
25,10,2,9,5.2,2.5,0,0,0.2,5.2,1,4.4,499.1
25,41,2,15,6.5,2.1,0.6,0.1,0.3,6.4,0.5,5.5,633.4
25,77,2,31,14,4.1,0.2,0.8,0.2,13.2,1.1,10.5,1412.8
25,88,1,5,1.8,0.3,0.1,0,0,1.8,0.1,1.6,233.1
25,83,2,7,2.8,0.7,0,0,0.5,2.8,0.6,2.6,282.4
25,108,1,16,8.8,3.5,0,0.1,0.3,8.7,1.1,7.7,931.1
25,34,1,8,4.1,1.8,0.3,0,0.3,4.1,1.3,3.6,411.9
25,44,1,4,1.4,0.6,0.1,0,0,1.4,0.2,1.2,171.2
25,60,1,9,3.6,0.6,0.4,0,0.4,3.6,0.2,3,393.8
25,48,1,2,1,0.3,0,0,0,1,0.2,0.6,105.2
25,92,3,19,8.2,2.6,0.4,0,0.1,8.2,0.7,7.6,908.5
25,85,3,35,14.1,2.5,0.9,0,0.9,14.1,1.4,13.4,1531.2
25,90,1,4,1.9,0.8,0.1,0,0,1.9,0.2,1.7,211
25,29,3,6,2.4,0.2,0,0,0.1,2.4,0.8,2.2,267.4
25,50,1,7,2.8,0.7,0.2,0,0,2.8,0.4,2.6,342.8
25,102,1,15,7.7,3.3,0.5,0.5,0.2,7.2,0.9,5.9,792.4
25,11,2,3,1.8,0.7,0,0,0.1,1.8,0.4,1.5,162.8
25,46,1,3,1.5,0.4,0,0,0.1,1.5,0.3,0.9,157.9
32,20,3,12,4.5,1.2,0.4,0,0.2,4.5,0,3.5,449.3
32,56,1,6,2.2,0.4,0.2,0,0.2,2.2,0.4,0.8,188.3
32,43,3,8,3.5,0.8,0.3,0,0.3,3.5,0.5,2.9,332.5
32,79,1,51,17.8,2.2,2.5,0,2.2,17.8,0.2,14.6,1828.7
32,17,3,34,11.7,2.3,1.9,0,0,11.7,0,10.5,1284.4
32,78,2,3,1.5,0.5,0,0,0,1.5,0,1.5,167.4
32,28,3,128,46.6,16.9,9.9,0,1,46.6,5.9,44.6,4685.7
32,80,2,82.5,29.2,8,6.1,0,3.7,29.2,1.7,26.5,3081.8
32,70,1,3,1.2,0.4,0.2,0,0,1.2,0.2,0.9,137.3
32,81,2,7,2.8,0.8,0.2,0,0.1,2.8,0.3,2.7,288.4
32,55,1,2,0.7,0.1,0.1,0,0.1,0.7,0.1,0.3,62.8
32,77,4,21,10,3.1,0.5,0,0.5,10,0.5,10,1171.3
32,13,1,6,3.4,2.1,0.2,0.6,0.2,2.8,0.4,1.9,284.4
32,88,3,19,8.1,2.4,0,0,0.7,8.1,0.7,6.1,870.4
32,16,2,27,10.5,2.7,1.1,0,0,10.5,0.5,8.9,1132.9
32,6,2,7,2.8,1,0.3,0,0,2.8,0.6,2.4,274.3
32,95,2,16,7.1,2.6,0.7,0,0.5,7.1,0.2,6,773.8
32,46,1,2,0.8,0.2,0.1,0,0,0.8,0.1,0.7,77.1
32,67,1,2,0.7,0.1,0.1,0,0,0.7,0,0.7,88.7
32,36,2,3,1.5,0.6,0.1,0,0,1.5,0.3,1.1,135.6
32,35,1,2,1,0.4,0.1,0,0,1,0.2,0.7,90.4
32,8,1,1,0.4,0.1,0,0,0,0.4,0.1,0.3,39.2
32,91,2,4,2,0.8,0.2,0,0.1,2,0.1,1.8,206.7
32,69,4,15,6.3,2.2,0.8,0,0,6.3,0.8,4.5,686.7
32,1,1,6,2.5,1.1,0.3,0,0.3,2.5,0.9,2.3,254.8
32,87,2,17,7.2,2.1,0,0,0.7,7.2,0.7,5.4,778.7
32,7,2,3,1.2,0.4,0.1,0,0,1.2,0.3,1,117.6
32,15,1,2,1,0.4,0,0,0,1,0.1,0.8,107.8
32,32,1,4,1.4,0.2,0.1,0,0.1,1.4,0.1,1.1,154.4
32,42,1,5,2.2,0.5,0.2,0,0.2,2.2,0.4,1.8,207.8
32,21,1,5,1.9,0.5,0.2,0,0.1,1.9,0,1.4,187.2
32,3,3,18,7.5,3.3,0.8,0,0.8,7.5,2.8,6.9,764.4
32,49,1,2,0.8,0.1,0.1,0,0.1,0.8,0.1,0.6,82.2
32,110,2,6,2.9,1.1,0,0,0,2.9,0.6,2.4,347.7
32,73,1,2,0.8,0.3,0.1,0,0,0.8,0.1,0.6,91.6
32,52,3,15,6.6,1.9,0.5,0,0.5,6.6,1.1,6.6,709
32,12,2,6,3.4,2.1,0.2,0.6,0.2,2.8,0.4,1.9,284.4
32,0,2,2,0.8,0.4,0,0,0,0.8,0.4,0.8,85
32,30,2,64,22.2,1,1.9,0,5.9,22.2,3.5,17.2,2213.4
32,60,2,12,5.4,1.4,0,0,1,5.4,1,4,679.8
32,94,1,3,1.3,0.5,0.1,0,0.1,1.3,0,1.1,145.1
32,47,1,7,2.6,0.5,0.4,0,0.1,2.6,0.3,2.4,269.8
32,82,1,4,1.6,0.4,0.1,0,0.1,1.6,0.3,1.5,160.2
32,25,2,3,1.2,0.3,0.2,0,0.1,1.2,0.2,1,139
32,102,1,4,1.9,0.5,0,0,0.1,1.9,0.2,1.7,226.2
32,9,1,6,2.5,0.8,0.2,0,0.2,2.5,0.2,2.3,278.9
32,57,1,6,2.7,0.8,0,0,0,2.7,0.4,2.1,291
32,24,2,9,3.6,0.9,0.6,0,0.4,3.6,0.6,2.9,416.9
32,63,3,17,6.5,1.4,1.4,0.5,0.9,6,0.5,5.1,653.8
32,48,1,1,0.4,0.1,0.1,0,0,0.4,0,0.3,38.5
32,53,1,2,0.9,0.2,0.1,0,0.1,0.9,0.2,0.9,94.5
32,50,3,58,23.8,8,1.2,0,1.8,23.8,5,21.3,2324.8
32,38,2,5,2.5,1,0.2,0,0.1,2.5,0.5,1.8,226.1
32,33,2,20,6.9,0.8,0.4,0,0.4,6.9,0.4,5.7,772.3
32,72,1,12,5,1.7,0.7,0,0,5,0.7,3.7,549.3
32,111,2,4,2,0.7,0,0,0,2,0.4,1.6,231.7
32,90,1,4,2.2,0.9,0.1,0,0,2.2,0,2.1,223.7
32,29,2,82,35.9,14,3.1,6,3.1,29.9,3.5,22.8,3436.6
32,66,1,3,1.1,0.1,0.1,0,0.1,1.1,0.1,1,139.2
32,86,1,3,1.3,0.4,0,0,0.1,1.3,0.1,1,137.4
32,61,2,5.5,2.4,0.7,0.1,0,0.5,2.4,0.4,1.8,293.4
32,83,1,1,0.4,0.1,0,0,0,0.4,0.1,0.4,40
32,92,1,2,0.9,0.3,0.1,0,0.1,0.9,0.1,0.8,94.9
115,40,4,44,19.7,5.3,0.3,0,1.4,19.7,1.5,18.5,2039.8
115,35,2,5,2,0.4,0.2,0,0.1,2,0.4,1.8,206
115,34,1,5,2.2,0.6,0.1,0,0.1,2.2,0.4,1.9,252.4
115,79,2,11,4.4,1.1,0.2,0,0.2,4.4,0.5,4.2,446.8
115,84,0,409,169,51,16,9,17,160,20,115,15485
115,64,1,11,4.1,0.9,0.2,0,0.5,4.1,0.7,3.6,453.5
115,50,1,7,3.2,1.2,0.3,0,0,3.2,0.6,2.8,331.9
115,102,1,56,20.1,2.8,2,0.2,0.6,19.9,3,16.9,2480.9
115,100,2,5,2.4,1,0.1,0.3,0.1,2.1,0.1,2,259
115,33,1,2,0.9,0.2,0,0,0,0.9,0.1,0.8,91.1
115,98,3,80,34.2,13.1,1.1,2.5,1.7,31.7,3.5,26.3,3350.4
115,105,3,35,15.3,4.7,1.2,0,0.4,15.3,2,13.7,1859.7
115,42,2,4,1.5,0.4,0.2,0,0.2,1.5,0.3,1.3,170.3
115,31,1,10,4.3,1.4,0.5,0,0.2,4.3,0.2,4,491.4
115,51,1,8,3.7,1.3,0.3,0,0,3.7,0.7,3.2,379.3
115,75,1,127,56.2,21.6,6.7,2,1.7,54.2,1.5,48,5619.8
115,38,2,17,7.6,2.2,0.4,0,0.4,7.6,1.4,6.5,863.5
115,62,2,23,7.9,1.4,1.4,0,0.9,7.9,0.9,7.5,908.9
115,67,3,35,12.8,3.2,1.7,0,0.4,12.8,1.1,11,1358.3
115,99,1,280.5,99.8,18.4,12,2,12,97.8,13.4,63.6,9498.2
115,16,1,5,1.6,0.1,0.2,0,0,1.6,0.2,1.5,168.8
115,97,1,45,20.1,6.4,0.1,0,0.3,20.1,0,18.5,2511.1
115,96,2,12,4.7,0.5,0.1,0.1,0.2,4.6,0.1,4,691.4
115,45,2,4,2,1,0,0,0.4,2,0.6,1.8,177
115,59,1,3,1.2,0.5,0.2,0.1,0,1.1,0,1,116.9
115,85,2,90,49.2,21.1,1,3.3,3.8,45.9,7.2,41.4,4933.4
115,74,4,37,14.5,3.1,1.5,0,2.3,14.5,1.3,11.6,1505.6
115,95,1,2,1,0.2,0,0.1,0,0.9,0.1,0.9,168.6
115,83,2,80,35,7.5,2.6,0.4,3.8,34.6,2.4,30.7,3338.5
115,21,1,6,3,1.1,0,0,0.3,3,0,1.6,281.7
115,54,1,20,8,1.8,0.8,0.8,0.6,7.2,1.6,6.7,763.7
115,3,1,1,0.7,0.5,0,0,0,0.7,0,0.5,55.1
115,77,3,118,40.7,8.5,6.1,0.5,1.7,40.2,2.9,37.4,4221.7
115,63,2,7.5,2.6,0.4,0.4,0,0.3,2.6,0.3,2.4,296.3
115,103,2,70,26.8,4.4,1.6,0,1.6,26.8,1.4,19.5,2783.3
115,76,4,61,24.2,5.2,2.5,0.3,3.1,23.9,2.2,19.9,2520
115,94,1,6,2.9,0.6,0,0.1,0.1,2.8,0.3,2.6,505.7
115,41,4,61,24.7,6,2,0,2.1,24.7,3.2,22.2,2570.2
115,36,1,5,1.8,0.3,0.2,0,0,1.8,0.3,1.7,175.2
115,104,2,9,3.9,1.1,0.3,0,0.1,3.9,0.5,3.5,474.1
115,66,3,36,13.3,3.1,1.6,0,0.9,13.3,1.7,11.6,1401.2
115,20,2,4,2,0.8,0,0,0.1,2,0.1,1.2,182.9
115,22,2,8,3,0.8,0,0,0,3,0.6,2.9,335.2
115,13,4,20,9.2,2.6,0.3,0,1.3,9.2,0.8,8,911.9
115,26,1,23,8.4,1.7,0.3,0.3,1.4,8.1,0.6,6.1,813.8
115,55,1,20,8,1.8,0.8,0.8,0.6,7.2,1.6,6.7,763.7
115,48,1,2,1,0.5,0.1,0,0.1,1,0.2,0.9,99.9
115,24,1,8.5,3.1,0.6,0.1,0.1,0.5,3,0.2,2.3,300.7
115,29,2,21,9,2.9,0.9,0,0.5,9,0.6,8.5,1024.8
115,101,4,11,4.6,1.3,0.2,0.2,0.2,4.4,0.3,4.1,559.4
115,65,1,2,0.8,0.2,0,0,0.1,0.8,0.1,0.7,82.5
115,56,1,12.5,5.1,1.6,0.4,0,0.1,5.1,0.3,4.9,560.3
115,1,1,4,1.9,0.9,0.1,0,0.1,1.9,0.3,1.5,163.1
115,23,1,1,0.4,0.1,0,0,0,0.4,0.1,0.4,41.9
115,39,1,25,11.8,3.5,0.2,0,0.4,11.8,0.8,11,1243.6
125,40,3,96.5,30.3,4.9,5.2,0,1.5,30.3,1.5,25.2,3090.7
125,17,2,6,2.4,0.3,0,0,0.1,2.4,0.3,2.2,252.9
125,55,1,193.5,83.9,26.9,3.2,24,10.4,59.9,15.2,38.8,7369
125,46,2,6,2.5,0.5,0.2,0,0.1,2.5,0.4,2.1,299.2
125,42,3,45,20.4,6.6,0.9,0.8,0.9,19.6,2.7,14.8,2286.4
125,79,2,4,1.6,0.6,0,0,0,1.6,0,1.4,164.4
125,67,1,9,4.4,1.4,0,0.4,0.4,4,0.5,3.9,429.8
125,21,1,3,1.2,0.2,0,0,0,1.2,0.1,1.1,162.3
125,30,1,2,0.9,0.3,0,0,0.1,0.9,0,0.7,126.4
125,39,1,72,26.6,7.4,4.2,0,1,26.6,1,23.5,2835.2
125,14,2,6,2.5,0.5,0.1,0,0.1,2.5,0.3,2.4,282.1
125,2,2,11,4,1.1,0.6,0,0.3,4,0.7,3.1,484.1
125,23,1,248.5,133.7,63.6,2.1,60.1,17.2,73.6,18.1,63.2,11689.1
125,68,4,8,3.7,1,0.1,0.3,0.2,3.4,0.3,3.4,361.3
125,31,1,2,0.9,0.3,0,0,0.1,0.9,0,0.7,126.4
125,52,1,4,1.5,0.4,0.2,0,0.1,1.5,0.1,1.2,176
125,38,2,15,5.9,0.9,0.2,0,0.5,5.9,1.5,5,655.2
125,22,2,18,7.4,1.7,0.2,0.4,0.5,7,0.4,6.1,926.9
125,60,2,4,1.5,0.2,0.1,0,0,1.5,0.2,1,150.9
125,58,3,10,3.4,0.6,0.4,0,0.3,3.4,0.4,2.8,402.4
125,72,2,17.5,6.7,1.4,0.5,0,0.1,6.7,1.1,6.1,738.4
125,45,2,9,3.4,0.5,0.5,0,0.2,3.4,0.5,2.9,398.4
125,56,2,245,94.9,21.2,10.4,1,11.7,93.9,9.1,67.6,9444.9
125,35,1,2,0.6,0.1,0.1,0,0,0.6,0.2,0.5,72.7
125,41,2,13,5.2,1.2,0.2,0,0.5,5.2,0.6,4.3,581.9
125,28,3,15,5,1.6,1.1,0,0.4,5,1.4,3.6,583
125,24,0,444,206,83,17,81,26,125,26,105,18728
125,70,2,13,6.2,2.2,0.3,0.4,0.3,5.8,0.3,4.8,615.8
125,7,2,16,5.8,1.6,1,0,0.3,5.8,0.8,4.8,669.9
125,29,2,8,3.2,1,0.4,0,0.1,3.2,0.1,2.8,389.5
125,25,2,77.5,31.7,7.4,1.4,0,1.5,31.7,1,26.8,4014.7
125,57,1,9,2.6,0.3,0.5,0,0.3,2.6,0.3,2.2,375.9
125,36,1,12,3.6,0.6,0.6,0,0.2,3.6,1,2.9,436
125,9,3,16,6.5,2,0.7,0,1.3,6.5,0.6,4.4,715.8
125,71,1,4,1.8,0.7,0.1,0,0,1.8,0.1,1.2,185.3
125,66,3,12,5,1.3,0.2,0.2,0.2,4.8,0.3,4.7,524.8
125,54,1,8,3,0.9,0.4,0,0.1,3,0.4,1.8,313.5
125,19,1,16,7,2.3,0.3,1,0.5,6,1,4.7,710
125,73,1,3,1.2,0.4,0.2,0,0.1,1.2,0.3,1.2,123.6
125,34,1,4,1.2,0.2,0.2,0,0.1,1.2,0.3,1,145.3
125,49,2,8,3,0.8,0.3,0,0.8,3,0.9,2.6,330.1
125,59,1,1,0.3,0.1,0,0,0,0.3,0,0.3,36.6
8,20,1,4,1.5,0.5,0.2,0,0,1.5,0.2,1.1,162.3
8,54,1,4,1.6,0.4,0.2,0,0.2,1.6,0.4,1.4,143.3
8,91,1,6,2.2,0.4,0.1,0,0.3,2.2,0.1,1.8,251.3
8,31,2,14,6,1.5,0.6,0,0.3,6,0,5,551.4
8,78,2,9,3.2,0.8,0.2,0,0,3.2,0.8,2.7,359.2
8,1,2,9,4.4,1.6,0.3,0.2,0.1,4.2,1.3,3.7,461.2
8,89,1,116.5,48.8,13.6,3.3,0,5,48.8,5.5,42.2,5409.4
8,59,3,7,3.2,0.7,0,0,0.3,3.2,0.3,3.2,325.5
8,36,1,3,1,0.2,0.1,0,0.1,1,0.1,1,125.4
8,40,1,11,6.8,3.4,0,0,0,6.8,0.4,4.2,611.3
8,107,3,46,21.9,5.8,0,0,1.2,21.9,0,20.9,2504.1
8,56,1,1,0.4,0.1,0.1,0,0,0.4,0.1,0.3,35.8
8,67,2,14,5.5,1,0.4,0,0.4,5.5,1,3.9,575.2
8,58,1,2,1,0.4,0,0,0,1,0,1,106.8
8,57,2,7,3.5,1.2,0.2,0,0.2,3.5,0,3.3,373.8
8,2,1,3,1.4,0.4,0.2,0.1,0,1.3,0.4,1.1,154.7
8,85,1,6,1.9,0.2,0.6,0,0.2,1.9,0.2,1.1,224.7
8,105,3,36,16.5,5.6,0.3,0.8,1.1,15.7,2,12.1,1618.5
8,7,3,9,4.5,2.3,0.2,0.7,0.2,3.8,0.2,3.6,401.4
8,21,2,9,3.3,1.1,0.4,0,0,3.3,0.4,2.4,365.2
8,81,2,7,3.1,1,0.2,0,0.2,3.1,0.8,2.6,348.2
8,26,1,1,0.4,0.1,0,0,0,0.4,0,0.3,33.6
8,32,3,9,3.8,0.9,0.3,0,0.2,3.8,0,3.3,354.4
8,104,0,80,37,10,1,0,5,37,5,19,3622
8,90,2,31,11.5,2.3,0.4,0,1.5,11.5,0.7,9.2,1298.2
8,51,2,5,2.2,0.6,0.3,0,0,2.2,0.3,2,210.1
8,3,2,6,2.8,0.9,0.3,0.1,0,2.7,0.9,2.2,309.5
8,28,1,5,1.9,0.6,0.2,0,0.1,1.9,0.2,1.4,168
8,84,3,15,4.7,0.5,1.6,0,0.5,4.7,0.5,2.8,561.7
8,95,1,3,1.3,0.3,0.1,0,0.2,1.3,0,1.2,180
8,71,3,14,5,0.3,0.4,0,0.8,5,0.3,4.5,587.2
8,42,2,3,1.5,0.6,0.1,0,0,1.5,0.1,1.2,155
8,79,1,1,0.4,0.1,0,0,0,0.4,0.1,0.4,49.7
8,94,1,11,4.7,1.3,0.4,0,0.8,4.7,0,4.2,660
8,80,1,1,0.4,0.1,0,0,0,0.4,0.1,0.4,49.7
8,38,2,7,2.3,0.4,0.2,0,0.2,2.3,0.2,2.3,292.6
8,101,1,3,1.2,0.3,0,0,0.1,1.2,0.2,1.2,131.6
8,14,3,81.5,35.5,10.9,1.9,5.5,5.2,30,4.6,24.8,3480.1
8,106,3,21,9.7,3.4,0.2,0.5,0.6,9.2,1.1,7.3,976.1
8,15,1,5,2.1,0.6,0.2,0.2,0.3,1.9,0.2,1.6,219.4
8,62,2,11.5,6.5,2.4,0,0,0.7,6.5,0.7,5.5,679.9
8,96,3,7,2.8,0.7,0.3,0,0.2,2.8,0,2,318.2
8,60,2,8,3.6,0.9,0,0,0.3,3.6,0.3,3.6,371.9
8,100,2,5,2.2,1,0.2,0.2,0.2,2,0.3,1.3,213.2
8,33,1,15,6.4,1.6,0.6,0,0.3,6.4,0,5.4,590.7
8,35,1,2,0.8,0.1,0.1,0,0.1,0.8,0.1,0.6,80.1
8,65,1,2,0.8,0.1,0.1,0,0.1,0.8,0.1,0.6,82.2
8,88,3,48,18.2,4.3,2.6,0,0,18.2,2.6,14.7,2010.8
8,41,2,9,5.3,2.6,0.1,0,0,5.3,0.4,3.5,492.3
8,18,2,4,2,0.8,0.1,0,0.4,2,0.5,1.3,191.6
8,47,1,1,0.5,0.2,0,0,0,0.5,0.1,0.4,49.4
8,99,3,16.5,7.3,3.2,0.5,0.5,0.5,6.8,1.1,4.2,703.5
8,103,3,33,13.4,3.1,0.3,0,0.8,13.4,2.3,12.8,1447.2
8,77,1,4,1.4,0.4,0.1,0,0,1.4,0.4,1.2,159.6
8,61,2,23,12.9,4.9,0,0,1.2,12.9,1.2,11,1359.8
8,53,1,4,1.7,0.5,0.2,0,0,1.7,0.2,1.5,168.1
8,39,1,1,0.6,0.3,0,0,0,0.6,0,0.4,55.6
8,92,2,14,6.5,2.2,0.3,0.8,0,5.7,2.2,5,700.8
8,108,1,3,1.6,0.6,0,0,0,1.6,0,1.6,182.9
8,29,2,6,2.6,0.4,0,0,0.4,2.6,0.5,1.7,230.9
8,93,1,9,4.2,1.4,0.2,0.5,0,3.7,1.4,3.2,450.5
8,23,2,7,2.5,0.8,0.3,0,0,2.5,0.3,1.8,284.1
8,46,1,2,1,0.4,0,0,0.1,1,0.2,0.8,98.8
8,70,1,2,0.7,0,0.1,0,0.1,0.7,0,0.6,83.9
86,16,3,21,8.5,1.5,0.4,0,1,8.5,1,8.3,1091.8
86,57,3,13,5.5,1.7,0.3,0,0.5,5.5,0.3,5,731.5
86,60,2,10,4,1,0.5,0,0.2,4,0.4,3.6,547.2
86,17,3,21,8.6,1.6,0,0,1.6,8.6,1.6,8.1,1018.7
86,32,1,7,3.3,1.4,0.2,0,0.3,3.3,0.5,2.5,323.1
86,28,1,2,0.7,0.2,0.1,0,0,0.7,0.1,0.6,78.9
86,45,3,36,14.5,4.1,0,0,0,14.5,0.7,11.1,1479.5
86,31,1,5,1.7,0.2,0.2,0,0.2,1.7,0.1,1.6,200.4
86,51,3,102,30.2,6.6,7.8,2,2.9,28.2,1.9,23.1,3319.8
86,44,2,15,6,1.7,0,0,0,6,0.3,4.6,616.5
86,67,1,13,5.4,2.2,0.9,0.1,0.5,5.3,0.8,4.5,727.7
86,47,2,37,11.2,0.8,2.1,0,0.8,11.2,0,10.4,1298.3
86,40,2,18,6,1.6,1.2,0,0.8,6,0.8,6,718.8
86,64,2,12,4.8,1.2,0.5,0,0.2,4.8,0.8,3.8,575
86,15,3,14,5.6,0.9,0.5,0,0.5,5.6,0.5,5.6,757.9
86,43,1,6,2.3,0.6,0.5,0,0.2,2.3,0.3,2,211.8
86,50,4,11,4.4,1.1,0.2,0,0,4.4,0.5,4.4,487.3
86,70,2,70,28,4.1,1.7,0,0,28,2,27,3668.3
86,20,1,2,0.8,0.2,0.1,0,0.1,0.8,0.1,0.7,90.3
86,56,3,42,17.3,4.8,1.5,0,1.6,17.3,1.5,13.8,2097.2
86,30,1,8.5,2.9,0.4,0.4,0,0.4,2.9,0.1,2.8,340.8
86,19,1,4,1.6,0.4,0.1,0,0.1,1.6,0.1,1.5,180.5
86,34,1,2,1,0.4,0,0,0.1,1,0.1,0.8,100.2
86,58,3,12,5.1,1.5,0.3,0,0.5,5.1,0.3,4.6,675.3
86,62,3,34,14.5,3.8,0.4,0,1.2,14.5,3.5,11.3,1838.3
86,71,3,27,8.1,0.7,2.3,0,0.2,8.1,0.1,7.9,941.5
86,26,1,8,3,0.7,0.3,0,0.3,3,0.7,1.9,367
86,21,1,6,2.4,0.6,0.2,0,0.2,2.4,0.2,2.2,270.8
86,48,1,12,3.6,0.3,0.7,0,0.3,3.6,0,3.4,421.1
86,53,1,75,38.9,19.5,2.2,1,0.2,37.9,5.2,33.6,4288
86,59,2,7,2.8,0.7,0.4,0,0.1,2.8,0.2,2.6,383
86,52,0,272,113,34,11,8,14,105,10,85,11281
86,36,2,6,2.6,0.6,0,0.1,0.2,2.5,0.3,2.2,280
86,63,1,3,1.3,0.3,0,0,0.1,1.3,0.3,1,162.2
86,33,1,3,1.4,0.6,0.1,0,0.1,1.4,0.2,1.1,138.5
86,49,2,4,1.6,0.4,0,0,0,1.6,0.2,1.6,177.2
86,68,3,10,4.2,1.7,0.8,0.2,0.3,4,0.6,3.4,559.8
86,29,1,4,1.4,0.2,0.2,0,0.2,1.4,0.1,1.3,160.4
86,65,1,59,23.4,5.4,2.1,0,1.3,23.4,1.6,20.6,2728.1
86,61,1,3,1.3,0.3,0,0,0.1,1.3,0.3,1,162.2
86,46,1,3,0.9,0.1,0.2,0,0.1,0.9,0,0.8,105.3
86,12,1,3,1.3,0.3,0.1,0,0,1.3,0.1,0.9,140.2
86,79,2,68,31.5,7.3,0.8,0,0.8,31.5,1.7,28.8,3980.3
86,8,2,38,16,4.7,0,0,0,16,2,12,1774
86,10,3,23,7.7,1.3,1.3,0,0.3,7.7,0.6,7.1,879.9
86,9,1,4,1.3,0.2,0.2,0,0.1,1.3,0.1,1.2,153
86,90,2,13,5.4,0.9,0,2.2,0,3.2,0.4,4,816.3
86,93,0,638,420,274,6,362,23,58,39,225,29487
86,77,2,96,41.2,8.2,3.5,0,0.2,41.2,1.5,37.4,5162.8
86,83,2,50.5,22,5,0,4,2,18,2,18,2720
86,78,1,150.5,71.8,23.8,2.3,3,8.2,68.8,4.3,62.3,7826.8
86,7,1,2,0.8,0.2,0,0,0,0.8,0.1,0.6,93.4
86,84,1,5,1.9,0.5,0.2,0,0.2,1.9,0.2,1.6,290.8
86,94,1,1049.5,652.7,397.8,11,619.2,82.5,33.5,107.2,197.8,41364.5
86,4,2,25,10.2,3.2,0.6,0,0.6,10.2,1.9,9,1172.5
86,2,2,23,6.8,1.1,1.6,0,0.3,6.8,0.5,5.5,696
86,95,1,134.5,87.1,55.5,0,76.7,5.4,10.4,8.7,41.5,5995.6
86,92,1,275.5,167.9,100.6,4,153.1,18.1,14.8,15.1,96.3,14768.3
86,97,0,133,77,38,2,77,10,0,8,40,6507
86,0,2,4,1.5,0.3,0.1,0,0.1,1.5,0.3,1.5,211.7
86,6,1,2,0.8,0.3,0.1,0,0.1,0.8,0.2,0.7,93.8
86,98,0,42,24,12,1,24,4,0,4,14,1886
86,91,2,28,13,3.6,0,2,0.8,11,1,9.2,1769.6
86,1,1,53.5,17.6,2.9,3.3,4,1.2,13.6,1.4,12.5,1707
2,98,1,2,0.9,0.2,0.1,0,0.1,0.9,0.2,0.7,94
2,35,2,13,4.5,0.9,0.6,0,0.4,4.5,0.6,4.1,496.5
2,87,2,9,3.7,0.6,0,0,0.6,3.7,0.3,3.1,403.7
2,39,1,2,0.8,0.2,0.1,0,0,0.8,0.2,0.6,80
2,44,2,5,2.6,0.8,0,0,0,2.6,0.3,2,296.7
2,24,1,2,0.8,0.2,0.1,0,0.1,0.8,0.2,0.4,84.6
2,32,2,13,5.5,1.9,0.3,0,0,5.5,1,5.1,655.5
2,97,2,11,4.7,1.2,0.6,0.1,0.5,4.6,0.9,3.9,517
2,86,1,1,0.6,0.2,0,0,0,0.6,0,0.4,55.5
2,49,1,9,3.4,0.6,0,0,0,3.4,0.2,3.2,395.1
2,81,3,20,7.4,2,1.1,0,0.6,7.4,1.2,5.6,791.9
2,85,2,6,3.3,1,0,0,0,3.3,0.2,2.7,332.9
2,30,1,4,1.9,0.7,0,0,0.3,1.9,0,1.7,190.9
2,36,2,11,3.8,0.8,0.4,0,0.3,3.8,0.4,3.6,420.1
2,7,3,7,3.1,1,0.3,0,0.3,3.1,0.7,2.4,291.6
2,75,2,14,4.9,0.5,0.7,0,0.2,4.9,0,4.4,604.9
2,54,1,1,0.4,0.1,0.1,0.1,0.1,0.3,0.1,0.2,44.1
2,69,1,3,1.3,0.4,0.1,0,0.2,1.3,0.2,1.1,160.8
2,57,1,7,3,0.8,0.1,0,0,3,0.4,2.6,333.1
2,82,1,5,1.9,0.5,0.3,0,0.2,1.9,0.4,1.4,199.1
2,60,1,4,1.7,0.5,0.1,0.2,0.1,1.5,0.2,1.3,148.3
2,1,1,4,1.9,0.9,0.1,0,0,1.9,0.2,1.8,206.2
2,101,2,6,3.2,1.4,0.1,0,0.6,3.2,0.4,2.7,331.4
2,48,1,6,3.1,1,0,0,0,3.1,0.3,2.4,356.1
2,8,1,6,2.7,0.8,0.3,0,0.3,2.7,0.5,2,250
2,94,1,6,2.6,0.7,0.3,0.1,0.2,2.5,0.5,2.1,282
2,88,2,8,3.3,0.5,0,0,0.5,3.3,0.3,2.8,358.9
2,62,2,59,23.8,6.9,2.5,0.8,1.9,23,1.3,19.7,2532.5
2,34,2,4,1.4,0.2,0.2,0,0.2,1.4,0.2,1.2,152.8
2,27,1,2,0.8,0.2,0.1,0,0.1,0.8,0.2,0.4,84.6
2,40,1,5,2,0.6,0.2,0,0,2,0.4,1.6,199.9
2,90,1,1,0.4,0.2,0,0,0,0.4,0.1,0.3,43
2,103,2,30,20,11,0.2,8,0,12,0.3,18.6,1572.3
2,95,1,5,2.2,0.5,0.3,0.1,0.2,2.1,0.4,1.8,235
2,18,1,5,2.9,1.5,0,0,0.2,2.9,1,2.3,259.6
2,63,2,12.5,5,1.2,0.2,0.3,0.7,4.7,0.6,3.8,542.4
2,6,1,6,2.7,0.8,0.3,0,0.3,2.7,0.5,2,250
2,58,3,13,5.6,1.5,0.2,0,0,5.6,0.7,4.8,618.8
2,3,1,2,0.9,0.4,0.1,0,0,0.9,0.1,0.9,103.1
2,41,2,11,4.3,1.4,0.4,0,0,4.3,0.8,3.6,439.9
2,61,2,5,2.1,0.6,0.1,0.2,0.2,1.9,0.2,1.6,191.7
2,93,2,6,2.6,1,0.2,0,0.1,2.6,0.6,1.6,258.1
2,33,1,3,1.3,0.4,0.1,0,0,1.3,0.2,1.2,151.3
2,77,1,2,0.7,0.1,0.1,0,0,0.7,0,0.6,86.4
2,42,1,2,0.8,0.2,0.1,0,0,0.8,0.2,0.6,80
2,74,1,3,1.1,0.1,0.2,0,0.1,1.1,0,0.9,129.6
2,102,2,40,19.9,7.3,1.4,0,0,19.9,1.6,17.9,2314.5
2,100,2,6,3.2,1.4,0.1,0,0.7,3.2,0.5,2.8,333.5
2,53,1,5,1.9,0.9,0.5,0,0,1.9,0.9,1.9,222.2
2,25,1,7,2.8,0.7,0.4,0,0.2,2.8,0.7,1.3,296
2,26,2,12,4.9,1.1,0.7,0,0.4,4.9,1.1,2.3,507.4
2,91,1,5,2.2,0.8,0.2,0,0.1,2.2,0.5,1.3,215.1
2,73,1,3,1.3,0.4,0.1,0,0.2,1.3,0.2,1.1,160.8
2,23,2,9,3.9,1.1,0.3,0,0.3,3.9,0.2,3.3,367.4
6,35,1,6,2.3,0.2,0.2,0,0.4,2.3,0.4,1.9,286.1
6,44,3,22,9.4,2.2,0.4,0,0,9.4,1.3,8,997.2
6,2,2,8,4,2.2,0.4,0.2,0,3.8,0.4,3.6,407
6,80,0,188.5,80,26,9,10,10,70,14,55,7334
6,87,2,30,12.7,4.3,1.6,1.1,0.5,11.6,1.1,11.1,1219.5
6,28,1,9,4.2,1.5,0,0,0.4,4.2,0.2,2.9,383.7
6,31,3,93.5,36.8,7,3.3,1,5.2,35.8,3.3,21,3504.8
6,1,1,1,0.5,0.3,0,0,0,0.5,0,0.4,50.9
6,52,3,17.5,6.6,1.4,0.6,0,0.4,6.6,0.4,5.3,711.1
6,89,4,34,12.3,1.9,0.6,0,0.6,12.3,1.3,11.7,1272.2
6,36,1,15,5.6,1.7,0.7,0,0,5.6,1.4,4.5,500.2
6,67,2,4,1.4,0.2,0.2,0,0,1.4,0.2,1.4,162.6
6,48,3,34,14.7,5,0.7,0.7,0.7,14,1.5,12,1442.3
6,70,1,3,1.2,0.3,0.1,0,0.1,1.2,0,1,129.9
6,40,3,63,32.2,14.9,0.3,3.3,0.8,28.9,3.9,20.8,3098.2
6,81,2,88,30.1,6,5.2,1,5.1,29.1,3.3,26.8,2855
6,24,1,1,0.5,0.2,0,0,0,0.5,0,0.3,42.6
6,32,4,27,10.1,1.8,1.3,0,0.6,10.1,0.6,8.5,1090.1
6,12,2,8,2.7,0.4,0.4,0,0.5,2.7,0.3,1.9,287.6
6,21,1,3,1.3,0.4,0,0,0.1,1.3,0.3,0.9,126.1
6,49,2,7,2.4,0.3,0.3,0,0.1,2.4,0.1,1.8,263.3
6,74,1,4,1.4,0.4,0.2,0,0,1.4,0.1,1.3,173.4
6,13,1,4,1.4,0.2,0.2,0,0.3,1.4,0.1,0.9,143.8
6,105,0,160,81,30,4,3,3,78,4,70,8218
6,107,2,79,46.3,21.4,0.5,13.4,1.7,32.9,4.5,36.9,4391.7
6,59,1,3,1.4,0.3,0,0,0.1,1.4,0.1,1.2,168.5
6,75,2,3,1.1,0.3,0.2,0,0,1.1,0.1,1,130.1
6,45,3,6,2.6,0.6,0.1,0,0,2.6,0.4,2.2,272
6,86,1,1,0.4,0.2,0,0,0,0.4,0.1,0.4,47.5
6,0,2,5,2.5,1.4,0.2,0.1,0,2.4,0.2,2.2,254.4
6,72,3,45,16.5,4.7,3.2,0,1.5,16.5,2.7,14.8,2085.3
6,76,1,7,2.5,0.7,0.4,0,0,2.5,0.2,2.3,303.5
6,95,3,32,12.7,3,0.6,0,1.2,12.7,1.8,12.7,1355.5
6,4,2,4,1.8,0.6,0.2,0,0,1.8,0.4,1.8,194
6,104,2,86,40,12.4,1.5,2,3,38,7.3,30.5,4169.5
6,84,2,4,1.8,0.6,0.2,0,0,1.8,0.4,1.6,190
6,57,1,1,0.5,0.2,0,0,0,0.5,0.1,0.4,44.7
6,51,2,7,2.5,0.4,0.2,0,0.2,2.5,0.2,2,275.5
6,98,1,3,1.3,0.3,0.1,0,0.2,1.3,0.2,1.3,173.9
6,94,1,5,2,0.5,0.1,0,0.2,2,0.3,2,211.8
6,101,4,14,6.2,2.2,0.4,0.2,0,6,1.2,5.7,648.1
6,38,1,1,0.4,0.1,0,0,0,0.4,0.1,0.3,33.3
6,71,1,3,1.2,0.3,0.1,0,0.1,1.2,0,1,129.9
6,106,1,166,96,44,0.3,23,5,73,10.3,76.7,9128.7
6,10,1,9,4.1,1.5,0.4,0,0.4,4.1,1.1,4.1,395.2
6,62,1,2,0.9,0.2,0,0,0,0.9,0,0.8,112.3
6,33,1,3,1.1,0.2,0.1,0,0.1,1.1,0.1,0.9,121.1
6,7,1,2,0.7,0.2,0.2,0,0.1,0.7,0.1,0.7,62.6
6,65,1,1,0.3,0.1,0.1,0,0,0.3,0,0.3,40.7
6,46,1,2,0.9,0.3,0,0.1,0,0.8,0.1,0.7,84.8
6,79,1,4,1.6,0.4,0.1,0,0,1.6,0.1,1.5,169.9
6,63,1,3,1.4,0.3,0,0,0.1,1.4,0.1,1.2,168.5
6,19,1,2,0.9,0.3,0,0,0,0.9,0.2,0.6,84
6,47,2,8,3.4,1.1,0.2,0.1,0.2,3.3,0.3,2.9,339.3
6,68,1,6,2.1,0.4,0.4,0,0.1,2.1,0.3,2,243.9
6,58,2,16,7.6,3,0,0,0,7.6,1,6.1,714.7
6,78,1,1,0.4,0.1,0.1,0,0,0.4,0,0.3,43.4
6,88,3,15,6.3,2.1,0.8,0.4,0.3,5.9,0.5,5.6,609.7
6,41,2,144.5,63.6,22.2,4.2,8,4.1,55.6,7.6,41,6170
6,18,1,3,1.6,0.7,0,0.2,0.1,1.4,0.3,1.4,150.3
6,108,4,62.5,29.4,9,1.5,1,1.9,28.4,4,23.5,3504.4
6,103,3,12,5.3,1.7,0.3,0,0,5.3,0.9,5,555.2
6,82,1,8,3.5,0.5,0,0,0.3,3.5,0.3,3.2,372.4
6,42,0,26.5,11,4,0,0,1,11,1,10,992
6,5,1,1,0.5,0.1,0,0,0,0.5,0.1,0.4,48.5
6,22,1,1,0.4,0.1,0,0,0,0.4,0.1,0.3,42
6,100,1,2,0.9,0.4,0.1,0.1,0,0.8,0.3,0.8,92.8
6,93,1,1,0.4,0.1,0,0,0,0.4,0,0.4,41.3
6,53,1,3,1.1,0.2,0.1,0,0.1,1.1,0.1,0.9,121.9
6,102,1,2,0.9,0.3,0,0,0,0.9,0.1,0.8,92.5
6,73,2,79.5,32.4,12.4,3.6,5,1.8,27.4,6.3,20.6,2976.9
6,27,1,2,0.9,0.3,0,0,0.1,0.9,0,0.6,85.3
6,109,3,10,4.9,1.5,0.4,0,0.9,4.9,0.5,3.9,576.1
6,99,1,1,0.5,0.2,0,0.1,0,0.4,0.1,0.4,46.4
6,25,1,6,2.8,1,0,0,0.3,2.8,0.1,1.9,255.8
6,29,1,4,1.7,0.2,0.1,0,0.2,1.7,0,1.3,189.7
6,92,1,2,0.8,0.2,0.1,0.1,0,0.7,0,0.7,82.6
6,11,1,3,1.4,0.5,0.1,0,0.1,1.4,0.4,1.4,131.8
6,91,1,3,1.2,0.3,0.1,0.1,0.1,1.1,0,1.1,123.9
90,57,2,5,2,0.2,0.1,0.1,0.2,1.9,0.1,2,272.8
90,45,0,84,30,7,3,0,1,30,2,26,3195
90,51,2,28,11.6,3.7,1.5,0,1,11.6,1.8,10.2,1294.6
90,46,1,50.5,19.1,4.3,3.1,1,0.7,18.1,2.2,18.1,1891.6
90,67,1,3,1.3,0.3,0.1,0,0.2,1.3,0.3,1,148.7
90,59,1,3,1.1,0.3,0.1,0,0.1,1.1,0.2,0.9,136.9
90,54,3,78,29.4,5.8,2,1.8,2.1,27.6,3.3,24.8,3198
90,64,0,18,11,7,0,0,0,11,0,7,1135
90,44,2,28,10.2,1.8,1.6,0,1,10.2,0.2,10.2,1023.2
90,48,3,12,4.9,1.4,0.5,0,0.5,4.9,0.5,4.2,527.5
90,58,1,4,1.5,0.1,0.1,0.1,0.1,1.4,0.1,1.5,208.2
90,47,2,43,17.9,5.3,1.3,0,0.3,17.9,1.6,15.6,1942.6
90,50,1,6,2.3,0.8,0.5,0,0.4,2.3,0.3,2,228.5
90,56,3,12,5.4,1.5,0.2,0.3,0.6,5.1,0.1,4.9,682
90,55,2,23,8.9,2.4,0.9,0.5,0.8,8.4,0.1,7.7,1008
90,31,1,7,3.2,1.3,0,0,0.4,3.2,0.4,3,281.3
90,24,2,15,6.5,2.3,0.8,0,0.1,6.5,1.2,5.6,799.3
90,53,1,8,2.7,0.5,0.3,0,0.2,2.7,0.3,2.2,301.1
90,90,1,569,247.7,71.5,17,154.3,45.9,93.4,36.6,80.1,21062.3
90,86,2,7,3.1,1,0.2,0.5,0.3,2.6,0.9,2.3,335.7
90,34,2,4,1.7,0.4,0,0,0,1.7,0.2,1.6,206.6
90,88,2,11,4.4,1.1,0.4,0.1,0.4,4.3,1,4,581.2
90,35,1,1,0.4,0.1,0,0,0,0.4,0.1,0.4,49.9
90,3,1,5,2,0.4,0.2,0,0.5,2,0,1.6,268.6
90,36,2,17,7.3,2.1,0,0,0.1,7.3,1.1,7,865.8
90,6,2,11.5,4.3,1.1,0.5,0.2,0.4,4.1,0.5,3.6,446
90,37,2,7,3.1,0.7,0,0,0.3,3.1,0.4,2.8,340.8
90,96,0,505.5,262,130,12,150,42,112,53,99,19106
90,75,0,27,11,3,2,0,0,11,0,10,1471
90,21,2,16,6.1,1.4,0.3,0,0.2,6.1,1.4,5.7,708.2
90,94,0,549,280,124,12,120,41,160,44,140,21900
90,27,2,7.5,3.2,0.8,0.3,0,0.2,3.2,0.2,3.2,295.7
90,18,2,63,27.8,9.9,1.9,5.3,1.9,22.5,7.2,18.3,2411.1
90,16,2,13,6.2,2.3,0.1,0,0.9,6.2,0.6,5.2,775.9
90,8,1,3,1.1,0.3,0.1,0,0.1,1.1,0.1,1,119.1
90,20,2,32,12.7,3.6,0.7,0,1.9,12.7,3.2,10.2,1357.9
90,91,0,973,470,196,20,282,68,188,64,222,37430
90,85,2,11,4.7,1.2,0.4,1,0.2,3.7,0.5,3.1,518.3
90,84,1,3,1.2,0.3,0.2,0.4,0.1,0.8,0.2,0.7,118.1
90,87,2,11,4.2,0.9,0.5,0,0.4,4.2,0.7,3.8,574.7
90,82,2,12,4.3,0.2,0.2,0,0.2,4.3,0.2,3.7,643.2
90,93,0,613,312,137,13,209,50,103,77,109,22501
90,19,4,27,10.6,2.9,0.7,0,1.4,10.6,2.6,8.5,1134.8
90,83,1,48,17.7,3.3,1,1,1.1,16.7,1.2,14.3,2324.5
90,95,1,428,216.6,98.2,8,126.3,42,90.3,53.1,80.4,16706.8
90,97,0,419.5,235,121,6,126,14,109,17,154,18250
90,14,2,6,1.8,0.3,0.6,0,0,1.8,0.3,1.5,209.1
90,17,2,7.5,2.8,0.5,0.3,0.2,0.2,2.6,0.3,2.2,303.5
90,92,0,903.5,518,255,6,241,58,277,60,324,41821
90,4,1,5,2,0.5,0.1,0,0.2,2,0.4,1.8,245.6
90,22,1,3,1.1,0.2,0.1,0,0,1.1,0.2,1.1,132.5
90,98,0,499.5,250,96,10,49,16,201,12,204,25689
90,15,3,35,11.6,2.5,2.8,0,0.3,11.6,1.9,9.6,1334.7
90,12,3,29,10.5,1.4,0.9,0,1.4,10.5,0.9,10.1,1135.8
90,13,1,2,0.7,0.1,0.1,0,0.1,0.7,0.1,0.7,78.3
90,99,1,114,59.2,27,2,11.6,1,47.6,1.8,44.4,6603.8
90,0,2,6,2.3,0.4,0.3,0.3,0.3,2,0.4,1.5,241.3
90,5,1,4,1.6,0.4,0.1,0,0.1,1.6,0.3,1.4,196.5
9,44,1,6,3.1,1.1,0,0,0.3,3.1,0.6,2.3,296.3
9,13,2,5.5,2.6,0.9,0.3,0,0.5,2.6,0.6,2.1,252.5
9,2,2,5,2.3,0.7,0.3,0.1,0,2.2,0.7,1.8,257.9
9,91,1,4,1.5,0.3,0,0,0.2,1.5,0.1,1.2,167.5
9,35,3,13,5.2,1,0.5,0,0.5,5.2,1,3.9,520.5
9,54,2,13,5.1,1.3,0.8,0,0.5,5.1,1.3,4.5,465.8
9,80,2,5,2.2,0.7,0.1,0,0.1,2.2,0.5,1.8,248.7
9,28,1,10,3.7,1.1,0.5,0,0.2,3.7,0.5,2.8,335.9
9,89,3,10,3.6,0.6,0.1,0,0.5,3.6,0.1,3,418.9
9,106,2,141.5,50.9,9,4.1,0.3,5.6,50.6,4.7,48.4,5517.5
9,56,4,28,11.3,3.1,1.6,0,1.1,11.3,2.4,10.3,1073.7
9,16,3,10,4.4,1.4,0.4,0.4,0.7,4,0.6,3.2,446.8
9,57,3,16,8,2.8,0.4,0,0.4,8,0,7.6,854.4
9,78,2,3,1.1,0.3,0.1,0,0,1.1,0.3,0.9,119.7
9,59,2,6,2.8,0.7,0,0,0.2,2.8,0.2,2.8,279
9,107,2,49,24.5,8.3,0,0,0.4,24.5,0,16.5,2549.9
9,85,2,7,2.2,0.2,0.7,0,0.2,2.2,0.2,1.3,262.1
9,105,1,1,0.5,0.2,0,0,0,0.5,0.1,0.3,45
9,8,1,1,0.5,0.2,0,0.1,0,0.4,0,0.4,44.6
9,81,2,8,3.5,1.1,0.2,0,0.2,3.5,0.9,3,397.9
9,7,1,2,1,0.5,0,0.2,0,0.8,0,0.8,89.2
9,26,1,2,0.7,0.2,0.1,0,0,0.7,0.1,0.6,67.2
9,32,2,4,1.8,0.4,0.2,0,0,1.8,0,1.4,157.6
9,36,2,4,1.6,0.2,0.2,0,0.2,1.6,0.2,1.2,160.2
9,75,1,2,0.8,0.2,0.1,0,0.1,0.8,0.2,0.8,89.5
9,5,1,41,13.4,2.1,1,0,2,13.4,1.1,9.3,1360.3
9,21,1,9,3.3,1.1,0.4,0,0,3.3,0.4,2.4,365.3
9,51,1,2,0.9,0.2,0.1,0,0,0.9,0.1,0.8,84
9,84,2,10,3.2,0.2,1,0,0.2,3.2,0.2,1.8,374.4
9,3,2,16,7.6,2.2,0.9,0.5,0,7.1,2.2,5.9,825.3
9,4,3,16,7,2.2,0.4,0.4,0.7,6.6,1.1,5.5,757.2
9,14,1,30,13.5,7.8,3.2,0.3,2.3,13.2,4.3,2.9,1116.2
9,94,2,10,4.2,1.2,0.4,0,0.8,4.2,0,3.8,600
9,1,1,7,3.3,1,0.4,0.2,0,3.1,1,2.6,361.1
9,88,1,4,1.5,0.4,0.2,0,0,1.5,0.2,1.2,167.6
9,71,1,8,2.9,0.1,0.3,0,0.4,2.9,0.1,2.6,335.6
9,42,1,1,0.5,0.2,0,0,0,0.5,0,0.4,51.7
9,38,1,2,0.7,0.1,0.1,0,0,0.7,0,0.7,83.6
9,15,1,2,0.8,0.3,0.1,0.1,0.1,0.7,0.1,0.6,87.7
9,77,2,7,2.5,0.6,0.2,0,0,2.5,0.6,2.1,279.4
9,72,1,2,0.7,0,0.1,0,0.1,0.7,0,0.6,83.9
9,33,1,2,0.9,0.2,0.1,0,0,0.9,0,0.7,78.8
9,41,1,30,12.8,3.9,1,0,4,12.8,1.1,10.2,1353.7
9,98,1,2,0.8,0.2,0.1,0,0,0.8,0,0.5,79.3
9,52,1,5,2.2,0.6,0.2,0,0,2.2,0.2,1.9,210.1
9,104,1,4,1.8,0.6,0,0.1,0.1,1.7,0.2,1.3,179.8
9,9,1,3,1.4,0.5,0.1,0,0.3,1.4,0.3,1.1,137.7
9,93,2,6,2.7,0.9,0.2,0.3,0,2.4,0.9,2.1,300.3
9,90,1,8,3,0.6,0.1,0,0.4,3,0.2,2.4,335
9,103,3,18,7.2,1.8,0.2,0,0.4,7.2,1.3,6.9,789.3
9,62,1,2,1.1,0.4,0,0,0.1,1.1,0.1,1,118.2
9,101,2,10,4.4,1.9,0.3,0.3,0.3,4.1,0.6,2.6,426.3
9,108,1,1,0.5,0.2,0,0,0,0.5,0,0.5,61
9,58,1,2,1,0.4,0,0,0,1,0,1,106.8
9,34,1,8,3.3,0.6,0.3,0,0.3,3.3,0.6,2.4,320.3
9,53,3,36,15.4,4.2,0.5,0,0,15.4,2.5,10.9,1518.2
9,60,1,2,0.9,0.2,0,0,0.1,0.9,0.1,0.9,93
9,27,2,5,1.9,0.5,0.2,0,0.1,1.9,0.2,1.4,168
9,73,2,6,2.2,0.2,0.2,0,0.4,2.2,0.2,2,251.6
9,29,1,2,0.9,0.1,0,0,0.1,0.9,0.2,0.6,77
9,102,2,11,4.4,1.1,0.1,0,0.2,4.4,0.8,4.2,482.4
9,109,0,57,25,8,3,0,1,25,1,22,3824
9,61,1,1,0.6,0.2,0,0,0.1,0.6,0.1,0.5,59.1
82,22,0,202,92,34,8,14,8,78,11,51,9155
82,46,3,98,47.1,15.3,1.2,0,6,47.1,3.8,37.3,4735
82,2,1,2,0.8,0.2,0.1,0,0,0.8,0.1,0.7,81.4
82,20,1,2,0.8,0.3,0,0,0.1,0.8,0.1,0.7,79.6
82,57,1,2,0.9,0.3,0.1,0,0.1,0.9,0,0.8,107.8
82,31,1,22,11.3,6,1.1,0,1,11.3,1,7.3,1063.7
82,8,1,4,1.7,0.6,0,0,0.1,1.7,0.2,1.6,185.4
82,37,2,7,3,0.2,0.2,0,0,3,0,2.3,411
82,21,2,155,70.9,31.4,6.8,0,7.1,70.9,13.1,36.8,6129.9
82,65,2,136.5,51.6,11.9,4.8,4,3.4,47.6,1.5,41.4,5286.3
82,67,2,6,2.2,0.8,0.1,0,0.1,2.2,0.3,1.9,259.9
82,64,2,13,5.6,1.8,0.2,0,0.5,5.6,0.2,4.8,578.5
82,32,1,2,0.9,0.2,0,0,0.2,0.9,0.2,0.8,121.7
82,35,1,4,1.7,0.1,0.1,0,0,1.7,0,1.3,234.9
82,69,1,1,0.4,0.1,0.1,0,0.1,0.4,0.1,0.4,46.6
82,54,1,162.5,59.4,9.5,4.3,3,4.2,56.4,3.4,51.9,6949
82,30,3,14,4.7,0.6,1.1,0,0.2,4.7,0.6,4.7,485.8
82,19,1,8,3.1,1.1,0.2,0,0.3,3.1,0.3,2.9,318.3
82,51,1,1,0.4,0.1,0,0,0,0.4,0,0.4,44.4
82,7,3,17,7.4,2.4,0,0,0.3,7.4,0.9,6.8,788.1
82,56,1,7,2.5,0.4,0.3,0,0.1,2.5,0.1,2.1,302.6
82,45,1,4,1.7,0.6,0.1,0,0.1,1.7,0.1,1.5,194.4
82,9,1,2,0.8,0.3,0.1,0,0.1,0.8,0.1,0.7,81.9
82,4,1,9,3.4,0.7,0.3,0.2,0.1,3.2,0.3,3,405.7
82,23,2,72.5,32.3,10,2.2,3.8,3.8,28.5,4,22.3,3816.7
82,58,2,3,1.3,0.5,0.2,0,0.1,1.3,0,1.2,161.7
82,72,3,18,6.6,1.4,0.3,0,0.5,6.6,0.3,6.6,717.1
82,62,1,8,3,0.9,0.5,0,0.2,3,0.7,2.3,350.4
82,11,1,7,2.5,0.3,0.3,0,0.2,2.5,0.6,2,289.6
82,3,2,10,3.8,0.9,0.5,0,0.1,3.8,0.3,3.6,407
82,71,2,30,11.1,2.6,0.9,0,1.1,11.1,0.9,10.8,1275.9
82,61,1,64,22.8,5.8,2.8,0,0.8,22.8,2,21.4,2980.9
82,53,2,37,15.5,3.7,0.1,0,0.3,15.5,2.2,15.2,1805.8
82,59,1,2,0.8,0.1,0.1,0,0.1,0.8,0,0.8,114.1
82,41,3,27.5,11.5,2.1,0.5,0,1.6,11.5,1.6,9.9,1116.3
82,24,4,30,10.8,1,0.5,0,1,10.8,1,9.3,1082
82,63,1,4,1.5,0.5,0.2,0,0.1,1.5,0.3,1.2,175.2
82,12,1,1.5,0.5,0.1,0.1,0,0,0.5,0.1,0.4,62.1
82,66,1,4,1.7,0.5,0.1,0,0.1,1.7,0.1,1.5,178
82,29,1,13,4.3,0.5,1,0,0.3,4.3,0.5,4.3,451.1
82,26,2,37,12.3,1,1.7,0,1,12.3,0.2,11.2,1299.9
82,47,2,28,11.5,3.4,0.9,0,0.6,11.5,0.3,9.1,1084.3
82,55,1,9.5,3.4,0.5,0.5,0,0.1,3.4,0.2,2.9,410.7
82,68,1,7,2.6,0.9,0.1,0,0.1,2.6,0.4,2.2,303.2
82,6,1,1,0.4,0.1,0,0,0,0.4,0.1,0.4,46.4
82,73,3,58,21.6,4.5,1.1,0,1.2,21.6,1.1,18.6,2299.9
82,88,1,140.5,70.9,33.2,5,23,4.1,47.9,9.1,34.8,5757.9
82,89,0,171,88,33,2,3,5,85,7,67,9073
82,86,1,179.5,85.5,32.5,2.3,14,2.6,71.5,9.6,59.6,9093.1
82,81,2,6,2.4,0.6,0,0,0,2.4,0.3,1.2,280.8
82,85,1,133.5,74.7,33.7,2.3,19,7.7,55.7,3.3,50.7,6948
82,90,1,109,55.6,18.1,2,4.2,0.3,51.4,1.8,50.4,8668.6
82,84,1,2,1,0.2,0,0,0.1,1,0.2,0.8,105.7
82,83,2,37,15.2,3.9,1.9,0,1.5,15.2,2.7,11.9,1576.9
82,80,1,53,18.5,1.7,2,0,2,18.5,3.2,11,2006
82,75,1,12,5.3,1.2,0.2,0,0.7,5.3,0.8,4.4,611.2
82,82,3,19,7.8,1.9,1,0,0.8,7.8,1.3,6.1,809.7
82,0,2,5,2.3,0.7,0.2,0,0.7,2.3,0.2,1.6,244.8
82,87,1,28,14.3,4.3,0.1,0,1.1,14.3,1.1,12.2,1877.4
82,76,2,15,6.8,1.6,0.1,0,0.9,6.8,0.7,5.9,838
82,91,2,38,18.6,6.2,1,0.1,0.1,18.5,1.5,12.4,2831
82,74,2,12,5.3,1.2,0.1,0,0.6,5.3,0.8,4.4,611.2
82,77,0,24,11,4,0,1,1,10,0,9,1059
123,40,2,70,31.1,6.5,0.6,0,1.3,31.1,1.3,27.8,2990.5
123,55,1,5,1.9,0.6,0.2,0,0.1,1.9,0.2,1.1,196
123,35,3,18,5.4,0.8,0.8,0,0.3,5.4,1.4,4.3,654
123,17,2,8,3.3,0.3,0,0,0.3,3.3,0.4,2.9,317.7
123,79,1,172,68.5,15.7,5.8,0,8,68.5,6.8,51.7,6678.9
123,48,2,6,2.8,0.6,0,0,0,2.8,0.4,2.2,332.8
123,42,1,2,0.9,0.3,0.1,0,0.1,0.9,0.1,0.6,102.6
123,72,2,21,8,1.5,0.5,0,0,8,1,7,891.2
123,78,2,158,59,15.8,5.8,6,6.7,53,9.3,39.2,5833.1
123,14,3,38,17,5.5,0.7,0,1.4,17,2,14.2,1644.8
123,39,2,21,7.9,1.4,0.3,0,0.9,7.9,0.9,7,878.7
123,31,1,2,0.8,0.2,0.1,0,0,0.8,0,0.7,87.7
123,51,2,4,1.5,0.4,0.1,0,0.2,1.5,0.2,1.2,173.3
123,74,4,21,8.5,2.1,0.1,0,1.1,8.5,0.7,7.9,795.2
123,23,1,72.5,30.8,8.6,2,1.1,5.1,29.7,3.2,26.5,3361.7
123,16,1,2,0.8,0.1,0,0,0.1,0.8,0.1,0.7,79.4
123,21,1,9,3.6,0.7,0,0.1,0.1,3.5,0.2,3.2,486.9
123,75,2,24,9.9,2.4,0.2,0,1.2,9.9,0.8,9.1,908.9
123,24,2,12.5,7.2,2.5,0,0,0.5,7.2,0,5.1,752.2
123,30,3,76.5,26,4.4,3.4,0,0,26,0.8,23.3,3242.9
123,8,1,1,0.4,0.1,0.1,0,0,0.4,0.1,0.3,42.2
123,22,3,12,4.8,1,0,0.1,0.2,4.7,0.2,4.4,649.2
123,60,1,3,1.2,0.2,0,0,0,1.2,0.1,0.5,116.4
123,50,1,4,1.5,0.4,0.2,0,0.4,1.5,0.5,1.3,165
123,52,1,3,1.1,0.3,0.1,0,0.1,1.1,0.1,0.9,132
123,46,3,14,6.6,1.3,0,0.7,0.3,5.9,0.6,5.2,647
123,9,3,24,9.3,2.7,0.6,0,3.3,9.3,1.4,8,1150.6
123,70,4,26,11.7,4.4,0.8,0.2,0.2,11.5,0.8,8,1204.3
123,53,2,17,6.3,1.6,0.8,0,0.4,6.3,0.4,5.1,748
123,76,2,12,4.9,1.4,0.2,0,0.7,4.9,0.5,3.7,497.5
123,77,2,6,2.4,0.7,0.1,0,0.4,2.4,0.2,1.7,256
123,56,2,5,1.7,0.4,0.2,0,0.1,1.7,0.2,1.2,201.1
123,19,1,2,0.9,0.3,0,0.1,0.1,0.8,0.1,0.6,88.7
123,69,1,16,7.2,2.7,0.5,0.2,0.2,7,0.5,5,741.1
123,12,1,9,3.3,1.2,0.5,0,0.2,3.3,0.5,3,358.2
123,59,1,6,2.4,0.4,0,0,0,2.4,0.2,1.1,232.7
123,25,2,7,4.1,1.4,0,0,0.3,4.1,0,2.8,421.1
123,57,1,3,0.9,0.1,0.2,0,0.1,0.9,0.1,0.8,125.3
123,11,2,12,4.4,1.6,0.7,0,0.3,4.4,0.7,4,477.6
123,18,2,6,2.4,0.2,0,0,0.2,2.4,0.3,2.1,238.3
123,0,1,2,0.7,0.1,0.1,0,0.1,0.7,0.1,0.5,87.3
123,26,1,3,1.7,0.6,0,0,0.1,1.7,0,1.2,180.5
123,29,2,10,3.9,1.2,0.7,0,0,3.9,0.2,3.4,438.6
123,44,1,4,1.9,0.3,0,0.3,0.2,1.6,0.2,1.4,164.3
123,41,2,20,8.9,2.8,0.6,0,0.6,8.9,1.2,6.5,1026.5
123,71,1,2,0.9,0.3,0.1,0,0,0.9,0.1,0.6,92.6
123,32,1,3,1.4,0.4,0.1,0,0.1,1.4,0,1.1,189.7
123,1,1,1,0.3,0.1,0.1,0,0,0.3,0.1,0.2,43.7
123,27,1,4,1.3,0.4,0.3,0,0.1,1.3,0.4,1,155.5
123,73,1,6,2.3,0.4,0.1,0,0,2.3,0.3,2,254.6
123,15,1,2,0.9,0.3,0,0,0.1,0.9,0.1,0.8,86.6
31,104,2,16,8.5,3,0,0,0,8.5,0.5,7.5,837
31,78,1,2,1,0.3,0,0,0,1,0,1,111.6
31,56,1,2,0.7,0.1,0.1,0,0.1,0.7,0.1,0.3,62.8
31,38,2,9,4.4,1.8,0.4,0,0.2,4.4,0.8,3.2,407
31,17,2,22,7.6,1.5,1.2,0,0,7.6,0,6.9,831.1
31,18,1,2,0.7,0.1,0.1,0,0,0.7,0,0.6,75.6
31,16,2,13,5.2,1.4,0.5,0,0,5.2,0.3,4.3,555.6
31,6,2,5,2,0.6,0.2,0,0,2,0.5,1.6,195.9
31,44,2,8,3.1,0.7,0.4,0,0.1,3.1,0.3,2.7,308.4
31,31,1,2,0.7,0.1,0,0,0,0.7,0,0.6,77.2
31,67,3,11,3.9,0.4,0.4,0,0,3.9,0,3.9,487.9
31,36,3,9,4.4,1.8,0.4,0,0.1,4.4,0.8,3.2,406.9
31,90,3,5,2.6,1.1,0.1,0,0,2.6,0,2.5,279.5
31,58,1,2,0.9,0.2,0,0,0,0.9,0.2,0.7,97
31,86,1,2,0.9,0.3,0.1,0,0.1,0.9,0.3,0.6,92.9
31,8,1,3,1.2,0.4,0.1,0,0,1.2,0.3,1,117.5
31,51,2,4,1.8,0.4,0.2,0,0.2,1.8,0.4,1.8,189
31,9,4,11.5,4.7,1.6,0.4,0,0.4,4.7,0.4,4.5,534.7
31,49,3,24,9,1.6,0.9,0,0.7,9,1.6,7.7,986.4
31,74,4,14,6.5,2.3,0,0,0.3,6.5,0,5.2,699.4
31,91,3,5,2.4,0.9,0.1,0,0.1,2.4,0.3,2.1,245.6
31,59,1,1,0.4,0.1,0,0,0.1,0.4,0.1,0.3,56.7
31,14,2,15,7.7,3.1,0,0,0,7.7,1.1,5.7,808.5
31,54,1,5,1.9,0.3,0.2,0,0.2,1.9,0.3,0.7,156.9
31,89,1,11,6,2.5,0.3,0,0,6,0,5.7,615.1
31,32,3,11,3.8,0.5,0.2,0,0.2,3.8,0.2,3.1,424.7
31,12,2,8,4.6,2.8,0.2,0.8,0.2,3.8,0.6,2.6,379.2
31,88,1,7,3,0.9,0,0,0.3,3,0.3,2.2,320.7
31,76,2,6,2.9,1,0.1,0,0.1,2.9,0.1,2.8,328.9
31,45,1,2,0.8,0.2,0.1,0,0,0.8,0.1,0.7,77.1
31,107,3,25,11.5,4,0.8,1.1,0.3,10.4,1.2,9,1191.2
31,105,2,6,3.2,1.1,0,0,0,3.2,0.2,2.8,313.9
31,42,1,1,0.4,0.1,0,0,0,0.4,0.1,0.4,41.6
31,82,2,4,1.6,0.4,0,0,0,1.6,0.2,1.6,160.2
31,35,1,1,0.5,0.2,0,0,0,0.5,0.1,0.4,45.2
31,3,2,6,2.6,1,0.2,0,0.2,2.6,1,2.2,254.8
31,110,1,2,1,0.4,0,0,0,1,0.2,0.8,115.9
31,7,1,4,1.6,0.5,0.2,0,0,1.6,0.4,1.3,156.7
31,81,1,4,1.6,0.4,0.1,0,0.1,1.6,0.3,1.5,160.2
31,15,1,1,0.5,0.2,0,0,0,0.5,0.1,0.4,53.9
31,75,1,7,3.3,1.1,0,0,0.2,3.3,0,2.6,349.7
31,52,3,9,4,1,0.3,0,0.3,4,0.8,4,425.4
31,13,1,2,1.1,0.7,0.1,0.2,0.1,0.9,0.1,0.6,94.8
31,102,3,29.5,14.4,3.6,0.3,0.4,1,14,1.3,12.5,1668.5
31,84,1,5,2.2,0.7,0.1,0,0.3,2.2,0.7,1.5,232.2
31,71,1,2,0.8,0.3,0.1,0,0,0.8,0.1,0.6,91.6
31,24,1,7,2.7,0.8,0.5,0,0.3,2.7,0.5,2.3,324.3
31,63,1,2,0.8,0.2,0.2,0.1,0.1,0.7,0.1,0.6,76.9
31,53,1,2,0.9,0.2,0.1,0,0.1,0.9,0.2,0.9,94.5
31,48,1,4,1.5,0.3,0.2,0,0.1,1.5,0.2,1.4,154.2
31,108,1,40.5,18.8,1.9,0.2,0.3,5.1,18.5,3.3,11.2,1668.9
31,64,4,41,15.3,1.7,1.3,0,1.7,15.3,1.3,13.6,1903.1
31,33,1,2,0.7,0.1,0,0,0,0.7,0,0.6,77.2
31,65,2,14,5.2,0.6,0.5,0,0.6,5.2,0.5,4.7,649.8
31,50,1,1,0.4,0.1,0,0,0,0.4,0.1,0.3,41.1
31,95,1,1,0.4,0.2,0,0,0,0.4,0,0.4,48.4
31,0,1,6,2.5,1.1,0.3,0,0.3,2.5,0.9,2.3,254.8
31,92,3,18,8.5,3,0.5,0,0.5,8.5,1,7.4,854
31,106,2,16,7.9,2.8,0.3,0.4,0.1,7.5,0.6,6.7,799.7
31,66,2,6.5,2.4,0.3,0.2,0,0.2,2.4,0.1,2.2,297.6
31,83,3,6,2.4,0.6,0.1,0,0.1,2.4,0.4,2.3,240.2
31,77,2,5,2.4,0.8,0.1,0,0.1,2.4,0.1,2.4,278.9
31,27,1,1,0.4,0.1,0.1,0,0,0.4,0.1,0.4,34.3
31,109,4,20,9.7,3.6,0,0,0,9.7,1.9,7.9,1158.8
31,100,1,3,1.4,0.5,0,0,0.1,1.4,0.1,1.3,138.6
31,103,3,32,15.5,3.8,0.4,0.3,1.2,15.2,1.5,13.6,1809.8
31,10,1,8,3.4,1.1,0.3,0,0.3,3.4,0.3,3.1,371.9
31,93,1,5,2.4,0.8,0.1,0,0.1,2.4,0.3,2.1,237.2
31,11,1,2,0.8,0.3,0.1,0,0.1,0.8,0.1,0.8,93
83,22,2,24,11.3,3.2,0.5,0,1.1,11.3,0.5,10.3,1286.6
83,64,2,127,48.3,13,7,3,3.5,45.3,7,36.9,5028.2
83,20,2,11,4.1,0.7,0.4,0,0.3,4.1,0.5,3.7,458.1
83,60,3,17,7.3,2.3,0.2,0,0.6,7.3,0.5,6.1,844.9
83,13,2,10,4.2,0.9,0.3,0,0,4.2,0.2,2.9,467.5
83,37,2,8,3.2,0.4,0,0.2,0.2,3,0.4,2.8,359.6
83,31,3,41,15.8,4.3,0.8,0,1.4,15.8,1.4,11.6,1627.5
83,51,1,15,6.8,2.5,0,0,0.4,6.8,0.8,5.5,909.7
83,17,3,17,5.9,1.1,0.7,0,0.4,5.9,1.1,4.8,665.6
83,6,2,8,3.1,0.9,0.7,0.2,0.2,2.9,0.5,2.9,319.5
83,30,1,1,0.4,0.1,0,0,0,0.4,0,0.3,39.6
83,44,1,1,0.4,0.1,0,0,0,0.4,0.1,0.3,37.6
83,65,2,141.5,61.9,18.9,1,1,14.5,60.9,7,22.7,5302
83,32,1,4,1.6,0.4,0.3,0,0.1,1.6,0.1,1.6,168.6
83,45,1,7,2.6,0.8,0.3,0,0,2.6,0.5,2.1,263
83,69,1,15,5.5,0.9,0.2,0,0.3,5.5,0.3,5.2,633.9
83,42,2,4,1.8,0.4,0,0,0.2,1.8,0.2,1.6,185.4
83,40,2,41,26.2,15.6,0,0,2.2,26.2,5.6,24.2,2452
83,47,3,31,10.9,1.7,1.4,0.2,1.2,10.7,1.2,8.2,1067.4
83,25,1,3,1.1,0.3,0.2,0,0,1.1,0.2,0.9,118.3
83,7,3,11,4.3,1.2,0.9,0.3,0.3,4,0.6,3.9,439.4
83,36,2,8,3.2,0.5,0,0.1,0.1,3.1,0.3,2.9,359.7
83,70,2,81,32,5.9,0.7,0,3,32,4,30,3427.9
83,21,3,58,22.1,4.4,1.9,0,1.7,22.1,2.3,19.6,2475
83,57,3,18,6.4,1.1,0.8,0,0,6.4,0.6,6.1,761.7
83,58,2,20,7.1,1.2,0.9,0,0,7.1,0.7,6.8,846.3
83,62,1,1,0.4,0.1,0,0,0,0.4,0,0.3,46.6
83,3,1,3,1.1,0.2,0.2,0,0.1,1.1,0.1,0.9,126.5
83,48,1,12.5,4.4,0.7,0.6,0.1,0.5,4.3,0.5,3.3,430.4
83,53,2,64,31.8,12,0.1,0.2,2.3,31.6,6.3,26.7,3260.2
83,59,3,15,6.3,1.9,0.1,0,0.5,6.3,0.3,5.4,745.5
83,41,2,161,67.3,21.4,6,0,7.7,67.3,5.4,47.7,6326.1
83,12,2,14,5.8,1.2,0.6,0,0,5.8,0.2,4,654.4
83,33,1,2,0.8,0.2,0.2,0,0.1,0.8,0.1,0.8,84.3
83,66,1,186.5,59.9,11.5,7.5,0,2.2,59.9,4.5,52.8,6604
83,50,0,36,16,4,1,0,2,16,2,12,1731
83,52,3,43,18.4,4.9,0.5,1,1.5,17.4,1.5,17.9,2136.6
83,49,3,7,3.3,1.2,0,0,0.2,3.3,0.5,2.6,424.4
83,61,1,10,3.8,0.8,0.4,0.2,0.4,3.6,0.3,3,465.9
83,54,1,8,3.3,0.9,0.3,0,0.3,3.3,0.3,2.5,389.3
83,55,1,4,1.6,0.4,0.1,0,0.1,1.6,0.1,1.3,194.7
83,24,1,6,2.1,0.6,0.4,0,0.1,2.1,0.4,1.9,236.7
83,46,1,11.5,4,0.6,0.5,0.1,0.4,3.9,0.4,3.1,395.9
83,23,1,4,1.9,0.5,0.1,0,0.2,1.9,0.1,1.7,214.4
83,14,1,10,3.5,0.7,0.4,0,0.2,3.5,0.7,2.8,391.5
83,88,1,3,1.4,0.3,0,0,0.1,1.4,0.1,1.1,202.1
83,89,2,33,13.7,5,1.9,0,0,13.7,0,10.5,2209.1
83,86,1,2,0.9,0.2,0,0,0.1,0.9,0.1,0.7,134.8
83,10,4,39,13.9,3.9,1.3,0,1.3,13.9,1.3,12.6,1661.7
83,79,1,14.5,5.6,1.3,0.7,0,0.9,5.6,0.2,5.6,641.7
83,75,2,87,32.7,6.1,3,0,6.2,32.7,3.1,24.6,3607.2
83,80,2,110,40,9.8,5.6,0,2,40,1.4,34,4568
83,90,2,50,25.6,8.4,0.9,1,0,24.6,0,24.1,4003.1
83,84,3,37,17,3.7,0,0,1.5,17,1.5,13.3,2493.1
83,85,2,5,2.3,0.5,0,0,0.2,2.3,0.2,1.8,336.9
83,81,3,52,22.2,4.2,1.1,0.1,1.3,22.1,0.3,22.2,2876.2
83,82,1,5,2,0.4,0.1,0.1,0,1.9,0.1,2,308.8
83,74,3,60,23.1,4.8,1.3,0,2.7,23.1,2.8,21.3,2672.1
83,78,1,3,1.2,0.2,0.2,0,0.1,1.2,0,1.1,124
83,76,1,2,0.8,0.2,0.1,0,0.1,0.8,0,0.7,82.7
83,77,1,51,20.9,4.5,0.9,0,1.7,20.9,1,20.7,2352.2
83,91,2,45,22.3,9.9,1.4,3.6,1.4,18.7,1.2,17.3,2936.8
83,5,1,4,1.6,0.4,0.3,0.1,0.1,1.5,0.2,1.4,159.8
80,22,1,80.5,34.8,11.2,2.1,0,5,34.8,6.1,21.8,3107.7
80,5,1,4,1.5,0.3,0.1,0.1,0.1,1.4,0.1,1.3,180.3
80,46,2,17,6.2,1.2,0.7,0,0.7,6.2,1.1,5.1,760.5
80,20,2,22,8.6,2.9,0.5,0,0.7,8.6,0.7,7.9,875.2
80,54,3,36,13.2,2.5,1.2,0,1,13.2,1.2,11.5,1500
80,35,2,14,5.9,1.4,0.5,0,0.3,5.9,1.1,5.3,609.3
80,45,2,9,3.9,1.3,0.2,0,0.2,3.9,0.2,3.4,437.4
80,51,3,15,5.9,1.7,0.3,0,0.3,5.9,1,5.4,647.7
80,69,2,15,5.7,1.6,0.8,0,0.8,5.7,0.8,5.3,698.5
80,27,3,9,4.4,1.1,0.1,0,0,4.4,0.4,4.1,459.5
80,44,2,15,6.5,2.2,0.3,0,0.3,6.5,0.3,5.6,729
80,43,3,36,13.4,4.2,1.5,0,1.1,13.4,0.6,12.2,1518.8
80,34,1,1,0.4,0.1,0,0,0,0.4,0.1,0.4,43.5
80,18,1,7,2.7,1,0.7,0,0,2.7,0.5,2.4,301
80,17,1,8,3,1.1,0.8,0,0,3,0.6,2.8,344
80,32,2,6,2.8,0.9,0.2,0,0.6,2.8,0.5,2.3,319.1
80,19,3,29,11.4,3.9,0.6,0,1,11.4,0.9,10.5,1185.5
80,67,1,5,2.1,0.3,0.1,0,0.1,2.1,0.2,1.5,286
80,6,3,39,12.9,1.8,2,0.2,0.9,12.7,1.7,11.1,1524.5
80,40,2,24,8.8,1.7,1.2,0,0.4,8.8,0.3,8.4,1006.3
80,42,2,35,12.2,0.3,2,0,2.1,12.2,1.1,9,1254.5
80,36,1,4,2,0.7,0.1,0,0.1,2,0.3,1.6,196
80,25,3,17,6.9,2.5,0.5,0,0.1,6.9,0.9,4.8,672.9
80,7,2,10,3.7,0.8,0.3,0,0.2,3.7,0.5,3.3,412.5
80,70,2,4,1.7,0.4,0.1,0,0.1,1.7,0.1,1.4,176.3
80,0,1,2,0.9,0.3,0.1,0,0.3,0.9,0.1,0.6,97.9
80,60,1,5,2,0.2,0.2,0,0.2,2,0,1.9,285.2
80,64,1,13,5.1,1.2,0.5,0,0.9,5.1,0.7,4.9,620.8
80,23,2,23,8.5,2.3,1.4,1,1,7.5,0,6.1,936.9
80,4,2,7,2.7,0.6,0.3,0.2,0.1,2.5,0.3,2.3,315.6
80,62,2,10,3.8,1.2,0.6,0,0.2,3.8,0.8,2.8,438
80,24,1,2,0.8,0.4,0.1,0,0,0.8,0.1,0.5,81.3
80,48,1,2,1.1,0.6,0,0,0.1,1.1,0.3,0.8,100.3
80,53,2,61,23,4.6,2.3,0,1.5,23,0.6,22.5,2625.6
80,57,1,41,18.1,6.3,2.4,0,1.6,18.1,0.8,16.6,2209.3
80,13,1,2,0.7,0.1,0.1,0,0.1,0.7,0.2,0.6,82.7
80,52,1,24,8.9,1.4,0.2,0,0.6,8.9,0.4,8.5,1065.7
80,59,2,3,1.2,0.2,0.2,0,0.1,1.2,0.1,1.2,161.8
80,21,2,11,4.4,1,0.6,0.2,0.2,4.2,0.2,4,473.2
80,49,3,29,12.5,2.1,0.6,0,0.1,12.5,1,12.2,1518
80,66,3,35,14.4,3.4,0.9,0,1.7,14.4,1.4,12.4,1720.4
80,10,1,3,1.3,0.5,0.1,0,0.2,1.3,0.2,1.1,122.9
80,26,2,13,5,1.2,0.3,0,0.3,5,0.6,3.9,491.9
80,31,1,2,0.9,0.2,0,0,0.2,0.9,0.2,0.8,121.7
80,55,1,12,4.3,0.7,0.6,0,0.1,4.3,0.2,3.6,518.8
80,12,1,1,0.4,0,0,0,0,0.4,0.1,0.3,41.4
80,3,1,6,2.3,0.5,0.3,0,0.1,2.3,0.2,2.2,244.2
80,88,1,23,7.2,1.1,1.5,0.2,0.8,7,0.5,5.8,832.6
80,89,0,360.5,159,50,7,25,21,134,13,82,16709
80,93,1,56,28.9,11.1,2,18.8,2.2,10.1,3.2,21.9,2920.5
80,72,1,1,0.4,0.1,0,0,0,0.4,0,0.4,39.8
80,85,1,127,50.2,12.4,3.1,10,12.1,40.2,14.1,19,4620.6
80,84,2,9,4.2,1.1,0.2,0,0.4,4.2,0.8,3.5,471.4
80,79,1,4,1.6,0.4,0,0,0,1.6,0.2,0.8,187.2
80,86,2,90,37.6,11.5,3.3,0.2,5.8,37.4,1.5,22.2,3195
80,94,1,314.5,211.4,134.2,2.5,201.1,15,10.3,19.4,124.7,15580.2
80,90,0,347,141,27,10,6,11,135,13,92,15916
80,80,2,2,0.8,0.2,0,0,0,0.8,0.2,0.4,93.6
80,83,2,9,4,1.2,0.2,0.1,0.3,3.9,0.3,3.6,426.8
80,75,1,2,0.9,0.2,0,0,0.1,0.9,0.1,0.7,101.9
80,95,1,4,2.3,1,0.1,1.4,0,0.9,0.3,1.3,301.2
80,77,1,7,2,0.2,0.4,0,0.3,2,0.2,1.8,194.2
80,87,1,243,85.3,16.2,10.3,8.1,7.1,77.2,8.1,72,10004.8
80,82,1,7,3.2,1,0,0.1,0.2,3.1,0.1,3,348.7
80,78,2,13,4.9,0.9,0.4,0,0.7,4.9,0.3,4.3,563.2
80,76,1,11,4.8,1.1,0.2,0,0.6,4.8,0.8,4.1,560.2
80,91,1,51,23.9,6.2,1,0.3,0.3,23.6,1,20.1,3664.1
21,97,1,2,0.7,0.1,0.1,0,0.1,0.7,0.1,0.7,87.4
21,31,2,10,3.1,0.5,0.4,0,0.4,3.1,0.2,2.7,340.2
21,39,4,16,8.1,3.4,0,1.1,0.7,7,1.5,5.7,982.5
21,56,1,8,3.3,0.9,0.2,0,0,3.3,0.5,3.1,395.5
21,80,1,2,0.7,0.2,0.2,0,0.1,0.7,0.2,0.6,86.7
21,91,1,2,0.9,0.3,0,0,0.1,0.9,0.1,0.8,111.3
21,55,2,5,2,0.6,0.1,0,0,2,0.3,1.9,247.2
21,8,3,14,5.6,1.7,0.8,0,0.6,5.6,0.8,3.5,581.8
21,12,2,2,1,0.4,0,0,0,1,0.2,1,97.8
21,16,1,13.5,4.4,0.7,1.1,0,0.2,4.4,0.9,3.4,484.9
21,52,1,5,2,0.5,0.1,0,0.2,2,0.2,1.8,192.7
21,36,1,7,2.6,0.5,0.2,0,0.1,2.6,0.3,2.3,285.7
21,59,3,8,3.1,0.8,0.4,0,0,3.1,0.5,2.8,341.3
21,58,1,5,2.4,1.1,0.2,0,0.3,2.4,0.5,2.4,236.1
21,6,2,9,3.7,1.2,0.5,0,0.3,3.7,0.6,2.5,380.5
21,70,3,13,6,1.5,0.2,0.2,0.2,5.8,0.5,5.7,590
21,72,1,3,1.3,0.5,0.2,0,0.1,1.3,0.3,1.3,128.6
21,74,1,2,0.9,0.3,0,0,0,0.9,0,0.9,95.6
21,105,2,7,3.3,1.1,0.3,0.1,0.3,3.2,0.3,2.7,467.6
21,21,2,4,1.7,0.5,0.1,0,0.3,1.7,0.3,1.7,180.3
21,107,1,9,4.1,1.2,0.2,0.1,0.3,4,0.4,4,437.2
21,0,3,14,7,2.8,0,0,0,7,0.4,7,680.8
21,22,1,8,3.5,1.1,0.3,0,0.5,3.5,0.6,3.4,360.5
21,106,3,5,2.3,0.7,0.1,0,0.2,2.3,0.2,2.1,279.4
21,96,2,8,2.9,0.4,0.4,0,0.5,2.9,0.4,2.7,349.5
21,33,4,9.5,2.9,0.6,0.3,0,0.3,2.9,0.1,2.6,323.1
21,24,2,7,2.8,0.7,0.2,0,0.2,2.8,0.5,2.3,317.2
21,71,3,24,10.6,3.4,0.9,0.1,0.3,10.5,1.6,10.4,1059.1
21,69,2,8,3.7,0.9,0.1,0.1,0.1,3.6,0.3,3.5,363.1
21,40,1,133,79.9,43.8,1,26.2,9.8,53.7,17.6,39.1,7109.7
21,38,1,21,7.9,1.5,0.7,0,0.4,7.9,0.9,6.8,857.2
21,104,1,1,0.5,0.2,0,0,0,0.5,0,0.4,66.8
21,82,2,3,1.1,0.3,0.3,0,0.1,1.1,0.3,0.9,130.1
21,32,1,10,3.1,0.6,0.4,0,0.4,3.1,0.2,2.7,340.2
21,88,1,4,1.6,0.3,0,0,0.3,1.6,0,1.3,192.6
21,75,1,4,1.9,0.6,0,0,0,1.9,0,1.7,191.1
21,76,1,3,1.4,0.4,0,0,0,1.4,0,1.3,143.4
21,15,1,2,0.7,0.1,0.2,0,0,0.7,0.1,0.5,71.8
21,60,2,4,1.6,0.4,0.2,0,0,1.6,0.2,1.4,170.6
21,30,1,4,1.2,0.2,0.2,0,0.2,1.2,0.1,1.1,136.1
21,103,1,7,3.8,1.1,0,0,0.1,3.8,0.5,3.2,392.2
21,100,1,7,3.3,1.2,0.2,0,0.2,3.3,0.4,1.9,320.1
21,85,2,5,2,0.3,0,0,0.3,2,0,1.7,240.7
21,23,3,7,3,0.9,0.2,0,0.5,3,0.5,3,315.5
21,41,4,42.5,20.1,7.5,0.5,2.2,1.6,17.9,3.2,14.5,2397.4
21,27,4,12,4.6,0.4,0,0,0,4.6,0.6,4.6,415.4
21,61,2,26.5,10.2,3,1.4,0,0,10.2,1.8,9.1,1130.8
21,5,1,1,0.5,0.2,0,0,0,0.5,0.1,0.5,48
21,84,1,3,1.2,0.2,0,0,0.2,1.2,0,1,144.4
21,50,1,5,2,0.5,0.1,0,0.2,2,0.2,1.8,192.7
21,108,2,24,11,3.3,0.6,0.3,0.9,10.7,1.2,10.7,1165.9
21,29,1,2,0.6,0.1,0.1,0,0.1,0.6,0,0.5,68
21,73,2,6,2.5,1,0.4,0,0.1,2.5,0.6,2.5,257.3
21,102,3,27,14.7,4.2,0,0,0.5,14.7,1.9,12.3,1512.9
21,46,1,3,1.1,0.3,0.2,0,0.1,1.1,0,0.9,119
21,37,1,3,1.1,0.2,0.1,0,0.1,1.1,0.1,1,122.5
21,11,1,4,2,1,0.2,0,0,2,0.3,1.9,195.6
21,83,1,2,0.7,0.2,0.2,0,0.1,0.7,0.2,0.6,86.7
119,40,1,2,0.8,0.2,0.1,0,0,0.8,0.1,0.8,79.2
119,107,1,63,28,6.3,0.2,1.6,1.6,26.4,2.2,14.6,2592.5
119,64,3,32,15,5.1,0,0,0.7,15,3.5,14.1,1669.1
119,102,4,32,14.8,2.3,0.2,0,0.2,14.8,0.7,13.5,1876.9
119,48,1,4,1.5,0.3,0.2,0,0.2,1.5,0.3,1.1,140.6
119,21,3,13,6.4,2.2,0.2,0,0.5,6.4,0.7,4.9,664.1
119,100,0,188,109,58,1,46,6,63,12,61,10689
119,75,2,62.5,28.7,10.9,2.2,0,1.6,28.7,3,21.4,2611.7
119,51,1,4,2.1,0.8,0.2,0,0.2,2.1,0.2,1.8,200.6
119,105,4,32,13.6,2.5,0.8,0.2,1,13.4,0.2,12,1768.9
119,106,2,92.5,51,24.2,1.6,19.3,6.6,31.7,4.4,21.5,4599
119,72,2,13,5.3,1.3,0.3,0.1,0,5.2,0.7,3.3,532.9
119,62,1,143,55.3,11.8,6.6,2.2,2.6,53.1,6.2,39.3,5716.3
119,99,0,27,12,4,1,0,1,12,0,10,1691
119,74,2,58,19.2,5.1,5.7,0,0.1,19.2,2.5,15.7,1946.6
119,30,1,1,0.4,0.1,0,0,0,0.4,0,0.3,42.1
119,73,2,21.5,8.8,2.1,0.6,0.3,0,8.5,1.2,5.5,881.4
119,33,1,7,2.8,0.8,0.3,0,0.2,2.8,0.2,2,294.9
119,43,1,4.5,1.8,0.7,0.2,0,0.1,1.8,0.2,1.3,200.6
119,63,3,36,12.8,1,0.7,0.2,0.7,12.6,0.2,10.4,1316.2
119,49,2,6,3.1,1.2,0.2,0,0.2,3.1,0.2,2.6,301
119,103,4,9,4.2,0.6,0,0,0,4.2,0.2,3.8,528
119,76,3,22.5,9.6,2.4,1.1,0,0.9,9.6,0.2,8.3,1072.6
119,57,1,3,1.2,0.4,0.1,0,0.2,1.2,0.3,1.1,133.7
119,61,2,8,3.1,0.5,0.1,0.1,0.1,3,0,2.4,323.4
119,24,3,10,3.9,0.6,0,0.2,0,3.7,0.6,2.8,342
119,77,1,5,2.2,0.5,0.2,0,0.2,2.2,0,1.9,249.8
119,14,3,14,5.1,0.9,0.5,0,0,5.1,0.5,3.3,402.7
119,101,1,153.5,66.6,15.7,4.2,0,3.2,66.6,3.6,60.7,7962
119,42,1,1,0.4,0.2,0.1,0,0,0.4,0.1,0.3,44.6
119,28,3,19,7.2,1,1,0,0,7.2,0,6.1,751.3
119,12,1,4,1.5,0.5,0.2,0,0,1.5,0.3,1.4,146.3
119,81,2,68.5,28.2,6.7,4.9,0.9,2.9,27.3,2.8,25.2,2906.3
119,23,2,7,3.8,1.2,0,0,0.4,3.8,0.4,3,390.4
119,29,2,17,6.8,1.9,0.7,0,0.4,6.8,0.4,4.9,716.3
119,71,1,6,2.4,0.6,0.2,0.1,0,2.3,0.3,1.6,246
119,55,1,5,2.1,0.7,0.2,0,0.4,2.1,0.5,1.8,222.8
119,10,1,3,1.2,0.4,0.2,0,0,1.2,0.2,1.1,109.7
119,22,1,5,2.7,0.9,0,0,0.3,2.7,0.3,2.2,278.8
119,45,1,5,1.9,0.4,0.2,0,0.2,1.9,0.3,1.4,175.7
119,53,1,6,2.2,0.5,0.2,0,0.1,2.2,0.2,1.8,235.5
119,39,1,8,3.2,0.6,0.2,0,0,3.2,0.2,3.2,316.8
119,15,1,4,1.5,0.3,0.1,0,0,1.5,0.1,0.9,115.1
98,59,4,20,7.8,1.3,0.7,0.7,0,7.1,0,7.8,1015.4
98,60,1,2,0.8,0.1,0.1,0.1,0,0.7,0,0.8,101.5
98,65,2,25,9.4,1.8,0.4,0,0.7,9.4,0.7,8.1,1007.4
98,64,3,24.5,9.2,1.7,0.4,0,0.7,9.2,0.7,7.9,987.2
98,63,1,6,2.1,0.2,0.3,0.3,0.2,1.8,0.8,1.8,194.1
98,55,4,22,7.9,1.3,1.3,0,0,7.9,0.8,7.4,730.6
98,57,1,7,2.6,0.2,0.4,0,0,2.6,0.1,2.2,287.2
98,62,2,20,6.9,0.7,1.1,0.7,0.7,6.2,2.7,6.1,646.9
98,56,1,2,0.8,0.1,0.1,0,0,0.8,0,0.6,82.1
98,40,3,21.5,8.7,2.6,0.4,0,0.4,8.7,0.4,8.3,881.6
98,70,0,126,57,22,2,8,7,49,5,41,5272
98,88,2,21,10.2,4.5,0,0,1.2,10.2,1.9,9.6,1100.3
98,35,2,4,1.4,0.4,0.2,0,0.2,1.4,0,1.2,165.6
98,42,2,7,2.7,0.7,0.1,0,0,2.7,0.1,1.9,267.9
98,38,3,44,17.6,4.4,0.6,0,1.3,17.6,1.3,17,1978.1
98,79,0,72.5,28,5,3,0,5,28,4,26,2995
98,90,2,4,1.4,0.2,0,0,0,1.4,0,1.2,213
98,75,2,123,47.8,10.1,3.8,0,3.4,47.8,2.2,45.2,5634
98,67,0,66.5,27,5,2,0,2,27,1,22,2698
98,101,1,6,2.5,0.5,0.2,0.2,0.2,2.3,0.2,2.3,374.1
98,99,2,8,3.2,0.8,0.3,0,0,3.2,0.3,2.7,426.8
98,94,2,8,2.8,0.4,0.1,0,0.3,2.8,0.1,2.7,336.1
98,45,3,24,9.2,3.2,1.1,0,0,9.2,1.1,8.2,853.1
98,100,3,21,8.4,2.1,0.7,0,0,8.4,0.7,7,1120.3
98,3,1,1,0.3,0,0,0,0,0.3,0,0.3,32.4
98,6,2,5,1.9,0.3,0.1,0,0.1,1.9,0.1,1.6,214.5
98,10,2,5,1.9,0.3,0.1,0,0.1,1.9,0.2,1.5,192.5
98,105,3,46,20.3,4.4,0.6,0.6,2.5,19.7,1.5,16.4,3242.2
98,72,1,6,2.4,0.6,0.1,0,0.3,2.4,0,1.9,256.3
98,31,1,1,0.3,0.1,0.1,0,0,0.3,0,0.3,32.9
98,39,2,23,9.4,2.8,0.5,0,0.5,9.4,0.5,8.9,943.2
98,98,4,54,23.2,7,2.4,0,2.4,23.2,0,19.4,2537.2
98,106,1,2,0.9,0.2,0,0,0.1,0.9,0.1,0.7,141
98,4,1,2,0.7,0.1,0,0,0.1,0.7,0.1,0.7,85.8
98,68,0,58,25,9,4,0,2,25,1,22,2573
98,37,2,67,25.6,6.9,0.3,0,1.5,25.6,4.5,11.3,2261.2
98,93,2,18,7.9,2.5,0.4,0,0,7.9,0.4,5.4,926.3
98,84,2,5,2.1,0.5,0.3,0.3,0.1,1.8,0.1,1.9,266.4
98,69,1,368,147.2,39,9.6,41.9,13.3,105.3,12.4,84.5,13296.4
98,18,3,10,3.7,1.4,0.3,0,0.3,3.7,0,3,407
98,104,3,52,25.2,6.9,0.3,1.2,2.6,24,1,22.7,4338.6
98,83,1,4,1.5,0.2,0.2,0,0.1,1.5,0.2,1.4,207.7
98,97,3,27.5,11.7,3.6,1.2,0,1.2,11.7,0,9.9,1292.2
98,102,2,21,8.7,1.9,0.6,0.6,0.6,8.1,0.6,8.1,1309.2
98,103,2,10,4.2,0.9,0.3,0.3,0.3,3.9,0.3,3.8,623.5
98,2,1,2,0.6,0.1,0.1,0,0.1,0.6,0.1,0.5,64.8
98,8,2,14,6,0.5,0,0.5,0.5,5.5,0,5.5,678.5
98,26,1,6,2.2,0.6,0.4,0.1,0,2.1,0.2,1.8,189.4
98,54,1,4,1.5,0.2,0.2,0,0,1.5,0.1,1.3,132.8
98,47,1,1,0.4,0.2,0,0,0,0.4,0.1,0.3,39.8
98,82,4,20,7.7,1.1,0.8,0,0.3,7.7,0.8,7.2,1038.3
98,24,2,5,1.8,0.5,0.3,0.1,0,1.7,0.2,1.5,157.8
98,89,2,7,2.5,0.5,0.1,0,0,2.5,0,2.2,372.6
98,92,3,14,6.1,1.9,0.2,0,0,6.1,0.2,4.2,720.5
98,29,2,49,14.7,2.9,3.9,0,0,14.7,1,13.7,1614.1
98,96,1,4,1.4,0.2,0.1,0,0.1,1.4,0.1,1.3,168.1
98,44,3,18,6.9,2.4,0.8,0,0,6.9,0.8,6.2,639.8
98,15,4,62.5,22.6,4.2,2.1,0,1.4,22.6,1.4,17.7,2485.8
98,85,1,2,0.8,0.2,0.1,0.1,0,0.7,0,0.8,106.6
98,77,1,13,5.2,0.9,0.3,0,0.5,5.2,0.7,4.5,546.5
98,51,1,1,0.4,0.2,0,0,0,0.4,0.1,0.3,41.1
98,41,1,6,2.5,0.7,0.1,0,0.1,2.5,0.1,2.3,246
98,0,1,4,1.3,0,0.2,0,0.3,1.3,0.2,1,164.7
98,87,2,4,2,0.8,0,0,0.3,2,0.4,1.9,209.6
98,28,2,17,6.2,1.7,1.1,0.3,0,5.9,0.6,5.1,536.6
98,74,1,7,3.1,0.9,0.3,0,0.4,3.1,0.2,3,341.4
98,78,2,23,9.2,1.5,0.6,0,1,9.2,1.2,8,967
98,71,2,29,12.8,4.2,1.2,1.7,0.6,11.1,0.9,9.2,1134
98,80,2,9,4,1.5,0,0.7,0.3,3.3,0.7,3,375
98,91,1,2,0.7,0.1,0,0,0,0.7,0,0.6,106.5
98,95,1,2,0.7,0.1,0,0,0.1,0.7,0,0.7,84
98,52,1,8,3.2,1.3,0.2,0,0.1,3.2,0.5,2.5,328.6
98,16,2,12,4.3,0.8,0.4,0,0.3,4.3,0.3,3.4,477.3
98,23,2,18,7.4,2,0.3,0,1,7.4,0.8,6.6,690.9
98,5,2,6,2.2,0.3,0.1,0,0.2,2.2,0.2,2,257.4
98,76,1,20,8.8,2.6,0.8,0,1,8.8,0.5,8.6,975.3
98,1,1,1,0.3,0,0,0,0,0.3,0,0.3,32.4
98,11,1,2,0.8,0.1,0,0,0,0.8,0.1,0.6,77
24,56,2,9,4.8,1.8,0,0,0,4.8,0.7,4.8,497.4
24,20,1,11,5.2,2.1,0.3,0.2,0,5,0.8,4.5,611
24,39,1,3,1.3,0.4,0,0,0.3,1.3,0.1,1.1,157.6
24,80,1,17,7.7,1.9,0,0,0.8,7.7,1.4,6.9,754.3
24,2,1,1,0.6,0.3,0,0,0,0.6,0.1,0.4,53.1
24,13,1,2,1,0.4,0,0,0.1,1,0,0.6,122.4
24,21,1,2,1,0.4,0,0.1,0,0.9,0.1,0.8,111.1
24,55,1,1,0.5,0.2,0,0,0,0.5,0.1,0.5,55.3
24,45,2,8,2.9,1.3,0.2,0,0,2.9,0.5,2.4,342.4
24,28,1,3,1.4,0.4,0,0,0,1.4,0.3,1.4,152.8
24,90,2,11.5,4.5,0.8,0.4,0,0.4,4.5,0.7,3.8,516.7
24,44,1,3,1.1,0.5,0.1,0,0,1.1,0.2,0.9,128.4
24,12,2,14,7,2.6,0,0,0.6,7,0,4.4,856.6
24,81,3,10.5,4.5,1.2,0,0,0.6,4.5,0.9,4.1,443.7
24,38,1,5,2.1,0.6,0.2,0,0.5,2.1,0,1.5,209.5
24,36,2,3,1.4,0.6,0.1,0,0.2,1.4,0.3,1.2,144.9
24,77,2,5,1.9,0.5,0.1,0,0.1,1.9,0.3,1.5,189.1
24,79,2,5,2.3,0.5,0,0,0.2,2.3,0.4,2,221.8
24,48,1,5,2.4,0.7,0,0,0.1,2.4,0.5,1.5,263.1
24,42,2,6,2.4,0.7,0.4,0.1,0.1,2.3,0.2,2,226.1
24,89,2,10,3.8,0.8,0.4,0,0.4,3.8,0.6,3.4,449.2
24,84,2,21,8.1,1.5,0.9,0,0.3,8.1,0.7,7.1,932.3
24,46,2,4,1.9,0.6,0,0,0.1,1.9,0.4,1.2,200.7
24,106,4,20,10.3,4,0.4,0.1,0.3,10.2,1.4,9,1069.9
24,59,4,24,9.6,1.5,1.1,0,1.1,9.6,0.5,8.1,1050.1
24,107,3,75,40.9,15.3,0,0.3,2.7,40.6,4.3,37.5,4461
24,22,2,5,2.4,1,0.1,0.2,0,2.2,0.3,2,277.7
24,14,1,5,2.4,0.7,0.1,0,0.3,2.4,0.3,1.9,252.4
24,32,2,17,7.6,2.5,0.7,0,0,7.6,1.9,6.3,886.5
24,96,1,4,1.5,0.6,0.1,0,0.1,1.5,0.1,1.2,145
24,49,1,1,0.5,0.1,0,0,0,0.5,0,0.4,50.5
24,104,1,5,2.1,0.7,0.4,0,0,2.1,0.3,1.8,197.1
24,98,1,3,1.1,0.4,0.1,0,0.1,1.1,0.1,0.9,108.7
24,15,1,3,1.4,0.4,0.1,0,0.2,1.4,0.2,1.1,151.4
24,69,0,33,13,4,0,0,3,13,1,7,1051
24,99,3,11,5,1.7,0.1,0.1,0.4,4.9,0.7,3.9,487.7
24,26,1,2,0.9,0.3,0,0,0,0.9,0.2,0.8,92
24,88,1,9,3.2,0.5,0.3,0,0,3.2,0.3,2.9,419.6
24,8,1,1,0.6,0.2,0,0,0.1,0.6,0.2,0.4,56.7
24,65,1,13,5.8,2.1,0.1,0.3,0.1,5.5,0.6,4.5,561.8
24,100,3,20,9.3,3.2,0.1,0.2,0.5,9.1,1.5,7.3,886.6
24,9,1,4,2.3,0.8,0,0,0.2,2.3,0.8,2,209.8
24,83,1,4,1.6,0.4,0,0,0.3,1.6,0.4,1.5,161.3
24,97,1,6,2.3,0.8,0.2,0,0.2,2.3,0.2,1.9,217.4
24,68,1,7,3.3,1.2,0.2,0.2,0.2,3.1,0.2,2.1,320.4
24,63,2,20,7.8,2.2,0.3,0.6,1,7.2,1,4.7,798.1
24,72,1,1,0.5,0.1,0,0,0,0.5,0,0.4,49.9
24,108,3,62.5,35.3,16.6,1,2.2,1.6,33.1,3.4,27.9,3555.7
24,64,3,5,2.1,0.9,0,0,0,2.1,0.1,1.6,216.1
24,33,1,3,1.3,0.4,0.1,0,0,1.3,0.3,1.1,156.4
24,62,2,19,7.4,2.1,0.3,0.5,0.8,6.9,0.8,4.4,758.2
24,101,2,26,12,4,0.3,0.3,0.7,11.7,1.8,9.4,1152.7
24,10,3,5,3,1,0,0,0.1,3,1,2.5,262.4
24,61,3,4,1.6,0.3,0.1,0,0.1,1.6,0,1.2,171.2
24,92,2,26,10.4,2.3,0.6,0,0.3,10.4,1,10.1,1150
24,24,1,2,0.9,0.3,0,0,0,0.9,0.2,0.8,92
24,85,1,15,5.7,1.1,0.7,0,0.2,5.7,0.4,5.1,666
24,109,1,11,6.5,2.9,0,0.3,0.3,6.2,1.6,5.2,882.9
24,102,2,20,10.3,4.3,0.7,0.6,0.3,9.7,1.2,7.8,1056.6
24,93,2,13,5.2,1.2,0.3,0,0.2,5.2,0.4,5,575
24,73,1,2,0.9,0.2,0,0,0.1,0.9,0.1,0.8,99.9
24,91,1,4,1.6,0.4,0.1,0,0.1,1.6,0.1,1.5,176.9
24,105,1,1,0.4,0.1,0.1,0,0,0.4,0.1,0.4,39.4
18,56,3,37,14.6,3.4,0.9,0,0.6,14.6,1.5,13.2,1670.7
18,39,2,2,0.8,0.2,0,0,0,0.8,0,0.6,94.6
18,44,2,10,4.4,1,0,0.3,0,4.1,0.3,3.1,595.6
18,20,2,6,2.9,1.2,0,0,0.2,2.9,0.7,2.2,304.3
18,13,1,4,1.4,0.4,0.2,0,0,1.4,0.2,1.2,161.4
18,21,2,6,2.7,1,0.1,0,0.3,2.7,0.6,2.4,287.4
18,85,2,36.5,13.3,3.3,0.7,0,0.4,13.3,0.4,11.9,1533
18,52,3,9.5,4.7,2,0.2,0,0,4.7,0.3,4,460.2
18,45,3,10,4.4,1,0,0.3,0,4.1,0.3,3.1,595.6
18,80,3,10,6,3.7,0,2.7,0,3.3,0.7,2.5,506.3
18,54,3,32,12.4,2.4,0.8,0,0.8,12.4,1,11.1,1386.9
18,57,1,2,0.8,0.2,0.1,0,0,0.8,0.1,0.8,98.9
18,4,1,3,1.5,0.7,0.1,0,0,1.5,0.4,1.4,144.1
18,35,2,5,2.1,0.4,0,0,0,2.1,0.3,1.5,204.4
18,17,3,10,3.3,0.6,0.8,0,0.1,3.3,0.6,2.4,359.2
18,42,1,9,3.5,0.7,0.4,0.2,0.2,3.3,0.4,2.9,399.7
18,40,1,79.5,28.2,6.4,3.5,0.7,0.7,27.5,0.4,19.7,3057
18,18,1,5,1.6,0.3,0.4,0,0.1,1.6,0.3,1.2,179.6
18,11,2,8,3.4,1.4,0.4,0,0,3.4,0.5,3.1,357
18,19,1,3,1.4,0.6,0,0,0.1,1.4,0.4,1.1,152.2
18,72,1,7,2.8,0.8,0,0,0.2,2.8,0,2.5,308.5
18,30,4,29,11.1,4,2.3,0,0.5,11.1,1.8,9.3,1174.4
18,55,2,13,5,1.1,0.3,0,0.3,5,0.4,4.5,563.4
18,86,1,2,0.7,0.2,0,0,0,0.7,0,0.7,84
18,77,2,8,2.9,0.7,0.4,0,0.4,2.9,1.1,2.4,287.7
18,94,2,7,3.4,0.9,0,0,0,3.4,0.9,3.4,391.1
18,105,3,20,9.5,3.1,0.6,0.4,0.6,9.1,0.6,7.6,1335.9
18,82,2,18,6.1,1.1,1.1,0,0,6.1,0,5.1,703.8
18,6,2,4,2,1,0,0,0,2,0.6,1.8,192
18,96,1,3,1.1,0.1,0.1,0,0.2,1.1,0.1,1,131
18,33,1,207.5,66.5,13.2,10.9,0,4.6,66.5,6.5,46.5,6483.1
18,84,2,166,80.8,33.4,2.7,15,6.4,65.8,13.4,54.4,8331
18,38,2,29,9.6,2.8,2.3,0,0,9.6,0.9,8.2,1158.6
18,101,4,19,8.9,3.8,0.8,0.3,0.4,8.6,1.4,6.1,848.3
18,10,2,8,4,1.9,0.4,0,0,4,0.5,3.9,391.2
18,83,2,84.5,34.2,9.6,2.6,7,6,27.2,2,25.5,3739.7
18,51,1,10,4,1,0.2,0,0.4,4,0.4,3.5,385.4
18,53,3,11,5.4,2.3,0.2,0,0,5.4,0.4,4.7,532.9
18,79,1,2,1.2,0.7,0,0.5,0,0.7,0.1,0.5,101.3
18,47,3,25,10.9,5,1.6,0,0,10.9,0.9,7.5,1178.4
18,23,1,2,0.9,0.3,0.1,0,0.1,0.9,0.2,0.8,90.1
18,95,1,3,1.4,0.4,0,0,0,1.4,0.4,1.4,167.6
18,99,3,10,4.7,1.8,0.3,0,0.3,4.7,0.7,2.7,457.3
18,0,1,3.5,1.7,0.4,0,0,0,1.7,0.3,1.5,171.5
18,27,2,8,3.2,0.9,0.2,0,0.2,3.2,0.6,2.7,362.5
18,88,1,11,4.1,1,0.3,0,0,4.1,1,3.8,488.5
18,12,1,7,2.5,0.8,0.4,0,0,2.5,0.4,2.1,282.5
18,34,2,42,21.3,10.2,0.2,0,2.2,21.3,4,10.8,2049.2
18,26,1,1,0.4,0.1,0,0,0,0.4,0.1,0.3,45.3
18,106,4,23,11.5,4.3,0.6,0.6,0.8,10.9,0.6,9.7,1476.8
18,25,1,3,1.2,0.3,0.1,0,0.1,1.2,0.2,1,135.9
18,14,1,6,2,0.3,0.5,0,0.1,2,0.4,1.5,215.5
18,103,1,5,2.4,1,0.2,0.2,0.1,2.2,0.4,1.8,220.1
18,50,1,6,2.4,0.6,0.1,0,0.2,2.4,0.2,2.1,231.2
18,29,1,5,1.9,0.7,0.4,0,0.1,1.9,0.3,1.6,202.5
18,102,2,56,23.9,7.3,2,1.7,1.4,22.2,2.7,20.4,2828.3
18,92,1,10,4.6,1.6,0.2,0.2,0.6,4.4,0.4,4,556.4
18,37,1,4,1.3,0.4,0.3,0,0,1.3,0.1,1.1,159.8
18,91,1,2,0.9,0.3,0,0,0.1,0.9,0.1,0.8,111.3
18,46,1,1,0.4,0.2,0.1,0,0,0.4,0,0.3,47.1
70,38,0,204,71,11,8,0,10,71,3,67,9492
70,22,1,2,0.7,0.2,0.1,0.1,0.1,0.6,0.1,0.6,71.3
70,8,2,3,1.5,0.7,0.2,0,0.1,1.5,0.3,1.5,152.4
70,44,1,386,227.3,135.3,7.7,167.4,16.9,59.9,24.9,93.8,16236.4
70,51,2,13,5.9,1.8,0.3,0,0.4,5.9,0.5,4.9,598.9
70,57,2,22,11,4.1,0.1,0,0.1,11,1.1,8,1155.9
70,16,2,13,4.9,0.8,0.4,0.1,0.2,4.8,0.3,4.3,498.4
70,48,2,53.5,18.4,1,1.5,0.4,3.7,18,1.7,15.7,1922.2
70,15,3,25,10.2,2.5,0.6,0,0.8,10.2,0.8,9,1050.9
70,33,1,6,2.4,0.7,0.2,0,0,2.4,0,2.2,236.5
70,45,1,227,128.1,66.4,1,88.2,18.7,39.9,13.7,65.7,9897.3
70,63,1,9,4.7,2.2,0.3,0,0,4.7,0.3,4,482.3
70,64,2,52,19.5,3.6,2.8,0.1,2.3,19.4,2.2,17.7,2128.6
70,46,1,2.5,1,0.3,0.1,0.1,0.1,0.9,0.1,0.7,114
70,20,2,12,4.2,0.2,0.2,0,0.5,4.2,0,3.6,462.5
70,39,3,117,40.4,5.8,4.9,0,2.8,40.4,3.5,34.8,5264.4
70,11,3,23,10.2,3.3,0.5,0.6,1,9.6,1.3,9,1082.8
70,32,1,2,0.8,0.2,0,0,0,0.8,0,0.8,96.3
70,28,3,16,7,1.3,0.2,0,0.7,7,0.8,5.6,692.9
70,0,1,3,1.1,0.2,0.1,0,0.2,1.1,0.4,0.9,126.4
70,9,1,3,1.4,0.5,0,0,0.1,1.4,0.3,1.2,159
70,65,1,198.5,84.2,23.7,3.7,0.1,2.3,84.1,6,64.8,8483.1
70,67,1,60.5,22.7,5.9,2.9,0,2.2,22.7,0.2,21.3,2588.3
70,58,1,203,78,16.8,6.8,14,17.8,64,14.9,38.1,7141.6
70,75,2,7,3.6,1,0,0,1,3.6,0.7,3.4,505.3
70,42,2,135,54.2,13,3.8,0.5,3.6,53.7,2.6,47.2,6008.6
70,69,1,2,0.7,0,0,0,0.1,0.7,0.1,0.6,74.5
70,47,0,278.5,114,26,8,0,7,114,7,101,11986
70,59,3,52.5,20.9,5.2,2,0,4,20.9,2.8,17.3,2151.3
70,25,1,3,1.2,0.4,0.1,0,0,1.2,0.1,1.2,140.4
70,24,1,10,4.1,1.3,0.4,0,0,4.1,0.2,3.9,468
70,43,1,5,2.3,0.7,0.1,0.1,0.4,2.2,0.3,1.7,246.7
70,40,0,89.5,32,5,3,0,3,32,2,21,3745
70,76,1,2,1,0.3,0,0,0.3,1,0.2,1,144.4
70,61,3,8,3.8,1.5,0.3,0,0.3,3.8,0.4,3.2,389.9
70,26,1,16,6.6,2.1,0.7,0,0,6.6,0.3,6.3,748.9
70,37,2,21,7.3,1.3,0.5,0,0.8,7.3,0.9,6.6,915.3
70,50,2,7,3,0.9,0.3,0,0.1,3,0.4,1.8,348.1
70,12,1,4,1.8,0.6,0.1,0.1,0.2,1.7,0.2,1.6,183.3
70,68,1,5,1.7,0.3,0.3,0,0.1,1.7,0.1,1.2,189
70,70,1,15,5,0.3,0.3,0,0.9,5,0.9,4.4,558.8
70,66,0,225.5,86,13,7,0,13,86,7,67,8423
70,41,1,18,7.1,1.5,0.5,0.3,0.3,6.8,0.5,6,900.8
70,7,1,2,1,0.5,0.1,0,0.1,1,0.2,1,101.6
70,52,2,19,8.8,3,0.2,0,0.6,8.8,0.6,8.1,996.7
70,10,2,5,2.3,0.8,0,0,0.2,2.3,0.5,2,265
70,53,2,4,1.9,0.6,0,0,0.1,1.9,0.1,1.7,212.6
70,6,1,10,5.2,2.4,0.6,0,0.3,5.2,0.9,4.8,507.9
70,23,1,1,0.4,0.1,0.1,0,0,0.4,0,0.3,37.1
70,79,4,19,9.4,3.5,0.4,0,0.3,9.4,1.9,7.7,968.5
70,85,2,3,1.3,0.3,0.1,0,0.2,1.3,0.3,1.2,167.4
70,93,4,29,11.7,2,0.3,0,1.1,11.7,0.6,10.6,1409.8
70,83,1,7,3.2,0.7,0.2,0,0.7,3.2,0.4,2.7,494.7
70,91,3,64,23.8,3.5,2.9,0.2,1.2,23.6,1.7,21.4,3037.3
70,89,1,3,1.3,0.3,0,0.1,0.2,1.2,0.1,0.9,140.2
70,94,1,157.5,64.1,11.5,1.1,0.1,10.7,64,5.2,46.2,7409.8
70,96,2,58,34.1,19.2,0.5,6.6,2.1,27.5,4.4,22.2,3665.6
70,92,2,48,16,1.4,2,0,3.2,16,1.1,14.8,1884.1
70,87,2,5,2.2,0.5,0.2,0,0.3,2.2,0.5,2.1,279.1
70,90,1,11,4.9,1.1,0.1,0.3,0.6,4.6,0.3,3.3,514.1
70,95,1,112,55.3,24.3,4.1,6.1,3.3,49.2,2.1,40.8,5812.2
70,80,1,1,0.5,0.2,0,0,0,0.5,0.2,0.4,47.3
71,38,3,120,40.8,6.9,6.1,0,1.4,40.8,2,39.8,5819.8
71,2,1,11,5.6,2.4,0.5,0.5,0.7,5.1,1,2.9,516.5
71,16,2,19,7.3,1,0.2,0,0.4,7.3,0,7.1,708.1
71,44,0,625.5,360,197,11,259,38,101,47,158,27149
71,57,3,14,7.3,2.8,0,0,0,7.3,0.7,5.2,749.7
71,60,2,9,3.8,1.1,0.3,0,0.9,3.8,0.9,3,361.5
71,48,2,26,11.8,2.9,0,1.9,1.2,9.9,1,8.7,1524
71,54,2,11,3.9,0.3,0.3,0,0.6,3.9,0.8,3.6,429.5
71,13,2,5,2.2,0.7,0.2,0.2,0.2,2,0.2,2,229.2
71,5,2,10,4.1,1.1,0.1,0,0.3,4.1,0.4,4,370.1
71,73,1,3,1.2,0.3,0.1,0,0.2,1.2,0.1,0.9,132.6
71,37,3,35,14.2,3.2,0.7,0,0.9,14.2,1.4,13.4,1933.2
71,19,2,26,10.4,2.6,1.7,0,0.9,10.4,0.9,6.9,964.6
71,45,1,317,168.9,80.6,7,75.8,12.3,93.1,16.3,105.3,14560.7
71,46,2,66.5,31.4,7.2,0,6.2,2.5,25.2,3.1,23.7,3467.1
71,36,2,27,10.9,2.4,0.5,0,0.7,10.9,1,10.4,1491.4
71,32,1,2,0.8,0.2,0,0,0,0.8,0,0.8,96.3
71,11,3,18,8,2.6,0.4,0.3,0.6,7.7,1.1,7.2,882.3
71,67,3,11,3.7,0.7,0.7,0,0.1,3.7,0.1,2.6,415.9
71,42,1,153,63.6,16.7,1.9,0.4,2.5,63.2,4.9,59.6,7965.4
71,40,0,363.5,133,27,13,0,10,133,7,102,14422
71,65,2,18,6.8,1.1,1.1,0,2.8,6.8,1.7,3.9,623.2
71,7,3,9,3.2,0.5,0.2,0,0,3.2,0.2,2.9,373.8
71,51,1,1,0.5,0.2,0,0,0,0.5,0,0.4,48.9
71,69,1,36,13.3,2.1,1.1,0,3.2,13.3,4.2,11.2,1416
71,4,2,41,17.5,4.2,0.1,0,0.4,17.5,4.5,14.4,1604.1
71,71,2,5,1.9,0.3,0.1,0,0.3,1.9,0.2,1.5,207.1
71,75,1,1,0.5,0.2,0,0,0.1,0.5,0.1,0.4,52.5
71,58,0,90,40,9,0,2,3,38,1,31,3450
71,47,1,120.5,65.9,25.4,2,1,4.6,64.9,0.5,62.3,7343
71,25,1,2,0.8,0.1,0.1,0,0.1,0.8,0,0.7,84.6
71,49,2,26.5,9.4,1.8,1.2,0,0.6,9.4,1.8,5,971.4
71,43,0,160,66,13,5,0,3,66,0,62,8043
71,56,2,15,5.4,0.6,0.4,0,0.7,5.4,1.1,4.9,600.2
71,39,2,128,47.6,7.7,2.8,0,1,47.6,2.7,46.3,6736.4
71,52,2,47,18.3,6.4,2.1,0,1.3,18.3,0.3,15.9,1891
71,6,3,14,5.2,0.9,0.4,0,0.1,5.2,0.5,4.9,563.3
71,70,2,14,4.6,0.3,0.3,0,0.8,4.6,0.8,4.1,521.5
71,12,3,39,17.3,5.6,1.1,1.3,1.5,16,1.8,15.2,1787.5
71,61,2,3,1.4,0.6,0.1,0,0.1,1.4,0.2,1.2,147.4
71,26,3,28,11.4,1.8,0.9,0,1.2,11.4,0.9,10.2,1208.7
71,66,1,7,2.3,0.4,0.4,0,0.1,2.3,0.1,1.7,264.7
71,72,1,10,3.9,1.1,0.3,0,0.5,3.9,0.3,2.9,442.1
71,31,2,8,3.2,0.6,0,0,0.2,3.2,0,3,385.2
71,41,4,72.5,26.1,3.7,3.2,0.5,1.9,25.6,1.9,23.8,3577.5
71,10,2,5,2.3,0.8,0.1,0,0.1,2.3,0.4,2,265
71,53,2,9,4.3,1.5,0.1,0,0.3,4.3,0.3,3.9,440
71,55,1,7,2.4,0.2,0.2,0,0.4,2.4,0.5,2.3,273.3
71,23,1,1,0.4,0.1,0.1,0,0,0.4,0,0.3,37.1
71,89,3,33.5,12.5,3.7,1.6,0,1,12.5,3.7,10.5,1685
71,86,1,2,0.9,0.2,0.1,0,0.1,0.9,0.2,0.8,111.6
71,93,3,33,12.3,1.2,0.5,0,1.2,12.3,0.5,10.6,1603.8
71,78,2,5,2.5,1,0.2,1.8,0.3,0.7,0.5,2.3,252
71,81,1,2,1,0.4,0.1,0,0,1,0.4,0.9,94.7
71,91,2,13.5,5.1,1.4,0.6,0,0.4,5.1,1.4,4.2,677.3
71,92,2,41,17.8,5.4,0.2,0,2.4,17.8,1.2,17.2,1983.8
71,94,3,25,12,3.6,0.2,0.2,0.9,11.8,0.2,10.5,1639.5
71,96,1,1,0.5,0.1,0,0,0,0.5,0,0.4,65.6
71,95,4,45,21.5,6.6,0.3,0.3,1.7,21.2,0.6,19,2951
116,55,2,21,8.4,1.8,0.8,0.8,0.6,7.6,1.6,7,801.9
116,35,1,5,2.2,0.6,0.1,0,0.1,2.2,0.4,1.9,252.4
116,79,3,13,5.1,0.3,0.6,0,0.3,5.1,0.6,4.5,499.2
116,84,0,43,22,9,0,1,1,21,4,17,2070
116,64,3,22,8.2,0.9,0.9,0,1.3,8.2,0.3,7.5,917.4
116,102,1,87,33.4,5.5,2,0.1,1.4,33.3,0,30.2,4163.6
116,100,2,39.5,18,5.1,0.5,0.7,1.3,17.3,1.3,16,1834.1
116,98,2,75,49.8,31.2,1,16.6,4.6,33.2,6.6,34.2,3897.8
116,33,1,29,9,0.7,0.7,0,0.7,9,0.7,9,886.8
116,105,2,11,4.8,1.4,0.4,0,0.2,4.8,0.7,4.2,579.5
116,56,1,17,6.8,1.5,0.7,0.7,0.5,6.1,1.3,5.7,649.2
116,2,1,7,5,3.7,0,0,0.3,5,0.3,3.7,385.7
116,82,3,8,4,1.6,0.3,0.5,0.2,3.5,0.2,2.9,365.6
116,75,2,114,51.3,17.7,3,0,2,51.3,2.7,42.7,4852.4
116,18,2,19,5.9,0.5,0.8,0,0,5.9,0.8,5.7,641.4
116,16,3,10,3.7,0.4,0.2,0,0.1,3.7,0.4,3,432.8
116,48,2,58,25,8.1,2.7,0,4.7,25,4.3,23.3,2291.3
116,21,2,12,6.2,2.2,0,0,0,6.2,0.4,4.3,533.8
116,67,3,22,8,2,0.6,0,0,8,0.2,6.6,903.5
116,62,1,11,3.8,0.7,0.7,0,0.4,3.8,0.4,3.6,434.7
116,45,2,30.5,14.6,6.2,0,0,2.5,14.6,1.8,13.2,1312.2
116,73,1,6,2.4,0.4,0.1,0,0.1,2.4,0.3,1.8,249.8
116,99,0,201,92,32,3,2,2,90,4,74,10146
116,78,2,112.5,40,7.4,5.6,0,2.2,40,2.6,33.3,4351.6
116,76,0,331,109,15,11,4,23,105,15,55,9989
116,26,2,12,4.7,1.6,0.3,0.9,0.2,3.8,1.1,2,480
116,83,3,125,60.3,25.6,3.1,11.4,4.7,48.9,6.7,43.9,5101.9
116,19,1,4,2.1,0.7,0,0,0,2.1,0.1,1.5,177.9
116,104,1,2,0.9,0.3,0.1,0,0,0.9,0.1,0.8,105.4
116,54,2,4,1.6,0.4,0.2,0.2,0.2,1.4,0.4,1.4,152.8
116,49,2,60,21.9,4.7,3.8,0,1.9,21.9,3.8,18.1,2133.3
116,3,1,7,5,3.7,0,0,0.3,5,0.3,3.7,385.7
116,77,0,290,125,48,14,23,18,102,12,56,12182
116,24,2,13,5.1,1.8,0.4,1,0.2,4.1,1.2,2.1,520
116,36,1,2,0.9,0.2,0.1,0,0.1,0.9,0.2,0.8,100.9
116,101,2,338,153.8,59.2,11.5,89.7,28.3,64.1,27.2,51.8,12712.8
116,32,1,21,6.5,0.5,0.5,0,0.5,6.5,0.5,6.5,642.2
116,17,2,6,1.8,0.2,0.2,0,0,1.8,0.2,1.8,202.6
116,34,1,4,1.8,0.5,0.1,0,0.1,1.8,0.4,1.5,201.9
116,20,1,1,0.5,0.2,0,0,0,0.5,0,0.4,44.5
116,65,1,2,0.7,0.1,0.1,0,0.1,0.7,0,0.7,83.4
116,15,2,10,3.8,0.4,0.2,0,0.2,3.8,0.4,3,456.6
116,103,1,9,3.8,0.6,0,0.1,0.4,3.7,0,3.7,507
116,74,1,2,0.8,0.2,0.1,0,0.1,0.8,0,0.7,83.5
116,0,1,4,1.9,0.9,0.1,0,0.1,1.9,0.3,1.5,163.1
116,13,1,3,1.3,0.4,0,0,0.2,1.3,0.1,1.2,132.4
116,59,1,4,1.5,0.6,0.3,0,0,1.5,0,1.3,155.9
116,51,1,5,2.3,0.8,0.2,0,0,2.3,0.4,2,237.1
116,58,1,6,2.2,0.3,0.1,0,0.2,2.2,0,2,197
15,97,3,24,10.5,2.9,0.8,0,0.1,10.5,2.2,7.4,1181.7
15,20,2,78,31,8.7,3.6,0,2.7,31,4.7,23,3078.6
15,13,2,4,1.8,0.4,0,0,0,1.8,0.2,1.6,169
15,91,3,13,5.8,1.9,0,0,0.8,5.8,0.2,4.6,689.8
15,2,1,1,0.5,0.2,0,0,0,0.5,0.1,0.5,54.3
15,21,2,36,15.6,3.9,0.7,0,3.9,15.6,2,9.6,1524.4
15,54,1,3,1.3,0.4,0.1,0,0.1,1.3,0.1,1.1,134.1
15,43,2,4,1.6,0.6,0.2,0,0.1,1.6,0.4,1.3,175.4
15,74,1,4,1.6,0.6,0.2,0,0.1,1.6,0.1,1.3,154.9
15,35,2,15,6.6,2.3,0.2,0,0.8,6.6,1.2,4.4,707.3
15,25,3,16,5.7,0.9,0.6,0,0.5,5.7,1.1,4.4,607.4
15,104,3,34.5,17,5.4,0.5,0.7,1.5,16.3,1.8,12.9,1811.1
15,46,2,10,3.9,1.2,0.4,0,0,3.9,0.4,3.3,398.2
15,105,3,7,3.5,1.2,0.1,0.2,0.3,3.3,0.3,2.6,368.5
15,18,1,8,3.1,0.6,0.3,0,0.3,3.1,0.4,2.8,334.5
15,19,2,4,1.8,0.5,0,0,0.5,1.8,0.1,1,173.2
15,49,2,22,8.5,1,1.4,0,1.4,8.5,0,7.5,888.5
15,81,1,3,1.4,0.3,0.1,0,0,1.4,0.1,1.2,149.9
15,48,1,2,1,0.4,0,0,0,1,0.1,0.9,118.3
15,17,3,7,2.8,0.6,0.3,0,0.3,2.8,0.4,2.5,292.6
15,96,3,7,3.9,1.4,0,0,0.6,3.9,0.6,3.1,364.7
15,51,2,6,2.3,0.5,0.1,0,0.1,2.3,0.5,2.1,209.7
15,26,4,18,7.1,1.7,0.8,0.3,0.2,6.8,1,5.4,789.5
15,75,1,9,3.5,1.3,0.5,0,0.2,3.5,0.2,2.9,348.6
15,70,1,2,0.8,0.1,0.1,0,0.1,0.8,0.1,0.6,82.2
15,106,3,23,12.1,5,0.4,2.1,1,10,1.2,8.8,1280.3
15,86,2,6,2.4,0.7,0.1,0,0.5,2.4,0.4,1.7,244.6
15,0,2,2,1,0.4,0,0,0,1,0.2,1,108.6
15,107,1,4,2.6,1.4,0,1.2,0.4,1.4,0.4,1.8,262.5
15,6,2,7,3.1,0.9,0.4,0,0.6,3.1,1.5,2.7,331.3
15,40,1,5,2.3,1.2,0.1,0,0.1,2.3,0.7,1.7,223.1
15,73,3,18.5,7.5,1.4,0.3,0,0.9,7.5,1.6,5.7,778
15,95,2,5,2.9,1,0,0,0.5,2.9,0.5,2.3,264.2
15,30,2,8,3.5,0.8,0.2,0,0.3,3.5,0.2,2.9,321.8
15,42,2,4,1.4,0.2,0.2,0,0.2,1.4,0.2,1.2,172.4
15,98,1,1,0.4,0.1,0,0,0,0.4,0.1,0.3,49.4
15,15,3,17,6.5,1.3,0.5,0,0.8,6.5,0.9,6,710.6
15,88,1,4,1.6,0.5,0.1,0,0.3,1.6,0.2,1.2,163.1
15,38,1,2,0.9,0.2,0.1,0,0,0.9,0.1,0.8,104.1
15,100,4,41,18.3,6.2,1.5,0,0,18.3,1.4,15.6,2026
15,10,2,9,4.1,0.9,0,0,0,4.1,0.3,3.7,380.1
15,53,2,18.5,6.2,0.8,0.8,0,0.4,6.2,1,5.3,701.7
15,101,4,59,24.6,5.6,1.9,0.3,3,24.3,3.9,17.8,2784.7
15,79,1,2,0.6,0.1,0.2,0,0,0.6,0.1,0.6,82.8
15,22,1,5,2,0.5,0.1,0.1,0.3,1.9,0.3,1.6,238.7
15,24,1,11,3.8,0.6,0.4,0,0.4,3.8,0.8,3,402.6
15,99,2,5,2.3,0.8,0.2,0,0,2.3,0.4,1.9,228.5
15,52,1,7,2.8,0.8,0,0,0.2,2.8,0.6,2.5,239.5
15,27,2,4,1.6,0.5,0.1,0.1,0,1.5,0.1,1.3,190
15,85,1,8.5,4.3,1.4,0,0,0.7,4.3,0,3.6,469.9
15,36,2,10,4,1.2,0.2,0,0.5,4,0.7,2.8,408.2
15,29,2,6.5,2.9,0.6,0.1,0,0.3,2.9,0.1,2.3,261.4
15,103,1,128.5,60.9,21,2.4,2,5,58.9,9.9,48.1,6195.5
15,102,1,195,97.2,42.2,4.1,16,11.2,81.2,19.2,51.8,8300.1
15,14,1,3,1.2,0.2,0.1,0,0.1,1.2,0.2,1.1,125.4
15,93,2,9,4,1.3,0,0,0.6,4,0.2,3.3,477.6
15,83,1,2,1,0.2,0,0,0,1,0.1,0.8,100
41,78,2,7,2.9,0.7,0.2,0,0.2,2.9,0.9,2.7,252
41,44,1,117,55.5,15.1,3.3,2.1,3.3,53.4,3.5,49.9,5592.5
41,31,1,2,0.9,0.2,0,0,0,0.9,0.2,0.8,84
41,58,2,5,2.3,0.7,0.2,0,0.2,2.3,0.5,1.8,217
41,79,3,19,7.1,1.6,0.8,0.1,0.7,7,0.9,6.5,795.5
41,2,2,6,2.4,0.9,0.3,0,0.2,2.4,0.6,2.1,221.1
41,81,2,9,3.9,1.2,0.3,0.1,0.5,3.8,0.3,3.4,425.6
41,28,3,14,6.1,2,0.3,0,0.5,6.1,1.2,5.5,576.6
41,16,1,8,4.7,2.7,0,0,0,4.7,1,4.3,408.7
41,69,1,398.5,228.8,118.6,3.3,157.3,40.9,71.5,52.9,69.3,17057.2
41,99,1,87,52.1,20.5,0.5,6.8,3.3,45.3,4.7,46.4,5371.9
41,52,3,11,5.7,2.4,0,0,0,5.7,1.5,4.4,550.4
41,37,1,3,1.3,0.4,0.1,0.1,0.2,1.2,0.4,0.9,117.6
41,47,1,4,1.7,0.5,0,0,0.1,1.7,0,1.6,173.6
41,86,2,8,3.5,0.8,0.4,0,0.1,3.5,0.3,2.6,384
41,35,1,10,4.3,1.2,0.4,0.2,0.8,4.1,1.2,3.1,391.8
41,48,3,7,3,0.7,0,0,0.2,3,0,2.8,303.8
41,43,1,142,62.7,18.4,2.5,3,4.4,59.7,2.8,43.5,6714.4
41,42,0,139.5,74,31,1,12,8,62,10,54,6942
41,60,1,3,1.5,0.7,0,0,0.1,1.5,0.3,1.1,167.1
41,98,2,99,54.9,24.9,1.3,21.2,7.5,33.7,5.7,31.5,5059.8
41,97,1,135,71.4,28.7,3.2,5.1,6.5,66.3,10.6,50.1,7695.7
41,49,4,30,13.4,4.2,0.5,0,1.9,13.4,1.9,12.1,1501.9
41,14,2,8,4.7,2.6,0,0,0,4.7,1,4.3,408.7
41,0,1,3,1.2,0.4,0.2,0,0.1,1.2,0.3,1,110.6
41,87,3,13,5.9,0.9,0,0,0.3,5.9,0.9,4.9,702.9
41,36,1,3,1.3,0.4,0.1,0.1,0.2,1.2,0.4,0.9,117.6
41,45,2,8,3.2,0.6,0.2,0,0.2,3.2,0.2,2.8,336.8
41,6,1,6,3.1,1.3,0,0,0.1,3.1,0.7,2.8,275
41,76,2,8,4,1.4,0.2,0,0.2,4,0.8,3,452.2
41,7,1,4,2.7,1.7,0,0,0,2.7,0.5,2.3,225.1
41,89,4,22,10.2,3.9,0.5,0,0.5,10.2,1.2,9.3,1078.8
41,80,2,6,2.2,0.5,0.3,0,0.2,2.2,0.3,2.1,251.2
41,82,1,5,3.2,1.6,0,0.2,0.5,3,0,2.5,331.1
41,70,3,11,6.2,2.6,0.1,0.1,0.4,6.1,0.4,5.4,768.5
41,74,2,6,3,1,0.2,0,0.2,3,0.6,2.2,339.2
41,94,1,2,1,0.4,0.1,0,0,1,0.1,0.9,121.9
41,102,3,28,14,3.9,0,0,1.6,14,0,12.4,1860.4
41,30,1,8,3.4,1,0.1,0,0,3.4,0.7,3.2,336
41,73,2,10,5,1.8,0.3,0.3,0.2,4.7,0.7,4.1,540
41,59,3,13,6.7,2.8,0,0,0.2,6.7,1.1,5,723.9
41,75,1,5,2.5,0.8,0.2,0,0.2,2.5,0.5,1.8,282.7
41,96,2,53,26.9,13.3,1.3,0.1,0.6,26.8,4.7,21.5,2691.1
41,100,0,113,65,30,0,3,3,62,6,52,6659
41,40,1,3,1.2,0.3,0.1,0,0.2,1.2,0,1,123.2
41,71,4,7,3.7,1.4,0.1,0.1,0.2,3.6,0.4,3.1,425.6
41,65,3,36,14,3.7,0.8,0,0.8,14,2.3,9.6,1433.3
41,11,1,1,0.5,0.2,0,0,0,0.5,0.1,0.4,53.9
41,62,2,3,1.1,0.1,0.1,0,0,1.1,0,0.9,149.4
41,68,1,255,146,78.2,3,63.6,14.3,82.4,23,43.1,10485.1
41,53,2,11,5.7,2.4,0,0,0,5.7,1.5,4.3,550.5
41,55,1,4,2,0.8,0.1,0,0.3,2,0.1,1.7,208.8
41,13,1,2,1,0.4,0,0,0,1,0.2,0.8,107.7
41,29,2,7,3,0.8,0.1,0,0,3,0.7,2.8,294
41,101,0,112.5,62,24,1,2,4,60,3,53,6502
41,50,1,1.5,0.7,0.2,0,0,0.1,0.7,0.1,0.6,75.1
41,27,1,10,4.3,1.4,0.3,0,0.4,4.3,0.9,3.9,411.9
41,41,2,44,17.5,4.1,1.4,0,1.7,17.5,1.3,14.1,1926.9
41,63,2,4,1.4,0.2,0.2,0,0,1.4,0,1.2,199.2
41,93,1,2,1,0.4,0,0,0,1,0.2,0.9,122.1
41,66,1,1,0.4,0.1,0,0,0,0.4,0.1,0.3,39.8
41,85,2,8,3.3,0.9,0.6,0,0,3.3,0.2,2.4,354.9
41,5,1,3,1.5,0.6,0,0,0.1,1.5,0.3,1.4,137.5
41,26,1,10,4.3,1.4,0.3,0,0.4,4.3,0.9,3.9,411.9
41,24,1,2,1,0.2,0,0,0.2,1,0.1,0.9,96.5
17,31,2,5,2.1,0.6,0.2,0,0.2,2.1,0.1,1.6,211.5
17,56,2,11,4.7,1.5,0.5,0.1,0.4,4.6,0.5,4.2,491.8
17,39,3,4,1.9,0.9,0.1,0,0,1.9,0.5,1.3,178.4
17,43,3,64,30.5,14,0.5,2,0.5,28.5,5.5,22.6,3169.3
17,8,2,11,5,1.4,0.8,0,1.1,5,2.5,4.2,529.4
17,79,1,4,1.2,0.2,0.3,0,0.1,1.2,0.2,1.2,165.6
17,12,1,2,0.9,0.2,0,0,0,0.9,0.1,0.8,84.5
17,87,2,6,2.4,0.7,0.1,0,0.5,2.4,0.3,1.8,244.6
17,16,1,7,2.7,0.5,0.2,0,0.3,2.7,0.4,2.5,292.6
17,98,2,22,8.7,2,1.1,0,1.1,8.7,1.1,6.1,1049.9
17,2,1,2,1,0.4,0,0,0.1,1,0.2,1,108.6
17,18,1,2,0.8,0.2,0.1,0,0.1,0.8,0.1,0.7,83.6
17,55,3,29,12.5,4,1.3,0.2,1.1,12.3,1.3,11.1,1296.5
17,54,2,31,13.2,4.2,1.4,0.3,1.1,12.9,1.4,11.8,1386
17,19,1,2,1,0.3,0,0,0.3,1,0,0.5,90.4
17,85,2,5,2.5,0.8,0,0,0.5,2.5,0,2.2,276.4
17,104,4,48.5,23.9,9.3,1.1,1.6,0.9,22.3,1.6,17.1,2573.2
17,57,2,4,1.8,0.6,0.2,0,0.2,1.8,0.2,1.6,178.8
17,105,3,31,15.3,6,0.8,1.1,0.6,14.2,1.1,11,1644.7
17,42,1,114,35.5,5.2,5.1,2,3.1,33.5,3.1,23.2,3655.3
17,106,4,23.5,12.8,5.7,0.4,3.1,1.1,9.7,1.3,9.2,1353.7
17,72,1,4,1.6,0.3,0.1,0,0.1,1.6,0.3,1.1,164.3
17,32,2,5,2,0.6,0.3,0,0.1,2,0.1,1.6,218.4
17,7,2,8,3.6,1.1,0.5,0,0.8,3.6,1.9,3.1,385.1
17,82,2,60,21.1,2.7,1.4,0,1,21.1,2.6,18.8,2168.6
17,24,1,5,2.1,0.6,0.2,0.1,0,2,0.2,1.6,237.4
17,84,1,192.5,75.1,21,10,10,8.5,65.1,13,51.6,7248.7
17,88,1,4,1.6,0.5,0.1,0,0.3,1.6,0.2,1.2,163.1
17,6,1,5,2.2,0.7,0.2,0,0.2,2.2,0.3,2,212.3
17,35,2,5,2.5,0.9,0,0,0.3,2.5,0.5,1.5,269.8
17,38,1,9,4.1,0.9,0.3,0,0,4.1,0.6,3.5,468.6
17,80,1,2,0.6,0.1,0.2,0,0,0.6,0.1,0.6,82.8
17,71,1,2,0.8,0.1,0.1,0,0.1,0.8,0.1,0.6,82.2
17,94,1,3,1.7,0.6,0,0,0.3,1.7,0.3,1.4,158.5
17,33,4,7,2.8,1,0.4,0,0,2.8,0.3,2.1,305.9
17,4,1,6,2.6,0.8,0.2,0,0.2,2.6,0.4,2.4,254.8
17,100,1,5,2.2,0.7,0.2,0,0,2.2,0.1,1.9,250.7
17,83,1,136,73.9,36.5,4.1,8,0,65.9,7.2,49.5,6476.9
17,30,1,2,0.9,0.2,0,0,0.1,0.9,0,0.7,80.4
17,103,3,13,5.5,1.3,0.5,0.2,0.3,5.3,0.7,4.4,613
17,15,1,1,0.4,0.1,0,0,0,0.4,0.1,0.4,41.8
17,1,1,6,3.1,1.3,0,0,0.2,3.1,0.5,3,325.7
17,44,1,6,2,0.5,0.3,0,0,2,0.3,1.6,189.1
17,101,1,6,2.7,0.9,0.2,0,0,2.7,0.1,2.3,300.8
17,37,1,1,0.5,0.1,0,0,0,0.5,0.1,0.4,52.1
17,5,2,9,3.9,1.2,0.3,0,0.3,3.9,0.6,3.6,382.2
17,41,1,5,1.8,0.3,0.1,0,0.1,1.8,0.1,1.6,215.4
17,95,2,4,2.4,0.8,0,0,0.4,2.4,0.4,1.8,211.4
17,34,2,5,2.4,0.9,0,0,0.3,2.4,0.5,1.5,269.9
17,22,1,3,1.2,0.3,0.1,0.1,0.2,1.1,0.2,0.9,143.2
17,45,1,13,4.4,1.2,0.6,0,0,4.4,0.6,3.5,409.8
17,92,2,5,2.2,0.7,0,0,0.4,2.2,0.1,1.8,265.4
17,29,1,2,0.9,0.2,0,0,0.1,0.9,0,0.7,80.4
17,61,1,3.5,1.6,0.4,0,0,0.1,1.6,0.1,1.6,162.7
17,102,2,8,3.4,0.8,0.2,0.2,0.2,3.2,0.4,2.6,377.2
17,11,1,2,0.9,0.2,0,0,0,0.9,0.1,0.8,84.5
17,3,1,1,0.5,0.2,0,0,0,0.5,0.1,0.5,54.3
17,46,1,5,2.4,1,0.1,0,0,2.4,0.2,2.3,295.9
17,23,1,7,2.8,0.7,0.2,0.2,0.4,2.6,0.4,2.2,334.2
43,78,2,14,6.3,2.1,0,0,0.3,6.3,1.7,4.9,614.3
43,98,3,18,11.2,5.9,0.1,1.7,0,9.5,1.7,9.8,1572.8
43,31,2,12,5.1,2.1,0.7,0,0.5,5.1,1.1,4.5,586.6
43,79,4,21,9.3,2,0.3,0.3,0.9,9,1.4,7.8,992.9
43,2,2,14,5.5,1.4,0.2,0.1,0.2,5.4,0.6,5.1,588.5
43,56,1,6,2.8,1.3,0.3,0,0.5,2.8,0.8,1.5,263.2
43,20,2,5,2,0.5,0.1,0,0.2,2,0.3,2,227.7
43,88,2,8,3.3,0.8,0.1,0,0.3,3.3,0.1,2.8,424.9
43,12,1,2,0.8,0.2,0.1,0,0,0.8,0.1,0.8,99.9
43,69,0,159.5,85,33,0,23,5,62,9,58,7172
43,47,2,15,6.5,1.4,0.5,0,0,6.5,0.5,3.7,737.8
43,5,3,25,9.6,2.5,1.2,0,0,9.6,1.6,7.9,1073.4
43,52,2,70,20,2.9,4.5,0,1.3,20,4.9,16.6,2169.2
43,43,4,37,14.5,2.1,0.8,0,0,14.5,0.8,13.2,1610.3
43,57,1,3,1.4,0.3,0,0,0.2,1.4,0.1,1.1,141.5
43,13,2,10,4,1.2,0.6,0,0.2,4,0.6,3.8,499.6
43,75,1,133.5,57.6,15,3.4,0,4.4,57.6,8.2,42.9,5811.1
43,6,1,14,5.4,1.4,0.7,0,0,5.4,0.9,4.4,601.1
43,82,3,11,4.1,0.3,0,0,0.5,4.1,0.3,3.3,477.4
43,99,1,81,51.9,30.6,1,34.6,3.3,17.3,4.8,35.1,3650.5
43,87,3,8,3.3,0.8,0.1,0,0.3,3.3,0.1,2.8,424.8
43,42,2,43,16.7,2.3,1,0,0,16.7,1,15.2,1871.5
43,36,1,2,0.9,0.2,0,0,0,0.9,0.1,0.7,89.3
43,86,2,10,4.1,1,0.4,0,0.3,4.1,0.3,3.6,474.8
43,81,1,2,0.9,0.2,0,0,0.1,0.9,0.1,0.7,94.6
43,76,2,135,50.2,10.1,7.1,0,4.8,50.2,4.2,39.4,4984.6
43,67,1,169,77.7,33.1,6.7,9.7,3.4,68,7.7,51.4,7487.6
43,33,3,16.5,7,2.9,1,0,0.8,7,1.7,6.2,811.8
43,16,1,4,1.5,0.5,0.1,0,0.1,1.5,0.3,1.4,172.9
43,95,4,17,8.3,2.3,0.2,1.4,0,6.9,0.5,7,1018.8
43,54,1,1,0.5,0.2,0,0,0.1,0.5,0.1,0.3,43.9
43,91,2,12,5.4,1.5,0.1,0,0,5.4,1,4.8,603.9
43,102,3,52,34.7,20.7,0.3,9.5,2.1,25.2,6.4,27.3,3305.1
43,70,2,17,7.1,2,0.4,0,0,7.1,0.7,6.8,800
43,73,1,64.5,25.1,2.6,0,1,5.1,24.1,5.3,4.6,2302.1
43,80,1,2,0.9,0.2,0,0,0.1,0.9,0.1,0.7,94.6
43,3,1,11,4.3,1.1,0.2,0.1,0.2,4.2,0.5,4,462.4
43,61,1,7,4.1,1.8,0,0.3,0.6,3.8,0.3,3.2,317.9
43,100,0,81,51,33,1,33,3,18,8,26,3920
43,96,2,33,19.3,8.1,0.2,1.2,1,18.1,1.8,17.3,2564.2
43,94,3,16,7.9,2.2,0.1,1.4,0,6.5,0.5,6.7,959
43,53,2,79,27.8,8.5,6.6,0,2.5,27.8,1.5,19.7,2848.1
43,65,2,6,2.5,0.6,0.1,0,0,2.5,0.1,2.4,282.5
43,30,2,3,1.3,0.4,0.1,0,0,1.3,0,1.2,136.1
43,71,3,31,15.2,4.3,0.2,0,0.4,15.2,2,12.1,1699.4
43,0,1,7,3,0.9,0.2,0.4,0.1,2.6,0.4,2.4,337.9
43,97,2,15,9.4,4.9,0.2,1.4,0,8,1.3,8.1,1310.6
43,85,1,2,0.8,0.2,0.1,0,0.1,0.8,0.1,0.7,87.5
43,60,1,4,2.3,1,0,0.2,0.3,2.1,0.2,1.8,181.7
43,64,2,11,4.6,1.1,0.2,0,0,4.6,0.2,4.4,517.9
43,84,2,16,6.5,1.5,0.7,0,0.6,6.5,0.4,5.8,699.7
43,44,2,11,5.5,2,0.3,0.9,1.1,4.6,0.9,3.8,622.9
43,72,2,15,7.7,2.2,0,0,0.2,7.7,1.1,5.9,862.7
43,92,1,7,3.1,0.8,0.1,0,0.6,3.1,0.2,2.6,419
43,90,1,2,0.9,0.3,0,0,0,0.9,0.2,0.8,100.7
43,17,1,2,0.8,0.2,0.1,0,0,0.8,0.1,0.7,86.5
43,68,1,160,74.8,26.1,4.4,14.3,7.2,60.5,5.4,51.2,6959.3
43,26,1,4,1.9,0.4,0,0,0.4,1.9,0.1,1.8,193
43,63,2,15,6.6,1.8,0.6,0,1.2,6.6,0.6,6,712.8
43,74,1,16,7.4,2.6,0.2,0,0.9,7.4,1.4,4.4,734.1
43,1,1,4,1.6,0.4,0.1,0,0.1,1.6,0.2,1.4,168.2
43,101,2,121,76.1,43.4,1,31.4,4.8,44.7,11.2,45.9,6271.5
43,27,1,1,0.5,0.1,0,0,0.1,0.5,0,0.4,48.3
43,77,2,9,4,1.3,0,0,0.3,4,1.2,3.2,394.8
43,66,1,16,6.5,2.4,0.8,3.1,0.5,3.4,0.8,2.7,572.1
43,93,2,9.5,4.3,1,0.2,0,0.7,4.3,0.3,3.5,568.6
43,103,1,5,2.9,1.2,0.1,0.6,0.2,2.3,0.4,2.6,301.5
43,34,4,49,21.2,7.7,0.9,0,0.9,21.2,2.9,18.3,1770.6
43,58,1,5,2.3,0.5,0,0,0.3,2.3,0.1,1.8,235.8
113,40,0,281.5,88,11,14,0,11,88,7,71,8743
113,35,1,11,4,0.7,0.4,0,0,4,0.7,3.7,385.4
113,17,4,21,7.8,1.2,0,0,0.9,7.8,0.9,7.4,996.1
113,64,1,13,4.9,1.1,0.2,0,0.6,4.9,0.9,4.3,536
113,47,1,157,62.1,20.4,6.2,3.7,10.3,58.4,9.5,46.1,5352.7
113,32,2,5,2.2,0.5,0.1,0,0.1,2.2,0.3,2,227.7
113,21,1,6,2.2,0.6,0,0,0,2.2,0.4,2.1,251.4
113,102,2,6,2.2,0.4,0.1,0,0.1,2.2,0.4,1.7,245.5
113,10,2,21,7.6,2.1,1,0,0.7,7.6,0,6.8,906.9
113,88,2,3,1.7,0.9,0,0.5,0.1,1.2,0.4,1.4,154
113,38,4,25,12.5,4.6,0.4,0,0.4,12.5,1.4,10.3,1329.9
113,105,4,35,16.8,7.3,1.4,0,0,16.8,0.7,14.8,2029.3
113,22,2,7,2.6,0.7,0,0,0,2.6,0.5,2.5,293.3
113,106,1,5,2.4,1.1,0.2,0,0,2.4,0.1,2.1,289.9
113,48,3,34,15.8,7.4,0.5,2.2,1.1,13.6,1.6,9.4,1522.9
113,100,1,8,3.2,0.4,0,0,0,3.2,0.4,3,423.1
113,67,2,38,14,3.3,2.4,0,0.7,14,1.7,12.3,1417.6
113,75,2,21,8.1,1.6,0.9,0,1.4,8.1,0.9,6.3,847.3
113,68,1,3,1.1,0.3,0.2,0,0.1,1.1,0.1,1,111.9
113,52,2,4,1.6,0.5,0.1,0,0.3,1.6,0.2,1.5,167
113,8,1,3,1.4,0.6,0,0,0.1,1.4,0.4,1,154.9
113,99,2,5,2,0.3,0,0,0,2,0.3,1.9,264.5
113,51,3,34,14.3,4.2,1.2,0.5,2,13.8,1.8,12.1,1442.2
113,46,1,54.5,21.7,7.2,3.2,0.6,3.3,21.1,2.5,16.8,2013.9
113,36,3,8,3.4,0.9,0.3,0,0.1,3.4,0.4,3,353
113,73,3,58,23.2,4,0.9,0,0.6,23.2,2.4,17.7,2414.3
113,70,1,18,7.2,1.2,0.3,0,0.2,7.2,0.8,5.5,749.3
113,39,1,207,94.5,36.5,5.1,19,10.3,75.5,19.6,61.9,8842.4
113,54,1,6,2.2,0.3,0.1,0,0.2,2.2,0,2,197
113,49,2,13,6,2.2,0.5,0,0,6,1,5.2,616.4
113,76,1,124,49.1,11.6,6.3,1,3.5,48.1,4.3,36.4,5273.8
113,78,4,21,8.7,2.1,0.8,0.3,0.7,8.4,0.7,7.6,897
113,25,2,180,68.5,17.3,8.2,2.2,6.1,66.3,7.4,46.8,6328.9
113,77,2,45.5,19.9,5.7,1.3,0.1,2.3,19.8,0.3,17.5,2290
113,58,0,299.5,111,24,10,0,9,111,14,91,10906
113,103,1,1,0.4,0.1,0,0,0,0.4,0.1,0.3,40.9
113,96,2,6,2.5,0.3,0,0.1,0.1,2.4,0.1,2.2,377.7
113,94,1,9,4.4,1,0,0.2,0.2,4.2,0.4,3.8,758.5
113,59,3,51,18.3,1.8,2.7,0,0,18.3,0.9,16.5,2020
113,19,1,3,1.5,0.5,0,0,0.1,1.5,0,0.8,140.9
113,93,1,2,0.7,0.1,0.1,0,0,0.7,0,0.6,90
113,57,2,95.5,45.4,17.6,2.2,0,3.4,45.4,2.8,28,4001.3
113,41,2,4,1.8,0.5,0.1,0,0,1.8,0.2,1.6,186.2
113,91,1,2,0.7,0.1,0.1,0,0,0.7,0,0.6,90
113,15,1,3,0.9,0.1,0.1,0,0,0.9,0.1,0.9,101.3
113,101,2,32,11.6,1.9,0.7,0,0.7,11.6,1.9,8.6,1309.8
113,0,1,3,1.2,0.2,0,0,0.1,1.2,0.1,1.1,136.6
113,14,2,34,10.6,0.9,1.4,0,0,10.6,1.4,10.1,1147.8
113,29,2,9,4,0.8,0.2,0,0.2,4,0.6,3.6,409.9
113,61,1,8,2.7,0.5,0.5,0,0.3,2.7,0.3,2.6,316.1
113,24,1,6,2.2,0.4,0.1,0.1,0.4,2.1,0.1,1.6,212.3
113,28,1,2,0.6,0.1,0.1,0,0,0.6,0,0.6,67.9
113,16,1,4,1.5,0.2,0,0,0.2,1.5,0.2,1.4,189.7
113,26,0,98,40,12,5,16,6,24,9,19,3404
113,53,1,5,2.1,0.6,0.2,0.1,0.3,2,0.2,1.8,208.8
113,23,1,2,0.8,0.2,0,0,0,0.8,0.2,0.7,83.8
113,43,1,1,0.4,0.1,0.1,0,0,0.4,0.1,0.3,37
113,11,2,22,8,2.2,1.1,0,0.8,8,0,7.1,950.1
14,20,1,93,40.9,16.7,4.2,3,4.7,37.9,9.5,28.9,4039.7
14,80,1,8,2.8,0.5,0.3,0,0.3,2.8,0.8,2,353.5
14,97,1,3,1.3,0.4,0.1,0,0,1.3,0.3,0.9,148.1
14,91,1,1,0.4,0.1,0,0,0.1,0.4,0,0.4,53.1
14,39,2,14,6.5,3.3,0.4,0,0.2,6.5,1.9,4.8,624.6
14,81,1,1,0.3,0.1,0,0,0,0.3,0.1,0.3,44.2
14,2,1,6,3.1,1.3,0,0,0.2,3.1,0.5,3,325.7
14,87,2,20,7.9,1.7,0.4,0.3,0.4,7.6,1,6.4,835.3
14,16,1,2,0.8,0.2,0.1,0,0.1,0.8,0.1,0.7,83.6
14,49,3,25,9.5,1,1.6,0,1.6,9.5,0,8.5,1009.5
14,25,2,3,1,0.2,0.1,0,0.1,1,0.2,0.8,109.8
14,70,1,2,0.8,0.1,0.1,0,0.1,0.8,0.1,0.6,82.2
14,48,1,13,6.3,2.5,0.3,0,0,6.3,0.6,6,769.2
14,19,2,36,15.7,3.9,1.2,1,1.9,14.7,2.6,10.4,1494.5
14,17,2,6,2.3,0.5,0.2,0,0.3,2.3,0.3,2.1,250.8
14,104,2,2,1,0.2,0,0,0.2,1,0.2,0.8,103.2
14,74,4,26,10.2,3.7,1.3,0,0.4,10.2,0.4,8.4,1007.1
14,1,1,8,4.1,1.7,0,0,0.3,4.1,0.7,4,434.3
14,75,1,2,0.8,0.3,0.1,0,0,0.8,0,0.6,77.5
14,78,1,3,1.6,0.6,0,0,0,1.6,0,1.3,189.7
14,7,1,3,1.1,0.2,0.2,0,0,1.1,0.2,1.1,124.3
14,0,2,4,2.1,0.8,0,0,0.1,2.1,0.4,2,217.2
14,26,2,5,2,0.6,0.2,0.1,0,1.9,0.3,1.6,226.6
14,24,1,9,3.1,0.5,0.3,0,0.3,3.1,0.7,2.5,329.4
14,6,2,13,4.8,0.9,0.7,0,0,4.8,0.7,4.6,538.8
14,21,1,11.5,4.8,1.1,0.3,0,1.1,4.8,0.8,3.1,475.9
14,72,2,7,3,0.5,0,0,0.4,3,0.7,2.4,300.8
14,84,1,6,2.4,0.7,0.1,0,0.5,2.4,0.3,1.7,244.6
14,38,1,2,0.9,0.2,0.1,0,0,0.9,0.1,0.8,104.1
14,53,2,12,3.8,0.4,0.6,0,0.2,3.8,0.6,3.2,463.8
14,101,1,24,9.8,2,0.8,0,2,9.8,1.8,6.2,1129
14,15,1,4,1.5,0.3,0.1,0,0.2,1.5,0.2,1.4,167.2
14,100,3,15.5,7.3,2.4,0.3,0,0,7.3,2,5.7,662.2
14,79,1,4,1.4,0.3,0.1,0,0.1,1.4,0.4,1,176.8
14,18,1,5,1.9,0.4,0.2,0,0.2,1.9,0.3,1.8,209
14,73,3,29,12.1,2.2,0,0,1.6,12.1,2.8,10,1246.2
14,99,3,16,7.5,2.5,0.3,0,0,7.5,2.2,5.8,683.5
14,71,1,4,1.7,0.3,0,0,0.2,1.7,0.4,1.4,171.9
14,27,2,5,2,0.6,0.2,0.1,0,1.9,0.2,1.6,237.5
14,103,4,18,7.3,1.6,0.5,0,1.6,7.3,1.4,4.7,846.7
14,88,1,16,6.3,1.4,0.4,0.2,0.4,6.1,0.8,5.1,668.3
14,37,1,7,3.2,0.7,0.2,0,0,3.2,0.5,2.7,364.5
14,90,1,3,1.3,0.4,0,0,0.2,1.3,0.1,1.1,159.2
14,34,2,10,3.9,1.1,0.3,0,0.4,3.9,0.7,2.8,393.6
14,95,1,1,0.6,0.2,0,0,0.1,0.6,0.1,0.5,52.8
14,92,1,2,0.9,0.3,0,0,0.1,0.9,0,0.7,106.1
14,82,1,5,1.5,0.2,0.4,0,0.1,1.5,0.2,1.5,207
14,102,1,27,13.6,4.3,1.1,0,1.3,13.6,0.3,13,1304.2
14,14,1,1,0.4,0.1,0,0,0,0.4,0.1,0.4,41.8
14,77,2,2,1,0.4,0,0,0,1,0,0.8,126.4
14,93,1,1,0.4,0.1,0,0,0.1,0.4,0,0.4,53.1
7,35,3,9,3.5,0.3,0.3,0,0.6,3.5,0.6,2.8,429.2
7,44,1,1,0.4,0.1,0,0,0,0.4,0.1,0.4,45.3
7,54,1,6,2.2,0.4,0.3,0,0.1,2.2,0.1,1.6,198.6
7,2,1,4,2,1.1,0.2,0.1,0,1.9,0.2,1.8,203.5
7,87,1,4,1.7,0.6,0.2,0.1,0.1,1.6,0.1,1.5,162.6
7,55,2,3,1.1,0.2,0.1,0,0,1.1,0,0.8,99.3
7,80,2,70,27.5,5.7,2.5,3,2,24.5,0.5,20.1,2822.8
7,31,1,7,2.6,0.5,0.3,0,0.1,2.6,0.1,2.2,282.6
7,52,1,3,1.1,0.2,0.1,0,0.1,1.1,0.1,0.9,121.9
7,89,0,180.5,72,25,7,3,4,69,6,56,6807
7,81,1,39,14.2,1.3,1.1,0,2,14.2,2.1,12.1,1421.5
7,36,3,5,2,0.3,0.2,0,0.2,2,0.3,1.5,224.1
7,11,2,13,4.4,0.7,0.7,0,0.8,4.4,0.5,3.1,467.3
7,107,2,61,29.2,7.8,0.3,0.2,2.5,29,1.8,21.9,3327
7,99,2,4,1.9,0.8,0.1,0.3,0.1,1.6,0.5,1.5,185.6
7,17,1,7,3.7,1.7,0,0.4,0.3,3.3,0.7,3.2,350.7
7,59,4,15,7,1.5,0,0,0.3,7,0.3,6.2,842.5
7,105,0,140,71,25,1,0,3,71,3,60,7678
7,40,3,28,11.2,2.9,0.4,0.5,1.1,10.7,1.5,8.9,1342.9
7,16,2,5,2.4,1.1,0.2,0.1,0.1,2.3,0.5,2.1,254.7
7,21,2,8,3.5,1,0,0,0.2,3.5,0.7,2.4,336.2
7,25,1,8,3.7,1.4,0,0,0.4,3.7,0.2,2.5,341.1
7,13,2,11,3.7,0.6,0.6,0,0.7,3.7,0.4,2.6,395.4
7,104,1,140,72,25.3,0,0,12,72,9.2,60,6593
7,37,3,11,4.1,1.3,0.5,0,0,4.1,1.1,3.3,366.8
7,56,1,8,2.9,0.6,0.4,0,0.2,2.9,0.2,2.1,264.8
7,86,1,2,0.9,0.3,0.1,0,0,0.9,0.2,0.8,95
7,5,2,6,2.7,0.9,0.3,0,0,2.7,0.7,2.7,291.1
7,90,3,15,5.4,0.8,0.2,0,0.2,5.4,0.6,5.2,561.2
7,4,1,2,0.9,0.3,0.1,0,0,0.9,0.2,0.9,97
7,6,2,21,9.6,3,0.9,0,0,9.6,2.7,9.2,1018.9
7,32,3,9,3.3,0.6,0.4,0,0.2,3.3,0.2,2.8,363.3
7,28,1,1,0.5,0.2,0,0,0,0.5,0,0.3,42.6
7,9,1,6,2.8,1,0.2,0,0.2,2.8,0.8,2.8,263.5
7,51,1,10,3.8,0.8,0.3,0,0.2,3.8,0.2,3,406.4
7,98,3,20,8.9,2.2,0.5,0,1.3,8.9,1.3,8.9,1159.5
7,42,3,12,4.3,0.5,0.5,0,0.2,4.3,0.4,3.6,478
7,39,2,4,1.6,0.4,0,0,0.1,1.6,0.3,1.3,191.9
7,82,2,6,2.6,0.4,0,0,0.2,2.6,0.2,2.4,279.2
7,58,2,5,2.4,1,0,0,0,2.4,0.4,1.9,223.4
7,94,3,13,5.2,1.3,0.3,0,0.5,5.2,0.8,5.2,550.7
7,38,2,14,5.2,1.6,0.7,0,0,5.2,1.3,4.2,466.9
7,14,4,28,12.7,5.5,1.8,0,0,12.7,2.8,10.8,1441.6
7,106,0,116,62,19,0,1,3,61,6,56,7207
7,75,1,4,1.4,0.4,0.2,0,0,1.4,0.1,1.3,173.4
7,101,2,12,5.7,2.4,0.5,0.7,0.2,5,1.7,4.6,556.8
7,60,3,15,7,1.5,0,0,0.4,7,0.4,6.2,842.6
7,34,2,6,2.3,0.2,0.2,0,0.3,2.3,0.3,1.9,286.1
7,10,3,6,2.8,1,0.2,0,0.2,2.8,0.7,2.8,263.5
7,76,1,5,1.8,0.5,0.3,0,0,1.8,0.1,1.7,216.8
7,33,1,13,4.8,0.9,0.6,0,0.2,4.8,0.2,4.1,524.8
7,24,1,2,0.9,0.3,0,0,0.1,0.9,0,0.6,85.3
7,88,2,91,40.4,12.1,3.5,4.3,9.2,36.1,4.3,32.9,3712.1
7,100,4,10,4.7,2,0.3,0.6,0.1,4.1,1.4,3.9,464
7,62,1,1,0.5,0.1,0,0,0,0.5,0,0.4,56.2
7,47,1,10,4.3,1.5,0.2,0.2,0.2,4.1,0.5,3.5,424.2
7,41,2,29,11,2.2,0.8,0.2,0.9,10.8,1.3,8.9,1281.1
7,77,1,9,3.2,0.9,0.5,0,0,3.2,0.2,3,390.2
7,12,1,2,0.7,0.1,0.1,0,0.1,0.7,0.1,0.5,71.9
7,93,3,17,6.6,1.5,0.8,0.3,0.3,6.3,0.2,6,701.8
7,83,3,9,4,0.5,0,0,0.4,4,0.4,3.6,418.9
7,0,1,1,0.5,0.3,0,0,0,0.5,0,0.4,50.9
7,72,0,29,11,3,1,0,0,11,1,9,986
7,108,2,18,8.5,2.6,0.4,0.3,0.6,8.2,1.1,6.8,1009.3
7,73,2,44,13.9,1.5,1.4,1,1.1,12.9,1.3,12.6,1620.7
7,22,1,4,1.8,0.5,0,0,0.1,1.8,0.3,1.2,168.1
7,92,4,30,11.6,2.7,1.4,0.6,0.7,11,0.2,10.8,1238.5
7,48,2,29,12.5,4.3,0.6,0.6,0.6,11.9,1.3,10.2,1230.2
7,50,1,6,2,0.3,0.3,0,0.1,2,0.1,1.6,225.7
7,95,1,1,0.4,0.1,0,0,0,0.4,0.1,0.4,42.4
7,109,1,4,1.9,0.6,0.1,0,0.3,1.9,0.2,1.5,230.5
7,102,1,2,0.9,0.3,0,0,0,0.9,0.1,0.8,92.5
7,29,1,2,0.9,0.1,0.1,0,0.1,0.9,0,0.6,94.9
7,91,1,5,1.9,0.4,0.2,0.1,0.1,1.8,0,1.8,206.4
7,70,1,5,2,0.5,0.1,0,0.1,2,0,1.7,216.6
