x,y,ind2015,imp2015,ind2017,imp2017,ind2019,imp2019,ind2021,imp2021
0,0,4,1,3,1,3,1,3,1
0,1,9,3,8,3,8,3,7,3
0,2,14,7,19,7,16,5,13,5
0,3,8,1,9,1,8,1,8,1
0,4,13,4,12,4,8,4,7,4
0,5,4,1,4,1,4,1,3,1
0,6,253.5,19,289,18,304.5,20,334,15
0,7,134,15,143,17,144,17,145.5,17
0,8,32,10,32,10,33,10,32,10
0,9,22,11,26,12,27.5,12,26,13
0,10,116,23,101.5,21,103.5,21,103.5,21
0,11,679,24,694,22,692.5,23,711.5,22
0,12,294,20,293.5,20,287.5,23,291.5,22
0,13,149,21,158,21,159,21,184.5,20
0,14,83,22,84.5,20,81,22,93.5,24
0,15,37,14,39,11,42.5,14,43,14
0,16,332.5,38,366,37,373,40,343,40
0,17,39,5,46,5,40,6,47,5
0,18,54,7,57,6,58,7,64,8
0,19,12,4,11,4,11,4,11,4
0,20,46,8,46,8,54,8,44,8
0,21,20,4,16,3,18,3,17,3
0,22,227.5,9,243.5,9,279,8,281,8
0,28,316,17,308,19,383.5,17,388.5,17
0,29,9,3,4,2,5,2,5,2
0,30,205,17,199.5,16,196.5,15,182.5,16
0,31,122.5,8,127,9,134.5,7,129,6
0,32,319.5,11,335,11,386,10,436.5,10
0,33,1471.5,17,1452,19,1566,17,1577,18
0,34,1422,28,1406,29,1459.5,30,1493.5,28
0,35,2549,21,2533.5,20,2556,20,2546,17
0,36,161.5,14,165,13,158,14,162,13
0,37,1,1,1,1,1,1,1,1
0,38,59,5,62.5,6,46,5,47,7
0,39,1839.5,25,1907.5,23,1873,22,1876,23
0,40,17,4,16,4,16,4,9,2
0,56,,,1,1,1,1,,
0,57,1334.5,5,1416.5,5,1480.5,2,1462,3
0,65,20.5,6,19.5,6,19,6,19,7
0,67,958,11,952.5,13,947,12,912.5,13
0,68,229.5,4,226,4,228,5,252,4
0,69,6,3,6,3,4,2,4,2
0,70,224,13,239,13,246,13,249.5,12
0,71,115.5,11,108.5,12,118,12,133,12
0,72,31,8,31,8,26,8,17,8
0,73,28,8,23,8,26,9,22,7
0,74,300,20,283.5,20,282.5,21,282,21
0,75,50.5,7,54.5,7,52.5,7,57.5,7
0,76,63,6,66.5,5,65,5,73,4
0,77,173,25,183,23,201,24,197.5,24
0,78,365.5,25,353,24,361,25,381,25
0,79,84.5,6,63,6,68.5,5,78,6
0,80,145,11,135,9,137,10,136.5,10
0,81,1636,28,1693,29,1759.5,28,1789.5,27
0,82,37,9,30,9,25,8,29,8
0,83,91,14,98.5,14,98.5,14,89,14
0,84,89,14,83,13,88,14,83.5,14
0,85,91,18,81,17,80,17,76.5,18
0,86,22,4,26,4,25,4,21.5,4
0,87,123,25,135,25,133,25,137.5,25
0,88,282,21,294,22,356.5,24,437.5,23
0,89,106,25,115,25,116,26,119,27
0,90,79,15,79,14,77,15,82,14
0,91,74,14,69,13,64,13,71,13
0,92,34,8,32,8,33,8,32.5,8
0,93,113,14,110,14,105,17,114,17
0,94,1473,30,1515,29,1533.5,28,1632,28
0,95,107,12,122,15,112,14,118,14
0,96,55,10,53,10,48.5,9,48,9
0,97,42,10,44,10,47,11,49,11
0,98,107.5,20,120,19,124,19,121.5,18
0,99,2292.5,21,2295.5,21,2340.5,21,2273.5,21
0,100,162.5,18,164,18,159,20,154,19
0,101,87,14,90,14,92.5,14,95.5,14
0,102,50,11,42,11,38,12,42,12
0,103,116,15,112,15,118,16,119,15
0,104,76,9,83,10,83,10,81,10
0,105,164,13,166,14,168,15,171.5,14
0,106,160.5,16,150,16,160,15,149,16
0,107,292.5,29,288.5,28,296.5,26,280.5,26
0,108,1006.5,30,995,28,1005.5,31,1034.5,31
0,109,468.5,26,652.5,25,721.5,24,738.5,23
0,110,517,30,535,30,549.5,30,492,23
0,111,1166.5,44,1198,45,1250.5,41,1347.5,42
0,112,647,29,641.5,27,651,27,657.5,28
0,113,999.5,33,994,33,1035.5,36,1059,30
0,114,1578,47,1584.5,47,1674,44,1683,41
0,115,2739,40,2798.5,40,2889,40,2934,40
0,116,1464,21,1442.5,21,1567.5,21,1623.5,18
0,117,423.5,30,426.5,30,439,33,437.5,33
0,118,2608.5,24,2710.5,23,2884,23,2852.5,23
0,119,3788.5,30,3887.5,27,3962,28,3898.5,27
0,120,467,29,472,31,471.5,30,458.5,29
0,121,1177,28,1148,27,1155,28,1174.5,26
0,122,492.5,48,471,50,525.5,54,510.5,54
0,123,163,32,164.5,31,154.5,31,145.5,30
0,124,76,7,80,6,82,5,75,5
0,126,29,4,34,4,32.5,3,32.5,4
0,127,389,26,403.5,27,395.5,28,378.5,27
1,1,11,5,9,5,9,5,9,5
1,2,7,3,13,5,13,5,12,5
1,4,8,2,9,2,10,3,10,3
1,5,173,19,177,18,176.5,19,158.5,18
1,6,53,9,53,9,53,8,42.5,9
1,8,86,18,72,18,73.5,15,81,15
1,9,36,10,32,10,30,9,33,10
1,10,47,12,46,14,47,13,45,13
1,11,12.5,6,10.5,5,12,5,14,5
1,12,25,6,23,6,22,6,23,7
1,13,240,30,246,32,248,32,273,30
1,14,418.5,47,447.5,49,441.5,46,459.5,48
1,15,923,60,970,58,909,56,963.5,55
1,16,338.5,44,372,44,362,45,358,46
1,17,223.5,28,227.5,28,228.5,30,246,31
1,18,485.5,35,507.5,33,511,31,542,31
1,19,3,1,3,1,2,1,1,1
1,22,1061,27,1098,27,1091.5,26,1091.5,25
1,23,58,9,50,10,42,9,44.5,9
1,27,698.5,28,719,28,672.5,29,713.5,28
1,28,1553,28,1591,27,1607.5,25,1611,24
1,29,899,16,913,16,950.5,17,962.5,17
1,30,212,10,210,10,201,7,214.5,7
1,31,125.5,12,144,12,192,11,254.5,12
1,32,1533,28,1594,24,1704,21,1777.5,22
1,33,1507,23,1548.5,21,1547.5,22,1697.5,20
1,34,39.5,8,39,8,46.5,7,43.5,7
1,36,6,2,5,2,2,1,4,1
1,37,476,17,495.5,17,520,17,499.5,15
1,38,731,34,746,34,747.5,32,710.5,32
1,39,1324.5,10,1303,10,1317,9,1334.5,10
1,48,136.5,6,134.5,5,124,5,114,5
1,49,63.5,10,60.5,12,56,11,50,12
1,56,1924.5,15,1927.5,14,1989.5,11,1988.5,10
1,57,7496.5,16,7587,15,7548.5,12,7862.5,12
1,58,1175.5,7,1148.5,6,1174.5,6,1192,6
1,59,151,10,149,10,145.5,10,157.5,10
1,63,3,2,3,2,2,1,2,1
1,66,17,4,16,4,16,4,14,3
1,67,519.5,9,537.5,9,525,9,506.5,10
1,68,659,13,683,13,678.5,13,682,13
1,69,6,2,6,2,5,2,5,2
1,70,6,2,6,2,6,2,7,2
1,71,51,4,46,6,63,5,63,4
1,72,53,14,48,13,47,13,47,11
1,73,395,28,402,29,287.5,27,391.5,29
1,74,310,16,319.5,14,414.5,15,336.5,14
1,75,166,10,159,9,140,11,133,11
1,76,75,10,76,10,82,10,84,11
1,77,173,19,183,19,184,19,187,20
1,78,23,7,21,7,17,6,19,7
1,79,288.5,19,318,18,280,19,285,17
1,80,529,18,531,17,555,17,566,15
1,81,112.5,16,115.5,17,102,18,96,19
1,82,137.5,18,125,18,138,17,144.5,17
1,83,92,14,95,12,102,12,103,13
1,84,77,12,70,12,83,12,82,12
1,85,1848.5,16,1908,17,1931,16,1973,17
1,86,74.5,13,116.5,12,185,11,225,11
1,87,1306,25,1338.5,24,1319.5,23,1311.5,23
1,88,2625.5,16,2654,20,2712,19,2667,18
1,89,79,17,82,19,76,18,72,17
1,90,49,10,46,10,47,10,46,11
1,91,38,10,36,10,30,9,31,8
1,92,690.5,24,736.5,23,768.5,23,803.5,22
1,93,104.5,20,100.5,20,102,22,115,23
1,94,75,14,88,14,92.5,13,96,14
1,95,887,18,910.5,19,920,19,929.5,19
1,96,149.5,15,149.5,15,151.5,15,145.5,15
1,97,107,15,114,15,116,15,113,15
1,98,236.5,25,244.5,25,272,27,275.5,26
1,99,473.5,20,547,21,615.5,20,637,19
1,100,56,16,57,17,57,15,52,16
1,101,199,18,212.5,18,207,18,213.5,18
1,102,133.5,16,131,16,123,16,122.5,17
1,103,86,17,95,17,95.5,15,97,15
1,104,91,13,99,13,92,13,86.5,11
1,105,131.5,20,127.5,20,123,19,127,20
1,106,171,19,174,19,184,19,196,19
1,107,1360.5,21,1369,19,1359.5,20,1363.5,20
1,108,1854,31,1908,30,1948,29,1899,28
1,109,1208.5,26,1230,25,1237,26,1245.5,27
1,110,272,23,274,21,272,22,293,23
1,111,628.5,25,627.5,26,628,23,659.5,25
1,112,1625,31,1717,33,1665,32,1676.5,33
1,113,1161,40,1158,40,1135,38,1153.5,38
1,114,948.5,39,1012,40,1043,38,1064,39
1,115,1872.5,40,1924,37,2044.5,37,2053,38
1,116,432.5,37,445,37,448,39,453,39
1,117,660.5,35,649.5,34,646.5,35,635,33
1,118,940,22,923.5,22,933.5,22,946.5,22
1,119,6035,22,6523.5,20,6889,19,6940.5,20
1,120,683,42,708.5,43,688.5,43,729,43
1,121,633.5,26,635,27,661.5,24,706,25
1,122,533.5,46,556.5,45,604,46,584,47
1,123,442,33,479,34,509,32,488.5,34
1,124,243.5,32,239.5,32,239.5,30,243.5,30
1,125,137,13,138,13,122.5,12,132,12
1,126,1773.5,29,1776,28,1949,25,1956,27
1,127,610.5,26,639.5,26,627,26,610,26
2,3,3,1,3,1,3,1,3,1
2,4,6,3,6,3,8,3,8,3
2,5,3,1,4,1,4,1,5,1
2,6,18,8,22,9,21,8,19,9
2,7,3,2,3,2,2,1,3,2
2,8,90,23,95,23,95,23,79,24
2,9,92,16,99.5,17,105.5,17,97.5,16
2,10,164,15,165,15,166.5,15,181,18
2,11,176.5,24,165.5,24,161,22,166.5,23
2,12,299,36,293.5,38,277,40,289.5,39
2,13,3,1,3,1,3,1,3,1
2,14,24,6,25.5,6,16.5,6,21,6
2,15,187.5,9,191,9,178.5,11,192.5,11
2,16,156,20,133,18,132,20,154,21
2,17,26,6,33,9,31,7,26,8
2,18,9,3,9,2,8,3,8,3
2,22,4,1,,,,,,
2,26,1006,10,992,10,1007,10,980.5,10
2,27,3373,18,3369,19,3494.5,20,3772.5,16
2,28,2027.5,29,2079,29,2145.5,29,2266,24
2,29,266,15,283,17,265,17,282,17
2,30,1262,32,1300,32,1348,31,1426,27
2,31,107.5,13,115.5,15,104,12,109,13
2,32,1233,27,1234.5,31,1321,29,1367.5,28
2,33,13,3,14,3,15,4,32.5,5
2,37,2539.5,26,2492.5,25,2487,26,2409,26
2,38,1625,18,1667,18,1691.5,17,1676,18
2,39,206,4,221,4,218.5,4,218,3
2,55,3191,10,3324,8,3444,9,3557.5,7
2,56,9805,7,10007.5,7,10126,6,10216.5,6
2,57,14201,10,14333,9,14498,10,14632,12
2,58,2692,31,2700,32,2693.5,29,2820,29
2,59,2943,16,2969,15,2974.5,17,2925,17
2,60,6,2,6,2,4,2,6,3
2,63,5,1,,,,,,
2,67,4,1,6,1,6,2,6,2
2,68,59,7,54,6,57,7,57,6
2,69,7,2,7,2,7,2,5,2
2,70,13,3,13.5,3,11,3,12,3
2,71,4,2,3,2,3,2,3,2
2,72,2,2,5,2,5,2,5,2
2,73,664,29,686.5,26,732.5,27,751.5,22
2,74,90,12,97,13,99,14,94,14
2,75,20,4,21,4,23,4,24,4
2,76,224.5,19,238.5,20,235.5,17,256.5,18
2,77,167.5,10,173.5,10,172.5,11,170,11
2,78,239,20,248.5,19,261.5,18,261.5,16
2,79,156,24,151,23,155,23,146,24
2,80,53,16,50,14,58,16,72,16
2,81,57,6,56,7,56,7,56,8
2,82,52,12,56.5,13,62,13,65,13
2,83,123,10,121,10,126.5,9,125,10
2,84,47,11,41,11,37.5,12,39,13
2,85,1033.5,26,1038.5,26,1038,25,1029,26
2,86,68,11,66,11,68,11,60,11
2,87,63,12,60,12,74,13,73,13
2,88,161,20,161,19,170,20,170.5,19
2,89,18,6,17,6,17,5,17,5
2,90,658,15,671,15,690.5,13,671,13
2,91,190,11,190,11,186,12,210,15
2,92,221.5,17,225.5,19,235,17,244.5,17
2,93,91,16,86,16,88,16,90,16
2,94,202.5,15,222.5,13,218,14,228.5,15
2,95,29,4,32,4,39,4,43,4
2,96,59,4,57.5,4,55.5,4,58,4
2,97,1606,26,1637,24,1614,26,1709.5,24
2,98,152.5,12,149.5,13,148,13,151.5,13
2,99,183.5,14,168,14,180,14,178,14
2,100,84,10,117,10,121,10,120.5,10
2,101,1541,24,1565,25,1580.5,24,1596.5,24
2,102,1045.5,20,1125.5,21,1198.5,21,1210.5,22
2,103,321.5,20,328,21,362,18,420,18
2,104,267,12,256,12,232,13,236.5,11
2,105,69,9,73,9,69,9,59,9
2,106,148.5,13,143,13,156.5,15,178.5,14
2,107,350,29,340.5,29,340.5,30,341,32
2,108,312,15,317,15,276,17,281.5,17
2,109,686.5,28,739,28,768,28,810,27
2,110,380.5,19,388.5,19,391,19,404,19
2,111,485,20,506,20,481.5,18,493.5,18
2,112,862.5,29,859,29,882.5,28,891.5,26
2,113,1541,32,1573.5,31,1613.5,33,1648,32
2,114,423,31,400,33,381.5,29,384.5,29
2,115,180,15,191.5,18,183.5,18,195,18
2,116,276.5,25,266,25,273,22,285,24
2,117,663,49,776.5,48,949.5,45,1008.5,43
2,118,935,27,931,27,1000.5,26,996.5,25
2,119,490.5,14,494,11,503.5,12,504,13
2,120,290.5,29,336,29,334.5,30,318,29
2,121,171.5,28,177,28,175,28,171,27
2,122,389,46,375.5,46,394,48,415.5,47
2,123,347.5,33,338,33,402.5,32,398,30
2,124,679,45,722.5,44,801.5,45,840,42
2,125,457.5,29,454.5,29,440,27,436,28
2,126,681,24,685.5,24,719.5,22,705.5,22
2,127,171.5,17,160,17,159.5,15,155.5,15
3,2,17.5,5,11.5,4,11.5,5,11.5,5
3,5,5,2,2,1,5,2,6,2
3,6,33,9,27.5,9,27,9,35,8
3,7,254.5,35,265,36,253,36,253.5,36
3,8,409.5,35,391.5,33,410.5,33,405.5,33
3,9,400.5,57,416.5,54,436,51,427,56
3,10,226,28,239.5,27,237,31,239.5,30
3,11,465,25,468,24,491,24,490.5,24
3,12,231,14,242,11,236,16,232,13
3,13,5,2,6,2,7,3,7,3
3,14,121,19,121,18,115.5,20,116.5,20
3,15,71,11,81,11,80,10,89.5,12
3,16,8,2,9,2,5,2,2,1
3,17,6,2,10,3,7,2,7,2
3,18,5,1,8,1,4,1,6,1
3,26,7247,7,7431.5,7,7574.5,7,7567,7
3,27,5606,28,5767.5,25,5985.5,26,6324.5,25
3,28,863,29,884,30,920,30,922,32
3,29,278,23,329.5,23,328.5,24,325.5,24
3,30,1124,28,1156.5,29,1173,29,1199,29
3,31,210.5,22,215,22,216,20,198.5,19
3,32,531.5,18,504,20,546,22,530,22
3,33,30,2,34,2,39,2,36.5,3
3,35,63,3,58,3,49,3,53,4
3,36,470,13,462,13,444.5,13,441,12
3,37,82.5,17,76,16,73,18,71,19
3,38,8,4,9,4,10,4,8,4
3,39,457.5,13,471.5,13,443.5,13,459,13
3,40,147,3,154.5,3,159.5,2,147,2
3,44,211.5,10,216,11,218,11,224,10
3,46,468,2,470.5,2,460,2,446.5,2
3,47,209,8,223,7,244,7,245,10
3,53,229,11,234.5,11,231.5,10,218.5,10
3,54,623.5,9,599.5,9,584,10,597.5,9
3,55,6543.5,14,6876,13,7161,14,7189,13
3,56,13149,12,13550.5,13,13745.5,9,13789.5,6
3,57,8290,11,8542.5,9,9188,9,9407,10
3,58,2957.5,16,2993.5,16,3228.5,16,3251.5,17
3,59,2241,12,2292.5,12,2322,13,2297,12
3,60,253.5,8,257,8,265.5,8,284,8
3,66,7,2,1,1,1,1,1,1
3,67,7,2,7,2,12,3,10,3
3,68,9,3,10,4,8,4,8,4
3,69,886.5,21,896.5,21,877,21,905.5,19
3,70,3,2,3,2,3,2,5,3
3,71,8,2,9,2,9,2,9,2
3,73,938.5,36,956,34,938,34,942.5,34
3,74,589,15,560.5,14,556.5,14,559.5,14
3,75,356.5,8,358.5,8,357,8,372,8
3,76,36,4,36,4,35,4,35,5
3,77,1765,30,1759,32,1757.5,32,1781,33
3,78,252,20,266.5,20,255.5,18,258,19
3,79,141,12,138,12,142,14,140.5,14
3,80,161.5,15,166,16,168,13,181,14
3,81,111,18,96,18,101,19,98,17
3,82,609,17,638,17,653.5,17,681,16
3,83,44,13,49,12,51,13,56,13
3,84,364.5,21,372,21,364.5,22,371.5,21
3,85,23,6,23,6,22,6,24,6
3,86,11,3,12,3,12,4,12,4
3,87,54,7,55,8,53,8,51,8
3,88,11,2,6,2,8,2,12,2
3,89,129,20,136,21,126.5,21,110,21
3,90,90,13,86,13,85.5,13,79,12
3,91,46,12,49,11,39,11,41,11
3,92,43,12,42,9,46.5,11,51.5,11
3,93,112,18,112,16,109,16,118,16
3,94,1069,22,1031.5,21,1068,18,1151,19
3,95,49.5,9,52.5,9,46.5,9,43.5,9
3,96,74,16,64,15,67,16,64,16
3,97,156,19,143,19,144,19,130.5,20
3,98,28,5,30,6,31,5,32,5
3,99,304,25,292.5,24,286.5,24,295.5,24
3,100,548.5,21,561,20,553,20,544,22
3,101,780,19,775,21,779.5,20,800,20
3,102,4984,26,4942,27,5039.5,25,5102,24
3,103,1104,26,1102.5,27,1099,26,1102.5,25
3,104,1717.5,14,1812.5,13,1844,11,1820.5,12
3,105,151,21,172.5,22,160,17,156.5,18
3,106,204,21,204,20,219,19,209.5,19
3,107,247,16,249.5,16,257.5,16,250,17
3,108,1172,28,1155,29,1189.5,28,1199.5,27
3,109,395.5,23,395.5,22,398.5,24,409.5,24
3,110,648.5,19,655,19,646.5,18,658,17
3,111,1898.5,34,1933,35,2046.5,31,2067.5,32
3,112,663.5,24,678.5,24,701.5,20,734,22
3,113,1311.5,41,1326.5,40,1334.5,41,1300.5,39
3,114,162,14,163.5,14,166.5,14,173,14
3,115,232,19,249,19,261.5,20,267,20
3,116,954.5,27,982.5,27,1064,26,1033,25
3,117,1445.5,54,1483,53,1558,53,1572.5,51
3,118,1486.5,18,1492,19,1639.5,18,1663,18
3,119,630,41,665.5,40,649.5,39,650.5,41
3,120,2157.5,25,2145.5,25,2143.5,27,2162,25
3,121,969.5,49,990,49,957,51,985,50
3,122,165.5,23,159,22,159,23,151.5,23
3,123,240,31,240.5,31,228.5,32,224.5,31
3,124,2624,30,2701.5,32,2751,31,2756,31
3,125,258,30,246.5,30,248.5,30,249,30
3,126,116,11,116,11,116,10,113,12
3,127,177.5,17,180,19,175,19,175,19
4,1,11,3,11,3,11,3,11,3
4,2,1,1,1,1,1,1,1,1
4,3,14.5,5,17.5,5,20,5,15,5
4,4,5,1,5,1,4,1,3,1
4,5,18,7,17,7,17,7,16,7
4,6,270.5,24,249.5,25,267,25,267,25
4,7,501,43,504.5,42,517.5,40,551.5,36
4,8,2831,39,2750,41,2694,40,2662,39
4,9,545.5,19,562,20,568.5,24,606,21
4,10,12,4,15,4,14,4,13,4
4,11,6,1,6,1,5,1,5,1
4,12,7,2,7,2,2,1,3,1
4,13,128,14,117.5,12,124,14,124.5,15
4,14,312.5,30,303,27,326.5,29,311,29
4,15,23,6,26,7,28,7,29,7
4,23,13,3,16,3,11,2,13,4
4,24,274.5,13,295.5,13,294.5,13,315,14
4,25,3453.5,14,3471,13,3400,13,3556,15
4,26,4220.5,18,4236,18,4322.5,19,4499,19
4,27,334,13,331.5,13,352,12,347.5,12
4,28,1496,24,1554,25,1593,24,1633,26
4,29,675,8,720,8,726,8,726,8
4,30,240.5,12,229.5,11,236.5,11,252,10
4,31,613.5,5,617.5,4,618.5,4,608,4
4,35,109.5,12,108,14,117,15,118,16
4,36,1036.5,20,1048,21,1103,23,1188.5,20
4,37,9,3,8,2,8,2,8,2
4,38,3,1,2,1,2,1,2,1
4,39,6,2,6,2,7,2,7,2
4,40,14,3,13,3,13,3,13,3
4,41,11,2,7,2,7,2,7,2
4,42,335.5,5,319.5,5,339,4,347.5,6
4,43,182.5,10,187.5,9,197,9,195,8
4,44,1501,25,1448.5,24,1442.5,26,1482.5,22
4,45,67.5,8,73,9,66.5,7,75,7
4,46,2947.5,19,2967,18,2963.5,20,3088.5,17
4,47,610.5,6,614,6,638.5,6,628,5
4,50,581.5,7,610,8,608,8,585,8
4,51,2910,5,2959,6,3039,6,3130,5
4,52,974,14,948,14,934.5,13,980,12
4,53,3487.5,19,3513,18,3525,16,3564,17
4,54,2153.5,12,2175,12,2284.5,12,2389,13
4,55,4654.5,14,4724,15,4736.5,17,4807.5,16
4,56,8255,13,8573,12,8810.5,12,8589,11
4,57,5775.5,13,5870,14,6111.5,11,6197,11
4,58,1289.5,15,1296.5,15,1297,13,1325,12
4,59,209,12,203.5,12,222,13,220.5,12
4,60,2801.5,20,2905.5,19,2945,20,2925.5,19
4,61,186,4,178.5,4,174.5,4,165,4
4,65,3,2,3,2,3,2,3,2
4,66,7,2,7,2,2,1,6.5,2
4,67,10,4,11,4,11,4,8,3
4,68,7,1,8,1,9,1,9,1
4,69,49,9,43,8,54,9,54,10
4,70,9,4,9,4,12,4,6,3
4,71,2,1,2,1,2,1,3,2
4,72,1390,10,1359.5,10,1378,10,1388.5,11
4,73,3741.5,20,3792,20,3800,20,3844,20
4,74,31,8,42,9,40,8,42,9
4,75,418,13,382.5,14,387.5,13,384,14
4,76,660,12,671.5,11,683.5,13,673.5,12
4,77,236,17,233,16,241,16,250,18
4,78,27.5,8,26.5,8,23.5,8,23.5,9
4,79,25,8,19,7,28,8,31,8
4,80,46,9,49,11,44,10,38.5,10
4,81,114,12,116,11,114,12,112,13
4,82,45,12,40,11,41,11,43,10
4,83,44,8,45,9,36,8,44,8
4,84,489,10,510,10,531,11,540,11
4,85,148,14,150,14,151,13,147,12
4,86,127,13,130,14,131.5,12,134,12
4,87,29,8,25,8,39,8,45,7
4,88,89,10,92,9,91,8,97,9
4,89,314.5,19,320.5,19,313.5,18,326,18
4,90,1039.5,16,1056,17,1126,15,1129.5,16
4,91,398,23,405,21,425.5,21,451,23
4,92,62,15,62,15,64,16,66,15
4,93,275.5,26,285,27,279,25,282,25
4,94,343,35,342.5,35,344.5,33,335,34
4,95,853.5,20,858.5,21,858.5,20,898.5,21
4,96,159,18,174,20,186.5,21,192.5,21
4,97,297.5,15,305,17,357.5,16,381,16
4,98,166,14,177,14,156,14,159,14
4,99,278.5,18,278,17,289.5,16,296,17
4,100,1962.5,28,2079.5,26,2110,27,2093,26
4,101,517.5,17,518.5,18,522.5,16,510,14
4,102,858,29,842.5,30,822,27,692,26
4,103,260,17,257.5,17,252.5,18,239,17
4,104,136,17,132,17,124,17,128.5,17
4,105,157.5,16,163,16,157,15,158,15
4,106,173,14,184,15,193,14,195.5,14
4,107,1427,20,1447,21,1445,20,1443.5,22
4,108,668,27,832.5,27,912.5,25,986.5,25
4,109,927,25,931.5,27,1009,25,1024,25
4,110,888.5,35,921,33,920,31,927.5,28
4,111,1457,31,1494.5,30,1468,29,1501,28
4,112,460.5,35,444,35,429.5,36,420,36
4,113,1671,34,1655.5,33,1738.5,30,1814,31
4,114,545,36,554.5,36,539.5,35,521.5,34
4,115,298,35,290.5,35,303.5,36,301,37
4,116,1083.5,35,1096.5,34,1068,32,1065.5,32
4,117,3552,27,3542,28,3590.5,25,3631,27
4,118,1500,42,1473,40,1486.5,38,1472,38
4,119,614.5,29,610,29,626,28,628,28
4,120,350.5,25,354.5,26,372,27,360.5,27
4,121,462.5,35,478.5,35,482,32,486.5,32
4,122,738.5,38,762.5,37,784,39,795,41
4,123,24.5,9,29,10,31.5,10,29,9
4,124,118,22,113,22,117.5,20,125,20
4,125,162.5,16,145,17,151.5,17,153.5,17
4,126,1650.5,27,1695.5,27,1704,27,1698,29
4,127,1193,22,1197.5,19,1178.5,21,1146.5,21
5,0,89.5,11,93,12,98.5,12,94.5,12
5,1,9,3,11,4,13,5,15,5
5,2,13,7,13,5,8.5,4,2,1
5,3,14,3,16,3,16,3,14,3
5,4,17,4,19,4,19,4,26,5
5,5,81,12,85,13,80,13,84,13
5,6,274,27,283,27,268.5,28,268.5,27
5,7,813,23,812.5,23,785.5,25,754,25
5,8,1228.5,27,1249,28,1307,25,1317,25
5,9,186,12,187.5,14,179,13,183.5,13
5,10,193,21,199,22,182.5,22,187,20
5,11,134.5,26,147,27,148.5,26,148.5,26
5,12,104.5,17,97,16,94,15,87.5,17
5,13,60,7,54,7,54.5,8,66.5,8
5,14,233,29,213.5,29,223,30,210,28
5,15,10,4,6,4,6,3,7,3
5,22,1049.5,15,1059.5,15,1084.5,13,1122.5,12
5,23,584,33,585.5,34,633.5,29,697.5,31
5,24,521.5,21,527,21,507.5,20,555,16
5,25,1812.5,21,1838.5,22,1889,23,1817,22
5,26,45,13,62,13,103,12,110,14
5,27,333,22,474,20,467,19,482.5,20
5,28,320,11,323.5,10,332,10,336.5,11
5,29,366.5,15,372,15,360,15,368,16
5,30,84.5,7,85,6,94,9,93,8
5,31,14,2,13,2,13,2,12,2
5,32,105.5,3,94.5,3,115,4,124,4
5,33,1103,10,1045,10,1088,10,1022,10
5,34,70.5,11,78.5,11,90,11,90.5,11
5,35,112.5,9,114.5,9,102.5,8,93.5,7
5,36,1,1,1,1,1,1,1,1
5,38,3,1,3,1,3,1,1,1
5,39,5,1,6,1,5,1,5,1
5,40,3,1,2,1,2,1,2,1
5,41,500,9,501,9,523,8,544.5,9
5,42,93.5,11,89.5,12,92,12,83,12
5,43,791,33,854.5,33,838.5,32,865.5,32
5,44,80.5,10,80,10,66,9,71,10
5,45,51,10,53,10,49,10,45.5,9
5,46,403.5,22,470,24,469.5,23,462,22
5,47,6,3,6,3,6,3,6,3
5,48,239,7,246,8,242,8,248.5,8
5,49,1,1,1,1,1,1,,
5,50,829.5,16,814,17,803.5,17,765.5,18
5,51,1680.5,15,1699.5,15,1787,17,2080.5,13
5,52,294.5,11,290,12,282,11,286.5,11
5,53,84.5,18,84.5,19,89,18,94.5,18
5,54,1426,29,1458,32,1465,31,1526,26
5,55,2084,17,2203,19,2264,18,2319,16
5,56,3731.5,15,3773.5,14,3701.5,16,3667,15
5,57,2017.5,24,2076,25,2173,24,2236,23
5,58,3693.5,13,3974.5,12,4357,12,4528,13
5,59,659.5,19,641,21,661.5,19,660.5,19
5,60,44,9,56,8,45,8,50,7
5,61,1867.5,10,1893.5,9,1917.5,9,2028,9
5,63,250.5,3,253,3,228,3,231,2
5,64,337.5,7,342.5,6,342.5,6,361.5,6
5,65,7,3,6,3,6,3,5,3
5,66,19,6,16,7,22,7,24,6
5,67,14,5,15,5,17,6,13,5
5,68,607.5,23,600,21,644,22,650.5,21
5,69,27.5,10,25.5,9,27,9,31,10
5,70,23,7,19,7,20,7,19,7
5,71,17,7,18,7,15,8,15,8
5,72,2089,14,2150,14,2098,15,2059,14
5,73,1758.5,19,1834,20,1819.5,20,1859,19
5,74,44,10,40,9,41.5,10,39,10
5,75,12,1,8,1,10,1,9,2
5,76,119,14,126,16,129,14,126,16
5,77,74,15,72,15,74,15,73,15
5,78,209.5,13,212.5,14,212.5,14,223.5,14
5,79,12,5,13,5,10,3,16,5
5,80,331,15,354.5,16,376,18,380,13
5,81,58,12,57,12,61.5,12,64,12
5,82,161,16,161,15,166.5,16,178.5,16
5,83,309,19,308,19,304,19,307.5,20
5,84,70.5,13,70,13,71.5,16,71.5,15
5,85,36.5,5,23.5,5,31.5,5,34,5
5,86,60,10,64.5,12,74,11,85.5,11
5,87,175,16,168,14,175.5,15,169,17
5,88,62,10,55,10,68,11,66.5,10
5,89,101.5,15,90,15,108.5,15,109.5,15
5,90,1492.5,25,1479.5,25,1464.5,25,1463.5,23
5,91,1105.5,30,1163,29,1179,30,1208,28
5,92,106.5,14,103,14,109.5,13,120.5,13
5,93,47,5,48,5,53,6,56,6
5,94,48,9,42,8,50,7,57.5,6
5,95,123,14,138,15,125.5,15,130.5,15
5,96,108,13,98.5,13,112.5,14,120.5,14
5,97,1939,27,1926,27,1990,26,2090,25
5,98,330,20,345,20,362.5,19,362,19
5,99,185,10,190,10,202,10,201.5,10
5,100,148,14,151,14,151,13,155.5,14
5,101,1315,26,1312,25,1332,25,1311.5,24
5,102,117,25,111,23,105,24,109.5,23
5,103,259,18,268,18,266,16,266,18
5,104,213,17,211.5,17,215,16,204.5,16
5,105,183.5,21,204.5,22,200.5,23,228,23
5,106,759,20,797.5,18,811.5,20,842.5,23
5,107,144,20,135,20,126,19,130,18
5,108,5318.5,20,5499.5,20,5641.5,21,5808,20
5,109,1305,28,1312,27,1293,26,1262.5,28
5,110,786.5,26,824.5,26,821,24,802.5,23
5,111,623,22,646,22,654.5,22,598,22
5,112,637,32,652,32,645.5,31,676,31
5,113,478,29,475.5,29,485.5,31,488.5,29
5,114,600.5,22,633.5,21,655.5,25,689,22
5,115,1143,29,1166.5,29,1206,29,1330.5,29
5,116,409.5,18,418.5,18,446.5,20,457.5,18
5,117,277,31,320,28,312.5,30,315,28
5,118,1159.5,37,1385.5,34,1372.5,32,1399.5,34
5,119,1069,36,1089,35,1112,36,1089,35
5,120,605,31,596.5,30,575,29,584.5,29
5,121,1025.5,21,1100,21,1202,21,1199,21
5,122,688,39,687,40,691,36,708,38
5,123,98,23,90,20,92.5,22,81.5,22
5,124,320,22,300,22,316,21,332,21
5,125,311,24,313.5,24,315,24,310,24
5,126,318.5,17,380,16,430.5,12,559.5,15
5,127,243,19,233.5,18,230.5,19,228.5,19
6,0,236.5,20,237.5,21,235,19,244.5,20
6,1,2.5,2,4.5,1,8.5,2,8.5,2
6,2,8,2,12,3,6,1,8,2
6,3,207.5,22,210.5,21,201.5,19,186.5,17
6,4,204,18,205.5,17,216.5,17,221,18
6,5,141,15,140,15,135.5,14,138.5,15
6,6,435.5,31,485,31,498,32,508,27
6,7,197.5,25,210,25,216,25,216,24
6,8,140,21,140,23,133,22,133,22
6,9,127,15,130,15,126,14,116.5,15
6,10,343.5,21,362,20,335,20,330,20
6,11,282.5,34,262.5,32,272.5,32,248.5,31
6,12,108,13,103,14,111,16,108,15
6,13,305,34,302.5,33,297,31,299,34
6,14,4,2,4,2,4,2,4,2
6,15,,,,,1,1,1,1
6,22,1132.5,20,1148.5,20,1124,19,1220,18
6,23,479,22,469.5,22,466.5,21,458.5,20
6,24,212.5,9,212.5,9,212,9,208.5,9
6,25,152.5,6,142,7,135,7,140.5,7
6,26,957.5,24,943,22,975.5,22,997,21
6,27,1240.5,36,1280.5,35,1258.5,36,1329.5,35
6,28,240,14,254,14,257.5,13,266.5,13
6,29,251.5,17,256,17,260.5,17,257.5,16
6,30,838.5,15,837.5,14,823,15,836.5,13
6,31,244,9,250,9,248,10,248,11
6,32,332.5,10,313,12,320.5,12,308.5,13
6,33,54,8,58,8,54.5,8,60.5,8
6,34,206,6,213,6,218.5,6,230.5,6
6,35,8,2,10,2,11,2,10,2
6,39,288.5,11,300,11,328,13,323,13
6,40,482,18,456,18,476.5,19,449,17
6,41,56,10,60.5,9,67.5,10,69.5,10
6,42,1723.5,18,1741,17,1790,16,1778,15
6,43,246,15,269.5,14,271.5,14,267,14
6,44,84,12,82,14,87,13,75,13
6,46,1274.5,28,1322.5,28,1315,28,1309,26
6,47,21,6,22,6,21,7,26,7
6,48,112,4,111,5,152.5,5,160,4
6,49,258.5,16,267,16,261,16,266,16
6,50,6,2,7.5,2,9,2,11,3
6,51,1021.5,17,1146,15,1144,16,1180,14
6,52,768,22,815.5,25,890,24,985,24
6,53,1017,13,1008,12,1062,12,1054.5,14
6,54,1126.5,18,1095,18,1180.5,17,1193.5,17
6,55,1986,9,2037,8,2040,10,1983.5,11
6,56,50,9,58.5,9,69,10,74,8
6,57,3299,22,3351.5,21,3583.5,19,3672,20
6,58,262.5,10,256.5,10,255,10,260.5,12
6,59,232,18,233.5,17,272.5,18,293.5,16
6,60,1504,9,1514,9,1471.5,10,1490,10
6,62,3,1,3,1,,,2,1
6,63,140.5,13,139.5,13,149.5,13,136.5,13
6,64,1211.5,12,1234.5,12,1249,11,1272.5,11
6,65,6,4,2,2,7,4,10,3
6,66,31,8,27.5,8,31.5,8,31,8
6,67,9,3,8,3,7,3,4,2
6,68,936.5,17,933,18,954,16,935.5,17
6,69,5,2,5,2,5,2,5,2
6,70,6,2,6,2,2,1,3,2
6,71,9,3,9,3,9,3,9,3
6,72,34,9,33,9,33,8,30,8
6,73,254,13,246,12,255.5,13,262,13
6,74,41,6,47,7,39.5,6,48.5,7
6,75,14,3,17,4,14,3,13,3
6,76,2,1,2,1,2,1,4.5,1
6,77,267,17,267.5,17,284,17,289.5,18
6,78,534.5,24,563,24,574,24,582,26
6,79,58,10,57,10,60,10,57,11
6,80,159.5,16,168.5,17,169,17,165.5,17
6,81,119,14,121,14,107,14,118.5,14
6,82,722,16,762,13,778,12,792.5,12
6,83,1107,22,1089,23,1079,23,1165,24
6,84,90,17,96,17,91,16,95,16
6,85,86,12,96,14,96,14,94,14
6,86,50,13,49.5,12,48.5,10,51,11
6,87,1421,28,1464,26,1503.5,25,1524,25
6,88,158,24,171,23,189,23,197,22
6,89,44.5,11,50.5,12,51.5,13,43.5,11
6,90,331,21,324,21,312,20,322.5,19
6,91,194.5,15,181,14,173.5,12,184,14
6,92,41,12,41,11,39,12,42,12
6,93,354.5,24,368,23,367.5,22,372,23
6,94,169,15,173,17,191,17,203,17
6,95,158,17,157,17,150,17,161,16
6,96,160,20,154.5,20,159.5,20,160,18
6,97,184,21,176,21,179,21,191,21
6,98,53.5,11,49.5,10,49.5,11,47,12
6,99,149.5,13,156,13,148,12,146,12
6,100,140.5,11,138.5,11,150.5,14,153.5,14
6,101,373.5,18,370.5,17,383,16,388.5,17
6,102,1696,22,1745,23,1725,24,1815.5,22
6,103,356,20,357.5,20,356,21,352.5,20
6,104,154.5,19,156.5,19,167.5,19,152.5,20
6,105,236.5,19,258.5,18,265,18,290,18
6,106,1434,18,1440,19,1464.5,22,1539.5,22
6,107,2797.5,34,2861.5,33,2920.5,32,2931.5,33
6,108,1281.5,38,1303.5,35,1297.5,40,1306.5,36
6,109,864,26,884,26,890.5,25,876,24
6,110,372.5,21,388,21,415.5,22,384,23
6,111,1088,32,1128,32,1130,30,1131,31
6,112,2619.5,29,2699.5,33,2841,33,2910.5,34
6,113,586.5,33,591.5,30,714.5,33,708.5,32
6,114,228.5,26,228.5,26,239,25,234.5,26
6,115,353,26,358,27,372,27,382,26
6,116,284,31,275,32,280.5,33,281.5,31
6,117,177,20,175,20,177.5,20,168.5,20
6,118,405.5,22,407,23,402,25,402.5,23
6,119,283.5,33,301,32,297.5,34,317.5,31
6,120,398,20,387,20,393,21,392,20
6,121,656,21,718.5,19,721,19,747,18
6,122,419,33,417,34,434.5,34,413.5,34
6,123,349,19,352,18,365,19,348,19
6,124,392,34,383.5,35,409,33,402,33
6,125,168,14,169,14,157,14,161,14
6,126,95,19,99,20,106,20,108,19
6,127,526,26,561.5,26,536.5,26,545,27
7,0,48,9,47,9,45,10,47,10
7,1,426.5,23,426,23,422,22,436,20
7,2,203,11,204,11,179,10,221.5,10
7,3,874,37,920,37,955.5,33,1033,34
7,4,254,20,283,20,256,19,255,19
7,5,95.5,15,91,16,97.5,16,106.5,17
7,6,93,15,100,15,94.5,14,104.5,15
7,7,170,16,178.5,16,190.5,16,198.5,16
7,8,145,21,145.5,21,141.5,20,152,20
7,9,200,22,186,20,193.5,21,182,20
7,10,169.5,23,157,23,150.5,22,151.5,21
7,11,66,11,59,11,61,10,46.5,10
7,12,129.5,23,125.5,23,129.5,22,128,22
7,13,44,4,41.5,4,44,4,41,5
7,20,94,7,75,7,70,7,74,8
7,21,12,4,11,4,13,3,11,3
7,22,3,2,3,2,3,2,3,2
7,23,35.5,8,29.5,8,38,8,37,7
7,24,852.5,17,889.5,16,946,15,922,16
7,25,812.5,18,819,18,819.5,15,852,17
7,26,22,6,21,6,26,6,36,6
7,27,91.5,20,93.5,19,117.5,18,108.5,18
7,28,3042.5,28,3081,28,3179.5,28,3142.5,28
7,29,905.5,18,875,17,886.5,17,842,17
7,30,108.5,8,96,8,100,9,100,9
7,31,1070,27,1084.5,28,1115.5,26,1121.5,27
7,32,37,8,37,8,34,8,31,8
7,33,112.5,15,119.5,16,120.5,15,127.5,16
7,34,18,8,17,8,16,8,16,8
7,35,241,16,249,16,252,17,236,16
7,36,55,5,62,7,60,6,60,6
7,37,1,1,1,1,1,1,1,1
7,38,7,1,6,1,6,1,6,1
7,39,248,7,221.5,7,233,6,216,7
7,40,35,6,39,6,42.5,7,37,6
7,41,61,5,60,5,62,5,51,5
7,42,147.5,17,139,18,154.5,17,167.5,18
7,43,2515.5,9,2583.5,9,2512,9,2434.5,9
7,44,483,12,516.5,12,534,11,540.5,12
7,45,3,1,3,1,3,1,3,1
7,46,400.5,15,398,15,408,17,400.5,16
7,47,43,6,44,6,43,6,41,6
7,48,5,1,5,1,4,1,4,1
7,49,151.5,5,151.5,6,175,6,191.5,6
7,50,84.5,5,88.5,5,82,5,91.5,6
7,51,584.5,8,626.5,8,627,9,650.5,8
7,52,,,,,,,2,1
7,53,626.5,17,611,15,621.5,15,610.5,14
7,54,955.5,13,1032.5,12,1014.5,11,1065.5,11
7,55,403.5,10,382,10,384,10,390,10
7,56,412,11,465.5,12,495,12,497.5,12
7,57,1280.5,24,1330,22,1414.5,23,1437.5,21
7,58,666,25,709,26,738,28,753.5,27
7,59,76.5,5,79,4,80,5,87,5
7,60,740.5,9,733,9,702.5,9,710.5,10
7,61,7,3,8,3,7,2,6,2
7,62,1,1,1,1,1,1,1,1
7,63,18,3,19,3,19,3,19,3
7,64,14,4,13,4,12,4,12,4
7,65,37,7,29,7,26,6,31,5
7,66,34,12,34,13,28,14,26,14
7,67,48.5,8,42,7,45,6,36,6
7,68,634.5,22,622,21,629,21,635,20
7,69,9,5,9,5,11,5,15,5
7,70,335,10,337.5,9,360,9,347,12
7,71,20,7,19,7,16,7,16,7
7,72,80.5,16,77,17,73.5,16,79.5,16
7,73,477,17,462,18,452.5,16,446,14
7,74,1077.5,14,1135.5,15,1091.5,14,1101.5,13
7,75,6,2,10,2,11,2,12,2
7,76,162,12,162,11,179,12,176,13
7,77,45,8,49,8,53,9,57,10
7,78,57,9,63,9,50,9,52,9
7,79,62,14,58.5,15,61,15,53,14
7,80,123,14,134,14,130.5,14,122,14
7,81,177.5,17,165.5,16,172.5,19,192.5,18
7,82,79,15,89,15,80,15,83,16
7,83,72,18,66,18,60,18,63,19
7,84,32,7,32,7,30.5,8,28,8
7,85,97.5,14,89.5,14,79,13,67,14
7,86,52,9,49,9,52,8,44,9
7,87,113.5,11,119,10,120.5,12,106,13
7,88,159,25,157,25,168,26,163,26
7,89,41,11,58,11,51,12,61,12
7,90,57,7,55,7,56,7,60.5,7
7,91,57,9,58,10,54,9,53,8
7,92,64,9,61.5,9,64.5,10,68.5,9
7,93,331.5,13,334,11,334,10,341,11
7,94,2145.5,32,2183,30,2167,29,2233,26
7,95,1252,25,1272,24,1232,23,1232,23
7,96,97.5,14,98,14,100,14,145,13
7,97,39,7,37,8,43,9,45,9
7,98,46,13,41,13,42,13,49,13
7,99,26.5,8,24,8,29,8,24,7
7,100,913.5,19,927,18,928,17,901,19
7,101,59,14,61,13,54,11,50,11
7,102,684,21,669.5,21,665,22,640,21
7,103,106.5,10,105,10,96.5,12,91.5,12
7,104,89,14,82,14,85,14,70,14
7,105,125,19,120,20,109,20,107.5,20
7,106,387.5,22,413,21,416.5,21,408.5,20
7,107,1325.5,23,1317,23,1383,23,1366.5,26
7,108,240.5,17,252,17,258,16,266.5,16
7,109,632,19,619,19,649,19,622,20
7,110,400,25,391,25,400.5,24,387.5,23
7,111,405.5,30,428,31,445.5,31,445,31
7,112,981,32,999,32,1014.5,28,1020,28
7,113,615.5,17,614.5,18,624,17,654,17
7,114,183,23,184.5,23,163.5,23,154.5,24
7,115,95.5,18,97,17,89,16,88.5,18
7,116,142,19,137.5,19,125.5,18,130.5,17
7,117,143,23,136,23,145.5,22,152.5,21
7,118,462,19,445.5,18,445,18,464,18
7,119,311.5,25,339,24,329,27,323.5,27
7,120,162,21,163,21,170,23,162.5,23
7,121,359,42,365.5,44,358,41,353.5,41
7,122,1313,17,1302,16,1280.5,15,1228.5,18
7,123,750.5,24,797.5,24,833.5,25,899,24
7,124,203.5,21,220,22,242,21,237,21
7,125,606.5,21,588,22,587.5,22,605,24
7,126,254,19,234.5,19,225.5,18,230,18
7,127,215,16,202,17,208.5,16,209.5,17
8,0,7,3,8,3,12,4,12,5
8,1,117.5,13,107,13,108,14,135,12
8,2,163.5,20,152.5,19,152,18,171.5,20
8,3,821.5,22,874,22,894.5,22,946,20
8,4,453.5,29,444,29,438,29,410.5,28
8,5,244,25,235,21,256.5,23,246.5,25
8,6,25,9,18,7,15,6,14,6
8,7,320,28,339.5,26,336.5,30,312,27
8,8,108,13,104.5,12,107,13,105,14
8,9,140,14,151,14,151.5,13,142,13
8,10,131.5,9,128.5,9,131,9,132,9
8,11,76,13,73,12,75,12,63.5,10
8,12,9,6,14,6,14,7,18,7
8,19,7,2,4,2,6,2,8,2
8,20,159,16,167,15,144,14,160,14
8,21,22,6,21,6,20,6,18,6
8,22,173,18,180.5,18,205,18,189,18
8,23,141.5,12,159.5,13,165.5,15,168.5,16
8,24,513.5,14,541.5,12,516.5,12,557,14
8,25,20,3,17,3,13,3,15,3
8,26,436.5,17,448,17,478.5,14,502.5,14
8,27,811.5,28,787,28,806,30,806.5,31
8,28,1925.5,35,1966.5,36,2016,36,1971.5,35
8,29,328,18,321,18,327,18,322.5,19
8,30,71,15,68,15,71,14,76,14
8,31,59,14,59,15,64,15,65.5,14
8,32,225,19,216,21,200,19,203.5,19
8,33,60,11,62,11,61,10,60,10
8,34,66.5,11,47,10,58.5,10,56.5,10
8,35,159,9,157,9,146,9,154,9
8,36,566,23,552.5,24,567.5,24,556.5,22
8,37,105,14,99.5,13,109,12,104,12
8,38,147,7,140.5,7,156,7,154,9
8,39,2127,28,2152,27,2183.5,27,2223.5,27
8,40,418.5,25,427,25,435,25,410.5,25
8,41,2850,27,2895,28,2972,27,3178.5,28
8,42,1302.5,17,1271,15,1247,16,1210,16
8,43,14325.5,2,14107.5,0,14040,0,14029,0
8,44,4875.5,29,4772,27,4824,25,4766,25
8,45,893,30,922,31,992.5,29,1021.5,30
8,46,111,16,146,17,132.5,16,155,16
8,47,10,5,8,5,6,4,10,4
8,48,16,2,19,2,19,2,20,2
8,49,66,5,65,5,63,4,66,4
8,50,497.5,14,522.5,15,567.5,15,576.5,15
8,51,497.5,7,518,7,553.5,6,592.5,6
8,52,450,16,464,15,512,17,522,17
8,53,1513,15,1586.5,13,1613.5,12,1696,12
8,54,2168.5,21,2263,20,2211,20,2224,19
8,55,796,15,823,15,851.5,16,826.5,16
8,56,1240.5,17,1302,17,1323,17,1423.5,17
8,57,1994.5,17,2155,18,2411.5,15,2467,16
8,58,864,21,905,18,938,16,947.5,17
8,59,1381.5,13,1570.5,12,1756.5,14,1880.5,13
8,60,643.5,10,647.5,10,676,10,638,9
8,61,906.5,10,940.5,10,923.5,10,941.5,10
8,62,13,3,10,3,11,3,15,3
8,63,11,2,11,3,10,3,11,3
8,65,30,8,25.5,8,23.5,7,23.5,7
8,66,7,3,7,3,7,3,6,3
8,67,271,10,272.5,10,256,10,266.5,11
8,68,472.5,8,467,8,497.5,8,521,7
8,69,9,3,8,3,9,3,8,2
8,70,34,10,31,9,36,11,34,11
8,71,22,6,21,6,21,5,21,5
8,72,14,2,18,2,19,2,19.5,2
8,73,181.5,12,192,12,186.5,12,186,12
8,75,4,2,4,2,4,2,5,2
8,76,502.5,16,514,18,510.5,17,490.5,17
8,77,49,6,43.5,6,46,7,39,7
8,78,378,12,391,11,388.5,12,393.5,12
8,79,120,8,114,7,112,6,104,7
8,80,61,8,67,7,69,7,71,7
8,81,36,6,41,6,34,6,43,8
8,82,65,12,65,12,58,12,67,12
8,83,88,13,91,13,80,13,85,13
8,84,182.5,18,184.5,19,182,17,192,20
8,85,561.5,20,589,21,581.5,24,586.5,25
8,86,128.5,22,145.5,23,140.5,24,144.5,23
8,87,128.5,15,126,15,137,15,143,15
8,88,153.5,18,155,20,153,18,164.5,18
8,89,49.5,10,57.5,11,54,10,54,10
8,90,43,8,44,8,41,8,48,8
8,91,1564.5,29,1599,28,1631,26,1670,24
8,92,140,6,129.5,7,129,7,129,7
8,93,299.5,21,290.5,20,277,21,260,18
8,94,493.5,16,485,15,463.5,14,454.5,12
8,95,57,14,70,15,69,14,123,13
8,96,100,13,97,13,92,11,80,12
8,97,65,12,67,12,57,12,72,10
8,98,60,15,68,17,72,18,67,16
8,99,84,16,82,16,71,17,76,17
8,100,969.5,23,999,21,1012.5,21,1020,21
8,101,274,16,265.5,16,251.5,16,247,16
8,102,199.5,14,198,14,197.5,13,187,13
8,103,1667.5,26,1709,24,1683.5,24,1675.5,24
8,104,1096,22,1086,22,1139.5,17,1115.5,14
8,105,963,26,1002,28,1026.5,26,1079.5,28
8,106,309,31,305.5,30,288.5,31,293.5,31
8,107,227,20,228.5,19,227.5,20,229.5,21
8,108,201,16,198,16,184.5,16,187,16
8,109,88,18,83,19,80,17,91.5,20
8,110,258,21,267.5,21,277,20,277.5,20
8,111,298.5,22,316,22,308.5,21,313,22
8,112,523.5,21,550,21,555.5,21,580.5,21
8,113,88.5,16,88.5,15,93,18,94.5,18
8,114,336.5,22,343.5,20,351,21,349.5,22
8,115,208.5,24,209,24,217,25,219,24
8,116,835.5,25,824.5,24,839,25,781,24
8,117,843.5,32,831,32,831,30,779,30
8,118,714.5,42,836.5,43,864,40,867.5,40
8,119,711.5,26,703.5,28,696,27,710.5,26
8,120,57,14,55,14,58,14,57.5,14
8,121,1368,36,1378,35,1445.5,36,1491,34
8,122,891.5,30,886.5,30,871,29,851.5,28
8,123,473.5,25,486.5,27,511,26,488.5,25
8,124,132,21,140,22,142.5,22,141.5,22
8,125,549.5,30,558.5,27,568.5,25,544,26
8,126,47.5,9,48.5,9,42,10,45.5,9
8,127,132.5,16,139.5,17,145,18,143.5,18
9,0,26,5,28,5,17,3,18,3
9,1,276,18,286,18,283,19,293.5,19
9,2,118.5,13,129.5,13,121,12,132,12
9,3,192,20,180,19,172,17,158.5,17
9,4,501.5,32,519,32,495,31,511.5,32
9,5,193,18,202,18,202.5,17,201,17
9,6,121,15,131,15,125.5,16,123,17
9,7,11,6,10,6,9,6,11,6
9,8,209,21,236,19,223,20,241,19
9,9,60,9,67,10,71,7,70.5,9
9,10,260,28,265.5,31,269.5,30,282.5,31
9,11,5,1,2,1,2,1,2,1
9,19,115,14,120,14,125.5,14,131.5,14
9,20,138,16,134,15,126,15,118,15
9,21,398,16,381.5,15,369.5,16,356.5,14
9,22,144.5,21,147,23,147,23,144.5,23
9,23,22,7,20,6,23,6,23,8
9,24,14,7,14,7,11,6,11,6
9,25,151,14,162.5,14,156.5,14,162.5,14
9,26,153.5,13,159,13,172,9,178.5,9
9,27,152,18,154,19,150,19,152,19
9,28,110.5,16,116.5,18,115,17,116.5,17
9,29,654,35,678.5,36,702,37,718.5,35
9,30,342,18,326,21,324,19,348,19
9,31,177,12,167.5,10,176.5,12,173.5,12
9,32,174,14,182,15,179,15,179,15
9,33,88,10,106,12,123,12,127,11
9,34,45,6,51,7,46.5,7,42.5,6
9,35,49,6,40.5,5,47.5,6,42,6
9,36,25,6,24,6,23,6,21,6
9,37,275,16,280,15,276.5,16,296.5,17
9,38,133.5,18,132.5,18,125,19,127,18
9,39,37.5,6,32.5,6,37.5,6,34.5,5
9,40,50,13,57.5,13,50,13,46,13
9,41,408.5,23,396,22,415,19,401,21
9,42,22,7,20,7,20,7,21,7
9,43,501.5,10,419,9,427,10,410.5,10
9,44,791.5,12,829.5,11,800.5,10,734.5,10
9,45,976.5,21,995,21,1040,19,1069,19
9,46,392.5,23,415,21,422.5,22,447.5,22
9,47,7,3,7,2,7,2,7,2
9,49,328,5,300.5,7,308.5,6,294.5,6
9,50,13,3,9,3,10,3,11,3
9,51,220,7,230.5,8,226,8,236,8
9,52,15.5,3,14,3,10.5,4,8,4
9,53,331.5,10,338,11,378.5,10,398,9
9,54,278.5,9,285.5,10,313,8,315,8
9,55,762.5,21,780.5,22,773.5,21,770.5,21
9,56,12,3,12,3,11,3,12,3
9,57,123.5,6,143.5,6,167,6,149,6
9,58,852,12,851.5,11,868.5,11,922.5,10
9,59,909.5,18,898,16,989,15,1046.5,15
9,60,14,5,16,5,15,4,20,5
9,61,813,17,838.5,18,870.5,17,883,18
9,62,18,7,15,6,11,5,12,5
9,63,295.5,8,295.5,7,306.5,9,312,10
9,64,333,6,335,7,345.5,7,376.5,7
9,65,9,4,8,4,8,4,8,4
9,66,18,6,17,6,16,6,15,6
9,67,58,9,67,9,64,9,63,9
9,68,368,11,365,12,370,13,348,13
9,69,548.5,14,512,15,506,15,533,16
9,70,12,4,11,5,11,3,12.5,4
9,71,13,4,11,4,10,3,12,4
9,72,60,8,55,6,52,6,55,7
9,73,471.5,18,492,18,471,16,480.5,16
9,74,62,5,69,6,67,6,62,6
9,75,488.5,13,464.5,13,487.5,13,466,13
9,76,11,3,9.5,3,8,2,8,2
9,77,1157.5,29,1152.5,29,1199.5,29,1165,29
9,78,580,22,561,24,575.5,23,585,25
9,79,50,5,48,7,52,7,51,7
9,80,21,7,24,7,23,7,25,9
9,81,57.5,16,55,15,56.5,16,65.5,16
9,82,68,12,65,11,70,13,74,12
9,83,91,11,94,11,81,11,86,12
9,84,53.5,17,59.5,17,56.5,17,50,14
9,85,34,9,34,9,30,7,36,9
9,86,114,12,116,13,111.5,13,118.5,12
9,87,64,11,55,10,70,11,66,11
9,88,888,24,888.5,24,922.5,21,929.5,21
9,89,118,12,99,13,103,13,114.5,12
9,90,88,13,76,13,71,13,74,13
9,91,499,29,512.5,28,529,26,536.5,27
9,92,341,9,354,9,346,9,350.5,11
9,93,1152.5,22,1140.5,22,1218,22,1233,18
9,94,28,5,30,5,29,6,46.5,6
9,95,38,10,36,10,35,9,50,13
9,96,62,13,69,14,63,14,56.5,12
9,97,1264,21,1317,22,1317,22,1412,20
9,98,71,9,76.5,9,72,9,75.5,10
9,99,51.5,10,53.5,10,51.5,9,47.5,9
9,100,89,17,80,15,76,16,79,16
9,101,95,10,103,11,104,12,99,12
9,102,98,17,80.5,17,89,18,88.5,17
9,103,118,14,124,14,125,15,122.5,15
9,104,139.5,25,146.5,24,134,24,141,23
9,105,942.5,25,906.5,25,937.5,27,930.5,27
9,106,263,17,243,16,264,16,258,16
9,107,136.5,19,144,19,133.5,18,138.5,18
9,108,1169.5,23,1168,24,1136,22,1160,22
9,109,83,15,84.5,14,90,13,88,14
9,110,152.5,23,147.5,23,146,21,140,21
9,111,232,25,228,25,206.5,24,222.5,25
9,112,285.5,22,296,21,277.5,22,284,21
9,113,203,20,212,20,215,21,210.5,20
9,114,88,18,90,18,96,18,95,20
9,115,251.5,19,247.5,19,251.5,18,242,18
9,116,797.5,34,807.5,34,823.5,34,859,36
9,117,59,13,72,14,75,14,79.5,14
9,118,154,22,154,22,163,23,164.5,23
9,119,138,28,142,27,139,28,156,28
9,120,178,28,182.5,26,185,24,179.5,24
9,121,524,26,562,26,592,26,567.5,25
9,122,253,12,263,11,270,11,239,12
9,123,153,21,159,20,167,23,163,23
9,124,244,26,241.5,26,231,27,235.5,25
9,125,49,10,54,10,60,9,58,10
9,126,88,10,89,11,90,11,87,12
9,127,214.5,14,221.5,15,218.5,14,222.5,15
10,0,435.5,14,414.5,15,431.5,14,426,13
10,1,798.5,20,799,22,865.5,22,839,19
10,2,791,21,753,19,736.5,20,656,21
10,3,113.5,11,128.5,10,110.5,10,96,10
10,4,175,13,183,15,162.5,14,207.5,14
10,5,406,16,412,16,362.5,15,363,15
10,6,442.5,19,426.5,18,410.5,19,397.5,17
10,7,104,17,98,18,91,14,79,13
10,8,18,3,18,3,20,2,20,2
10,9,5,2,7,3,7,3,6,3
10,18,161,18,169.5,20,166.5,19,164,20
10,19,213,27,234,27,227,26,221,27
10,20,55,15,53,16,53,15,55.5,16
10,21,72,16,73,18,84,17,81,19
10,22,410,25,416.5,25,439.5,24,471,22
10,23,850.5,16,873,17,890.5,17,925.5,17
10,24,422,17,435.5,15,413.5,13,422,14
10,25,613.5,34,646.5,34,669.5,32,656.5,31
10,26,148,20,153,21,153,20,172,20
10,27,59,7,51,7,52,7,47,7
10,28,572,34,562,34,582.5,33,598,34
10,29,111.5,18,116,17,136,15,133,16
10,30,126.5,8,118,7,109,8,114.5,7
10,31,93.5,14,95.5,13,102.5,14,95,14
10,32,643.5,14,654,13,632,12,659.5,15
10,33,316.5,27,335,23,332,24,329,24
10,34,210.5,26,214.5,28,189,26,212,27
10,35,60.5,10,67.5,9,63,9,73,9
10,36,344,13,345,15,345,14,340,16
10,37,132.5,17,129.5,17,123.5,17,127,15
10,38,210,27,207,28,221,27,250.5,27
10,39,619.5,25,613,26,585.5,24,604,24
10,40,417,26,440.5,26,438,23,407,23
10,41,162,16,155,16,142.5,15,150.5,14
10,42,162.5,18,182,18,196,17,221,17
10,43,2035.5,19,2054.5,19,2220.5,16,2242,16
10,44,45,7,38.5,7,31.5,6,33,6
10,45,37.5,9,30.5,8,28.5,8,28.5,8
10,46,342.5,15,329.5,15,327,15,329.5,15
10,47,14,4,13,4,13,3,16,4
10,48,18,6,17,6,16,6,13,5
10,49,1456.5,21,1476.5,21,1577,20,1618.5,19
10,50,86,9,82,8,86,9,75,9
10,51,522.5,12,549,11,552.5,12,529.5,11
10,52,1263.5,15,1276,17,1278.5,17,1294,16
10,53,526.5,6,523,6,488,6,517.5,5
10,54,884,23,864.5,22,828.5,20,826,21
10,55,525.5,13,509,13,542.5,12,599,12
10,56,615.5,10,622.5,10,607,10,608,10
10,57,949,14,974.5,14,1018,13,1010.5,13
10,58,21,5,20,5,24,6,21,6
10,59,32,4,34,4,31,4,32,4
10,60,10,4,10,4,8,4,10,4
10,61,20,7,21,8,20,7,16,6
10,62,19,6,17,6,21,6,20,5
10,63,2115,23,2076.5,23,2111,25,2112,21
10,64,1273.5,23,1265.5,22,1255,18,1274.5,19
10,65,39,9,37,9,28,7,25.5,6
10,66,17,7,19,7,19,7,17,6
10,67,479,31,486,30,500,31,508,32
10,68,208,18,212,19,207.5,17,203,18
10,69,86,11,73,11,75.5,11,78.5,11
10,70,22,6,19,5,18,4,22,5
10,71,119.5,26,114.5,25,119,24,110,23
10,72,592.5,30,591,31,593.5,32,602.5,32
10,73,867,11,858,11,851.5,11,886,10
10,74,47,7,44,6,46,7,40,7
10,75,105,4,85,4,92,3,86,3
10,76,4,1,3,1,3,1,3,1
10,77,354,8,369.5,8,345.5,8,353.5,8
10,78,212,6,205.5,7,210.5,7,200,6
10,79,274,17,265.5,17,268,17,275,19
10,80,407,30,395.5,30,373,29,396.5,25
10,81,21,5,19,6,18,6,16,6
10,82,230,15,231,16,232.5,16,227,16
10,83,83,11,86,11,87,10,95,10
10,84,889,12,859,11,833,10,814.5,11
10,85,1000,28,1046.5,27,1091.5,28,1140,28
10,86,200.5,16,197,17,201,17,202,17
10,87,163,22,171,22,170,22,164,23
10,88,712,20,689.5,17,664,21,714.5,19
10,89,91,17,87,17,84,17,87,16
10,90,107,14,108,14,100,14,114.5,15
10,91,103.5,11,99.5,10,106.5,14,90.5,13
10,92,29.5,10,29.5,10,31,9,33,10
10,93,114,15,106,16,114,16,123,16
10,94,1148,24,1185.5,24,1238.5,26,1296,26
10,95,298,19,300,19,301,17,286,17
10,96,103.5,16,107.5,16,102.5,16,91,16
10,97,161,25,159,25,159,26,160,26
10,98,43,8,43,8,42,7,46.5,8
10,99,72,8,70,8,65,8,66.5,8
10,100,1498,21,1558.5,21,1619,21,1723,20
10,101,88,20,99,20,103,19,108,20
10,102,59,11,60,11,52,11,47,10
10,103,55.5,14,57.5,14,54,14,50,14
10,104,190.5,18,191.5,19,183.5,20,185,21
10,105,144,12,147.5,12,146,13,144,13
10,106,30,6,37,6,33,6,32,6
10,107,116,13,122.5,13,126,12,126,12
10,108,77,19,73,20,77,21,71,21
10,109,50.5,9,50.5,9,53.5,8,57.5,8
10,110,885,22,910.5,23,949.5,20,952.5,21
10,111,224,29,237,30,252.5,29,248.5,29
10,112,353,18,340.5,19,350.5,19,350,19
10,113,729,22,735.5,21,764,19,750,20
10,114,90,17,98,18,83,18,89,17
10,115,159,18,149,17,140,17,144,18
10,116,319.5,27,322,27,318.5,25,306.5,26
10,117,457,22,454,22,457,22,415,22
10,118,1266.5,22,1260,20,1230.5,23,1219,23
10,119,385.5,18,364,18,377,19,352,19
10,120,91,15,96,15,99.5,16,101.5,16
10,121,1373.5,45,1372.5,45,1416,45,1389,44
10,122,115,9,121,9,116.5,9,108,8
10,123,1241,30,1309,29,1364.5,28,1313.5,27
10,124,93.5,15,98.5,15,79.5,15,76.5,15
10,125,976,29,946,29,938,28,939,28
10,126,572.5,27,594,25,604.5,25,581,25
10,127,1226,35,1227,35,1310.5,34,1340.5,33
11,0,528.5,9,543,7,540,6,542.5,6
11,1,2092,7,2073,8,2112,7,1984,7
11,2,49.5,7,48.5,6,43.5,6,21.5,5
11,3,4,1,4,1,8,2,6,2
11,4,6,2,3,1,8,2,6,2
11,5,189.5,5,186.5,5,178,5,161,5
11,16,37,8,36,7,30,8,37,8
11,17,617.5,24,588.5,24,618.5,25,606.5,24
11,18,88,19,99,19,101,20,98.5,20
11,19,98.5,25,109.5,24,113.5,24,117,25
11,20,252,31,261,30,309.5,29,323,30
11,21,216.5,23,222,22,223.5,23,228,23
11,22,249,21,282.5,20,286,23,299,23
11,23,502,23,505,23,495,22,510.5,23
11,24,252,25,240,25,244,24,260,24
11,25,163,24,163,24,170.5,25,186.5,22
11,26,188.5,17,181.5,18,171,15,193.5,15
11,27,214,29,236,28,217,26,243.5,24
11,28,253.5,23,266,24,273,23,274,21
11,29,412,16,396.5,17,352,17,383,17
11,30,64.5,13,61.5,13,61.5,12,63.5,13
11,31,137,15,127,15,134.5,14,141.5,15
11,32,162,19,197,18,208,22,207.5,20
11,33,128,11,122.5,11,150.5,10,163,10
11,34,117,17,113,17,109,17,112,17
11,35,179,17,154,19,159,19,154,18
11,36,1284,46,1299.5,42,1277,42,1277.5,41
11,37,506.5,21,469.5,22,470,21,469,23
11,38,104.5,16,109.5,15,106,15,103.5,15
11,39,130.5,14,139,15,135,14,134,14
11,40,141,23,160.5,25,161,26,166.5,27
11,41,740,26,761.5,27,758,26,745,27
11,42,341.5,14,324,13,309.5,13,317,13
11,43,3856,26,3906,24,3946.5,26,4052.5,19
11,44,69,16,78,17,73.5,16,68,16
11,45,6,2,5,2,12,2,11,2
11,46,2,1,2,1,1,1,2,1
11,47,25,5,25,5,23.5,5,21,5
11,48,,,3,1,,,1,1
11,49,36,2,46,1,57.5,2,60.5,2
11,50,67,5,69,5,57,5,61.5,5
11,51,1109,15,1133.5,15,1246.5,13,1180.5,13
11,52,1597.5,17,1704.5,16,1921,15,2086.5,14
11,53,1101.5,17,1108.5,18,1175,18,1275,16
11,54,225,8,231,8,261.5,8,258.5,8
11,55,288,11,302,11,306.5,11,305,10
11,56,71,8,70,8,73,9,72,10
11,57,169,11,169,11,162,11,181,11
11,58,835,16,890,15,1022.5,14,1173,12
11,59,127,9,118,9,123,8,125.5,8
11,60,14,4,19,5,16,3,16,3
11,61,3,1,3,1,3,1,6,2
11,62,44,10,38,11,43.5,10,49.5,11
11,63,27,9,23,8,25,9,24,9
11,64,278.5,23,275.5,23,252,23,263,24
11,65,19,4,19,4,20,4,20,3
11,66,19,4,17,4,7,3,12,4
11,67,54.5,11,69.5,12,69.5,14,69,14
11,68,108,23,109,22,112,23,101,21
11,69,11,5,10,5,8,4,10,5
11,70,23,9,20,9,20,7,21,8
11,71,98,17,103,17,102,17,106,18
11,72,833,37,817,36,794.5,35,791.5,37
11,73,2,1,2,1,2,1,2,1
11,74,18,6,21.5,6,21,6,18,6
11,75,413,13,402,13,419.5,14,435,17
11,76,39,3,39,3,52,3,53,3
11,77,487.5,19,473.5,17,461,18,481,16
11,78,159,13,164.5,13,172.5,12,168,11
11,79,172.5,16,162.5,14,162.5,14,168.5,14
11,80,24,6,23,5,24,5,22,6
11,81,103,7,101.5,6,107,6,110,7
11,82,262,24,248.5,24,250,24,270.5,25
11,83,137,11,130,11,118,11,133,11
11,84,1309.5,31,1298.5,30,1317,28,1335,28
11,85,2215.5,22,2180,22,2215,19,2275.5,19
11,86,355.5,18,366,19,375.5,16,369,16
11,87,60,15,59,15,53,14,55.5,14
11,88,24,5,25,5,27,5,24,5
11,89,146,19,138,20,132,19,133,19
11,90,1740,36,1808,33,1779,33,1864,33
11,91,148.5,15,157.5,15,157,13,157,13
11,92,4,1,3,1,3,1,5,1
11,93,75,13,71.5,14,71,14,70,14
11,94,78,14,78,15,79,17,88,17
11,95,113,20,117,20,116.5,19,123.5,19
11,96,138.5,17,135,17,131.5,17,129,17
11,97,1782.5,26,1789,26,1822.5,24,1825.5,25
11,98,75,18,78,16,80,16,81.5,16
11,99,66,12,62,12,62,11,55,11
11,100,409,23,423,23,427.5,23,431,23
11,101,98.5,15,97.5,15,102.5,15,100.5,15
11,102,70,18,68,17,65,18,61,18
11,103,1569,25,1557.5,27,1580.5,29,1556,29
11,104,1496.5,23,1479,23,1515.5,23,1486,19
11,105,26,6,27,7,27,7,30,7
11,106,60.5,14,64,15,61,15,66,15
11,107,1425,31,1464.5,32,1457,27,1447,27
11,108,1155,26,1186,27,1183,27,1215.5,26
11,109,1644,23,1646,22,1655.5,23,1682.5,23
11,110,72,18,66,17,74,17,80,17
11,111,193,13,198,12,205,10,213.5,11
11,112,78,18,74.5,16,78,16,75,17
11,113,506,28,505,30,500,26,494,26
11,114,255,19,248,19,238,21,242.5,21
11,115,96.5,17,104.5,19,99,19,91.5,19
11,116,220,25,222,26,228.5,26,218,25
11,117,147,27,143,27,155,26,149.5,25
11,118,397.5,24,405,23,398.5,23,407.5,23
11,119,112,19,120,21,110,20,102,20
11,120,154,29,154.5,28,164.5,28,162,28
11,121,909,26,931,26,960.5,27,977,27
11,122,169.5,15,145,15,156,14,177.5,15
11,123,6695.5,19,6842.5,19,7112,20,6900.5,22
11,124,2054,21,2115.5,21,2123.5,17,2124.5,17
11,125,287,20,280,19,281.5,19,273.5,18
11,126,565,26,562,25,528.5,26,536,26
11,127,92.5,13,98.5,13,98.5,13,90,14
12,1,,,3,1,,,,
12,14,49,8,53.5,8,53,7,57,7
12,15,57,6,64,8,62,8,62,7
12,16,34,7,38,8,42,8,36,8
12,17,124,16,119,16,107,17,109,17
12,18,104,19,99,19,108.5,19,105,18
12,19,50.5,12,59.5,12,60,13,62.5,15
12,20,137.5,23,134,22,134.5,22,137.5,23
12,21,199,19,193.5,19,203,21,204,19
12,22,40,10,41,11,42,11,41,11
12,23,194.5,24,213.5,23,224,22,223.5,22
12,24,148.5,9,153,9,168,9,166,8
12,25,196,19,211,20,213,19,218,19
12,26,639,27,662,26,666.5,27,660.5,26
12,27,50,10,51,9,51,9,47,10
12,28,97.5,17,83.5,17,95.5,16,83,15
12,29,117.5,13,120,13,97.5,13,101,13
12,30,231.5,20,217,19,219.5,19,239,18
12,31,640,21,654.5,21,673.5,21,646.5,20
12,32,229,18,222,17,240,18,223,18
12,33,97,14,100.5,15,90.5,14,87.5,14
12,34,86,14,86.5,15,83,15,79,14
12,35,515,23,561,24,567.5,23,563,23
12,36,124,16,128,18,122.5,18,105,18
12,37,14,3,16,3,16,5,18,5
12,38,642,18,651.5,18,616.5,18,637,19
12,39,282.5,27,267.5,27,249.5,28,256.5,30
12,40,192,16,198,17,191.5,17,197.5,17
12,41,223.5,21,229,22,232,20,235,19
12,42,671.5,40,708,39,782,36,780.5,35
12,43,1006,44,1009,46,1041,48,1078,45
12,44,394,29,429,30,440,29,447,29
12,46,181,8,178,8,174,7,180,8
12,48,3,1,5,1,1.5,1,,
12,49,692,18,710.5,17,701,17,717,19
12,50,140,12,146,13,141,13,145.5,13
12,51,79,16,73,15,76,17,67,17
12,52,719.5,14,745,14,718,14,717.5,13
12,53,65.5,10,73,10,68,9,59.5,9
12,54,458.5,19,474.5,16,489.5,18,488,19
12,55,43,6,42,6,35,6,41,6
12,56,25,5,18,5,18,5,30,7
12,57,24,5,22,5,24,6,27,6
12,58,825.5,7,816.5,7,871.5,7,890.5,8
12,59,152,7,161.5,7,163,8,143,8
12,60,94.5,11,94,10,97,11,99,12
12,61,11,4,9,3,11,4,9,4
12,62,14,5,14,5,11,4,9,4
12,63,24.5,8,36.5,9,28.5,10,28.5,10
12,64,1089.5,22,1088,21,1093,22,1052.5,21
12,65,192.5,18,217.5,18,198.5,19,215.5,20
12,66,45,10,38,10,37,10,30,10
12,67,184,18,178.5,18,163,18,178.5,19
12,68,528.5,14,496,13,533,11,556,13
12,69,23,6,24,7,29,7,25,5
12,70,460.5,24,441,25,445.5,24,449.5,22
12,71,51.5,10,47.5,10,47.5,10,45,10
12,72,233,13,256,13,237.5,13,265.5,13
12,75,12,2,9,1,14,2,19,2
12,77,72,12,79,12,62,11,78.5,11
12,78,54,4,51,4,51,4,52,3
12,79,99,18,98,17,100,17,108,17
12,80,96,9,93.5,10,92,11,94,10
12,81,26,4,21,4,26,4,19,4
12,82,151,17,161,16,178,16,181.5,15
12,83,230.5,19,201,19,203,19,218,19
12,84,278,12,288,13,296,11,312,12
12,85,153,9,157.5,9,159.5,8,165,8
12,86,1100.5,18,1124.5,17,1129.5,17,1173.5,17
12,87,178,15,192,15,191.5,15,198,15
12,88,103,16,93.5,15,95,14,100,17
12,89,139,18,130,18,122,17,122,18
12,90,74,13,73,13,68,14,68,13
12,91,101,14,96.5,13,99.5,14,105,14
12,92,50,10,50.5,10,59,10,53,10
12,93,107,18,90,18,99,18,94,19
12,94,152,20,147,20,145,20,152,21
12,95,120,22,119,22,112,22,113.5,22
12,96,138.5,14,138.5,13,124,15,150,15
12,97,155,17,175,17,157.5,17,153.5,16
12,98,485.5,20,590.5,22,598.5,20,605.5,20
12,99,1673.5,24,1642,22,1616,22,1703.5,25
12,100,63,12,66,12,65,12,68.5,12
12,101,77,15,82,15,79,14,76,14
12,102,78,14,71,14,59,13,66,15
12,103,35,9,38,10,35,9,34,11
12,104,95,13,93,11,93,11,106,13
12,105,74,18,73,18,65,16,66.5,16
12,106,65.5,12,64.5,12,74,12,65,12
12,107,54,10,45,9,47.5,10,40.5,10
12,108,210.5,22,193.5,22,197.5,21,207.5,23
12,109,366,13,359.5,13,358.5,12,349.5,12
12,110,48,12,52,13,53,15,51,14
12,111,68,16,68,17,67,16,60,15
12,112,1404,28,1417,29,1449.5,25,1481,26
12,113,113,26,111,26,114.5,26,112,26
12,114,42,10,34.5,9,43.5,10,44,11
12,115,146,19,152,19,145,19,145.5,18
12,116,195,19,187.5,19,188,19,199,19
12,117,485.5,35,515,35,533,35,528.5,36
12,118,299.5,22,300.5,25,302,25,293.5,26
12,119,106,21,90,19,92,19,98.5,21
12,120,108,22,101,26,107.5,23,93.5,22
12,121,922,31,917.5,32,899.5,26,888.5,28
12,122,143,17,144.5,18,150,17,142,17
12,123,564.5,18,541,19,563,19,589.5,16
12,124,90.5,13,87.5,13,79.5,12,69,12
12,125,151,11,147.5,12,153.5,11,147,11
12,126,105,9,108.5,10,110.5,11,102.5,10
12,127,220.5,19,224,20,212.5,20,204.5,20
13,0,5,1,8,2,5,1,8,2
13,1,2,1,3,1,3,1,3,1
13,3,1,1,1,1,1,1,1,1
13,4,3,1,2,1,2,1,2,1
13,5,16,5,16,5,14,5,15,5
13,6,9,2,9,2,8,2,7,2
13,7,9,3,9,3,9,3,8,3
13,8,20,7,23,7,21,6,20,6
13,9,7,3,7,3,7,3,5,2
13,10,6,2,7,2,8,2,8,2
13,11,5,1,5,1,3,1,3,1
13,12,16,2,10,2,10,1,10,1
13,13,93,21,94,20,94,20,102,18
13,14,130,18,129.5,15,118.5,16,115,17
13,15,121,19,119,19,116,18,111,18
13,16,209.5,27,203.5,28,211,28,195,29
13,17,239,21,235,19,224,22,219.5,21
13,18,179.5,19,173,19,179.5,19,178.5,20
13,20,36,6,35,5,38,6,36,6
13,21,52,9,56,9,53,9,54,9
13,22,97,17,99,17,99.5,17,110,15
13,23,151,19,149,20,167,20,189.5,21
13,24,184.5,20,185,20,194.5,20,189.5,20
13,25,82,14,74,14,71,14,81,13
13,26,176.5,19,176,18,180,19,171.5,16
13,27,160,17,159,18,161.5,18,161,16
13,28,93,19,107,21,102,21,112,21
13,29,615.5,22,645.5,22,668,22,628.5,23
13,30,97.5,12,104.5,12,112.5,12,100,12
13,31,474.5,21,483.5,19,491,20,497.5,21
13,32,224.5,20,236,19,281.5,21,304.5,19
13,33,145.5,15,135,15,144,15,148.5,14
13,34,81,14,99,16,102,17,99.5,18
13,35,196.5,15,198.5,15,200,15,198,15
13,36,113,9,114,9,119.5,10,127,10
13,37,141,17,147.5,17,131.5,16,129,18
13,38,404,26,389,26,373,29,373.5,27
13,39,103,13,108.5,15,100.5,15,107,16
13,40,60,8,63,9,72.5,10,74.5,10
13,41,88,19,81,19,82,19,99,18
13,42,215.5,31,210,31,222.5,31,227.5,31
13,43,536,44,527.5,43,533.5,44,545,43
13,44,101,17,86,16,87.5,18,89,17
13,45,25,5,23,5,22,5,17,4
13,46,187,7,197.5,7,208.5,7,205.5,6
13,47,56,7,63,7,51,9,55.5,9
13,48,34,7,30,7,28.5,7,27,7
13,49,192,13,200.5,12,212.5,13,198,12
13,50,398.5,15,403.5,14,409.5,15,402.5,15
13,51,94.5,9,97,9,90.5,10,89,9
13,52,9,2,12,2,9,2,9,2
13,53,221.5,11,227,11,216,11,225,12
13,54,222.5,8,216,8,217,8,232,8
13,55,203,14,203,14,190,13,199.5,12
13,56,212,14,202.5,14,197.5,14,183.5,14
13,57,2,1,20,1,34.5,0,34.5,0
13,58,1472.5,19,1522,20,1556.5,20,1665.5,17
13,59,20,4,21,4,19,4,21,5
13,60,570.5,24,568.5,25,574.5,26,598.5,25
13,61,16,8,20,8,16,7,16.5,8
13,62,6,4,10,5,10,5,10,5
13,63,42,10,38,10,38,9,39,8
13,64,20,9,27,9,25.5,10,15,7
13,65,65,9,61,9,65,11,61.5,11
13,66,264,20,262.5,20,256.5,20,261.5,19
13,67,653,24,640.5,26,617.5,28,659,28
13,68,51,14,54,15,48,15,53,15
13,69,43,13,40,13,33,11,42,14
13,70,374,17,391.5,16,394.5,17,406,17
13,71,171,15,169,15,164,15,151,15
13,72,4,2,4,2,4,2,4,2
13,73,10,2,10,2,10,2,10,2
13,74,626,25,625.5,27,631.5,27,627.5,27
13,75,59,7,71.5,7,79,7,87,6
13,76,139,18,147,17,140.5,16,152,17
13,77,185.5,12,170,10,199,11,197,10
13,78,133,22,123,22,136,19,140,18
13,79,100,14,103,15,113,16,118,15
13,80,14,5,15,5,17,5,18,5
13,81,56.5,10,65.5,12,68.5,12,73,12
13,82,260,29,266,29,255.5,29,265,29
13,83,270.5,12,257.5,10,272.5,12,285,13
13,84,269,19,277.5,18,280,17,274.5,18
13,85,517,18,538,17,520.5,19,554,19
13,86,117,12,111,13,115.5,12,113.5,12
13,87,158,12,156,13,151.5,13,147.5,13
13,88,152,16,146,17,162.5,17,153.5,18
13,89,94,17,103,16,105,15,117,18
13,90,598.5,27,618,27,623.5,24,638,25
13,91,177.5,21,186.5,21,204.5,21,199,20
13,92,103,15,96,16,108,16,96,16
13,93,113,20,108.5,20,110.5,20,111.5,21
13,94,4242,31,4271,33,4437.5,32,4461,30
13,95,1864.5,36,1878,35,2019,33,2075,34
13,96,611.5,18,658,17,696,14,676,15
13,97,144,15,146,15,144,17,160.5,17
13,98,206,23,199.5,23,202.5,24,208,24
13,99,360.5,13,356,15,364,15,366,16
13,100,801.5,15,782.5,14,760.5,15,740.5,15
13,101,842.5,26,840,24,892.5,25,917,26
13,102,288.5,18,288,18,276.5,17,260.5,17
13,103,1774,28,1809.5,27,1780,29,1786,28
13,104,98,16,102.5,17,100,16,98.5,16
13,105,63,11,56,11,53,11,50,10
13,106,104,16,104,17,96,15,102,15
13,107,967,13,962.5,13,974.5,14,960,14
13,108,54.5,11,52.5,12,60.5,11,57,11
13,109,34.5,10,35.5,10,37,10,27,10
13,110,62,16,62.5,19,66,18,67,19
13,111,47,13,50,13,54,14,56,13
13,112,832.5,22,803.5,23,832,23,835,23
13,113,73,16,74,16,67,16,69,16
13,114,86,19,79.5,19,77,19,81,19
13,115,338,18,349,17,337.5,18,328.5,18
13,116,71,12,74,12,68,12,73.5,13
13,117,139,27,132,27,141.5,27,149.5,26
13,118,1064.5,29,1028.5,32,1036,28,1020,28
13,119,72,17,71,18,73,17,72,18
13,120,108,18,108,17,104,20,104,20
13,121,357,32,366,32,348.5,32,348.5,35
13,122,83.5,16,93.5,17,84,15,82.5,15
13,123,275.5,24,279.5,24,277,25,283,23
13,124,127,18,136,20,129.5,19,131,18
13,125,213.5,21,216.5,23,224,23,212,23
13,126,377,22,376.5,22,350,25,351.5,22
13,127,566,23,577,24,561,23,537.5,23
14,0,184.5,19,173,20,177,18,163.5,19
14,1,9,3,9,3,9,3,11,3
14,2,10,4,16,4,14,5,14,5
14,3,7,2,6,2,5,2,6,2
14,5,6,2,2,1,3,1,4,1
14,6,10,5,7,3,5,3,9,4
14,7,7,3,11,3,10,3,10,3
14,8,10,5,13,6,10,6,7,4
14,9,7,4,9,3,8,3,12,3
14,10,4,2,6,2,11,3,10,3
14,11,168,33,177.5,33,181,30,186.5,31
14,12,49,16,56,17,44,15,51,19
14,13,143,22,145,22,137.5,22,131.5,21
14,14,167.5,15,186.5,15,170,14,176,16
14,15,341,24,342,24,336,22,359.5,23
14,16,142,26,149,28,146,28,141,27
14,17,109,23,118,23,122.5,19,135.5,21
14,18,16,4,22.5,4,19,3,29,3
14,19,78,12,66.5,12,63.5,11,66.5,12
14,20,74,13,78,13,69.5,14,64.5,15
14,21,188,13,216,15,222,13,219,13
14,22,132,25,133,25,135,25,136,25
14,23,400,24,430.5,24,438,26,462,27
14,24,235,21,254.5,22,244.5,22,254.5,22
14,25,317.5,25,314,26,312.5,25,349.5,25
14,26,108,16,112,15,112,15,109,18
14,27,204.5,27,234,27,225.5,26,223,24
14,28,115.5,7,129,8,122.5,8,122,9
14,29,236,19,249.5,20,248.5,19,241,19
14,30,566,24,574.5,24,542.5,25,502.5,25
14,31,261.5,23,249,21,249.5,22,231.5,24
14,32,100.5,14,115,14,121,15,108,14
14,33,338.5,28,332.5,26,359.5,25,369,26
14,34,241.5,23,241,22,244,23,247,23
14,35,1042.5,31,1028,31,1058,30,1005,32
14,36,429.5,15,430.5,13,460,13,440.5,12
14,37,155.5,19,168.5,19,154.5,19,157,19
14,38,186.5,15,185.5,16,177.5,16,180.5,16
14,39,40,4,42,5,42,5,40.5,5
14,40,824.5,41,858,38,826.5,37,851.5,38
14,41,142,15,144,13,141,12,155,12
14,42,73,11,78,11,68,12,70,11
14,43,554.5,20,567,20,566,22,556.5,20
14,44,264,18,278,19,290,19,292.5,19
14,45,51,5,50,5,53,5,45.5,5
14,47,578,16,583,16,605.5,15,611,13
14,48,346,8,329,8,324.5,8,347.5,8
14,49,94.5,6,94,8,97,7,95.5,7
14,50,120,6,117,6,125.5,6,126.5,6
14,51,271,14,289.5,12,285,14,301,13
14,52,259,13,246.5,14,254,14,245,14
14,53,159,11,161,11,164,9,149,9
14,54,35,5,36.5,5,22.5,5,37,5
14,55,725,19,738.5,19,715.5,19,730.5,18
14,56,825,19,868.5,19,892.5,19,1009.5,19
14,57,56,9,47,9,52,9,51.5,9
14,58,717,11,781.5,11,925,11,1054,11
14,59,15,2,14,2,16,2,16,2
14,60,193,15,222.5,14,231.5,16,228.5,16
14,61,1414.5,15,1493,15,1490.5,15,1476,14
14,62,86,14,94,14,86,14,84,14
14,63,123,5,127,5,144.5,7,156,7
14,64,43,14,42,14,34,13,33,13
14,65,45,9,44,10,45,11,43,10
14,66,29.5,11,32.5,11,34,12,29,12
14,67,7,4,16,4,6,3,8,3
14,68,400.5,13,380,13,386.5,14,389.5,12
14,69,496.5,27,510,29,516.5,25,524,26
14,70,15,7,10,6,11,6,15,7
14,72,273,8,273,9,265,8,272.5,7
14,73,103.5,5,96,5,93,5,87,5
14,75,315,15,306.5,14,304.5,16,300.5,15
14,76,25,7,25,6,20,5,19,7
14,77,9,3,9,3,8,3,4,2
14,78,67,10,72,9,66.5,9,70,10
14,79,73,16,66,15,65,13,61,13
14,80,22,6,32,6,37,6,35,6
14,81,170,20,174,20,184,19,185,19
14,82,243,17,260,18,274,17,289.5,17
14,83,212,19,209,20,206.5,20,196.5,19
14,84,109,14,105.5,13,107.5,13,114.5,13
14,85,104,14,97,14,97,13,88.5,12
14,86,79,9,90,9,86,9,89,10
14,87,156,21,166,21,168,21,184,22
14,88,84,12,87,12,76,12,75,9
14,89,45,10,41,10,43.5,10,45.5,10
14,90,292,19,300,19,303.5,18,312,17
14,91,114,16,114,15,112.5,15,112.5,15
14,92,1328,30,1333,29,1335,30,1408.5,32
14,93,1340,14,1341,14,1373,15,1392,16
14,94,3073,16,3008.5,17,3149.5,17,3175.5,16
14,95,1952,25,2014,26,2100,23,2123,23
14,96,55,12,53,12,47,11,49,12
14,97,95,19,91.5,19,81,15,80,19
14,98,96.5,16,96,16,97,16,97,15
14,99,270.5,23,267,23,304,24,285.5,23
14,100,78.5,8,85.5,8,79.5,8,78.5,7
14,101,265,18,282.5,19,298,18,333.5,17
14,102,131,29,131,30,132.5,28,124,30
14,103,121,20,122,18,115,19,113.5,19
14,104,51,15,47,14,41,16,39,15
14,105,68,13,71,13,74,12,72,13
14,106,84,12,81.5,14,73,12,80,12
14,107,223.5,16,233.5,18,219,17,212,18
14,108,344,22,358.5,23,373,24,376,23
14,109,521,29,508,29,503,29,501,29
14,110,2186,25,2242,22,2261,21,2244,21
14,111,153.5,20,158.5,20,157,20,165,21
14,112,87,19,88.5,20,90.5,22,87.5,21
14,113,71,12,63,12,68,13,72,13
14,114,39,9,36,8,36,8,41,8
14,115,68,7,76.5,6,80,7,70,8
14,116,68.5,14,73,16,77,15,76,16
14,117,660.5,18,669,19,647.5,18,648,18
14,118,69,12,76,14,76,15,78,15
14,119,231,21,218,22,222.5,21,228.5,22
14,120,54.5,15,56,16,57,15,55,14
14,121,913.5,19,906,19,929.5,18,909,18
14,122,148.5,13,136,13,141,13,138.5,13
14,123,1737,23,1739,24,1721,24,1612.5,24
14,124,178.5,25,193.5,25,175.5,23,166.5,24
14,125,276.5,22,302,22,292.5,22,276.5,22
14,126,165.5,18,164.5,19,169,18,185.5,18
14,127,269,17,281,18,279.5,18,262.5,17
15,0,381,31,388,32,371.5,32,375,30
15,1,559.5,37,556,36,573.5,38,541,36
15,2,1,1,1,1,,,3,1
15,3,38.5,3,37,3,36,3,44,3
15,6,18,3,15,3,14,3,11.5,3
15,7,3.5,1,4.5,1,5.5,2,5.5,2
15,9,254.5,19,245.5,20,244.5,19,237.5,19
15,10,238.5,35,238,33,238,33,239,33
15,11,157.5,17,159.5,16,152,17,145.5,15
15,12,33,13,36,12,50,14,48,14
15,13,107.5,17,105,18,104,17,101,17
15,14,81,18,78.5,16,79.5,17,88.5,17
15,15,318,35,339,35,323,31,331,31
15,16,89,18,88.5,18,96.5,17,103,17
15,17,8,1,7,2,10,2,7,2
15,18,84,14,86,14,77,13,72,15
15,19,132,23,135.5,23,121,23,133.5,22
15,20,151,17,172.5,17,168.5,17,154.5,17
15,21,199,27,204.5,27,194.5,25,208.5,26
15,22,72,14,77,14,98,12,78,14
15,23,462.5,32,457.5,28,461,31,476.5,32
15,24,76,9,72,9,77,11,70,11
15,25,347,21,361,20,348,21,353,20
15,26,76,19,82,20,68.5,19,60,15
15,27,508,36,501.5,37,491.5,34,492,36
15,28,102,16,101,16,104,16,100,17
15,29,452,34,442.5,32,465,30,498.5,31
15,30,239.5,22,247.5,23,283,23,276.5,24
15,31,423,27,458,27,463,29,444.5,29
15,32,106,20,115,21,116,22,123.5,25
15,33,101.5,19,113.5,19,120.5,19,119.5,18
15,34,449,28,454,28,466,30,499.5,31
15,35,98.5,14,106.5,15,132,17,142,16
15,36,115,14,121.5,14,138.5,14,145,13
15,37,131.5,17,118,15,126.5,16,134.5,17
15,38,227,23,232,23,247.5,21,243.5,21
15,39,200,18,199.5,16,195,15,210.5,15
15,40,173.5,14,156,15,181.5,14,207.5,14
15,41,82,13,79,12,80,12,79,12
15,42,68,12,67,13,61,13,72,13
15,43,81.5,10,80,10,77.5,9,82,10
15,44,218,16,242,13,240,16,233,16
15,45,2,1,2,1,2,1,2,1
15,46,91,7,88,7,88,7,86,7
15,47,107.5,14,106,15,109,14,107,15
15,48,94,13,106,14,89,14,95,14
15,49,299.5,21,294.5,20,295,21,288.5,20
15,50,177.5,13,179.5,13,173,13,186,14
15,51,222,6,216.5,6,199.5,6,207.5,6
15,52,141,6,135,6,142.5,6,127,6
15,53,289.5,10,292.5,10,300.5,10,320,11
15,54,237.5,13,252.5,13,259,14,248,13
15,55,1,1,1,1,3,2,2,2
15,56,87,4,87.5,4,79.5,4,75.5,4
15,57,111,8,105,7,109,7,110,7
15,58,210,15,205,14,231.5,15,428.5,15
15,59,128,9,144.5,9,146.5,9,144,10
15,60,67,13,71,15,77,15,78,15
15,61,270,10,272,10,292,10,280,10
15,62,24,8,26,7,23,7,29,8
15,63,70,15,70,15,71,16,71,16
15,64,37,10,40,11,38,10,26,9
15,65,98,13,99,14,102,13,107,14
15,66,931,30,945,30,927,32,908.5,31
15,67,105,14,118,14,108,14,101,14
15,68,300,22,311,23,313.5,23,321.5,25
15,69,113.5,19,100,19,97,19,98,18
15,70,60,15,59,15,56,15,57,15
15,71,12,2,12,2,12,2,12,2
15,72,73.5,9,81,9,96,9,94,8
15,73,260.5,6,255,6,255,6,257.5,6
15,74,350.5,18,364.5,17,394.5,17,405.5,18
15,75,357,18,366,20,362,19,366.5,19
15,76,165,13,146.5,13,142,13,149,14
15,77,113,16,118,16,110,15,138.5,16
15,78,86,18,80,18,82,18,84,17
15,79,15,2,13,2,13,2,17,2
15,80,540,34,561.5,34,547.5,35,539.5,33
15,81,118,21,116.5,21,117.5,21,114,21
15,82,342,16,328.5,15,306.5,16,300,15
15,83,40,5,44,6,45,6,48,6
15,84,90,11,84,11,96.5,13,102.5,14
15,85,60,11,65,11,62,10,63,10
15,86,114,16,111,15,114,15,113,16
15,87,715.5,17,685,19,715.5,17,725,18
15,88,1205,20,1242,21,1240.5,19,1254,18
15,89,27.5,6,28.5,6,28,6,26,6
15,90,234.5,20,244.5,20,229.5,21,229,22
15,91,87,12,99,12,101,14,101,14
15,92,83.5,13,79,13,72,13,71,13
15,93,139,21,121,20,123,22,127,23
15,94,583,27,590.5,28,554,31,594,30
15,95,99,24,103,24,109,24,107,24
15,96,74,16,73,16,76.5,16,68.5,15
15,97,115,23,124,24,121,22,127,26
15,98,47,11,47,12,46,11,40,12
15,99,2667,19,2672,18,2952.5,17,2722.5,19
15,100,321,26,336.5,26,337.5,28,319.5,26
15,101,45,12,49,12,54.5,12,56,11
15,102,112,24,124,24,111,22,104,23
15,103,23,6,26,6,26,6,22,6
15,104,50,11,42,10,52,11,55,11
15,105,1647,25,1704,25,1772.5,28,1811,28
15,106,73,15,80,16,78,16,84,17
15,107,84,16,83,16,77,15,72,16
15,108,140,15,162,16,175.5,15,170,16
15,109,88,18,89,18,89,17,82,16
15,110,77,17,80.5,18,69.5,18,67.5,18
15,111,77,20,75,22,71.5,20,68,19
15,112,65,18,59,16,59,18,60.5,18
15,113,135,24,138,26,134,24,122,25
15,114,1188.5,30,1160.5,32,1171.5,31,1170.5,30
15,115,62,13,59,12,47,12,50,12
15,116,1144,26,1140.5,25,1159,24,1187.5,24
15,117,594,23,576.5,24,578.5,25,580.5,25
15,118,108,18,113,20,104.5,19,100.5,19
15,119,164,12,160,12,174,13,172,13
15,120,553.5,21,556.5,19,539,21,544.5,21
15,121,197,23,184.5,21,182.5,22,182,24
15,122,731,12,743,12,770.5,11,746,11
15,123,221,20,208.5,21,255,21,265.5,21
15,124,560.5,29,553.5,29,544.5,30,530.5,30
15,125,747.5,25,777,25,841.5,26,810.5,28
15,126,208,16,237,16,225.5,16,220.5,16
15,127,170,24,174,23,179,21,175,24
16,0,537,36,544,37,546,35,548.5,35
16,1,106.5,16,115,16,104,17,96,17
16,2,41.5,8,45.5,8,42,8,46,8
16,3,861.5,37,879.5,36,916.5,39,937,37
16,4,266,26,274.5,26,259,26,247.5,25
16,5,400,17,425.5,16,434,15,482,15
16,6,185.5,18,175.5,19,184.5,19,180,19
16,7,213.5,27,215,28,194.5,27,207,28
16,8,156.5,36,155.5,36,163.5,37,171.5,34
16,9,158,34,163,34,162.5,34,179,34
16,10,111,22,121.5,24,119.5,25,133,23
16,11,95,19,101,19,110.5,20,101,21
16,12,56,14,59,16,62,16,61,17
16,13,138.5,23,146.5,22,130.5,22,130,22
16,14,69,15,76,15,69,16,83,19
16,15,18,4,15,4,16,3,20,4
16,16,8,1,4,1,1,1,3,1
16,17,37,8,32,9,30,7,27,6
16,18,185.5,23,185.5,21,187.5,20,174,21
16,19,165,22,174,21,180,22,185,22
16,20,110.5,21,104.5,21,128.5,21,127,21
16,21,1172.5,33,1210.5,33,1201.5,31,1221.5,31
16,22,301.5,22,316,22,291,23,316.5,22
16,23,358,27,356,27,320.5,28,338.5,25
16,24,190.5,19,219.5,19,237.5,19,237.5,18
16,25,290,20,280.5,19,289,19,299.5,19
16,26,133.5,21,143.5,21,147,21,140,20
16,27,84,21,82.5,22,88.5,22,85,23
16,28,225,21,222.5,21,226.5,20,222,21
16,29,158,21,150.5,22,165,22,168.5,21
16,30,613,39,658,38,634.5,39,612.5,39
16,31,136,13,151,13,138,13,145.5,13
16,32,1138.5,29,1144.5,27,1130.5,28,1143,26
16,33,372.5,22,376,24,371.5,26,367.5,24
16,34,130.5,17,134,17,147,18,141,17
16,35,341.5,17,350.5,17,363.5,16,394.5,18
16,36,44,7,46,8,39,5,45,6
16,37,293,18,293,17,292,19,288,17
16,38,68,11,71.5,11,71,11,70.5,11
16,39,159.5,19,151.5,19,156,19,147.5,18
16,40,114,17,127,17,137,15,145.5,17
16,41,115,19,120,20,115.5,17,115.5,18
16,42,222,16,237,16,250.5,16,249.5,16
16,43,298,17,299,17,286,16,284.5,17
16,44,22,5,22,4,23,5,20,5
16,45,57.5,6,56,6,52.5,5,52.5,4
16,46,264,18,279.5,18,264,18,266,18
16,47,198,17,198,17,223.5,17,223.5,17
16,48,146,17,141.5,17,138.5,15,147.5,15
16,49,130,7,135,7,120,6,126.5,7
16,50,748.5,9,748,9,711,9,697.5,9
16,51,53,7,49,7,48.5,6,47,6
16,52,73,12,84,12,98,12,88,12
16,53,289.5,13,292,12,281,12,290,12
16,54,465,12,471,13,472,12,451,12
16,55,15,4,14,3,13,4,14.5,4
16,56,143,13,147.5,13,160.5,12,166,13
16,57,1158,17,1227.5,16,1310,16,1370,15
16,58,111.5,3,181.5,3,221,2,214.5,2
16,59,1278.5,12,1320.5,13,1391,12,1477.5,12
16,60,24.5,6,23,6,23,6,34,7
16,61,67.5,9,60.5,9,65,9,66.5,9
16,62,322.5,14,323.5,14,301.5,14,306,14
16,63,319,20,326,19,330,21,302.5,20
16,64,26.5,11,31.5,14,33,14,32.5,14
16,65,455,29,452.5,29,485,29,470,29
16,66,111,4,109,4,120.5,4,119,4
16,67,278,20,298,19,309,18,285,19
16,68,149,12,157,13,163.5,13,158.5,14
16,69,230,16,231.5,19,225,17,235,16
16,70,773,25,769,25,793.5,25,747,26
16,71,28,7,25,7,28,7,26,7
16,72,279,13,290.5,13,278.5,12,281.5,12
16,73,142.5,16,121.5,15,134.5,16,137,16
16,74,135.5,20,127,19,142.5,19,135,18
16,75,201.5,16,200.5,17,209,17,223.5,17
16,76,81,15,79,15,87,19,86,19
16,77,257,22,259.5,22,258,20,258.5,22
16,78,70,12,65,11,67,12,62.5,11
16,79,116,17,118,17,118,15,121,18
16,80,330,34,319.5,32,338.5,31,329.5,32
16,81,100,21,99,21,101,20,104,17
16,82,311,27,316.5,29,326,27,353.5,27
16,83,56,5,49,4,49,5,48,5
16,84,35,9,36,9,34,9,33,10
16,85,412.5,10,417,10,426,11,451.5,10
16,86,293,13,286,13,286,13,300.5,14
16,87,5,2,5,2,5,2,5,2
16,88,57.5,12,68.5,14,67.5,11,68.5,14
16,89,240.5,32,246.5,33,239.5,32,237.5,32
16,90,1677,23,1682.5,23,1741.5,23,1708,22
16,91,163.5,11,157,12,166,12,157,12
16,92,241,20,219,20,228,21,244.5,20
16,93,125,21,113.5,22,121.5,24,129,23
16,94,106,18,102,18,86.5,17,89.5,18
16,95,31,5,31,5,24,5,24,5
16,96,24,9,30,11,19,6,32,11
16,97,1332.5,26,1327.5,24,1060.5,22,1369,25
16,98,42,11,38,10,41,13,42,11
16,99,86,20,75,20,78,19,70,19
16,100,167,24,155,23,157,25,153,26
16,101,642.5,26,616.5,26,608,23,599,22
16,102,505.5,25,546.5,24,539,24,539,23
16,103,87.5,19,84.5,19,95.5,19,91,18
16,104,63,17,65,17,63,18,56,16
16,105,63,12,69,12,67,12,61,11
16,106,40,11,41,11,42,10,45,9
16,107,2862.5,26,2942,27,2926.5,29,2927,29
16,108,4411,19,4482,20,4596.5,18,4575,18
16,109,583.5,28,595,28,616,26,633.5,25
16,110,322.5,15,317.5,16,307,15,315.5,15
16,111,116,24,117,23,115,24,110,24
16,112,1104.5,30,1085,33,1074,33,1125,29
16,113,84.5,17,80.5,17,90,19,133.5,17
16,114,97,14,92,15,108.5,16,100,16
16,115,94,13,96,15,86,14,95,14
16,116,1692.5,17,1692,19,1689,17,1633,17
16,117,1596,23,1626,23,1625.5,25,1624.5,23
16,118,41,13,42,13,42,12,48.5,12
16,119,74,12,75,14,76.5,12,79,13
16,120,615.5,20,607,18,623.5,19,627.5,19
16,121,316,27,307.5,26,307,27,303.5,28
16,122,77,12,62.5,10,70,11,71,11
16,123,95,13,104,13,118,11,121,11
16,124,167.5,25,171.5,25,177,25,150.5,23
16,125,135.5,22,126,20,141,20,125,19
16,126,532.5,31,563,33,575.5,29,543.5,30
16,127,135,26,140,26,150,27,145,26
17,0,516,39,532,41,542,41,581,42
17,1,228.5,31,246,30,232,32,258,32
17,2,160,22,160,21,161,21,173.5,21
17,3,157.5,30,174.5,30,170,30,174.5,30
17,4,225,19,210,19,206.5,18,210.5,19
17,5,1720,36,1628,36,1678,38,1682,39
17,6,252,31,253.5,30,254,30,249,30
17,7,82.5,14,68,14,87,14,83.5,14
17,8,104,25,98,24,97,25,98,25
17,9,70,18,66,18,77.5,19,87.5,17
17,10,135,23,140.5,24,146,22,150,24
17,11,145,26,153.5,26,146.5,26,144.5,28
17,12,70,19,70,19,61,18,66.5,20
17,13,285.5,28,285,28,291,27,278.5,27
17,14,30,10,30,9,28,8,26,9
17,15,10,3,10,3,10,3,9,3
17,16,2,1,2,1,2,1,4,2
17,17,163.5,26,173,26,183.5,26,188,25
17,18,291.5,19,301,19,287,19,306,19
17,19,107,14,109,14,112,15,111,16
17,20,169,11,166,13,175,11,171.5,12
17,21,370.5,20,380.5,20,378,18,381,19
17,22,168,16,181,18,170.5,17,201,17
17,23,197.5,19,222.5,20,228.5,21,227,20
17,24,50,11,59,13,46,11,53,12
17,25,101,21,101,20,92,19,87.5,19
17,26,277.5,17,263.5,17,258.5,16,272.5,16
17,27,937,27,942.5,28,929.5,29,890.5,28
17,28,178,22,176,24,183,21,170.5,23
17,29,145,17,155.5,17,167,19,158,17
17,30,332,21,345,19,354,19,356.5,19
17,31,97.5,15,95,15,106,17,95.5,17
17,32,890.5,25,901,26,908.5,26,901.5,26
17,33,378.5,19,388.5,18,416.5,20,425,18
17,34,122,17,111.5,17,125.5,17,146.5,17
17,35,32,4,32,4,29,3,27,4
17,36,367,17,390.5,16,377.5,17,403,19
17,37,280,14,267.5,14,270.5,14,269.5,13
17,38,173.5,19,158.5,19,172,19,177.5,19
17,39,157.5,16,148,16,136,17,148.5,17
17,40,93.5,16,109.5,14,116,14,125.5,14
17,41,89,16,94,15,91,14,91.5,14
17,42,40,5,32,5,43,5,47.5,6
17,43,123,12,136,14,143,14,149.5,14
17,44,56,11,60,11,63.5,9,61.5,9
17,45,179,9,161,8,167,8,190,8
17,46,73,8,77,7,80,6,78,8
17,47,42,8,48,9,41,8,44.5,8
17,48,577,19,580,18,579,15,595.5,15
17,49,60,8,59,8,63,7,73,8
17,50,177,10,172,11,180.5,10,179.5,10
17,51,2658,24,2694,24,2654.5,26,2641,30
17,52,17,5,15,5,15,5,20.5,6
17,53,5,2,6,2,3,2,2,1
17,54,17,5,18,6,19,6,18,6
17,56,9,2,7,2,8,2,7,2
17,57,5,1,7,2,6,2,7,2
17,59,261,16,255.5,16,274,16,273,16
17,60,109.5,15,118.5,17,134,15,149,16
17,61,309,20,299.5,20,323.5,22,305,21
17,62,824.5,30,816.5,28,794.5,27,851.5,27
17,63,37,10,35,10,37.5,10,34,10
17,64,44,11,41,11,44,13,44,13
17,65,4,2,3,2,6,2,8,3
17,67,501,26,490.5,26,496,25,466.5,24
17,68,287.5,11,270.5,12,297.5,13,277.5,12
17,69,660,12,653.5,13,597.5,13,599,13
17,70,375,20,356.5,20,373.5,21,391,21
17,71,793,44,821.5,44,829.5,45,830,44
17,72,981.5,36,1034,34,1002,35,1045,35
17,73,731,19,733,19,749,18,747.5,19
17,74,20,7,19,7,18,8,11,7
17,75,241,20,236.5,19,250.5,19,255,20
17,76,40,8,48.5,9,51.5,9,51,9
17,77,91,19,84,19,73.5,19,74.5,18
17,78,39,8,43,11,43,12,41,11
17,79,160,28,156,28,153,28,140.5,27
17,80,241.5,18,240,19,237,16,235.5,18
17,81,125,18,138,21,155,21,168,21
17,82,100,19,100,21,91,21,88,20
17,83,120,17,137.5,17,129,17,129,17
17,84,277.5,16,274,16,282,14,296,16
17,85,103,12,100.5,12,102.5,12,109.5,12
17,86,100,12,89.5,13,94.5,14,95,14
17,87,26,7,29,7,29.5,8,44.5,9
17,88,207.5,24,202,23,208.5,24,204.5,23
17,89,112.5,17,119.5,16,118.5,15,103.5,15
17,90,171.5,24,174,24,188,23,187.5,24
17,91,107,15,105,14,106,14,100,15
17,92,555.5,25,556.5,25,569.5,25,545.5,25
17,93,209,21,213.5,21,230.5,22,221,21
17,94,747,23,772.5,23,798,24,800.5,23
17,95,51,5,44,5,47,5,37,6
17,96,40,10,38,9,45,9,41.5,8
17,97,87,16,90.5,16,85.5,17,87,18
17,98,103,18,103,18,101,18,105.5,19
17,99,181,29,197,28,185,25,195.5,27
17,100,1070,34,1056.5,35,1066.5,37,1073.5,39
17,101,3574,26,3588,25,3601,26,3606.5,26
17,102,49,12,52,12,48,12,47,11
17,103,1921,12,1887,12,1955.5,11,1953,11
17,104,64.5,14,65,14,56,12,54,14
17,105,738.5,16,758,18,748,18,761.5,18
17,106,94,19,98.5,20,98.5,20,106.5,20
17,107,47,13,46,13,51,14,46,14
17,108,1657,11,1643,12,1653.5,11,1626,11
17,109,446.5,29,432.5,27,455.5,28,483,28
17,110,56,9,50,10,50,10,49,10
17,111,111,19,109,18,106,17,100,17
17,112,501.5,25,540,28,556.5,22,589.5,21
17,113,5431,25,5462,26,5525.5,25,5499,24
17,114,52,13,60,13,61,13,56,13
17,115,87,14,81,15,80,15,79,15
17,116,138,18,136,18,141.5,17,140.5,18
17,117,108.5,19,97.5,19,112,21,109.5,20
17,118,454,18,452,18,465.5,17,468.5,18
17,119,93,12,93,12,92,11,91,12
17,120,71,17,65,17,62,17,66,17
17,121,944,20,997,21,1017,20,1013,21
17,122,934,26,949.5,26,974.5,24,955,24
17,123,2362,25,2394,23,2474.5,21,2408,22
17,124,46.5,13,44.5,13,40,12,37,13
17,125,222,30,229.5,30,205,29,178,30
17,126,111.5,15,115.5,15,122,16,117,16
17,127,166,29,168.5,29,171,26,171,28
18,0,101,17,106.5,18,112.5,19,116,18
18,1,967,31,938.5,31,951,32,988,29
18,2,438,20,447.5,21,451.5,21,438.5,20
18,3,331,33,348,34,337,36,329.5,36
18,4,310.5,27,335,28,359,28,342,27
18,5,341,32,353.5,34,341,33,353.5,33
18,6,218,28,233,28,228,29,228.5,30
18,7,163.5,32,166,32,138.5,33,155.5,31
18,8,86,17,83,15,100.5,17,103.5,17
18,9,109,23,121,25,135,25,135,25
18,10,168,24,153,23,143.5,22,142,23
18,11,154,25,160,25,152,26,156,27
18,12,125,18,136.5,19,138.5,19,143.5,18
18,13,83,21,83,22,94,25,89,27
18,14,3,2,4,2,3,2,2,1
18,15,79,15,80,16,72,16,66,16
18,16,108,20,99,18,101.5,18,113.5,20
18,17,102,15,90,15,98.5,13,95,16
18,18,135,14,129,14,128.5,15,118,15
18,19,149.5,20,143,21,125,18,132.5,17
18,20,228,15,233,15,225,16,224.5,16
18,21,122,15,122,15,117,15,125.5,15
18,22,139.5,16,126,16,142.5,15,146.5,17
18,23,199,18,187.5,18,177,19,173,18
18,24,617.5,29,656,30,646,29,668.5,27
18,25,381,22,396,22,386.5,22,378.5,21
18,26,949,35,982.5,32,1011.5,30,1094,29
18,27,42,9,40,9,42,11,42,11
18,28,237.5,25,240,26,243,24,230.5,25
18,29,125,14,116,14,112.5,13,113,13
18,30,1437,27,1405.5,29,1429,28,1477.5,29
18,31,803.5,32,824.5,32,774.5,33,777,31
18,32,267,21,274,20,271.5,22,259,23
18,33,493,37,485.5,39,484.5,36,474.5,36
18,34,6.5,1,13.5,2,14,2,11,2
18,35,346,21,340,21,346,20,331,20
18,36,319.5,22,338.5,21,328,23,339,22
18,37,31,7,32,6,37,5,34,5
18,38,502,28,503,26,522.5,25,546,26
18,39,100,12,104,12,101,13,101,11
18,40,147,26,172.5,26,168.5,27,171,27
18,41,254,21,258,21,274,22,279.5,22
18,42,91.5,8,98,9,90,9,90,9
18,43,866,20,855,20,903.5,20,955.5,20
18,44,62,10,57,10,58,11,62,11
18,45,117,9,99.5,8,108,10,101,10
18,46,36,6,39,6,35,5,37.5,6
18,47,76,14,78,14,77,14,85,14
18,48,140,12,141,13,146.5,13,147.5,13
18,49,23,2,21,3,15,2,15,2
18,50,32,4,37,4,36,4,34,4
18,51,3210,16,3291.5,15,3250.5,14,3277.5,14
18,52,50,10,51,10,48,8,82,9
18,53,744.5,11,763.5,10,780.5,10,810,11
18,54,268.5,18,271,18,264.5,17,262,17
18,55,56,7,53,7,74.5,7,81.5,8
18,56,3,2,4,3,3,2,7,3
18,57,445.5,12,469,12,477.5,14,486.5,16
18,58,146,6,155,6,146,6,157.5,7
18,59,429.5,15,412,15,410,15,419,18
18,60,23,2,27,2,24,2,23,2
18,61,67,9,62.5,9,61.5,9,65.5,9
18,62,32,9,29,9,36,11,30,11
18,63,55.5,10,58.5,12,60,13,62,13
18,64,553,21,541.5,22,529,23,521,21
18,65,25,6,29,6,29,6,22,5
18,66,1,1,1,1,1,1,,
18,67,467.5,29,471,29,490.5,28,500,26
18,68,109,18,101.5,16,100.5,17,104,18
18,69,130.5,12,120.5,12,120.5,11,132.5,11
18,70,772,19,754,19,737,16,728,17
18,71,5040.5,29,4991.5,30,5019.5,28,5007,31
18,72,1323,29,1299,28,1287,28,1324.5,26
18,73,602.5,18,594.5,18,588,17,592,16
18,74,53,11,61,11,60.5,10,54.5,10
18,75,225.5,20,225,19,214.5,19,230.5,17
18,76,248,12,246.5,12,239.5,12,248,12
18,77,52.5,13,56.5,14,54,13,47,13
18,78,66,15,65.5,14,72.5,13,77.5,14
18,79,201,21,222.5,20,225,23,219,22
18,80,59,10,54,10,59,10,58.5,10
18,81,107,20,122,21,119,18,124,18
18,82,76,14,85,14,86,14,90,15
18,83,1059.5,19,1036.5,19,1030,19,1032.5,19
18,84,53,10,49,10,50,11,49,10
18,85,48,6,43.5,6,52.5,6,56,6
18,86,108,14,102.5,13,102.5,14,104,14
18,87,47,14,50,13,45,13,50,15
18,88,133,18,125,18,127,17,121,17
18,89,198.5,16,207.5,16,198.5,15,190,14
18,90,180.5,21,183,23,181,24,184,23
18,91,689.5,19,706,20,707.5,16,719,16
18,92,554,26,576.5,26,575,24,593.5,23
18,93,19,3,19,4,17,4,16,5
18,94,1380.5,24,1433,25,1464.5,23,1491,23
18,95,1162,22,1160,20,1177,20,1206,18
18,96,29.5,8,28.5,8,24,7,25,7
18,97,1371,22,1356.5,22,1355,22,1396.5,23
18,98,193.5,17,183,18,189,18,178,19
18,99,390,16,397.5,18,402,15,392.5,16
18,100,71,16,81.5,17,87,18,88,17
18,101,85,18,83,18,72,16,69,17
18,102,102,22,90.5,22,85.5,20,94.5,22
18,103,590.5,15,659.5,15,712,15,709,15
18,104,467,24,477.5,23,464,22,473.5,22
18,105,2731,21,2799,20,2810,19,2767,18
18,106,75,15,74,15,79,15,83,16
18,107,74,15,73,14,77,14,79,14
18,108,92,17,89,17,79,16,76,17
18,109,930,17,1010.5,18,981,17,969,18
18,110,231,19,233.5,21,272,18,261.5,18
18,111,1281.5,20,1284,21,1275.5,21,1293.5,19
18,112,424,24,424,25,478,22,489.5,21
18,113,473.5,21,480.5,21,483.5,20,482,21
18,114,83,14,78,14,80.5,14,76,16
18,115,589.5,22,572.5,22,557,21,550.5,21
18,116,222.5,18,241,21,227.5,20,246,20
18,117,1026.5,28,1027.5,29,997,26,1014.5,28
18,118,210,20,198.5,19,197.5,21,189,21
18,119,143,18,140.5,19,147,19,143,20
18,120,434.5,15,415.5,14,432.5,15,451,15
18,121,456,28,461,27,452,28,425.5,28
18,122,160,11,153.5,11,149,12,157,12
18,123,228.5,31,231.5,29,237,29,252.5,31
18,124,107,23,102,22,101,25,100.5,26
18,125,110,20,102.5,18,108,20,101.5,20
18,126,62,14,55,12,49,14,46,13
18,127,554,20,533.5,21,525,20,508.5,19
19,0,112.5,12,112,13,110.5,13,98,13
19,1,74,18,71,18,70,16,75,17
19,2,269,21,274,24,269.5,25,245.5,24
19,3,195.5,13,184,12,200.5,13,186,13
19,4,275,29,261,29,291,27,278.5,26
19,5,320.5,28,335,28,367.5,30,355,30
19,6,93.5,26,110,27,105.5,26,100.5,25
19,7,132,28,131,26,124,26,129,27
19,8,46,15,49,16,58,18,48,18
19,9,553.5,32,512.5,31,535,31,520,31
19,10,548,31,530.5,32,534.5,33,518,31
19,11,91,19,89,20,86.5,20,83.5,19
19,12,65,14,65,14,68,15,62,14
19,13,44,8,46,9,50,9,48,8
19,14,27,3,27,3,39,4,36,4
19,15,156,26,169.5,27,178,26,166,26
19,16,198,23,170.5,23,183.5,25,175.5,26
19,17,74,17,68,17,64,17,66,17
19,18,90.5,10,85.5,10,77.5,10,96,9
19,19,110.5,12,103.5,11,117.5,11,119.5,13
19,20,146.5,14,127.5,15,136.5,15,128.5,14
19,21,258,19,267,20,266,19,257.5,19
19,22,159.5,15,158.5,15,157,14,155,14
19,23,181,13,191,13,195,14,206,13
19,24,194.5,22,182.5,22,181.5,23,186,24
19,25,88,12,85,11,84,11,96,13
19,26,611.5,31,615,31,636.5,32,619,32
19,27,39,5,39,5,42,4,50.5,5
19,28,125,8,121,8,132.5,9,118,8
19,29,840.5,28,834,28,850,25,790,26
19,30,6862,13,6981,14,6778.5,13,6641,11
19,31,4839.5,22,4934,20,4933.5,17,4785,20
19,32,620,36,620,37,638.5,36,634.5,35
19,33,284.5,30,283.5,31,285.5,30,288,31
19,34,198,24,218,25,219,25,232,22
19,35,323.5,15,317.5,13,286,14,274.5,14
19,36,207,11,213,12,212.5,13,215,13
19,37,299.5,26,324.5,24,323,29,342.5,27
19,38,843,30,850,31,841.5,33,826,34
19,39,107,17,106,17,97.5,15,102.5,18
19,40,48,9,47,9,54.5,8,65,10
19,41,178.5,17,186,20,186.5,20,190,22
19,42,78.5,10,71.5,10,70,10,73.5,10
19,43,28,8,28,8,28,8,29,8
19,44,65.5,6,75,6,78,7,70.5,7
19,45,78,12,78,12,69,12,68,11
19,46,14,5,13,5,14,5,11,5
19,47,32,7,29,7,31,6,27,6
19,48,322,17,350,17,337.5,18,319,16
19,49,133.5,11,130.5,11,135.5,11,135.5,11
19,50,372,20,377.5,21,375,20,380.5,22
19,51,195,14,196.5,13,192,13,181,12
19,52,432,18,433,18,438.5,19,456,17
19,53,289.5,13,296.5,13,307,13,309,13
19,54,58,10,59,10,60,9,62,9
19,55,8,2,9,3,10,5,10,4
19,56,97,5,97.5,5,78,5,91,5
19,57,226,12,238,12,231,13,256.5,10
19,58,56,11,48,11,51,11,51,12
19,59,133,9,139,9,147.5,9,134,9
19,60,84.5,13,80,12,80.5,11,79,12
19,61,16,6,24,8,31.5,8,29.5,7
19,62,55.5,6,66.5,6,62,6,58,6
19,63,128,22,127.5,24,119,24,125,25
19,64,171.5,17,165.5,17,157,16,149.5,16
19,65,4,3,4,3,5,3,4,2
19,66,14,4,12,3,20,4,24,6
19,67,220.5,12,204.5,12,212,12,204.5,10
19,68,242.5,13,247.5,13,228.5,13,228.5,14
19,69,155,15,158,14,150,14,147.5,14
19,70,282.5,15,271,14,255,15,262,15
19,71,4051.5,24,3933.5,22,3870,24,3838.5,24
19,72,1071,39,1069.5,38,1058.5,35,1067.5,37
19,73,125,17,148,18,148,18,144,17
19,74,109,11,102.5,11,93,10,90.5,11
19,75,164,11,151,11,154.5,8,153,8
19,76,48,11,47,12,51,12,54,12
19,77,110,22,106,19,101,20,101,22
19,78,191,16,182,17,180.5,16,176.5,18
19,79,137,20,141,19,122,20,122,17
19,80,31.5,7,32.5,6,39.5,8,33.5,8
19,81,122,19,138,22,124,21,135,24
19,82,46,10,52,12,54.5,11,56.5,11
19,83,275,19,271,16,272,16,270.5,16
19,84,30,6,33,8,30,7,35,6
19,85,106,11,97.5,10,90,12,85.5,11
19,86,620,23,628,24,624.5,23,606,23
19,87,248.5,19,244,19,260,19,277.5,22
19,88,795.5,22,787,23,791,24,832.5,22
19,89,1204,25,1228,25,1239.5,26,1278.5,28
19,90,74,15,75,13,76,15,75.5,16
19,91,1443.5,24,1422.5,22,1425,23,1426,21
19,92,498,23,469.5,21,486.5,22,475,22
19,93,42,11,44,11,47,10,42,10
19,94,35,6,34,6,33,6,30,6
19,95,78,15,70.5,14,75,15,74,16
19,96,354,22,349,22,341.5,22,347,20
19,97,183,19,174.5,19,176.5,17,171.5,19
19,98,957.5,27,992,27,1111.5,25,1146,25
19,99,1935,27,1970.5,28,1955,28,1918,28
19,100,79,21,74,21,62,19,60,21
19,101,1901.5,28,1878.5,29,1821.5,30,1788.5,31
19,102,212.5,26,214,26,204.5,24,203,26
19,103,2081,27,2128.5,28,2152.5,28,2066.5,26
19,104,5416,17,5379.5,17,5460.5,20,5470,20
19,105,2201.5,20,2207.5,19,2264.5,18,2231,18
19,106,2138.5,16,2261,16,2297.5,18,2256.5,17
19,107,605,18,661,19,693.5,19,682,20
19,108,71,18,80.5,19,75.5,18,69,19
19,109,929,19,928,18,939,16,938.5,16
19,110,98,18,87,16,87,17,99,18
19,111,258,9,255,12,255,10,272.5,11
19,112,70,18,59,18,67,18,73,19
19,113,67,12,72,14,66,16,59,16
19,114,80,20,76,18,81,18,80.5,19
19,115,341,13,339.5,14,320,15,317,15
19,116,34,11,41,14,37,11,40,12
19,117,87,19,79,18,76,17,77,18
19,118,57,14,54,14,50,16,45,15
19,119,75,14,77,14,77,14,85,15
19,120,68,13,60,12,66,13,68,14
19,121,97,19,88.5,18,94,20,92.5,19
19,122,12,3,13,4,13,4,15,4
19,123,562.5,32,562.5,31,557,30,552,31
19,124,112,22,88,22,92.5,22,94,21
19,125,156,29,152.5,30,159.5,30,148.5,28
19,126,453.5,26,457.5,24,459.5,26,455,27
19,127,112.5,18,109.5,20,101,20,95.5,18
20,0,33,2,41,3,49.5,3,46,3
20,1,243,23,235.5,24,225,23,214.5,23
20,2,313,13,314.5,14,339,15,331.5,15
20,3,123.5,18,131,18,128.5,19,125,19
20,4,271,35,299.5,34,302.5,37,281.5,35
20,5,122,28,125,30,119,28,116.5,30
20,6,241,34,240,35,234,36,224.5,37
20,7,127,28,115,25,115,24,97.5,24
20,8,53.5,15,61.5,15,58.5,15,50,16
20,9,60.5,14,68.5,17,66,16,61,17
20,10,107,22,91,22,90.5,21,93,22
20,11,102.5,19,91,19,95,22,91,22
20,12,53,11,73.5,13,65,11,69,13
20,13,101,18,105,18,98.5,18,101.5,18
20,14,127,16,122,17,131,18,150.5,18
20,15,840.5,33,891.5,32,828,32,791.5,31
20,16,398.5,16,337.5,17,393.5,17,433.5,17
20,17,62,12,63,11,69.5,11,73,11
20,18,72,14,69,14,69,15,66.5,15
20,19,104.5,19,111.5,19,100,18,106,16
20,20,140.5,14,133,13,130.5,12,130,12
20,21,178,22,193.5,20,184,22,184.5,20
20,22,85,14,95,14,91,15,91.5,15
20,23,229,21,228,21,231.5,23,242,22
20,24,199,15,189.5,15,199,15,198,15
20,25,537,24,538,24,541,24,553.5,24
20,26,100,8,104,8,102,8,99.5,8
20,27,191,16,188,16,177,16,173,17
20,28,603,19,658,18,650,16,637,19
20,29,591,9,586,7,597.5,7,584,6
20,30,7043,19,7083.5,20,6993,18,6972.5,19
20,31,1984.5,36,2034.5,32,2027,33,1966.5,31
20,32,441,28,426,27,430,25,443,26
20,33,881.5,29,879,27,860,28,863.5,29
20,34,624.5,36,642.5,37,620.5,38,595.5,38
20,35,229.5,22,213.5,23,232.5,22,215.5,22
20,36,181,19,199,19,218.5,19,219.5,20
20,37,94.5,14,89.5,14,72,13,75,13
20,38,66,4,62,4,59.5,4,56,4
20,39,30,7,29,7,29,8,33,8
20,40,230.5,22,230.5,22,228,21,218,21
20,41,267.5,9,263,10,262.5,9,256.5,10
20,42,55,11,57.5,10,75.5,11,75,11
20,43,105.5,11,99,11,108.5,11,98.5,11
20,44,19,2,18,2,19,2,21,2
20,45,3,2,2,1,1,1,2,2
20,46,32,7,33,8,31,7,28,6
20,47,93,9,101,9,98,9,97.5,9
20,48,105,9,110,9,116,11,118.5,9
20,49,113,12,105,11,113.5,11,121,12
20,50,302.5,10,298.5,8,329.5,9,335,10
20,51,158,7,168,7,151.5,7,132.5,7
20,52,7,2,6,2,6,2,6,2
20,53,4,3,5,2,3,2,2,2
20,54,314,15,307.5,15,314.5,13,323,11
20,55,25,7,21,7,21,7,21,7
20,56,11,5,9,4,11,5,11,5
20,57,300.5,16,296.5,16,295.5,15,302,15
20,58,72.5,5,66,5,56,5,57.5,5
20,59,405.5,12,392,12,395,12,399.5,11
20,60,692,21,672,21,672,23,677.5,21
20,61,,,,,,,1,1
20,62,395.5,18,396,18,391.5,18,401.5,18
20,63,202,12,205,14,206,14,207.5,14
20,64,33,8,28,9,24,8,24,10
20,65,311,22,304,18,316.5,17,311.5,21
20,66,815.5,31,761,30,752.5,28,736,29
20,67,85,17,93,17,86.5,16,82.5,16
20,68,20,5,20,5,17,5,17,5
20,69,656.5,18,655,18,655.5,18,650,17
20,70,101,8,93,8,102,8,105.5,8
20,71,305.5,22,322,22,312.5,24,295.5,23
20,72,510,23,506,22,532.5,23,519,23
20,73,2,1,2,1,,,,
20,74,232,17,220.5,16,213.5,16,206,16
20,75,11,5,11,5,12,5,9,5
20,76,51,12,47,10,41.5,9,46,9
20,77,329,21,319,21,303,21,305,24
20,78,58,11,58.5,11,63,11,59.5,11
20,79,66,13,78,14,75,15,68,14
20,80,82,10,70,10,72,8,75,10
20,81,451,22,446,23,445.5,24,429,25
20,82,485,24,500.5,26,506.5,25,493,25
20,83,94,15,94,15,97.5,16,99.5,16
20,84,26,4,23,4,22,3,22,3
20,85,503.5,14,506.5,15,525.5,17,538.5,17
20,86,189.5,19,176.5,18,178.5,17,177.5,17
20,87,554,26,546.5,26,526.5,25,517,24
20,88,2043.5,32,2013,32,2014,33,2018.5,30
20,89,963,19,963,19,962.5,18,989.5,20
20,90,67,16,62,14,82.5,15,68.5,16
20,91,84,14,73,13,72,13,75,14
20,92,446,23,457.5,24,445.5,22,420,22
20,93,79,11,76,14,75.5,12,77.5,12
20,94,38,4,31,4,28,4,30,4
20,95,93.5,20,101.5,21,97.5,20,94,19
20,96,1010,20,990.5,18,991,16,1012.5,18
20,97,73,15,70.5,15,61.5,16,66,16
20,98,95.5,19,97,20,84,18,79,17
20,99,32,9,37,10,38,10,42,10
20,100,82,12,80,12,72.5,11,73,12
20,101,114,15,110,16,100,16,100,16
20,102,123,24,118,25,119.5,23,122,23
20,103,5759,24,5808,23,5854,24,5725,24
20,104,15757.5,4,15876,4,16029,4,15893.5,4
20,105,5254,20,5257.5,21,5138,20,5224,21
20,106,281.5,22,284,23,269.5,22,273.5,21
20,107,67,17,65,15,65,15,69,15
20,108,2045.5,23,2005.5,23,1949.5,24,1971.5,24
20,109,1440.5,18,1429.5,18,1491,19,1491.5,21
20,110,380,24,367.5,26,383.5,26,382.5,26
20,111,121,18,140,17,137,18,131,17
20,112,48,13,48,13,45,11,44,12
20,113,91,16,85,17,88,15,82,16
20,114,39,7,37.5,9,33.5,7,33.5,8
20,115,44,13,44,13,44,13,47,14
20,116,64,16,71,15,75,16,70,14
20,117,224,19,226,17,224,18,212.5,18
20,118,50,14,48,16,48,15,46.5,15
20,119,356,15,346,15,355.5,15,339.5,15
20,120,112,23,105.5,22,104,23,100,23
20,121,1273,31,1278.5,31,1267.5,28,1253.5,30
20,122,40,9,43,11,37,11,36,11
20,123,90,12,90,11,81.5,13,99,13
20,124,231,26,239,27,225,27,230,27
20,125,142,18,135,17,135,18,140,18
20,126,50,10,52,10,49,9,54,11
20,127,180.5,20,188,21,182,23,169,21
21,0,181,19,190,19,181,19,164,22
21,1,141.5,23,142,21,145,21,161,22
21,2,143,23,163,26,181,25,191,27
21,3,190.5,26,190,27,180.5,25,175,26
21,4,139.5,22,149,23,151.5,23,137,23
21,5,81,19,90,19,80.5,21,83,21
21,6,95.5,17,85,17,70.5,18,80,17
21,7,62.5,13,66.5,12,85.5,13,75,11
21,8,224,24,207,27,207.5,27,209.5,27
21,9,121,18,128.5,18,125,20,122,20
21,10,37,8,38,9,37,8,34,8
21,11,243.5,20,221.5,19,245.5,16,206.5,16
21,12,78.5,15,77,15,79,16,81,15
21,13,103.5,15,90.5,14,101.5,15,96.5,15
21,14,197,27,195.5,27,209.5,28,217.5,28
21,15,159,24,151,24,169,25,159,24
21,16,78.5,12,73.5,13,68.5,14,68.5,16
21,17,158,21,145,21,152.5,21,139,21
21,18,291,33,301.5,31,298.5,30,285.5,30
21,19,104,19,104,20,98.5,20,102,19
21,20,683,32,702,33,728,33,711.5,32
21,21,1707,37,1760.5,36,1742.5,36,1656,38
21,22,100,14,98,14,96.5,13,98.5,12
21,23,49,12,39.5,10,46.5,10,45.5,9
21,24,52,11,51,11,53,11,54,11
21,25,216,16,236,16,246,17,224,17
21,26,13.5,4,12.5,4,9,3,6,3
21,27,95,7,92,7,112.5,6,110,8
21,28,370.5,15,357.5,15,368,15,399,15
21,29,116.5,13,100.5,13,91.5,13,89,12
21,30,770,37,777.5,37,780.5,35,775,35
21,31,826.5,45,819.5,46,837.5,44,840,44
21,32,604,32,591,33,596,32,566,33
21,33,143.5,18,119.5,18,115.5,18,121.5,19
21,34,179,19,182,21,174.5,21,165,21
21,35,228,17,230.5,18,238.5,18,233,18
21,36,164.5,17,161.5,15,172.5,17,159.5,17
21,37,219.5,23,223,24,209.5,24,211,23
21,38,64,9,66,9,66,9,70.5,9
21,39,133.5,16,128.5,17,142.5,15,149,16
21,40,137.5,15,134.5,14,125.5,14,135.5,14
21,41,70,11,74,11,78,11,82,10
21,42,110,12,109.5,13,106,14,114.5,14
21,43,91,10,98.5,10,89.5,9,105,9
21,44,83,13,79,13,76,13,75.5,13
21,45,139,14,144.5,15,137.5,16,122.5,16
21,46,106.5,7,97,9,85.5,7,81.5,8
21,47,128,8,121,8,125.5,10,100,10
21,48,85,11,84.5,11,90,11,80.5,11
21,49,53,6,49,6,41,6,38,6
21,50,128.5,10,136.5,10,138,11,147,10
21,52,496,16,487.5,13,483,16,486,15
21,53,135.5,9,140,9,144.5,9,130,9
21,54,157,9,159,9,152,9,165.5,9
21,55,1153.5,7,1171.5,7,1159.5,8,1174.5,8
21,56,460.5,21,493,19,549,17,546,18
21,57,27,4,25,4,28,4,27,4
21,58,153,10,143.5,8,146.5,8,137.5,8
21,59,8,2,8,2,6,2,6,2
21,60,2,1,2,1,2,2,,
21,61,377,13,394,13,390,14,395.5,14
21,62,34,10,38,10,38,12,45,13
21,63,229.5,21,227,21,221.5,22,239.5,21
21,64,104.5,15,92.5,15,102.5,16,91,15
21,65,191,22,189.5,23,213,24,221,23
21,66,77,7,79.5,7,67,6,69,5
21,67,66,12,60,13,53,13,60,13
21,68,23,4,21,4,21,4,20,4
21,69,137,10,130,11,122.5,11,119.5,9
21,71,521.5,21,519.5,22,506.5,20,506,21
21,72,135.5,10,133.5,10,122,10,113.5,10
21,73,77,16,82,16,89,14,86.5,13
21,74,441,28,454,27,470.5,29,469,28
21,75,20.5,8,15,7,15,8,17,8
21,76,68,11,75,11,75,11,75,10
21,77,231.5,13,228,13,228.5,14,244,13
21,78,55,12,56,14,57,14,58,15
21,79,521.5,16,516,17,520,17,499.5,18
21,80,199,29,197,29,187,28,186,30
21,81,86,15,91,15,72,14,69,15
21,82,323,25,327.5,26,339.5,25,349.5,24
21,83,30,8,29,7,30,8,31.5,9
21,84,95,12,106,13,111,13,114,13
21,85,125.5,21,126,20,139,22,132.5,22
21,86,109,13,119,12,118,12,119,12
21,87,215,19,193,19,199.5,22,188.5,21
21,88,51,11,43,11,49,12,51,12
21,89,80.5,17,78,17,71.5,17,64,17
21,90,48,11,41,10,40,10,44,12
21,91,85,13,80.5,13,79,14,73,12
21,92,199.5,19,200,21,214,20,230,19
21,93,112,18,121,17,118,17,113,16
21,94,61,10,59,10,61,10,60.5,10
21,95,36,10,33,9,30,8,35,9
21,96,132,12,134,13,125,13,122,12
21,97,200,22,211,23,217.5,21,241,22
21,98,458,22,454,22,434,22,424.5,22
21,99,715,20,711.5,19,714,19,701,20
21,100,114,17,114,18,110,19,105,19
21,101,2754.5,26,2829,27,2802.5,26,2791,26
21,102,78,22,82,22,69,20,91.5,23
21,103,1838,24,1952.5,25,2103.5,25,2311.5,24
21,104,9388,12,9215.5,11,8984,12,9056,11
21,105,1016,30,994.5,29,1038,28,1039,27
21,106,64,15,64,15,64,14,65,15
21,107,90.5,17,89,17,91,18,95,17
21,108,94.5,14,90.5,14,88.5,14,104.5,15
21,109,85,21,89,21,136,21,210,20
21,110,643,15,645.5,16,618.5,16,613,17
21,111,288.5,27,280.5,24,276,26,264.5,25
21,112,757,21,754,21,785,21,773,20
21,113,595,21,628.5,21,658.5,21,635,21
21,114,201,22,198,24,191,24,208,24
21,115,1058.5,24,1070.5,24,1060.5,24,1053.5,24
21,116,59,13,60,14,57,14,49,13
21,117,667.5,21,675,20,675.5,20,672.5,20
21,118,63,16,57,16,64,19,58,16
21,119,84.5,9,84,9,82,9,81,9
21,120,72,18,66.5,15,58.5,16,60,17
21,121,313,24,286,23,298,24,281,25
21,122,121,14,119,15,117,14,122.5,16
21,123,1307.5,32,1320.5,32,1332,28,1321,31
21,124,871,29,847.5,26,938,28,940.5,26
21,125,130,16,132,16,127,16,135.5,17
21,126,206,14,206,15,196.5,14,197,14
21,127,52,18,54.5,18,55,19,52,17
22,0,71,8,66,8,69,8,76,8
22,1,75.5,14,84.5,15,75.5,15,79.5,14
22,2,43,10,43,10,49.5,10,56,10
22,3,45,9,42,9,42,9,35,8
22,4,64,13,69,13,73,13,75,13
22,5,108.5,23,115,23,111,22,114.5,23
22,6,193,27,195,26,193,25,183,25
22,7,83,23,77,23,73.5,24,69.5,24
22,8,64,21,62,19,59.5,18,66.5,19
22,9,29,8,29,8,20.5,5,27.5,7
22,10,110.5,18,122.5,18,120,19,120,20
22,11,58.5,15,60,15,62,15,63,16
22,12,140,21,139.5,21,139,22,139.5,22
22,13,274.5,19,268,18,250,18,258,21
22,14,192,32,198,31,188.5,30,191,30
22,15,240,22,242,22,240.5,22,265.5,22
22,16,216,22,238.5,23,237.5,24,282.5,20
22,17,233,23,236,25,221,25,228.5,25
22,18,177.5,21,163.5,20,160.5,21,149.5,22
22,19,183.5,28,183.5,26,175.5,25,184,25
22,20,164.5,22,169,23,179.5,22,182.5,23
22,21,1060,29,1067.5,30,1042.5,30,1035,28
22,22,226,20,220.5,20,223,22,228.5,22
22,23,191.5,15,216,14,219.5,15,223,13
22,24,292,18,301.5,18,297.5,16,300,18
22,25,39.5,9,49.5,10,50.5,10,41.5,9
22,26,106.5,5,99,6,98,5,96,5
22,27,271.5,21,269,21,280,23,253.5,21
22,28,494,26,508,27,507,27,510,26
22,29,1010,19,1036.5,19,1003,19,964.5,21
22,30,830,39,833.5,41,795,41,833,41
22,31,551.5,42,548,42,536.5,43,522.5,42
22,32,214.5,27,209,26,212,27,220,25
22,33,205,16,204.5,14,191,13,202,15
22,34,201,15,213.5,17,224,15,223,15
22,35,81,11,87,8,87,7,92,8
22,36,75.5,12,79.5,12,76,14,90,13
22,37,78,7,76.5,8,83,8,96.5,8
22,38,74,16,64,15,67,14,74,15
22,39,134.5,17,141.5,16,121,15,123,15
22,40,187,15,171,15,166.5,15,165,15
22,41,61.5,7,59,6,53,7,55,7
22,42,201,15,196,15,197,17,209,16
22,43,67,10,62,10,51,10,60,10
22,44,93,11,94,11,89,11,93,11
22,45,169.5,17,163.5,18,161.5,18,174,18
22,46,35.5,6,31.5,6,28.5,5,35.5,6
22,47,97,9,103,9,105,9,97,9
22,48,198,12,196,13,199,12,201.5,12
22,49,75.5,8,76.5,8,70,8,76.5,8
22,50,61,6,62,6,68,6,64,7
22,51,411.5,22,452,19,454.5,21,455.5,22
22,52,60,9,69.5,8,73,8,75.5,8
22,53,38,9,43.5,9,38,8,43,8
22,54,49,11,44,11,43,11,47,11
22,55,717,14,719,14,719.5,14,728.5,13
22,56,386,10,392.5,10,373.5,10,368,10
22,57,30,5,34,5,24,4,26,5
22,58,62,6,63,7,65.5,6,71.5,8
22,59,8,2,8,2,4,2,4,2
22,60,94.5,7,84.5,8,91.5,9,91.5,9
22,61,219.5,14,212,14,218,14,211,14
22,62,56,12,58,13,64,14,68,13
22,63,329.5,24,321.5,23,320,23,312.5,21
22,64,145.5,14,146.5,13,151,11,150.5,11
22,65,87,12,88,11,78,11,82,11
22,66,290,11,298,11,299.5,11,301.5,9
22,67,26,5,27,5,27,5,23,5
22,68,444.5,11,441,10,414,10,416.5,9
22,69,59.5,13,65.5,13,74,12,78,12
22,70,332,17,313,20,325,19,337.5,18
22,71,150.5,14,161,15,147,15,163,15
22,72,14,6,13,5,19,4,23,3
22,73,46,8,47,9,38,7,33,6
22,74,153,19,159,20,174.5,20,175.5,21
22,75,171,21,163,21,172,22,173,21
22,76,70,12,73,11,79,11,77,12
22,77,34,8,31,8,34,8,29,7
22,78,322.5,17,311,17,307.5,17,281.5,17
22,79,20.5,1,15,1,13,1,15,1
22,80,393,28,398.5,28,411.5,25,423,25
22,81,2109,36,2044,35,2037,37,2090.5,37
22,82,106,19,115,18,119,18,115,18
22,83,69,15,72,15,73,16,73,16
22,84,46,8,43,7,45,7,50,8
22,85,77,18,73,17,71,17,75,17
22,86,745,26,727.5,25,728,27,766,26
22,87,110,17,110,16,119,17,120.5,18
22,88,71,15,73,13,75,14,72,14
22,89,87.5,15,92.5,17,104,18,103,17
22,90,124,16,119.5,16,110.5,15,110.5,15
22,91,711,26,692,23,711.5,24,744.5,25
22,92,73,15,85,15,82.5,13,77.5,14
22,93,959.5,22,1015.5,21,998.5,20,1001.5,20
22,94,107,19,114.5,20,103.5,18,105,18
22,95,50,12,44,12,48,12,47,11
22,96,110.5,9,117.5,11,121,11,124,11
22,97,243,22,224,20,232,21,233.5,21
22,98,586.5,21,582,21,576,21,600,20
22,99,89.5,18,98,20,108.5,19,110,18
22,100,88.5,22,82,22,81,22,80,21
22,101,58,13,49,13,57,14,60,14
22,102,51,13,50,13,49.5,12,44.5,12
22,103,1394.5,31,1403.5,33,1459,32,1470,32
22,104,162,9,153.5,9,154.5,9,152,9
22,105,112,25,112,25,114,25,101,24
22,106,90,20,85,20,83,21,88.5,20
22,107,36,10,41,10,39,9,36,8
22,108,57,11,51,11,52,10,52.5,10
22,109,35,6,33,6,26,5,28,6
22,110,65.5,14,66.5,15,63.5,14,53.5,14
22,111,293,15,281,15,290,16,299,16
22,112,1457.5,22,1468.5,21,1514,22,1537.5,18
22,113,106,22,98,22,95,20,94,22
22,114,55,17,50,15,50,15,47,15
22,115,43,10,45,10,46,12,48,12
22,116,45,11,43,11,42,11,39,11
22,117,58,16,53,16,54,15,55,14
22,118,47,12,48,12,55,11,61,13
22,119,100,22,106,23,98,24,91,24
22,120,121,27,119,26,130,27,117.5,27
22,121,98,21,89.5,21,90.5,22,90.5,23
22,122,92.5,18,103,19,102,19,102,19
22,123,119.5,18,120.5,18,116,18,107,18
22,124,397,30,386.5,31,408.5,34,423.5,33
22,125,91.5,22,84.5,22,84.5,22,85,22
22,126,53,15,58,16,59,15,55,14
22,127,58,9,63,12,45,10,41,11
23,0,49,10,61,9,55.5,10,57.5,10
23,1,38,9,42,8,46,8,42,8
23,2,370,28,386,28,390.5,30,387.5,30
23,3,47,9,51,10,61,9,50,10
23,4,45,9,41.5,9,42,10,46,10
23,5,161,32,180,32,152.5,29,161.5,35
23,6,130,22,133.5,23,123,22,128,25
23,7,178,31,174,30,173,30,151.5,30
23,8,76,16,75.5,15,76.5,15,70.5,16
23,9,58,14,66,16,63,16,55,16
23,10,133.5,24,125.5,23,123,23,124,24
23,11,79,14,80.5,13,78.5,13,88,13
23,12,106.5,13,92.5,13,107,14,100,14
23,13,232,26,226.5,26,219,24,212,23
23,14,222,25,200,24,201.5,25,195.5,26
23,15,159.5,22,162,21,150.5,22,171.5,23
23,16,134,22,135,22,144.5,23,146.5,23
23,17,49,12,52,12,61,12,52,12
23,18,56,14,56,14,56,13,53,13
23,19,213.5,11,189,9,203.5,11,199.5,11
23,20,63.5,7,70.5,6,72,6,70.5,6
23,21,184.5,9,192,9,195,10,188.5,9
23,22,420,22,424,22,448.5,22,438,23
23,23,183,12,174,12,168,12,166,13
23,24,100.5,8,100.5,8,87.5,7,96.5,8
23,25,217,17,227,15,231.5,17,209.5,16
23,26,14,2,15,2,18,3,16,2
23,27,425,31,402,31,391,30,398,30
23,28,285.5,23,289.5,24,279,24,276,23
23,29,209.5,32,206,31,207.5,31,199,31
23,30,239.5,31,244.5,31,240.5,31,240,29
23,31,579.5,30,608,30,615.5,28,600.5,30
23,32,161,17,172,17,161.5,17,167,17
23,33,501.5,24,473,23,456.5,23,493.5,21
23,34,205,26,187,27,182,25,180.5,26
23,35,116,17,112,17,119,15,101.5,15
23,36,64,8,63,8,63,8,67,8
23,37,70.5,12,70,11,68,12,76,12
23,38,56,8,58,7,60.5,8,60.5,8
23,39,462,22,448.5,22,473,21,470.5,22
23,40,116.5,13,128.5,13,135.5,14,120,14
23,41,122,11,135,11,134,12,131,13
23,42,278.5,8,291,6,282.5,7,269.5,5
23,43,32,6,31,6,34,5,30,5
23,44,418.5,10,415,10,404,10,416,11
23,45,35,4,26.5,4,29,4,28,4
23,46,135.5,5,134,6,130,6,140.5,6
23,47,112,12,109.5,12,112.5,12,103,12
23,48,83.5,9,81,9,76,9,80,8
23,49,228.5,10,193,11,203,9,216,11
23,51,249.5,16,247.5,16,252.5,14,259.5,16
23,52,67.5,4,67,4,80,4,67,5
23,53,13,5,11,4,16,5,11,3
23,54,89,6,86,6,88.5,7,88,6
23,55,3,1,3,1,3,1,3,1
23,56,87,5,89,5,82.5,5,85,4
23,57,717,25,698,24,705,24,704.5,25
23,58,210,14,197.5,15,198,16,201.5,15
23,59,246.5,15,228,15,246,15,255.5,15
23,60,290,14,284,13,282,14,270.5,13
23,61,639.5,14,599.5,14,607,14,589,13
23,62,166,22,163,20,169,21,162.5,20
23,63,186,20,192,19,187.5,20,192.5,21
23,64,184,19,182,19,176,19,182,20
23,65,118.5,18,112,16,116,14,120.5,17
23,66,426.5,20,434,19,438,19,463.5,20
23,67,528,26,535,26,476.5,27,492,27
23,68,479,15,480.5,17,512.5,18,503,17
23,69,179,12,175.5,12,175,12,174.5,13
23,70,134,8,144,8,134,9,129,9
23,71,388,25,390.5,25,368.5,24,385,25
23,72,26,9,33,11,34,9,31,8
23,73,82.5,12,86,13,91,13,99,13
23,74,645.5,40,624.5,39,623.5,38,594,36
23,75,37,9,34,9,33,9,27,8
23,76,27.5,5,33.5,7,30.5,6,31.5,7
23,77,94,16,92,15,88.5,16,80,16
23,78,106.5,9,114,10,120,9,129,10
23,79,116,24,111.5,23,107,22,112,23
23,80,280.5,29,278,29,289.5,27,273,27
23,81,486.5,21,502,23,485.5,22,488,22
23,82,192.5,15,199,15,210.5,13,214.5,14
23,83,78,18,81,18,84,18,78,18
23,84,60,11,66,12,63,12,58,13
23,85,75,13,79,13,81,14,82.5,16
23,86,98,13,97,13,101.5,13,95,13
23,87,128.5,19,126,19,128.5,19,120,19
23,88,162.5,24,154.5,25,162,25,153.5,25
23,89,604.5,19,604,21,593,21,569,22
23,90,138,17,139.5,17,138,18,138,18
23,91,71.5,12,77,12,73.5,12,83,12
23,92,47,10,45,10,43,11,48,11
23,93,84.5,14,76.5,14,79,14,74,14
23,94,54,12,53,12,56.5,13,63.5,13
23,95,36,9,44.5,11,40.5,11,43,10
23,96,90,17,86,19,80,19,81,19
23,97,57,14,54,13,53,13,55,14
23,98,116.5,14,118,14,120.5,13,114.5,14
23,99,65,14,73,13,74,14,80,16
23,100,59.5,12,63.5,11,61,12,59,12
23,101,123,25,108.5,25,115,23,115,24
23,102,55.5,15,56,15,67.5,16,62,16
23,103,292.5,20,290.5,21,288,19,283,19
23,104,78.5,19,73,19,73,18,71,18
23,105,303.5,14,342,14,335,14,326.5,14
23,106,456.5,23,451,24,470.5,24,466.5,25
23,107,109.5,16,107,16,108,16,106,16
23,108,53,13,51,14,48,14,53.5,14
23,109,60,14,59,15,57,14,60,14
23,110,69,10,66,10,65,10,64.5,10
23,111,80,20,86,19,84,20,82,20
23,112,59,18,64,18,61,18,59,18
23,113,113,18,108,19,109,21,99,19
23,114,78,12,72,11,71,12,67,12
23,115,82,17,75,19,80,17,81,17
23,116,487.5,18,492,18,473,19,492.5,20
23,117,311.5,17,308,19,319,16,320,15
23,118,37,9,40,9,39,9,47,10
23,119,115,23,123,25,116.5,24,113.5,25
23,120,2603,25,2569.5,26,2608,26,2586.5,25
23,121,379.5,43,398,42,390.5,43,378.5,42
23,122,1835.5,33,1828,36,1886.5,32,1955,35
23,123,346,7,348.5,7,332,7,319.5,7
23,124,906.5,17,923,17,933.5,18,909,18
23,125,50,12,43,12,46,12,41,13
23,126,148,16,139,16,147.5,16,142.5,16
23,127,339,21,340.5,22,354.5,22,353.5,20
24,0,23,8,18.5,7,18,6,21,7
24,1,81,11,65,11,70,10,61.5,10
24,2,44,9,45,9,51.5,9,45,9
24,3,76,15,85,15,79,14,79.5,15
24,4,888.5,42,890.5,42,911.5,43,939,45
24,5,186.5,23,192.5,23,195.5,25,219,26
24,6,105,21,110.5,19,95.5,17,95,19
24,7,125.5,26,129.5,26,135.5,27,133,29
24,8,77,17,73,17,73,16,66,17
24,9,163,25,152.5,23,154.5,25,145,25
24,10,135,18,142.5,18,129,16,135,17
24,11,201.5,29,222.5,30,226,28,210,28
24,12,698.5,43,744.5,41,743,43,708,42
24,13,1528,50,1556,52,1550,53,1508,51
24,14,387,33,404.5,34,406.5,35,373.5,36
24,15,185,25,179.5,25,183,27,172,24
24,16,187.5,27,176.5,25,192.5,26,185.5,26
24,17,285,19,288.5,19,286.5,19,254.5,18
24,18,157.5,13,160.5,14,149,15,142.5,14
24,19,55,8,60,7,59,8,40,8
24,20,157,20,157.5,20,150,20,153,22
24,21,216,18,207,18,207,18,182,17
24,22,20,4,22,4,18,4,21.5,4
24,23,77,9,86,10,89,9,88,9
24,24,356.5,9,353,10,370,10,349,11
24,25,19,1,20.5,1,18,1,20,1
24,26,367.5,25,367.5,25,377.5,26,378,27
24,27,371,19,393.5,18,390,18,358.5,18
24,28,116,18,133.5,17,138.5,18,129,17
24,29,439.5,36,438.5,38,425,39,425.5,39
24,30,212.5,26,191.5,25,190.5,25,182,25
24,31,226,15,217,15,212.5,15,201.5,14
24,32,429.5,28,448,29,435,26,418.5,26
24,33,274.5,17,286.5,19,280.5,18,271,18
24,34,156.5,14,152.5,15,152,15,150.5,16
24,35,177,18,177.5,18,175.5,17,175.5,17
24,36,740.5,33,738,34,745,33,761.5,33
24,37,87,9,75,10,80,10,85,11
24,38,196.5,13,180,13,173,13,168,13
24,39,232.5,18,238.5,18,236.5,18,235.5,19
24,40,83,10,84,10,83.5,10,77.5,10
24,41,384.5,14,368.5,13,347.5,13,337.5,13
24,42,241.5,16,245,15,250,15,253.5,15
24,43,39.5,5,31,5,33,4,33.5,6
24,44,107,8,122,8,101,8,94.5,7
24,45,292,11,268.5,10,263.5,11,265,10
24,46,231.5,9,220,10,226.5,10,237.5,10
24,47,21.5,4,23,5,18,5,21.5,4
24,48,56,8,70,7,58,7,64,8
24,49,91.5,12,96.5,12,98,11,101.5,11
24,50,66,7,60,7,60,7,44,6
24,51,122,8,128,7,118,7,122,7
24,52,30,7,32,7,34,6,35,6
24,53,45.5,7,41.5,7,45.5,8,49.5,7
24,54,347.5,18,334.5,18,331,19,320.5,19
24,55,49,3,44,3,35,3,39,3
24,56,3,1,4,1,14,1,7.5,1
24,57,63,10,73,10,73,10,64,10
24,59,47,7,36,5,39,5,37,5
24,60,40.5,7,42,7,47,7,45.5,6
24,61,102,10,108.5,10,112.5,10,108.5,9
24,62,190,27,198.5,26,209.5,27,177.5,24
24,63,83,21,84,21,83,20,86,20
24,64,44,7,46.5,7,39,8,41,7
24,65,173,11,168.5,11,171,11,176.5,10
24,66,83,12,78,11,83,11,63,11
24,67,103,10,100.5,9,104,10,92.5,10
24,68,14,4,17,4,14,4,12,4
24,69,85.5,9,88,10,83,10,85.5,9
24,70,306.5,33,299.5,32,312.5,33,294,33
24,71,572,21,590.5,21,580,21,589,22
24,72,165,25,146.5,24,146.5,25,152.5,27
24,73,147,18,150,18,158,19,146,19
24,74,107,23,124,23,126,22,118,22
24,75,76,17,78.5,17,87.5,17,93,18
24,76,159,16,166,17,163,17,155,17
24,77,38,11,34,9,37,10,37,11
24,78,150.5,17,140.5,17,137,17,134,17
24,79,169,16,184,17,183,18,170,18
24,80,100,16,89,16,93,18,84,17
24,81,373,15,367.5,15,374,15,372.5,14
24,82,66,14,59,11,66,14,55,13
24,83,800.5,30,824,29,792.5,31,778,27
24,84,58,13,47,14,50,12,45,12
24,85,379,12,374.5,12,382.5,11,420.5,13
24,86,55,9,50,9,48,9,43,9
24,87,54,12,57,11,62,12,55,11
24,88,95.5,15,107,15,104,13,95,13
24,89,647,18,652,18,659.5,18,655.5,19
24,90,175.5,18,181.5,18,176,18,193.5,18
24,91,168.5,18,159.5,19,152.5,18,158.5,19
24,92,66,10,63,10,60.5,9,58.5,9
24,93,72,15,74,16,77,17,76,17
24,94,522,25,510.5,23,498.5,26,503.5,25
24,95,144,17,139,18,143,19,144,18
24,96,2845,22,2792,22,2799,23,2818.5,22
24,97,47.5,9,49.5,9,49.5,9,44,9
24,98,57,11,61,13,57,12,56,12
24,99,236,22,225,23,211.5,23,210,23
24,100,291,11,282.5,11,279.5,12,277,13
24,101,504,18,536,18,544.5,18,544,15
24,102,54,14,53,14,54,14,54,14
24,103,1210.5,23,1234,24,1226,24,1249,24
24,104,98,24,99,25,105,25,95,25
24,105,249.5,12,251,13,257,14,254.5,14
24,106,636,17,592.5,19,590,19,591.5,19
24,107,2434,26,2513.5,27,2589,24,2639,24
24,108,90,17,86,17,83,18,69.5,16
24,109,62,13,57,12,60.5,12,58.5,12
24,110,52,17,47.5,16,64,18,65,17
24,111,39,9,36,10,33,8,30,7
24,112,595,22,614.5,20,601.5,21,584,20
24,113,51,17,58,19,49,15,56,18
24,114,139,20,131,21,135,18,130,20
24,115,574.5,21,606,21,621.5,21,617.5,21
24,116,41,14,32,14,41,14,42,14
24,117,70,14,69,14,65,14,51.5,13
24,118,566,19,540,15,518.5,19,527,19
24,119,78,10,62,10,74,10,77,10
24,120,387,32,380.5,34,369,33,365.5,32
24,121,314,38,317,35,308.5,39,309.5,39
24,122,842,30,872,29,910,29,928.5,29
24,123,323.5,22,332.5,20,359,20,338,20
24,124,66.5,18,68.5,18,71.5,16,75.5,16
24,125,77.5,16,71.5,16,73,17,69,14
24,126,29,5,33,6,30,5,35,6
24,127,67,18,60,17,62,19,61,18
25,0,458,27,467,27,462,27,463.5,26
25,1,61,13,46.5,12,39.5,10,42.5,11
25,2,262.5,31,246.5,32,249.5,30,258,32
25,3,158,18,156,19,148,18,160,19
25,4,1628.5,46,1645.5,43,1683,44,1619.5,44
25,5,350,42,349,43,331.5,41,305,41
25,6,191,31,192.5,32,189.5,34,183.5,33
25,7,139,27,136.5,26,118.5,23,127.5,24
25,8,195.5,18,193.5,17,187.5,16,198.5,16
25,9,93,17,100.5,17,94,19,88,18
25,10,80,21,89,22,80,21,69,21
25,11,191.5,26,192,25,188,25,172,24
25,12,421,35,411.5,36,392,34,388.5,30
25,13,1492.5,40,1519.5,35,1496,35,1470.5,35
25,14,431.5,25,414.5,25,400,24,395.5,25
25,15,192.5,21,204,22,190,20,207.5,19
25,16,123,14,123,14,102,13,110,14
25,17,44,9,50,8,46,8,42,8
25,18,197.5,24,200,24,202.5,25,190,24
25,19,63,10,58,10,73.5,12,72.5,11
25,20,98.5,12,90,12,91,11,84,10
25,21,106.5,8,108,9,101.5,9,103.5,11
25,22,20,2,18,2,19,2,17.5,2
25,23,509,32,486.5,30,490.5,31,461,30
25,24,98.5,10,97.5,11,101.5,10,105.5,10
25,25,63.5,9,65.5,9,62.5,10,57,11
25,26,187,15,187,15,200.5,16,190.5,16
25,27,274,22,262,22,263.5,21,235,21
25,28,48.5,14,42,14,43,14,45,14
25,29,133,24,145.5,23,146,25,137.5,23
25,30,97.5,19,102,19,102,20,99,19
25,31,639.5,33,634,33,625,31,593,32
25,32,111,17,121,17,112,17,108,16
25,33,124.5,13,117,12,122,11,120.5,12
25,34,388,16,370.5,17,363,18,331,17
25,35,47,9,48,7,60,8,56,8
25,36,180.5,10,173,10,175,10,179.5,11
25,37,94,12,97,13,92.5,12,96.5,12
25,38,462.5,27,449.5,27,417.5,27,428.5,24
25,39,182,16,172.5,15,178.5,15,185.5,15
25,40,1299,26,1270.5,25,1275,25,1286,25
25,41,5009,12,4791,13,4670,13,4521,12
25,42,93,10,95,10,84,11,81,11
25,43,323.5,14,319,14,303.5,14,307,13
25,44,60,3,60,3,68,3,64.5,3
25,46,109,14,103,15,102,15,106,14
25,47,28,8,26,8,22,8,28,9
25,48,201.5,9,191.5,10,186.5,10,187,10
25,49,11,2,10,2,14.5,2,13.5,2
25,50,45,5,43,6,43,6,48,6
25,51,38,7,43,7,41,7,41,7
25,52,54,4,55,5,39,5,48,4
25,53,116.5,13,113.5,15,114.5,15,116,14
25,54,410,7,400,7,370,6,389,6
25,55,339,2,331.5,2,325.5,3,319.5,3
25,56,106,6,106,6,106,6,106,6
25,57,1159,25,1183.5,24,1188,25,1202,24
25,58,41,6,46,6,39,5,36,5
25,59,346,7,339.5,9,360.5,7,368,7
25,60,166.5,7,159.5,7,166.5,7,164,7
25,61,203.5,14,203,14,199.5,14,199,14
25,62,827,29,828,27,822.5,26,821,28
25,63,137,12,139,12,135,12,140.5,12
25,64,1154.5,24,1125,24,1150.5,22,1165.5,22
25,65,395.5,12,410,10,401,10,392,10
25,66,2,1,,,5,2,6,2
25,67,56.5,9,66.5,9,61,8,64,9
25,68,112.5,12,106.5,12,115,12,110.5,11
25,69,38,9,42,9,39,8,36,8
25,70,83,13,71,12,73,13,71,13
25,71,197,20,193,20,190,19,194.5,20
25,72,83.5,14,83,14,86,13,84,12
25,73,23,6,27,6,17,6,9,4
25,74,35,12,34,12,28,10,34,10
25,75,120,23,120.5,23,106,24,115,24
25,76,104,17,95,16,100,16,96,16
25,77,363.5,25,365.5,24,347.5,24,358,24
25,78,96,17,103,17,97,18,94,18
25,79,194,24,191,23,186,21,196,24
25,80,76,16,77,16,86.5,17,82,17
25,81,107,15,107,15,103,15,106,15
25,82,40,11,37,10,38.5,10,47,11
25,83,47,14,48,14,54,15,46,15
25,84,66,15,74,15,74,13,69,13
25,85,73,13,68,13,67,12,63,12
25,86,61,15,57,14,47,13,50,15
25,87,142.5,17,141.5,17,146,17,133,16
25,88,285,30,281,27,277.5,28,285,27
25,89,177.5,26,172.5,27,165.5,28,163.5,28
25,90,174,18,180,18,182,18,188,18
25,91,88,15,85,17,87,17,105,19
25,92,256.5,24,255.5,24,255.5,25,260,25
25,93,36,9,41,9,36.5,9,40,10
25,94,58,19,51.5,18,53.5,18,58.5,19
25,95,523,15,510.5,15,511,15,512,14
25,96,61,17,61,18,71,18,67,19
25,97,45,11,51,14,51,11,57,13
25,98,31,7,26,8,23,7,23,7
25,99,395.5,12,418.5,13,434,13,444,10
25,100,509,23,520.5,23,523,21,518.5,21
25,101,2109,13,2020.5,13,2009.5,13,1958.5,13
25,102,78.5,20,85,21,85,20,84,21
25,103,52,13,51,13,45,13,48.5,12
25,104,39,11,38,10,36,10,33,9
25,105,35,8,37,8,32,8,31,8
25,106,29.5,10,33.5,10,41.5,11,40,11
25,107,58,12,54,12,51,11,56,13
25,108,674,19,673.5,19,651.5,19,648.5,18
25,109,237,19,220,18,210.5,20,224,20
25,110,33,9,34,9,39,10,31,8
25,111,45,10,48,10,46,9,45,8
25,112,154,14,153,17,157,14,158,16
25,113,49,9,57,10,43,11,41,11
25,114,388.5,23,377.5,23,378,24,367,26
25,115,50,12,47,11,40,12,39,12
25,116,80,20,78.5,19,78.5,19,71,20
25,117,51,12,55,12,50,9,58,13
25,118,1438,36,1393.5,34,1410.5,34,1407,34
25,119,70,13,72,13,69,12,70,13
25,120,62,13,63,13,58,13,52,13
25,121,143.5,20,132,20,121,20,124.5,20
25,122,205,26,209.5,26,214,25,214,25
25,123,663,25,651.5,26,631.5,26,658,28
25,124,114.5,25,101.5,25,93,25,85,24
25,125,90,15,86,12,85,14,84,12
25,126,52,10,51,11,52,10,58,13
25,127,54,13,52,13,47.5,11,49,12
26,0,210,17,180,18,179,18,211,19
26,1,4,1,3,1,3,1,3,1
26,2,55.5,9,65,9,53.5,9,61,8
26,3,22,6,15,6,14,5,14,6
26,4,149.5,25,138.5,25,131.5,25,127.5,26
26,5,110,23,116,23,124,26,120,25
26,6,124,27,128.5,27,127,27,117,23
26,7,63,15,66,15,61,15,67,15
26,8,52.5,10,59.5,10,58.5,10,60.5,10
26,9,315,44,303.5,43,300,43,286.5,43
26,10,287,32,294.5,33,281,33,278,32
26,11,113,21,118,23,112.5,22,107.5,22
26,12,150.5,28,152,27,147,27,141.5,26
26,13,204,29,192.5,30,202,30,182,29
26,14,63,12,55,13,55,12,44.5,12
26,15,96,14,100,15,77.5,16,73.5,12
26,16,167.5,24,152.5,23,144.5,22,169.5,23
26,17,100.5,10,105.5,10,102.5,10,103,10
26,18,112.5,18,112.5,19,101,18,103,19
26,19,135,20,144,23,171.5,22,167,21
26,20,13,4,20,5,21,5,24,5
26,21,128,19,147,19,143,18,129,18
26,22,173,18,157,18,151.5,17,143.5,17
26,23,58,5,52,5,47,6,45.5,7
26,24,167,14,163.5,14,162.5,14,155,14
26,25,117,15,119,15,102,15,112,16
26,26,141,11,148,11,150.5,11,158.5,10
26,27,343.5,20,349,20,349.5,21,333,21
26,28,78.5,16,69.5,16,74,16,72,16
26,29,107.5,21,117.5,21,115,20,98.5,21
26,30,59,9,70,10,69,10,71.5,11
26,31,102.5,18,104.5,18,100,17,107,17
26,32,21,7,25,7,20,6,31,8
26,33,262.5,26,290.5,26,322.5,25,326.5,26
26,34,444.5,21,421,22,441.5,22,458,21
26,35,155,14,165,14,157.5,16,158,16
26,36,119.5,12,123.5,12,124.5,13,102.5,13
26,37,28,3,16,3,20,3,21,3
26,38,101,13,106,13,97.5,13,109,12
26,39,96,10,98,10,95,11,93,11
26,40,819.5,17,790.5,16,780.5,19,811.5,18
26,41,496,13,516.5,13,518,13,499.5,13
26,42,221.5,19,217.5,19,214.5,20,209.5,21
26,43,173.5,21,185.5,21,182.5,22,177,23
26,44,105.5,12,95.5,13,88,11,85,12
26,45,37.5,6,41.5,6,45,6,42,5
26,46,617.5,16,619,15,613.5,15,602,16
26,47,25,3,26,3,26,3,29,3
26,48,71,7,85,8,75.5,7,73,7
26,50,48,7,44,7,42,6,49,6
26,51,218.5,25,232,25,236.5,24,242,25
26,52,62,9,51,8,51.5,9,50,9
26,53,48,6,40,6,42,5,42,5
26,54,398,14,360.5,14,375,13,378,13
26,55,262.5,13,270,14,279,13,279,12
26,56,572.5,24,590.5,24,580.5,24,603,23
26,57,5,3,5,3,5,3,5,3
26,58,54.5,7,48.5,7,54,8,50.5,7
26,59,9,4,6,3,7,4,8,4
26,60,222.5,20,224,20,226.5,20,223,20
26,61,206.5,17,218,18,204,18,218,18
26,62,834.5,23,826.5,23,820.5,22,859.5,22
26,63,45,9,42,9,40,9,36,9
26,64,282.5,5,268.5,5,278,5,264,5
26,65,1367,28,1357,27,1327,27,1365,27
26,66,3,2,6,2,6,2,6,2
26,67,27,4,22,4,20,4,23,4
26,68,384.5,23,401.5,23,399.5,23,385.5,22
26,69,406.5,18,394.5,20,415,19,385.5,21
26,70,209,16,193,16,194.5,15,213.5,17
26,71,1364.5,26,1337.5,26,1320,25,1367.5,26
26,72,452.5,29,454.5,29,490,28,472,28
26,73,44,10,28,8,31,9,29,9
26,74,41,10,45,11,46,10,43,10
26,75,152.5,12,137.5,11,144.5,12,142.5,12
26,76,74,15,71,14,77.5,14,75.5,14
26,77,33,9,35,9,38,8,43,10
26,78,51,14,56,13,54,13,59,14
26,79,22,8,20,6,18,6,18,6
26,80,71,15,71,15,72,15,67,15
26,81,38,9,36,9,36,9,28,8
26,82,51,9,44.5,10,41,6,50,11
26,83,61,16,60,16,59,15,60,15
26,84,181,23,175.5,22,178.5,23,184.5,21
26,85,87,15,81,14,79,17,87,17
26,86,331.5,24,330.5,24,316,24,325,23
26,87,299.5,19,314.5,21,309.5,20,329.5,20
26,88,134,20,134,18,136.5,19,154.5,20
26,89,645.5,31,637,31,627,30,620,29
26,90,2584,36,2509,35,2531.5,38,2571.5,38
26,91,93.5,17,89.5,14,94,16,99,17
26,92,520,27,539,25,531,26,551,25
26,93,204,14,204,14,199,13,199.5,13
26,94,50.5,9,48.5,9,46,8,48,8
26,95,202,22,191,22,195,24,201.5,23
26,96,503.5,16,541.5,16,544.5,16,538.5,16
26,97,396,12,407,11,388.5,11,401.5,12
26,98,61,14,62,14,53.5,14,54,13
26,99,44,8,50,9,50,9,55,10
26,100,72,16,71,16,74,16,84,17
26,101,951,29,952,29,958.5,28,990,29
26,102,52,14,55,14,53,13,57,13
26,103,63,15,58,15,62,16,50,16
26,104,21,5,20.5,5,22,6,22,6
26,105,133.5,22,138.5,23,151.5,23,149.5,23
26,106,64.5,17,71,17,61,17,59,16
26,107,49,16,54,15,55,16,48,17
26,108,425.5,21,430,22,450.5,20,453,21
26,109,155.5,19,148,17,136,18,144,18
26,110,53,13,52,12,57,13,59,14
26,111,74,16,76,15,73,15,67,15
26,112,393,16,387,18,400,18,386,18
26,113,58,18,62,17,65,17,64,18
26,114,288.5,23,297,21,298.5,22,310,22
26,115,68,17,68,17,67,16,61,16
26,116,77,16,60,17,55,16,58,17
26,117,76,16,77,17,72,17,73,18
26,118,886,33,871,33,855.5,31,880,30
26,119,1082,22,1080.5,23,1093,24,1137,23
26,120,1125.5,43,1188.5,42,1176.5,41,1209.5,42
26,121,72.5,12,65,13,63,13,62.5,13
26,122,184,33,174.5,30,171,28,169,31
26,123,194,35,197,36,202.5,36,201.5,35
26,124,38.5,9,43.5,11,54,11,51.5,11
26,125,118,21,125.5,20,127,21,123,21
26,126,739,18,730,17,758,17,757.5,15
26,127,51.5,15,51.5,15,48.5,14,45,14
27,0,19.5,3,19.5,3,18.5,3,16.5,3
27,2,70.5,12,76,10,80,11,74.5,11
27,3,201,23,209.5,24,194,24,186,23
27,4,140.5,24,153,24,155,23,163,26
27,5,91,23,84,25,83,25,72,24
27,6,92.5,18,93.5,18,100.5,19,87,16
27,7,26,7,23,6,22,7,24,7
27,8,121,19,118,19,109,19,100,19
27,9,67,15,72,15,65,15,59,15
27,10,76.5,18,90,18,83.5,16,85,15
27,11,208,27,189.5,28,197,28,173.5,28
27,12,135,20,134,20,124.5,23,121.5,22
27,13,179.5,29,179,29,178,28,185,29
27,14,330.5,40,342.5,40,330.5,41,332.5,40
27,15,63,13,53,12,56,14,60,15
27,16,79,15,94,19,83,17,96,19
27,17,50.5,8,54.5,8,49.5,8,56.5,9
27,18,36,8,31,7,33.5,9,41.5,8
27,19,428,22,436,23,422.5,24,439.5,23
27,20,2,1,2,1,6,1,6,1
27,21,251,17,242,17,233,16,236.5,15
27,22,31,6,32,6,24,5,27,5
27,23,95,7,91,7,93.5,8,82.5,7
27,25,308.5,22,311.5,22,346,23,339.5,21
27,26,105.5,14,110.5,14,104.5,14,88.5,14
27,27,154,13,172.5,14,161.5,13,149,14
27,28,169,15,175,14,183,14,167.5,13
27,29,149,18,149.5,18,141,17,133,17
27,30,29,7,27,7,26,7,27,7
27,31,346.5,24,318,26,314,25,305.5,24
27,32,279,30,275.5,29,288.5,27,285,28
27,33,95,8,91,8,82,8,80.5,8
27,34,157.5,16,172,17,168.5,17,164.5,16
27,35,93,10,84,9,90.5,9,85.5,9
27,36,175,21,183.5,22,197,21,183,20
27,37,190.5,19,182,19,189,18,172,18
27,38,48,8,50,8,37,9,54.5,10
27,39,259,15,267,16,257,13,252.5,13
27,40,189,7,180,6,175,6,168.5,6
27,41,408,26,399,24,384.5,23,387.5,23
27,42,49,5,47,5,44,5,44,5
27,43,3,2,3,2,4,2,3,2
27,44,93,10,90,10,80,9,88,9
27,45,281.5,12,291.5,11,270.5,10,268,12
27,46,32,4,33,4,32,4,31,4
27,47,16,6,18,6,14,6,17,6
27,48,289.5,13,291,14,297.5,13,308.5,12
27,49,647.5,21,628,23,616.5,21,662.5,20
27,50,77.5,8,92,8,80.5,8,76.5,8
27,51,89.5,5,88,6,91,6,92.5,6
27,52,51,8,46,8,49,9,52,8
27,53,84,4,83.5,4,90.5,4,76.5,4
27,54,15,4,18.5,4,24.5,4,25,4
27,56,255.5,19,258.5,19,245.5,19,247.5,18
27,57,434,16,440.5,18,441.5,18,427,18
27,58,2101.5,19,2078,18,2118,17,2078.5,17
27,59,20,7,23,7,22,6,23,7
27,60,302,22,273,21,278,21,289.5,21
27,61,1710,26,1668.5,27,1691,28,1728,27
27,62,523,14,527.5,14,521,13,535,12
27,63,182.5,28,185.5,28,173,26,177,26
27,64,6,2,6,2,5,2,3,1
27,65,191.5,13,169.5,13,191.5,13,192.5,13
27,66,25,4,26,4,23,4,18,4
27,67,22,2,22,2,17,2,16,2
27,68,175,11,169,11,165,11,167.5,11
27,69,137,18,129.5,19,136.5,18,130,18
27,70,222,21,225.5,21,237,20,234,21
27,71,414,25,401.5,25,391.5,24,395,24
27,72,83,12,92,13,86.5,13,86.5,13
27,73,401,29,396.5,29,412.5,30,419.5,28
27,74,123.5,17,138,16,141,17,134,17
27,75,121,17,107,17,121,16,126,16
27,76,330.5,17,350,18,345.5,18,346,20
27,77,35,10,37,9,33,9,38,9
27,78,68,15,58,16,63,18,54,18
27,79,51,11,54,10,57,10,60,11
27,80,144,14,154,14,156,14,162,14
27,81,147,11,150,12,112,11,154,12
27,82,82,16,77,16,85,18,89,18
27,83,202,19,200,19,154,16,173.5,20
27,84,154,12,149,12,137,11,140.5,12
27,85,59,11,51,11,50,11,54,12
27,86,81,11,71,12,79,11,77.5,11
27,87,454.5,22,447,23,477,22,445.5,23
27,88,239,18,228,18,236,16,231.5,17
27,89,168,28,173.5,30,157.5,29,170,29
27,90,1277,24,1286.5,24,1267.5,23,1313,24
27,91,74,16,73,16,75,16,71.5,16
27,92,743.5,39,749.5,38,756,39,763,42
27,93,54,21,62,21,59,23,66,23
27,94,69,17,71,16,84,16,77,16
27,95,61,16,63,16,57,16,50,16
27,96,64,12,77,11,64,9,62,10
27,97,72,13,68,13,70,13,66,14
27,98,52,11,51,11,52,11,51,11
27,99,73,13,71,13,57,11,56,11
27,100,40,11,42,11,43,11,43,11
27,101,568.5,25,564.5,24,549.5,23,573.5,23
27,102,55,13,56,14,40,12,44,13
27,103,1,1,1,1,2,1,,
27,104,11.5,4,15.5,4,14,4,15,4
27,105,87.5,18,94.5,18,94.5,18,97.5,20
27,106,426,13,401,11,406,10,433,12
27,107,1126.5,21,1148.5,21,1153.5,20,1147,21
27,108,415,31,420,30,427.5,30,407,29
27,109,31,11,31,11,32,9,32.5,9
27,110,86,20,82,21,82,21,84,22
27,111,947.5,34,997,34,1033.5,32,1033.5,32
27,112,4732.5,24,4707.5,24,4688,24,4605.5,23
27,113,161,17,175,17,179.5,17,192,17
27,114,61,14,60.5,14,59.5,14,62.5,16
27,115,120.5,16,119.5,15,128.5,15,136.5,15
27,116,764,13,774.5,14,798,15,807,14
27,117,62,12,62,14,57,12,65,12
27,118,124.5,28,129,29,127,27,122,28
27,119,1487.5,40,1457.5,37,1478.5,40,1516.5,36
27,120,1447,31,1442,33,1486,33,1483,33
27,121,150,23,150.5,23,150,23,148.5,24
27,122,826,36,820.5,36,803,38,778,38
27,123,1795,28,1863.5,28,1913,27,1912,29
27,124,46,15,45,14,46,13,51,13
27,125,60,14,60,12,68.5,14,64.5,14
27,126,141,16,149.5,16,175,15,207.5,16
27,127,63,13,60,13,61,12,56,12
28,0,7,3,7,3,3,2,3,2
28,1,46,6,42,6,40,6,42,7
28,2,294.5,34,305.5,34,305.5,34,295.5,33
28,3,136,29,140.5,28,134,30,133,29
28,4,80,25,77.5,26,88.5,27,91,28
28,5,127.5,34,135,36,118.5,36,132,34
28,6,108,27,111,26,93,25,104,25
28,7,155,23,153,22,169,25,162,25
28,8,117,22,128,21,117.5,21,121.5,24
28,9,139,17,130,17,116.5,16,116,16
28,10,73,21,69,22,58.5,20,63,19
28,11,103,22,99.5,21,106.5,24,89.5,23
28,12,158,36,158.5,37,143,34,150,36
28,13,182.5,25,169.5,24,160.5,25,148,25
28,14,134,26,133,26,124,26,141,26
28,15,36,7,39,9,38,7,38,7
28,16,44,10,45,9,50,11,49.5,10
28,17,214,26,214.5,26,210.5,26,205.5,26
28,18,102,16,105.5,14,101.5,14,106.5,15
28,19,58,12,58.5,12,54.5,11,56.5,12
28,20,293.5,27,303,27,277.5,25,270,23
28,21,245.5,20,239,20,252.5,20,253,19
28,22,142,20,159,21,150,21,160,20
28,23,362.5,25,381,25,359.5,26,355.5,25
28,24,318.5,15,292,15,308.5,14,280,15
28,25,309.5,19,293.5,19,288,20,284.5,19
28,26,463,30,459.5,28,453.5,27,421.5,26
28,27,678,23,667.5,23,645,22,621,24
28,28,336.5,26,321,27,321.5,25,303,24
28,29,135,22,121.5,22,122,22,116,23
28,30,219,36,196,35,190,35,172,35
28,31,736,39,778,42,768,42,725,38
28,32,58,4,60,4,53,5,68.5,4
28,33,91,11,84,11,80,11,83,10
28,34,83,13,94,13,95,13,85,12
28,35,64,16,55,15,62,13,61,15
28,36,73,8,77.5,8,80.5,8,84,8
28,37,199,14,203.5,14,197.5,14,185.5,14
28,38,63,7,55,7,54,7,49,7
28,39,125.5,12,138,13,133,12,124.5,13
28,41,157,7,148,7,151,7,161,7
28,42,270.5,16,263.5,16,250.5,15,240,14
28,43,258,15,262.5,14,250,17,267,15
28,44,29,4,25,4,24,4,25,4
28,45,134,17,129.5,17,136.5,15,131.5,16
28,46,14.5,4,13,5,20,5,20,4
28,47,112.5,13,104,13,102,14,110.5,12
28,48,4,1,1,1,1,1,1,1
28,49,4.5,2,2.5,1,3.5,2,5.5,2
28,50,127.5,20,111.5,19,119,19,121.5,19
28,51,10,4,9,4,10,4,9,4
28,52,354.5,16,350,17,345,17,348,18
28,53,117.5,5,116.5,5,121.5,5,112,5
28,54,11,4,11,4,9,4,12,3
28,55,113,11,112,11,105,11,116,9
28,56,326.5,12,338,12,348.5,12,363,12
28,57,73,8,68,7,71,7,68,7
28,58,284.5,11,270.5,10,289.5,10,325.5,11
28,59,60,10,53.5,11,51,10,59,10
28,60,1170,29,1183.5,28,1206,26,1252.5,29
28,61,1209.5,18,1207,20,1231.5,17,1220.5,17
28,62,854.5,28,858.5,28,842.5,28,848.5,28
28,63,17,6,19,6,18.5,6,14,6
28,64,1067.5,16,1071,17,1028.5,17,1056,16
28,65,6,3,8,4,6,3,4,2
28,66,1067,16,1029.5,17,1004,16,1009.5,16
28,67,390.5,13,382.5,14,388.5,12,405,13
28,68,108.5,11,119.5,11,118,13,112.5,12
28,69,108,6,112,6,94.5,6,96.5,6
28,70,586.5,40,576.5,40,598,38,585.5,37
28,71,121.5,15,101.5,15,100.5,15,111,14
28,72,73,12,81,13,81,13,99.5,13
28,73,64,11,64,11,66,11,63.5,11
28,74,27,7,32,7,30,7,36.5,7
28,75,231,22,222.5,21,210,22,207.5,22
28,76,38,7,44,8,38.5,8,29,8
28,77,74.5,12,86,13,81,12,77,12
28,78,143,19,141,19,128.5,19,151,20
28,79,858,35,834,34,845.5,30,826,32
28,80,185.5,12,189,13,195,15,194,11
28,81,69,21,67,20,66,16,78,20
28,82,50,13,52,14,53,12,64.5,12
28,83,67,14,70,14,69,13,71.5,15
28,84,1366,32,1400.5,35,1571.5,32,1438.5,35
28,85,366,38,394.5,39,427,39,381,39
28,86,128,21,135,20,106,19,140,22
28,87,115,17,109,17,122,18,112,18
28,88,131,20,126,21,120,20,109,20
28,89,46,14,40,14,45,14,42,16
28,90,321,24,322.5,23,310.5,24,323.5,23
28,91,490.5,27,490.5,25,518.5,26,497,27
28,92,79,16,78,16,74,16,73,16
28,93,66,16,69,16,70,16,66,15
28,94,92,15,88,16,78,15,86.5,17
28,95,39,12,42,12,36,12,37,12
28,96,31,8,27,8,33,7,33,7
28,97,38,8,40,8,42,8,43,8
28,98,43,11,48,11,42,10,44,10
28,99,102,13,125,15,131,15,128,15
28,100,231.5,15,229,14,218,16,227,16
28,101,56,15,61,15,54.5,15,50,15
28,102,21,8,23,9,20,9,21,8
28,103,31,4,32,5,34,5,35,4
28,104,68,9,71,10,67.5,9,70,9
28,105,485,25,456,25,480.5,25,507.5,24
28,106,44,13,42,12,46,13,44,13
28,107,90,16,125,18,115,16,130,15
28,108,881.5,15,839.5,17,853,19,881.5,19
28,109,295,26,294,24,254,22,262.5,22
28,110,1091,20,1055.5,20,1043.5,20,1067,19
28,111,635.5,21,653.5,20,681.5,19,718,20
28,112,328,21,336,20,334,20,346,20
28,113,48.5,14,43,14,45,14,39,12
28,114,46,14,54,15,43,15,46,15
28,115,76,12,73,13,73,13,75,13
28,116,101,17,89,17,97,17,99,16
28,117,222,27,222.5,27,221,26,209.5,26
28,118,127,26,131.5,27,136.5,26,133,27
28,119,182,22,183.5,19,179.5,16,187,18
28,120,111,19,114,20,110,19,125.5,19
28,121,225,33,227,34,219.5,33,218,33
28,122,209,30,209,30,196.5,28,205.5,28
28,123,43,9,61,9,67,9,53,9
28,124,73.5,14,67,14,70,13,70,13
28,125,2,2,1,1,5,2,2,2
28,126,49.5,9,49,10,47,9,52,11
28,127,93.5,22,88.5,22,95,21,92,20
29,0,63,17,65,17,64,17,63.5,18
29,1,84,25,82,24,90.5,24,94.5,24
29,2,64.5,16,68,16,75,17,75,17
29,3,79,22,78.5,21,78.5,20,76,21
29,4,101,21,112,23,111,23,114,25
29,5,164,33,168,33,171,32,156,32
29,6,117.5,24,128,25,124,25,123.5,25
29,7,123.5,30,118,29,125,27,133,28
29,8,76,20,83,20,84,20,72.5,18
29,9,78.5,21,80,22,77,20,73,21
29,10,68,17,72,18,70.5,18,80,19
29,11,79,17,78,17,75,17,77,17
29,12,52.5,10,53.5,10,44,8,47,10
29,13,89,18,91,18,85,18,84.5,18
29,14,106,17,98,17,92,17,102,17
29,15,30,10,29,10,23,9,25,8
29,16,79,10,78,10,61.5,9,67.5,10
29,17,142,20,130.5,20,136,21,136.5,21
29,18,169,24,173,25,153,25,166,24
29,19,282,22,292,20,278.5,20,271.5,20
29,20,145.5,23,131,23,129.5,23,132.5,22
29,21,119,18,134,19,120.5,19,135.5,19
29,22,105.5,16,103,16,102,18,94.5,17
29,23,497.5,19,487.5,18,512,21,495,21
29,24,323.5,15,318,13,321.5,12,301,13
29,25,655,20,644.5,19,627.5,18,633,18
29,26,327,35,319.5,34,296.5,34,303,36
29,27,149,31,152,28,170,26,151,28
29,28,199,20,211,20,212.5,21,215.5,24
29,29,511.5,36,516.5,37,555.5,34,556.5,35
29,30,357.5,31,373.5,33,357.5,33,341,33
29,31,70,8,64,7,69.5,8,64,8
29,32,379.5,19,370.5,19,369.5,19,352.5,17
29,33,219,24,214,25,214,24,199,23
29,34,366.5,37,361,36,350.5,35,339.5,35
29,35,162.5,23,161.5,25,165.5,23,176.5,25
29,36,175,18,177,17,185.5,20,187,19
29,37,145.5,15,161,14,156.5,14,153.5,15
29,38,3,2,3,2,3,2,3,2
29,39,433.5,23,402,23,420,22,413.5,22
29,40,2,1,2,1,2,1,2,1
29,41,70,11,69,12,79.5,12,83,12
29,42,297.5,6,305,6,312,7,330.5,7
29,43,146,7,146,7,140.5,7,131.5,7
29,44,186.5,20,174,21,176,22,167,22
29,45,43,8,36,7,51.5,7,54.5,8
29,46,164,21,152,19,149.5,20,165.5,23
29,47,92,15,87.5,16,86,17,83,17
29,48,4,1,4,1,4,1,4,1
29,49,72,12,60,11,48,12,58,12
29,50,3,1,3,1,2,1,4,1
29,51,51,7,47,6,50,6,45,6
29,52,174,12,164.5,12,191,12,192,12
29,53,705,18,683.5,17,679.5,16,717,15
29,54,940,17,910,18,898,17,905,17
29,55,222,15,210,15,207.5,15,226,16
29,56,337.5,14,329,15,340,15,318.5,14
29,57,12,4,12,4,11,4,9,4
29,58,1180,11,1242,11,1258,11,1266.5,11
29,59,217,12,207.5,13,201,12,189.5,11
29,60,317.5,17,371,17,436,17,455.5,18
29,61,4075.5,24,3971,25,3957,25,3982.5,24
29,62,1642,14,1688,13,1724.5,13,1767.5,12
29,63,162.5,15,264.5,13,304.5,14,293.5,13
29,64,17,3,15,2,18,3,15.5,3
29,65,24,7,23,6,20,6,22,7
29,66,33,4,27,4,24.5,4,25,4
29,67,2,1,2,1,2,1,,
29,68,308,10,313,10,315.5,10,313.5,10
29,69,174.5,13,174.5,12,190.5,13,191,15
29,70,39,9,41,8,28,7,37.5,8
29,71,63,8,65.5,10,63,10,57.5,10
29,72,84.5,7,81.5,7,78.5,8,74,8
29,73,83.5,16,79.5,15,79.5,15,77.5,16
29,74,42.5,12,44,13,42,12,44,13
29,75,132,19,153,18,166,21,164,20
29,76,57,11,54,12,43,12,46,12
29,77,114,18,106.5,17,112.5,18,107.5,18
29,78,54.5,17,56.5,17,67.5,18,69.5,18
29,79,145,16,149,18,132,17,132,18
29,80,15,5,15,5,12,5,10,3
29,81,4,2,4,2,2,1,4,2
29,82,169,22,169,22,159.5,23,172,21
29,83,147,27,163,27,164,20,173,27
29,84,979,29,974,30,1013,29,1018.5,30
29,85,152.5,31,157,32,161,31,155,32
29,86,145,16,151.5,17,140,17,129,15
29,87,208,27,198.5,27,216,26,223.5,26
29,88,250,24,241,24,241,25,231,24
29,89,114.5,22,103,22,93,18,90,20
29,90,49,15,50.5,16,54,17,52,16
29,91,38,11,39,10,43,11,42,11
29,92,565,29,563.5,29,549.5,30,527.5,27
29,93,30,9,30,9,24,9,23,9
29,94,27,8,26,8,23,7,22.5,8
29,95,66,18,61,19,51,17,48,17
29,96,178.5,14,169,14,169,14,183.5,14
29,97,42,12,48,13,43,13,41,13
29,98,48,14,48,14,51,15,47.5,14
29,99,269,22,251.5,22,251.5,21,269.5,21
29,100,323,19,323,19,319,19,298.5,18
29,101,25,10,19,8,26,10,25,10
29,102,42,15,43,15,45,14,51,14
29,103,627,17,644,16,653,16,644.5,17
29,104,64,15,53,13,55.5,13,44.5,14
29,105,33,8,31,8,34,9,29,8
29,106,208,17,197,17,183,17,203,16
29,107,904,14,886,11,920.5,11,911,13
29,108,28,9,26,8,25,8,25,8
29,109,101,16,109,20,107,20,114,19
29,110,63,15,71,15,77,15,73,15
29,111,46,12,49,12,49,12,48,12
29,112,68.5,15,69.5,15,74.5,14,82.5,15
29,113,55.5,14,53.5,14,50.5,13,46,15
29,114,43,12,44,12,40,12,39,12
29,115,89,21,99,21,100,21,100,20
29,116,30,8,30,10,28,8,22,8
29,117,109.5,15,108.5,14,104,15,95,15
29,118,452,29,460,30,456.5,28,456.5,28
29,119,278,13,259.5,15,259.5,14,265.5,14
29,120,960.5,22,1003.5,20,1000.5,20,1038,19
29,121,239,28,236.5,26,232.5,25,223,26
29,122,95,24,92,25,101,26,100,25
29,123,151,15,155,16,155,16,176,15
29,124,410,24,404,25,394,25,413,24
29,125,423.5,11,414.5,11,387.5,10,365,9
29,126,270.5,25,281,26,277.5,26,267,28
29,127,56,15,55.5,16,79,17,64,16
30,0,196,23,201.5,23,193.5,22,189.5,21
30,1,576,28,558,28,589.5,29,612,29
30,2,102,24,107.5,26,113.5,25,121.5,23
30,3,99.5,24,112.5,24,110.5,22,103.5,22
30,4,122.5,27,124,28,128,28,121,29
30,5,63,16,63,14,51.5,15,59,18
30,6,26,9,29,8,29,8,39,8
30,7,64,13,60,14,58,15,58.5,15
30,8,26,7,31,7,32,7,36,7
30,9,29,9,26,8,32,10,31,10
30,10,129,22,121,22,109,22,103,23
30,11,123,23,116.5,23,106,24,114,24
30,12,187,28,171,28,150.5,28,146.5,29
30,13,78.5,19,80.5,18,74,20,73,20
30,14,144,24,151,24,132.5,22,135.5,22
30,15,80,21,74,21,68,20,63,19
30,16,608,38,626,36,600,35,576.5,35
30,17,78,17,73.5,17,67,17,68,16
30,18,84,15,84,14,94,13,90.5,14
30,19,357,28,388.5,26,384.5,24,386,23
30,20,149,21,159,20,151,22,144,19
30,21,230,8,222,8,211,9,226,9
30,22,466.5,25,441.5,25,442.5,26,454.5,25
30,23,48,11,45,10,40,11,45,11
30,24,200.5,14,218.5,14,204.5,14,198.5,13
30,25,2016.5,25,2029.5,24,1954,24,1925,26
30,26,5257.5,31,5202.5,28,5229,30,4947.5,31
30,27,447,31,446,31,421.5,31,420,30
30,28,622,47,596,47,613.5,48,623,47
30,29,674.5,32,645,35,650.5,32,651.5,32
30,30,82,6,81,6,91,6,98.5,6
30,31,283.5,20,276.5,21,281,21,282,22
30,32,141,16,134,17,146.5,16,148.5,17
30,33,96.5,9,108.5,10,104,10,99.5,11
30,34,222.5,17,232,15,220,15,234.5,17
30,35,41,9,50,12,53,12,53,11
30,36,50,8,54,8,60.5,7,67,7
30,37,163.5,17,172.5,19,160.5,18,159.5,19
30,38,29,5,27,5,27,5,27,5
30,39,74,8,74,8,59,10,63,9
30,40,145,15,133,14,132.5,12,146.5,13
30,41,44.5,7,47.5,7,44,7,46,7
30,42,100,6,100,6,107.5,6,109.5,5
30,43,112.5,9,117,8,119.5,9,131,9
30,44,22,5,23,5,21,5,20,5
30,45,117,14,107,13,102.5,13,105,15
30,46,27,5,21,5,19,5,20.5,5
30,47,218,14,208,15,198,14,218.5,13
30,48,102,8,109,9,92.5,7,98.5,8
30,49,3,1,3,1,,,,
30,51,1,1,,,,,,
30,52,11,2,11,2,11,2,9,1
30,53,2,1,2,1,2,1,2,1
30,54,10,3,11,3,6,2,9,3
30,55,165,21,176,21,171.5,22,173.5,22
30,56,2,1,2,1,2,1,2,1
30,57,38.5,4,32.5,4,36.5,4,32,4
30,58,406.5,24,386.5,25,383.5,25,383.5,24
30,59,329.5,22,325,22,338.5,21,341.5,22
30,60,1073.5,16,1041,18,1035,19,1025,19
30,61,13659,8,13628,8,14009,8,13893,8
30,62,8347.5,16,8304,16,8274,18,8334.5,17
30,63,3333.5,21,3350.5,21,3470,21,3529.5,21
30,64,646,25,650,24,674.5,26,741.5,23
30,65,275.5,21,280.5,22,274,22,292.5,23
30,66,823,14,853.5,16,827.5,17,846.5,15
30,67,32,6,34,6,31,6,33,6
30,68,26,3,26,3,30,3,29,3
30,69,83.5,5,80.5,5,81.5,6,84.5,6
30,70,501.5,33,498,31,486.5,34,486.5,32
30,71,78.5,14,79,14,82,15,83,14
30,72,6,3,6,3,8,4,5,3
30,73,46,15,47,14,52,14,56.5,14
30,74,98,18,93,18,90,18,82,18
30,75,69,13,62,13,69,14,63,12
30,76,90.5,23,90,24,104.5,25,106,24
30,77,54,14,50,14,56.5,15,43,14
30,78,40,12,48,14,46,13,41,12
30,79,61,14,62,14,54.5,13,54.5,14
30,80,61.5,13,53,13,58,14,61,13
30,81,32,10,30,10,28,10,30,10
30,82,30,7,34,7,30,6,31,7
30,83,65,8,67,8,72,9,72,9
30,84,352.5,28,357,28,273,26,360,28
30,85,70,14,68,14,67.5,14,65.5,14
30,86,285.5,28,294.5,29,297.5,28,296.5,28
30,87,1208.5,38,1233.5,36,1173.5,40,1160.5,40
30,88,220,20,220,20,212.5,21,201,21
30,89,334.5,17,321,17,317.5,18,316,16
30,90,145,15,127,14,120.5,14,119.5,15
30,91,41,11,42.5,10,48,10,49,11
30,92,33,10,35,10,26,9,38,11
30,93,38,8,34,9,36.5,9,36,9
30,94,47,8,43,8,41,8,37,9
30,95,45,8,46,10,45,10,40,10
30,96,1674.5,31,1675.5,31,1672,31,1675,28
30,97,2442.5,32,2431.5,31,2397.5,36,2451,34
30,98,57,14,77.5,14,69,14,68,14
30,99,70,9,66,9,57,9,54,9
30,100,29,9,28,9,26,8,25,11
30,101,612,27,620.5,29,608.5,25,632,27
30,102,57,14,57,14,50,14,53,14
30,103,225.5,10,216,10,218.5,11,220,11
30,104,71,22,67,24,71,22,73,22
30,105,54,11,53,11,59,12,46,14
30,106,58,15,63,17,60,18,68,18
30,107,188,17,186,16,190.5,17,201,19
30,108,667,27,630.5,29,628.5,30,620.5,30
30,109,45,16,47,18,41,14,39.5,12
30,110,19,5,20,5,18,5,18,5
30,111,23,7,23,6,26,7,27,7
30,112,66,12,61,11,60,11,53,11
30,113,119,16,121,17,106,15,114,16
30,114,319,18,311,17,317.5,18,308,18
30,115,103,19,106.5,18,85.5,19,98,18
30,116,175,20,176,18,178,19,169,19
30,117,145,22,145,22,153.5,21,159,23
30,118,853,28,860,28,845,26,852,28
30,119,119.5,14,114.5,14,109,13,109,12
30,120,589,20,601.5,23,597,21,609.5,19
30,121,596.5,35,590.5,35,577,33,574,36
30,122,47,13,47,12,42,10,45,10
30,123,161.5,15,161,15,147.5,14,143,19
30,124,882.5,25,880.5,24,856.5,25,899,23
30,125,771.5,20,867.5,21,1005.5,19,1098.5,19
30,126,762,39,793.5,38,826,37,843.5,38
30,127,68.5,18,64,17,62,16,64,17
31,0,327,35,323.5,34,323.5,33,336.5,33
31,1,102,26,109.5,26,112.5,26,115,25
31,2,237.5,33,249,33,217.5,34,206,32
31,3,81.5,22,100,23,101,23,101,22
31,4,248,33,241,32,245,34,264,33
31,5,105.5,22,113.5,22,119,21,113,22
31,6,92,13,83,13,83.5,14,88,14
31,7,145.5,33,137,33,140,35,131.5,32
31,8,110.5,24,110.5,25,105,20,107,21
31,9,151,21,165.5,21,162.5,23,165,24
31,10,140,17,147,17,134,17,119,16
31,11,160,25,146,26,154,23,139,24
31,12,75,16,72,16,65,15,71,16
31,13,89,18,86,17,97,19,97,16
31,14,42,10,41,10,40,10,39,10
31,15,132,21,136,21,120,21,107,21
31,16,294,18,298.5,18,295,18,278.5,17
31,17,44,10,42,9,34,9,38,8
31,18,146,25,153,26,143,23,138,24
31,19,343.5,27,337.5,26,342,29,335,28
31,20,74,14,91,15,86,14,84,14
31,21,215,25,222,25,213,24,216,25
31,22,500,24,504,25,531,22,544,21
31,23,152.5,10,153,9,161,9,186.5,9
31,24,28,6,25,5,13,4,14,4
31,25,2574,33,2593,33,2494.5,31,2479,34
31,26,10178.5,13,10135,13,10098.5,13,9927,12
31,27,778.5,31,740.5,29,727.5,29,692,28
31,28,114,20,107.5,20,95.5,17,82.5,17
31,29,48,6,59,7,53,7,50,7
31,30,88,14,81,14,79,14,84,15
31,31,286,19,271.5,21,286,20,288,20
31,32,213,16,232,16,209.5,17,212.5,18
31,33,174.5,11,150.5,11,157,13,167,14
31,34,232,17,229,15,217,16,220.5,16
31,35,68,10,71,11,76.5,11,75,11
31,36,290,15,280.5,15,279,15,286.5,15
31,37,173,18,163,18,153,18,160,18
31,38,188.5,15,191,15,197.5,16,200.5,16
31,39,2,1,2,1,,,,
31,40,178,16,138,16,143.5,14,162,15
31,41,2,1,2,1,2,1,2,1
31,42,56.5,6,62,4,56,7,68.5,8
31,43,76.5,8,77.5,9,74.5,9,78.5,9
31,44,66,9,67,8,65,7,69,9
31,45,149,8,157,9,150.5,8,161.5,8
31,46,3,2,3,2,3,2,3,2
31,47,8,2,11,2,14,4,15,4
31,48,103,10,102,11,106,12,98,13
31,49,24,6,22,6,24,5,20,5
31,51,62.5,7,58.5,5,61.5,5,60.5,8
31,52,10,2,10,2,11,2,11,2
31,53,67,5,66,5,59,5,66,5
31,54,391.5,14,384.5,14,376,14,422.5,12
31,55,57,11,65,11,58,11,55,10
31,56,699.5,9,708,8,706.5,7,691,7
31,57,195.5,5,196.5,5,185,6,183.5,6
31,58,270.5,16,256.5,15,246.5,13,255.5,14
31,59,898.5,21,892.5,22,886.5,22,979.5,22
31,60,2754.5,18,2745.5,17,2865,17,2850.5,17
31,61,9682.5,11,9766.5,12,9948,13,9951,13
31,62,6757,21,6730,23,6615.5,24,6699.5,21
31,63,827.5,29,884.5,29,892.5,27,872,28
31,64,72.5,11,71,11,71,10,68,11
31,65,116,17,108.5,17,120,16,111,16
31,66,194.5,18,212,18,196.5,17,189,17
31,67,155.5,16,150.5,16,154,14,157,14
31,68,167,14,166,14,177.5,14,187,13
31,69,181,15,186,15,184,17,189,15
31,70,22,5,21,5,21,5,31,5
31,71,169.5,20,172,20,180,20,163,19
31,72,57,14,53,14,50,13,48,12
31,73,89,19,78,21,74,20,66,17
31,74,232.5,17,224.5,17,232,16,229.5,16
31,75,46,13,41.5,14,40.5,12,37.5,11
31,76,127.5,14,127.5,15,122.5,15,121.5,13
31,77,23,6,26,6,21,6,35,8
31,78,38,12,45,11,40,12,35,12
31,79,256,18,241,19,237,18,260.5,19
31,80,42,11,40,10,38,8,40,8
31,81,50,10,62.5,13,58.5,13,46.5,13
31,82,226,21,235,21,230,22,230,21
31,83,41,8,35,8,29,7,30,7
31,84,213.5,20,212,21,208,23,215,20
31,85,163,23,161,23,161,24,163,23
31,86,510,29,510,29,490,29,483.5,29
31,87,72.5,15,78,16,76,16,72,16
31,88,100,14,114,15,106,14,108,14
31,89,127,21,123,21,125.5,21,118,22
31,90,483.5,22,524.5,24,530.5,23,535.5,25
31,91,200,24,199,24,194,22,204,24
31,92,282,18,285.5,21,284,19,293,19
31,93,50,8,52,8,43,7,50,9
31,94,49,12,59.5,14,59,13,50,13
31,95,54,13,50,13,41,12,43,11
31,96,78,14,79.5,13,73.5,15,68,15
31,97,103,18,111.5,19,111,18,105,16
31,98,39,10,44,11,39,10,45,11
31,99,63,14,63,15,57,15,57,15
31,100,23,7,24,7,26,8,27,9
31,101,42,12,39,11,42,11,41,11
31,102,71,17,66,16,65,16,59,16
31,103,45,12,48,12,35,10,46,12
31,104,13,7,12,6,14,7,14,7
31,105,49,12,50,13,44,12,50,13
31,106,40,11,39,10,35,9,39.5,11
31,107,45,9,41,10,38,10,39,11
31,108,35,10,35,10,28,7,34,9
31,109,51,13,45,14,45,15,44,15
31,110,41,11,40,11,43,13,43,13
31,111,206.5,19,217,20,217.5,21,265,19
31,112,85,16,78,16,80.5,16,89,17
31,113,32,8,39,8,38,9,39.5,9
31,114,351.5,25,351.5,23,349.5,25,339.5,26
31,115,41,12,40,14,33,12,30,10
31,116,1567.5,32,1570.5,32,1557,34,1564.5,33
31,117,347,24,323,26,347,22,372.5,21
31,118,158,25,156,25,158,25,161,25
31,119,1660,31,1668,30,1680,30,1704.5,33
31,120,168,11,165.5,15,167.5,15,179.5,16
31,121,986.5,34,991,33,956,30,961.5,30
31,122,62,16,60,16,64,16,64,17
31,123,51,12,51,12,51,13,49,13
31,124,84,22,87,23,77,23,73,23
31,125,1706.5,30,1816.5,29,1792,28,1745.5,27
31,126,2029,20,2061.5,20,2032.5,22,2077,20
31,127,163,18,165.5,20,165,17,192.5,17
32,0,138,31,139.5,32,155,32,151.5,33
32,1,65.5,23,78.5,24,71,26,71,24
32,2,141,21,131,21,125.5,20,134.5,20
32,3,80.5,22,78.5,22,71.5,22,79.5,23
32,4,594.5,37,598.5,38,567.5,34,532,36
32,5,32,7,26,7,25,7,18,7
32,6,13,4,16.5,5,11,4,16,5
32,7,65,21,63.5,20,64,21,56,17
32,8,949.5,47,933.5,46,940,48,907.5,48
32,9,90,19,92,20,88,17,77,18
32,10,15,6,18,7,17,7,16,7
32,11,107,20,100,21,96.5,22,98.5,22
32,12,143,31,146.5,32,140.5,32,134.5,33
32,13,187,26,209.5,28,198.5,27,224.5,27
32,14,109,14,116,13,94,12,88,12
32,15,52,16,47.5,15,55.5,16,54.5,17
32,16,46,14,46,14,48,14,45,13
32,17,118.5,20,121,19,113,19,114.5,20
32,18,118.5,23,112,23,104,24,111.5,24
32,19,148,21,148,21,138.5,21,131.5,21
32,20,299.5,28,286.5,29,269.5,28,290,27
32,21,40,6,32,6,25,3,31,5
32,22,285.5,14,298.5,14,310.5,15,316,14
32,23,303,22,301,23,304.5,22,286,21
32,24,20,5,22,7,20,7,29,7
32,25,539.5,30,501.5,29,490.5,31,521.5,30
32,26,1129.5,40,1173.5,41,1229,41,1259.5,42
32,27,872.5,40,847,40,857,41,840.5,40
32,28,297,25,309.5,25,294.5,23,304.5,23
32,29,266.5,22,261.5,21,235,22,250.5,22
32,30,61,8,56,8,68.5,8,70,9
32,31,55,7,47,7,50,7,49,7
32,32,74,11,69.5,10,73,12,76,11
32,33,340,23,352.5,23,358,23,338,24
32,34,75.5,10,77,9,80.5,10,73.5,9
32,35,1144,29,1151,29,1118,31,1112.5,31
32,36,475,10,471.5,11,467,12,465.5,10
32,38,40,7,37,7,33,6,39,7
32,39,26,4,27,4,31,4,33,4
32,40,81.5,6,81,6,67,5,73,6
32,41,207,10,198.5,12,207.5,11,227,10
32,42,2,1,2,1,2,1,2,1
32,43,21,2,21,2,21,2,21.5,2
32,44,840,34,808.5,34,801,36,849.5,33
32,45,103,13,106.5,14,95.5,14,116.5,15
32,46,17,4,13,5,10,4,19,5
32,47,4,2,2,1,,,6,2
32,48,53,12,47,10,40,9,55,11
32,49,28,4,27,4,23,3,25,3
32,50,8,3,8,3,7,2,8,2
32,51,54,4,55,4,58.5,4,51.5,4
32,52,97,7,91.5,7,88,8,89.5,8
32,53,125.5,13,124.5,12,118,12,117,12
32,54,71,7,72.5,7,66.5,8,72.5,8
32,55,341,17,341.5,17,329.5,17,331,17
32,56,623.5,18,619,19,648.5,17,621.5,17
32,57,105.5,10,99.5,10,102,10,107,10
32,58,34,7,37,8,37,8,35,7
32,59,2095,25,2081,26,2046,27,2066,26
32,60,686.5,3,664.5,3,676,4,652.5,4
32,61,1857,16,1818.5,15,1821,17,1816,17
32,62,1330.5,18,1342,18,1372,18,1361.5,16
32,63,110,8,106,8,98,8,104,9
32,64,434,14,441,14,462.5,15,438,15
32,65,922.5,18,909.5,18,970,18,991,18
32,66,442,13,446.5,12,471.5,13,454,13
32,67,41,8,38,7,38,7,39,7
32,68,525.5,24,526.5,23,524.5,25,510,24
32,69,157,23,155.5,23,161,23,143,21
32,70,279,28,264,26,251.5,28,243,28
32,71,65,8,66,8,65.5,8,68,8
32,72,36,9,37,7,38,8,39.5,9
32,73,48,12,50,12,51.5,14,50,13
32,74,66,11,69,11,54,11,59.5,10
32,75,37,10,40,10,37.5,10,34,9
32,76,25,10,27,10,31,10,26.5,9
32,77,35,11,34,10,30,9,27,10
32,78,31,10,29,10,22,9,31,9
32,79,26,7,37,8,34,9,34,9
32,80,22,6,24,6,27,7,18,6
32,81,110.5,23,94.5,22,90,21,96,22
32,82,254.5,25,258,26,267.5,26,268.5,27
32,83,71,14,79,14,74.5,15,69.5,13
32,84,139,22,138,24,148,24,147,23
32,85,197.5,30,194,30,192,29,203,30
32,86,99,19,88,18,88,17,100.5,18
32,87,73,14,69,14,64,15,64,16
32,88,1316,40,1287.5,40,1243.5,40,1227,38
32,89,376.5,40,374.5,40,395,39,378,38
32,90,466,25,481,23,518.5,23,542.5,24
32,91,106.5,22,104,21,99,21,104.5,22
32,92,575.5,16,577.5,17,594.5,15,575,15
32,93,93,13,96,13,86,12,84.5,12
32,94,29,6,30,7,26,5,31,7
32,95,68,12,65,13,57,14,55,15
32,96,34,10,35,12,26,10,33,12
32,97,31,8,32,8,24,7,21,7
32,98,54,7,54,8,50,8,47,8
32,99,37,9,38,9,35,9,30,8
32,100,35,9,27,8,26,8,18,7
32,101,17,4,17,4,17,4,17,4
32,102,33,8,33,8,28,8,31,8
32,103,73,11,72,12,70,11,73,11
32,104,39,10,41,10,41,10,43,10
32,105,34,10,24,10,24,11,25,11
32,106,17,7,19,8,18,8,22,8
32,107,35,7,36,7,33,7,32,7
32,108,57,13,57,13,59,13,56,13
32,109,51.5,12,57,13,60,12,66,12
32,110,56,14,55,16,59,14,55,15
32,111,1079.5,28,1085.5,28,1060,28,1078.5,27
32,112,76,17,71,16,70.5,16,69.5,17
32,113,52,10,59,10,61,10,61,10
32,114,49,12,50,12,49,11,48,12
32,115,126,17,127,17,132,16,130,17
32,116,96,23,101,21,93,22,96.5,23
32,117,160,14,153,13,157,14,142.5,14
32,118,160.5,21,158,19,158.5,17,160.5,18
32,119,80,18,85,20,88.5,19,88.5,18
32,120,170,18,169,17,169.5,17,171.5,17
32,121,202.5,16,224,16,220.5,18,216,18
32,122,839.5,36,840,36,864.5,38,826.5,38
32,123,244.5,25,243,25,223.5,25,236.5,26
32,124,247.5,21,247,21,252.5,24,240,21
32,125,320,21,508.5,21,697.5,20,752,18
32,126,1431,29,1454,31,1537,31,1536,31
32,127,98,22,86.5,22,81.5,22,72.5,20
33,0,132,23,136.5,23,124.5,25,109.5,23
33,1,138,27,133,26,128.5,29,127.5,29
33,2,68.5,17,61,15,61,17,60.5,16
33,3,25,6,26,6,16,5,17,5
33,4,13,3,10,3,9,3,10,3
33,5,63,16,64,16,55,16,56,16
33,6,16,4,18,4,17,6,23,6
33,7,40,9,34,8,38,10,35,9
33,8,178,30,177,31,169,31,168,31
33,9,216,31,228,30,228.5,30,241,32
33,10,71,20,71.5,19,63,20,58,20
33,11,97.5,22,93,22,85,20,93.5,22
33,12,88.5,17,82.5,17,76.5,16,81,16
33,13,44,10,44,10,44,10,47,10
33,14,115,20,116,21,107,22,95.5,22
33,15,163.5,22,156,21,151,22,163.5,24
33,16,170.5,27,156.5,28,161.5,29,153,28
33,17,105,18,112,19,104,18,99,16
33,18,81,19,76.5,19,69.5,19,65,20
33,19,99.5,20,107,21,96,21,94.5,21
33,20,236.5,22,218.5,21,194.5,20,206,21
33,21,197,25,192,24,181,26,163,25
33,23,500,25,488.5,25,579.5,24,652.5,24
33,24,690,34,664.5,35,648.5,34,639.5,34
33,25,526.5,34,527.5,33,519,33,537,34
33,26,188,17,202,17,196,15,208.5,16
33,27,69.5,13,73,13,75,13,69,12
33,28,352.5,34,343.5,34,310.5,33,347.5,32
33,29,85.5,11,88.5,11,83,10,75,10
33,30,104,13,95.5,13,87.5,11,90.5,12
33,31,165,16,162.5,16,164,15,156,15
33,32,165.5,19,154,20,162,20,153,20
33,33,72,9,74,9,72,8,54,9
33,34,104,13,105,14,104,13,113,14
33,35,119,16,122,15,122,13,132,12
33,36,305.5,20,305,20,328,20,315,21
33,37,113.5,6,114.5,5,120,6,116.5,6
33,39,65.5,9,64.5,8,67.5,8,78,7
33,40,14,2,17,3,11,2,14,2
33,41,18,3,16,3,18,4,18,4
33,42,99.5,10,106,9,91,11,103,11
33,43,17,4,19,5,16,5,16,4
33,44,299,12,283,12,280.5,12,283.5,13
33,45,13,3,10,2,10,2,10,3
33,46,46.5,11,42.5,11,39.5,11,42.5,12
33,47,7,1,7,1,7,1,8,2
33,48,74,11,78.5,10,76.5,9,74.5,10
33,49,495,15,509.5,16,482.5,14,481.5,11
33,50,103.5,7,105,8,101,6,107,7
33,51,3,1,1,1,2,1,1,1
33,52,226,13,233,13,228.5,12,236,12
33,53,91,9,100.5,9,87,9,102,8
33,54,97,11,98,11,103.5,11,109.5,12
33,56,83.5,2,80.5,2,83,2,78,2
33,57,284,12,288.5,12,287.5,13,281.5,14
33,58,74,9,77,10,72,8,55.5,8
33,59,35,9,35.5,8,35.5,8,31.5,8
33,60,156.5,5,159.5,6,182.5,6,200,6
33,62,1724,10,1749,12,1744,10,1699.5,11
33,63,1233.5,9,1289,8,1350,8,1337.5,8
33,64,1868,22,1895,20,1902,19,2003.5,18
33,65,1121.5,28,1141,27,1172.5,27,1159,27
33,66,88.5,4,83,4,82,4,87,4
33,67,742,24,749,23,735,24,730.5,22
33,68,270.5,18,277,17,279.5,18,278,18
33,69,33,10,32,11,41,12,39,12
33,70,218,23,230,26,225,26,208.5,28
33,71,312,26,306.5,25,307,25,298,24
33,72,35,11,37,10,36,10,40,10
33,73,189.5,19,181.5,20,180.5,18,169,17
33,74,140.5,13,149,13,147.5,14,137,14
33,75,30.5,8,28.5,8,34,8,27,7
33,76,95,20,84,20,79.5,17,84.5,19
33,77,82,23,90,24,78,21,80,24
33,78,90,20,85,21,82,20,92,21
33,79,35,9,40,8,38,8,38,9
33,80,73,16,77.5,17,70.5,17,71.5,18
33,81,208,22,198.5,22,208,21,212,22
33,82,70,15,69,15,69,14,59,14
33,83,77.5,15,81.5,15,79.5,16,85,17
33,84,568,25,587.5,27,605.5,27,599.5,26
33,85,1014.5,37,990.5,37,991,39,985.5,39
33,86,90,15,89,15,86,15,83,15
33,87,56,14,57,15,61,17,50.5,17
33,88,123,15,121,15,114,14,107,14
33,89,1400,35,1469.5,34,1452.5,34,1574,36
33,90,6474.5,21,6598,19,6707,16,7061,16
33,91,292,11,305,13,307.5,14,301,15
33,92,73,11,74.5,13,65.5,11,68.5,13
33,93,28,11,24,11,29,11,31,10
33,94,30,12,32.5,12,33.5,11,32.5,11
33,95,467,22,467,21,451.5,24,458.5,21
33,96,332,19,325.5,19,350.5,19,349,18
33,97,68,14,72,15,74,15,70,15
33,98,32.5,8,31.5,8,30.5,8,27.5,7
33,99,34,9,34,9,35,7,38,8
33,100,167.5,15,166.5,16,172,14,174.5,13
33,101,18,4,18,4,12,4,15,5
33,102,20,8,18,7,17,6,19,6
33,103,239.5,9,248,9,251.5,8,245.5,9
33,104,87,14,87.5,14,86,13,87.5,15
33,105,37,8,37,9,35,7,38,8
33,106,690.5,19,726,19,720.5,17,725,18
33,107,535.5,21,549.5,22,489.5,22,477,22
33,108,310.5,19,292.5,18,288.5,17,300.5,18
33,109,40,10,33,10,41,12,40,13
33,110,120,18,128,19,116,18,122,18
33,111,49,13,51,13,50,13,44,12
33,112,193.5,19,198,18,195.5,18,192.5,17
33,113,73,14,73,13,65,14,61,14
33,114,680.5,22,653,21,624,19,638.5,20
33,115,698,21,690.5,21,682,22,693.5,22
33,116,747.5,23,747.5,23,745,23,721,22
33,117,428,13,444.5,13,417,13,406.5,13
33,118,65,16,71,16,72.5,17,79.5,16
33,119,133,18,137.5,18,140,19,137,19
33,120,1099,32,1099,32,1133.5,32,1127,31
33,121,113,13,114.5,13,113.5,13,117,13
33,122,483,32,493,32,500,30,502,30
33,123,1350.5,15,1328.5,17,1305,17,1244,17
33,124,3172.5,37,3149.5,38,3151,38,3143,39
33,125,3979,15,3906.5,14,3883,13,3743.5,13
33,126,2642.5,15,2594.5,16,2680.5,18,2685,16
33,127,97,17,100,16,96,17,97,17
34,0,41,9,38,9,41,10,45,11
34,1,34,10,24,10,26.5,8,24,9
34,2,34,8,34,10,32,10,29.5,9
34,3,6,2,7,2,5,2,6,2
34,4,21,8,19,9,18,7,20,8
34,5,8,4,9,6,10,6,12,6
34,6,8,3,11,4,7,3,5,3
34,7,36,9,31.5,8,27,7,22,6
34,8,52,9,50,9,41,9,36,9
34,9,234,28,229,30,212,31,200.5,30
34,10,151,23,142,24,140.5,25,129,22
34,11,82.5,15,77.5,14,82,14,60,12
34,12,226.5,32,233,34,198.5,34,200.5,34
34,13,152,21,165,21,163,20,168,23
34,14,243.5,29,245.5,30,227,29,236,27
34,15,187.5,28,189,28,191,26,190,26
34,16,85.5,16,89.5,16,85.5,14,83.5,14
34,17,113.5,22,114.5,22,116,22,122,21
34,18,130,24,115,24,114,26,75.5,16
34,19,54,15,45,15,45,15,47,15
34,20,110,21,103,21,92.5,19,81.5,18
34,21,1017.5,21,1019.5,18,1034,18,960.5,19
34,22,207.5,28,208.5,27,210.5,28,204,28
34,23,143,10,147,11,145.5,11,148,10
34,24,87,8,84,8,78,6,61,6
34,25,364,30,385.5,31,385,33,365.5,32
34,26,348.5,20,338,20,349.5,20,328.5,20
34,27,451.5,22,456.5,23,469,21,477,22
34,28,149,19,155,20,163,18,165,19
34,29,114.5,14,106.5,14,115,14,114,14
34,30,56.5,6,58,6,53,7,48.5,6
34,31,180.5,18,161,18,166,20,168,20
34,32,28,6,28,6,27,6,31,7
34,33,20,6,23,7,20,7,25,6
34,34,208,13,201.5,12,200.5,11,208,12
34,35,276.5,19,257.5,19,274.5,19,257,19
34,37,319,22,310,21,306,20,297.5,21
34,40,238,12,231,12,228,12,221.5,11
34,41,20,5,19,5,20,5,21,5
34,42,30,6,26.5,6,28,6,25,6
34,43,83,10,91.5,10,99,10,114,9
34,44,141,10,134.5,10,121,11,122,11
34,45,62,5,67.5,5,63,5,68.5,5
34,46,112.5,6,106,5,97,5,115,5
34,47,4,2,4,2,4,2,4,2
34,48,5,2,5,2,5,2,4,2
34,49,102,11,98,10,96,9,99,10
34,50,23,6,23,6,21,6,19,6
34,51,44,5,56.5,7,53,7,56,7
34,52,103,18,105,17,106,16,100,18
34,54,122.5,10,130.5,10,125.5,10,131,9
34,55,20,4,20,4,19,5,19,4
34,56,401.5,19,387.5,18,398,20,385.5,19
34,57,1330.5,15,1314.5,14,1341.5,15,1397.5,14
34,58,297.5,11,301.5,12,307.5,11,292.5,11
34,59,3,2,2,1,2,1,2,1
34,60,1017,9,1036.5,10,1045,10,1107.5,11
34,61,1049.5,28,1050.5,28,1037,29,1115.5,30
34,62,598,9,645.5,9,656.5,8,650.5,8
34,63,3101,24,3125.5,22,3134,20,3151,21
34,64,499,27,504.5,26,484.5,26,512,27
34,65,24,6,22,6,20,5,18,6
34,66,309,15,304,16,307.5,17,315.5,17
34,67,266,19,258,18,249.5,20,248.5,19
34,68,73,10,71,9,68.5,9,69,9
34,69,114.5,12,106.5,12,114,10,112,11
34,70,1031.5,28,1052.5,23,1050,26,1093,26
34,71,105.5,12,100,11,102,12,94.5,11
34,72,50.5,14,50.5,16,46.5,15,48,15
34,73,42,15,47,15,48,15,47,15
34,74,68.5,19,61.5,17,66,17,63.5,17
34,75,75.5,16,72,16,80,16,78,16
34,76,78,20,76,20,79,20,67,20
34,77,1203.5,36,1230,36,1203,36,1222,34
34,78,51.5,10,53,10,49,9,45,9
34,79,62,15,61,14,59,13,68,13
34,80,39,8,37,7,41,8,37,8
34,81,34,9,24,9,24,8,26,8
34,82,42,7,44,7,42,7,28,6
34,83,36.5,9,38,9,33,9,33,8
34,84,17,4,18,4,14,4,15,5
34,85,87,20,86,22,88.5,22,82.5,21
34,86,47,13,49.5,12,56.5,14,50,13
34,87,42,12,41,11,38.5,13,36.5,13
34,88,112.5,15,101,15,105,15,99,14
34,89,572.5,36,586.5,34,587.5,35,607,37
34,90,900.5,24,898.5,24,914.5,26,898,26
34,91,315,12,323,12,317.5,12,325.5,12
34,92,76,10,82,11,80.5,11,82.5,10
34,93,66,17,66,16,68.5,17,73.5,17
34,94,331.5,13,327.5,14,296,14,332,14
34,95,171.5,18,156.5,18,165.5,18,165,19
34,96,118,21,108,22,109,22,96.5,22
34,97,11,5,9,4,18,5,19,5
34,98,26,8,18,7,16,5,14,6
34,99,31,9,23,9,20,9,22.5,9
34,100,105,11,129.5,12,136,12,131,12
34,101,221.5,27,250,26,276,26,265,26
34,102,29,11,28,11,30,11,29,11
34,103,73,12,69,13,76,13,71,13
34,104,72,16,70,16,67,15,61,14
34,105,76,18,74,18,75,17,67,17
34,106,112,19,118,18,109,16,107,18
34,107,2131,27,2060.5,28,2118,27,2166.5,29
34,108,223,24,222,24,234,24,248,23
34,109,72.5,15,67.5,15,63.5,15,70,15
34,110,59,15,57.5,14,50,13,45,12
34,111,41,8,45,8,42,8,42,7
34,112,60,13,72,11,64,12,64,12
34,113,85.5,14,84.5,15,87,15,87,15
34,114,78,17,79,17,71,16,73,16
34,115,123,18,123,17,120,19,112.5,19
34,116,106,17,106,19,105,19,101.5,17
34,117,30,7,32,7,31,8,28,7
34,118,129,26,135,29,132.5,29,148.5,30
34,119,446,21,450.5,21,435,20,444,20
34,120,380.5,39,354,39,347.5,36,368.5,38
34,121,137,14,139,14,145.5,14,142,15
34,122,744.5,25,752.5,26,729,24,759,24
34,123,340.5,49,341,50,342,50,319.5,49
34,124,1094,30,1236.5,31,1249,29,1249,28
34,125,8587,14,8565.5,13,8752.5,12,8493.5,13
34,126,5534,26,5537.5,27,5508.5,25,5125,22
34,127,6233,17,6075,17,6086,16,6333.5,18
35,0,64,16,58,16,51,16,61,17
35,1,55,12,61,13,50,13,39,12
35,2,72,17,70,16,64,18,62,17
35,3,46.5,11,44,11,45,11,34,11
35,4,23,5,32,7,22,5,16,4
35,5,57.5,15,56,14,63.5,13,61,13
35,6,25,8,32,8,27,8,21,8
35,7,48.5,10,52,10,47,9,51,9
35,8,21,8,32,9,29,8,28,8
35,9,78,18,69,17,72,17,71,17
35,10,155,28,146.5,30,181,29,177,29
35,11,156.5,26,169,26,156,25,155,25
35,12,185,33,190.5,34,207,33,194.5,34
35,13,724.5,48,731,49,691.5,48,709,46
35,14,149,22,160,21,160,22,151,21
35,15,71,17,69,17,78,20,77,20
35,16,117,21,119.5,21,114.5,20,113.5,19
35,17,91,23,94,23,89,22,96.5,23
35,18,282,32,299.5,29,297,29,336.5,31
35,19,101,17,87,18,80,18,94,18
35,20,109,20,110,20,108,20,108,20
35,21,77.5,10,90,9,88.5,9,91.5,10
35,22,155.5,19,156.5,18,151.5,19,146.5,19
35,23,313,20,309,20,320.5,21,327,20
35,24,377.5,28,378.5,27,379.5,28,379,29
35,25,291,19,287.5,19,303.5,19,305,19
35,26,163,16,172,15,160.5,15,166,13
35,27,167.5,9,163.5,9,162.5,9,154.5,9
35,28,56,7,50.5,8,48.5,8,66.5,10
35,29,271,22,268,22,259.5,21,265.5,21
35,30,52.5,11,47.5,9,51.5,10,58.5,10
35,31,52.5,7,52,7,52,7,43,8
35,32,149.5,7,132,8,131,8,130.5,8
35,33,166,13,184,14,186.5,14,197.5,15
35,34,31,4,34,4,21,4,18,3
35,35,150,5,140,6,141,6,139,6
35,37,157.5,9,148.5,10,124,9,128.5,10
35,38,31,6,29,5,28,6,25,5
35,40,17,4,16,4,20,4,26.5,5
35,41,45,12,45,12,41,11,52.5,12
35,42,11,2,11,1,15,2,16,2
35,43,116,13,116,13,106,13,109.5,12
35,44,34,4,30,4,30,5,29,5
35,45,5,2,5,2,5,2,6,1
35,46,39,7,31,6,29,6,35,7
35,47,40.5,3,41,3,36,3,38,3
35,48,126,8,117,9,118,10,128,7
35,49,2,1,2,1,2,1,2,1
35,50,129,16,132,16,118,16,127,16
35,51,71,15,66,15,68,14,67,14
35,52,224,15,221,15,218.5,14,209,14
35,53,125.5,15,128.5,15,123.5,15,120,15
35,54,333,17,352.5,16,360.5,17,365,17
35,55,151,17,139,17,128.5,17,141.5,17
35,56,94.5,11,96,11,90,11,88.5,11
35,57,350,8,352,13,363,11,335.5,11
35,58,58,10,68,11,88.5,10,87.5,11
35,59,2,1,2,1,1,1,1,1
35,60,563,18,580.5,20,592.5,17,616,17
35,61,745,24,731.5,22,723,22,725,23
35,62,320,21,351,21,380.5,18,415.5,18
35,63,410.5,16,397.5,16,394,15,405,15
35,64,496.5,22,507.5,22,527,21,558.5,20
35,65,96,13,99,13,93,13,93.5,13
35,66,918,29,903,27,949.5,27,989.5,25
35,67,147,19,155,19,156.5,19,155,19
35,68,211.5,24,205.5,25,198.5,24,213,24
35,69,123.5,24,125,25,127.5,24,136.5,26
35,70,179.5,23,180.5,23,179.5,23,166.5,22
35,71,49,12,51,12,48,10,49.5,12
35,72,173,25,169.5,25,165.5,25,170,26
35,73,68,15,75.5,17,75,17,65,16
35,74,94,12,85,12,92,12,89.5,13
35,75,339,16,333,15,325.5,16,328.5,18
35,76,86,17,84,17,77,18,83,19
35,77,61,15,65,15,68,17,74,18
35,78,45,10,42,11,42,10,40,10
35,79,122.5,19,121.5,20,114,18,98.5,18
35,80,156,28,168.5,28,184.5,29,165.5,27
35,81,113,15,105.5,15,100.5,16,100.5,17
35,82,110,20,108.5,20,107,19,101.5,19
35,83,369,27,357.5,26,350,25,336,27
35,84,69,18,66,19,63.5,20,67,20
35,85,83.5,18,87.5,19,83.5,19,91.5,20
35,86,690.5,35,692,34,649,34,616.5,33
35,87,85,20,82,19,85,18,97,19
35,88,260,16,258.5,16,248,16,253,16
35,89,60,14,60,15,50.5,13,56.5,15
35,90,361.5,11,335,11,339,11,333,11
35,91,751.5,17,791,15,772.5,15,795,15
35,92,49,13,49,13,49.5,13,50.5,13
35,93,338,18,307.5,17,324,17,325.5,19
35,94,45,14,46,14,44,13,38,11
35,95,65,12,65,10,68,11,63,12
35,96,134.5,17,135.5,17,129,16,134,18
35,97,267,20,266.5,21,260.5,21,237,22
35,98,493.5,18,515,18,507.5,18,527.5,18
35,99,24,7,26,8,26,8,28,8
35,100,37,9,32,8,34,9,33,8
35,101,33,12,37,12,32,11,33,11
35,102,32,7,33,8,23,7,25,8
35,103,42,13,40,13,43,13,42,13
35,104,34,10,28,10,24,8,29,8
35,105,54,10,56,10,53,10,41,10
35,106,24,9,23,7,24,8,21,8
35,107,55,12,55,12,55,11,51,12
35,108,97,12,94,11,98,11,98,11
35,109,728,24,707,24,710.5,23,720.5,22
35,110,57,15,57,16,57,16,52,16
35,111,45,11,48,11,47,11,57,11
35,112,177,13,170,12,161,13,172,14
35,113,338.5,15,331.5,16,315,17,332.5,17
35,114,178,19,181.5,20,185,21,187,21
35,115,804,36,795,37,797.5,35,843.5,33
35,116,187,13,182,12,189,12,186,14
35,117,3,3,4,2,9,3,6,3
35,118,236,26,225,27,220,27,219.5,27
35,119,1054,29,1027,29,1008,29,1010,29
35,120,397,22,376,23,395.5,23,401,24
35,121,1501,27,1583,27,1604,29,1773.5,28
35,122,1340,16,1337.5,16,1437,14,1431.5,14
35,123,1705.5,48,1724,48,1727.5,44,1782.5,45
35,124,21139,12,21004.5,12,21463.5,11,21142.5,13
35,125,13339,7,13472,9,13814,10,13620,9
35,126,12413.5,12,13215,13,14019,11,14357,12
35,127,2537.5,14,2740.5,14,2981.5,10,3017,11
36,0,12,5,10,5,9,4,8,3
36,1,44,11,40.5,12,38,12,52,15
36,2,72,22,68,21,79,23,72.5,22
36,3,23,8,23,8,23,8,21,8
36,4,15,6,14,6,23,7,12,6
36,5,62,10,71,10,68.5,9,56.5,9
36,6,78,18,80,17,75,16,69,17
36,7,70,15,66.5,15,66.5,14,64.5,15
36,8,47,8,42,8,47,8,44,8
36,9,204.5,33,211,34,227,32,213,30
36,10,51,13,58,13,59,13,57,13
36,11,127,25,127.5,24,124,25,128.5,25
36,12,294.5,38,295,40,294,40,283,39
36,13,3342.5,37,3277.5,34,3243.5,36,3219.5,34
36,14,159,20,159,20,156,21,145.5,19
36,15,81,15,98.5,16,92,15,98,15
36,16,104,17,106.5,18,99,15,88,15
36,17,213,26,220,26,212.5,25,203,26
36,18,75,16,75,18,71,17,65,16
36,19,46.5,13,38.5,12,41.5,13,44,13
36,20,103,13,125,12,109,11,112,13
36,21,101,17,83,15,87,16,83.5,16
36,22,280,34,285.5,35,273.5,36,278,36
36,23,220,31,207,30,228.5,31,221,31
36,24,906.5,27,896,28,907.5,27,861,26
36,25,1002,19,967.5,19,982,20,995.5,21
36,26,410,24,420.5,23,410.5,23,406,23
36,27,526,16,508.5,16,507.5,16,484,18
36,28,255,14,278,14,271.5,13,268.5,15
36,29,165.5,13,163.5,13,158,13,158.5,13
36,30,37,7,35,7,28,7,32,7
36,31,226.5,11,230.5,12,228,11,242,10
36,32,203.5,16,201,15,197.5,15,200.5,15
36,33,7,3,10,4,9,4,9,4
36,34,49.5,7,53.5,7,47,7,39,7
36,35,120,9,120,9,122,10,121,10
36,36,92,7,100.5,7,98,8,101,9
36,37,37,5,42,5,33,3,40,4
36,38,110,8,114,8,109,8,111,8
36,39,98,5,102,5,98,4,107.5,6
36,40,33,8,38,8,31.5,6,29.5,6
36,41,491,23,480.5,22,454.5,21,450,22
36,43,20,4,28,4,28,4,21,4
36,44,67,7,65,7,59,6,59,6
36,46,30,5,34,5,31,5,30,5
36,47,13,1,12,1,12,1,16,1
36,48,1,1,2,1,1,1,2,1
36,49,125,4,121,4,113,4,118,5
36,50,18,6,15,5,14,5,13,5
36,51,42,10,37,10,39.5,11,39,11
36,52,60,9,61,9,62,9,60,9
36,53,30,7,34,10,36,10,35,10
36,54,178,16,183,18,171,18,189,19
36,55,65.5,5,70.5,5,62,5,63,5
36,56,23,3,16,2,15,2,14,2
36,57,7,3,6,3,7,3,7,3
36,58,369.5,13,371,13,353.5,14,349.5,16
36,59,265,6,245.5,6,233.5,6,246.5,6
36,60,737,17,746,16,739,15,757.5,16
36,61,637.5,26,648,24,615,24,617,24
36,62,1342.5,11,1398,11,1411.5,9,1464,10
36,63,888.5,20,896.5,19,934.5,21,972,20
36,64,208,7,205,7,180,7,178.5,7
36,65,141,15,146,15,145,16,140.5,15
36,66,199,19,208.5,18,203.5,19,204.5,19
36,67,62,10,64,10,61,11,53,10
36,68,175,16,173,17,168,15,158,15
36,69,195.5,25,192,25,220.5,24,211,23
36,70,55,15,60.5,15,67,15,60.5,15
36,71,86,22,83,24,87,23,81,23
36,72,55,13,54,12,57,15,54,15
36,73,84.5,20,93,21,88,21,83,21
36,74,88,17,87,17,80,17,63,17
36,75,63,15,65,16,54,15,54.5,17
36,76,63.5,10,67.5,10,65,10,57,10
36,77,175.5,27,164.5,27,182.5,28,165.5,28
36,78,124.5,22,134,22,127.5,22,126.5,23
36,79,125.5,26,125.5,26,117.5,24,117,24
36,80,73,18,73,18,69,18,69,18
36,81,38,11,39,12,38,10,40,11
36,82,76.5,11,66.5,11,67.5,11,62.5,10
36,83,109,23,103,22,99,20,114.5,20
36,84,68,15,63,15,69,14,63,13
36,85,151,17,162.5,18,162.5,18,176,18
36,86,107,20,102.5,19,89,19,115,20
36,87,68,13,68,13,69,13,66,13
36,88,156.5,12,156,12,147.5,12,143,10
36,89,531,20,549,20,538.5,20,545.5,17
36,90,38,9,44,9,42,9,42,9
36,91,171,30,155,29,144,28,157,30
36,92,28,9,27,8,32,10,30,9
36,93,26,8,21,7,21,8,19,7
36,94,252,15,234.5,15,235.5,13,227.5,14
36,95,28,7,27,7,23,6,32,4
36,96,149.5,15,139,14,136,14,139,13
36,97,43,13,44,13,42,12,41,12
36,98,850.5,25,822,26,843,25,850,25
36,99,34,10,38,9,29,8,35,10
36,100,14,4,13,4,13,4,15,3
36,101,56,13,52,12,53,13,53,12
36,102,9,3,7,2,7,2,7,2
36,103,15,6,18,8,15,8,13,7
36,104,70,10,71.5,10,66.5,10,69.5,11
36,105,290.5,16,272.5,17,288.5,15,291.5,16
36,106,28,8,28,8,33,10,33,8
36,107,114,21,110,21,102,21,104,20
36,108,272,21,280,21,265,21,266,21
36,109,56,13,53,13,44,13,42,14
36,110,93,18,100,18,96,19,98,20
36,111,30.5,8,39,8,34.5,8,33,8
36,112,417,16,394,17,396.5,15,418.5,14
36,113,931,20,889,22,887.5,19,925.5,18
36,114,323.5,16,309,15,310.5,15,297.5,15
36,115,137.5,14,131.5,16,143,14,138.5,15
36,116,116.5,19,117,20,111,19,124,21
36,117,111,16,123,16,117,17,126,17
36,118,116.5,11,111,11,119,12,113.5,11
36,119,915.5,23,876.5,22,862.5,24,855,25
36,120,444,39,455,40,511,39,533,39
36,121,3486.5,22,3574.5,21,3660,21,3859.5,22
36,122,1984,30,2004,29,1982,28,1950.5,30
36,123,5210.5,32,5332.5,29,5503,29,5476.5,28
36,124,18284,8,18364,9,18620,10,18556.5,10
36,125,28434.5,6,28606,6,28909.5,6,29057.5,6
36,126,4421.5,16,4568,15,4571,15,4777.5,14
36,127,2,1,2,1,2,1,2,1
37,0,24,8,30,8,32,8,28.5,8
37,1,36,8,32,8,27,7,33,7
37,2,21,7,20,7,22,6,19,7
37,3,37,13,31,11,30,9,37,10
37,4,111,19,108.5,19,94.5,19,97.5,20
37,5,16,7,16,7,19,7,21,7
37,6,1,1,1,1,1,1,3,1
37,7,44,7,36,7,43.5,7,44,7
37,8,96.5,22,100.5,22,104.5,22,88.5,22
37,9,95.5,21,108,21,98,20,103,20
37,10,62.5,18,83,18,78.5,20,73.5,20
37,11,128,17,126.5,20,126.5,20,117.5,19
37,12,214,26,204.5,27,197,27,196.5,26
37,13,89,21,97,21,108,21,105,22
37,14,143,19,133,20,134,20,130,19
37,15,183,19,193,19,181,19,175.5,19
37,16,45,15,46.5,16,40,15,43,15
37,17,62.5,18,65.5,19,61,17,61,18
37,18,89,20,94.5,23,85.5,23,83.5,24
37,19,78,11,76.5,12,74.5,12,66.5,12
37,20,220.5,23,224,22,220.5,20,210,23
37,21,57.5,15,57.5,15,66,14,67.5,14
37,22,421.5,24,429.5,23,432,24,410.5,24
37,23,280,36,281.5,38,291,36,274,35
37,24,1660,33,1622.5,32,1618,34,1582.5,34
37,25,1045.5,16,1047.5,16,1046,15,1016.5,14
37,26,585,20,592,20,583.5,19,584.5,21
37,27,221.5,9,216,9,189,10,184,9
37,28,134,10,118,10,123.5,9,131,9
37,29,502.5,28,512.5,29,529,30,540.5,31
37,30,162,9,154,9,140.5,8,146.5,8
37,31,17,6,16,6,15,8,13.5,7
37,32,15,2,16,2,13,2,13,2
37,33,157,12,163,12,162,12,151,12
37,34,42,8,43,8,46,8,46,9
37,35,231.5,13,220,13,222,12,236.5,12
37,36,236.5,5,234.5,5,223.5,5,225,5
37,37,28,4,23,4,22,3,30,4
37,38,90,6,81,5,74,5,83,6
37,39,48,5,42,5,33,6,45,5
37,40,44,7,44,7,43,7,52.5,7
37,41,27,5,30,5,23,5,22,4
37,42,91,13,82.5,13,83,14,86,14
37,44,19,4,14,4,14,4,12,3
37,47,191.5,12,189,13,172.5,12,182.5,13
37,49,71.5,9,72,9,77,9,82,9
37,50,11,3,12,3,12,3,12,3
37,51,162,18,170.5,18,171.5,18,172.5,17
37,52,118,9,122,9,111.5,9,108.5,8
37,53,618,26,594.5,26,574.5,28,561.5,28
37,54,48,6,46,5,40,5,37,5
37,55,11,3,14,3,15,3,18,3
37,56,219,15,224.5,15,210.5,16,217,17
37,57,348,10,343,11,288.5,11,342.5,12
37,58,118.5,7,118.5,7,111,7,108,7
37,59,1332,16,1288.5,15,1352,13,1359,13
37,60,297,15,280,15,267,14,265,14
37,61,530.5,30,551,32,569.5,31,580,30
37,62,318,9,331.5,10,320,11,327.5,10
37,63,1567.5,25,1555,25,1552,24,1531,26
37,64,540,17,567.5,17,551,18,544,17
37,65,376.5,21,381,21,391.5,20,372,21
37,66,137,11,126.5,12,126,12,129.5,13
37,67,111.5,21,112.5,20,106.5,17,107,18
37,68,106.5,13,104.5,14,114,14,112.5,14
37,69,68,13,61,13,65,12,64,12
37,70,21,7,17,7,16,7,15,6
37,71,57.5,13,59.5,13,65,15,64.5,15
37,72,655,31,672,30,670,30,677.5,31
37,73,146,21,139.5,22,130,19,130,20
37,74,177.5,25,167,22,169.5,22,176,25
37,75,168,22,153.5,22,163,23,153,22
37,76,56,16,57,15,51,14,58,15
37,77,541.5,29,514.5,30,516.5,29,501.5,28
37,78,90.5,22,84.5,21,86.5,20,80,20
37,79,992,28,965,30,991.5,29,1000.5,30
37,80,51,14,59,12,56,13,60,14
37,81,171,21,158,21,168,20,170,21
37,82,78,13,68,11,65,12,75,13
37,83,35,8,35,8,36,8,33,8
37,84,30,6,29,6,35,7,37,7
37,85,90.5,16,98.5,16,98.5,16,90,17
37,86,83,16,83,16,83.5,16,71.5,14
37,87,41,10,40,10,37,10,37,10
37,88,81,13,97,12,91,12,92,12
37,89,52,7,55,6,53,6,50.5,6
37,90,53,10,48,9,48.5,10,48,12
37,91,482.5,19,480,20,456,22,478.5,20
37,92,26,6,18,5,18,5,19,5
37,93,56,8,53,9,63,9,53,9
37,94,49,9,49,9,51,10,51,10
37,95,9,3,9,3,9,3,9,3
37,96,71,15,67,14,83.5,17,83,16
37,97,17,5,19,5,20,5,22,5
37,98,38,8,31,4,33,7,36,7
37,99,24,7,21,7,18,5,17,5
37,100,31,10,29,10,24,9,27,9
37,101,155,16,167,16,157,15,140,16
37,102,16,7,16,7,14,5,18,7
37,103,36,11,41,11,41,10,43,11
37,104,25,7,24,6,17,4,12,4
37,105,42,9,41,9,38,9,37,9
37,106,63,14,56,12,55.5,13,45.5,12
37,107,253,20,253,21,246,21,254,22
37,108,47,10,59,11,55,11,52,10
37,109,45,11,45,10,41,10,40,11
37,110,311.5,17,307,17,305,17,294.5,16
37,111,291.5,18,300,16,303.5,18,289.5,19
37,112,71,8,68,9,58,6,68.5,7
37,113,126,22,116.5,22,121,23,114,23
37,114,214,25,223,24,232,23,229,23
37,115,32,9,32,8,27,7,28,7
37,116,13,2,13,2,12,2,17,2
37,117,911,25,941.5,22,951,24,973.5,22
37,118,189,26,191,27,181.5,24,178.5,24
37,119,857,25,869.5,24,891,25,873.5,25
37,120,1151,30,1111.5,31,1173.5,27,1250.5,29
37,121,1302.5,42,1318,42,1366,41,1453,40
37,122,143,14,134.5,14,139.5,14,134,14
37,123,6109.5,25,6032.5,22,6372,20,6373.5,19
37,124,7987.5,20,7926.5,21,7946,22,7982,21
37,125,6569,17,6643,18,6833.5,19,7018,20
37,126,9553.5,21,9748,19,9806,22,9613,21
37,127,243,31,221,31,218,32,229,31
38,0,47,11,39,11,38,11,37,11
38,1,29,6,21,6,22,7,21,7
38,2,28,5,31.5,7,32.5,7,33,7
38,3,28,9,24,8,23,8,23,8
38,4,31,13,33,14,37,16,36,16
38,5,94,16,109.5,16,102,17,117.5,18
38,6,110,23,108,23,111,23,116,23
38,7,87.5,19,94.5,20,107.5,21,83.5,21
38,8,173.5,30,179,29,182.5,28,180.5,30
38,9,123,24,127.5,25,124.5,25,121,25
38,10,110,21,105,21,103,21,101.5,20
38,11,68,20,73.5,21,71,20,72,20
38,12,103.5,18,114,18,99,18,100,17
38,13,137,25,134.5,23,133,25,137.5,25
38,14,54,17,54,17,49.5,15,43,15
38,15,120,24,119,24,116,24,106,23
38,16,140,17,135,18,123.5,17,124,18
38,17,121,25,127,26,125.5,24,112.5,24
38,18,78,18,73.5,18,68,18,60,17
38,19,67.5,19,64,19,61.5,15,61,17
38,20,90,18,81,18,71,19,70,19
38,21,67,13,73,14,75,16,70,17
38,22,444.5,30,426,29,436.5,29,443,29
38,23,231.5,23,227.5,23,211.5,24,209.5,22
38,24,53,10,47,10,43.5,10,39,9
38,25,334.5,31,337,30,326.5,30,324,30
38,26,80.5,9,91,9,83,9,85,10
38,27,423,11,407.5,13,395,14,405.5,13
38,28,91.5,3,92.5,4,81,3,82.5,4
38,29,201.5,13,207.5,12,207.5,13,203,13
38,30,33,4,24,3,20,3,24.5,4
38,31,194.5,18,194,19,187,19,186,19
38,32,74.5,10,75,11,61.5,10,65,10
38,33,46,7,55,8,55,9,59.5,7
38,34,70.5,9,69,10,73,11,70.5,11
38,35,131,15,141,16,141,15,114,16
38,36,165,6,155,6,139.5,6,150,6
38,37,26,6,28,6,23,6,23,6
38,38,97,13,87.5,13,82.5,13,83.5,12
38,39,115,13,107,13,99,12,128,13
38,40,44,7,51,9,49.5,9,54,9
38,41,4,1,4,1,4,1,8,2
38,42,47,5,50,4,46,5,52,4
38,43,10,5,11,5,10,5,12,5
38,44,45,11,50,10,50,10,47,9
38,46,46,5,38,5,41,5,39,6
38,47,39,4,36,4,33,4,29,4
38,48,11,3,9,3,14,3,15,3
38,49,130.5,13,126.5,13,136.5,13,134,13
38,50,1075.5,25,1022.5,25,1032,25,1051,25
38,51,85,9,90,9,86,9,84,9
38,52,191.5,17,190.5,18,185,18,190.5,18
38,53,56,4,49,4,53,4,51,4
38,54,260,25,258.5,25,265.5,24,251,26
38,55,356,32,332.5,32,342.5,32,337,33
38,56,255.5,17,266,17,268,17,255.5,17
38,57,150.5,12,136.5,13,143,12,157,12
38,58,582,31,580,28,620.5,32,605,33
38,59,320.5,18,315.5,19,360.5,19,302,20
38,60,284.5,29,296.5,31,259,25,308.5,30
38,61,553,29,569,28,589,27,582,27
38,62,120,3,114,3,115.5,3,105,3
38,63,889,23,855.5,24,887.5,25,873.5,27
38,64,451,23,441.5,23,455,23,465.5,22
38,65,144.5,14,149.5,14,152,15,140.5,14
38,66,284,22,271,22,285,21,279,21
38,67,423.5,31,425.5,32,409,32,390,31
38,68,138,20,139.5,21,125.5,20,139.5,20
38,69,26.5,9,33,9,29,8,25,8
38,70,133,18,127.5,18,126,17,131,16
38,71,397.5,33,399,32,402.5,33,391,33
38,72,211.5,23,207.5,22,212.5,26,204.5,23
38,73,106,17,92,17,102,16,102.5,16
38,74,752.5,35,749.5,34,741.5,33,760,33
38,75,88,14,90,13,96,15,100.5,15
38,76,84.5,18,88,18,91.5,18,92.5,18
38,77,418.5,41,431.5,42,421.5,42,420.5,43
38,78,162,20,151.5,20,154,19,145,20
38,79,60,17,62,17,49,16,61.5,17
38,80,67,17,63,17,62.5,19,60,18
38,81,41,11,43,12,36,11,40,12
38,82,260.5,25,254,23,245,23,250.5,25
38,83,86,14,88.5,15,89,15,89,15
38,84,52,10,52.5,11,46,10,38.5,9
38,85,9,2,7,2,9,2,8,2
38,86,179.5,22,172.5,22,168,22,167,23
38,87,1012.5,28,1020.5,28,1020.5,28,1053,29
38,88,122,9,126,9,134,9,135,10
38,89,532,30,529,32,551.5,28,575.5,27
38,90,24,8,24,9,21,6,24,7
38,91,30,9,27,9,28,9,31,10
38,92,76,9,71.5,9,58,9,62,9
38,93,35,6,39,7,41,8,45.5,8
38,94,152.5,18,161,18,160,18,160.5,19
38,95,20,6,13,5,19,6,22,6
38,96,284.5,19,315,20,329.5,17,322.5,18
38,97,42,5,41,5,40,5,37,5
38,98,22,7,20,7,18,7,18,8
38,99,13,5,11,4,11,4,11,4
38,100,31,10,30,9,29,9,34,10
38,101,44,12,58,13,55.5,14,54.5,14
38,102,18,6,19,6,19,7,23.5,6
38,103,200,15,197,15,215.5,13,219,13
38,104,47,8,37,8,39,9,46,9
38,105,22,7,14,6,16,7,16,7
38,106,45,11,42,10,40,10,38,10
38,107,67,13,68,13,69,13,62,14
38,108,181,29,201.5,29,201,30,191,29
38,109,443,22,430.5,22,426,22,443.5,21
38,110,311.5,17,314,16,315.5,17,305.5,17
38,111,1003.5,21,986.5,20,947.5,21,937,20
38,112,83,15,68,13,79,14,74,14
38,113,700.5,22,709.5,22,702,21,680.5,21
38,114,349,21,367,20,379,17,362.5,19
38,115,596.5,27,581.5,26,587.5,26,577,26
38,116,108,14,105.5,16,98.5,14,94.5,15
38,117,114,12,123,12,137.5,10,146,11
38,118,366,18,343,19,351,18,374,18
38,119,356.5,27,348,27,340,27,336.5,26
38,120,305,23,303,23,313,25,296,24
38,121,1451,22,1456.5,22,1488.5,22,1472.5,21
38,122,141.5,9,145,8,137,11,149,11
38,123,3681.5,21,3743.5,19,3952.5,21,3983,20
38,124,5665,21,5862.5,21,6024.5,21,6150,21
38,125,1942,35,1965.5,34,2006,34,2069.5,33
38,126,359.5,34,366.5,35,375,33,458.5,35
38,127,192.5,39,184.5,38,181,39,171,41
39,0,16,6,10,5,9,5,14,6
39,1,27,10,17,8,27,10,28,12
39,2,33,6,34.5,6,32.5,7,25,7
39,3,25,10,21,10,27,12,27,11
39,4,249.5,38,227.5,34,235,38,253,40
39,5,124.5,24,123.5,24,128,24,128.5,25
39,6,29.5,11,33.5,12,31.5,11,33,11
39,7,39,13,35,12,41,14,40,15
39,8,31,12,28,13,27,12,32,12
39,9,55,17,59,17,65,18,55,17
39,10,65,14,64,14,65,13,64,13
39,11,46,16,44,15,43,14,45,15
39,12,64.5,16,67,17,64,17,73,19
39,13,46,14,46,13,40,11,45,13
39,14,98.5,18,96.5,18,89,18,103.5,18
39,15,120.5,19,124,21,135,22,118.5,21
39,16,82,25,82.5,24,82.5,24,80,25
39,17,158,22,159,22,150,22,143.5,21
39,18,168,30,161,29,157.5,29,160.5,29
39,19,88,15,73,14,76,15,86,15
39,20,48,6,44,7,42,7,45,7
39,21,177,21,165,21,158,20,156,20
39,22,162,17,154,15,152,19,151.5,19
39,23,440,22,405,24,395.5,24,386,23
39,24,117.5,6,113,7,111,6,109,5
39,25,271.5,16,272,15,269.5,15,271,14
39,26,365,20,358,20,359,20,366,19
39,27,49,6,49.5,6,49,7,42,7
39,28,163,9,152.5,10,152,10,142,10
39,29,131,14,138,14,142,14,129,14
39,30,42.5,5,43,5,38,6,42.5,6
39,31,152,17,153,16,145,16,138.5,16
39,32,32,6,31,7,33,7,30,7
39,34,69,15,81,15,75,16,70,15
39,35,68,10,61,9,59,10,64,9
39,36,22,5,22,5,22.5,5,23.5,6
39,37,10,2,11,2,8,2,9,2
39,38,5,2,5,2,5,2,5,2
39,39,17,5,20,6,27,8,26,8
39,40,19,2,20,2,17,2,16,1
39,41,44,6,47,6,51.5,6,47,6
39,42,43,5,43,5,42,5,51,6
39,45,15,4,14,4,16,4,13,4
39,46,97.5,13,93,12,111.5,13,103,13
39,47,109,11,111,11,130.5,12,119.5,12
39,48,35,6,31,6,27,6,19,6
39,49,65,11,63,11,52,10,55,11
39,50,158.5,17,154,16,150.5,17,150,18
39,51,11,5,9,4,9,3,9,3
39,52,92,15,91.5,16,95,16,94,16
39,53,211,14,201,14,196.5,15,186,15
39,54,24,3,27.5,3,29,3,32,3
39,55,378,17,384.5,16,373,17,371.5,18
39,56,985,19,989,18,977.5,21,949.5,21
39,57,1001.5,32,1043.5,32,1007.5,30,992,31
39,58,96,11,100.5,11,105.5,11,105.5,12
39,59,56,15,59.5,15,56.5,12,55.5,15
39,60,139,13,134,12,131,11,133,12
39,61,132,16,134,16,109,15,139,16
39,62,330.5,25,297.5,26,292.5,25,288.5,24
39,63,306,20,308.5,18,323.5,18,334,20
39,64,566.5,28,555.5,28,554.5,30,551,27
39,65,389.5,26,398.5,28,397,28,399,28
39,66,439.5,25,433,26,416.5,25,412,24
39,67,82,18,81.5,18,82.5,19,87,17
39,68,56,12,53,12,49,12,47,10
39,69,205.5,21,204,21,214.5,20,207.5,19
39,70,177.5,20,176,20,164.5,19,159,21
39,71,100,20,108,21,100,19,103.5,20
39,72,109,26,113.5,27,105.5,25,107,25
39,73,98.5,18,86,18,94,18,86.5,18
39,74,229.5,30,226,29,219.5,30,227.5,27
39,75,70,17,76,16,71,15,68,15
39,76,104,17,99,17,93,17,89.5,17
39,77,766,23,775.5,23,749.5,23,736.5,21
39,78,250,29,253,28,244,29,244,30
39,79,119,19,109,20,108,20,118,20
39,80,50,14,41,14,33,11,31,10
39,81,192.5,17,182.5,17,183,17,178,17
39,82,55.5,13,49.5,11,52.5,11,54.5,12
39,83,42,12,41,12,40,13,42,12
39,84,455.5,30,493.5,31,468,30,475,30
39,85,29,8,26,9,24,8,26,8
39,86,11,2,11,2,10,2,9,2
39,87,30,8,29,8,24,8,25,8
39,88,53,11,50.5,11,53.5,11,49.5,10
39,89,58,11,65,12,56,12,62,12
39,90,42.5,7,51.5,7,46.5,8,42,8
39,91,130,11,131,11,133.5,10,142.5,10
39,92,71,14,63.5,15,71,16,75,15
39,93,25,8,23,7,24,7,23,7
39,94,29,8,26,8,22,8,19,8
39,95,78,12,71,11,82,11,83,12
39,96,44,10,48,11,49,11,45,10
39,97,44,5,53,6,57,6,57,6
39,98,42,6,40,6,35,4,41,5
39,99,37,6,30,5,30,6,30,6
39,100,163.5,19,169,20,165,19,161,20
39,101,67,13,75,13,75,13,76,13
39,102,190.5,12,192.5,14,184.5,14,170.5,15
39,103,45,12,46,12,46,12,45,12
39,104,131,12,138,11,142,12,149,13
39,105,71,18,70,16,71,17,69,16
39,106,69,14,70,14,70,13,66,13
39,107,92.5,16,74,14,78.5,14,83,16
39,108,261.5,16,252,17,238.5,17,224,17
39,109,35,8,33,8,36,8,35,8
39,110,35,8,44,8,54,8,51,8
39,111,188,9,170,9,148,10,149,11
39,112,96,10,96,10,103.5,10,115.5,10
39,113,79,11,85,11,85,11,92,13
39,114,35,10,36,10,33,9,31,10
39,115,45,11,49,11,41,10,40,10
39,116,260,22,250,24,254,23,250,22
39,117,784,29,760,28,767.5,28,719,24
39,118,2055,23,1986.5,22,1985,22,2019.5,23
39,119,268,21,271.5,21,267,21,261,21
39,120,1155,27,1151.5,31,1157.5,32,1179,29
39,121,603.5,10,613.5,10,632,11,630.5,10
39,122,678,10,652.5,9,670.5,10,683,11
39,123,2169,7,2127.5,8,2113.5,7,2082,8
39,124,595.5,28,892,26,1064.5,23,1449,24
39,125,118.5,26,113,26,107,27,110,27
39,126,90.5,22,84.5,23,85,20,74,20
39,127,3332,38,3354.5,36,3267.5,34,3237.5,36
40,0,178,34,184,36,192,35,184,34
40,1,131,27,143,24,143,25,135.5,25
40,2,103,26,100,25,91,23,87,23
40,3,167.5,21,171,22,168,23,152,21
40,4,54,16,52,17,51,17,51,17
40,5,53.5,15,52,17,48,18,41,18
40,6,39,11,41,12,37,10,34,11
40,7,71.5,18,65.5,18,74,15,77,15
40,8,41.5,10,42.5,11,45,12,51,12
40,9,58,13,66,13,65,12,66,14
40,10,75,18,79,18,88,20,70,18
40,11,90,17,87,17,87.5,17,88,16
40,12,134,22,139,22,129,22,131,22
40,13,97.5,20,99,21,89,19,104,19
40,14,39,9,35,9,30.5,8,33,11
40,15,114,19,113,19,114,19,113,19
40,16,57,15,52,15,57,15,50,15
40,17,178.5,26,189,26,180,24,181.5,23
40,18,141,21,138,21,141,21,126,20
40,19,866,29,863,27,880.5,28,842,30
40,20,383.5,26,379,27,372,26,361,25
40,21,187,25,175,25,160.5,25,137.5,26
40,22,313.5,26,312.5,27,340.5,28,346.5,28
40,23,104,7,103,6,98,6,92,6
40,24,199.5,15,221.5,16,216.5,17,208.5,17
40,25,319.5,13,306.5,13,314,13,304,15
40,26,160,17,174.5,17,168.5,18,156,18
40,27,241.5,9,243.5,11,253,11,252.5,9
40,28,3,1,4,1,4,1,4,1
40,29,57,6,56,5,55.5,5,55.5,5
40,30,114,19,108.5,19,105.5,19,109.5,17
40,31,12,3,13,3,8,2,6,2
40,32,187.5,23,203,22,187,24,190,24
40,33,3,1,1,1,3,1,3,1
40,34,,,,,2,1,2,1
40,35,23,4,17,3,18,3,24,4
40,36,87,16,91,16,89,16,100,16
40,37,32,5,30,5,32,6,27,5
40,38,35,2,35,2,31,2,32,2
40,39,124,14,116,14,109,15,105.5,13
40,40,25,7,29,7,30,6,29,6
40,41,82,11,78,11,78,10,71,10
40,44,78,11,80,11,66,11,71,11
40,45,39,6,41,6,46,6,43,5
40,46,77,15,71,15,67.5,13,67,13
40,47,21,2,20,2,22,2,21,2
40,48,7,2,10,2,11,2,9,2
40,49,117,13,115,13,118,13,111,13
40,50,177,16,168.5,16,170,16,162.5,16
40,51,117.5,9,122,9,110,10,125.5,10
40,52,230,28,227,28,222.5,27,222,27
40,53,546.5,41,524.5,41,522,42,511,41
40,54,271,22,281,20,289,21,278,20
40,55,98,4,93,3,86,3,79,3
40,56,282.5,20,277,21,269,20,265,20
40,57,237.5,22,241.5,22,243.5,24,232.5,24
40,58,365.5,27,358.5,27,348.5,26,353,26
40,59,162.5,24,160,23,150.5,24,157.5,25
40,60,286,17,289,17,300,17,301.5,16
40,61,81.5,13,81,15,77,14,73.5,15
40,62,262.5,27,272.5,27,271,26,277,25
40,63,216,14,216,14,220,15,222.5,14
40,64,600.5,22,613,22,603,22,630,23
40,65,1663,15,1653.5,16,1629.5,16,1594.5,16
40,66,378,25,376.5,25,377,24,385,25
40,67,51.5,11,52.5,12,63,14,57,13
40,68,111.5,15,115.5,15,117,17,107,17
40,69,97,20,93,20,90,20,97,20
40,70,54,13,55,13,60,16,51.5,14
40,71,150,13,157,13,162,14,146,15
40,72,110,19,117,19,111.5,19,119,20
40,73,219,23,222.5,24,211,23,223.5,23
40,74,62,14,59,15,56,17,62,17
40,75,108,21,111,22,106,21,103,21
40,76,132.5,25,127.5,25,122,24,117,23
40,77,866.5,36,853.5,37,818.5,37,791,37
40,78,2380.5,31,2380,32,2316.5,32,2354,31
40,79,299,37,281,36,277,34,270.5,35
40,80,131.5,21,122.5,22,116,21,111.5,19
40,81,64,10,64.5,10,62.5,9,68,9
40,82,17,7,20,7,19,7,19,7
40,83,21.5,5,20,5,21,5,21,5
40,84,117.5,20,108.5,20,105,18,107.5,22
40,85,24,8,21,8,19.5,7,25.5,8
40,87,13,3,13,3,10,3,15,4
40,88,36,10,38,11,35,11,41,13
40,89,65,7,63,7,62,8,58.5,8
40,90,91,12,84,12,91,11,100,11
40,91,219,12,223.5,12,204,12,204.5,12
40,92,46,9,44,9,42.5,9,39.5,9
40,93,39,5,31.5,4,36.5,4,34.5,4
40,94,356.5,18,365,19,378,18,367,19
40,95,13,4,13,3,15,4,13,4
40,96,17,6,16,6,15,6,18,5
40,97,21,4,20,4,21,3,21,4
40,98,444,27,425,28,427.5,25,440.5,27
40,99,182.5,21,194.5,20,183,21,168,20
40,100,177,14,189,14,185,13,192,14
40,101,222,17,245,16,252,17,232,18
40,102,41,9,35.5,8,36.5,7,34,8
40,103,67,13,60,12,61,12,56,12
40,104,105.5,25,101.5,24,101.5,23,104,21
40,105,592,18,590.5,18,591.5,18,596,19
40,106,36,10,31,10,39,10,39,10
40,107,63,8,57,8,54.5,8,60.5,8
40,108,122,14,119,12,126,13,131.5,13
40,109,535.5,14,553.5,14,544,15,533,15
40,110,49,10,42,10,40,10,38,10
40,111,103.5,11,94.5,10,103.5,12,101,12
40,112,115,13,124,15,110,13,117,13
40,113,185.5,12,184,12,189,12,188,13
40,114,233,30,236,30,241,29,235,30
40,115,228,16,226,15,213.5,15,230,15
40,116,641,23,649,22,718.5,23,720.5,24
40,117,151,22,140,22,143,22,148,22
40,118,247,26,229,25,226,26,227.5,27
40,119,431,43,423.5,41,426.5,42,444,44
40,120,647,29,658.5,29,664.5,27,731.5,28
40,121,29,9,39,10,36,10,42,10
40,122,583.5,20,602,18,635.5,20,628.5,18
40,123,1212.5,19,1229.5,22,1216.5,19,1162.5,20
40,124,437.5,50,431.5,48,446,50,448.5,50
40,125,331.5,41,322,40,318.5,39,302.5,40
40,126,1847,43,1870,43,1969.5,42,2013.5,41
40,127,2144,36,2168,38,2136,36,2112.5,36
41,0,87.5,21,93,21,88.5,22,77,21
41,1,158,34,158,34,150,32,151,33
41,2,79,16,89,17,87,16,79,15
41,3,81,23,71,22,80,24,89.5,24
41,4,56,17,56,19,56.5,18,56,18
41,5,91,21,91,19,91,19,87,20
41,6,71.5,20,75,21,62,20,57.5,20
41,7,31,9,33,10,26,9,38,11
41,8,36,9,38,11,41,12,42.5,12
41,9,41,9,36,10,35.5,9,33.5,9
41,10,42,11,35,11,37,11,45,13
41,11,49,16,48,16,46,14,41,15
41,12,90,22,89,22,102.5,22,89.5,20
41,13,87.5,16,86,16,88.5,15,86.5,17
41,14,49.5,8,48.5,8,51.5,9,39,7
41,15,81.5,11,95.5,12,92.5,12,85,12
41,16,316.5,33,319.5,33,343.5,31,348.5,32
41,17,59.5,11,67,11,74,11,75,11
41,18,123,17,114,17,105,16,101,16
41,19,1560.5,44,1596,45,1548,45,1538.5,45
41,20,230.5,19,222.5,17,218,20,223,18
41,21,90,10,92,10,96.5,10,98.5,10
41,22,265,19,278.5,19,277,16,296,18
41,23,182,15,183.5,15,177,16,180.5,15
41,24,99,12,93,12,85.5,11,82.5,12
41,25,47,5,45,5,42,5,39,5
41,26,94,7,84,7,86,7,83.5,7
41,27,27,7,28,7,26,7,25,6
41,28,1,1,,,,,,
41,29,1043.5,34,1059,33,1015.5,33,1042.5,32
41,30,150.5,14,153.5,13,149,10,138.5,11
41,31,51,7,45,7,44.5,7,46,7
41,32,119,19,124,19,126,18,125,19
41,33,145,9,142,9,132.5,9,141.5,9
41,34,25,10,25,9,26,10,27,10
41,35,160,13,172,15,179.5,12,168,13
41,36,18,4,19,4,18,4,20.5,4
41,37,110,11,120,10,124,11,113.5,10
41,38,47,6,51,5,55,5,56,5
41,39,111,20,101,19,112,20,112,20
41,40,10,1,8,1,8,1,8,1
41,42,26,5,28,5,28,5,25,5
41,43,56,6,47,7,47,7,51,7
41,44,4,1,4,1,4,1,4,1
41,45,42,9,41,9,31,8,30,8
41,46,46,8,33,7,40,7,38,8
41,47,5,1,11,1,11,1,12,1
41,48,305.5,18,297.5,19,292,18,302,18
41,49,296,15,300,15,299,16,296.5,16
41,51,47,6,47,6,48,6,47,6
41,52,225.5,24,220,25,202,23,211.5,27
41,53,84,22,70.5,22,68.5,21,64.5,19
41,54,1178,31,1156,32,1187,31,1162,30
41,55,167,20,174.5,21,169,21,163.5,21
41,56,162.5,15,162.5,16,159,16,158,18
41,57,152,17,142.5,18,139,18,149.5,18
41,58,70,14,69.5,14,69,14,60.5,14
41,59,91,19,90,19,86.5,19,93.5,19
41,60,86,17,83.5,16,75.5,16,76.5,14
41,61,80,11,77,11,80,12,76,13
41,62,188,16,192,15,187,15,196,14
41,63,297.5,19,292.5,21,287.5,21,275,21
41,64,1185.5,20,1218,21,1235.5,20,1256,20
41,65,3837,34,3845.5,34,3871.5,33,3780,34
41,66,1047.5,36,1023.5,36,1042,35,1052.5,36
41,67,38,12,37,11,58,12,50,10
41,68,54.5,11,55,11,50,12,52,13
41,69,194,22,194.5,22,185,20,184,23
41,70,61,14,67,15,58,16,54,17
41,71,62,12,60,13,61.5,12,60.5,12
41,72,56,8,54,8,47,8,45.5,8
41,73,34,11,36,11,34,10,37,11
41,74,454.5,28,450,27,453.5,27,467,28
41,75,91.5,21,95,21,88.5,19,85.5,19
41,76,705.5,33,684.5,33,716.5,33,724.5,33
41,77,1454.5,33,1395.5,34,1409,34,1388.5,34
41,78,5901,24,5825,24,5706.5,25,5736,26
41,79,1651,27,1646,27,1628,26,1574,24
41,80,792.5,23,781.5,23,763,24,748,24
41,81,241,19,241.5,18,238.5,17,238.5,17
41,82,27,7,24,6,24,6,26,6
41,83,57,11,47.5,10,46.5,10,50.5,11
41,84,11,4,9,5,6,4,8,4
41,85,,,2,1,2,1,2,1
41,86,52,11,53,11,47,10,48,12
41,87,187,15,166,14,153,13,165,13
41,88,28,4,32,6,28,6,36,8
41,89,63,13,64,13,65,13,63.5,13
41,90,75,15,83,15,69.5,14,70,14
41,91,78.5,11,79.5,11,77,9,73,9
41,92,227.5,18,214.5,19,209.5,18,221,19
41,93,386.5,20,397.5,19,425.5,18,408.5,19
41,94,34,8,32,8,36,8,29,8
41,95,17,4,14,4,8,3,11,4
41,96,13,3,9.5,3,11,3,11,3
41,97,61,12,62,12,71,13,66.5,13
41,98,124,12,133.5,11,137,11,131,12
41,99,41,9,43.5,10,39.5,10,45.5,11
41,100,9,5,11,5,8,4,17,5
41,101,60,12,61,12,64.5,12,77.5,13
41,102,40,8,37,8,38,8,39,8
41,103,34,3,31,2,33,3,34,2
41,104,25,5,35,5,32,5,37,5
41,105,39,8,45,9,42,9,39,9
41,106,111,13,110.5,12,96,12,93,13
41,107,95,11,100,11,101.5,11,100.5,11
41,108,357.5,8,360,8,356.5,8,373.5,8
41,109,33,8,26,8,30.5,9,29,10
41,110,47,8,53,8,45,8,43,8
41,111,118,6,118,6,116,7,109,6
41,112,63,11,62,11,56,10,60,11
41,113,557,29,539,29,543,30,574,28
41,114,195,11,189,10,184,11,190,11
41,115,195,14,207.5,14,228,15,245,15
41,116,174.5,19,180,18,170,19,161,19
41,117,169.5,15,167.5,15,168.5,16,175.5,15
41,118,164,32,175,32,183,34,193,34
41,119,23,4,25,5,19,4,24,4
41,120,284,38,255,36,260.5,37,252,36
41,121,301,10,284,11,317,10,304.5,11
41,122,713.5,33,721.5,32,671,32,672,31
41,123,1765,19,1663,19,1672.5,20,1650,19
41,124,936.5,51,927.5,50,1112.5,48,1191,48
41,125,396,41,397,40,403,38,405.5,38
41,126,473.5,49,629.5,46,655.5,45,678.5,47
41,127,146,34,138,32,151,32,156,31
42,0,328.5,33,318,33,324,33,322,34
42,1,1062,35,1044,38,1045.5,40,1029.5,41
42,2,143,29,138,29,138.5,29,132.5,30
42,3,45,12,41,12,41.5,10,45,11
42,4,35,13,32,13,32,13,32,13
42,5,69,17,64,17,74,18,76.5,18
42,6,42,14,34,13,33,13,25,11
42,7,33.5,11,37,11,29,11,35,12
42,8,14,3,20,5,19,4,16,5
42,9,124.5,19,112.5,18,109.5,16,129.5,16
42,10,99,17,83,17,76.5,19,100.5,10
42,11,112,28,113,29,98,25,76.5,17
42,12,64.5,16,61.5,15,57,16,60.5,17
42,13,84.5,21,71,21,62,22,64,22
42,14,86.5,14,86.5,14,76.5,14,77,14
42,15,119,13,115.5,13,115,14,117,12
42,16,15,3,16,4,11,4,13.5,4
42,17,253.5,13,251,13,247,13,259,13
42,18,91,12,91,13,87.5,13,90,13
42,19,232,30,236,30,224,31,215,31
42,20,416.5,37,408,38,381,36,418,35
42,21,285,15,288,17,267,14,218.5,18
42,22,217.5,25,212.5,25,204.5,25,198,26
42,23,413.5,28,429.5,30,392.5,27,397,30
42,24,152,12,151,11,157,12,143,14
42,25,19.5,4,19,4,9,3,10.5,3
42,26,238.5,20,235.5,20,248.5,20,238.5,20
42,27,102,12,100,12,101,12,98,12
42,28,52,5,49,5,53,5,53,5
42,29,351,20,351.5,22,340,21,338.5,20
42,30,117,11,125.5,11,131.5,10,149,10
42,31,30,4,25,4,23,4,24.5,4
42,32,47,11,45,11,43,11,46,11
42,33,102,16,103.5,16,92,16,92,16
42,34,27,6,28,6,28,6,27,6
42,35,136,16,143,17,148,16,149,17
42,36,1,1,,,,,,
42,38,42,5,38,5,40,6,30,5
42,39,20,5,19,5,18,5,18,5
42,40,8,3,8,3,6,2,5,3
42,41,259.5,17,279,17,304.5,16,314,17
42,42,48.5,6,51,6,54,6,50,6
42,43,53,9,52,9,43,9,49.5,9
42,44,15,3,13,2,10,2,10,2
42,45,4,1,4,1,4,1,4,1
42,46,64,8,59,8,62,8,62,8
42,47,53,8,42.5,8,46,8,46,8
42,48,243,14,245,13,243.5,13,240.5,13
42,50,331.5,27,325,26,326.5,25,315,25
42,51,119,13,118,13,117,13,113.5,12
42,52,250,21,255.5,21,243.5,22,228.5,22
42,53,211.5,12,212,12,208.5,12,189,12
42,54,2380,27,2301,28,2230.5,29,2220,29
42,55,626,22,614,23,618.5,24,588.5,22
42,56,98,13,102,13,95,13,91,12
42,57,23,8,24,8,26,8,25,8
42,58,225,20,213.5,20,208.5,21,214.5,21
42,59,88,16,93,16,83,17,79.5,17
42,60,167.5,16,163,16,152.5,15,148,16
42,61,19,6,19,7,17,6,19,7
42,62,226,30,224.5,31,226.5,29,224.5,30
42,63,142.5,22,150.5,22,127.5,19,131.5,20
42,64,261,19,231.5,19,237.5,19,230,19
42,65,1025,37,1013.5,36,1019.5,35,1034,34
42,66,176,20,164.5,19,172,19,163.5,19
42,67,82,18,94,19,101.5,18,99,17
42,68,56,11,55,10,62,11,64,11
42,69,109,19,103,18,106,19,103.5,19
42,70,33,8,30,8,31,9,35,8
42,71,1,1,1,1,1,1,1,1
42,72,307,23,302.5,22,309,23,317,23
42,73,44,13,50,12,52,12,49,10
42,74,39.5,9,50,9,35.5,9,42,7
42,75,28,8,26,10,26,10,29,11
42,76,116,15,109,15,107.5,16,111,16
42,77,46,13,35,11,36.5,12,39,12
42,78,1138.5,33,1126.5,35,1137,35,1103.5,36
42,79,357,21,351,22,356.5,20,357,20
42,80,138,16,131,16,122,16,112.5,16
42,81,48.5,9,51.5,8,48.5,10,48.5,10
42,82,183,8,180.5,8,174.5,9,181.5,9
42,83,126,8,131,6,140.5,7,130.5,8
42,84,42,10,47,11,50,11,54,11
42,85,90,12,82,11,85,12,83.5,13
42,86,3,1,3,1,3,1,2,1
42,87,8,3,8,4,7,3,6,3
42,88,217.5,15,212.5,16,214,14,214,13
42,89,22,4,24,4,26.5,4,28,4
42,90,237.5,20,244,20,235.5,19,237.5,18
42,91,83,11,81.5,10,74.5,11,61,12
42,92,68,8,69,8,68,9,69,9
42,93,209,23,198.5,24,189,24,195.5,23
42,94,13,3,14,3,12,3,20,5
42,95,190,10,179,10,168,9,181,11
42,96,825,20,843,20,830.5,20,802,19
42,97,46,10,44,10,43,7,41,10
42,98,75,8,74,8,72,8,68,8
42,99,57.5,7,60,8,63,9,56,7
42,100,49,11,43,10,45,11,38,10
42,101,116,14,118,14,120,13,113,13
42,102,173.5,22,165,21,160,20,145.5,22
42,103,48.5,13,49.5,14,51.5,14,59.5,14
42,104,87,16,97,17,97,18,95,17
42,105,93,14,91,13,83,12,79,11
42,106,10,2,11,3,5,2,8,3
42,107,74.5,13,65.5,13,55,12,57,12
42,108,79,6,80.5,5,85,5,88.5,5
42,109,86,4,82,4,84,4,85,4
42,110,41.5,8,38.5,8,26.5,7,30,7
42,111,3,1,3,1,,,5,2
42,112,537.5,17,535,18,549,20,579,20
42,113,96.5,11,85,11,90,10,96.5,10
42,114,214,27,226,28,202,28,219.5,27
42,115,105,14,101.5,13,111.5,14,106.5,14
42,116,431,29,430,30,409.5,28,426,28
42,117,651,20,636.5,20,620.5,20,635.5,20
42,118,402,25,402.5,28,395,26,365.5,23
42,119,104.5,18,106.5,16,110,18,104,17
42,120,476,35,478.5,35,471,37,522,36
42,121,158,24,152,24,149,23,148,20
42,122,161.5,17,156.5,17,155,17,155.5,17
42,123,14,2,15,3,15.5,2,15.5,2
42,124,859.5,41,970,42,1083.5,37,1146.5,37
42,125,442,39,434,38,417.5,37,426,40
42,126,959,33,974.5,33,978.5,33,1016.5,32
42,127,191,27,190,27,198,26,193,26
43,0,132,29,132,28,132,28,146,31
43,1,133,26,137,22,123,22,132,24
43,2,52,13,52,13,54,12,58,11
43,3,70,19,65,20,60,18,67.5,20
43,4,47.5,10,50.5,11,44,12,44,12
43,5,33,10,32,10,42,11,42,11
43,6,82,17,83.5,17,76,16,65,17
43,7,25,7,20,8,22,9,27,8
43,8,37,8,38,8,36,8,34,8
43,9,44,13,44,12,45,13,48,12
43,10,35,10,32.5,10,35.5,10,13,3
43,11,68,19,74,17,70,16,93,10
43,12,703,34,674.5,35,638.5,38,631,36
43,13,107,16,101,15,105,16,90,14
43,14,186.5,18,182.5,18,157.5,17,165.5,17
43,15,94,12,88,12,92,11,87.5,9
43,16,81,15,83,15,75,15,72,17
43,17,126.5,13,119,14,135.5,14,124,13
43,18,237,21,260.5,20,231,21,251,20
43,19,111.5,14,131,15,131,16,127,17
43,20,204,19,230,20,226,20,221.5,22
43,21,457.5,36,446,37,447.5,36,455.5,36
43,22,26,6,30,6,34,6,38.5,6
43,23,634,16,692.5,17,671.5,15,716.5,15
43,24,89,15,103,15,98.5,15,100,12
43,25,156.5,13,143,13,154.5,15,158,16
43,26,129.5,12,126.5,12,123.5,12,132.5,13
43,27,71,8,69,9,66,9,60.5,9
43,28,467.5,16,456.5,17,440,15,419,16
43,29,90,15,98.5,16,100,16,96,17
43,30,57,7,50,7,53,8,55,10
43,31,75,6,74,6,74,6,77.5,6
43,32,110.5,11,104,11,103,11,108.5,11
43,33,83,11,80,10,70,10,77.5,9
43,34,4,2,4,2,4,2,4,2
43,35,33,8,30,8,35,7,39,8
43,36,78,5,63,5,60,5,62,5
43,37,42,5,44,5,49,5,42,5
43,38,27,5,25,4,27,5,30,5
43,39,115,14,103,14,106,14,119,14
43,40,45,7,43,7,35,6,32,6
43,41,24,7,23,6,22,6,17,5
43,42,17,3,17,3,18,3,13,3
43,43,5,2,7,2,5,2,4,2
43,44,161,5,154,5,155,4,151,5
43,45,62.5,8,65.5,8,69,8,62.5,8
43,46,72,11,68,12,73,10,70,11
43,47,273,13,250,13,238.5,12,262,12
43,48,286,23,280.5,22,261.5,23,262.5,23
43,49,25,3,25,3,34,3,31,3
43,50,151,14,160,15,149,14,137.5,14
43,51,129,15,124,15,117,15,121,14
43,52,75.5,11,75.5,11,87.5,12,86,12
43,53,297,28,282,29,276,28,281.5,27
43,54,91.5,21,99,20,104.5,21,99.5,20
43,55,47,9,47,10,51,9,42,8
43,56,103,20,117,20,111.5,20,116,20
43,57,83.5,13,91.5,15,87.5,15,89,15
43,58,41,8,39,8,37,8,33,7
43,59,19,4,17,4,22,4,22,4
43,60,103,15,85,15,84.5,15,80,16
43,61,5,2,2,1,2,1,,
43,62,68,9,68,9,73,9,69,9
43,63,210,17,191.5,17,199,18,194,17
43,64,319,21,311.5,21,306.5,21,283,22
43,65,251,25,253,25,240,24,253.5,24
43,66,41,13,36,12,34,12,31,13
43,67,102,17,101,17,103,17,88,17
43,68,65,11,62,11,49,8,52,12
43,69,146.5,19,135,20,134,18,127.5,21
43,70,64,14,60.5,14,56.5,12,54.5,15
43,71,27,7,29,7,31,7,24,7
43,72,54,12,52,12,49,11,42,11
43,73,35,9,23,7,19,7,21,8
43,74,20,6,17,6,18,6,16,5
43,75,19,7,19,6,22,7,27,7
43,76,248,21,257,22,251.5,21,242,21
43,77,47,12,46,12,43,12,38,11
43,78,72,18,70.5,17,66,17,68.5,18
43,79,72,16,69,16,66,16,64,17
43,80,23,7,23,8,16,6,13,7
43,81,19,4,14,4,14,4,15,4
43,82,68,12,55,11,53,12,45,11
43,83,42,9,38,9,39,9,48,9
43,84,9,4,8,4,4,2,5,3
43,85,43.5,11,43,12,41.5,11,51,12
43,86,14,5,18.5,5,24.5,5,17.5,4
43,87,100.5,12,99,12,90,13,99,12
43,88,23,3,22,3,24,4,18,3
43,89,60,6,66.5,7,67,6,56,7
43,90,98,9,95,9,86,8,92.5,8
43,91,986.5,19,990.5,19,975,19,949,20
43,92,574,28,547.5,28,552.5,27,551.5,26
43,93,13,3,15,4,24,4,14,4
43,94,168.5,14,169,14,169.5,13,178,14
43,95,349,13,346.5,13,341.5,15,331.5,13
43,96,60,5,54,6,51,6,54,4
43,97,455,29,447.5,28,450.5,28,462,29
43,98,379.5,24,384,23,374.5,22,388,21
43,99,103,14,94,14,96,13,89,13
43,100,1026.5,29,1007,31,1016,32,1037,31
43,101,126,14,124,13,131,14,113,15
43,102,620.5,28,604.5,27,607,27,611.5,26
43,103,56,11,52,10,50,10,57,11
43,104,253.5,26,255.5,25,254.5,25,269,25
43,105,39.5,5,47,5,51,5,59,6
43,106,337,16,335.5,15,327,17,341.5,15
43,107,23,7,20,6,20,6,23,7
43,108,1816.5,12,1821.5,13,1790.5,14,1791,12
43,109,571.5,14,547,13,491,14,508.5,14
43,110,32,6,29,5,32,6,31,6
43,111,593.5,17,607,16,635,17,615.5,17
43,112,172,11,163,10,158.5,9,161,10
43,113,83.5,13,89,13,90,14,100,14
43,114,216,9,230.5,10,228.5,9,231,10
43,115,49,6,53,8,55,8,46,8
43,116,15,4,15,4,15,4,14,4
43,117,274.5,28,279.5,28,276,28,266.5,27
43,118,13,4,14,4,13,4,15,4
43,119,159,24,145,24,157.5,23,171,24
43,120,141,16,134,16,138,17,154,17
43,121,517,55,516.5,53,486.5,52,480,54
43,122,36,8,34,8,30,8,37,8
43,123,37,9,35,9,34,9,30,9
43,124,2131,42,2318,39,2352.5,37,2257,39
43,125,400.5,37,427,37,431.5,36,396,38
43,126,324,25,324,28,317,25,302,25
43,127,56,14,53,13,45,12,46.5,14
44,0,40.5,12,36.5,10,32.5,10,32.5,10
44,1,67,18,63,17,63,19,61,18
44,2,36,11,39,11,36,10,35,10
44,3,107.5,12,112,14,99,15,109.5,16
44,4,57,16,60,15,56,15,49,14
44,5,31,9,21,9,19,8,27,10
44,6,21,10,19,9,20,8,21,9
44,7,16,5,19,5,21,5,16,5
44,8,35,9,32,9,32,9,29,11
44,9,73,19,82,17,84,18,81,19
44,10,50,16,47,14,47,13,43,12
44,11,47,16,51.5,17,49,17,40,17
44,12,131.5,15,121.5,17,127,18,111,19
44,13,146,21,154,20,155,21,159.5,23
44,14,76.5,18,83.5,19,79.5,17,77.5,18
44,15,87,10,91.5,10,87,10,97.5,13
44,16,656,32,697,32,725,32,729.5,32
44,17,282,17,297.5,18,295.5,21,326.5,19
44,18,303,23,314,24,320,23,328,24
44,19,751.5,40,787,39,767,39,719,40
44,20,625,34,632.5,37,625,37,643.5,37
44,21,457.5,30,464,32,467.5,32,472,32
44,22,141,17,146.5,18,144,20,144,19
44,23,366,12,396,14,407.5,13,387,13
44,25,306.5,19,309.5,18,304.5,19,293,20
44,26,56,7,48,7,47,7,45,7
44,27,228.5,19,226.5,18,231,18,233.5,18
44,28,108,11,98,11,88,11,99,11
44,29,36,6,36,6,28.5,6,26.5,6
44,30,62,4,63,4,60.5,4,59.5,4
44,31,124,10,127.5,10,121,10,116.5,10
44,32,329.5,16,321,16,330,17,319,17
44,33,90,9,103,9,101,9,92,9
44,34,118,8,110,7,120,8,124,8
44,35,29,6,29,6,23,5,20,4
44,36,4,1,4,1,3,1,3,1
44,37,14,3,14,3,13,3,10,3
44,38,10,4,13,6,7,4,5,4
44,39,14,3,13,3,15,3,14,3
44,41,12,5,14.5,5,10.5,4,14,5
44,42,37,6,36,5,33,5,29.5,6
44,43,40.5,7,33.5,6,36,7,44,7
44,44,132,12,136,12,141.5,12,137,12
44,45,9,3,7,3,7,3,7,3
44,46,14,2,20,3,20,4,14,3
44,47,1095,19,1124,18,1060,18,1073,19
44,48,191,6,178,6,171,6,156.5,6
44,49,48.5,8,52,8,49.5,7,55.5,7
44,50,198,17,208,18,198,18,209,17
44,51,71,10,71,10,72,10,66,11
44,52,40,13,45,13,34,11,35,12
44,53,270,28,276,29,266,30,258.5,30
44,54,126,19,129.5,19,120.5,18,123.5,18
44,55,33,6,34,6,30,6,32,6
44,56,255,21,251.5,22,260.5,22,249,22
44,57,153.5,14,148,13,151,16,153.5,15
44,58,132,21,129,21,125,23,121,22
44,59,32,8,36,8,37,8,33,8
44,60,129,13,132.5,13,130.5,13,129.5,14
44,61,773,26,772.5,27,754.5,26,738,26
44,62,725.5,23,714.5,22,698.5,24,676.5,24
44,63,230,13,224.5,15,219.5,14,228.5,14
44,64,84,15,85,15,81,13,88.5,15
44,65,307,21,312,21,304,22,272,20
44,66,22.5,3,19,3,20,3,24,4
44,67,78.5,16,74.5,17,64.5,13,58.5,13
44,68,77,10,74.5,12,77,12,64,10
44,69,25,7,28,8,25,10,29,12
44,70,36,7,39,7,34.5,7,35,7
44,71,82,10,91,10,93.5,10,91.5,10
44,72,175,16,173,16,188,16,182,16
44,73,17,6,17,7,15,6,17,6
44,74,24,6,26,6,29,6,36,6
44,75,47,10,44,10,44,10,41,9
44,76,119,14,112,15,110,15,111,15
44,77,33,8,34,7,33,8,33,8
44,78,36,7,35,7,31,7,37,8
44,79,95.5,24,93.5,26,94.5,26,96,24
44,80,24,4,29,4,31,4,31,4
44,81,38.5,7,39.5,8,40,8,36,8
44,82,316.5,13,319.5,12,297,14,271,14
44,83,71,14,68,14,65.5,14,59.5,14
44,84,29,7,36,6,40,7,41,8
44,85,144.5,15,131.5,15,123.5,16,119.5,16
44,86,103.5,14,112.5,14,98,14,100,14
44,87,72,8,68,10,52,8,78,11
44,88,97,10,92,9,78,10,88,10
44,89,295.5,21,287.5,21,277,21,275.5,21
44,90,154,10,160,11,158,11,155.5,11
44,91,195,16,174.5,16,195.5,15,186,15
44,92,171.5,21,173.5,21,174,22,182,22
44,93,278.5,25,287,27,282,26,275,26
44,94,34,6,30,6,28,6,22,5
44,95,826.5,20,846.5,21,799,22,795,20
44,96,2504.5,21,2452.5,21,2448.5,22,2492,22
44,97,2825.5,18,2825.5,16,2830,14,2811,13
44,98,312,12,303.5,12,294,12,298.5,12
44,99,111,16,98.5,15,95,15,100,15
44,100,139,20,125,20,130,17,122,19
44,101,64,11,61,11,67,11,66,11
44,102,23,7,25,7,32,7,29.5,8
44,103,102,14,86,13,78,13,77,11
44,104,84.5,11,84,11,77,11,84.5,11
44,105,178,12,180,11,180.5,12,173,13
44,106,187,17,180,18,193,20,197.5,20
44,107,27,8,26,8,29,10,34,10
44,108,4525,16,4489,15,4458,15,4465.5,13
44,109,287,11,297,10,295.5,10,302,10
44,110,34,7,42,7,42.5,8,45.5,9
44,111,201,11,202,12,194,13,198,13
44,112,78,14,90.5,14,86.5,12,94,12
44,113,6,3,4,2,3,2,2,2
44,115,8,2,10,2,4,1,9,2
44,116,56,8,52,8,52,7,50,7
44,117,129,20,125.5,20,129.5,19,138.5,19
44,118,147,22,142,23,152,22,162.5,22
44,119,211.5,27,202,28,198.5,29,211.5,28
44,120,940,23,944,20,931.5,21,924,21
44,121,1015.5,41,1082.5,40,1080,42,1019,42
44,122,138,21,142.5,22,146.5,23,137,23
44,123,30,8,31,8,28,8,24,8
44,124,443.5,35,449,34,457,36,429,34
44,125,715.5,30,701,31,706.5,28,682,27
44,126,267,27,259.5,28,257.5,28,246.5,29
44,127,50,10,43,10,46,10,47,10
45,0,34,9,34,10,33,9,28,9
45,1,51.5,12,58,12,54.5,13,52,13
45,2,86,19,67.5,15,82.5,17,87,18
45,3,35,10,40,12,44,11,39.5,11
45,4,33,15,34,14,38,16,41,17
45,5,46.5,10,41,10,43,12,50,11
45,6,34.5,9,35.5,10,32.5,10,31,10
45,7,79,15,87,15,83,18,80,18
45,8,34,11,30,10,24.5,10,20,7
45,9,57,14,53.5,14,51,13,45,13
45,10,72,15,83,15,92.5,17,85.5,17
45,11,159.5,23,153,24,144,23,142.5,25
45,12,52,18,51,18,53,20,48.5,19
45,13,149,19,154,19,147.5,22,147,22
45,14,45,9,42,8,43,9,44,9
45,15,175,15,175.5,16,165.5,17,166,17
45,16,116,17,115.5,17,111.5,14,108,16
45,17,275.5,22,282,22,309,20,327.5,20
45,18,877.5,40,933.5,39,984,38,1022,39
45,19,550.5,30,564.5,30,557.5,29,588,29
45,20,2023,32,2078,31,1981.5,31,2005,30
45,21,796.5,41,781,41,802.5,41,829,41
45,22,667.5,27,698,27,694.5,25,694.5,27
45,23,375.5,26,397.5,28,380,27,372,27
45,24,175.5,13,183,13,189.5,14,186,14
45,25,706.5,25,724.5,24,733.5,26,745.5,25
45,26,116.5,15,115.5,15,119.5,16,123.5,17
45,27,415,26,425,27,413,27,488.5,24
45,28,11,3,10,3,13,3,13,2
45,30,339,15,361,15,366.5,16,365,16
45,31,63,3,53,4,59.5,3,58.5,4
45,32,181,16,176,16,190,17,163,16
45,33,150,12,151.5,12,142,13,143,12
45,35,948,37,925.5,36,920.5,39,919.5,38
45,36,203.5,16,195.5,16,193,17,191,13
45,37,12,4,9,4,10,4,8,4
45,38,159,11,168,11,162,11,157.5,12
45,39,86,12,76,12,85.5,10,75.5,11
45,40,41,5,43,5,40,5,38,5
45,41,126,11,115,11,137,12,138.5,13
45,42,22,7,24,8,27,9,22,8
45,43,57,7,55,6,52,6,63,6
45,44,4,1,4,1,4,1,7,2
45,45,72,5,69,5,68.5,5,63,5
45,46,30,4,31,4,28,4,26,4
45,47,86,8,83.5,7,83,8,86,8
45,48,55,6,52,6,52,6,51,6
45,49,159.5,11,147.5,11,149,11,144,11
45,50,59.5,12,68.5,12,70,12,70.5,12
45,51,70,7,71,5,71,7,71,8
45,52,211,23,215.5,23,210,23,215,23
45,53,123.5,20,116,20,109,20,102,20
45,54,100,13,94.5,13,94,12,92.5,12
45,55,61,9,61,9,56,9,54,10
45,56,98.5,20,101.5,21,100.5,22,98.5,23
45,57,116,11,112,11,111,9,122,11
45,58,179,24,187,24,167.5,25,183,25
45,59,87,9,89.5,9,86,9,77,8
45,60,245.5,18,250,17,230.5,16,224.5,18
45,61,39,6,33,6,31,6,26,5
45,62,12,4,9,4,9,4,8,4
45,63,141,17,138.5,16,137,16,125.5,15
45,64,6,1,9,1,9,1,14,2
45,65,37,6,34,6,39,6,41,6
45,66,27,7,25,7,22,6,25,8
45,67,46,11,39,10,35,10,41,9
45,68,179.5,18,191.5,19,181,18,187,18
45,69,72.5,10,62,10,62.5,10,61.5,10
45,70,160.5,18,145,19,132.5,17,123.5,18
45,71,58,12,57,11,48,11,54,12
45,72,49,14,57,15,56,14,50,13
45,73,16,7,19,8,15,5,17,7
45,74,141,14,154,14,154,14,152,13
45,75,18,6,15,6,19,7,21,6
45,76,50,11,46,10,46,12,49,12
45,77,13,5,13,5,13,5,13,5
45,78,76,15,74,16,68,15,72,15
45,79,574,22,582,23,565,23,578.5,24
45,80,39,10,41,10,37,10,35,10
45,81,23,8,26,9,27,10,24.5,10
45,82,172.5,14,180,14,174,13,167,13
45,83,88,14,76,14,56.5,14,61.5,14
45,84,108,13,123.5,10,113.5,11,119,12
45,85,487.5,33,498.5,32,514.5,34,543,32
45,86,355.5,12,351.5,12,347,12,332,12
45,87,62,4,56,5,40,4,69,4
45,88,253.5,9,259,9,325.5,9,264.5,10
45,89,81.5,11,87,11,88.5,9,81.5,9
45,90,2,1,2,1,2,1,2,1
45,92,110.5,12,107,12,105,12,117,12
45,93,324.5,24,306.5,24,307,24,300,24
45,94,408,12,397.5,13,395,12,389.5,15
45,95,540,28,537.5,29,564,30,550,31
45,96,4182,30,4165,32,4154.5,31,4208.5,33
45,97,1717.5,17,1742,15,1792,15,1716.5,15
45,98,576.5,19,581,18,560,18,564.5,19
45,99,19.5,4,18,4,10,2,12,3
45,100,189,14,172,15,183,14,171,14
45,101,59,6,60,6,59,7,65,7
45,102,114,12,105,12,113,14,115,13
45,103,129,9,115,10,121,10,114,9
45,104,874.5,24,886,24,821,25,853.5,24
45,105,105,17,96.5,17,100,17,99.5,15
45,106,95,4,95,5,110.5,4,108.5,4
45,107,7,2,6,2,5,2,5,2
45,108,69,9,70,9,57,10,56,9
45,109,67.5,5,57,5,64,5,69,4
45,110,210.5,18,200.5,20,215,19,200,18
45,111,127,17,114.5,16,109,17,110,18
45,112,10,4,19,5,22,3,20,5
45,113,143.5,11,142.5,13,143.5,13,146.5,12
45,114,33,6,34,6,30,6,27,6
45,115,86,17,79,18,88,19,89,19
45,116,269,28,276,29,271,27,274,27
45,117,191.5,16,187.5,15,200.5,17,195.5,18
45,118,200.5,22,208,22,206,24,208.5,24
45,119,214,21,224,21,218,21,221.5,23
45,120,560,22,549.5,23,538.5,24,541.5,26
45,121,310,40,302,39,303.5,39,293,39
45,122,77.5,18,90,17,84,17,84,18
45,123,569,43,560,44,548,45,551,46
45,124,997.5,50,1023.5,49,1021,49,980,49
45,125,359.5,37,330,38,343.5,36,313,34
45,126,66.5,13,67,13,62.5,11,64,12
45,127,30,12,25,11,28,12,25,11
46,0,266,27,264,28,294,30,294.5,31
46,1,31,6,29,6,16,6,24,6
46,2,21,8,19,7,20,6,16,6
46,3,55,16,60,17,56,12,51,13
46,4,35,11,39,10,32,9,31,8
46,5,48,16,46,16,42,16,39,16
46,6,98,20,86,19,88,19,80,20
46,7,907.5,27,869.5,29,866.5,30,885,30
46,8,339,27,324,27,339.5,26,319,26
46,9,53,14,56,15,48,14,54,13
46,10,34,11,36,12,48,12,44,11
46,11,34.5,7,31.5,7,27.5,7,25.5,7
46,12,41.5,14,39,13,39,12,32,11
46,13,60,14,55,15,52.5,14,51,14
46,14,147.5,15,142.5,14,141.5,15,138.5,15
46,15,51,11,49,11,41,11,43,11
46,16,198.5,11,195,10,176.5,12,201.5,10
46,17,53,13,47.5,13,42.5,12,43,12
46,18,852.5,28,897.5,29,883.5,29,900.5,30
46,19,2406,29,2472.5,30,2447,29,2445,27
46,20,398.5,15,385,14,380.5,15,391,15
46,21,847.5,29,842,29,831,29,845,28
46,22,1143.5,21,1130.5,21,1157.5,20,1160.5,21
46,23,175.5,12,171,12,173.5,13,181.5,13
46,24,255,11,244,10,256,11,234.5,11
46,25,121,13,118.5,13,110.5,12,122.5,12
46,26,145.5,19,150,19,129,19,128,18
46,27,174,14,155,14,143,14,147,14
46,28,170,12,156.5,13,152,11,145.5,12
46,29,97,6,90,7,89,6,79,6
46,30,157.5,10,157,10,153.5,10,157.5,10
46,31,70,11,72,11,74.5,11,81.5,10
46,32,162,11,154.5,11,156,14,126,13
46,34,26,6,29,6,24,5,27,4
46,35,397,23,378.5,22,404,22,395,22
46,36,5,1,5,1,5,1,5,1
46,37,52,8,50,9,58,8,56,8
46,38,33,7,34,8,31,7,33,8
46,39,50,8,49,8,49.5,8,51,8
46,40,73,6,59,6,52,6,60,6
46,41,19,3,19,3,23,4,20,4
46,42,30,6,35,7,32,7,31,8
46,43,154.5,11,163.5,11,146,12,133.5,12
46,44,7,3,4,2,4,2,5,3
46,45,45,7,57,7,52,7,54,7
46,46,105,6,107,5,100,6,90,6
46,47,10,3,10,3,10,3,9,3
46,48,259,21,246,21,231.5,20,244,21
46,49,19,4,21,4,20,4,20,4
46,50,114,17,111.5,18,113,17,121,17
46,51,138,11,135,15,127,12,123,12
46,52,121,15,106,15,117,15,121.5,15
46,53,185,15,179,15,163.5,14,163,14
46,54,115,14,108.5,15,106,15,113,16
46,55,48.5,8,46.5,8,46,7,43,8
46,56,187,27,192.5,26,193,26,188.5,27
46,57,82,18,82,19,87,18,93,18
46,58,165.5,17,144.5,17,162,17,165.5,18
46,59,47.5,7,48.5,8,55.5,8,54.5,8
46,60,87.5,4,76,4,70,4,75,4
46,61,106.5,10,106.5,10,112,10,109.5,10
46,62,66.5,11,65.5,11,62.5,11,58,11
46,63,730,13,689,12,710,13,697.5,15
46,64,62.5,6,66,6,65.5,7,68.5,6
46,65,22,7,23,8,26,9,22,9
46,66,23,8,23,8,17,6,19,8
46,67,17,3,17,3,15,3,18,4
46,68,10,5,11,6,9,5,10,6
46,69,37,11,36,12,28,9,32,12
46,70,54,10,48,10,42.5,10,43,10
46,71,28,10,30,9,27,8,29.5,8
46,72,19,10,18,9,18,9,17,10
46,73,48,9,40,9,46,10,46,10
46,74,18.5,5,26.5,6,16,4,18,6
46,75,8,2,10,2,8,3,8,3
46,76,6,3,7,3,4,2,4,2
46,77,10,2,13,2,18,3,18,3
46,78,26,7,23,7,23,7,22.5,7
46,79,45,7,43.5,7,38,6,37,6
46,80,37,7,39,7,43,6,51,6
46,81,81,11,84,12,85.5,11,87,12
46,82,140,18,137,19,147.5,18,147.5,21
46,83,108,20,107.5,20,109,19,115,21
46,84,158.5,14,165,15,147,16,148.5,15
46,85,52,9,55,9,56,9,57,9
46,86,207.5,15,202,13,186.5,14,194.5,13
46,87,1506.5,31,1507.5,29,1511,29,1513,28
46,88,388,16,384.5,16,380.5,17,383.5,16
46,89,189.5,22,184.5,20,175,21,157.5,22
46,90,132,9,125,9,125,9,111.5,10
46,91,33.5,6,36.5,6,34,6,38,6
46,93,130,18,137,18,132,17,122.5,17
46,94,59.5,9,53.5,10,55,9,55,10
46,95,130.5,9,116,9,126.5,8,126.5,9
46,96,36,9,30,8,32,8,32,8
46,97,442.5,15,440,15,434.5,15,428,15
46,98,560,13,566.5,13,543.5,14,523.5,14
46,99,244,14,228.5,13,218.5,13,233.5,13
46,100,631.5,19,621.5,19,637,19,652,19
46,101,176.5,18,175.5,17,170.5,17,179.5,18
46,102,386,24,379.5,25,374.5,23,383.5,24
46,103,44,5,45,6,40,6,31,5
46,104,131,17,130.5,17,110,18,113,19
46,105,716.5,20,704,20,657,17,673,18
46,106,345,9,338.5,9,344,9,338.5,10
46,107,38,9,37,9,37,9,36,8
46,108,187,13,190,13,192,11,185,12
46,109,76,7,63,7,70,9,66,9
46,110,88,12,90,13,84,12,93.5,12
46,111,83,12,88,11,82,9,75,9
46,112,10,2,10,2,10,2,9,2
46,113,19,2,18,2,16,2,17,2
46,114,47,9,51.5,9,52.5,9,52,9
46,115,10,4,10,4,10,4,10,4
46,116,1289.5,30,1291.5,30,1283.5,32,1253,31
46,117,215.5,29,214,29,195.5,27,212,30
46,118,217,28,215,26,215.5,26,212.5,27
46,119,289,32,263.5,30,276.5,32,262.5,31
46,120,1091,32,1054.5,32,1014,32,960,32
46,121,68,13,66.5,12,60,13,60,13
46,122,446.5,32,466,31,472,32,424,32
46,123,2402,39,2344.5,40,2413.5,41,2302,42
46,124,363,40,366,39,372.5,39,336.5,40
46,125,89,19,90.5,18,98.5,18,97.5,20
46,126,152,24,145.5,23,133,24,112,24
46,127,360,22,371,25,374,23,367.5,23
47,0,267,31,258,33,243,32,245,30
47,1,51,15,46,12,44,13,42,15
47,2,18,8,19,8,19,8,20,9
47,3,28,9,23,9,24,9,24,9
47,4,148,16,146,16,136,16,113.5,16
47,5,46,13,46,13,50,16,40,15
47,6,124,20,113,20,108,21,112.5,24
47,7,366,43,372,46,351,46,357,46
47,8,155,23,158,24,135.5,23,125.5,24
47,9,70,15,65,15,68.5,13,72,14
47,10,123,24,122.5,25,128.5,23,132,24
47,11,14,6,17,7,13,6,15,6
47,12,75,17,66,17,62,16,66.5,17
47,13,251,35,245,33,243,34,246,33
47,14,117,13,118.5,12,112,12,120,13
47,15,59.5,13,49.5,11,45.5,10,53.5,12
47,16,969,33,996.5,33,949.5,32,951,32
47,17,366.5,22,349.5,23,367,21,371,21
47,18,283,12,280,12,264.5,12,267.5,13
47,19,2780.5,25,2777,25,2731.5,25,2739.5,23
47,20,1243,21,1260.5,20,1247,18,1237,17
47,21,3408.5,26,3412.5,28,3537,26,3449,24
47,22,1593.5,22,1617.5,22,1623,21,1574.5,23
47,23,1486,33,1532.5,32,1498,33,1523,34
47,24,143,24,134.5,24,143,23,133.5,22
47,25,264,23,254.5,23,267.5,21,257,20
47,26,303.5,21,269.5,22,266.5,20,277,20
47,27,299.5,13,291.5,15,282,15,281,14
47,28,149,13,153,12,152.5,12,141,12
47,29,97,14,90,12,81,12,94,13
47,30,165,17,160.5,18,146,15,153.5,17
47,31,181,16,189.5,15,177,15,180.5,14
47,32,77,9,82,10,81,10,86,10
47,33,187,21,189,22,200.5,22,209,21
47,34,154,12,168,11,169.5,13,172,14
47,35,14,2,6,1,2,1,,
47,36,12,3,8,3,10,3,14,4
47,37,42,4,38,4,39,5,39,5
47,38,5,2,5,2,4,2,7,2
47,39,94,10,86.5,10,81.5,10,74,9
47,40,61.5,7,61.5,7,57.5,6,55.5,7
47,41,79.5,11,90.5,11,88.5,11,87.5,11
47,42,45,8,44,9,44,9,42,9
47,43,76,9,78,10,64.5,10,57,10
47,44,178.5,19,156.5,19,168.5,19,173.5,19
47,45,81.5,11,73,10,83,11,93,11
47,46,46,5,44,5,49,5,43,5
47,47,122,19,121,18,112.5,18,121.5,21
47,48,224.5,24,223,24,233.5,24,225,24
47,49,14,3,11,3,10,3,8,3
47,50,77,15,92.5,16,90.5,16,80.5,15
47,51,137,18,125,17,124,17,128,18
47,52,73.5,18,76.5,18,68,16,78,16
47,53,137,22,134,21,129,23,135,23
47,54,155.5,24,162.5,24,160,22,161,23
47,55,452.5,19,451.5,18,454.5,19,443,20
47,56,687,21,697.5,21,700,21,707.5,21
47,57,83,16,72,17,84,17,74,18
47,58,28,8,28,8,26,8,26,7
47,59,245,18,246,18,222.5,18,229,18
47,61,102.5,13,93.5,12,84.5,12,85,13
47,63,484.5,12,463.5,12,472.5,11,436.5,11
47,64,110,11,114,11,117,11,123,12
47,65,138,12,143.5,11,138,11,143,10
47,66,46.5,10,52.5,10,48.5,10,54,9
47,67,102,12,113,12,102,12,126,14
47,68,133,17,135.5,17,153,16,146.5,16
47,69,593.5,20,557,22,534.5,22,545.5,23
47,70,32,8,30,8,25,7,23,7
47,71,20,5,24,5,17,5,18,5
47,72,24,5,24.5,5,24.5,5,23,5
47,73,38,9,31,8,25,7,24,8
47,74,29,14,31,15,35,15,34.5,13
47,75,15,4,12,4,9.5,5,14,5
47,76,26,10,26,10,31,10,22,7
47,77,61,10,62,10,64,10,72,10
47,78,493.5,15,489,14,473.5,13,478,13
47,79,55.5,10,53,10,57,11,49,11
47,80,70,15,62,15,73.5,16,79,17
47,82,47,8,45,8,49.5,8,51,7
47,83,114,16,118.5,16,122.5,17,115.5,14
47,84,50,11,51,11,51,11,51,11
47,85,82,4,76,4,72,5,75,5
47,86,44.5,4,42,4,41.5,4,38,4
47,87,133,3,124,4,139,3,123,4
47,88,8,2,8,2,8,2,8,2
47,89,5,1,4,1,4,1,4,1
47,90,112.5,5,106.5,4,114,4,113,4
47,91,95.5,3,92,2,82,3,84,3
47,92,160,8,162,8,164.5,8,157,8
47,93,117,9,112,9,100.5,8,100.5,9
47,94,299.5,20,297,21,297.5,18,295,19
47,95,469.5,16,466.5,15,453,15,452.5,17
47,96,120.5,8,126,8,115,9,119,10
47,97,152.5,10,136.5,10,131,10,128.5,11
47,98,79,10,79,10,77,8,78,10
47,99,115,10,106,10,96,10,95.5,10
47,100,70,8,79,8,72,8,80,9
47,101,5,2,6,2,6,2,2,1
47,102,274,13,266,13,256.5,13,248,14
47,103,95,6,96.5,6,107,7,99,7
47,104,55,11,46,11,48,12,44,11
47,105,16,2,16,2,11,2,12,2
47,106,21,4,19,4,23,4,21,4
47,107,40,9,41,9,42,9,39,9
47,108,54,11,49,10,50,10,51,9
47,109,363.5,21,368.5,21,366,21,368.5,21
47,110,175,12,171,12,175.5,9,177,11
47,111,76,7,84,7,84,6,89,6
47,112,124.5,11,121.5,11,122,11,115.5,11
47,113,7,2,5,2,5,2,5,2
47,114,35,8,33.5,8,34,7,32.5,6
47,115,193.5,13,211,13,209,12,204,11
47,116,581,27,591,25,616.5,26,632,27
47,117,1430.5,37,1390,34,1377.5,31,1363.5,34
47,118,156,15,149,16,162,15,154,15
47,119,131,30,131,30,133,28,154,31
47,120,83,20,83,20,72,20,68,20
47,121,173,30,180,29,178.5,29,158,29
47,122,1576.5,38,1588,35,1554.5,34,1523.5,34
47,123,742.5,43,766.5,44,722,44,662.5,42
47,124,225.5,44,202,45,186,46,193.5,46
47,125,444.5,18,450,16,448,16,415,17
47,126,139,14,133.5,13,137,12,116,12
47,127,103,20,92,17,86.5,20,77.5,19
48,0,91,24,108,24,127,26,114.5,25
48,1,48.5,13,46.5,13,51.5,14,48.5,13
48,2,87,22,96,23,85.5,23,72.5,22
48,3,79,13,78,13,71,13,81,15
48,4,27,9,27,9,27.5,9,29,10
48,5,45,16,55,18,49,16,49,16
48,6,45,12,52,12,51,14,52,14
48,7,71,19,64,18,68.5,16,63,16
48,8,22,8,22,8,21,8,28,11
48,9,61,12,56,12,58,11,55,11
48,10,84.5,18,78,19,76,19,81,19
48,11,48.5,9,48.5,8,55.5,9,53,8
48,12,115,18,106,17,102,18,90.5,17
48,13,121,20,128.5,21,134.5,18,142,19
48,14,69,10,62,10,55,9,50,9
48,15,250.5,16,237.5,17,241.5,17,242.5,17
48,16,26,6,28,7,25,6,26,6
48,17,395.5,27,384,29,386,27,390.5,29
48,18,547,33,601.5,33,596,34,609.5,35
48,19,222,19,219,19,206,18,206,17
48,20,1020.5,38,994,37,963.5,33,948,37
48,21,6632,20,6502,19,6574,20,6543,20
48,22,3013,23,3035,24,3046.5,25,3146,22
48,23,1700,41,1802.5,35,1837.5,35,1830,33
48,24,210.5,12,213.5,11,203,12,214.5,12
48,25,498.5,25,541,26,542,25,550,25
48,26,337.5,18,330.5,18,316.5,19,318.5,19
48,27,424.5,25,458.5,25,476,24,480.5,26
48,28,164.5,13,157.5,12,168.5,13,170,13
48,29,171.5,14,160,14,153.5,15,161,15
48,31,411.5,13,405,14,356,12,366.5,14
48,32,9,2,9,2,5.5,3,4.5,2
48,33,237.5,12,236,12,228,12,249,14
48,34,245.5,12,249,13,245.5,14,253.5,15
48,37,210.5,18,225.5,18,217.5,17,208.5,18
48,38,121,11,111,12,99,11,117.5,10
48,39,87.5,8,84.5,8,80,7,69,6
48,40,14,2,16,2,16,2,19,2
48,41,111,6,112,7,103,7,99,7
48,42,68,15,73,14,72,14,71,15
48,43,17,5,15,4,18,6,19,7
48,44,6,1,6,1,5,1,5,1
48,45,42,7,43,8,39,8,38,8
48,46,137,17,134,16,132.5,18,142.5,18
48,47,27.5,5,29.5,5,24,4,28,5
48,48,37,6,36,6,37,6,35,6
48,49,55.5,9,51.5,8,59,8,51,8
48,50,111,21,118,20,102,19,109,21
48,51,157,20,150,20,149,18,155.5,20
48,52,17,4,22,4,22.5,3,23.5,3
48,53,6.5,3,5,3,8,3,5,3
48,54,32.5,10,40,11,34.5,10,30,10
48,55,8,2,5,2,6,2,7,2
48,56,56,15,50,15,55.5,15,50.5,15
48,57,38,8,32,7,34,8,33,9
48,58,124.5,14,112.5,14,102,14,99,14
48,59,15,5,12,4,13,5,22,5
48,61,15.5,4,14.5,4,15.5,4,15,4
48,62,40,10,46.5,9,44.5,9,52,9
48,64,162,16,160,15,161,16,167.5,16
48,65,9,2,8,2,8,2,8,2
48,67,59.5,17,54,15,72.5,18,71.5,16
48,68,37,12,34,12,36,13,37.5,11
48,69,26,6,33,7,30,7,36,7
48,70,27,8,23,8,23,7,20,7
48,71,30,12,34,12,23,10,43,14
48,72,90,16,92,16,86,13,86,15
48,73,152,8,149.5,9,138,7,149,9
48,74,28,5,30,5,30,5,29,5
48,75,140,26,137.5,23,136,22,153,23
48,76,18,6,21,7,18.5,7,19,7
48,77,105,21,99,20,92.5,20,96,20
48,78,104,13,99,11,99,14,97,14
48,79,14,4,12.5,4,8.5,3,11.5,4
48,80,103,17,93.5,16,94.5,15,92.5,15
48,81,91,19,93,19,93,19,95,19
48,82,69.5,12,74.5,12,67.5,13,74,13
48,83,32,9,33,9,34,9,27,8
48,84,45.5,6,37,6,31,6,33,6
48,85,7,3,5,2,10.5,3,10.5,3
48,86,115,7,116,7,106.5,6,103.5,7
48,87,258.5,12,265,12,252,12,248,12
48,88,5,1,3,1,1,1,2,1
48,89,8,1,7,1,,,5,1
48,90,212,11,213,12,193.5,14,193.5,12
48,91,31,4,31,4,30,4,31,4
48,92,146,9,146,9,163.5,8,144,9
48,93,136.5,17,133.5,19,97,12,132.5,17
48,95,2,2,2,2,2,2,2,2
48,96,347,17,346.5,17,346,16,326.5,14
48,97,203,16,194,16,186.5,16,185,16
48,98,128.5,13,138,13,131,13,125.5,12
48,99,51,8,56,8,59.5,8,56,8
48,100,179.5,8,192.5,8,191,8,194.5,8
48,101,82,10,77,10,78,10,84,10
48,102,116,8,115.5,9,110,8,103,8
48,103,13,5,9,5,11,6,21,7
48,104,2483,25,2405.5,26,2397,29,2449,28
48,105,569.5,18,562,17,559,16,536.5,15
48,106,26,2,26,2,27.5,2,28.5,2
48,107,149,10,147,11,165,10,176.5,11
48,108,525,20,518,20,517.5,18,530.5,19
48,109,295.5,20,292.5,20,274.5,18,269,20
48,110,202,8,205.5,8,200.5,8,202,8
48,111,31,3,30,3,25,3,24,4
48,112,232,18,218.5,18,221,18,214.5,18
48,113,59,14,52,13,48,12,42,12
48,114,25,8,23,8,21,8,30,9
48,115,761,25,742,29,772,28,774.5,28
48,116,411.5,40,406.5,38,403,39,407.5,40
48,117,194.5,34,196,35,185.5,35,200,34
48,118,190,40,179.5,40,184,42,182,42
48,119,71,22,68,22,74,23,72,20
48,120,90,21,90,20,94.5,22,88,20
48,121,1707.5,44,1684,41,1675,42,1544.5,41
48,122,2039,49,1978.5,47,1952,46,1853,46
48,123,113.5,21,113.5,21,113.5,21,101,21
48,124,132.5,30,132.5,30,140,31,126.5,26
48,125,330,32,331.5,35,313.5,34,308.5,34
48,126,58,16,54,15,53,15,53,17
48,127,166.5,24,148,22,153,24,145,23
49,0,57,17,54,17,51,15,56,16
49,1,96,13,90,13,91,13,87,14
49,2,53.5,12,46.5,13,45.5,13,47.5,12
49,3,55,11,47,11,53,13,59,13
49,4,47,16,56,17,61,17,53,17
49,5,33,8,34,8,34,9,34,9
49,6,36,13,38,14,38,14,35,12
49,7,25,8,20,8,23,9,22,9
49,8,47.5,10,46.5,10,33.5,10,41,11
49,9,33,10,31,11,33,10,33,10
49,10,66,15,72,14,64,15,67,16
49,11,34,9,28,9,34,10,34,10
49,12,138.5,19,141.5,19,139,18,138.5,19
49,13,26,8,25,8,20,7,22,7
49,14,140,16,137.5,18,127.5,16,134.5,16
49,15,179,22,187.5,20,184,19,186.5,19
49,16,195.5,11,189.5,12,182,12,184.5,13
49,17,220,15,204,15,207.5,15,211.5,16
49,18,667,19,617,19,660.5,18,723,16
49,19,1438.5,38,1427,39,1389.5,40,1379.5,41
49,20,5447,29,5536,29,5357.5,30,5552,33
49,21,12136,14,12151.5,14,12180.5,13,12473,13
49,22,4578,17,4658.5,17,4684.5,17,4695.5,17
49,23,1258.5,32,1259.5,30,1346,29,1345,31
49,24,846.5,29,858.5,30,875,31,880.5,29
49,25,395.5,35,399,35,389,34,363.5,35
49,26,103,12,101,14,90,14,86,13
49,27,750.5,20,779,20,782,20,770.5,21
49,28,347,21,349.5,21,366.5,22,390,22
49,29,972,18,1003.5,19,949,19,993,19
49,30,38.5,3,44,3,41,3,44,3
49,31,161,14,167,15,157,15,158.5,14
49,33,90.5,5,81.5,6,81.5,6,80,5
49,34,379,30,385,32,377,29,382.5,29
49,35,282.5,20,278.5,19,265,19,265.5,17
49,36,135.5,10,134.5,11,129,10,114.5,10
49,37,30,5,31,5,32,5,30,5
49,38,29,7,30,6,29,6,31,7
49,39,23,3,21,3,20,3,20,3
49,40,47,8,46.5,8,44.5,8,42.5,8
49,41,550,14,561.5,13,526.5,15,500,16
49,42,71,11,69,11,74,12,77,12
49,43,65,10,64,10,65,10,64,10
49,44,82,16,80,16,87,18,87,17
49,45,110,20,112,19,105,17,109,19
49,46,51.5,7,58,7,66,7,68,7
49,47,148,20,149.5,22,156.5,21,163.5,21
49,48,171,18,161,19,166,20,163,22
49,49,183.5,24,200.5,26,182.5,26,197.5,27
49,50,48,8,45.5,8,43,8,41,8
49,51,18,6,12,5,19,6,17.5,6
49,52,45,7,43,8,43,8,41,8
49,53,12,3,13,3,11,3,11,3
49,54,101,7,98.5,6,93,6,93,6
49,55,33.5,5,31.5,5,39.5,5,36,4
49,56,104,13,98,13,95,12,94,12
49,57,55,11,57,12,50,13,47,11
49,58,6,1,6,1,6,1,6,1
49,59,90.5,11,99,12,105.5,12,100.5,13
49,60,73.5,11,72,11,80,10,73.5,11
49,61,16,2,15,2,13,2,12,2
49,62,36,6,32.5,6,34,6,34,7
49,63,37,7,42,7,53,9,52,9
49,64,102.5,13,107,13,103.5,16,104.5,17
49,65,185.5,23,181.5,22,166,20,153,20
49,66,17,2,21,2,38,4,46,5
49,67,70,15,63,14,54,11,66.5,14
49,68,407,16,397.5,16,395.5,16,394.5,16
49,69,27,10,29,10,26,9,27,9
49,70,44,10,38,9,39.5,9,37.5,8
49,71,22,6,21,6,34,8,28,7
49,72,30.5,7,30.5,7,31,8,27,8
49,73,741,22,732,22,757,18,732,18
49,74,15,5,15,5,16,5,17,5
49,75,63,16,51,16,53,17,53,16
49,76,3,1,3,1,3,1,3,1
49,77,32,9,32,9,27,8,26,9
49,78,21,6,19,6,18,6,17,6
49,79,,,,,1,1,2,1
49,80,9,2,9,2,12,3,11,3
49,81,253.5,16,251,16,246.5,17,246.5,17
49,82,18,4,15,5,16,5,20.5,5
49,83,56,9,57,9,55,9,53,9
49,84,2,1,2,1,2,1,2,1
49,85,239,20,245.5,20,236.5,19,249.5,18
49,88,,,,,,,2,1
49,89,73,10,72,10,59,10,76,8
49,90,24,6,24,6,19,5,22,6
49,93,139.5,11,150.5,11,194,10,153.5,11
49,94,388,21,407.5,20,465,22,404.5,22
49,95,3,1,3,1,1,1,1,1
49,96,26,2,26,2,27,2,29,2
49,97,11,1,13,1,16,1,15.5,1
49,98,102.5,12,101.5,12,102,12,95,12
49,99,84,10,72,9,82,9,84,9
49,100,11,3,11,3,11,3,11,3
49,101,251,12,258.5,12,251,12,244.5,12
49,102,24,5,22,5,21,5,23,5
49,103,64,11,54,11,55,11,49,11
49,104,140,11,129,12,132,12,122.5,10
49,105,25.5,6,21,6,20,5,21,5
49,106,130,6,131,6,123.5,6,113,5
49,107,73,11,85,11,84,12,90,12
49,108,140.5,9,141.5,9,155,9,148,9
49,109,135.5,12,136.5,11,133,11,137,12
49,110,275,20,271.5,20,260,21,282,22
49,111,249.5,13,242.5,13,238,15,245,15
49,112,193,10,200,9,194.5,8,200,8
49,113,51,12,53.5,12,53.5,12,49,12
49,114,707.5,34,686.5,36,702,38,685,38
49,115,377.5,32,393.5,31,373.5,34,369.5,36
49,116,58,16,61.5,16,57.5,16,56.5,16
49,117,54,22,49,21,42,20,46,19
49,118,16.5,6,14.5,6,17,6,12,5
49,119,1,1,,,,,,
49,120,219.5,45,206.5,45,202,45,192.5,47
49,121,217,40,206,39,197,38,187,37
49,122,100,28,103,28,110,29,108,29
49,123,105.5,24,95.5,24,86,23,84,22
49,124,704,33,722.5,33,699.5,33,697.5,34
49,125,105,26,109.5,27,102.5,28,101,28
49,126,280,22,286.5,21,321,21,296.5,22
49,127,43,11,35,11,41,11,27,11
50,0,108,15,99,15,105.5,17,105.5,18
50,1,85,18,81,18,83,16,93,17
50,2,324.5,32,335.5,33,341.5,33,333.5,33
50,3,75,19,76,18,68.5,18,67,18
50,4,115.5,26,101,23,110,24,119,26
50,5,36,12,30,11,28,11,30,11
50,6,131,25,126.5,24,133,23,141,24
50,7,82,16,82,16,75,15,83.5,16
50,8,67.5,15,71.5,15,58,14,61,14
50,9,29.5,7,32.5,7,39,7,31,7
50,10,53,13,58,15,62,15,68,16
50,11,113,16,119,17,125,15,117.5,15
50,12,27,7,30,10,29,8,30.5,8
50,13,70,10,70.5,10,67,10,73.5,11
50,14,176.5,23,198.5,22,200.5,21,208,21
50,15,86,15,88,15,90,13,97.5,14
50,16,103,15,112,16,99.5,14,87,14
50,17,78,12,82,12,75,12,80,10
50,18,124.5,17,122,17,123,18,117,16
50,19,1144,21,1138,23,1135,24,1224,21
50,20,4849.5,22,5000,23,5103.5,21,5085.5,20
50,21,14554.5,12,14753.5,11,14707,7,14721,7
50,22,4159,33,4153,31,4019.5,29,4047,28
50,23,1328.5,13,1336,13,1309.5,12,1295.5,15
50,24,538,35,540,34,548,35,563.5,33
50,25,313.5,16,296.5,15,297.5,18,269.5,18
50,26,156,9,144.5,8,137,9,131.5,9
50,27,326.5,31,355,30,379,31,376,30
50,28,208,13,217.5,14,212,13,192.5,14
50,29,3,3,3,3,4,3,4,3
50,30,126.5,13,132,16,132,14,124,15
50,31,5,1,5,1,5,1,5,1
50,32,1,1,2,1,2,1,2,1
50,33,303.5,20,293,20,290.5,20,294,20
50,34,132,14,132,14,116,13,144,14
50,35,21.5,4,21,4,23,4,21,4
50,36,92,12,94,12,88,14,82,14
50,37,75,9,77,9,61,9,69,9
50,38,197,13,192,12,195,13,212,13
50,39,81,11,65,11,62.5,10,68,10
50,40,153.5,7,161.5,7,160,8,166,8
50,41,70,8,74,9,80,6,89,7
50,42,104,16,103,17,96,15,107,17
50,43,121,12,111.5,16,108.5,15,115,15
50,44,40,6,44,6,44,6,38,6
50,45,80,12,80,13,78,12,91,13
50,46,59,14,61,15,62,15,69,16
50,47,92,18,90,18,78.5,16,80.5,17
50,48,432,14,444,16,429,15,414,15
50,49,205,11,200,11,217,11,220,12
50,50,83,16,87,16,75,16,80,16
50,51,41,9,42,9,47,9,44,9
50,52,118,22,109.5,22,117.5,22,120,21
50,53,96,18,88,18,89,17,78,17
50,54,22,3,21,3,21,2,31,4
50,55,20,6,22,6,19.5,5,20,5
50,56,59,9,51.5,8,63,8,65,8
50,57,73.5,8,59.5,8,75,8,63,7
50,58,50,9,43,9,37,9,42,9
50,59,31,8,33,7,31,7,27.5,7
50,60,158,5,153,5,139,6,143.5,6
50,61,377.5,13,366,14,355.5,14,362.5,16
50,62,238,16,243.5,16,256.5,15,256.5,16
50,63,99,13,101.5,13,103,13,101,14
50,64,1159,26,1075.5,25,1137,25,1190.5,22
50,65,88,9,92,9,95.5,9,88.5,9
50,66,78,15,73.5,14,74.5,15,70.5,14
50,67,51.5,12,45.5,11,26.5,10,30,10
50,68,49,11,40,11,41,11,41.5,11
50,69,25,6,20,6,16,6,15,6
50,70,30,7,26,7,23,6,19,7
50,71,25,9,28,10,28,10,32,8
50,72,17,5,17,5,16,5,18,5
50,73,28,8,29,9,28,8,27,8
50,74,16,6,12,5,14,5,15,5
50,75,60,13,60,13,52,13,41,11
50,76,36,9,39,8,40,9,37,8
50,77,289.5,15,296,16,285,15,271,16
50,78,231.5,17,218,16,216,17,223,17
50,79,93,16,107.5,15,110.5,15,101.5,16
50,80,128.5,9,134,10,144.5,10,138.5,10
50,81,668.5,17,673.5,17,661,17,671.5,17
50,82,13,3,14,3,12,3,12,3
50,84,29,3,21,3,25,3,24,3
50,85,54,10,54,10,55,10,49,10
50,86,61,6,53,6,54,6,54,6
50,87,5,1,5,1,2.5,1,,
50,88,,,1,1,1,1,1,1
50,90,418,25,407.5,23,312,22,417.5,23
50,91,47,7,45,7,48,5,44,6
50,92,10,4,12,4,11,3,11,5
50,93,37.5,2,40.5,2,45.5,2,44.5,2
50,94,9,1,9,1,19,1,18,1
50,95,142.5,9,146.5,9,144.5,9,146.5,10
50,96,67,7,61,7,48,6,53,7
50,97,31,8,34,8,32,7,35,8
50,99,32,5,31.5,5,29.5,5,27.5,5
50,100,40,9,39,8,45,9,39.5,9
50,101,77,10,74,9,75,10,70,11
50,102,185.5,13,189,12,187,16,195,15
50,103,2,1,,,2,1,2,1
50,104,469.5,14,442,15,438.5,16,418,15
50,105,,,,,2,1,2,1
50,106,351,12,351,11,357.5,11,355.5,10
50,107,474,11,468,11,472.5,10,470,11
50,108,296,12,291,12,292.5,10,302,11
50,109,771.5,13,765,13,738,12,781.5,12
50,110,988.5,31,966.5,33,973.5,30,965.5,28
50,111,199,15,191.5,16,180.5,16,177,14
50,112,577,34,601.5,34,582.5,33,608.5,32
50,113,102,19,98,19,89,21,82,17
50,114,396.5,45,388.5,44,358.5,45,346,44
50,115,100,19,98.5,18,97.5,16,80.5,15
50,116,153,43,141,44,130,45,97,39
50,117,416,41,416,43,419,44,373.5,41
50,118,132,18,121,18,119,18,82,16
50,119,134.5,30,133.5,29,127,29,109,28
50,120,110,33,107.5,35,97.5,35,90.5,34
50,121,417,30,427.5,31,414.5,30,415.5,29
50,122,300,37,321.5,35,313,33,298.5,33
50,123,13,5,13,5,13,5,10,4
50,124,91.5,24,94.5,24,94,24,91,24
50,125,49,15,46,15,40,15,42,15
50,126,111,26,109,25,120,27,104,26
50,127,214.5,28,225,28,213,29,201,28
51,0,113,20,115,20,117,22,109,24
51,1,117,28,106.5,28,116,27,105.5,27
51,2,276,35,285,33,262,36,279.5,38
51,3,28,10,30.5,10,21.5,9,21,10
51,4,115.5,16,109.5,14,96.5,13,83.5,15
51,5,55.5,15,52,13,56,14,57,14
51,6,36,13,31,12,27,12,40,14
51,7,46,17,42,16,36,16,33,14
51,8,26,7,27,7,24.5,7,23.5,7
51,9,36.5,10,34.5,10,38.5,12,28.5,10
51,10,42,11,43,10,45.5,12,42,12
51,11,240,21,234,22,225,20,245,18
51,12,79.5,13,85,13,83,12,93.5,14
51,13,47,9,42,10,49,11,53,11
51,14,59,13,58.5,13,56.5,13,57,13
51,15,14,3,13,3,9,3,8,3
51,16,305,21,293.5,20,286.5,20,288,20
51,17,100.5,14,99,14,89.5,13,91,13
51,18,74.5,11,71.5,10,74.5,10,67.5,9
51,19,213,17,234.5,18,232,19,219.5,19
51,20,1631.5,22,1662.5,21,1637.5,20,1646,21
51,21,2218.5,32,2213,30,2192,30,2232.5,30
51,22,3287,14,3284.5,14,3345,15,3344,14
51,23,393,19,381,18,382.5,17,381,16
51,24,1059.5,41,1095,40,1099,39,1144.5,36
51,25,256.5,9,249.5,8,254,9,248.5,11
51,26,582,29,580.5,30,585.5,28,569,30
51,27,79,9,86,11,95,10,80.5,10
51,28,366,23,367.5,22,366.5,21,387,21
51,29,614,26,614,26,661,26,689,25
51,31,40.5,5,39.5,5,38.5,6,40,6
51,32,354.5,15,329.5,15,343,17,351.5,15
51,33,833.5,21,827,22,804.5,22,812.5,23
51,34,245.5,16,258.5,18,242,18,265.5,18
51,35,159,21,164,21,176.5,21,179,21
51,36,131.5,10,127,11,120.5,11,117,11
51,37,122,13,118,12,121.5,13,128.5,13
51,38,155.5,21,141,21,147,21,159.5,19
51,39,205.5,9,180,9,186.5,11,199,10
51,40,148,14,145,14,139,15,133.5,14
51,41,294.5,18,292.5,18,295,18,275.5,18
51,42,129.5,9,115,9,126,8,127,9
51,43,158.5,19,161.5,21,166,22,163.5,21
51,44,47.5,10,48.5,9,42.5,9,41.5,9
51,45,249.5,30,266.5,33,244.5,27,221,28
51,46,67,13,67,13,73,15,64,14
51,47,170.5,18,169.5,16,175.5,18,183.5,17
51,48,802,17,772.5,18,758.5,17,762,14
51,50,13,3,14,3,19,3,19,3
51,51,11,2,11,2,7,1,10,2
51,52,11,3,12,3,9,3,6,3
51,53,129,13,126,12,121,12,125.5,12
51,54,54,7,55,7,53,6,52,7
51,55,83,17,86,17,75.5,17,68.5,17
51,56,54.5,9,38,9,47,9,38.5,10
51,57,85,13,86,13,85,12,81,11
51,58,24,3,25,3,26,3,24,3
51,59,35,7,25,7,33,7,39.5,8
51,60,36,9,37.5,7,44.5,8,43,8
51,61,41,7,48,8,42,7,45,7
51,62,141,13,139.5,13,133.5,13,134,13
51,63,233.5,21,222,20,212,19,211,19
51,64,112.5,16,119.5,16,97.5,14,94.5,15
51,65,70,7,72.5,6,65,6,53.5,6
51,66,175,11,186,11,170,12,165,12
51,67,63,13,58,12,51.5,12,41,11
51,68,304.5,22,316,22,306,22,294,22
51,69,9,5,11,5,8,3,17,5
51,70,44.5,7,41,7,42,7,39.5,7
51,71,144,17,137,17,127.5,16,124,16
51,72,452,20,446,20,436.5,19,411,22
51,73,27,8,23,8,24,7,22,8
51,74,9,3,8,2,8,2,7,2
51,75,35.5,8,32,9,32,10,29,9
51,76,30,9,33,9,28,9,30,9
51,77,134.5,22,127.5,22,124.5,21,123,21
51,78,74,12,77,10,70,13,62,11
51,79,82,10,78,10,65,9,85.5,9
51,80,83,9,77.5,10,83,9,68,10
51,81,56,4,54,4,54,4,57,4
51,82,222.5,15,213,13,221,14,207.5,14
51,83,5,2,5,1,6,2,6,2
51,84,11,2,14,2,12,2,12,2
51,85,4,1,4,1,4,1,4,1
51,86,43,6,45,5,50,5,42,4
51,87,90,15,95,13,94,12,98,14
51,88,216.5,18,222.5,16,199.5,16,216.5,17
51,89,90,8,82,6,87,8,88,8
51,90,379,18,348,19,338.5,18,347.5,19
51,91,3,1,3,1,,,2,1
51,92,168,15,163,15,154,16,162.5,15
51,93,6,3,6,3,5,2,7,3
51,94,24,9,24,10,23,10,19,10
51,95,219.5,19,213,19,224,18,211,19
51,96,8,2,9,3,5,2,4.5,2
51,97,155.5,18,151,18,139.5,18,157,18
51,98,83,16,80,16,75,16,75,14
51,99,147,19,147,19,132,20,142,20
51,100,121,15,128,17,131.5,16,124,16
51,101,95,12,99.5,12,94,12,90,12
51,102,13,5,14,5,13,5,9,5
51,103,264,22,273,22,261.5,24,291,24
51,104,15,5,15,5,12,4,11,4
51,105,1,1,1,1,1,1,,
51,106,193,8,195.5,8,201.5,7,195,6
51,107,64,8,67,8,79,8,77,8
51,108,492.5,16,471,17,443.5,17,448,15
51,109,239.5,16,235.5,16,248,16,247,16
51,110,4360,16,4343.5,18,4303.5,18,4248.5,19
51,111,4285.5,17,4252,16,4226,15,4329.5,15
51,112,271,13,259,13,264,13,246,12
51,113,291,45,313.5,48,308.5,47,291.5,49
51,114,133,25,130.5,24,119,26,125,25
51,115,47,15,40,15,40,14,47,14
51,116,96,28,85,26,89.5,27,65.5,19
51,117,1804.5,45,1776,44,1763.5,47,1564.5,39
51,118,1560.5,36,1524,37,1532.5,36,1307,33
51,119,292,44,282,46,270.5,43,192.5,43
51,120,95.5,28,85.5,24,84.5,26,69.5,24
51,121,53,13,55,12,64,11,52,11
51,122,115.5,31,103,30,107,32,105,31
51,123,73,25,68.5,23,68.5,24,70.5,24
51,124,59,16,61,15,60,15,45,15
51,125,89,23,84,22,83,22,75.5,20
51,126,55,15,60,16,59,17,42,17
51,127,167.5,12,186,12,183.5,13,167,11
52,0,147,28,132.5,27,143,30,142,31
52,1,81.5,25,79,23,77,18,78.5,20
52,2,130,28,134,32,129,33,125.5,31
52,3,55,22,65.5,22,60.5,21,75.5,23
52,4,45.5,15,43,14,41,13,42,13
52,5,16,7,19,8,16,7,15,8
52,6,41,15,49,17,43,15,41,14
52,7,29,10,26,10,28,10,24,11
52,8,85,14,84,14,75,12,84.5,10
52,9,33,12,37,12,37,12,37,12
52,10,97,17,101,16,98.5,16,106.5,16
52,11,272.5,19,281.5,19,261,18,266.5,16
52,12,166,25,148,25,161,27,168.5,27
52,13,53,14,48,13,45,13,51,13
52,14,14,4,21,4,14,4,13,4
52,15,99,14,100,16,91,16,92,16
52,16,63,9,62.5,9,64,8,70,8
52,17,123.5,16,129,16,136.5,17,139,17
52,18,434,29,437.5,31,459.5,30,433.5,29
52,19,585.5,36,586.5,34,592,34,598.5,35
52,20,234.5,12,239.5,12,257,11,243.5,13
52,21,1757,38,1774,36,1820,33,1778,34
52,22,4190,21,4238,21,4197,20,4224.5,21
52,23,868,35,900.5,34,894,33,898,36
52,24,597.5,23,590,23,604,23,604.5,23
52,25,212.5,12,206,12,204.5,13,201.5,12
52,26,98.5,8,96.5,7,98.5,5,101.5,7
52,27,225.5,17,230,18,222.5,19,228.5,18
52,28,110,10,109,11,103,11,114.5,11
52,29,254.5,14,276.5,13,271,14,268,14
52,30,128,10,130.5,9,128.5,10,119.5,10
52,31,,,3,2,3,2,3,2
52,32,152.5,14,153,13,140.5,13,145.5,13
52,33,656.5,19,636,18,662,20,688.5,20
52,34,276.5,21,267,20,278.5,24,273.5,20
52,35,113.5,11,100.5,11,102.5,11,107.5,11
52,36,167,17,157.5,16,178,17,190.5,17
52,37,70.5,7,72.5,8,69,6,64.5,7
52,38,54,6,52,6,54,6,48.5,6
52,39,21,3,18,3,9,4,8,3
52,40,57,10,55.5,8,52.5,7,59.5,10
52,41,70,5,75,6,70.5,6,79.5,6
52,42,85,11,81,11,85,11,87,11
52,43,228,24,223,23,222,24,225.5,24
52,44,80.5,13,84,13,83.5,13,87,14
52,45,80,10,89.5,10,81,9,74.5,9
52,46,127.5,18,133,18,123,18,127,18
52,47,168,29,152.5,29,140.5,28,166.5,29
52,48,109,13,111,14,106,12,100.5,12
52,49,91,19,90,18,104,19,115.5,19
52,50,101.5,12,89.5,13,86.5,12,98.5,11
52,51,7,4,9,3,12,3,12,3
52,52,42,8,40,9,45,10,41,10
52,53,42,6,48,6,44,6,53,6
52,54,59,9,55,9,57.5,9,56.5,9
52,55,68,12,59,12,63,12,67.5,11
52,56,116,9,119,9,142,9,133,9
52,57,135.5,9,126.5,10,114,10,117.5,9
52,58,29,4,31,5,28,5,21.5,5
52,59,136.5,20,124,20,131.5,21,140.5,21
52,60,89,16,90.5,15,82,14,70,13
52,61,83.5,15,83.5,15,78.5,16,79.5,16
52,62,165,21,160.5,20,152,20,161,20
52,63,28,5,19,4,21,5,19,4
52,64,69.5,9,70,9,71,8,67.5,8
52,65,70,11,63,11,60,10,55,10
52,66,318,20,333.5,21,343,21,351,21
52,67,61,12,68,12,66,12,72,13
52,68,14,6,13,4,20,6,21.5,7
52,69,4,2,5,3,6,3,6,3
52,70,40,9,36,9,44,10,39,9
52,71,324.5,18,300,17,306,17,302.5,17
52,72,305,20,321.5,20,302.5,21,281.5,19
52,73,26.5,9,21,8,19,7,21,8
52,74,56,12,53,11,50,11,59,12
52,75,44,14,42.5,15,47.5,16,44,14
52,76,41,9,38,9,37,9,36,8
52,77,111,10,115,10,108,10,113.5,10
52,78,4,2,3,2,8,2,8,2
52,79,13,2,12,2,12,2,14,2
52,80,156.5,10,157.5,10,156,11,162.5,12
52,82,44,8,42,8,37,8,36,8
52,83,57.5,5,50,6,45,6,45,6
52,84,100,6,106,6,107.5,6,106,6
52,85,92,9,90,9,83,9,93.5,9
52,86,204,19,197.5,18,204,20,210,19
52,88,43,8,45,8,42,8,40,8
52,89,18,5,17,5,13,3,11,3
52,90,101.5,11,104,12,115.5,11,116,11
52,91,159,19,152,20,144.5,20,145,21
52,92,8,2,7,2,5,2,5,2
52,93,72,12,71,12,70,13,71,13
52,95,111,11,107,11,109,11,105,11
52,96,203.5,12,200,12,195,9,206,9
52,97,24,4,23,2,27,3,28.5,3
52,98,4,1,5,1,5,1,4,1
52,99,5,1,3,1,3,1,,
52,100,216,19,204.5,19,214,19,221,19
52,101,77,15,78,16,84,16,76.5,14
52,102,20,2,15,2,18,2,19,2
52,103,3,1,2,1,2,1,2,1
52,104,152.5,15,152,15,153,15,152,15
52,105,121,6,109,6,107.5,7,111.5,7
52,106,797,23,805,24,779.5,23,742.5,23
52,107,973,19,934.5,19,943,18,878,19
52,108,1163.5,10,1153,10,1142.5,11,1130.5,10
52,109,1276.5,23,1241.5,23,1253,21,1280.5,21
52,110,5468.5,19,5456,22,5570,22,5497,21
52,111,6540.5,22,6562,22,6587,24,6691,24
52,112,1911.5,28,1884.5,29,1873.5,28,1943.5,29
52,113,49,9,44,9,44,8,46,8
52,114,214.5,29,203,29,202,28,199.5,30
52,115,98,30,95,30,99,29,111,29
52,116,142,39,132.5,38,135,40,129.5,40
52,117,448.5,40,454.5,38,453,37,396.5,37
52,118,665,29,674,28,665.5,32,578.5,31
52,119,102.5,30,99,29,81,29,74,26
52,120,104,30,110,31,112,32,97,30
52,121,423,22,406.5,23,393,23,343.5,23
52,122,124,31,111,30,122,29,114,29
52,123,425.5,24,371,26,375.5,26,349.5,23
52,124,34,12,35,12,36.5,12,34.5,11
52,125,99,20,99.5,19,91.5,19,75.5,19
52,126,819.5,37,797,37,786.5,39,713,38
52,127,324.5,39,332.5,38,319,39,320,39
53,0,128,27,126,28,116,26,112,27
53,1,51,14,52,15,55,16,60,17
53,2,104,31,102.5,30,91.5,27,99,30
53,3,57.5,19,53,19,48,19,59,19
53,4,36,16,28,13,31,14,28,12
53,5,45,20,51,19,45,18,51,20
53,6,43,14,40,13,32,9,35,10
53,7,79,14,69,12,63,11,72,12
53,8,30,10,25,9,24,10,28,10
53,9,19,6,17,6,17,7,20,7
53,10,21,8,20,8,22,8,21,8
53,11,495.5,28,456.5,28,454.5,28,472,28
53,12,116,19,129,19,133,16,122,16
53,13,49.5,9,53.5,9,50.5,10,50.5,10
53,14,5,2,4,2,4,2,2,2
53,15,773.5,35,746.5,35,747.5,35,766,36
53,16,88.5,13,96.5,13,90,12,86,12
53,17,36,5,25,5,24,4,28,5
53,18,753.5,39,744,41,742,41,717,42
53,19,683.5,38,680,39,674.5,37,677,38
53,20,410.5,27,405,28,378.5,28,421,28
53,21,1218.5,38,1214,37,1212,36,1220.5,37
53,22,969.5,19,960,20,939.5,21,939,20
53,23,868,29,869.5,29,847,26,839.5,27
53,24,834,27,836,28,842,27,849.5,26
53,25,673,25,704.5,24,676,24,668,25
53,26,241.5,17,272.5,16,273.5,16,267.5,16
53,27,200.5,15,186,15,188.5,14,195.5,14
53,28,147.5,17,165,17,166.5,16,162,16
53,29,168,10,172,11,164,11,170,10
53,30,351.5,19,347.5,19,347,19,389.5,20
53,31,212,9,209.5,9,200,11,213.5,9
53,32,274,13,272.5,14,284.5,15,292.5,15
53,33,94,13,83,13,70,12,68,13
53,34,219.5,23,213.5,24,218.5,24,230.5,23
53,35,59,6,55,6,50,5,52,6
53,36,22,7,22,7,23,7,21,7
53,37,10,3,12,3,12,3,11,3
53,38,166,18,162,18,162.5,18,157,17
53,39,94,8,105,10,100.5,9,93.5,10
53,40,130.5,9,133,9,118,8,127.5,8
53,41,951,18,960,18,983.5,18,926,17
53,42,1157,21,1167,21,1149,21,1234.5,19
53,43,166,15,171,15,172,15,176.5,15
53,44,100,11,103,11,109,9,104,9
53,45,25,5,26,5,29,6,29,6
53,46,133,19,125,19,128,19,113,20
53,47,166,12,135.5,12,141.5,13,153.5,13
53,48,106,11,101,11,102.5,11,111,10
53,49,26,5,28,5,31,5,28,5
53,50,109,7,107,7,106.5,7,98.5,7
53,51,180,17,181,16,187,19,197.5,17
53,52,455.5,20,448,20,445,20,414.5,20
53,53,65,10,56.5,11,50,11,52,11
53,54,1,1,,,,,,
53,55,73,6,74,6,73,6,70,7
53,56,12,5,15,5,12,5,11,4
53,57,38,8,41,8,42,9,41,9
53,58,20,6,20,6,18,6,16,6
53,59,17,5,12,5,13,5,9,4
53,61,34,3,38,3,39.5,3,40,4
53,62,13,5,12,5,16,4,16,4
53,63,35,6,37,6,41,7,39.5,7
53,64,1126.5,24,1153.5,24,1133.5,26,1132,26
53,65,194.5,18,197.5,17,200.5,18,199,16
53,66,43,11,43,11,39,11,38,10
53,67,10,6,10,6,8,5,7,4
53,68,4,1,4,1,4,1,5,1
53,69,55.5,9,54,9,53,9,55,10
53,70,43,12,47,13,41,11,49,13
53,71,64,18,58,18,61.5,18,59.5,17
53,72,109,21,104.5,21,100,20,98,21
53,73,14,5,14,5,8.5,4,9,5
53,74,191,22,212,23,217.5,23,192.5,23
53,75,1118.5,40,1096.5,40,1062.5,39,1093,40
53,76,8,2,8,2,15,3,13,3
53,77,897,25,913,27,897.5,27,908,28
53,79,7,2,6,2,6,2,6,2
53,80,104,9,103,9,91,9,95,10
53,81,263.5,18,267,19,258,19,259.5,18
53,82,217.5,17,217,16,215,15,230,16
53,84,5,1,3,1,4,1,4,1
53,85,19,5,16,5,13.5,4,12.5,5
53,86,22,4,21,4,24,4,20,4
53,87,19,3,22.5,3,19.5,2,23.5,2
53,88,22.5,2,20.5,2,19,2,14,2
53,89,43,8,38,7,37,7,34,6
53,90,8,3,9,4,14,4,12,4
53,91,17,3,15,3,16,3,20,3
53,92,10,4,8,3,10,4,11,4
53,93,11,4,12,4,12,4,8,3
53,94,131.5,12,126.5,12,122,12,134,9
53,95,152,9,154,8,147.5,9,144.5,9
53,96,19,4,20,5,16,4,20,5
53,97,26,7,28,7,26,7,28,7
53,98,15,3,13,2,14,2,18,3
53,99,51,7,52,7,48,7,45,7
53,100,163,10,166,10,168.5,9,162.5,10
53,101,8,2,7,2,8,2,7,2
53,102,335,20,355.5,18,360.5,18,384,19
53,103,32,9,26,8,26,8,29,8
53,104,21,4,27,4,27,5,23.5,5
53,105,339,22,324,22,326,20,310,20
53,106,80,2,87,2,90,2,91,2
53,108,312,9,304.5,8,298,8,274,8
53,109,58,11,49.5,11,51,10,48.5,9
53,110,848.5,30,859.5,30,805,28,781.5,27
53,111,713.5,59,726.5,60,722.5,60,723.5,58
53,112,174,28,170,29,165,29,173,29
53,113,98,13,90,13,101,14,91.5,14
53,114,1320,42,1351.5,42,1361,40,1359.5,39
53,115,503,34,493,34,462.5,34,457.5,33
53,116,96,22,88.5,20,85,22,78,21
53,117,164,28,165,29,168.5,29,160.5,26
53,118,430,47,431,48,422,48,406,44
53,119,51,15,55,14,52.5,17,41,15
53,120,41,15,37,14,42,15,34,11
53,121,104,34,112.5,35,105,35,78.5,29
53,122,66,14,67.5,14,66,14,57,13
53,123,142,23,140,21,128.5,19,129.5,21
53,124,140.5,21,144,22,157,23,144.5,20
53,125,268.5,31,270.5,31,269.5,31,256,29
53,126,1197,33,1202.5,32,1177.5,30,1094,34
53,127,2122.5,41,2062.5,41,2032.5,40,1884.5,42
54,0,108,32,103,32,107,30,104,29
54,1,148,22,157,24,155.5,23,159,22
54,2,60,16,56.5,16,55.5,18,63,21
54,3,36,15,36,14,28,12,30,14
54,4,111,21,114.5,20,107,19,112,18
54,5,28,10,27,9,27,10,25,10
54,6,75,27,69,25,78.5,25,84,25
54,7,54,15,54.5,16,61,17,62,18
54,8,83.5,14,85.5,13,83.5,14,81.5,13
54,9,48,18,40,17,39,15,37,15
54,10,88,14,93,14,78,13,82,13
54,11,72,16,78,17,76,17,64,18
54,12,51,16,50,17,45,16,45,16
54,13,164,25,169.5,26,151,25,155,25
54,14,116.5,14,131.5,15,129.5,16,123,15
54,15,214,16,217.5,15,196,16,197,16
54,16,61.5,12,56.5,12,68.5,13,61,12
54,17,331,23,331,23,326,22,312.5,21
54,18,179.5,28,183,25,173,26,178,28
54,19,114,22,113.5,21,113,22,114.5,22
54,20,151,17,157,17,161,16,147.5,16
54,21,2,1,,,,,,
54,22,965,35,960,36,949,35,939,34
54,23,557.5,18,593.5,19,601.5,17,607,16
54,24,565,25,568,24,602,24,543.5,24
54,25,1099.5,29,1107,28,1069,27,1059.5,27
54,26,213.5,16,216.5,16,217.5,16,212.5,17
54,27,134,13,132,13,135.5,14,132,13
54,28,162,16,155,16,146.5,15,143,16
54,29,28,4,30,4,33,4,30,4
54,30,35,3,42,3,33,3,41,3
54,31,160,12,147,11,140,11,147.5,11
54,32,145,14,136.5,14,140.5,14,123,14
54,33,19,4,20,4,28,4,24,4
54,34,132.5,22,131,22,141.5,21,141,21
54,35,351,24,332.5,24,314,21,335.5,24
54,36,185,17,173.5,17,178,19,179,19
54,37,49,8,52,8,42,7,47,7
54,38,27,5,26,5,27.5,4,25.5,4
54,39,439.5,22,440.5,22,427,21,437.5,21
54,40,153.5,18,159.5,19,150.5,19,158.5,19
54,41,472.5,35,475.5,36,460.5,33,482,34
54,42,858.5,19,884,19,825.5,19,834.5,16
54,44,366.5,35,358,33,366,36,372.5,36
54,45,147,22,154,23,129,21,139.5,21
54,46,177,21,170,21,168,21,172.5,21
54,47,125.5,12,132,12,130.5,12,138.5,12
54,48,139,19,140,19,142.5,18,139.5,20
54,49,126,18,131,17,127,19,121,18
54,50,35,6,32,6,37,6,35,6
54,51,218.5,29,241.5,27,238.5,27,216,27
54,52,131.5,19,120.5,19,121.5,19,118.5,18
54,53,127.5,11,121.5,11,116.5,13,103.5,10
54,54,151,17,148,16,166.5,17,161.5,17
54,55,56,10,59,10,64,9,57,9
54,56,353.5,20,390.5,20,436.5,20,382.5,20
54,57,229,15,222.5,15,231.5,15,198,16
54,58,111.5,21,111,21,113,19,107,19
54,59,31,8,29,8,32,8,34,8
54,60,60,10,57,10,62,8,58,9
54,61,15,5,14.5,5,13.5,5,13,5
54,62,69,5,63,6,60,6,62,7
54,63,116.5,16,108.5,15,112,14,117.5,15
54,64,488,12,512.5,11,512.5,12,488.5,12
54,65,287,18,258,18,241,16,248.5,16
54,66,66.5,5,64.5,4,66.5,5,63.5,5
54,67,13,4,12,4,11.5,3,12,5
54,68,63,10,54,10,46,10,46.5,10
54,69,72,16,70,16,75.5,16,74,16
54,70,461.5,21,454.5,21,442.5,20,443.5,19
54,71,32.5,8,35.5,8,40,8,43,8
54,72,21,7,18,7,17,7,13,6
54,73,16,5,15,5,16,5,16,5
54,74,13,5,17,5,19,5,20,4
54,75,85.5,20,77.5,20,77.5,20,64,18
54,76,255.5,14,261,14,250.5,13,232.5,11
54,77,4,2,4,2,4,2,4,2
54,78,684,24,665.5,23,620,22,649,22
54,79,102.5,10,104,10,106.5,10,98.5,10
54,80,412,11,398.5,11,390.5,10,392.5,11
54,82,40,7,37,7,35,6,33.5,8
54,83,99,12,100,12,98,11,96,11
54,84,232,20,225,20,235,21,219.5,21
54,85,44,9,39,9,35,8,40,9
54,86,44.5,6,42,6,37,5,47,5
54,87,138,10,142,8,141,9,143.5,9
54,88,1,1,1,1,1,1,1,1
54,89,182,17,182.5,15,170.5,17,189,16
54,90,25,6,24,6,23,5,26,5
54,91,252,9,237.5,9,241.5,10,242.5,11
54,92,6,2,5,2,5,2,6,2
54,93,18,6,17,6,11,5,15,6
54,94,117.5,13,112,14,106,14,111,12
54,95,186.5,9,188.5,9,161.5,7,148,7
54,96,130.5,16,116,17,113,15,112.5,15
54,97,60,8,58,8,58,9,55,9
54,98,45,11,44,11,43,10,38,9
54,99,280.5,18,286,18,288,17,286,17
54,100,421,17,414,17,441,16,441,15
54,101,23,4,24,4,24,4,22,4
54,102,85,14,100,15,107,14,101.5,14
54,103,18.5,4,14,4,19,5,13,4
54,104,215,22,194,21,189,22,176,22
54,105,16.5,3,18.5,3,17,3,14,3
54,108,62,5,53,4,51,6,52,5
54,109,534.5,25,509,24,471.5,22,466,22
54,110,374.5,26,338,25,361.5,25,347.5,24
54,111,180,39,193,40,198,41,198.5,42
54,112,8,2,9,3,7,2,8,3
54,113,126.5,29,131.5,28,108.5,26,107,25
54,114,362,43,348,41,361,41,356,39
54,115,604.5,49,617.5,49,606,49,625.5,48
54,116,512,24,495,25,485.5,24,436,24
54,117,139,30,124,30,135,31,123,30
54,118,707.5,48,699.5,48,707.5,49,624,52
54,119,30,11,26.5,12,21,12,20,11
54,120,27,10,33,11,34,11,32,11
54,121,49,11,53,12,60,11,58,10
54,122,84,20,79.5,22,84.5,22,80,24
54,123,42,16,38,16,41.5,14,37.5,15
54,124,140.5,28,157,28,156,27,168,28
54,125,117,27,123,26,109,26,116.5,27
54,126,38,10,35.5,12,32,11,34,10
54,127,240,16,241,14,229,14,218,13
55,0,60,10,54,10,46,9,50,9
55,1,136.5,21,144,20,136.5,20,127,22
55,2,51,15,47,15,47,16,53,18
55,3,351.5,39,357.5,39,328.5,36,341.5,40
55,4,116.5,29,109,28,106,27,111.5,28
55,5,40,15,38,15,34,17,33,14
55,6,35,12,34,12,32,11,32,10
55,7,48,14,44,14,47.5,14,49.5,14
55,8,82,20,71,19,71,20,77,21
55,9,26,9,23,9,21,10,15,7
55,10,60,7,63,7,61.5,8,58.5,7
55,11,68,18,71,18,60,17,66.5,19
55,12,44,15,49,15,52,16,54,17
55,13,33.5,9,31,9,31,8,37,10
55,14,4,2,4,2,4,2,4,2
55,15,96.5,10,95,10,99,11,99.5,12
55,16,136,14,136,14,127.5,14,141.5,13
55,17,541,38,589.5,37,594,37,588,40
55,18,429.5,27,430,28,436,27,450,27
55,19,146,15,140,15,126,15,134,14
55,20,60.5,8,60,8,63,8,59.5,8
55,21,694,30,689,31,680,30,709,31
55,22,37,5,37,5,39,5,35,4
55,23,20,4,17,3,17,4,17,5
55,24,446.5,13,453,12,443.5,13,445.5,12
55,27,19,2,15,2,18,2,17,2
55,29,349.5,18,353.5,18,356.5,17,338.5,17
55,30,149,15,164,14,167,14,180.5,14
55,31,324,20,329,17,302.5,17,309,18
55,32,57,9,58.5,9,64.5,9,67,10
55,33,102.5,7,103.5,7,91,7,94.5,7
55,34,64.5,12,64.5,13,63,13,68,13
55,35,90.5,10,99,10,96.5,10,95,10
55,36,92,12,87,11,79,12,100,12
55,37,151.5,20,148.5,22,145,21,146,20
55,38,117,14,110.5,14,109.5,14,111.5,16
55,39,108,11,120,11,116.5,11,114,10
55,40,171,16,182.5,16,162.5,16,177.5,17
55,41,122,12,119,12,117,13,114,15
55,42,29,9,30,8,38,11,36,10
55,43,304.5,24,289.5,26,305,24,317,24
55,44,117,14,126.5,14,116,14,127,14
55,45,128,20,130,19,135.5,20,130.5,20
55,46,134,19,126.5,17,139.5,18,135.5,19
55,47,222.5,26,227.5,26,222,26,202,26
55,48,207.5,18,206,19,201.5,18,196.5,18
55,49,61,10,56,10,57,9,62,10
55,50,96,14,82,14,79,14,85,15
55,51,42,14,41,14,37,11,35,11
55,52,40,7,40,7,40,7,43,8
55,53,197,19,201.5,18,193,18,201,19
55,54,68,10,67,10,65,9,66,10
55,55,61,8,63,9,82,11,59,10
55,56,415,26,391.5,24,439,20,392,27
55,57,1021.5,26,1040.5,25,1149.5,26,959,25
55,58,101,16,106,16,102.5,12,112,16
55,59,125,18,130,18,78.5,9,112,17
55,60,91.5,12,86.5,11,88.5,13,90,13
55,61,184,21,181.5,21,178.5,21,180.5,21
55,62,18.5,6,18.5,6,21,6,18,6
55,63,51,6,51,6,53,6,49,7
55,64,88,21,85,21,97,20,89,22
55,65,328,24,321,24,317.5,25,323,25
55,66,41,11,49,12,43,12,45,12
55,67,74,8,87.5,8,86,9,77.5,9
55,68,15,4,14,4,13,4,13,4
55,69,80,9,74.5,9,69.5,9,66.5,9
55,70,59.5,14,66,12,63.5,11,63.5,11
55,71,550,16,552,18,552,18,554.5,19
55,72,9,2,12,3,12,3,12,3
55,73,32,7,24.5,7,24,7,24.5,7
55,74,123.5,14,118,15,111,15,106,14
55,75,263.5,22,262,20,254,21,260,21
55,76,427.5,16,436,15,427,14,427,16
55,77,333.5,10,370.5,11,378.5,11,403,9
55,79,99,8,103.5,7,102.5,8,104,7
55,81,64,7,53,7,56,7,56,7
55,82,145.5,12,143,12,152.5,12,156,12
55,83,60,10,56,10,50.5,10,54.5,10
55,84,29,7,30.5,9,28.5,9,31.5,9
55,85,5.5,2,5.5,2,5.5,2,7,2
55,86,45,6,45,6,44,7,43,7
55,87,701.5,24,704,25,660.5,24,637,24
55,88,88,11,82.5,11,82,11,73,9
55,89,8,3,7,3,8,3,11,3
55,90,48,5,46,5,37,5,39.5,5
55,91,89,11,80.5,11,77.5,10,79,11
55,92,45.5,6,43,6,43,7,38,7
55,93,58,10,63,10,59,9,61,9
55,94,51,7,53,7,46,7,44,7
55,95,23,8,20,8,16,7,28,7
55,96,418.5,21,386,22,359.5,21,390.5,22
55,97,239,24,226,26,226.5,26,224.5,25
55,98,84,18,73,17,65,15,76,19
55,99,59,11,71,10,60,11,56.5,9
55,100,32,7,33,8,30,8,29,8
55,101,10,5,13,6,11,6,11,6
55,102,69,6,77.5,7,75.5,7,74.5,7
55,103,120,17,135,16,143,17,135.5,18
55,104,7,2,6,2,5,2,5,2
55,106,12,5,15,5,13,5,12,5
55,107,3,1,3,1,3,1,3,1
55,108,834,18,779,20,800.5,18,815.5,21
55,109,225.5,24,207,26,199,26,220.5,25
55,110,169,39,184.5,40,203,39,205.5,41
55,111,213.5,37,221,37,219.5,38,200,37
55,112,209.5,17,221,17,205,17,201,18
55,113,478,59,470,57,456.5,58,459.5,56
55,114,246.5,21,255,23,267,23,280,23
55,115,79.5,16,85.5,18,83.5,18,77.5,18
55,116,49.5,13,48.5,13,42,13,39.5,12
55,117,80,21,70,19,78,23,73.5,24
55,118,98,23,94,24,104,25,93,24
55,119,24,5,26,5,28,5,21,5
55,120,12,4,9,4,4,2,4,2
55,121,6,3,6,3,4,2,4,2
55,122,29,8,31,8,21,7,20,7
55,123,7,2,6,2,5,2,6,2
55,124,252,25,242,25,236.5,27,226.5,27
55,125,32,8,26,8,26,8,27,8
55,126,21,7,20,5,22,7,19,6
55,127,90,8,82,8,84,8,71,7
56,0,90.5,22,100,22,104.5,22,97,22
56,1,41,16,38,15,33,14,36,13
56,2,134,28,148,30,147.5,28,152,28
56,3,64,19,61.5,19,53.5,18,59,19
56,4,130,28,121.5,28,122.5,26,125.5,29
56,5,92,25,85,26,77,23,77,22
56,6,102.5,21,98.5,21,84.5,20,97.5,19
56,7,68,12,67,11,66.5,11,65.5,11
56,8,26,6,32,6,29,5,36,7
56,9,35,13,38,12,40,13,37,13
56,10,19.5,6,26,9,22,9,34,11
56,11,93,21,86,21,82,21,94,22
56,12,41,10,42,10,39,10,35,11
56,13,99,18,96,18,93,18,94.5,19
56,14,158,21,150.5,18,146.5,18,143.5,19
56,15,24,5,31,6,33,8,37,8
56,16,214,17,214,17,239.5,18,254.5,18
56,17,277,30,289,32,289.5,31,294.5,31
56,18,63,7,60,6,54,7,61,10
56,19,133,7,133,8,126.5,9,124.5,8
56,20,357.5,29,354.5,30,353,31,359,31
56,21,203.5,23,208,24,208,24,187,23
56,22,28,4,25,4,37,5,33,6
56,23,81.5,12,91,11,83,10,78.5,11
56,24,19,7,15,6,14,6,11,6
56,26,6,2,2,1,1,1,1,1
56,27,41,3,40,3,41,3,43,3
56,28,296,14,299.5,14,287,13,283.5,14
56,29,73,7,75,8,72,8,72,8
56,30,83.5,10,72.5,10,74,10,62,10
56,31,315,22,332.5,22,352.5,22,350,22
56,32,177,26,181,24,171,25,179.5,25
56,33,143,22,150,21,148.5,21,160.5,20
56,34,114.5,15,96.5,16,93.5,15,105,16
56,35,12,3,12,3,10,3,8,4
56,36,86,14,90,12,85,13,90,12
56,37,21,5,24,5,20,5,30,6
56,38,78,17,66,18,78,20,75,19
56,39,237,24,204,24,199,24,199,23
56,40,,,2,1,,,,
56,41,110,23,103,23,105,23,107,22
56,42,82,15,75.5,15,79.5,14,77.5,13
56,43,99,16,109,16,111,15,99,15
56,44,137.5,26,139,25,144,21,132.5,23
56,45,83,5,84,5,86,5,85.5,5
56,46,58.5,6,50,6,55,5,62,6
56,47,285,29,274,31,290,30,275.5,29
56,48,81,14,76,13,83,14,71,15
56,49,101,16,101,17,95,16,89.5,15
56,50,54,6,52,7,57.5,7,59.5,7
56,51,163.5,18,164.5,17,150,18,149.5,18
56,52,132,13,105,12,119,12,106,11
56,53,48,11,50,9,41,9,34,7
56,54,65,12,68,13,95,13,82,12
56,55,69,11,59,11,22,6,66,11
56,56,250.5,29,241,30,257.5,24,241,27
56,57,60.5,13,62,13,68.5,13,67,12
56,58,202.5,22,199.5,22,166,19,180.5,19
56,59,140,16,136,16,142.5,14,131,13
56,60,242,16,273,15,200,12,252.5,16
56,61,43,8,46,8,43.5,7,46.5,7
56,62,150.5,19,147,19,162.5,20,151,18
56,63,479,15,469.5,15,461,15,474,15
56,64,253,18,271.5,18,267.5,20,260.5,19
56,65,70,12,83,12,77,11,71,11
56,66,91.5,13,87.5,13,81,12,84.5,11
56,67,853.5,18,849,18,844,20,880.5,18
56,68,56,11,55,10,50,9,55.5,9
56,69,23,6,23,6,22,6,19,6
56,70,19,6,20,6,22,6,28,6
56,71,78.5,17,76,17,70,17,75,17
56,72,35,5,31,5,27,5,30.5,5
56,74,2,1,2,1,2,1,,
56,75,919.5,18,919,18,937,18,929,18
56,76,328.5,14,326.5,13,282,14,311.5,12
56,77,72,2,61,2,65.5,2,60.5,2
56,79,682.5,27,701.5,29,685.5,27,682,26
56,80,324.5,10,323,9,334.5,9,311,9
56,81,69,8,77,8,66,9,72,9
56,82,75,7,72,8,77,8,76.5,8
56,83,61,7,56,7,54,7,50,7
56,84,98,15,93,16,98.5,17,91,18
56,85,41,5,42,5,39,6,35,6
56,86,20,9,26,9,21,8,22,9
56,87,85,16,71,16,72,14,71,14
56,88,11,1,11,1,5,1,6,1
56,89,117.5,16,113,16,109,16,112,16
56,90,48,6,46,6,46,7,46,8
56,91,40,5,34,5,31,5,32,5
56,92,127,13,117,14,129,13,130.5,12
56,93,58,12,55,12,55,12,53,9
56,94,121,15,116,15,104.5,14,126,14
56,95,263,15,275,15,264,15,253.5,15
56,96,4185,22,4147,24,3991,25,3908,25
56,97,1020.5,23,1030,22,980,22,1006.5,22
56,98,151.5,15,151,15,137,15,144.5,15
56,99,19,4,18,4,19,4,18,4
56,100,207.5,20,217.5,18,225,16,210.5,18
56,101,430,13,421,12,428,13,450.5,12
56,102,91,6,85,6,84,6,81,6
56,103,354,21,380.5,21,346.5,19,338,19
56,104,105.5,19,94.5,18,105,19,99.5,19
56,105,19,3,25,4,29,5,31,6
56,106,961.5,20,982,20,931.5,20,948,19
56,107,104.5,14,90,13,88,13,97,14
56,108,349.5,18,343.5,18,332,18,334.5,18
56,109,920,40,905,41,915,39,967.5,40
56,110,270,39,271.5,39,263,40,279,39
56,111,42.5,10,43.5,10,49.5,9,37,9
56,112,1244,34,1186.5,34,1216,34,1195.5,34
56,113,578.5,35,589,34,539.5,34,534,33
56,114,149,25,166,26,148,25,164.5,23
56,115,32,8,29,8,22,6,21,7
56,116,25,5,27,7,32,7,38,7
56,117,100.5,24,105,23,117,24,119.5,24
56,118,184,37,166,36,169,35,175,34
56,119,8,3,10.5,4,13,5,12,5
56,120,30,13,33,14,29,13,24,10
56,121,156.5,31,155.5,35,161,36,179.5,35
56,122,199,25,207.5,24,188.5,20,163.5,21
56,123,2,1,2,1,2,1,1,1
56,124,7,2,6,1,6,2,4,1
56,125,12,3,14,3,13,3,12,3
56,126,23,7,20,6,24,7,20.5,6
56,127,35,14,41,15,32,13,34,15
57,0,102.5,20,112.5,20,121,22,115.5,21
57,1,38,9,35,8,21,8,26,8
57,2,20.5,7,22.5,6,18.5,6,17,6
57,3,19,7,24,9,21,7,21,7
57,4,14,5,14,6,16,6,12,5
57,5,30,10,30,9,28,7,29,9
57,6,20,6,22,6,31,7,35,7
57,7,26,7,27,7,22,5,21,5
57,8,44,13,49,14,51.5,13,50.5,14
57,9,24,9,26,10,26,10,21,9
57,10,94,23,86,23,90.5,23,101.5,23
57,11,131.5,10,125,11,126,11,119.5,10
57,12,35,14,31,14,39,14,35,15
57,13,55,9,50,9,53,9,49,9
57,14,36,6,40,7,37,6,38.5,7
57,16,15,2,15,2,16,3,24,3
57,17,196,23,187,23,190.5,24,202.5,24
57,18,59,6,52,7,54,8,53,8
57,19,244.5,24,248,24,248.5,25,247,25
57,20,421,28,422.5,28,421,27,429,28
57,21,434.5,22,433.5,23,428,23,430,22
57,22,175,25,177.5,23,178.5,23,169.5,24
57,23,257,20,266.5,20,253,22,243,21
57,24,78.5,13,80.5,13,74.5,13,67.5,13
57,25,468.5,34,472.5,35,483.5,34,491,34
57,26,401.5,27,403.5,27,401.5,25,397,24
57,27,418.5,27,428,30,413.5,28,424,27
57,28,389,18,395,18,419.5,20,419.5,19
57,29,181,17,177.5,17,187.5,15,172.5,15
57,30,154,23,152,24,153.5,22,148.5,24
57,31,120,12,120,13,116,13,119,13
57,32,46,5,43,5,45,5,41,5
57,33,74,12,79,12,78,13,87,14
57,34,83,11,74,11,80,13,94,13
57,35,18,4,18,4,18,4,16,4
57,36,62,22,62,22,58,22,66,21
57,37,40,11,44,11,37,10,43,11
57,38,52,13,52,12,48,11,42,10
57,39,55,9,58,8,54,8,62,11
57,40,4,2,3,2,2,1,4,2
57,41,36.5,7,35,7,40,7,42,7
57,42,72,12,67,12,73,13,83,13
57,43,28,5,27,5,24,5,21,5
57,44,193.5,28,174,27,174.5,25,172,25
57,45,55.5,15,59.5,15,62,13,60,13
57,46,234,25,227,26,210,25,210.5,26
57,47,138,16,130,15,120,15,120,15
57,48,400.5,26,373,27,373.5,28,366.5,27
57,49,151.5,16,147,16,138,15,141,13
57,50,82.5,16,85.5,16,81.5,15,79.5,15
57,51,195,16,176,15,196.5,15,175.5,15
57,52,94,19,84,18,87,16,90,17
57,53,13,2,13,2,9,3,5,2
57,54,133,21,138,19,140.5,20,137.5,20
57,55,65,9,73,9,53,8,54,9
57,56,141.5,21,135.5,21,166.5,21,127.5,21
57,57,179.5,19,182,19,125,17,157.5,19
57,58,173.5,19,179,18,106.5,13,176.5,18
57,59,369,19,349,18,348,19,333,16
57,60,256.5,20,294,19,266,21,257.5,20
57,61,55.5,7,56,7,54,7,56.5,7
57,62,111.5,8,118.5,9,120,9,128,10
57,63,223,20,211.5,20,208.5,18,218.5,21
57,64,275,19,286.5,18,272,19,265,17
57,65,396.5,17,371,18,318,19,342,17
57,66,132,6,133,6,136,5,136.5,5
57,67,100,8,98,6,92,8,84.5,7
57,68,6,3,12,4,14,4,15,4
57,69,5,2,5,2,5,2,5,2
57,70,229.5,12,239.5,12,227.5,11,217.5,11
57,71,364.5,15,378.5,15,368,15,369.5,16
57,72,251,17,252.5,16,259.5,15,254.5,15
57,73,20,3,24,3,24,3,26.5,3
57,75,1297.5,30,1285.5,31,1271,30,1265.5,30
57,76,831,5,841,5,816,7,789,7
57,77,761.5,15,787,14,752,17,762,14
57,78,139.5,7,153,7,162,8,166.5,8
57,79,300,11,297,11,305,12,326.5,11
57,80,442,12,423,13,408.5,11,402.5,11
57,81,35,9,36,9,41.5,9,38.5,8
57,82,306,16,290.5,15,282,16,272,15
57,83,48.5,8,52,8,54,8,52,8
57,84,15,6,18,5,15,6,21,6
57,85,84,6,84,6,81,5,86,5
57,86,35,5,33,5,30,5,29,5
57,87,40,8,42,8,43,9,42,10
57,88,31,5,32,5,27,6,25,6
57,89,109,20,100,20,109,20,106,19
57,90,2,1,2,1,2,1,,
57,91,5,2,2,1,1,1,1,1
57,92,91,6,100,5,107,4,107,4
57,93,321,16,288.5,16,283,15,298,15
57,94,131.5,14,135,14,132,14,123,14
57,95,5,2,5,2,4,2,4,2
57,96,204,27,209.5,27,210.5,26,234.5,28
57,97,96,15,83.5,13,73.5,10,75,11
57,98,158,14,149,14,157,13,175,14
57,99,77,19,76,18,69,17,64,18
57,100,106.5,11,105.5,9,104,9,95.5,10
57,101,35,9,43,10,44,9,39,9
57,102,31,10,34,11,33,13,31,12
57,103,68,16,66,16,70.5,18,63.5,18
57,104,39,14,42,13,40,14,39,14
57,105,21,2,21,2,21,2,20,2
57,106,51,10,46,10,50,10,54,10
57,107,181,14,174,12,171,15,166,13
57,108,248.5,25,229.5,22,227.5,21,231.5,21
57,109,263.5,36,260,37,238.5,37,241.5,38
57,110,140,28,144,28,147,28,145,27
57,111,54,12,61,12,51,12,53,13
57,112,690,44,667,44,692.5,41,668.5,41
57,113,528,16,530.5,16,490,16,492.5,17
57,114,30,5,27,5,31,5,35,5
57,115,34,10,31,9,27,7,26,7
57,116,40,10,42,11,42,12,50,11
57,117,261.5,13,250,13,237,12,242,15
57,118,511.5,40,545.5,40,532.5,39,495,39
57,119,36,10,26,9,27,9,25,9
57,120,36,11,37,11,31.5,10,27.5,11
57,121,112,27,126.5,26,127.5,28,107,28
57,122,232,27,217,28,214.5,29,189.5,29
57,123,5,1,4,1,4,1,3,1
57,124,14,3,10,4,12.5,4,11,5
57,125,36,12,36,14,34,12,33,10
57,126,144.5,13,138.5,13,135.5,13,131,13
57,127,41,12,40,11,36,12,33,12
58,0,19,9,15,8,16,9,16,9
58,1,52,16,48,16,49.5,16,43.5,16
58,2,15,3,20,5,19,4,19,4
58,3,41,8,49,10,42,9,53,9
58,4,301.5,31,294,31,276.5,29,253.5,31
58,5,47,18,48,18,38,17,39,18
58,6,42,8,44,8,35,8,37.5,9
58,7,75,15,69,15,70,16,91,16
58,8,18,8,16,7,19,7,20,8
58,9,48,9,38,8,45,9,44,9
58,10,53,11,53,11,55,13,51,11
58,11,51,15,47.5,15,50.5,16,49.5,16
58,12,41.5,10,34,8,33.5,9,42,10
58,13,22,4,23,4,23,4,23,4
58,14,173,22,168.5,22,158.5,20,179,23
58,15,4,1,4,1,4,1,6,1
58,16,159.5,18,157,19,146.5,18,147,18
58,17,21,5,21,5,20,5,18,5
58,18,137,16,124,16,122,15,122.5,14
58,19,207.5,25,196,25,187.5,25,192.5,25
58,20,288.5,17,287.5,17,296,17,302.5,16
58,21,79,10,76,11,82,12,72,11
58,22,77,11,91,12,76,11,78.5,11
58,23,196.5,22,180,22,194.5,23,178.5,23
58,24,407,23,427.5,23,441,23,442.5,23
58,25,1121,36,1084.5,35,1065.5,34,1057.5,35
58,26,379.5,31,384.5,30,385.5,31,378,32
58,27,242,24,253.5,24,255.5,22,256.5,24
58,28,65,5,72,5,72,6,67,6
58,29,105.5,19,91.5,19,96.5,21,94.5,18
58,30,105.5,30,130,31,138,29,147,28
58,31,10,1,11,1,11,1,11,1
58,32,112,15,110,15,119.5,14,117.5,14
58,33,7,2,6,2,7,2,6,2
58,34,53,14,59,15,64,16,67,17
58,35,44,9,34.5,9,23,8,31.5,8
58,36,11,3,9,3,6,3,7,3
58,37,84,17,74.5,17,76,17,92,19
58,38,15,4,16,4,15,3,14,3
58,39,263.5,27,242.5,27,240.5,27,253.5,28
58,40,114.5,18,120.5,22,113.5,19,119,20
58,41,18,4,17,4,12,4,14,4
58,42,107,19,120,19,124,22,126,23
58,43,9,2,8,2,13,2,13,2
58,44,42,11,40,11,43,12,49,12
58,45,134.5,15,141.5,17,128,18,126,17
58,46,68,11,68,12,68,10,58,11
58,47,1015,24,1019.5,26,955.5,24,966.5,23
58,48,1341,39,1329,42,1279,41,1219.5,41
58,49,169,14,166,15,175,14,157,15
58,50,66,7,65,7,64,7,55,7
58,51,51,10,52.5,10,53.5,10,56.5,11
58,52,53.5,10,60.5,10,56.5,10,44,9
58,53,57.5,7,55,6,50.5,7,44.5,7
58,54,28,10,28,10,32,10,31,9
58,55,85,15,93,15,64,12,83.5,14
58,56,36,8,32,8,39.5,8,30,8
58,57,89,13,88,13,96.5,11,80.5,13
58,58,53.5,9,49.5,8,53.5,8,53.5,8
58,59,184.5,21,202.5,20,209.5,22,212.5,21
58,60,80.5,16,86.5,16,85,16,84.5,15
58,61,92,13,87,13,77,14,74,13
58,62,122.5,15,125.5,14,141.5,15,133.5,15
58,63,806.5,25,800.5,25,791,27,802,25
58,64,81.5,10,89,10,95.5,10,102,10
58,65,177.5,12,163,12,172.5,12,175,14
58,66,81,10,94,11,96.5,10,91.5,9
58,67,204,18,209.5,18,193,19,202.5,18
58,68,17,7,38,9,57,10,43.5,9
58,69,47,6,50,6,47,5,42.5,5
58,70,189.5,8,187.5,8,170,8,210,10
58,71,141,16,145,16,147.5,17,149.5,16
58,72,169,7,212,7,213.5,5,202,5
58,73,25,3,25,3,23,3,20.5,3
58,74,1087.5,34,1090.5,34,1065,38,1076,37
58,75,176,17,187.5,17,193,17,186.5,18
58,77,136,5,177,4,207,4,197,4
58,78,368.5,10,379,10,368.5,10,369.5,10
58,79,117.5,2,110.5,2,114.5,2,116.5,2
58,80,92,12,82,11,82,10,86,12
58,81,182,14,186,14,183.5,13,182,12
58,82,49,8,47,8,40,8,38,7
58,83,1425,22,1457.5,21,1422.5,22,1393,21
58,84,675,21,640.5,22,637.5,20,653,21
58,85,284.5,27,261.5,27,279.5,27,272,28
58,86,65.5,16,65.5,18,66,17,65,17
58,87,26,7,22,7,24,7,20,7
58,88,147.5,14,146,13,135,16,138.5,15
58,89,136.5,17,133.5,18,144.5,19,146.5,19
58,90,9,4,9,4,11,5,12,5
58,91,93,9,89,10,89,10,84,10
58,93,39,10,42,10,40,10,42,10
58,94,116,16,117,16,109.5,15,113.5,14
58,95,163,13,155,13,139.5,13,131,12
58,96,91.5,13,89,13,89,13,86.5,13
58,97,390,20,378,20,370,19,390,18
58,98,131,18,126,17,118,17,120,17
58,99,6,1,10,2,7,2,7,2
58,100,62,12,57,12,55,11,62,12
58,101,48,13,52,14,50,13,45,14
58,102,22,6,23,6,25,6,25,5
58,103,213,20,201.5,20,213.5,22,204.5,21
58,104,1,1,1,1,3,1,3,1
58,105,43,9,38,9,40.5,9,42,9
58,106,195.5,31,191,30,208,32,188,31
58,107,34,7,25,6,18.5,6,18.5,6
58,108,205,22,205,23,209,22,206.5,23
58,109,142,27,150,26,163,29,162.5,29
58,110,122,25,125,26,116,25,129,25
58,111,150,22,147.5,20,144,22,143,22
58,112,443.5,50,445,51,456,51,481.5,49
58,113,106,16,100,15,100,15,104,15
58,114,63,7,63,7,62,7,60,7
58,115,348.5,21,369,20,379.5,19,361.5,21
58,116,8,2,8,2,8,2,6,2
58,117,559,29,576,27,576.5,26,611,26
58,118,422.5,29,407.5,30,403,29,384,29
58,119,61,17,59,17,62.5,17,55.5,17
58,120,7,2,7,2,8,2,8,3
58,121,33,11,32,10,27,11,25,9
58,122,32,8,27,8,27,8,28,6
58,123,10,5,11,5,14,5,14,6
58,124,105,10,101,11,108,11,108,11
58,125,160,10,159,11,182,10,149.5,9
58,126,72,18,66,17,67,17,64.5,20
58,127,10,3,10,3,7,2,9,3
59,0,130,17,133.5,18,124,19,129.5,18
59,1,45,12,54,13,51,12,51,13
59,2,91,14,91,17,91,14,100,14
59,3,44,10,42,11,34,10,36,11
59,4,65,12,61,11,54,10,52,11
59,5,64,15,63.5,13,61.5,16,66,16
59,6,53.5,16,48.5,14,44,15,43,15
59,7,100,17,99,18,97,17,102,17
59,8,542,26,527.5,24,535.5,29,577,26
59,9,155.5,22,153.5,21,145.5,22,135,22
59,10,22,5,21,5,19,4,18,5
59,11,88,19,82,18,77,17,83,17
59,12,10,3,10,3,9,3,9,3
59,13,36,7,35,7,35,6,32,7
59,14,19.5,7,25,8,41.5,11,36,11
59,15,37,10,37,10,36,10,39,10
59,16,45,10,47.5,10,38.5,8,43,12
59,17,25,7,22,7,21,7,20,7
59,18,209.5,29,200.5,28,187,27,159,26
59,19,56,7,53,9,53,9,58,8
59,20,74,7,73,7,76,6,74.5,6
59,21,330,24,333,24,320,23,322,23
59,22,122,20,109,20,122.5,24,140,23
59,23,44,8,44.5,8,40.5,7,41,8
59,24,438.5,23,438.5,26,442,26,435.5,27
59,25,2253,40,2283,41,2322.5,40,2234.5,42
59,26,351,25,347.5,25,351,25,350.5,27
59,27,69,7,64,7,66,7,63,7
59,28,9,2,8,2,8,2,10.5,2
59,29,149.5,21,152,22,143.5,21,141,20
59,30,66,14,67.5,13,61.5,12,52,12
59,31,1,1,,,,,,
59,32,26.5,2,25.5,2,25.5,2,22,2
59,33,48,10,46,9,47,11,44,11
59,34,84.5,17,73.5,18,74.5,17,65.5,16
59,35,45,12,44,12,35,12,41,11
59,36,65,16,62,17,56,17,62,17
59,37,46,10,52,11,44,11,49,12
59,38,63,14,65,14,59.5,15,60.5,15
59,39,69,19,61,19,62,19,68,19
59,40,27,5,19,5,22,4,21,4
59,41,69.5,14,71,14,70,16,71,15
59,42,34,8,40.5,9,33,8,36,8
59,43,44.5,13,46,15,47.5,15,50,15
59,44,32,10,28,9,32,11,35,11
59,45,213.5,25,190.5,26,201.5,26,202,25
59,46,17,5,15,4,15,5,14,5
59,47,77.5,13,78.5,13,73.5,14,70.5,14
59,48,629,35,634,33,624,32,567,33
59,49,69,8,66,9,68,9,63,8
59,50,152,17,141,17,153.5,18,144,18
59,51,119,12,122,13,137,13,129.5,15
59,52,47,9,52,9,55,10,56,10
59,53,51,13,50,13,55,14,47,14
59,54,285.5,14,272.5,14,256,13,248.5,15
59,55,87,13,87,13,76,13,78.5,13
59,56,130.5,14,123,16,131,14,129,13
59,57,84,13,90,14,87,15,87,15
59,58,43,9,36,8,30,7,34.5,8
59,59,4,1,5,1,5,1,5,1
59,60,,,7,1,6,1,2,1
59,61,35.5,7,32.5,8,29.5,7,30.5,6
59,62,96,13,101.5,11,104,10,85,10
59,63,1141.5,18,1155,18,1136,19,1136.5,20
59,64,1143,21,1177.5,20,1160.5,21,1194.5,20
59,65,218.5,18,243,17,225,16,202.5,18
59,66,7,3,7,3,6,2,6,2
59,67,37,8,34,8,37.5,8,39,7
59,68,27,7,27.5,7,27,7,20,7
59,69,2100.5,21,2067.5,19,2040.5,21,2068,22
59,70,354,21,423,19,481.5,19,541,18
59,71,35,9,29,8,25,8,25,8
59,72,25,3,26,3,18,2,27,3
59,73,675.5,19,663,18,650.5,19,674.5,18
59,74,328,23,308,23,293.5,21,280.5,21
59,75,1234.5,26,1267,24,1233.5,23,1259.5,25
59,76,513,10,507,10,509,10,490,10
59,77,802,23,807,24,759,23,841,22
59,78,642.5,11,622,11,671,12,612,12
59,79,751.5,20,696.5,20,729.5,24,715.5,23
59,80,37,6,34,6,32,6,27.5,6
59,81,125.5,16,126,14,109,14,101,14
59,82,161,15,168,16,150.5,17,164,16
59,83,55,7,54,7,51.5,7,48.5,7
59,84,86.5,20,77.5,19,77,19,82.5,21
59,85,52.5,9,53.5,9,52,9,49,10
59,86,90.5,12,90,11,95.5,11,109.5,11
59,87,69,13,73.5,12,74.5,13,79.5,14
59,88,19,5,15,5,13,4,21,4
59,89,7,1,7,1,6,1,5,1
59,90,21,6,21,6,20,6,14,4
59,91,11,2,10,2,9,2,10,3
59,92,14,5,10.5,5,14.5,6,14.5,6
59,93,156.5,22,161,22,163,23,163,22
59,94,111,14,119.5,14,117.5,12,112,11
59,95,56,10,46.5,11,43.5,9,42.5,9
59,96,146,17,147,18,152,18,144.5,18
59,97,67.5,8,66,7,69,7,75,7
59,98,14,5,14,5,17,7,16,6
59,99,15,4,16,4,14,5,20,5
59,100,40,12,37,12,38,12,35,12
59,101,54,9,51,9,51,9,53,9
59,102,30,8,28,7,24.5,7,26,8
59,103,87,17,92,16,98.5,16,99.5,17
59,104,117.5,15,113,15,123,15,136,15
59,105,244,26,235.5,25,245,24,227,24
59,106,32,2,35,1,34.5,2,35.5,2
59,107,392.5,20,356.5,18,350.5,20,359.5,20
59,108,179,24,176,24,183,24,173.5,24
59,109,807,40,786,38,777,37,759,38
59,110,120,28,126.5,27,118,28,115,30
59,111,287,21,316.5,22,293.5,22,291,23
59,112,140,19,137,19,150,21,135,19
59,113,41,9,42,10,42.5,10,46.5,9
59,114,7,3,11,3,13,4,12,4
59,115,2,1,2,1,3,1,3,1
59,116,3,1,2,1,2,1,2,1
59,117,644,35,608,35,624,33,627,32
59,118,87.5,24,90,24,87,21,86,20
59,119,14,3,6,2,14,3,16,3
59,120,7,5,8,4,6,4,8,5
59,121,60,19,54,18,56,18,63.5,20
59,122,37,13,34,14,36,13,34,13
59,123,37,13,39,13,39,13,44.5,13
59,124,77,21,87,21,86,22,80,22
59,125,61,16,66.5,15,60,15,67,16
59,126,47,13,52,15,40,12,43,13
59,127,6,3,9,4,9,4,3,2
60,0,59,15,56.5,14,54.5,12,58.5,14
60,1,24,7,28,10,26,10,28,10
60,2,71.5,23,80,23,73.5,22,76.5,25
60,3,67,14,67,15,67,14,68,13
60,4,32,7,23,7,24,7,27,7
60,5,32.5,8,32.5,8,31,7,43,9
60,6,13,5,14,5,17,5,11,4
60,7,15,4,14,4,16,4,15.5,5
60,8,56,15,52,14,52,13,58,14
60,9,47.5,12,49.5,14,51.5,13,47,14
60,10,23,6,21.5,5,18,5,18,5
60,11,52,12,54,14,55,15,55,12
60,12,29,9,26,9,24,8,23,8
60,13,13,6,16,7,8,5,13,5
60,14,26,7,29,9,27,9,29,9
60,15,20,6,23,6,23,7,25.5,7
60,16,21,6,21,5,17,5,24.5,7
60,17,389,26,381.5,26,399.5,27,404,26
60,18,109,12,101.5,12,104,12,101,12
60,19,72,13,65,11,63.5,12,60,12
60,20,53.5,7,50.5,8,47.5,8,46.5,8
60,21,223,22,216.5,21,219,22,220,20
60,22,495,27,475,28,470,27,485.5,26
60,23,216,28,207.5,30,192.5,31,190,31
60,24,426.5,31,442.5,30,451,30,452,31
60,25,273.5,26,279.5,27,272,27,281,27
60,26,230.5,17,236.5,17,214.5,18,202,17
60,27,368.5,27,369.5,26,390.5,26,374.5,24
60,28,103.5,19,98.5,19,96.5,18,100.5,18
60,29,41,9,37,9,39,9,38,9
60,30,38,7,35,8,31,7,27,8
60,31,,,,,1,1,2,1
60,33,117,18,127,20,127,21,125,22
60,34,76,13,74,13,74,13,76,13
60,35,141.5,19,129,19,138,17,132,16
60,36,31,10,32,11,32,11,27,11
60,37,56,13,52,14,54,15,48,15
60,38,80,18,80,18,71,18,71.5,17
60,39,52,14,61,16,57,15,57,15
60,40,53,12,51.5,13,53.5,14,54,14
60,41,22.5,3,27,3,27,4,20,4
60,42,104,21,100,22,99,19,107,19
60,43,57,17,68,17,70,16,61,15
60,44,11,4,11,4,11,4,8,4
60,45,8,4,8,4,8,4,8,4
60,46,19,5,22,6,21,6,22,6
60,47,48.5,9,44.5,9,41.5,10,33.5,10
60,48,80,14,83,14,79.5,14,71,14
60,49,35.5,8,34.5,8,35.5,9,28.5,9
60,50,15,3,14,3,14,3,12,3
60,51,117.5,15,108,15,96.5,14,104,13
60,52,28,7,24,7,22,7,25,6
60,53,65,11,73,13,78,12,78,12
60,54,33,8,32,9,30,8,33,8
60,55,82,12,73,12,70,13,74,12
60,56,22,5,23,5,25,5,17,5
60,57,505.5,22,487.5,22,461.5,21,449,22
60,58,25.5,6,26.5,7,24.5,6,20.5,6
60,59,24,4,26,4,28,4,28,4
60,60,14,6,13,6,18,7,17,6
60,61,123.5,14,128.5,15,129.5,16,117,16
60,62,234,10,241,10,246,9,253,9
60,63,286.5,17,302,15,289,16,272.5,16
60,64,162,14,153.5,13,153,13,145,13
60,65,125,13,131.5,13,132,13,123,12
60,66,329.5,26,304.5,28,315.5,27,290.5,28
60,67,98.5,9,98,9,94.5,8,95,8
60,68,340.5,29,398.5,30,432,27,419.5,25
60,69,1796,39,1769,41,1774.5,38,1729.5,36
60,70,543.5,21,571.5,21,588,22,576,21
60,71,1809,21,1831.5,21,1850,21,1873.5,22
60,72,268,18,264,18,258.5,19,256,20
60,73,1520.5,24,1555.5,21,1694.5,19,1770,17
60,74,414.5,17,381.5,16,379,16,410,17
60,75,731.5,13,772,11,766,11,776,11
60,76,213,11,235.5,11,265.5,11,296.5,11
60,77,1294.5,26,1315,24,1348,27,1378.5,21
60,78,1759,9,1803,11,1802.5,11,1793,12
60,79,617.5,13,610.5,12,611,12,607,11
60,80,200.5,17,198.5,17,187.5,17,180.5,17
60,81,54,12,55,12,55,11,60,11
60,82,261.5,22,257.5,22,252,20,246,21
60,83,125,27,126,26,128,27,124.5,28
60,84,38.5,10,42.5,10,42,10,33,9
60,85,39,12,41,12,40,13,40.5,13
60,86,2,1,2,1,2,1,2,1
60,87,95,10,101,9,88,8,87.5,9
60,88,24,8,22,8,16,7,19.5,8
60,89,9,3,16,4,13,3,14,4
60,90,268.5,13,262,14,259.5,14,245.5,13
60,91,360.5,21,391.5,23,379,22,406,21
60,92,81,18,87.5,18,82,19,78,15
60,93,21,5,19,5,18,5,21,4
60,94,37,6,23,6,29,6,25,6
60,95,149,15,133,15,144,17,135.5,16
60,96,36,4,34,5,37,5,34,5
60,97,78,14,81,14,83,14,73,13
60,98,107,17,100,16,116,17,97,16
60,99,65,10,73,11,73.5,11,64.5,10
60,100,387.5,28,377,29,346,31,384.5,31
60,101,107,16,105,16,117,17,110,17
60,102,28,10,29,10,30,10,29,9
60,103,295,19,284.5,19,283.5,19,275.5,19
60,104,61,13,53,13,64,13,63,14
60,105,13,3,11,3,7,3,13,3
60,106,301.5,22,297,21,265,23,268.5,23
60,107,765.5,22,830,20,825,20,862,19
60,108,55,9,56,9,51,9,53,10
60,109,330.5,30,321.5,29,327.5,30,302.5,30
60,110,89.5,18,89,18,94.5,19,102,20
60,111,194,22,181,22,191,22,183.5,20
60,112,171,21,183,22,172,22,170,22
60,113,3,1,3,1,3,1,3,1
60,114,48,7,53,9,50,9,50,9
60,115,,,,,,,1,1
60,116,27,7,28,8,32,9,21,7
60,117,62,14,63,15,69,14,66,15
60,118,67.5,19,69,21,70,21,67,21
60,119,15,5,22,7,19,6,22,7
60,120,27,6,28,6,27,6,21,6
60,121,27,9,24,10,34,11,26,10
60,122,94,28,92,29,82,27,79,28
60,123,31,8,28,8,31,10,24,9
60,124,209,23,199.5,23,199.5,20,187.5,24
60,125,68,17,64,16,59,16,55,17
60,126,13,6,10,5,14,7,16,7
60,127,12,3,12,3,7,3,7,3
61,0,47.5,9,49.5,10,47.5,10,49.5,10
61,1,153,17,155,17,151.5,18,166.5,19
61,2,32,8,30,8,29.5,8,34.5,9
61,3,42,9,43,9,38,9,38,9
61,4,59,11,52.5,11,45.5,10,41.5,10
61,5,99,23,104,18,101,19,96,19
61,6,30,6,30,6,25,6,27.5,6
61,7,191.5,18,198,18,177,17,165,17
61,8,34,10,38,12,39,11,42,11
61,9,63,11,60,10,54,10,45,11
61,10,19,7,27,9,23,9,23,10
61,11,62,10,57,12,58,10,66,11
61,12,15,7,14,7,14,5,18,5
61,13,25,5,27,6,22,7,29,7
61,14,62,18,67,18,65,18,62,18
61,15,25,4,30,5,24,5,27,5
61,16,26,8,33,9,28,8,20,7
61,17,147,25,129,23,130,24,114,24
61,18,44.5,10,37.5,10,36,9,39,9
61,19,8,4,5,3,5,2,6,2
61,20,203.5,20,210,21,218,21,202,21
61,21,114,23,122.5,23,104.5,21,97,21
61,22,105,12,108.5,12,114,11,105.5,11
61,23,28,7,31,7,29,7,28,7
61,24,85,11,87.5,12,75,12,77,12
61,25,159,15,154.5,15,142.5,15,145.5,15
61,26,180,21,169,20,177,21,196,22
61,27,114.5,7,127,7,123.5,6,116,6
61,28,213,24,216,23,220.5,25,219,25
61,29,463.5,26,479.5,25,488.5,26,485.5,25
61,30,244,26,237.5,25,233,24,236,24
61,31,5,2,7,2,5,2,1,1
61,32,119,10,129,10,116.5,10,113.5,11
61,33,80,14,72,14,79,14,78,14
61,34,44,9,38,10,35,10,40,8
61,35,71,17,71,17,64,18,61,18
61,36,34,9,38,9,38,9,32,9
61,37,41,8,44,7,43.5,8,47,7
61,38,415.5,30,413.5,29,383,29,384,32
61,39,286,24,265.5,23,277,23,270,22
61,40,32,11,22,10,25,11,19,10
61,41,31,10,32,10,22,9,20,9
61,42,9,4,9,4,12,5,12,4
61,43,53,10,56,11,53,11,50,11
61,44,6,2,5,1,4,1,4,1
61,45,57.5,14,53,14,44,13,47,13
61,46,12,4,12,4,11,5,15,5
61,47,29,10,26,10,22,9,25,9
61,48,64,13,55,13,52,13,52,13
61,49,21,7,17,5,16,4,19,5
61,50,9,3,10,3,8,3,8,3
61,51,192.5,18,183,16,174,16,195,18
61,52,45,11,43,10,39,12,42,12
61,53,62,10,56,9,49,10,51,11
61,54,59,11,53,11,56,12,55,12
61,55,426,21,418,22,407,21,379.5,22
61,56,59,11,58,11,55,11,59,11
61,57,25,2,27,2,26,2,25,2
61,58,44,11,38,10,43,11,42,12
61,59,120.5,15,118.5,15,112,16,114,16
61,60,17,5,20,6,22.5,6,20.5,6
61,61,144,9,132.5,8,119,7,139,8
61,62,115.5,18,119,19,118,20,117,20
61,63,107,11,99,11,100.5,12,103.5,12
61,64,415.5,19,449,19,444.5,18,428,19
61,65,171,24,161,24,153,22,176.5,25
61,66,1394,17,1411.5,17,1369.5,15,1336.5,16
61,67,912.5,23,889,23,876.5,19,918,20
61,68,769.5,26,777,26,757,24,763.5,24
61,69,230.5,15,260,16,251.5,13,236.5,14
61,70,2243.5,26,2343.5,26,2355.5,22,2359.5,24
61,71,2512.5,38,2618,37,2675,33,2620,33
61,72,110.5,13,133.5,14,154.5,13,169.5,12
61,73,1185.5,15,1198,15,1185.5,16,1206.5,16
61,74,762,24,799,25,831,22,881.5,23
61,75,16,2,12,2,14,2,14,2
61,76,117.5,16,111.5,15,111,15,102,14
61,77,569,5,546,6,554.5,6,567,6
61,78,656.5,13,671,13,664,14,667,14
61,79,595,23,657.5,23,776.5,21,807.5,22
61,80,234.5,12,230,13,235,13,248.5,13
61,81,55.5,8,51.5,7,51.5,7,56.5,7
61,82,6,3,4,2,9,3,9,3
61,83,167,20,167,21,155.5,21,140,21
61,84,50,9,53,9,50,9,45,10
61,85,21,7,20,7,17,7,19,7
61,86,23,7,25,7,23,7,28,7
61,87,9,4,9,3,5,3,7,3
61,88,28,8,32,8,33,8,33,9
61,89,37,9,40,9,35,8,40,7
61,90,86,23,93,22,89,22,90,22
61,91,109,23,100,23,102,21,103,21
61,92,33,8,39,9,33,9,39,10
61,93,28,5,20,4,21,5,20,5
61,94,68,12,70,12,76,12,81,11
61,95,77.5,15,78.5,15,75.5,16,73.5,16
61,96,87,8,88,8,79,9,76,9
61,97,28,7,35,7,34,6,38,5
61,98,14.5,5,10.5,3,13.5,4,14.5,4
61,99,141,15,135.5,15,130,15,130.5,15
61,100,48,6,48,7,53,7,47,7
61,101,42,9,48,11,48.5,12,52.5,11
61,102,71,15,63,16,56,15,53,15
61,103,438.5,33,452,34,431,37,445.5,38
61,104,160,11,154,12,136,10,142,11
61,105,311,27,302.5,27,289.5,28,283.5,26
61,106,1722,24,1757.5,22,1754,21,1806,21
61,107,1339,19,1367,18,1489,16,1519,16
61,108,74,8,71.5,9,74,9,70,8
61,109,440,32,456.5,34,475,35,478.5,35
61,110,203.5,9,182,8,103,10,117,11
61,111,2456,38,2424.5,37,2420.5,39,2424.5,40
61,112,94,13,102.5,14,96,13,99,14
61,113,8,4,9,4,7,4,6,3
61,114,15,6,12.5,6,14,7,12,6
61,117,149,29,145,28,141,28,133,29
61,118,72,18,66,17,54,14,46,14
61,119,85.5,25,82,22,69,20,68.5,21
61,120,52,15,49,12,47,13,57,15
61,121,144,27,132.5,28,132.5,28,110.5,28
61,122,51,14,39,14,39,14,42,15
61,123,171.5,28,155,28,153,28,155.5,27
61,124,1218,25,1231.5,24,1203.5,25,1128,23
61,125,48,15,40,14,36,14,38,14
61,126,16,6,17,6,16,6,17,7
61,127,22.5,7,18.5,7,16,6,17,6
62,0,98.5,24,98.5,24,99,22,103.5,22
62,1,24.5,9,25,8,23,8,24,8
62,2,152.5,21,151,21,160,20,153,20
62,3,41,8,52,8,47,8,51,8
62,4,2,1,5,2,6,2,6,2
62,5,35.5,9,34,8,36,10,40,10
62,6,97.5,12,95.5,12,86.5,12,97,13
62,7,72.5,15,62,11,67,14,63,14
62,8,4,1,4,1,4,1,3,1
62,9,8,3,7,3,5,3,7,3
62,10,13,6,12.5,5,10.5,5,8,5
62,11,32,7,30,7,31,7,30,6
62,12,38,6,37,4,37,5,36.5,5
62,13,60,15,59,15,57,15,47,15
62,14,39,8,35,8,40,9,38,9
62,15,47,11,40,11,38,12,38,12
62,16,85.5,18,86.5,17,89.5,19,89,18
62,17,20,4,20,4,17,2,21,5
62,18,48,9,46,9,45,9,43,9
62,19,75,14,72,13,73,13,65,12
62,20,763,36,762.5,35,794,36,755,37
62,21,84,13,79,13,87,14,83.5,14
62,22,84,12,92,12,84,15,84,14
62,23,52,12,59,12,54,13,59,14
62,24,132,15,130,15,111,15,110.5,15
62,25,121,22,116,21,109,23,124,25
62,26,278.5,16,287,18,294,17,287.5,17
62,27,77,14,58,14,70.5,14,59.5,14
62,28,208,22,230,23,221,25,249,23
62,29,1421.5,31,1366,31,1375.5,31,1423.5,29
62,30,377.5,30,378.5,32,386.5,31,376,32
62,31,170.5,19,164.5,18,154.5,20,138,20
62,32,54,13,52,13,56,14,56,13
62,33,69,15,74,15,71,16,82,17
62,34,50.5,13,56.5,13,61.5,13,64.5,12
62,35,74,10,74,10,63.5,10,57,11
62,36,87.5,16,88,15,71,14,82,16
62,37,67,14,61,15,57,14,57,15
62,38,57,11,53,12,41,11,41.5,9
62,39,76,17,75,17,80,18,75.5,17
62,40,30,6,34,6,32,6,34,6
62,41,26,9,35,11,30,11,34,10
62,42,19,6,22,6,20,6,19,6
62,43,36,7,33,7,37,7,39,7
62,44,39,10,36,10,35,11,40,11
62,45,55.5,12,54,12,46,12,40,12
62,46,49,7,43,7,41,6,45,7
62,47,851.5,33,854,33,841,34,780,33
62,48,30,7,30,7,27,6,24.5,7
62,49,125,17,126,18,119,18,120,17
62,50,40,11,44,11,39,12,33,11
62,51,51.5,11,47.5,11,48.5,12,49,12
62,52,84,11,79.5,12,84,12,82,12
62,53,48,9,39.5,10,41,9,46.5,10
62,54,57,12,59,12,59,12,71,12
62,55,23,7,15,6,21,7,23,7
62,56,26,8,24,7,22,6,22,6
62,57,26,5,24,5,22,5,16,4
62,58,76,16,74,16,78.5,15,74.5,16
62,59,36,5,33,6,32,4,32,4
62,60,12,3,13,3,12,3,13,3
62,61,189,14,197,12,193.5,12,182.5,13
62,62,88.5,12,94.5,12,89,12,97,13
62,63,8,1,8,1,7,1,7,1
62,64,321,8,331.5,7,333,6,356,5
62,65,26,8,24,8,28,8,24,8
62,66,234,15,233.5,14,223.5,14,231.5,11
62,67,719,15,747.5,15,809.5,14,836,15
62,68,2533,34,2529.5,34,2498,33,2497,30
62,69,434.5,21,434,21,414,22,411,22
62,70,4269,22,4278.5,22,4281.5,22,4140,23
62,71,9890.5,21,10127,19,10140.5,17,10222.5,16
62,72,6442,12,6482,12,6521,15,6433,16
62,73,796,20,796.5,16,802.5,17,725,16
62,74,3840.5,24,3921.5,22,3834.5,22,3705.5,20
62,75,87,7,87.5,7,88.5,7,77.5,6
62,76,1779.5,14,1816.5,14,1807.5,13,1809,13
62,77,258.5,9,241.5,10,252.5,9,252,9
62,78,410.5,21,428,21,385,20,387.5,20
62,79,346,28,314,27,316,27,328.5,29
62,80,781.5,22,776.5,23,790,22,778,23
62,81,172.5,15,172.5,17,179,18,189,17
62,82,33,10,38,11,41,12,34,11
62,83,28,7,30,7,24,6,24,7
62,84,61,17,49,16,55,17,58.5,18
62,85,74,15,82,15,82,15,81.5,15
62,86,190.5,17,192.5,18,188.5,18,183.5,17
62,87,51,9,53,10,43,11,42,11
62,88,106.5,18,110.5,19,117,20,116.5,20
62,89,253.5,29,242,31,218.5,31,211,29
62,90,25,11,25,11,27,10,24,9
62,91,45,13,56,13,60,14,48,13
62,92,34,11,33,10,39,11,36,11
62,93,17,6,18,6,16,6,14,5
62,94,75,14,74,14,67,13,65.5,13
62,95,47,7,36,7,31,6,29,6
62,96,219,14,213,13,202,15,210,15
62,97,41,7,35,7,40,7,37,7
62,98,116,16,117.5,17,115.5,17,118,17
62,99,8,4,7,4,4,3,4,3
62,100,72,11,66,11,54.5,10,58.5,11
62,101,243.5,23,242,23,232.5,23,226,23
62,102,56,13,59,13,46,12,55,13
62,103,192,34,191,32,192,33,187,34
62,104,79.5,14,76,14,76,14,78,13
62,105,480,23,507,22,456.5,20,451.5,22
62,106,369,14,376,13,377.5,13,372,14
62,107,191,9,179,9,172.5,10,177,10
62,108,312.5,18,304.5,20,301.5,20,292.5,20
62,109,426,45,406,49,418,46,431.5,47
62,110,81.5,12,68,12,82,11,77,11
62,111,857,50,849,47,864.5,50,867.5,49
62,112,457,38,434.5,37,440,41,441,41
62,113,99,21,93,21,91.5,21,88,18
62,114,34,12,35.5,12,33,10,26,9
62,115,4,1,4,1,4,2,2,1
62,116,1,1,1,1,1,1,1,1
62,117,56,15,67,16,63,14,60.5,15
62,118,79,22,74,23,60,21,60,21
62,119,389,30,381,30,350,28,345,29
62,120,134,17,130,16,133.5,17,123.5,16
62,121,84,18,87.5,16,80,16,74,16
62,122,100.5,18,113,18,90.5,18,81,17
62,123,30,8,24,7,28,8,22,7
62,124,36,10,34,10,37,10,35,10
62,125,174,31,188,34,173,30,156,31
62,126,22,8,23,7,21,9,25,9
62,127,37,13,34,12,30,12,30,12
63,0,76,17,62.5,16,66,15,64,14
63,1,219,27,249,29,247,27,270.5,28
63,2,73,14,73.5,13,72.5,13,68.5,15
63,3,27,10,34,10,32,10,33,11
63,4,51.5,9,52.5,9,46.5,10,53,12
63,5,39,7,43,7,37,6,43,9
63,6,48,11,54,11,49,11,53,11
63,7,7,2,5,2,5,2,4,2
63,8,40,10,38,10,35,11,34,11
63,9,46,12,45,12,43,12,38,12
63,10,53,9,46,10,53.5,9,55,11
63,11,40.5,11,46.5,13,45.5,13,42,12
63,12,41,11,41,11,38,11,38,11
63,13,52,11,46,12,44,12,44,12
63,14,24,5,22.5,5,25.5,5,26.5,4
63,15,96,18,87,19,83,18,84,17
63,16,197.5,28,182.5,27,168,26,158.5,26
63,17,71,15,84,16,77,17,80,17
63,18,8,3,10,3,9,3,8,3
63,19,142,20,140,18,151.5,21,138,22
63,20,618,24,603,24,615,22,583.5,23
63,21,129,23,123,23,118,22,129.5,21
63,22,71.5,15,77,16,75,16,73,16
63,23,92,15,93.5,15,94.5,15,95,16
63,24,50,14,45.5,13,38.5,13,39.5,12
63,25,17,7,16,7,17,7,14,6
63,26,13,4,13,4,14,4,7,2
63,27,243,27,253.5,26,259,25,249.5,24
63,28,96,17,80,18,86,17,73,16
63,29,60.5,19,62.5,19,47,17,50,17
63,30,103,14,104.5,15,112,16,105,16
63,32,125,20,134,20,125,19,137.5,19
63,33,649.5,30,648,31,616,31,612.5,30
63,34,12,2,13,2,15,3,16,4
63,35,182.5,28,188.5,28,172.5,27,161,26
63,36,104,13,95,13,89,14,101,14
63,37,19,9,27,10,20.5,11,26,11
63,38,72,11,69,13,65,11,60.5,11
63,39,52,14,54,13,51,14,52,14
63,40,56,13,58,13,53,11,54,11
63,41,129.5,26,139.5,28,144,27,131.5,28
63,42,43,18,41,17,39,15,39,16
63,43,116.5,23,113,23,99,21,107,20
63,44,25,6,25,8,26,8,21,6
63,45,18,4,19,4,10,3,7,3
63,46,22,8,18,8,12,6,13,6
63,47,39,7,32,7,40,7,37,7
63,48,26,5,25,5,20,5,18,4
63,49,10,5,9,4,10,4,11,5
63,50,33,12,38,13,46,15,48,15
63,51,62,9,56,9,59,10,68,10
63,52,32,5,32,6,26,6,29,6
63,53,130,19,120,19,124.5,19,125.5,18
63,54,48,11,44,11,39,11,37,11
63,55,4,1,4,1,4,1,4,1
63,56,50,11,44,11,49,10,41,10
63,57,170.5,15,161.5,15,162,15,143,14
63,58,155,22,161,21,155,23,158.5,23
63,59,384,15,372,14,378,13,383.5,13
63,60,64.5,7,64.5,7,58.5,7,52.5,7
63,61,36,8,34,8,41,8,47,10
63,62,22.5,5,27,6,25,6,26,6
63,63,83.5,12,80.5,11,75.5,11,69,11
63,64,1583.5,16,1576,16,1562.5,15,1508.5,17
63,65,185.5,8,179.5,8,192,9,187.5,10
63,66,1405.5,22,1457.5,20,1476.5,20,1533,19
63,67,873,6,888,6,918.5,6,910.5,4
63,68,420.5,8,437,7,402.5,6,437.5,7
63,69,331,21,314,22,314.5,20,324.5,18
63,70,5050,51,5044,46,5049.5,45,5182,46
63,71,16051.5,2,16325,2,16322,4,16096.5,2
63,72,14675,12,14827.5,11,14627.5,11,14036,12
63,73,1104,20,1080.5,21,1053.5,19,1045.5,20
63,74,957,31,945,30,934.5,32,933,28
63,75,207.5,13,175.5,13,199,13,177,12
63,76,715.5,10,712.5,10,722.5,10,721.5,10
63,77,2,1,2,1,6,2,4,1
63,78,21,5,20,5,23,5,22,5
63,79,169,24,151,24,146,22,134.5,21
63,80,545.5,29,546.5,29,567.5,32,565.5,32
63,81,246,22,251.5,23,258,24,266,25
63,82,171,21,180.5,21,173.5,19,167,20
63,83,197.5,28,213,27,205,26,221.5,28
63,84,708.5,37,730,38,696.5,37,701.5,36
63,85,664.5,32,676,32,688.5,32,665,32
63,86,39.5,6,43,6,45.5,6,41.5,6
63,87,90,11,87,11,92,11,98.5,12
63,88,95,12,95.5,12,102,11,97,11
63,89,6,2,2,1,6,2,5,2
63,91,13,2,12,2,16,4,16,4
63,92,15,8,12,6,17.5,8,15,7
63,93,45,11,45,11,41,11,46,11
63,94,120.5,16,129.5,15,125.5,15,123,15
63,95,225.5,18,215,19,225,19,228,19
63,96,25,4,21,4,18,4,17,4
63,97,23,7,16.5,5,17,6,17,6
63,98,15,7,12,6,17,8,17,8
63,99,61,16,64,17,64,16,55,17
63,100,51,13,43,13,49,13,54,13
63,101,124.5,18,134.5,18,124.5,19,132,17
63,102,39,7,49,7,50,8,47,8
63,103,736,41,751,39,775.5,42,809.5,43
63,104,3613.5,24,3603.5,26,3605,23,3536,21
63,105,1161,22,1175.5,23,1179,20,1248.5,21
63,106,181,20,187,21,176,19,196.5,19
63,107,243.5,27,253.5,27,244.5,25,260.5,25
63,108,53.5,14,54.5,14,55,14,62,15
63,109,470,47,471.5,46,467.5,46,453,47
63,110,302,18,292.5,18,287.5,16,293,16
63,111,938.5,43,961.5,43,957.5,38,970,39
63,112,336,29,310,30,301.5,30,301.5,29
63,113,10,4,10,4,14,4,16,4
63,114,11,5,10,4,11,5,9,5
63,115,78.5,18,88,18,88,18,83,19
63,116,25,5,31,6,28,6,28,5
63,117,217,22,221,24,205,24,193.5,24
63,118,38,11,36,12,43,14,35.5,14
63,119,2.5,2,7,3,7,2,13.5,3
63,120,10,2,11,2,10,2,9.5,2
63,121,39,12,36,12,39,12,35,11
63,122,22,8,24,9,26,9,25,9
63,123,37,9,42,12,34,11,33,10
63,124,17,5,13,5,12,4,12,6
63,125,32,10,31,10,28,9,23,7
63,126,55,9,55,9,52,10,59,10
63,127,177.5,14,183,14,175,14,157,15
64,0,38,12,37,13,30,11,33.5,13
64,1,119,22,134.5,22,130,22,140,23
64,2,80,15,72,14,79,14,83.5,14
64,3,63,12,71,12,67,11,72,12
64,4,108,20,121.5,21,124,23,132,25
64,5,38,10,41,9,38,9,29,9
64,6,18,3,20,4,25,5,23,4
64,7,11,2,11,2,18,2,7,2
64,8,15,5,13,5,11,5,12,5
64,9,76,19,70.5,19,83,18,76.5,18
64,10,14,3,10,3,12,3,10,3
64,11,49,10,50.5,10,44,10,44,10
64,12,3,1,1,1,1,1,1,1
64,13,40,6,43.5,6,37.5,6,37,6
64,14,256,30,256.5,30,265.5,29,254.5,28
64,15,193,25,199,26,200.5,27,188,27
64,16,39,10,44,11,41,11,36,11
64,17,66,14,59,13,62,12,60,14
64,18,30,3,27,2,28,2,23,3
64,19,193.5,26,198.5,27,192.5,25,201.5,27
64,20,74,13,85,15,92,16,90.5,13
64,21,64,13,68.5,15,66.5,15,61.5,15
64,22,63,16,69,16,67,17,56,16
64,23,24,8,25,7,25,11,28,11
64,24,110,20,118.5,22,114,22,117.5,24
64,25,90,15,96,16,95,15,86.5,14
64,26,58.5,12,57,13,56,12,51,13
64,27,81,16,68,15,69,16,68,15
64,28,27,7,26,6,25,5,24,6
64,29,40,7,38,6,37,6,37.5,7
64,30,261.5,28,250.5,28,254.5,27,238,28
64,31,47,6,43,7,48,7,45,7
64,32,254,24,249.5,24,261,23,237.5,23
64,33,98,14,89,15,86,15,87,15
64,34,39,10,39,10,36,9,35,9
64,35,305.5,30,303,30,281,29,291,29
64,36,50,6,45,7,43,7,48,7
64,37,13,3,12,2,13,2,14,2
64,38,13,4,13,4,10,4,12,4
64,39,13,7,10,6,11,8,12,8
64,40,54,8,51,8,53,9,48,10
64,41,31,11,33,12,29,11,28,10
64,42,9,4,6,4,5,4,7,3
64,43,5,2,4,2,4,2,4,2
64,44,21,8,33,10,33,10,32,10
64,45,15,4,11,3,13,4,11,4
64,46,,,,,2,1,,
64,47,3,2,3,2,3,2,3,2
64,48,15,3,14,3,22,3,22,3
64,49,22,8,24,8,25,9,20,6
64,50,6,2,6,2,4,2,4,2
64,51,19,4,16,5,19,5,21,5
64,52,58,11,58,11,51,11,50,11
64,53,283,17,261.5,18,281,20,262,19
64,54,3,1,3,1,2,1,1,1
64,55,23,4,23,4,18,4,17,3
64,56,33,11,32,10,34,12,32,11
64,57,70,12,64,12,70,13,74.5,13
64,58,75,13,71.5,13,67,12,66.5,13
64,59,931.5,12,908.5,13,916,11,840.5,12
64,60,1400.5,30,1380,29,1313,28,1274.5,27
64,61,42,5,38,5,40,5,35,5
64,62,29,8,26.5,8,23,8,19,8
64,63,22,4,19.5,4,21,4,15,3
64,64,11,2,12,2,6,1,10,2
64,65,151.5,10,157,11,163,11,163.5,11
64,66,51,6,50.5,6,52,7,43,6
64,67,200,16,195,16,215,15,215.5,17
64,68,200.5,12,213.5,11,207.5,8,207,12
64,69,278,32,272,33,272,32,259,33
64,70,3917,25,4145.5,23,4129.5,24,4172.5,21
64,71,8269,23,8210,21,8075.5,20,7896,20
64,72,8940.5,17,9016.5,17,9070.5,17,8904.5,16
64,73,2020,21,2045.5,21,2067.5,20,2007,21
64,74,386.5,32,401,31,396,33,417.5,32
64,75,2080,20,2095,20,2098.5,20,2146.5,20
64,76,695,13,701,11,706,9,693,10
64,77,1580,5,1542,5,1528.5,5,1520.5,5
64,78,515.5,17,513.5,18,514.5,17,509.5,18
64,79,351.5,27,365.5,26,342,27,340,28
64,80,61.5,13,65,13,59,13,68.5,14
64,81,36,12,35,11,36,11,36,11
64,82,173.5,25,183.5,25,169.5,25,159.5,26
64,83,76,15,81.5,16,83,16,80,16
64,84,1129,22,1148,24,1122,23,1161,21
64,85,469.5,27,465.5,28,464,27,452,25
64,86,30,7,25,7,29,7,30,7
64,87,105,22,108,23,103,23,99,23
64,88,180.5,21,165.5,19,177.5,21,171,20
64,89,34,9,35,8,33,8,26,7
64,90,11,3,8,2,9,3,9,3
64,91,171,32,168,31,153.5,31,143.5,30
64,92,82.5,21,80,21,75,19,75.5,17
64,93,16,5,13,5,10,4,9,4
64,94,24,6,30,8,35,8,37,9
64,95,108,17,103.5,17,94.5,18,95.5,16
64,96,10,2,7,2,6,2,3,1
64,97,23,5,17,5,9,4,9,3
64,98,51,11,51,11,48,11,49,11
64,99,72.5,17,82.5,18,76,18,78,18
64,100,23,9,20,7,21,7,21,8
64,101,167.5,18,156,22,158.5,20,152,18
64,102,364,29,372,30,360,29,361.5,29
64,103,553.5,19,547.5,19,534.5,20,521,20
64,104,969,18,957.5,20,918.5,19,942,19
64,105,742.5,33,740.5,33,726,37,760.5,34
64,106,165,37,169,38,166,39,167.5,40
64,107,235.5,23,224,22,229.5,22,232.5,23
64,108,706,26,670.5,28,708.5,28,717.5,28
64,109,139.5,23,126,23,118.5,22,120,23
64,110,163.5,17,178,18,170,20,167.5,20
64,111,97,27,89,28,90,27,83,27
64,112,25,6,25,7,27.5,8,27,7
64,113,4,1,4,1,4,1,4,1
64,114,4,4,6,5,4,4,4,3
64,115,10,4,15,5,15.5,6,10,4
64,116,206.5,20,196,17,192.5,18,198,18
64,117,54,15,54,15,54,15,52,13
64,118,2,2,1,1,2,2,2,2
64,119,2,1,2,1,2,1,2,1
64,120,16,8,15,7,22,7,23,8
64,121,26,9,28,10,32,9,25,9
64,122,25,7,23,7,23,7,21,6
64,123,159,16,154,16,150,16,138.5,16
64,124,55,15,48,13,53,16,50,15
64,125,43,13,41.5,12,40.5,12,42,13
64,126,20,6,19,6,19,6,19,6
64,127,10,7,10,7,9,5,10,5
65,0,36,8,33,8,32,10,30,9
65,1,162,24,158,22,166,21,166,20
65,2,16,7,15,7,15,7,15,8
65,3,26,11,22,11,26,12,23,11
65,4,98.5,19,92,19,97,19,97,18
65,5,59,21,60.5,21,62,21,71.5,21
65,6,55,10,51,10,43,8,58.5,10
65,7,32,7,32.5,8,32,8,33,8
65,8,15,4,9,4,11,4,10.5,5
65,9,27,10,27,9,24,9,18.5,7
65,10,6,2,8,3,9,3,8,3
65,11,113.5,17,112.5,17,113.5,16,118,16
65,12,33,5,36,5,39,5,42,5
65,13,131,26,118,24,121,25,124,25
65,14,109,25,102,24,100,25,94,24
65,15,60,17,56,18,60,18,56,17
65,16,49,12,49,12,50,11,43,10
65,17,47,12,46,12,41,12,42.5,11
65,18,55,16,53,15,61,18,57,18
65,19,37,9,31,8,33,8,24,7
65,20,62,17,62,17,61,19,65,18
65,21,156,22,179,24,173.5,24,158.5,22
65,22,109,21,97,22,104.5,21,101,23
65,23,53,12,54,10,50,12,50,12
65,24,98,13,95,13,87.5,12,85.5,14
65,25,77,16,75,16,75.5,15,78.5,16
65,26,421.5,24,454,24,429,23,397,23
65,27,62,17,62,17,66,16,59.5,17
65,28,91,14,92,13,85,13,79.5,13
65,29,51,11,54,12,51,11,59,12
65,30,54,11,52,11,57,13,61,13
65,31,185,15,182.5,15,188,15,190.5,15
65,32,125,20,127,21,123.5,20,111.5,19
65,33,28,9,26,10,21,9,17.5,9
65,34,4,2,5,3,6,3,7,3
65,35,34,9,31,9,32,10,27,10
65,36,42,8,39,8,37,8,40,8
65,37,43,11,44,12,41,10,48,13
65,39,36,14,33,12,34,12,35,12
65,40,153.5,23,135.5,24,144,24,155,28
65,41,35,10,35,10,34,10,38.5,10
65,42,29,7,31,8,31,8,27,8
65,43,110,17,108,19,96,17,92,18
65,44,96,17,93,16,108.5,19,109.5,19
65,45,12,5,11,5,11,5,14,6
65,46,13,5,14,5,13,5,12,5
65,47,13,4,15,6,18.5,6,12.5,4
65,48,22,7,24,7,24,7,24,7
65,49,26,8,22,8,25,9,27,8
65,50,62,9,59,9,60,9,59,9
65,51,301.5,26,302.5,29,285,28,261,27
65,52,40,12,44,13,40,13,42,15
65,53,23,6,24,6,19,7,20,7
65,54,13,3,11,3,14,3,14,3
65,55,11.5,4,16,4,12,4,12,4
65,56,11,3,10,3,10,3,9,3
65,57,14,3,8,3,13,3,10,3
65,58,21.5,6,21.5,6,21,6,21,6
65,59,183,20,179,19,185,17,188,16
65,60,54.5,7,55,8,56,8,53,8
65,61,10,4,10,5,9,4,9,5
65,62,35,7,31.5,7,30.5,6,30,7
65,63,173.5,14,164.5,14,173,14,167.5,14
65,64,138,11,136,11,128,10,106.5,10
65,65,9,2,8,2,12,2,12,2
65,66,144,6,148,5,210,5,137,6
65,67,1861,27,1883.5,26,1808,25,1946.5,26
65,68,664.5,21,661.5,22,700,18,668.5,21
65,69,1490,31,1623.5,29,1620.5,30,1690.5,32
65,70,1583.5,47,1602.5,46,1584,44,1527,43
65,71,1237,32,1188,32,1183,31,1223.5,34
65,72,346,34,354,34,369.5,35,388,33
65,73,710,22,702,23,712.5,20,710.5,20
65,74,311.5,15,316,17,302,16,304,17
65,75,845.5,25,819.5,25,795.5,24,792.5,25
65,76,1574.5,24,1621,23,1583,22,1642,21
65,77,2158,18,2206.5,16,2137.5,17,2158.5,16
65,78,528,15,544,15,530,14,511,13
65,79,495,26,471.5,25,480.5,23,472,20
65,80,554,26,547.5,28,553,26,569.5,26
65,81,138,17,138,19,129.5,18,132,20
65,82,722,38,727,36,727,38,732.5,35
65,83,206,24,203,25,199,26,188,25
65,84,496.5,17,489,17,468.5,18,472,17
65,85,40,9,41,8,34,10,34,10
65,86,106.5,27,95,27,92,27,101,26
65,87,41,13,43,13,43.5,14,36.5,13
65,88,69,19,67.5,19,58.5,18,52,19
65,89,71,18,72,18,67,16,68,17
65,90,25,13,26,14,26,13,23,12
65,91,16,5,12,4,15,5,10,4
65,92,175.5,15,181.5,15,186,13,198,12
65,93,10,4,12,6,12,6,12,6
65,94,138.5,28,132,29,129.5,28,109.5,26
65,95,1179,17,1142.5,18,1089.5,18,1078,17
65,96,755.5,27,762,28,758,29,768.5,29
65,97,89,15,83,16,73,14,67,14
65,98,428.5,20,437,20,432.5,18,445.5,18
65,99,131,18,132,18,131.5,17,124,15
65,100,267.5,30,260,30,245,30,242.5,31
65,101,17,7,20,7,22,8,22,8
65,102,405,26,420,25,410.5,26,397,25
65,103,57,12,50.5,12,57,11,51,11
65,104,414,38,405.5,40,404,40,422.5,39
65,105,85.5,10,96,10,97.5,10,88.5,8
65,106,14,2,15,2,13,2,10,2
65,107,33,6,32,6,31,6,27,5
65,108,44.5,9,43.5,10,36.5,8,33.5,8
65,109,191.5,25,188.5,25,201.5,25,199.5,26
65,110,281.5,37,293,38,297,37,286,37
65,111,328.5,26,326.5,25,315,26,334,27
65,114,36,11,31,11,29,11,36,13
65,115,11,4,12,4,11,4,11,4
65,116,,,4,1,5,1,5,1
65,117,6,2,6,2,8,3,8,3
65,118,27,9,25,9,25,8,25,7
65,119,9,2,8,2,9,3,8,3
65,120,340.5,33,328,34,312.5,33,301,34
65,121,38,10,35,9,35.5,8,31.5,9
65,122,59.5,14,57.5,14,64,15,54,14
65,123,36,13,36,13,43,15,45.5,14
65,124,42.5,11,48.5,13,30,11,37,13
65,125,16,5,16,6,16,7,12,7
65,126,29,11,28,11,34,12,41,12
65,127,48,14,53,14,45,13,41,13
66,0,65,13,68,13,69,13,75,15
66,1,91,21,93,20,87,19,91,19
66,2,476,39,454,37,444.5,40,434,39
66,3,694.5,40,687,39,658.5,42,684.5,42
66,4,164.5,35,163,34,156.5,35,139.5,34
66,5,27,8,30,9,27,8,25,8
66,6,34,9,29,8,32,9,36,9
66,7,44.5,9,42.5,9,36,8,40,9
66,8,13,6,9,4,13,5,13,7
66,9,57,11,61,11,60,11,57,11
66,10,92.5,15,92.5,16,88.5,16,78,14
66,11,74,14,67,14,70,13,68,14
66,12,125,23,120,22,105,22,119,24
66,13,74,15,80.5,16,74,14,81.5,14
66,14,30.5,8,14,5,24,6,32,6
66,15,88.5,17,86,17,86,16,91.5,15
66,16,21.5,7,21.5,7,25.5,7,28.5,7
66,17,33,12,40,14,47,13,48.5,13
66,18,54,17,53,17,60,18,61,18
66,19,123,16,118,19,139,20,145,21
66,20,50,13,45,10,43,8,42,9
66,21,108,16,103.5,16,91.5,16,88.5,16
66,22,69,19,69,17,81,19,103,21
66,23,30,6,30,6,38,6,34,7
66,24,102.5,21,105,22,101,21,102,18
66,25,75,18,76,18,79,19,96,19
66,26,27,12,32,15,31.5,14,29.5,13
66,27,33,12,29,13,35,11,32,11
66,28,81,17,67.5,16,75.5,17,73.5,17
66,29,59,8,50,8,52.5,8,55,9
66,30,270.5,31,251.5,30,244.5,31,235.5,30
66,31,349,33,369,34,357,33,364,35
66,32,236,29,240.5,28,223.5,29,208.5,28
66,33,68,12,64,12,63,11,54,11
66,34,51,10,59,10,62.5,10,47.5,9
66,35,55,14,49,14,41,14,41,13
66,36,80,13,84,15,80,16,83,16
66,37,128,13,139,14,126,15,124,15
66,38,40,10,37,10,36,11,35,10
66,39,34,12,30,11,38,9,43,10
66,40,94,14,91,13,82,13,86,13
66,41,26,7,24,7,26,7,20,7
66,42,59,12,50,11,55,12,50,12
66,43,7,2,8,2,7,2,7,2
66,44,22,5,24,6,23,6,23,6
66,47,26,8,28,8,22,8,20,8
66,48,169,11,164.5,10,162.5,10,166.5,11
66,49,20,8,19,8,18,8,18,8
66,50,96,9,86,9,90.5,10,95.5,11
66,51,30,6,29,8,34,9,32,10
66,52,23,5,18,5,19,4,21,4
66,53,2,1,2,1,2,1,,
66,54,20,6,21,6,22,6,20,6
66,55,4,2,4,2,5,2,4,2
66,56,27,6,27,6,26,6,24,6
66,57,78,15,86,16,87,16,91,15
66,58,178.5,14,162,13,167,13,159,14
66,59,24,5,22,5,20,5,19,5
66,60,107,6,112.5,7,117,7,112,7
66,61,14,5,15,5,15,5,12.5,5
66,62,32,6,30,6,27,5,23,6
66,63,8,3,8,3,12,3,11,3
66,64,8,2,9,2,6,1,6,1
66,65,572.5,21,589,20,552,19,552,18
66,66,1490.5,28,1490.5,27,1469.5,25,1430.5,26
66,67,71,16,67.5,15,68,16,68,16
66,68,165,17,165.5,17,158.5,17,153.5,17
66,69,347,26,341.5,26,326.5,26,323.5,25
66,70,514,37,531,36,565.5,34,544.5,34
66,71,350,24,357.5,24,340.5,24,351.5,25
66,72,90.5,8,93,9,88.5,9,91.5,9
66,73,1622,34,1724,33,1707,32,1718,30
66,75,181,8,197,9,197,8,199.5,8
66,76,1137,13,1165,14,1150.5,13,1170.5,14
66,77,503.5,20,489.5,19,499.5,20,478.5,18
66,78,1475.5,30,1429,29,1415.5,28,1371.5,29
66,79,146,12,142.5,10,144,11,135,10
66,80,116.5,14,115.5,14,111.5,14,99.5,12
66,81,142,16,133,16,127,14,130,14
66,82,79.5,19,83,20,73,20,70.5,20
66,83,202,23,186.5,23,180.5,21,186,22
66,84,340,31,345,33,318,34,315,35
66,85,55,6,57,7,51.5,7,49,7
66,86,297,26,286.5,27,277.5,29,261,29
66,87,110,15,111.5,17,110.5,15,113.5,15
66,88,52,14,51,15,50.5,15,40.5,14
66,89,55.5,15,56,17,51.5,16,46,14
66,90,196,26,192,25,197.5,24,179.5,27
66,91,22,8,16,6,23,8,14,6
66,92,30,7,28,7,34,7,31,7
66,93,91,15,96,14,87,13,86.5,13
66,94,128.5,10,123.5,10,127.5,10,117,10
66,95,26.5,6,26.5,6,26.5,6,27,6
66,96,144,27,149,29,142,28,149,27
66,97,69,18,62,17,71,19,75,19
66,98,226.5,18,210.5,18,194,17,199,18
66,99,93.5,21,85,20,80,20,83.5,20
66,100,98,18,88,16,89,17,78,18
66,101,15,5,21,5,19,5,16,5
66,102,126.5,25,112.5,23,120.5,24,111,24
66,103,85,15,81,16,90.5,16,82,16
66,104,46,7,45,7,45.5,7,39.5,7
66,105,68,7,69,7,66,7,69,6
66,106,141,17,137,17,130,16,124,17
66,107,140,17,136.5,18,149.5,18,153.5,19
66,108,34,9,41,10,40,10,45.5,10
66,109,310.5,22,325.5,22,314.5,24,308.5,23
66,110,485,38,473,38,481,37,455.5,37
66,111,34,8,34,7,36,8,41,10
66,113,6.5,1,10,1,11,1,10,1
66,114,119.5,13,123.5,13,112.5,13,119,14
66,115,7,4,5,4,8,3,8,3
66,116,124,20,121,20,113,20,116.5,20
66,117,65,9,61.5,10,59,9,61,10
66,118,15,5,15,5,13,5,13,5
66,119,75,18,71,18,77,16,79,16
66,120,45,11,60,12,58,11,52,12
66,121,515.5,33,506.5,33,499.5,36,494,34
66,122,31,12,28,12,27,11,29.5,12
66,123,316.5,36,302.5,37,289,35,319.5,38
66,124,35,13,32,13,31,13,35,13
66,125,173,22,157,25,167,22,152.5,24
66,126,76,17,76,18,71,17,76,18
66,127,58,14,65,15,69,13,74,14
67,0,53,12,52,11,56,12,67,13
67,1,94,11,91.5,11,92,11,94,11
67,2,234.5,31,224,32,236.5,30,231,31
67,3,125,21,135,22,127,22,150,22
67,4,116.5,12,119,12,128.5,11,126.5,12
67,5,70,16,68,16,68,15,69.5,15
67,6,124.5,14,117.5,17,109,17,123.5,19
67,7,42,9,44,9,44,10,40.5,9
67,8,16,6,12,4,14,5,14,5
67,9,52,9,45,8,54,8,44,7
67,10,143,21,142,21,146.5,21,145,20
67,11,377,45,403.5,44,397.5,44,363,41
67,12,209.5,27,205.5,29,221.5,29,207,28
67,13,82.5,21,77.5,19,76.5,20,85.5,20
67,14,64,13,64,13,70,13,64,13
67,15,103.5,19,99,17,99.5,18,113.5,19
67,16,100,21,111.5,21,111,23,105.5,24
67,17,18,8,17,8,17,8,21,8
67,18,36,11,37.5,11,39,12,42,13
67,19,69.5,14,67.5,14,71,13,67,14
67,20,51,9,54,9,50,9,53,11
67,21,28,10,31,10,24,9,31.5,10
67,22,62,12,64,11,74,12,70,13
67,23,103,21,104.5,22,104,22,106.5,23
67,24,90,15,86.5,17,82.5,17,78,18
67,25,47,13,52.5,13,57.5,12,56,12
67,26,27.5,8,26,8,25,8,25,8
67,27,54,12,59,13,60,15,64,15
67,28,33,6,30,6,30,5,36,6
67,29,53,15,52,12,52,14,48.5,13
67,30,46,7,35,7,38,8,44,10
67,31,276.5,21,259.5,22,251,22,248.5,22
67,32,1491,32,1422.5,33,1370.5,31,1332.5,33
67,33,176.5,18,177.5,17,180,16,187.5,17
67,34,46,10,48,11,46,11,44,11
67,35,15,4,14,3,12,3,12,3
67,36,20,6,18,6,12,6,17.5,7
67,37,119,19,112,19,108,17,99,18
67,38,12,4,14,4,16,4,15,4
67,39,5,3,6,3,5,3,6,3
67,40,34,10,41,10,34,9,40,9
67,41,15,5,16,6,23,7,23,7
67,42,98,13,89.5,13,88,12,87.5,12
67,43,5,2,6,2,4.5,2,9,3
67,44,17,8,17,8,14,6,15,7
67,45,6,1,3,1,3,1,3,1
67,46,8,3,5,2,5,2,4,2
67,47,6,3,8,4,9,6,15,6
67,48,248,24,263,23,229.5,25,231,25
67,49,8,3,9,3,8,3,13,3
67,50,83,14,71,12,86,13,66,14
67,51,45.5,11,45,11,43,11,49,11
67,52,7,2,7,3,6,3,7,3
67,53,51,12,48,11,53,12,49,12
67,54,91,14,95.5,15,92.5,14,80,13
67,55,31,9,27.5,10,26.5,9,31,10
67,56,75,13,72,13,67,13,61,13
67,57,285.5,18,304.5,16,309,14,298,15
67,58,5,2,8,3,8,3,5,3
67,59,45,7,40,6,37,7,40,7
67,60,64,8,63,8,52,8,52,8
67,61,8,3,8,3,6,2,9.5,3
67,62,202,14,198,14,200,16,209.5,15
67,63,386,20,385.5,20,389.5,19,401,20
67,64,18,3,18,3,15,4,14,4
67,65,226,12,234,12,231,12,220.5,12
67,66,408.5,26,476.5,24,463.5,24,471,24
67,67,72.5,9,61,9,66.5,8,69,8
67,68,632.5,15,640,15,659.5,16,624,14
67,69,94,13,114,14,138,14,139.5,15
67,70,1239,42,1265,39,1305.5,40,1339,39
67,71,100,11,104,11,95,11,94,12
67,72,184,18,196,19,213,20,228.5,19
67,73,668.5,23,659.5,23,668.5,23,668.5,23
67,74,18,3,21.5,3,21.5,4,20,4
67,75,491.5,25,509,26,500,26,477,26
67,76,701,23,694,24,695.5,23,675.5,21
67,77,691,15,714.5,16,652,16,656.5,16
67,78,606.5,25,600,23,593.5,25,569,23
67,79,1027.5,34,990,36,962,35,970.5,35
67,80,343.5,15,343,15,361,15,363.5,13
67,81,363.5,18,369.5,19,357,19,356.5,19
67,82,161,21,169,21,158,20,163.5,20
67,83,196,23,182.5,23,185.5,23,184,23
67,84,1281.5,43,1267.5,42,1259.5,43,1249,41
67,85,15,5,15,5,17,7,20,8
67,86,86,19,89,21,83.5,19,76,18
67,87,38,12,39,12,42,12,41,12
67,88,202,15,194.5,17,193.5,18,211,18
67,89,474,31,503.5,32,504,32,450,31
67,90,45.5,8,43,8,35,9,36,8
67,91,39.5,9,37.5,10,30.5,10,39.5,10
67,92,53,13,53,13,49,11,55,12
67,93,109.5,17,108,18,103,18,104,20
67,94,111,23,108,19,117,22,106,23
67,95,41,10,39,10,36,10,36,11
67,96,23,7,24,8,25,8,26,9
67,97,78,15,79.5,15,87,15,88,15
67,98,70,18,67,16,64.5,16,53.5,15
67,99,16,5,11,4,14,5,15,4
67,100,34,11,32,11,29,11,26,11
67,101,26,4,27,4,27,4,22,4
67,102,156,17,149,15,146,15,146,16
67,103,319,28,303,27,313,25,308,27
67,104,54,14,51,14,50.5,13,49.5,14
67,106,87,5,81,5,87.5,4,81,5
67,107,94,13,107,13,100.5,11,104,12
67,108,19,6,14,6,16,6,16,7
67,109,111.5,15,116.5,15,101,15,104,14
67,110,164.5,18,159,18,154,18,165.5,19
67,111,72,17,73,16,72.5,19,78.5,19
67,112,3,2,4,2,1,1,3,2
67,113,125.5,18,125.5,19,115.5,19,114.5,19
67,114,79,12,67,11,82.5,13,87.5,12
67,115,7,2,7,2,3,2,10,3
67,116,109,13,106,14,109,14,104,13
67,117,38,14,36,13,36,13,29,13
67,118,504.5,30,490,31,469,30,447,31
67,119,200,25,207,25,214.5,25,199.5,25
67,120,106.5,12,102.5,13,89.5,13,90.5,13
67,121,81,19,70.5,21,70,19,79.5,20
67,122,57,18,56,15,64,17,57,15
67,123,42,14,37.5,14,31.5,13,34,12
67,124,20,7,20,6,20,6,14,6
67,125,26,9,25,9,22,7,22,8
67,126,21,7,17,7,19,7,17,7
67,127,22,10,23,11,22,11,19,11
68,0,73,13,67,13,71,13,69,11
68,1,76,13,72,14,77.5,16,84.5,15
68,2,115.5,21,118.5,20,120.5,22,123.5,21
68,3,147.5,28,148,29,129,30,133,31
68,4,480.5,42,487.5,41,447,39,442.5,40
68,5,127.5,26,119.5,26,123,26,133,26
68,6,25,6,21,5,20,5,22.5,8
68,7,39,9,40.5,8,42.5,10,44,11
68,9,25,6,23,6,28,7,31,7
68,10,32,6,30,6,26,7,22,5
68,11,194,28,163,26,176,29,186,32
68,12,2091.5,50,2048,49,2052.5,48,2083,48
68,13,275.5,34,273,34,269.5,34,286,33
68,14,109.5,15,111,16,114.5,17,129.5,16
68,15,81.5,20,82,19,85,18,91.5,18
68,16,75,9,75.5,10,63.5,11,65.5,11
68,17,112,21,107,19,109,19,107.5,21
68,18,54,13,48,12,47,11,55,14
68,19,59.5,12,65,13,54.5,15,59,16
68,20,109,21,104,19,115,17,106.5,18
68,21,59,17,63,17,57,18,63.5,19
68,22,43,11,35,9,47,11,42,11
68,23,66,19,59,18,66,19,54,17
68,24,64,13,55,13,51,11,50,11
68,25,17,6,20,8,22,8,24,8
68,26,37,8,44,9,42,9,31,9
68,27,56,13,52,13,46,12,50,14
68,28,37.5,12,35,11,38,12,49,14
68,29,23,7,19,6,17,6,17.5,6
68,30,38,12,37,11,36,11,37,12
68,31,291,22,274,22,276,23,271,23
68,32,102,20,91,19,86,20,91,21
68,33,51,9,55,10,55.5,9,63,11
68,34,15,5,14,5,15,6,13,6
68,35,23,6,20,6,20,7,20,7
68,36,12,6,17,7,16,8,16,8
68,37,8,4,5,3,5,3,7,5
68,38,7,2,6,2,4,2,4,2
68,39,15,4,17,4,14,4,16,4
68,40,6,4,6,4,5,3,4,3
68,41,53,10,52,11,49,11,43,11
68,42,19,7,18,8,17,7,20,6
68,43,13,5,12,5,13,5,21,8
68,44,144,13,151,13,157.5,13,162,14
68,45,241,23,233,24,225,24,222,26
68,46,14,7,14,7,15,7,11,7
68,47,27,10,24,9,23,9,19,8
68,48,31,8,27,8,25,7,27.5,7
68,49,52,12,56,12,54,11,55,11
68,50,97.5,14,88.5,14,96,14,88.5,14
68,51,30.5,10,32,11,31,11,38,10
68,52,54,7,49,8,48,8,47,7
68,53,260.5,18,264.5,19,218.5,17,213.5,20
68,54,408.5,19,391,18,396.5,19,374.5,20
68,55,40,6,37,6,43,6,43,6
68,56,18,4,18,4,18,4,17,4
68,57,15,2,16,2,16,2,14,2
68,58,11,3,11,3,11,3,13,4
68,59,11,3,9,3,7,2,9,3
68,60,20,7,19,7,22,7,21,7
68,61,14,4,11,4,13,3,16,3
68,62,6,2,6,2,6,2,2,1
68,63,13,5,12,5,12,4,15,6
68,64,12,5,20,6,21,6,20,6
68,65,70,10,69,9,75,10,74,11
68,66,12,4,12,5,13,6,13,6
68,67,28,7,32.5,7,31,6,28,6
68,68,473.5,27,462.5,27,462,27,457.5,28
68,69,745,26,758,25,756,25,777,26
68,70,251,10,255,10,250.5,10,309.5,11
68,71,128.5,13,131,12,134,13,123.5,13
68,72,843.5,26,827,27,824.5,26,790.5,25
68,73,148.5,8,136,8,145.5,9,140,9
68,74,17,4,18,5,18,5,14,4
68,75,7,2,9,2,5,2,6,2
68,76,38.5,8,38,7,39,6,33,6
68,77,283.5,18,275.5,18,255,18,268.5,17
68,78,726.5,28,720,24,728,24,706,26
68,79,128,18,126,17,144,19,141,18
68,80,274.5,22,274.5,22,276.5,23,270.5,23
68,81,319.5,31,312,31,306,29,305,30
68,82,362,28,358,26,353.5,28,331.5,28
68,83,157,18,146,18,142.5,17,148.5,16
68,84,318,34,310.5,33,310.5,34,296,32
68,85,35.5,5,37,6,35,6,34,6
68,86,43,8,36,8,36,7,39,8
68,87,38,13,45,14,45.5,15,44.5,14
68,88,58,15,48.5,14,56.5,18,56.5,21
68,89,209.5,21,199.5,22,204,21,214.5,21
68,90,160,31,149,32,163,33,152.5,31
68,91,140,25,137,24,128,24,118,24
68,92,63,20,70,22,64,22,61,20
68,93,21,8,19,8,20,9,17,7
68,94,65,11,89,12,85,12,75.5,11
68,95,66,18,74,18,73,20,67,19
68,96,120,18,114,17,116,18,119.5,18
68,97,262,18,268,18,280,18,262.5,16
68,98,33,7,37.5,7,29,6,27,7
68,99,46,12,47,12,46,13,45,13
68,100,54,10,55,10,53,10,46,10
68,101,247,17,246.5,17,245,17,237,17
68,102,60,12,58,12,51,13,45.5,13
68,103,30,8,26,7,26,6,20,6
68,104,,,,,1,1,1,1
68,107,1,1,1,1,1,1,,
68,108,44,11,39,12,36.5,11,34,11
68,109,739,32,725,32,734,33,725,32
68,110,220,15,220,14,198,14,212,13
68,111,687.5,37,656,38,682,35,679.5,35
68,112,99,12,95,12,87.5,14,93.5,13
68,113,230.5,22,243,24,255.5,23,264,23
68,114,42,5,42,5,40,5,41,5
68,115,8,2,8,2,8,2,5,2
68,116,9,6,8,5,7,5,8,5
68,117,141.5,25,136.5,26,134,25,137.5,23
68,118,52,12,56,12,49,13,45,12
68,119,976.5,38,972,37,963,36,923.5,36
68,120,125,21,135.5,22,142.5,20,134,20
68,121,357.5,20,337,21,339.5,19,316.5,18
68,122,27,9,29,9,29,8,26,8
68,123,19,6,16,5,16,5,14,6
68,124,4,2,3,2,2,1,2,1
68,125,143,15,144.5,13,144.5,15,143.5,15
68,126,300,12,286.5,12,283,12,279.5,12
68,127,24,6,26,6,26,7,16,6
69,0,68,18,72,18,72.5,19,74.5,19
69,1,51,12,58.5,11,42,11,47.5,12
69,2,85,13,91,13,91,12,97,12
69,3,110.5,13,107,12,102,13,93.5,12
69,4,137.5,21,154,22,153,21,152,23
69,5,57,13,59,13,53.5,13,48,14
69,6,219,38,226,40,239.5,42,232.5,43
69,7,66,19,57,17,59,15,58,15
69,8,13,5,18,6,22,7,23,7
69,9,79.5,14,77.5,14,75,12,72,12
69,10,33,7,33,7,38,6,34.5,6
69,11,77.5,14,75.5,15,72.5,14,73,16
69,12,46,19,46,18,50,17,50,16
69,13,146,25,151.5,26,136,24,138,26
69,14,164,26,164,26,168,27,167.5,28
69,15,106,20,110,22,110,21,110,21
69,16,107.5,21,96.5,21,93,20,96,21
69,17,352,38,344,39,338.5,37,341.5,39
69,18,47,14,44,14,41.5,13,40,14
69,19,53,15,51,13,58,15,59.5,16
69,20,42,10,43,9,52,11,50.5,11
69,21,56,12,48,12,46,11,40,10
69,22,3,1,5,2,10,3,10,3
69,23,35,5,33,6,33,7,32,6
69,24,33,8,43,8,40,8,35,8
69,25,21,4,21,4,18,3,17.5,4
69,26,206.5,19,210.5,18,208,20,176.5,19
69,27,59,12,61,13,62,12,65,11
69,28,35,10,41,10,34,11,31,12
69,29,141,19,136,19,135,20,148,18
69,30,96,14,94.5,17,92.5,15,83,17
69,31,154,18,159,19,166,21,173,20
69,32,108,17,106,15,100,16,98.5,16
69,33,32,7,34,7,26,9,28.5,9
69,34,29,7,35,8,33,9,33,9
69,35,124,21,94,22,103.5,24,111,24
69,36,23,7,29,8,34,8,33,8
69,37,68,12,66,12,65,13,57,12
69,38,37,9,37,9,42,9,43,7
69,39,4,1,4,1,5,1,,
69,40,34,7,29,7,33,7,32,6
69,41,110,17,100,18,98.5,17,95.5,16
69,42,2,1,2,1,2,1,2,1
69,43,34,10,38,9,31,9,27.5,9
69,44,19,5,18,5,12,3,16,5
69,45,20,6,18,6,21,6,15,6
69,46,11,5,11,5,10,5,10,5
69,47,5,2,5,2,6,2,5,2
69,48,9,5,13,6,10,6,10,6
69,49,10,5,10,5,10,5,9,5
69,50,26.5,9,23.5,8,18.5,7,21.5,7
69,51,9,4,4,2,2,1,2,1
69,52,76,12,71,11,72,11,67,11
69,53,72,9,70,9,69,8,57,10
69,54,58,14,59,14,58,14,59,12
69,55,32,5,33,5,28,6,28,6
69,56,3,1,5,1,5,1,5,1
69,57,15,7,13.5,7,13.5,7,13,7
69,58,27,9,31,8,30,7,32,8
69,59,9,3,9,3,7.5,3,5.5,3
69,60,129.5,16,119.5,15,122,15,122,14
69,62,33,8,34,6,36,6,35,5
69,63,171.5,23,184,23,167.5,23,169.5,24
69,64,65,15,68,16,68,17,62,16
69,65,800,19,801.5,20,831,22,797,19
69,66,48,8,46,8,43,7,44,7
69,67,68.5,10,74,11,85,10,85.5,10
69,68,78.5,10,74,10,69.5,10,63,10
69,69,889,19,923.5,22,969,18,993.5,18
69,70,485,15,516.5,17,552,15,551.5,14
69,71,151.5,19,167,19,166,18,144,18
69,72,54,11,47,11,52,11,40,9
69,73,11,4,10.5,4,11.5,4,19.5,4
69,74,4,1,4,1,4,1,4,1
69,77,42.5,6,48,6,47,7,41,7
69,78,150,13,140.5,10,157.5,9,161,11
69,79,18,7,12,5,6,4,7,4
69,80,1333.5,20,1315.5,21,1315,20,1279.5,19
69,81,1621.5,38,1570,37,1532,37,1579,36
69,82,205.5,17,194.5,16,194.5,16,191,17
69,83,40,9,38,9,39,9,38,9
69,84,487,36,489.5,36,489,35,491,39
69,85,772,22,754.5,22,753,22,738.5,22
69,86,12,4,12,4,12,4,11,4
69,87,34,10,37,12,38,12,38,12
69,88,49,14,39,12,39,13,38,13
69,89,146,23,160.5,24,159,24,142.5,23
69,90,25,7,23,7,21,7,21,6
69,91,27,11,32,12,29,9,40,11
69,92,26,9,25,9,27,9,27,9
69,93,6,2,7,2,5,2,5,2
69,94,79,22,83.5,23,82,25,92,24
69,95,41,15,39,14,41.5,16,48.5,17
69,96,33,11,30.5,11,28.5,11,28.5,12
69,97,97,14,92.5,12,91.5,12,94.5,12
69,98,68,8,67,8,65,8,72,9
69,99,14,5,14.5,5,14.5,5,14,5
69,100,571,28,515.5,27,507,27,516,28
69,101,573.5,23,552,23,542,23,537,24
69,102,265.5,25,272.5,25,278.5,26,256,27
69,103,43.5,9,53.5,11,48,10,51,11
69,104,8,3,4,3,4,3,8,4
69,107,4,1,,,,,5,1
69,108,25,5,34,5,35,5,36,5
69,109,205,20,191,20,198,22,195.5,22
69,110,62,7,62.5,7,61,6,54,7
69,111,201.5,22,199,24,185,25,181.5,23
69,112,326,20,326,20,325.5,20,347,20
69,113,140,11,135,11,124,9,120.5,10
69,114,3,2,3,2,6,2,6,2
69,115,25,9,25,8,22,8,23,7
69,116,9.5,4,8.5,3,4.5,2,6,2
69,117,44,13,47,13,46,13,49,14
69,118,78,14,81,14,82,15,86,17
69,119,177.5,28,174,28,172,29,171,29
69,120,42,12,49,12,45,11,46,11
69,121,22,10,19,9,21,9,22,9
69,122,22,8,25,8,23,8,31.5,9
69,123,28,8,28,9,26,9,24.5,9
69,124,206,10,221.5,10,233.5,10,212,9
69,125,1303.5,26,1290,27,1256,27,1234.5,27
69,126,325,30,333,32,327,31,300,29
69,127,16,7,18,7,17,8,18,8
70,0,66,14,69,13,69.5,12,64.5,13
70,1,47,12,45,11,42,13,42,14
70,2,131,30,124,29,119.5,29,125.5,28
70,3,193,25,191,25,192,26,182.5,26
70,4,29,9,29,9,26,8,27,9
70,5,88.5,17,91.5,19,89.5,19,99,19
70,6,14,2,19,2,18,3,16,3
70,7,73,11,88,13,85,13,76,12
70,8,281,38,285.5,38,275.5,38,261,38
70,9,202,32,194.5,32,194,33,186,31
70,10,94,13,95,13,89,14,93,13
70,11,78,15,82,15,87,15,96.5,15
70,12,134,23,138,23,147,22,131,21
70,13,27,11,31,11,33,11,32,11
70,14,107.5,23,113,25,111,27,115,25
70,15,370.5,31,364,31,375,29,353.5,32
70,16,104,25,107,26,116.5,26,112.5,24
70,17,664,49,685,47,650,48,636.5,46
70,18,101,18,93,19,93,19,81,18
70,19,36,8,35,9,28,9,44,12
70,20,40,10,38,9,43,10,38,10
70,21,26,8,29,8,28,8,27,8
70,22,145,22,140,21,128,20,133.5,22
70,23,50,14,47.5,12,47,11,55.5,14
70,24,24,9,22,9,19,7,23.5,9
70,25,48,11,52.5,13,48.5,13,40,13
70,26,38,8,35,7,44,10,36,9
70,27,20,7,23,7,24,8,24,8
70,28,28,12,25,12,28,12,29,11
70,29,124,20,123,19,114,19,117.5,20
70,30,68.5,17,68.5,17,67.5,14,65,14
70,31,61.5,15,53,15,58,15,50,15
70,32,308.5,29,310.5,28,297,29,306,32
70,33,127,13,129.5,14,129,15,128,14
70,34,41,11,44,12,43,12,41,10
70,35,267.5,21,238.5,19,244.5,19,234,20
70,36,50,12,47,12,40,11,38,11
70,37,400.5,22,387.5,23,399,21,409,21
70,38,199,14,189,14,187,15,186,15
70,39,33,9,34.5,8,38,10,43,9
70,40,61,16,56,16,56.5,16,61,16
70,41,12,5,11,5,9,4,8,3
70,42,14,5,7,4,10,4,7,5
70,43,9,3,9,3,9,3,8,3
70,44,12,5,10,3,10,4,13,5
70,45,22,7,35,9,30,9,22,7
70,46,3,1,3,1,2,1,3,1
70,47,15,5,9,5,7,4,9,5
70,48,4,1,4,1,4,1,4,1
70,50,2,1,2,1,2,1,2,1
70,51,7,2,3,1,4,1,3,1
70,52,1,1,1,1,,,1,1
70,53,24,6,17,6,18,7,20,7
70,55,4,3,4,3,6,3,4,2
70,56,2,1,2,1,2,1,3,1
70,57,31,13,36,13,36,13,33.5,13
70,58,30,8,30,8,36.5,8,37.5,7
70,59,90,12,87.5,12,84.5,12,87.5,12
70,60,20,6,18,5,24.5,6,23,5
70,61,62,13,57,13,59,12,59,12
70,62,40.5,7,39.5,7,45.5,7,44,7
70,63,281,20,287,21,278,20,277,22
70,64,30,9,33,9,33,10,36,10
70,65,69,9,81,11,75.5,11,67.5,11
70,66,128,12,117,11,114,12,111,11
70,67,239,24,245.5,22,236.5,23,242,23
70,68,44,9,42,9,39.5,8,40.5,8
70,69,173,13,182,13,195,12,191,13
70,70,46,8,45,7,43.5,8,41,8
70,71,703.5,25,707.5,24,706.5,24,716.5,26
70,72,389.5,28,396,28,417.5,28,410,28
70,73,100,13,98,14,90.5,13,86.5,13
70,75,49,5,43,5,45,5,43,5
70,76,28,5,20,4,21,4,19,5
70,78,80.5,11,77.5,12,77,11,69,11
70,79,394,22,365.5,24,378.5,25,394.5,24
70,80,477.5,27,490,26,484,27,483,25
70,81,1840,37,1878,36,1861.5,35,1896.5,36
70,82,93,5,87.5,5,85,6,88,5
70,83,159,9,150,9,158,9,153,9
70,84,1013.5,36,986,37,980,37,1028,37
70,85,223.5,30,220.5,28,196.5,27,194.5,28
70,86,204.5,24,188.5,24,160.5,24,164,24
70,87,47,10,48,11,45,10,45,10
70,88,52,9,50,9,47,9,53,10
70,89,267,27,254,26,253.5,26,245,30
70,90,90,21,88,21,92,21,91.5,22
70,91,16,7,15,7,15.5,7,14,7
70,92,28,11,32,11,32,11,30,11
70,93,11,3,10,2,7,2,9.5,2
70,94,35,11,36,11,36,11,36,11
70,95,99,16,106,17,104,15,109.5,14
70,96,99,12,96,14,97,13,77,11
70,97,23,8,22,8,19,9,20.5,9
70,98,77,16,75,15,79.5,16,82,17
70,99,173,15,173.5,15,159,16,158,17
70,100,235,25,237,25,228,24,227,25
70,101,686,23,700.5,23,694,23,689.5,23
70,102,207.5,30,221.5,30,211,29,210,29
70,103,48,8,48,8,51,9,50,9
70,104,1,1,1,1,1,1,1,1
70,105,8,3,9,4,8,4,8,4
70,107,3,1,3,1,3,1,3,1
70,108,212,24,213.5,23,207,23,218.5,22
70,109,120,17,121,17,105,19,102,19
70,110,474.5,21,477.5,20,471.5,19,471,19
70,111,347.5,29,352,31,354,31,345,30
70,112,2484.5,23,2499,22,2535.5,24,2497.5,21
70,113,205.5,11,225.5,12,226,11,232,12
70,114,33,6,40,7,31,7,26,6
70,115,79.5,17,83,17,75,18,83,18
70,116,9,4,8,3,7,3,6,3
70,117,139.5,18,159,19,172,18,173,18
70,118,720.5,24,696.5,24,662,23,662,22
70,119,109.5,28,109,26,108.5,28,112,27
70,120,124,26,118,24,119.5,26,130.5,25
70,121,17,4,20,5,19,5,18,5
70,123,10,2,10,2,6,2,6,2
70,124,7,2,6,2,3,1,3,1
70,125,97,17,93.5,17,83.5,17,85,17
70,126,257.5,24,268.5,24,255.5,23,255,22
70,127,25,7,26,8,28,8,23,6
71,0,145,20,140,20,132.5,20,127.5,19
71,1,65,15,69.5,15,65,15,68,16
71,2,71,14,64,15,64,15,62.5,15
71,3,69,16,68,16,70.5,16,77.5,16
71,4,42,8,35,8,43,9,41.5,9
71,5,140,22,144,23,150,24,158,25
71,6,94,22,85,21,75,20,79.5,21
71,7,21,7,21,7,21,7,25,7
71,8,45.5,14,39,12,44,14,41,16
71,9,671.5,42,625,44,586.5,45,616.5,44
71,10,237.5,35,239,35,235.5,33,223,31
71,11,30,9,31,9,30,8,26,9
71,12,20,8,19,8,17,9,20,9
71,13,49,11,51,12,39,11,48.5,11
71,14,27,7,22,7,16,5,19,7
71,15,34,8,35,7,36,8,43,9
71,16,59,12,56,10,55.5,12,58,13
71,17,49,12,42,9,44,9,47.5,11
71,18,43,14,42,14,45,14,38,14
71,19,133,22,131,22,119,22,111.5,22
71,20,55,12,57,13,57.5,14,56.5,13
71,21,50,10,39,9,39,9,47,11
71,22,63,14,69,14,58,13,68,16
71,23,77,16,71,14,66,13,81,15
71,24,9,5,9,5,9,5,9,5
71,25,60.5,15,60,16,60.5,15,59.5,17
71,26,40,9,48,10,37,10,40,11
71,27,42,11,40,11,40,12,47,14
71,28,34.5,8,38.5,8,43.5,9,45,9
71,29,17,8,21,8,18.5,8,18,8
71,30,64,13,62,14,55,14,55,14
71,31,427,27,421.5,28,384.5,26,374,26
71,32,129.5,22,135,24,132,21,147.5,22
71,33,36,10,37,11,40,11,39.5,10
71,34,12,3,16,3,10,3,14,3
71,35,72,8,71,8,70,7,62,7
71,36,50,9,50.5,10,47.5,10,44.5,10
71,37,60.5,9,65,9,77,10,74,11
71,38,858,35,833.5,36,869.5,40,879,40
71,39,855,32,822,35,835,35,846.5,35
71,40,9,3,11,4,11,4,10,4
71,41,95,19,83,19,73,17,78,16
71,42,34,10,36,11,44,13,40,12
71,43,6,2,6,2,1,1,6,2
71,44,374.5,32,371,31,361,28,353.5,28
71,45,232,20,230,20,219,19,219,19
71,46,16,6,18,7,15,5,11,6
71,47,4,2,2,1,4,2,6,3
71,48,16.5,7,15,6,16,7,18.5,7
71,49,4,2,4,2,4,2,2,1
71,50,32,12,28,13,26.5,12,22.5,12
71,51,13,4,12,4,15,4,10,4
71,52,13,5,11,4,16,4,10,4
71,53,7,3,7,3,6,3,5,3
71,54,5,2,5,3,5,3,12,4
71,56,9,3,7,3,7,3,7,3
71,57,21,8,24,8,25,9,25,9
71,58,343.5,23,327,22,329.5,22,333,23
71,59,15,5,15,4,15,4,13,4
71,60,250,23,231,23,230.5,22,234,24
71,61,667.5,29,630,28,631,28,649,27
71,62,444,30,474.5,28,455.5,27,482.5,29
71,63,43,8,36,7,36,7,36.5,7
71,64,25,7,18,6,16,6,15,6
71,65,73,12,69.5,12,67,11,66.5,12
71,66,123,16,133.5,17,131.5,17,144,17
71,67,624,25,617.5,26,617,25,580.5,24
71,68,386,19,401.5,19,421,20,460.5,19
71,69,444,27,453.5,24,424,26,443.5,26
71,70,486,19,475.5,18,478.5,16,447.5,17
71,71,216,24,223.5,23,222.5,24,215.5,24
71,72,120,17,118.5,17,117.5,17,116.5,17
71,73,121,15,119.5,14,122,17,116.5,14
71,74,133,21,137,19,128,19,119.5,20
71,75,61,7,63,7,64,7,59.5,8
71,76,268,18,274,19,258,21,263,21
71,77,26,5,19,5,27,6,27,5
71,78,1092.5,30,1141.5,30,1132,30,1172.5,30
71,79,247,27,269.5,28,270,28,262.5,26
71,80,345.5,31,340.5,32,326.5,30,336.5,29
71,81,1343.5,34,1359.5,34,1303.5,32,1268.5,34
71,82,2239,17,2169,17,2088.5,17,2079.5,15
71,83,4288.5,21,4119,18,4182,20,4117,21
71,84,1914.5,37,1885.5,38,1848.5,39,1769.5,36
71,85,197,33,183.5,33,184.5,33,174.5,32
71,86,45,11,38,11,36.5,12,33,12
71,87,365,37,352.5,36,348.5,40,338.5,39
71,88,66.5,13,65.5,11,60.5,10,59,10
71,89,21,7,24,6,24,7,23,7
71,90,65,16,63,14,72.5,15,68,15
71,91,42,15,40,14,46,15,47,16
71,92,71.5,15,72,17,65,17,67,18
71,93,367.5,36,371,36,367,37,376.5,36
71,94,25,7,20,6,25,7,20,7
71,95,28,7,31,6,30,8,34,8
71,96,49.5,12,54.5,12,55,12,53,12
71,97,56,13,53,13,47,12,52,13
71,98,26,6,31,8,34,9,33,9
71,99,131,21,134.5,21,127,21,129.5,21
71,100,354,20,350.5,20,360,22,352.5,22
71,101,352.5,33,338.5,32,353.5,32,354.5,31
71,102,171.5,20,159,20,156,20,152,19
71,103,177.5,19,173,19,170,16,165.5,17
71,104,10,3,10,3,10,3,9,3
71,105,2,1,2,1,2,1,2,1
71,106,36.5,5,40.5,6,42.5,7,40.5,7
71,107,27,6,23,6,17,7,18,6
71,108,352,25,337,27,327,27,345.5,26
71,109,728,32,704.5,33,701.5,32,715,32
71,110,372.5,10,404.5,11,423.5,10,433,10
71,111,481,31,500.5,31,515.5,29,498.5,30
71,112,545.5,19,612.5,18,594.5,17,582.5,17
71,113,475,22,468.5,22,457,21,535,21
71,114,109.5,19,131,20,138,20,145,21
71,115,689.5,31,714,31,706.5,29,737.5,31
71,116,47,10,50,10,43,11,48,11
71,117,23,9,21,8,22,8,18,7
71,118,113.5,8,121.5,10,123.5,9,123,11
71,119,9,6,10.5,5,11,5,10.5,4
71,120,9,5,12,5,16,5,16,5
71,121,2,1,2,1,2,1,2,1
71,122,48,4,46,4,43,5,48,4
71,123,640.5,26,661.5,29,649,27,670.5,28
71,124,37,4,35,4,33,5,42,5
71,125,45,13,45,14,33.5,14,39.5,15
71,126,105,17,112.5,19,125,17,125,19
71,127,33,11,28,10,31,11,30,10
72,0,48,12,49,12,44,11,40.5,11
72,1,64,15,67,16,60,16,65,17
72,2,182,19,191,19,204,20,216.5,21
72,3,50,18,52,18,46,18,41,18
72,4,7,4,7,4,9,4,5.5,3
72,5,32,8,35,8,33,8,32,8
72,6,46,10,37,10,37,11,48.5,12
72,7,79.5,21,87.5,21,87.5,20,80.5,21
72,8,148,25,140,25,150,24,167,21
72,9,40,15,40,16,45,15,49,16
72,10,34,12,40,11,39,11,44,11
72,11,102,22,111,21,113.5,23,103.5,22
72,12,38,11,33,9,20,8,26.5,9
72,13,64,14,52,14,58,14,63.5,15
72,14,244,33,238.5,32,239.5,33,274.5,37
72,15,54.5,17,48,14,62,15,45,11
72,16,67,17,69.5,18,71.5,16,74,17
72,17,86.5,18,83,18,95,18,96,20
72,18,59,13,62,14,59,14,56,14
72,19,122,23,116,22,137,23,144,22
72,20,74,17,74,17,57,16,73,18
72,21,48,14,49,13,44,13,62,14
72,22,35.5,11,31,10,33,9,33,9
72,23,31,10,26,10,35.5,10,29,9
72,24,55,16,55,15,59,15,50,15
72,25,27,5,30.5,5,25,4,23.5,5
72,26,46.5,10,46,10,43.5,10,57,11
72,27,45,19,44.5,19,36.5,18,38.5,19
72,28,46,13,42,13,43,13,40,13
72,29,52,13,50,12,56,11,59,12
72,30,500,22,472,21,458.5,22,488.5,23
72,31,857,36,828,37,902,38,891,38
72,32,74,15,79,17,85,16,82,16
72,33,41,7,41.5,7,47.5,6,39.5,6
72,34,45.5,8,44,9,45,9,43,9
72,35,172,23,177,23,170,22,168,22
72,36,242,24,238.5,24,238.5,21,237,21
72,37,37,10,41,9,33,9,33,8
72,38,307,20,275.5,20,274,20,268,20
72,39,231,26,240,26,229.5,24,221.5,23
72,40,81.5,19,75,17,69,15,76,17
72,41,270.5,30,274.5,28,266,27,271.5,26
72,42,70,11,71,9,73,8,75,7
72,43,34.5,12,35.5,12,40,14,33,14
72,44,373,14,364.5,14,387,14,368.5,14
72,45,57,16,57,16,56,15,54,14
72,46,68,15,60,14,60,12,60,13
72,47,29,4,31.5,6,23.5,5,29.5,7
72,48,33,8,25,7,24,6,22,6
72,49,27.5,11,32,10,29,11,32,12
72,50,220,27,193,27,199,28,216.5,26
72,51,21,8,20,8,19,8,23,8
72,52,1,1,1,1,4,1,1,1
72,53,31,9,32,8,35,8,27,8
72,54,18,7,21,7,21,7,21,7
72,55,6,3,7,4,9,4,18,4
72,56,11,4,10,4,13,4,13,4
72,57,4,2,4,2,4,2,4,2
72,58,13,4,13,4,11,4,14,6
72,59,19,7,18,7,16,6,19,5
72,60,23,7,23,7,19,5,16,5
72,61,24,8,22,8,23,8,20,7
72,62,243,9,222.5,9,223.5,9,206.5,9
72,63,44,14,48,14,46,13,45.5,13
72,64,298.5,19,277.5,19,254.5,19,253,18
72,65,49,10,44.5,9,41.5,8,41,8
72,66,22,7,19,6,23,5,18,5
72,67,15,3,12,3,15,3,13,3
72,68,142,20,150,21,151,20,158.5,20
72,69,130,14,132.5,14,126,14,129,14
72,70,107.5,11,110.5,11,110.5,11,111,11
72,71,296,27,285.5,27,287.5,27,288,26
72,72,236.5,21,242.5,22,236,21,231.5,20
72,73,150,18,138.5,18,137.5,18,131.5,17
72,74,480,31,486,30,490,29,482,28
72,75,450,24,437.5,24,425.5,24,413,25
72,76,1189,36,1155.5,37,1196.5,38,1196,37
72,77,124,21,120.5,21,129.5,20,137.5,19
72,78,221,20,220.5,21,207.5,21,215.5,21
72,79,136.5,23,133.5,23,109,21,107,23
72,80,246,19,246,18,253,18,253,19
72,81,583,21,555.5,20,523.5,18,510.5,20
72,82,1395.5,24,1363,24,1291.5,28,1272.5,29
72,83,11984.5,9,11760,8,12011.5,8,12020.5,8
72,84,4062.5,26,4046,24,3958,19,3936.5,20
72,85,592,30,587,31,589.5,31,556.5,29
72,86,445,28,440.5,27,417.5,28,427,28
72,87,49,15,45,14,46,14,35,12
72,88,47,7,45,7,42,7,39,7
72,89,13,3,12,3,13,3,14,3
72,90,213.5,19,201.5,19,180.5,21,178,21
72,91,33,12,32,10,34,9,35.5,10
72,92,27,7,26,7,23,7,23,7
72,93,37,12,36,12,41,10,37,10
72,94,27,11,26,11,27,10,27,11
72,95,53,17,50,17,47,17,38,17
72,96,31,10,30.5,10,26.5,10,33,10
72,97,374.5,33,365,34,359.5,33,353.5,33
72,98,113,13,100.5,12,91.5,12,93,11
72,99,82.5,18,84.5,19,83.5,20,79,19
72,100,218,22,206.5,22,206,23,194,23
72,101,37,14,30,14,26,11,26,13
72,102,88,17,91.5,16,80.5,16,78,18
72,103,15,6,14,6,15,5,16,5
72,104,30.5,8,35.5,8,33.5,9,31.5,9
72,105,36,6,28,6,33.5,7,29.5,5
72,106,117,14,126,14,120.5,15,117,15
72,107,49,8,50,10,46.5,11,44,11
72,108,2714,27,2700,23,2670,25,2700.5,25
72,109,391,15,398.5,15,399.5,18,424,17
72,110,158,13,160,12,151,14,140,12
72,111,279,29,285,28,284.5,28,289,27
72,112,44,7,55,7,59,7,60,7
72,113,2140.5,29,2255.5,29,2396,29,2441,29
72,114,187.5,18,203.5,18,224.5,18,235.5,18
72,115,288.5,21,350.5,19,356.5,20,344,19
72,116,23,10,21,8,20,9,20,9
72,117,3,2,2,1,3,2,3,2
72,118,30,9,26,9,25.5,9,25,9
72,119,70.5,9,74.5,9,78.5,9,73,9
72,120,15,5,8,3,5,2,7,3
72,121,11,3,12,3,11,3,10,3
72,122,60,15,62,16,61,17,65,18
72,123,24,8,25,8,28,9,29,10
72,124,95,24,91,24,89.5,24,89.5,26
72,125,66,14,64.5,16,58.5,13,54.5,13
72,126,37,8,38,8,34,6,36,7
72,127,9,2,9,2,11,2,10,2
73,0,13,5,13,4,11,4,9,4
73,1,40,12,37,13,37,12,35,11
73,2,83.5,20,89,19,85.5,18,78,20
73,3,86.5,18,78.5,18,76,15,63,18
73,4,34,12,38.5,13,40.5,12,36,11
73,5,19,7,19,8,31.5,8,29.5,8
73,6,37.5,7,39.5,7,42,8,35.5,7
73,7,66,21,64,19,66,19,67,18
73,8,65,16,61,16,53,17,51,15
73,9,67,11,70,11,71,11,67,10
73,10,16,4,11,3,13,4,9,5
73,11,33.5,10,39,10,34,11,35,13
73,12,66.5,19,63.5,20,68,21,68,21
73,13,39,15,37,14,44,15,43,14
73,14,44,12,48,13,46,12,55,15
73,15,30,12,34,14,28,11,27,14
73,16,41,10,37,10,34,10,35,11
73,17,21,6,18,6,20,7,14,7
73,18,30,13,33,13,28,12,31,12
73,19,28,8,26,8,24,8,26,8
73,20,48,10,40,9,44,9,46,10
73,21,578,45,581,44,576.5,46,595.5,45
73,22,58,15,59,14,60,15,59,14
73,23,18,6,21,6,20,7,19,6
73,24,96,22,96,23,85,23,89,24
73,25,99,20,98,20,99,20,101,21
73,26,50,13,49.5,12,53.5,13,56,13
73,27,27,8,28,8,24,7,29,8
73,28,130.5,25,134,24,139.5,24,153,24
73,29,66,14,62,13,60,12,61,12
73,30,174,24,170.5,24,169,23,164.5,23
73,31,336,35,335.5,36,331.5,37,351,36
73,32,112.5,17,113,17,116,17,105,17
73,33,41,11,44,12,39,12,40,11
73,34,136,15,136.5,16,119.5,15,126.5,16
73,35,65,13,68,13,73,14,73,15
73,36,35,10,39,11,37.5,11,35,11
73,37,30.5,10,30,10,30,10,35,12
73,38,36.5,9,42.5,11,40.5,13,35,11
73,39,264,18,272,18,256,20,273.5,19
73,40,30,8,30,8,31,8,28,7
73,41,27,7,24,6,26,6,25,7
73,42,36,8,31,8,34,8,34,6
73,43,145.5,14,133,15,138,13,140,15
73,44,57,12,52,12,47,12,52,12
73,45,4,2,4,2,4,2,4,2
73,46,21,3,21,3,19,2,19,2
73,47,29,8,28,6,21,7,22,8
73,48,196,18,183,20,191.5,18,178.5,18
73,49,35,7,34,8,28,8,26,8
73,50,480.5,23,457.5,20,455,21,437.5,22
73,51,186,17,167,19,159,18,154,17
73,52,16,6,16,5,12,4,11,4
73,53,27,10,24,10,21,9,16,7
73,54,61,17,59,15,55,15,66,18
73,55,41,12,40,11,38,11,37.5,10
73,56,233,13,205.5,14,216,13,215,13
73,57,7,4,8,4,8,4,10,4
73,58,40,11,37,11,31,10,32,10
73,59,2,2,3,2,5,3,5,3
73,60,14,3,15,4,17,4,18,4
73,61,9,2,10,2,11,3,11,3
73,62,33,7,35,8,33.5,8,29,8
73,63,76.5,7,65,7,71,7,65,7
73,64,124.5,15,123,15,116.5,14,118,15
73,65,336.5,18,356.5,18,352.5,17,332.5,17
73,66,604,30,568,30,591,28,599,31
73,67,153,15,161,13,164.5,15,167,14
73,68,64,11,62,11,58,10,61,10
73,69,621.5,20,606.5,19,616.5,20,586,19
73,70,358,19,353.5,19,367,19,384,20
73,71,453,28,455.5,28,444.5,27,426.5,24
73,72,309,28,313.5,28,300.5,28,315.5,28
73,73,49,10,47,10,47,9,41,10
73,74,214,25,210.5,25,203.5,24,204.5,24
73,75,14,3,15,3,13,3,14,3
73,76,55,6,56,6,51,6,39.5,4
73,77,2,1,2,1,2,1,2,1
73,78,4,1,4,1,,,4,1
73,79,237.5,27,240.5,26,244,27,232.5,25
73,80,1225.5,28,1245,28,1249.5,26,1247.5,25
73,81,91.5,14,92,16,93.5,14,103,13
73,82,881.5,35,855.5,36,859,35,845.5,34
73,83,1755.5,46,1712.5,46,1685.5,47,1673,48
73,84,1680,37,1655,36,1637.5,37,1579,36
73,85,117,23,126,21,126,22,115,21
73,86,311.5,13,311.5,12,304,13,332,15
73,87,685,25,659,26,667,27,637,25
73,88,238.5,23,231,23,234.5,23,225.5,24
73,89,133.5,3,111,4,127,3,124.5,3
73,90,78,10,73,9,68,7,71,8
73,91,21,7,15,7,15,5,19,7
73,92,47,7,36,7,43.5,7,46,7
73,93,40,8,43,9,39,9,35,7
73,94,63,19,69,18,65,18,74,18
73,95,102.5,25,96,24,91,23,86,24
73,96,489,29,490,29,494.5,28,501,29
73,97,30,7,33,6,30,8,32,8
73,98,272.5,18,281.5,19,245.5,18,272.5,20
73,99,111.5,20,108,20,109,20,118.5,20
73,100,31,8,26.5,8,25,8,26,8
73,101,25,6,25,6,20,5,19,4
73,102,64,19,56,18,55,17,53,18
73,103,369.5,27,363.5,27,351,28,355.5,27
73,104,1,1,2,1,,,,
73,105,99,11,111,12,110,11,124,11
73,106,833.5,27,820.5,28,827,28,825,29
73,107,157.5,23,164,24,161,22,153.5,23
73,108,459,24,455,27,467.5,26,458.5,25
73,109,45,12,46.5,12,44.5,11,38.5,10
73,110,32,6,31,6,27,6,26,6
73,111,845.5,25,835,26,893.5,26,926.5,26
73,112,222.5,27,229,27,231.5,28,239,28
73,113,447,14,458,15,450,15,465.5,15
73,114,431.5,22,479,21,500,20,489,21
73,115,54,13,54,14,59,13,53,14
73,116,132.5,16,124,14,136,12,134,14
73,117,9,2,8,2,2,1,1,1
73,118,212.5,30,197.5,28,209,28,211,27
73,119,1081,26,1089,24,1071,23,1038.5,24
73,120,5,3,4,2,4,2,4,2
73,122,103.5,18,103,18,107,17,120,18
73,123,110,7,106.5,7,104.5,7,95.5,6
73,124,48,15,54,16,65,15,66,16
73,125,8,3,9,3,17.5,4,16,4
73,126,39,10,43,10,47,11,43,11
73,127,63,14,58,14,54,15,53.5,13
74,0,172,29,168.5,27,174,28,150,29
74,1,163,11,153.5,12,133.5,12,136,12
74,2,70,14,54,14,54,11,47,14
74,3,19,5,22,5,23,4,26,7
74,4,75,21,77,21,71,20,75.5,21
74,5,222,27,217,28,206,29,211.5,33
74,6,101,21,108,22,107,23,117.5,22
74,7,64.5,17,50,16,51,17,52,16
74,8,14,3,15,3,18,3,19,5
74,9,37.5,10,32.5,9,31.5,9,27.5,9
74,10,42,15,38,14,39,15,41.5,15
74,11,37,13,42.5,14,48,13,47,14
74,12,343,45,330.5,45,336,43,327.5,42
74,13,17,7,18,7,15,7,14,6
74,14,56.5,8,56,9,65.5,9,69.5,10
74,15,38,9,33,8,32,9,34,10
74,16,97,18,80,20,92,19,91.5,18
74,17,60,13,64,13,67,15,71,16
74,18,65,18,66,18,67,18,66,18
74,19,18,7,21,10,20.5,10,25,10
74,20,20,9,23,10,21,10,20,9
74,21,90,19,101.5,20,100.5,20,114,22
74,22,55,13,54,13,43,12,45.5,12
74,23,52,8,46,7,51,7,52,8
74,24,52,15,45,16,54,16,54,15
74,25,63,14,65,14,56.5,13,66,14
74,26,27,9,26,9,28,9,31,9
74,27,31,8,30,9,30,8,30,8
74,28,33,10,35,10,33,12,40,11
74,29,375.5,21,365.5,22,356,24,372.5,23
74,30,28.5,8,26,8,26,9,29,9
74,31,59.5,13,55.5,13,72,14,60.5,14
74,32,124.5,19,126,19,130,19,133,19
74,33,166,25,165.5,26,161,26,155.5,26
74,34,59,10,65.5,12,75,10,61,11
74,35,65,15,68,15,64,15,54,14
74,36,10,2,8,2,8,2,4,2
74,37,17,5,13,6,19,7,15.5,5
74,38,27,8,24,8,17,8,14,7
74,39,93,13,88.5,13,88.5,12,91,12
74,40,1,1,,,,,,
74,41,37,9,35,8,35,9,35,9
74,42,19,8,18,9,18,8,27,7
74,43,29,7,30.5,8,28.5,9,25.5,8
74,44,97,18,93,17,102,17,94,16
74,45,29,10,25,9,22,8,21,8
74,46,67,15,74,15,68.5,15,75,16
74,47,10,3,8,2,6,2,5,1
74,48,19,5,14,5,17,5,12,4
74,49,12,5,11,5,9,4,4,4
74,50,541,22,572,23,570,20,555.5,22
74,51,188.5,12,184.5,13,193.5,14,188.5,13
74,52,96,19,83,19,80,21,72.5,21
74,53,215,24,197,25,208.5,23,204,21
74,54,48,13,40,15,40.5,14,51.5,15
74,55,54.5,14,49,13,43.5,13,44.5,14
74,56,60,15,64,15,63,16,52,14
74,57,84.5,13,86.5,14,82,15,78.5,15
74,58,249.5,11,236.5,14,223.5,13,238,13
74,59,16,2,17,3,16,3,13,2
74,60,90.5,15,93,15,90,15,90.5,14
74,61,114.5,22,98.5,21,107.5,21,97.5,21
74,62,801.5,37,807,37,767,36,792.5,37
74,63,117,14,110.5,13,104.5,14,116,12
74,64,279,22,287,23,282.5,22,294.5,23
74,65,168,17,164,16,168,16,163,16
74,66,453,26,435,27,437.5,26,445.5,26
74,67,565.5,23,531.5,23,530,25,522.5,25
74,68,206,15,212.5,16,222.5,15,218.5,14
74,69,4041,27,3903,26,3859,26,3838.5,26
74,70,293,24,308,23,316,24,325,25
74,71,18,7,20,8,22,8,19,8
74,72,65,12,69,12,63,13,59.5,12
74,73,16,4,16,4,15,4,11,4
74,74,15,7,14,6,13,6,11.5,5
74,75,51,9,47,10,43,9,35,8
74,76,58,8,53.5,8,48.5,8,46,9
74,77,69,16,75.5,15,72,16,69,16
74,78,312,17,304,17,298,15,292.5,15
74,79,247.5,30,255,29,251.5,31,243,30
74,80,55,16,51,15,57,16,57.5,16
74,81,442.5,30,416,27,395.5,28,378.5,28
74,82,79.5,22,80.5,23,82,22,84,24
74,83,192,36,170,34,183,34,183.5,35
74,84,66,18,64,18,65,18,62,17
74,85,14,6,16,6,16,7,17,7
74,86,361,27,344,27,360.5,26,360.5,27
74,87,237.5,25,236,25,230,25,213,24
74,88,136,10,144,10,141,9,143.5,8
74,89,243,25,240,26,241,25,238.5,25
74,90,161,14,150,14,164,17,162,17
74,91,314,23,298,23,286,22,290.5,24
74,92,110,15,99,15,110.5,13,101,14
74,93,117,10,123,10,112,9,116.5,11
74,94,249,25,254.5,25,242.5,25,254,23
74,95,98,11,104,9,100,9,89,9
74,96,664,22,662,22,640.5,23,672,26
74,97,111,16,114,15,104.5,16,103.5,17
74,98,501.5,25,503,24,506.5,24,483,24
74,99,108.5,19,104.5,18,95.5,18,95,18
74,100,120,18,113,18,118.5,19,112.5,19
74,101,546.5,25,541.5,23,499.5,25,508.5,27
74,102,266,17,274,16,251,18,270.5,19
74,103,58.5,10,56,11,58,10,48,10
74,104,16,4,16,4,13,4,13,4
74,105,27,8,25,7,24,8,26,9
74,106,12,5,10,5,13,6,10,5
74,107,259,29,266,29,266,30,260.5,31
74,108,43,9,41,8,40,10,40,10
74,109,3,1,3,1,,,1,1
74,110,139,19,136,19,155,19,151.5,18
74,111,59,12,55,12,53,12,48,11
74,112,728.5,24,708,23,726,24,713,24
74,113,224.5,28,222.5,29,221.5,28,213,28
74,114,735,14,738.5,14,727,12,710.5,11
74,115,120.5,8,115.5,9,117,8,119,8
74,116,177.5,11,172.5,11,185.5,10,179,10
74,117,44,10,41,8,41,10,41,10
74,118,839,29,908,30,1019.5,27,1129.5,27
74,119,79.5,13,81,13,75.5,12,70,14
74,120,42.5,9,40.5,10,40.5,10,44,10
74,121,9,3,10,3,8,3,9,3
74,122,117,22,113,23,106.5,22,115.5,24
74,123,883,22,891,22,900,22,924.5,22
74,124,68,13,66,13,64.5,13,63.5,12
74,125,25,8,30,10,25,8,22,7
74,126,33,13,29,13,28,13,26.5,12
74,127,53,14,51,14,45,11,52,13
75,0,206.5,33,217.5,33,223.5,34,226,35
75,1,204.5,23,203.5,24,183.5,22,182.5,26
75,2,87,15,84.5,15,93,15,84.5,18
75,3,24,8,23,7,27,8,22,5
75,4,143.5,26,150.5,28,150.5,31,161.5,31
75,5,92,21,97,20,90.5,20,87.5,18
75,6,34,14,37,14,36,14,34,15
75,7,73,20,70,21,77,21,65,20
75,8,44,12,42,13,45,12,49,14
75,9,34,10,37,9,32.5,8,29,9
75,10,32,7,31,6,27,7,28,7
75,11,60.5,23,56,20,54,20,46.5,19
75,12,43,16,54,17,50.5,16,50.5,16
75,13,57,15,49,15,45,15,57,15
75,14,19.5,5,22.5,7,21.5,7,25,8
75,15,78,16,78,14,73.5,15,84,14
75,16,33,12,30,12,35,10,29,9
75,17,50,10,60,12,61.5,13,56,12
75,18,26,9,30.5,10,31,10,33,10
75,19,40,11,35,11,34,11,35.5,10
75,20,96,22,91,22,86,22,100,24
75,21,74.5,12,70.5,12,61.5,11,74,13
75,22,36,9,36.5,9,39,9,38,9
75,23,64.5,18,61,18,53.5,18,68,18
75,24,238,17,215,20,211.5,17,214,19
75,25,79,19,82,18,81,20,80.5,20
75,26,157,26,151.5,24,148.5,24,157,23
75,27,179,23,169.5,22,154,24,153.5,23
75,28,66.5,11,61.5,13,64,11,60,13
75,29,131.5,19,125.5,19,118,18,123.5,19
75,30,97,17,96.5,18,102,17,96,16
75,31,426.5,41,412,41,414,42,414,44
75,32,25,5,32,6,27,6,25,6
75,33,75,14,81,13,78.5,15,83,14
75,34,99.5,12,100,12,102,13,96,13
75,35,140.5,21,135,20,126.5,21,127,20
75,36,13,5,12.5,5,13.5,7,10.5,5
75,37,15,5,11,5,8,4,10,5
75,38,77,19,63,17,64,18,66.5,18
75,39,22.5,6,24,6,21,5,26,6
75,40,18,5,17,5,13,5,14.5,5
75,41,53,15,50,14,51,14,50,14
75,42,30,8,30,7,25,7,23,7
75,43,23,4,15,4,14,4,21,4
75,44,23,5,23,5,18,5,16,5
75,45,12,5,15,5,14,4,10,3
75,46,9,3,6,3,11,4,11,4
75,47,47,8,49.5,7,43,8,37,7
75,48,15,6,15,6,14,6,14,6
75,49,14,3,7,3,10,4,8,4
75,50,13,5,13,5,11,3,14,4
75,51,10,5,11,5,7,4,10,4
75,52,37,10,36,9,33,9,34,9
75,53,52,11,45,9,52.5,10,52.5,10
75,54,139.5,13,123.5,13,110,13,118.5,15
75,55,10,4,15,5,16,5,12,5
75,56,342.5,18,334.5,18,326,18,339,17
75,57,123.5,15,118,14,115,13,110.5,13
75,58,93,16,88,15,84,17,94,17
75,59,104,8,100,8,96,8,92,7
75,60,664,23,606,23,613.5,25,630.5,25
75,61,93,8,79,9,75.5,9,71,8
75,62,75,11,77,11,67,11,69.5,9
75,63,10,2,7,1,14.5,3,12,3
75,64,11,2,11,3,8.5,3,10.5,3
75,65,11,3,11,3,14,3,15,3
75,66,39.5,10,34.5,9,30.5,8,28.5,8
75,67,102.5,16,100.5,16,92,16,94.5,16
75,68,225,16,227,18,208.5,16,208.5,16
75,69,29.5,9,25.5,8,25.5,8,22,9
75,70,152.5,13,159.5,14,173,16,177.5,15
75,71,25,9,26,9,26,8,27.5,8
75,72,12,5,11,5,13,5,9,4
75,73,31,10,27.5,10,23.5,9,24,9
75,74,54.5,15,56,16,57,15,55,15
75,75,511,29,496,30,502.5,30,489,30
75,76,4,1,2,1,4,1,5.5,1
75,77,12,3,14,3,7,3,10,4
75,78,150.5,23,160.5,24,131,25,136.5,22
75,79,10,2,8,2,7,2,9,2
75,80,44,9,41,8,39,8,37,8
75,81,133.5,22,137.5,23,137,23,123,23
75,82,470.5,35,480.5,36,469,36,467,35
75,83,393,24,405.5,23,395.5,24,386,24
75,84,31,10,34,10,36,11,27,9
75,85,76.5,19,86.5,21,82,21,78,22
75,86,487,29,462.5,28,466,26,472,28
75,87,48,11,45,11,40,10,58,11
75,88,193.5,27,175,27,182,28,189,29
75,89,966.5,15,922.5,16,915.5,16,894,15
75,90,1401.5,25,1327,24,1346.5,22,1327.5,22
75,91,490,21,484.5,21,476,21,458.5,23
75,92,542.5,13,534,13,539.5,15,539,15
75,93,519,8,518,9,508,9,499,8
75,94,149,17,153,16,154,18,143.5,17
75,95,64,15,68,15,73,14,71,15
75,96,404,18,385,19,384,19,394.5,19
75,97,92,13,88,12,83,13,88,13
75,98,74,17,66,15,78,16,75.5,14
75,99,868,37,888,38,896.5,39,886,38
75,100,138,15,129.5,14,133,16,132,18
75,101,33,10,29,10,25,9,23,9
75,102,129,22,112,23,110,22,120.5,23
75,103,47.5,10,43.5,9,43,10,42,9
75,104,7,3,12,5,11,3,9,2
75,105,22,10,30,10,26,10,27,10
75,106,20,9,20,8,14.5,7,16,7
75,107,487,18,472,18,526,18,538,18
75,108,151,14,159,16,161,16,159.5,14
75,109,61,12,57.5,12,59,12,55,12
75,110,272,28,260.5,27,281.5,28,289,28
75,111,435,21,452,21,461.5,19,455.5,20
75,112,429.5,33,451.5,34,450,32,433.5,34
75,113,281.5,29,278.5,28,261.5,28,240,27
75,114,640,30,650.5,29,629.5,27,592.5,27
75,115,340,34,319.5,35,295,33,280,34
75,116,83,15,91,15,92,15,94,15
75,117,23,6,23,7,23,6,19,6
75,118,493.5,29,485,30,466.5,28,465.5,29
75,119,133,18,131,17,137,18,146,19
75,120,28,9,28,9,24,9,28,11
75,121,22,4,23,4,21,4,24,4
75,122,53,18,56,17,56,17,51,16
75,123,18,5,21,5,15,5,18,6
75,124,21,8,21,8,24,8,24,8
75,125,34,11,27,9,31.5,11,26,8
75,126,174.5,19,168,19,175,18,174,19
75,127,1105,33,1077.5,34,1071.5,34,1084.5,34
76,0,48,7,49,8,51,9,49.5,8
76,1,46.5,14,31,10,31.5,9,48,13
76,2,120,26,129,25,132,24,136.5,26
76,3,262,41,262.5,39,242,39,242.5,44
76,4,105,26,101,24,116,27,90,25
76,5,161,36,171.5,37,177.5,37,174.5,39
76,6,36.5,10,33.5,10,38,10,43,10
76,7,27,10,31,11,30,10,28,11
76,8,30,11,35,11,28,11,28,10
76,9,46,17,46,15,52,17,55,17
76,10,12,7,11,7,10,6,11,5
76,11,14,5,12,5,13,5,14,5
76,12,39,8,32.5,8,30.5,9,29.5,8
76,13,16,7,18,8,16,8,15,8
76,14,33,9,28,9,34,10,34,10
76,15,46,10,49,11,44,12,46,12
76,16,60,12,63,14,61,12,63,13
76,17,118.5,27,114.5,26,116.5,26,139.5,27
76,18,21,6,21,6,19,5,18,5
76,19,52,15,55,15,53,14,50,12
76,20,106,11,106,11,102.5,10,99.5,10
76,21,525.5,22,510,21,487,22,526,23
76,22,116,24,125.5,24,117.5,24,117,22
76,23,58,14,53,15,58,15,65,15
76,24,57.5,10,55.5,10,55,12,50,12
76,25,56.5,10,54,10,55,10,52,10
76,26,32,10,38,9,41,9,34,7
76,27,888,29,849.5,30,860.5,29,860.5,30
76,28,1033.5,54,993,55,976.5,55,970,56
76,29,258,37,264.5,37,271.5,36,261.5,35
76,30,608.5,19,555.5,20,578.5,19,552.5,20
76,31,139.5,22,136.5,22,134.5,20,127,22
76,32,45,11,38,11,38.5,10,36.5,9
76,33,38,10,42,9,35,9,41,10
76,34,21,7,19,6,16,6,18,7
76,35,91,16,79,16,92,16,90,16
76,36,16,6,16,6,17,7,14,7
76,37,19,7,22,7,21,7,32,10
76,38,184,21,180,20,195,20,175,21
76,39,24,9,20,8,22,7,26,8
76,40,192,20,192,20,193.5,19,183,21
76,41,98,15,94,14,97,15,102,14
76,42,15,6,12,7,14,6,14,6
76,43,24,9,21,8,18,8,20,9
76,44,82,17,78,16,73,17,74,17
76,45,12,7,12,7,13,6,15,7
76,46,20,5,17,5,17,6,14,5
76,47,49,18,47,18,37.5,19,43,18
76,48,43,12,46,13,51.5,12,46,12
76,49,18,9,15,9,11,6,6,4
76,50,17,4,14,3,16.5,3,16,3
76,51,13,4,14,5,16,4,18,4
76,54,17,6,16,6,10,4,11,5
76,56,22,7,21,6,25,6,17,6
76,57,15,5,14,5,15,5,13,4
76,58,36.5,8,30.5,7,32.5,8,33.5,7
76,59,838,22,847,23,849,22,831,22
76,60,1173.5,23,1096.5,23,1097,21,1079.5,24
76,62,3,2,4,2,4,2,4,2
76,63,43,8,42,8,34,8,35,7
76,64,168,7,166,8,164,10,178,8
76,65,62.5,15,48,15,47,13,52,14
76,66,125,16,111.5,17,114.5,14,117.5,16
76,67,31.5,9,30,9,31,9,31,9
76,68,16,5,19,6,21,6,22,7
76,69,77.5,11,77.5,10,86.5,12,89.5,12
76,71,58,10,48,10,48,10,49,10
76,72,38.5,10,39.5,10,36.5,9,38,9
76,73,35,10,31,10,29,10,31,10
76,74,20,5,15,4,14,4,18,5
76,75,56.5,13,64,13,59,13,55.5,13
76,76,19,3,16,3,16,3,16,3
76,77,45,12,43,13,44,12,35,11
76,78,192.5,16,172.5,16,194,16,175,17
76,79,34,7,31,7,24,7,22,6
76,80,40,9,41,10,38,10,38,10
76,81,22,8,22,7,18,7,11,6
76,82,21,11,17,10,15,9,17,8
76,83,32,9,38,10,36,10,32,9
76,84,9,1,10,1,10,1,9,1
76,85,26.5,7,25,7,24,8,23.5,8
76,86,306.5,24,301,23,274.5,23,292,23
76,87,90,8,88,8,80,8,80,8
76,88,39,13,38,13,35,12,31,11
76,89,71,16,77,16,75,15,85.5,16
76,90,191,11,206.5,12,206.5,13,199,13
76,91,199.5,10,194.5,10,202.5,10,192.5,13
76,92,319.5,18,323.5,17,328.5,19,321,18
76,93,62.5,12,59,14,65,14,59.5,14
76,94,601.5,21,566,19,574,21,562.5,21
76,95,124,14,129,13,130,13,131,13
76,96,175,26,191,25,172,27,170.5,27
76,97,45,12,44,12,39.5,12,39,12
76,98,88,21,97.5,20,101,21,91,22
76,99,815,35,835.5,36,846.5,34,838,35
76,100,125,18,132,18,129,17,120,17
76,101,18,3,17,3,16,3,18,3
76,102,68,16,68,18,63,17,63,17
76,103,43,10,47,11,46,11,47,12
76,104,32,13,39,13,42.5,13,44,13
76,105,321.5,28,373,26,396,24,406,25
76,106,789.5,17,771,16,779,16,770.5,17
76,107,920.5,28,949,27,930.5,28,952,28
76,108,780.5,23,809,22,850,21,862.5,20
76,109,135,20,130,20,128.5,19,124,20
76,110,53,11,52,11,51,12,41,11
76,111,39,6,32,9,39,8,32,8
76,112,1222,37,1253.5,35,1287,33,1263.5,35
76,113,726,28,729.5,28,713,29,666,28
76,114,315.5,34,309,33,297,32,296.5,33
76,115,3898,30,3899,28,3863,25,3555,28
76,116,392.5,36,378.5,35,400,37,380.5,34
76,117,51,11,37,9,42,11,39,11
76,118,11,3,9,3,9,4,12,5
76,119,21,7,18,6,18,5,18.5,4
76,120,263,18,270.5,21,269,19,281,18
76,121,32,6,24.5,6,36,7,33,6
76,122,2,1,2,1,2,1,2,1
76,123,23,6,24,6,26,7,19,7
76,124,45.5,15,46,15,49,15,45,13
76,125,40,11,38.5,11,32.5,10,34.5,11
76,126,119,22,119,25,111.5,24,115.5,26
76,127,64,13,59,13,65,14,69.5,11
77,1,46,11,42,9,39,9,39,9
77,2,86.5,22,92.5,23,91.5,22,89.5,22
77,3,213,34,215,34,206.5,32,204,33
77,4,1541.5,51,1525,50,1540.5,51,1535,52
77,5,481,25,506.5,26,440,26,457.5,25
77,6,26,9,29,9,38,9,41.5,10
77,7,48,15,49.5,15,51.5,15,56,15
77,8,61.5,22,71,24,63,25,63.5,25
77,9,209,24,223.5,25,198.5,25,193.5,23
77,10,65.5,20,57,19,58,18,58,17
77,11,76,13,66,15,60,15,65,16
77,12,255,25,248,25,240.5,23,245,22
77,13,66,15,70.5,17,70,16,72.5,15
77,14,24,5,29,6,27,8,29,8
77,15,28,8,22,8,27,9,29,9
77,16,50,14,52,14,52,13,58,14
77,17,32,10,36,11,36.5,11,35,11
77,18,55,10,54,11,56,12,57,12
77,19,121.5,17,123.5,18,111,15,118.5,16
77,20,101,10,93.5,9,89.5,9,79.5,10
77,21,171,24,146.5,25,148,25,144,23
77,22,696.5,39,650.5,40,654.5,43,661.5,42
77,23,84,18,73,16,77,18,78,18
77,24,71,16,55,15,61,16,51,16
77,25,44,13,44.5,12,42.5,12,46.5,12
77,26,40,7,39,8,38,8,33,8
77,27,255,24,254.5,26,250,27,254,27
77,28,703.5,42,707,40,689,38,688.5,38
77,29,120,20,128.5,19,138.5,20,131.5,19
77,30,266,26,288.5,27,290,27,285.5,27
77,31,127,13,124,13,113,13,120,14
77,32,174,24,168.5,22,164,22,172,25
77,33,61.5,12,47,11,44.5,10,43,11
77,34,33,6,32,6,34,8,36,9
77,35,31,7,30,7,28,7,27,8
77,36,23,9,26,10,18,7,24.5,10
77,37,36,8,31,8,27,8,33,10
77,38,32,9,19,8,14,7,20,8
77,39,15,4,23,3,22,4,25,4
77,40,14,7,11,7,11,6,13,6
77,41,53,8,49,8,29,8,23,6
77,42,41,4,39,4,39.5,4,34.5,4
77,43,47,9,41,9,47.5,10,39,9
77,44,73,14,68,14,79,14,97,14
77,45,29,9,24,8,25,8,27,9
77,46,69,18,64.5,19,72,18,75.5,22
77,47,77.5,17,77,17,72,19,63,18
77,48,9,6,10.5,5,12.5,6,13.5,5
77,49,13,4,11,5,10,5,6,3
77,50,6,1,1,1,,,2,1
77,51,19,6,18,6,23,7,15,7
77,52,62,10,59,10,57,11,54,10
77,53,24,7,21,7,14,5,12,6
77,54,12,4,10,3,12,3,9,3
77,55,35,10,32,10,32,10,32,10
77,56,15,5,15,5,13,4,11,3
77,57,25,4,19,3,19,3,19,3
77,58,6,2,6,2,7,3,7,3
77,59,55,12,47,11,51,11,48,10
77,60,130,15,136,15,144,15,143.5,14
77,61,27,7,19,6,16,6,17,6
77,62,3,1,3,1,3,1,3,1
77,63,80,13,71.5,13,73.5,14,75.5,14
77,64,261,14,267,15,290,13,265,14
77,65,85,16,91.5,16,85.5,16,91,16
77,66,22,5,21,5,22,6,21,6
77,67,60,7,58.5,7,68,7,52.5,7
77,68,8,2,13,3,13,3,8,2
77,69,169,7,182,7,183,7,188,8
77,71,32,5,32,4,29,4,25.5,5
77,72,52,13,52,13,56,14,54,14
77,73,55,13,57,14,60.5,13,62.5,15
77,74,36.5,6,35.5,5,32.5,6,24.5,5
77,75,37,12,37,12,36,14,36,14
77,76,61,14,54,16,54.5,15,51.5,14
77,77,45,13,55,13,47.5,14,40,13
77,78,25,5,28,5,29,7,30,7
77,79,66.5,16,59.5,16,55.5,16,52,16
77,80,69,13,66,12,63,12,72.5,12
77,81,24,6,22.5,6,22,6,18,6
77,82,67,10,54,9,60,9,61,9
77,83,47.5,8,46.5,8,40,8,29.5,6
77,84,4,1,3,1,2,1,2,1
77,85,6,2,3,1,3,1,3,1
77,87,2,1,2,1,1,1,1,1
77,88,10,3,10,3,6,2,8,2
77,89,24.5,5,23,6,23,6,18,4
77,90,16.5,4,16,4,20,4,20,4
77,91,30,9,29,10,29,10,27,11
77,92,280.5,28,278.5,27,275,26,270,27
77,93,143,25,146,25,140,24,128.5,23
77,94,107.5,22,111.5,23,109.5,22,101.5,23
77,95,80,14,80,13,81,11,77,13
77,96,356.5,26,371,25,371,25,348,25
77,97,66,15,58,14,70,15,67,14
77,98,47,15,45,14,48,14,38,12
77,99,2728,33,2697.5,34,2732.5,34,2662,32
77,100,203.5,14,199,16,192,17,191,18
77,101,94,17,100,17,97,18,99,16
77,102,25.5,6,25.5,6,16,4,13,4
77,103,42,12,37.5,12,43,13,43.5,13
77,104,82,13,83,13,80,13,84,13
77,105,72,12,77,13,73,13,77.5,13
77,106,145.5,17,159,15,170,16,171,16
77,107,164,22,162,22,172,23,160,23
77,108,1630.5,32,1665,32,1664.5,32,1756,32
77,109,419.5,29,445,31,453,30,510.5,30
77,110,79,25,77,25,81,24,82,24
77,111,669.5,27,694,28,714,28,709.5,29
77,112,483,26,490.5,27,508.5,29,541.5,27
77,113,413,33,417.5,30,430,30,426,31
77,114,302,44,299.5,45,305,44,291,43
77,115,716.5,38,725,39,735.5,39,707,39
77,116,258.5,33,256.5,32,249,34,226.5,34
77,117,330.5,30,339,29,317.5,28,317,31
77,118,219.5,16,219.5,16,209.5,16,202.5,18
77,119,4,2,5,2,4,1,7,3
77,120,345,13,335.5,13,341.5,13,339.5,11
77,121,27,6,35,5,24,5,23,6
77,122,16,5,17,5,15,5,14,5
77,123,551.5,27,533,26,577.5,27,610.5,26
77,124,1025.5,32,1151.5,31,1203.5,31,1268,30
77,125,54,12,53,12,41,10,41,11
77,126,25,7,24,7,21,6,27,7
77,127,30,9,30,9,27,8,20,8
78,0,107.5,20,99.5,19,105,22,97.5,21
78,1,78,20,66,18,65,18,68,22
78,2,418.5,48,403,47,435,48,435,44
78,3,118.5,32,132.5,32,133,32,130,32
78,4,433.5,47,429,47,407.5,48,410,47
78,5,394.5,40,396.5,41,392,42,427.5,39
78,6,222.5,43,218.5,43,209.5,40,211.5,41
78,7,74.5,21,66,20,69.5,22,75.5,23
78,8,71,20,68,20,67,21,71,21
78,9,109.5,23,116,24,117.5,25,114,25
78,10,43,14,57,16,54,16,54,18
78,11,39,11,43,12,39,13,55,14
78,12,47,15,48,15,45,15,45,12
78,13,46,12,45,12,42,12,39,12
78,14,40,9,40,9,39,10,41,10
78,15,27,8,25,8,32,9,29,8
78,16,239,27,243,27,228.5,27,244.5,28
78,17,71,15,72,15,63,16,67,16
78,18,28,5,24,6,24,5,30,6
78,19,20,7,19,6,17,6,20,7
78,20,36.5,11,36.5,12,41,12,41,12
78,21,67,15,63,16,71,18,79,17
78,22,176,26,193.5,30,206,30,219.5,31
78,23,127.5,15,124.5,16,126,17,144.5,18
78,24,65,15,67.5,14,67,15,72,15
78,25,52,10,53,10,46,9,50,10
78,26,16,5,25,7,30,8,28,7
78,27,100.5,14,105,14,100,14,90.5,14
78,28,68,12,66.5,12,63.5,12,62,12
78,29,290.5,28,304,26,288.5,26,272.5,27
78,30,502,37,490,36,488,36,498,37
78,31,327,26,345,28,322,26,334,27
78,32,98,16,102,17,108,17,97,17
78,33,89,17,84,16,76,14,79.5,15
78,34,339.5,29,311,29,316,27,326,28
78,35,105.5,17,109.5,18,104,19,128.5,21
78,36,70.5,13,63.5,13,67,12,65.5,10
78,37,141,18,126.5,18,115.5,16,132.5,19
78,38,56,12,57,12,52,11,49,12
78,39,32.5,9,33,9,28.5,8,29,9
78,40,64,10,60,11,58,11,62,11
78,41,19,6,19,6,17,5,18,5
78,42,57.5,12,50.5,12,45,12,49,12
78,43,11,3,18,5,22.5,6,23,6
78,44,27,6,26,6,17,6,34,8
78,45,8,4,7,4,12,7,17,10
78,46,16,5,13,4,17,5,6,2
78,47,12,3,13,3,14,4,13,4
78,48,9,3,9,3,8,3,8,3
78,49,19,7,17,6,17,6,20,7
78,50,34,6,33,6,32,6,29,6
78,51,362.5,17,363.5,17,342,20,329.5,22
78,52,15,8,14,8,13,6,14,6
78,53,3,1,2,1,3,1,2,1
78,54,25,6,23,6,20,7,14,6
78,55,42,9,44,10,42,10,45,10
78,56,5,1,5,1,4,1,2,1
78,57,8,2,7,2,7,2,7,2
78,59,100,15,95.5,16,97.5,16,84,15
78,60,219,20,208.5,19,215,20,230,20
78,61,29,7,29,7,23,6,20,7
78,62,34.5,9,34,9,30,8,42,9
78,63,3,1,3,1,,,1,1
78,64,9,2,9,3,8,3,8,3
78,65,66,9,64,9,67,9,61,8
78,66,55,5,57,5,53,5,51.5,6
78,67,23.5,9,27,9,26.5,8,22,8
78,68,115.5,15,122,13,132.5,15,139.5,16
78,69,12,3,12,3,10,3,12,3
78,70,39,6,37,6,36.5,7,39.5,7
78,71,36,11,36.5,12,35,10,34.5,12
78,72,31,9,28,9,29,9,30,9
78,73,84.5,13,91,14,87,14,87,14
78,74,36,10,46.5,11,46,12,48,12
78,75,36,10,42,10,38,10,38,10
78,76,48.5,13,46.5,13,45.5,12,43,12
78,77,33,7,32,7,29,7,30,7
78,78,26,6,24,6,24.5,6,26,5
78,79,225,17,240,17,213.5,17,208,17
78,80,107,13,90.5,13,95,13,108.5,14
78,81,14,5,12,5,15,5,12,5
78,82,65,7,74,7,73.5,7,66.5,6
78,83,67,14,64.5,14,55.5,14,57.5,14
78,85,1,1,2,2,1,1,3,2
78,86,25,7,22,6,25,6,27,6
78,87,15,4,13,4,10,3,11,4
78,88,70,12,57,12,52,13,45,12
78,89,92.5,19,89,19,88,20,97,20
78,90,33,10,34,9,34.5,9,41,9
78,91,432.5,14,409.5,12,393.5,14,370.5,13
78,92,834.5,27,834,27,821,24,792.5,24
78,93,103,18,99,18,101,17,105,18
78,94,65,16,63,15,69,14,58,16
78,95,119.5,14,116,14,113,14,107.5,14
78,96,116,10,111,10,111,11,100.5,12
78,97,225.5,16,209,16,209.5,16,206.5,16
78,98,170,24,172.5,25,165,22,167.5,23
78,99,15,4,13,4,14,4,13,4
78,100,2,1,4,2,4,2,5,2
78,101,134,19,136.5,20,126.5,19,131.5,20
78,102,411,9,444,8,451.5,10,433,9
78,103,61,10,56,10,56,9,57,9
78,104,811,31,841,29,904.5,27,920,27
78,105,69,18,80,18,78,18,77,19
78,106,118,14,110,14,118,14,105,14
78,107,133,13,133.5,12,132.5,12,142.5,12
78,108,1997.5,28,2026,28,2043,28,2062.5,28
78,109,77,18,71.5,17,63.5,16,66,17
78,110,85.5,12,87,11,83,10,81.5,12
78,111,288.5,24,271.5,23,273,24,242,23
78,112,4552.5,18,4692.5,17,4671.5,17,4349,16
78,113,716,35,748.5,34,748,35,780.5,37
78,114,912,27,878,27,849,29,779,29
78,115,3758,35,3855.5,35,4057,35,3859,36
78,116,2553.5,32,2537.5,36,2480,33,2437.5,35
78,117,540,44,548.5,44,548.5,41,532.5,41
78,118,661,19,649.5,19,681.5,18,708.5,18
78,119,18,8,14,7,23,9,25.5,9
78,120,339,15,338.5,14,323,11,315,12
78,121,892,27,910.5,30,912,30,909,30
78,122,29,6,28,4,30,5,30,6
78,123,32,9,29,8,30,9,26,8
78,124,80,15,72,16,70.5,15,67.5,15
78,125,53,12,51,12,45,11,40,11
78,126,27.5,9,28,9,32.5,10,32,11
78,127,21,6,24,7,31,7,24,6
79,0,142.5,22,137,22,150,24,140,25
79,1,75,15,62,15,50,13,59,15
79,2,159.5,37,184.5,36,182,35,181,35
79,3,58,14,57,14,51,16,52,16
79,4,170.5,32,190.5,32,186.5,30,180,32
79,5,125.5,22,125,22,118,24,122.5,23
79,6,25,9,25,9,28,10,25,10
79,7,63.5,18,56,16,58.5,16,55.5,16
79,8,41,17,57,19,51,17,55,18
79,9,148.5,28,140.5,30,129,27,134,27
79,10,34.5,13,32.5,13,31.5,14,27.5,12
79,11,94,26,87,25,95,23,101,25
79,12,29,9,33,11,39,13,47,15
79,13,29,11,27,11,25,10,22,9
79,14,70.5,12,62.5,12,53,10,52,12
79,15,12,5,11,5,12,4,11,5
79,16,90,24,96,25,95,24,85,23
79,17,28,8,23,8,22,8,24,9
79,18,46.5,18,49,19,51.5,20,52,20
79,19,77.5,18,86,18,89,17,94,18
79,20,143,24,137,25,131.5,27,117,26
79,21,215.5,28,219.5,28,221.5,29,221.5,28
79,22,71,14,70,15,73,15,73,16
79,23,37,10,36,10,32,9,30,9
79,24,53,11,57,12,58,13,49,13
79,25,200,32,199,32,175,31,173,31
79,26,8,3,10,5,8,4,9,4
79,27,82.5,17,80.5,16,79.5,15,76,16
79,28,245,19,239,18,218,16,231.5,16
79,29,414.5,48,430.5,48,422.5,47,434.5,46
79,30,3022.5,38,3069,37,2956.5,36,2940.5,36
79,31,1582.5,46,1528,48,1434.5,47,1484,46
79,32,232.5,29,216.5,28,210.5,26,192,27
79,33,157,24,157,26,156.5,24,166,23
79,34,153,15,135,16,161,14,162.5,14
79,35,20,5,20,5,22,5,26,5
79,36,33,6,30,6,29,7,32,6
79,37,63,13,59,14,66,13,59,13
79,38,24,8,20,7,19,6,16,7
79,39,25,9,23,9,25,9,26,9
79,40,87,10,84,10,75,9,77,9
79,41,21,4,13,5,20,5,19,5
79,42,23,6,21,7,22,7,22,8
79,43,36,6,39.5,6,42,7,44.5,7
79,44,9,4,13,4,14,4,7,3
79,45,15,7,16,8,16,7,11,6
79,46,76,12,69,12,64.5,13,65,12
79,47,11,3,14,4,14,5,13,5
79,48,26,7,23.5,6,29.5,6,28.5,7
79,49,22,7,19,6,18,5,20,6
79,50,13,5,16,6,15,6,19,7
79,51,52,12,42,11,45,11,40.5,11
79,52,20,7,19,7,15,5,16,5
79,53,10.5,5,9.5,3,8.5,4,2,2
79,54,9,4,9,4,9,4,8,5
79,55,219,18,220,19,211.5,19,214,20
79,56,11,3,9,3,6,3,6,3
79,58,19,5,12,5,14,4,11,4
79,59,28,9,26,8,22,8,22,8
79,60,17,5,16,5,14,5,14,4
79,61,22,5,23,5,23.5,6,23,5
79,62,3,1,3,1,3,1,3,1
79,63,7,3,7,3,3,1,5,3
79,64,15,5,14,5,15,5,17,4
79,65,350,20,335,20,354.5,19,327,20
79,66,13,2,16,3,14,3,14,3
79,67,4,1,3,1,3,1,5,2
79,68,31,8,37,9,21.5,7,24.5,8
79,69,262,17,246,17,269,18,267,19
79,70,30,9,30,9,28,8,28,9
79,71,16,5,16,5,15,4,16,4
79,72,43,9,39,9,48,9,47,9
79,73,275,19,270.5,21,263.5,22,256.5,22
79,74,16,7,21,7,21,7,19,6
79,75,7.5,5,12.5,6,13.5,6,17.5,6
79,76,26,6,30,6,22,6,23,6
79,77,4,1,7,1,8,1,8,2
79,78,153,18,159,18,154,18,157,17
79,79,37,10,34,10,37,9,35,9
79,80,20,5,23,5,28,5,29,5
79,81,33,9,33,9,32,9,29,7
79,82,476,17,479.5,17,446.5,17,436,17
79,83,4,1,1,1,1,1,,
79,84,10,4,7,3,8,3,8,3
79,85,5,2,5,2,5,2,5,2
79,86,115,15,118,13,114.5,14,108.5,14
79,87,35,9,29,8,35,10,33,10
79,88,301,20,283,20,271.5,17,255,17
79,89,185,16,188,15,188.5,15,194,15
79,90,477.5,40,487,41,494.5,40,486,41
79,91,1856.5,30,1846.5,30,1768.5,30,1728,29
79,92,820,32,759,33,770,29,747,29
79,93,47,13,46,13,44,11,45,12
79,94,94,15,98,14,89,15,88,17
79,95,35,11,35,10,30,9,37,8
79,96,75,17,73,18,70,17,68,17
79,97,190.5,13,183,13,165.5,11,157.5,12
79,98,31,9,33,8,31,8,29,8
79,99,5,4,5,4,4,3,4,3
79,100,13,3,13,3,7,2,13,3
79,101,47,9,47,9,40,8,44,8
79,102,127.5,7,134.5,7,115.5,7,119,7
79,103,26,9,25,9,24,9,28,10
79,104,32.5,7,32,7,28.5,7,21.5,5
79,105,17,7,19,7,17,7,20,8
79,106,16,4,18,4,17,3,16,3
79,107,13,4,14,4,13,4,9,3
79,108,3080.5,23,3124.5,21,3180,20,3246,18
79,109,1261,15,1270.5,15,1280.5,15,1278,14
79,110,155.5,19,166,21,174,21,180.5,20
79,111,799,53,820.5,53,812,51,757,52
79,112,4084.5,35,4207,29,4329.5,28,4169.5,30
79,113,1345,32,1338,33,1331.5,32,1267.5,32
79,114,509,35,505.5,34,479,34,415,32
79,115,1946,49,2019.5,46,2070.5,46,1936.5,46
79,116,778,49,785,50,733.5,51,717.5,50
79,117,1287,22,1355.5,22,1356.5,21,1225.5,20
79,118,335.5,36,359.5,34,357.5,35,353.5,35
79,119,1119,39,1166.5,38,1198,39,1238.5,36
79,120,86.5,19,83,18,77.5,19,86,19
79,121,225.5,19,214,19,204,19,201.5,18
79,122,60,11,62,11,61,9,64,10
79,123,23,5,23,5,19,5,16,5
79,124,11,6,10,6,12,5,13,6
79,125,22,8,22.5,8,22,8,23,8
79,126,335.5,16,330,17,345.5,17,331,17
79,127,543.5,21,535,20,485.5,18,493,17
80,0,161.5,32,165.5,32,148,31,148,31
80,1,52.5,14,58.5,15,60.5,18,64,18
80,2,135.5,20,126.5,19,133,19,125.5,18
80,3,131.5,31,129,32,123,31,134,33
80,4,79,17,85.5,17,78,17,88,17
80,5,51,16,46,13,40,12,45,13
80,6,33.5,13,28,12,27,12,28,12
80,7,41,10,41,9,39,8,32,9
80,8,52,18,47,18,41,18,45,19
80,9,34,8,36,11,38.5,13,37,13
80,10,112,24,94.5,27,111.5,26,101.5,27
80,11,748,44,713.5,46,738.5,42,714.5,41
80,12,116,26,104,25,98,24,108.5,24
80,13,36,13,38.5,13,22,11,32,12
80,14,106,18,114,17,101,15,105,15
80,15,20,8,21,9,19.5,8,26.5,9
80,16,73,22,71,22,74.5,23,68.5,22
80,17,87.5,20,89.5,17,92,19,89,17
80,18,74.5,20,72,19,68,18,77,18
80,19,74,20,71,19,64,19,81,20
80,20,242,39,250.5,39,254,39,262,38
80,21,98,24,95,25,94,26,102,29
80,22,74,11,74.5,11,74,11,87.5,12
80,23,100.5,12,106.5,13,127,13,130.5,14
80,24,92,11,98,11,93.5,11,96,12
80,25,91,16,95,14,87.5,14,88.5,14
80,26,175.5,21,184.5,20,170,20,172,19
80,27,79.5,18,72.5,18,81,18,85.5,18
80,28,222,30,218,31,213.5,32,214,30
80,29,102,17,116,18,107,16,105.5,16
80,30,1564.5,31,1566,30,1517.5,28,1538,27
80,31,1912.5,25,1927.5,24,1903,27,1942,28
80,32,203,26,195.5,25,189.5,25,203,26
80,33,101,18,98.5,17,99.5,14,98,14
80,35,27.5,9,27.5,10,28.5,10,35.5,10
80,36,143,19,138,19,147,22,142,21
80,37,39,9,38,10,32,10,34,9
80,38,11,3,15,4,13,3,12,3
80,39,53,9,60,9,60.5,9,63,10
80,40,28,6,25,7,28,7,30,7
80,41,5,1,5,1,3,1,10,2
80,42,32,8,30,8,25,7,34,8
80,43,60,11,54.5,11,61.5,11,54,13
80,44,34,7,29.5,5,28.5,5,28.5,6
80,45,30,10,26,8,19,8,25,10
80,46,35,9,39,9,38,10,33,10
80,47,28,11,36,12,33,11,33,12
80,48,28,11,24,11,31,9,28,10
80,49,19,6,22,6,24,6,20,5
80,50,30,7,32,7,33,7,37,7
80,51,4,2,2,1,3,2,3,2
80,52,5,1,5,1,9,3,9,3
80,53,11,3,10,3,13,3,16,4
80,54,2,2,3,2,4,2,4,2
80,55,57,9,57,9,48,9,50,9
80,56,31,6,31,6,38,7,40,7
80,57,23,4,21,4,20,4,26,5
80,58,1,1,1,1,2,1,2,1
80,59,5,2,6,2,6,2,4,2
80,60,42.5,7,40,7,40,8,45.5,8
80,61,44,8,45,8,43,8,42,8
80,62,46,11,44,11,44,10,39,8
80,63,6,2,6,2,5,2,4,2
80,64,82.5,10,84.5,11,85.5,11,90,10
80,65,23.5,4,35.5,4,37,6,34.5,5
80,66,14,4,22,5,25,5,25,5
80,67,27,5,29,5,30,4,38,6
80,68,23,5,17,4,17,4,22,4
80,69,51.5,14,46.5,12,63,13,50.5,14
80,70,16,6,19,7,21,8,24,8
80,71,14,6,13,6,11,5,10,5
80,72,7,3,8,3,9,3,10,3
80,73,7,2,6,3,6,3,6,3
80,75,5,2,6,3,6,3,6,3
80,76,23.5,5,26.5,4,32.5,6,30.5,6
80,77,89,13,93,13,92,13,82.5,13
80,78,746,34,721.5,31,712.5,31,743,32
80,79,63.5,12,56.5,12,56,11,57,11
80,80,9,4,9,4,7,4,6,3
80,81,29,9,27,9,27,9,21,9
80,82,115,15,122,16,124.5,15,115.5,14
80,83,41,11,35,10,34,11,31,10
80,84,210,32,216,31,209,32,207,31
80,85,72,14,72,14,66,15,72,15
80,86,136,18,133,17,129,18,133,18
80,87,27,8,26,8,30,8,37,9
80,88,22,6,19,6,19,6,16,6
80,89,456,28,425,29,441,28,423,28
80,90,13,6,13,6,14,8,11,6
80,91,29,8,33,9,30,9,30,9
80,92,34,9,44,10,48,11,43,11
80,93,26,9,25,10,25,10,22,10
80,94,19,6,18,6,18,7,21,8
80,95,88,15,97,15,109,17,111,18
80,96,82,16,105,16,106,16,106,16
80,97,11,3,10,3,13,3,12,3
80,98,21.5,5,20,5,20.5,5,19.5,5
80,99,27,10,28,11,27,11,25,10
80,100,56.5,13,59,13,54,11,46,12
80,101,62,11,59,11,57.5,11,58.5,11
80,102,40,11,40,10,43,10,42,11
80,103,19,9,26,11,21,9,22,8
80,104,87,13,89,13,90,12,93,12
80,105,102.5,11,98,11,91,10,93,11
80,106,504,21,557.5,23,599.5,23,738,20
80,107,50,10,51,12,34,10,45,12
80,108,1181,17,1163,16,1176,14,1210,15
80,109,565,25,579,26,564,26,583.5,26
80,110,75,15,71,16,80,15,73,15
80,111,2164,22,2167.5,20,2087.5,21,1965,22
80,112,17480.5,13,17830,13,17599,14,16001.5,14
80,113,4653,14,4647,12,4575,12,3985,15
80,114,9622.5,18,9610,17,9595,18,8525.5,18
80,115,4500.5,24,4560.5,26,4607.5,24,4368,25
80,116,2841.5,41,3018,39,3034,37,2845,35
80,117,1557.5,40,1608,39,1618.5,37,1551,35
80,118,1259.5,48,1243,46,1234.5,48,1142.5,48
80,119,73,16,66,14,65,14,67,14
80,120,982.5,30,989,27,1099,30,1089,30
80,121,463,17,471,15,465,18,436.5,17
80,122,18,4,22,4,18,5,57,5
80,123,32.5,8,30,8,32,9,33,9
80,124,55,6,52,5,54,6,55,7
80,125,20,6,18,6,20,6,16,6
80,126,23,8,25,8,29,9,21,8
80,127,45,16,45,16,42.5,14,37.5,15
81,0,178.5,32,176.5,32,156.5,32,165,33
81,1,42,12,40,12,42,13,41,13
81,2,41.5,16,38.5,16,40,17,37,17
81,3,29.5,10,31,10,31,11,33,12
81,4,44,13,40.5,13,35.5,13,45,15
81,5,98,21,80,20,81,21,93,23
81,6,22,11,18,10,15,8,15,8
81,7,68,17,71,20,76,16,81.5,18
81,8,37,10,40,11,41,12,42,14
81,9,38,14,46,15,45,14,40,14
81,10,25,8,17,7,23,8,27.5,9
81,11,168,24,168,25,172.5,22,184,24
81,12,83,15,101,16,105,18,108.5,17
81,13,70,13,72,13,81,12,93.5,14
81,14,51,16,53,16,44,16,47.5,16
81,15,46,14,41,14,41.5,15,40,14
81,16,143.5,24,137,25,138,25,145,26
81,17,1050.5,47,1054.5,43,1093.5,41,1032.5,44
81,18,55.5,12,61.5,13,67.5,14,68.5,14
81,19,148,25,148.5,26,154.5,27,149,28
81,20,49,17,42,16,32,14,40.5,16
81,21,50,8,51,9,51,10,52,10
81,22,60,15,58,15,56,13,60.5,13
81,23,221.5,27,216,27,239.5,20,249,26
81,24,482,35,443,34,400,33,425.5,37
81,25,310.5,29,304.5,30,305,29,285,28
81,26,64,17,73.5,18,76.5,18,82.5,17
81,27,97,21,102,21,89,19,103.5,21
81,28,129,20,116,20,116,19,114,19
81,29,297.5,16,310.5,16,297,17,291.5,17
81,30,455.5,27,436,28,419,29,447,27
81,31,372,37,398,37,390.5,37,397.5,36
81,32,439,44,443,43,445,44,470,45
81,33,373.5,32,380.5,33,365,35,360.5,35
81,34,80,11,79,12,78,11,89,12
81,35,49,11,52,13,51,13,55,13
81,36,37,8,36.5,8,33,7,30.5,7
81,37,7,3,7,3,6,3,6,2
81,38,25,5,22,5,21,6,21.5,6
81,39,21,6,15,5,16,5,12,5
81,40,281,28,273.5,28,272,27,267,27
81,41,18,4,23,5,19,5,24,7
81,42,248,12,254,12,237,11,238,11
81,43,118,22,110,21,120.5,21,104,21
81,44,21,7,22,7,14,5,12,5
81,45,17,6,15,5,11,4,12,4
81,46,16,7,16,8,16,8,13,7
81,47,46,10,40,10,33,9,31,10
81,48,40,8,38,8,32,7,35.5,9
81,49,56,9,52,10,49,9,61,10
81,50,77,13,79,13,79,12,78.5,13
81,51,12,4,17,4,11,4,11,4
81,52,54.5,10,50,9,53,10,47,9
81,53,32,9,32,9,35,10,30,10
81,55,140,16,137.5,17,140,14,141.5,15
81,56,7,2,9,2,11,3,13,3
81,57,24,3,26,3,21,2,28,2
81,58,8,3,4,3,6,2,5,2
81,59,21,6,19,7,17,6,15,5
81,60,1588,33,1588,33,1570,30,1579.5,31
81,61,86,12,83,12,87,12,83.5,12
81,62,14.5,4,15.5,4,14,3,15,4
81,63,88.5,16,88,15,91,15,90,16
81,64,404.5,15,405.5,16,408.5,17,388,16
81,65,54,9,54,8,54,10,55,9
81,66,,,,,1,1,1,1
81,67,28,5,31,5,31,5,31,5
81,68,17,4,16,4,16,4,15,4
81,69,46,8,39,8,33,8,38,8
81,70,10,4,15,5,14,5,17,5
81,71,10,7,15,6,19,7,11,7
81,72,93,14,97,13,81,13,91,13
81,73,39,10,39.5,9,39.5,11,30,9
81,74,3,2,3,2,2,2,2,2
81,75,30,5,27,5,24,5,23,5
81,76,54,12,52,12,54,11,53,10
81,77,20,7,23,7,22,6,23,7
81,78,142,12,139.5,12,144.5,11,137,11
81,79,8,3,16,3,11,3,15,4
81,80,34,8,39,8,33.5,9,41.5,8
81,81,52,11,45,11,45,10,54,10
81,82,33,5,38.5,5,45.5,7,45,7
81,83,23.5,7,26,6,19.5,6,21,7
81,84,238,14,239.5,15,243,15,256.5,14
81,85,313.5,22,326,22,304.5,22,312,24
81,86,26,9,29,10,34,11,31,11
81,87,6,2,6,2,6,2,6,2
81,88,42,15,41,15,39,14,37,14
81,89,23,8,17,6,20,8,19,7
81,90,16,5,25.5,9,25.5,8,24,8
81,91,35,8,32,8,32,8,33,8
81,92,22,7,21,7,12,7,16,7
81,93,29,5,29,5,29,5,30,5
81,94,62,20,79.5,20,78.5,20,68,19
81,95,3,2,4,2,5,2,6,2
81,96,139,12,150,12,132.5,12,141.5,13
81,97,30,7,30,6,32.5,6,36.5,7
81,98,42,11,39,11,36,11,34,11
81,99,183,19,177.5,19,186,21,184.5,20
81,100,13,6,14,6,13,6,13,6
81,101,96,16,98,15,90,15,97,15
81,102,99.5,19,100.5,18,107.5,20,97,19
81,103,40,12,42,12,35,10,33,11
81,104,85,15,92,15,85.5,14,83,15
81,105,45,9,41,8,40,8,53.5,9
81,106,1337,30,1376.5,30,1430.5,28,1386.5,30
81,107,168,27,179.5,26,190.5,26,200.5,28
81,108,2486,24,2626,22,2848.5,21,3067.5,21
81,109,936,20,954,20,984,19,997,20
81,110,200,12,189.5,12,192.5,12,183.5,12
81,111,414.5,18,414.5,19,425.5,20,401.5,22
81,112,9680.5,11,9774,10,9774,10,9255.5,9
81,113,10841.5,17,11145.5,14,11350,13,10590,12
81,114,31767.5,2,32199,2,32331,4,30138,4
81,115,18029.5,6,18125.5,6,18098.5,6,16607,8
81,116,14376,7,14742,7,15401,6,14459,6
81,117,1725,27,1708.5,26,1666.5,25,1603.5,25
81,118,466.5,23,461,23,492,23,469,23
81,119,383,25,387.5,25,390.5,26,379.5,24
81,120,148.5,18,145.5,17,137,16,126.5,18
81,121,610,15,646,17,650.5,17,648,17
81,122,518,18,526.5,16,533,19,542,20
81,123,102,13,91,13,97,14,114.5,13
81,124,50,12,44,11,61.5,13,65.5,11
81,125,19,8,18,8,13,6,13,7
81,126,20,4,20,4,17,4,18,4
81,127,180,13,180,14,176,13,179,16
82,0,117.5,31,113,31,112,31,103,30
82,1,63,15,69.5,16,71,19,72,19
82,2,43,12,45,14,48,15,46,14
82,3,72,19,66,19,67.5,20,69,19
82,4,25,10,31,10,27,10,24,10
82,5,72,19,72,19,68,17,62,17
82,6,22,11,26,11,24,10,22,10
82,7,47,14,46,12,43,14,47,13
82,8,19,7,21,7,21,7,26,8
82,9,25,8,21,8,14,7,15,7
82,10,38,12,45,13,43,14,41,14
82,11,92,21,88,23,91,23,87,22
82,12,47,13,46,12,45,12,52,13
82,13,37,12,37,10,26,9,38,12
82,14,263.5,34,285,33,267,36,282.5,35
82,15,45,12,37,10,36,8,45,12
82,16,57,16,58,16,55.5,16,52,14
82,17,105.5,22,99,23,113,24,106.5,26
82,18,208,27,226,28,221,32,199.5,30
82,19,85,20,87,20,78,18,84,20
82,20,56,14,60,15,50,14,58,13
82,21,84,23,82,25,82,23,98,25
82,22,201,25,196,27,200.5,26,197.5,24
82,23,73.5,17,71.5,17,69.5,17,81,18
82,24,101,18,99.5,18,92.5,18,90,19
82,25,107,20,107,21,102,22,97,22
82,26,96,11,83.5,10,82,11,88,12
82,27,108.5,12,103.5,12,93.5,11,92,10
82,28,23.5,4,21.5,4,21.5,4,17.5,5
82,29,245,25,251.5,26,263,26,264.5,25
82,30,396,30,406,30,406.5,30,410.5,30
82,31,285,31,293,31,281.5,28,280.5,29
82,32,41,7,38,6,40,7,31,6
82,33,35,8,35,8,36,8,36,8
82,34,59,11,56,11,55,13,51,12
82,35,70,13,63,14,66,14,67,15
82,36,16,3,20.5,6,20,5,17,5
82,37,76,17,81.5,17,80,17,71,16
82,38,14,5,13,4,15,4,15,4
82,39,12,3,10,2,12.5,3,12.5,3
82,40,22,7,21,7,25,7,25,7
82,41,17,5,26,6,20,7,22,6
82,42,159,10,144,10,163,10,170,10
82,43,31,7,27,7,25,8,25,7
82,44,6,2,6,3,9,2,7,2
82,45,41,5,38,5,35,5,36.5,5
82,46,58,11,50,11,46,11,40,10
82,48,5,2,6,3,8,3,9,4
82,49,223,16,205.5,17,189.5,18,197.5,18
82,50,343,34,337,34,344,33,328.5,32
82,51,42,11,39,11,46,10,52,10
82,52,13,3,11,2,13,3,13,3
82,53,69,10,56,9,64,9,53,9
82,54,10,4,9,4,10,5,11,6
82,55,17,9,17,8,13,6,13,6
82,56,26,8,20,8,19,8,23,8
82,57,251.5,16,235,15,235,16,232,18
82,58,118,7,128,9,115.5,7,120,7
82,59,391,35,381.5,35,366.5,35,350.5,35
82,60,2807.5,41,2644,40,2567.5,39,2570,42
82,61,891,59,866.5,57,892,57,929,57
82,62,50,6,52,7,48,6,51,6
82,63,6,3,6,3,10,4,10,3
82,64,5,1,5,1,5,1,4,2
82,65,16,5,11,5,14,5,13,5
82,66,220,24,220,24,219.5,24,229,24
82,67,26,9,24,9,26,9,27,9
82,68,609.5,22,613,23,605,24,592.5,23
82,69,21,5,22,6,20,6,17,5
82,70,33,9,29,10,28,10,31.5,10
82,71,58,17,49,17,58.5,17,69,18
82,72,39.5,10,36.5,9,40,9,40,9
82,73,40,13,41.5,13,38.5,14,34.5,14
82,74,282.5,21,287.5,22,280.5,20,270,19
82,75,38,11,40,11,41,12,55,12
82,76,21,11,18,9,19,9,15,8
82,77,55,12,56,12,58,13,54,13
82,78,76,10,70,10,66,10,67,10
82,79,33,8,41.5,9,35.5,8,36.5,10
82,80,1082,30,1041,28,1049.5,31,1062.5,31
82,81,186.5,20,190,19,196.5,20,212,20
82,82,30,9,29,7,33,8,21,7
82,83,183,25,194,29,180.5,25,160.5,27
82,84,103,20,115,20,108,21,111,21
82,85,30,10,31,9,27,10,23,11
82,86,2,1,1,1,1,1,2,1
82,87,27,9,27.5,7,27.5,8,26.5,8
82,88,307.5,26,326,27,319,29,339.5,32
82,89,36,8,32,8,34,8,34,8
82,90,37,13,36,13,37,13,40,13
82,91,174,18,175,20,182,20,165.5,20
82,92,21,9,26,9,27,11,20,8
82,93,32,13,24,13,23,13,23,12
82,94,181,30,178,30,152,29,160,28
82,95,36.5,8,31,8,32,8,28,8
82,96,51,14,52,14,50,13,49,13
82,97,51,13,50,12,46,13,50,12
82,98,7,4,8,4,5,3,5,3
82,99,41,15,52,16,47,15,47,15
82,100,78,11,82,12,81.5,12,73.5,10
82,101,32,7,37.5,7,27,6,38,8
82,102,115,22,122,21,120,22,130.5,22
82,103,341.5,27,342,26,359.5,27,344.5,25
82,104,80.5,13,73,12,74.5,13,68,13
82,105,127.5,14,119,13,122,14,119,15
82,106,117.5,18,115,18,110.5,17,118,19
82,107,24,7,25.5,7,19.5,6,30.5,7
82,108,1820.5,29,1814.5,32,1854.5,32,1868,32
82,109,2276,23,2329.5,25,2417.5,24,2498.5,26
82,110,790.5,34,1026.5,33,1066.5,30,1110.5,31
82,111,2440,30,2450.5,29,2348.5,28,2272,26
82,112,7766.5,13,7770.5,17,7682,17,7108,15
82,113,13805,17,14116.5,16,14161.5,14,13112,13
82,114,25064.5,0,25647,2,25341.5,4,22964,4
82,115,10306,12,10869,13,11030,13,10220.5,13
82,116,10502,24,11426.5,22,12142,19,11910.5,18
82,117,2141.5,28,2172,26,2238,25,2168,25
82,118,2915.5,25,3019,24,3091.5,22,2861,24
82,119,1741,18,1738.5,19,1744,17,1678,18
82,120,911,28,935,27,975.5,26,984.5,27
82,121,582,30,598.5,30,599,28,614.5,28
82,122,75.5,15,65.5,15,60,16,53.5,14
82,123,96.5,24,102.5,25,96,26,113,26
82,124,701.5,32,706.5,32,752.5,33,794,30
82,125,145,5,144,5,136,5,127.5,4
82,126,4,2,4,2,4,2,4,2
82,127,86,16,88,16,87.5,17,89,18
83,0,96.5,21,98.5,21,109.5,21,103,21
83,1,34,10,30.5,10,35,10,41.5,10
83,2,142,21,149,21,158,21,156,22
83,3,106,24,113,24,104,25,105,25
83,4,56,15,55,14,53.5,15,47,15
83,5,19,8,23,8,23,7,19,7
83,6,38,16,33,14,46,18,42,16
83,7,30,9,24,8,24,9,26,10
83,8,432,32,429,34,409,32,419.5,32
83,9,52,13,53,12,52,11,48,13
83,10,35,12,35,12,35,11,45,14
83,11,54.5,17,56,18,56.5,17,54.5,15
83,12,9,3,12,3,10,3,10,3
83,13,7,4,6,3,6,4,5,3
83,14,217,22,207,23,224,29,199.5,23
83,15,215.5,27,199,26,186.5,23,218,24
83,16,127.5,24,116,23,126,24,127,23
83,17,73,22,93,23,95,24,89,24
83,18,51,9,47,9,45,9,42,9
83,19,46.5,12,55,14,66,14,61,14
83,20,38,12,41,12,41,11,39,11
83,21,61,13,62,13,71,14,58,13
83,22,65,14,65,15,69,16,55,16
83,23,72.5,18,75,17,79,18,76,21
83,24,97.5,18,100.5,18,105.5,18,97.5,17
83,25,116,24,119.5,23,114.5,25,118.5,27
83,26,55,13,74.5,13,72.5,13,80,15
83,27,543.5,35,537.5,33,516.5,33,561.5,33
83,28,60,14,57,14,57.5,13,61,14
83,29,247.5,27,244.5,27,232.5,26,228,28
83,30,117,13,123,13,122,14,119,13
83,31,145,23,148.5,24,158.5,22,170.5,23
83,32,191.5,17,181.5,17,180,17,189.5,18
83,33,91.5,9,97.5,10,97.5,10,100,12
83,34,323.5,30,319.5,30,308.5,32,309,32
83,35,35,6,37.5,5,39.5,5,43,5
83,36,23,4,21,4,26,5,28.5,5
83,37,28,7,27,7,28,7,26,5
83,38,111,17,107,15,95,15,89.5,16
83,39,107,9,110,9,106,9,111.5,9
83,40,16,4,18,4,18,4,17,4
83,41,35,6,41,9,39.5,9,36.5,9
83,42,32,5,31,6,32,6,34,7
83,43,6,2,8,3,7,2,6,2
83,44,36,7,30,6,28,7,17,5
83,45,60,11,53,12,55,12,49,12
83,46,133,11,123,11,117.5,11,109.5,12
83,47,104,21,108,21,103,20,101.5,20
83,48,55,15,49,14,52,12,55,11
83,49,72,17,77,18,74.5,15,78.5,17
83,50,80.5,12,83.5,11,80.5,14,81,14
83,51,50.5,9,48.5,12,43,12,40,12
83,52,50,13,45,12,44,13,47,16
83,53,15,5,10,4,14,6,14,6
83,54,36,10,35,11,39,10,33,11
83,55,13,4,16,4,17,4,17,3
83,56,11,6,8,5,10,6,11,6
83,57,44,8,32,8,39,7,37,7
83,58,14,5,13,5,8,4,7,4
83,59,17,4,18,4,14,4,15,4
83,60,121,12,120,12,116,10,122,12
83,61,28,6,32,7,37,6,26,5
83,62,5,2,5,2,5,2,8,2
83,63,61,10,44,9,49,9,52,10
83,64,16,7,16,6,11,5,19,5
83,65,2,1,1,1,1,1,1,1
83,66,35.5,7,32.5,8,31,8,31.5,7
83,67,213,12,209,12,209,12,201,12
83,68,899.5,36,860.5,37,851.5,36,844,35
83,69,30,6,28,7,29,7,34,7
83,70,227.5,26,221,26,213,25,210,24
83,71,34,8,35,8,29,7,27,7
83,72,26,6,28,7,26.5,9,22,8
83,73,14,4,13,4,12,4,17,4
83,74,78,8,66,8,67.5,10,66,9
83,75,57,14,55,14,42,12,37.5,13
83,76,69.5,10,72.5,9,66,9,72,10
83,77,204.5,15,186,15,202,17,216,16
83,78,64,9,64.5,9,60,9,61,9
83,79,48,10,44.5,10,48.5,10,44.5,11
83,80,38,11,30,10,40,11,35,11
83,81,108,21,101,21,103.5,20,99.5,22
83,82,47,8,47,8,46,8,41,8
83,83,38,8,37,9,30,8,29,9
83,84,22,9,22,9,24,10,24,11
83,85,31,11,30,10,27,10,24,10
83,86,23,6,21,6,20,6,17,6
83,87,77,19,76,19,74,19,67.5,19
83,88,308.5,20,298,23,292.5,22,273,21
83,89,37,12,33,10,28,9,27,9
83,90,8,3,9,4,9,4,11,4
83,91,21.5,5,19,4,21,5,21,6
83,92,20,4,17,4,18,4,20,5
83,93,40,10,37,10,37,9,38,10
83,94,309,28,329,27,310,28,287.5,28
83,95,49,12,54,14,62,14,62,15
83,96,79,16,85,15,96.5,15,95.5,15
83,97,394,33,408.5,33,381.5,35,376,35
83,98,16,5,23,6,23,6,20,6
83,99,133,29,127,28,140.5,28,142.5,29
83,100,588,23,564.5,23,567,23,591.5,23
83,101,186,12,187.5,12,178.5,12,178.5,12
83,102,13,4,10,3,10,3,9,3
83,103,101.5,28,109,29,108,28,99.5,27
83,104,109,19,116,18,112,18,103,18
83,105,1405,33,1414,33,1434.5,32,1463.5,31
83,106,144.5,16,122,16,135,15,140,16
83,107,64,11,62,11,58.5,10,59.5,10
83,108,1656.5,23,1597,22,1591,22,1615.5,22
83,109,336,23,338,23,336.5,22,375.5,21
83,110,385.5,24,396,23,411,24,401.5,23
83,111,718.5,26,721,25,696.5,25,655,24
83,112,6320,18,6285,18,6207.5,18,5814.5,17
83,113,3312,9,3311.5,9,3354,9,3063.5,9
83,114,8673,12,8711,12,8728.5,12,8046.5,10
83,115,887.5,36,928.5,36,934,36,880,35
83,116,330.5,17,361,18,371.5,16,412,15
83,117,178.5,12,206,10,225,10,233,11
83,118,1130,14,1166.5,14,1191.5,14,1159,14
83,119,430,16,414.5,15,399,15,377,15
83,120,58,7,58,8,52,8,48.5,8
83,121,40,14,44,15,40,15,35,11
83,122,43,15,37,14,35,12,40,15
83,123,135,24,138,24,130,22,115,21
83,124,10,5,9.5,5,12,4,12,4
83,126,96,8,95,8,98,8,96,8
83,127,274,21,285,22,294,19,294,19
84,0,89,23,91,24,86.5,21,92,24
84,1,41,10,44,10,43,10,41,9
84,2,34.5,10,35.5,10,28.5,10,24.5,9
84,3,41,13,42.5,15,40,14,36,15
84,4,21.5,9,21,9,23,9,20,8
84,5,14,4,17,4,18,4,19,4
84,6,24,7,21,7,20,7,19,7
84,7,31,14,32,14,36.5,15,38,17
84,8,193.5,34,204,34,204.5,30,193.5,29
84,9,38,8,44,8,49,10,40.5,10
84,10,28.5,5,30.5,5,25.5,5,22.5,5
84,11,44,13,43,12,39,11,44,13
84,12,19,6,17,6,20,6,13.5,5
84,13,120,22,118.5,21,111,24,112.5,24
84,14,47.5,15,42.5,15,39,16,44,17
84,15,45,16,43,16,44.5,15,39.5,13
84,16,78.5,15,77,14,76,15,79,15
84,17,47,11,42,11,45,11,45,10
84,18,107.5,15,106,16,104,16,102.5,15
84,19,47,14,45,15,50,15,52,16
84,20,72,16,78.5,19,84.5,17,83,17
84,21,61,13,56.5,14,56.5,13,55.5,12
84,22,163,26,154.5,28,153.5,26,144.5,27
84,23,157,29,146,29,154.5,29,147.5,26
84,24,108,21,97,21,95,22,89.5,21
84,25,53,15,54,15,41,15,42.5,14
84,26,115.5,19,113,20,110,24,129.5,23
84,27,166,19,162,19,170,20,159,20
84,28,90.5,7,91.5,7,71,6,84,6
84,29,887.5,35,889,35,865,36,868,34
84,30,162,27,171,27,161,26,152.5,25
84,31,180.5,24,183.5,23,206,24,201,24
84,32,197.5,27,194.5,27,190.5,27,184.5,26
84,33,164,16,153.5,17,167,17,167.5,19
84,34,73,18,66.5,17,73,18,67.5,16
84,35,83,16,88,17,102.5,16,88.5,15
84,36,36.5,12,36,12,29,10,34,10
84,37,35.5,5,39.5,6,38.5,5,32.5,5
84,38,34,9,35,9,36,7,32,7
84,39,8,3,8,3,8,3,8,3
84,40,18,5,18,5,9,3,17,5
84,41,5,2,5,2,6,3,5,3
84,42,6,2,5,2,5,2,3,2
84,43,10,4,10,4,5,3,5,3
84,44,44,10,43,11,46,11,36,10
84,45,74,7,63,5,71,6,68,7
84,46,61,10,51,9,57,9,55,8
84,47,48,8,51,8,36,7,39,8
84,48,24,7,26,8,27.5,10,31,9
84,49,87.5,13,87.5,12,77,11,72.5,13
84,50,30.5,9,32.5,9,32.5,8,32,8
84,51,36,11,40,11,29,11,30,11
84,52,53,10,59,11,51,9,55,10
84,53,39,7,24,7,22,7,20,7
84,54,27,10,26,10,30,10,25,10
84,55,113.5,10,105.5,11,124.5,9,113.5,11
84,56,69,12,72,12,71,11,71,10
84,57,9,4,7,3,8,3,10,3
84,59,3,1,3,1,3,1,3,1
84,60,1,1,,,4,1,4,1
84,61,9,2,9,2,9,2,11,3
84,62,2,1,2,1,2,1,2,1
84,63,2,1,2,1,,,2,1
84,64,89,5,87,6,85,6,91,5
84,65,46,10,46,9,46,10,42,10
84,66,20,9,21,9,17,8,23,9
84,67,43,10,38,10,30,9,36,10
84,68,33,6,35,6,32.5,6,29,5
84,69,17,5,15,5,20,5,15,5
84,70,16.5,4,22,5,19,4,21,5
84,71,34,8,38,8,35,8,32,7
84,72,29,6,29,6,26,5,21,5
84,73,19,5,14,4,14,4,17,4
84,74,40,10,44,12,48,10,39.5,12
84,75,296,30,280,30,282,29,287,31
84,76,72,16,80,16,74,16,73,15
84,77,50,13,51,15,52,14,55,14
84,78,75,17,75,17,77.5,17,74,17
84,79,10,3,10,3,10,3,11,2
84,80,898,33,883,33,864,35,868.5,36
84,81,25,9,29,9,23,8,26,8
84,82,5,2,6,2,6,2,6,2
84,83,2,2,2,2,2.5,2,4.5,2
84,84,51,15,44.5,14,46.5,15,48,15
84,85,80,14,73,14,67,15,67.5,14
84,86,19,7,24,7,25,8,24,6
84,87,48,15,52,16,48,14,46,14
84,88,20,6,18,6,19,6,15,5
84,89,11,4,9,3,10,4,11,4
84,90,27,10,30,10,32,9,32,9
84,91,90,17,95,17,102,18,97.5,16
84,92,42,7,34,6,38,6,31,5
84,93,27,7,28,8,21,7,26,9
84,94,967.5,32,952,33,936.5,32,924,31
84,95,726,27,726,30,697,34,660,34
84,96,18,5,17,5,14,5,15,5
84,97,79.5,18,80.5,18,77.5,19,84,19
84,98,7,3,6,3,6,3,9,4
84,99,30,13,35,13,32,13,33,13
84,100,459.5,28,456,30,452,29,435,30
84,101,48,14,52,13,52,12,47,13
84,102,102,14,108,15,109,17,96.5,17
84,103,25,6,22,6,24,7,24,7
84,104,100,13,104,12,101.5,12,97.5,12
84,105,238,24,224.5,24,213.5,23,199,24
84,106,136,18,142,18,130,17,127.5,16
84,107,57,15,58,15,61,15,63,14
84,108,2646.5,31,2636.5,32,2641,32,2567.5,33
84,109,833.5,45,855,43,842.5,44,891,42
84,110,175.5,17,165,18,150,16,151,17
84,111,43,9,44,9,53,10,49,10
84,112,2109.5,30,2211,32,2280.5,32,2311,29
84,113,640,21,685,19,672.5,18,679,18
84,114,4191.5,29,4213.5,28,4232,25,4259.5,25
84,115,1563,23,1577.5,25,1583.5,25,1434.5,24
84,116,1184.5,40,1203,40,1213,40,1211.5,40
84,117,1741,23,1763,21,1750,21,1596,22
84,118,147,13,167,12,207,11,259.5,10
84,119,224,28,230.5,27,222.5,27,212.5,26
84,120,41,11,38,11,36.5,12,31.5,10
84,121,61.5,16,58,18,59,17,62,17
84,122,348.5,26,314.5,26,319.5,28,302.5,26
84,123,281,18,291,18,311,18,338,16
84,124,23,6,24,6,22,7,19,8
84,125,4,1,5,1,5,1,5,1
84,126,16,5,15,5,15,5,18,5
84,127,18,9,17,9,21,11,19,10
85,0,68.5,25,68.5,23,57.5,23,52.5,21
85,1,98,23,102,24,103,25,97.5,26
85,2,395.5,27,406,28,378.5,26,364.5,26
85,3,34,9,28,8,30,10,35,10
85,4,45,12,48,11,50,13,53,13
85,5,154,30,144,27,140.5,27,131,27
85,6,28,8,33.5,9,31,9,26,8
85,7,17,8,15,7,17,7,12,6
85,8,67,15,71,16,78,16,89,17
85,9,32.5,12,28.5,11,23,10,26,11
85,10,44,10,49,10,46,9,46,9
85,11,56,16,51,17,48,15,52,16
85,12,145,24,145,24,136.5,26,140.5,23
85,13,110,26,102,25,97.5,24,104.5,25
85,14,76,21,81,21,91,25,88.5,26
85,15,56,16,54,17,47,16,47,16
85,16,74,15,73.5,16,68,15,79,16
85,17,33.5,8,34,7,38.5,8,39.5,8
85,18,338.5,42,332.5,43,348,43,328,43
85,19,259.5,24,283,27,269,28,278.5,27
85,20,30.5,10,37.5,11,35.5,11,37.5,12
85,21,57.5,17,54,20,49,16,43,15
85,22,43,11,50,11,47,11,50,12
85,23,268,33,265.5,32,264.5,33,239.5,32
85,24,112,24,111,24,106.5,24,93,21
85,25,257.5,24,273,25,288,26,293,25
85,26,79,15,87,17,81.5,17,72.5,15
85,27,180.5,26,187.5,25,224,27,237,28
85,28,96.5,18,90,19,95,21,103,20
85,29,221.5,31,221,31,214.5,30,203.5,29
85,30,320.5,28,332.5,29,329.5,30,348,30
85,31,72,11,86,12,73.5,11,67.5,11
85,32,1020,19,1020.5,19,974.5,18,1010.5,18
85,33,125,18,131,17,127,18,123,19
85,34,114,18,135,18,126,17,143.5,19
85,35,127,19,123,17,128,20,126,21
85,36,134,16,113,17,133,17,122,17
85,37,34,5,32,5,34,5,40,5
85,38,178,16,171.5,15,146,16,146,16
85,39,94.5,9,97,9,94,8,82,9
85,40,20,5,17,4,20,5,23.5,6
85,41,25,7,25,7,22,7,24,7
85,42,22,7,25,8,23,7,29,6
85,43,141.5,20,140,20,149,22,133.5,20
85,44,48,7,50,7,48,7,49.5,6
85,45,51,7,49,7,40,6,36,6
85,46,80,13,70,14,76,16,66,15
85,47,21,7,22,7,21,7,21,7
85,48,23,6,24,6,23,6,26,6
85,49,30,3,30,3,35,5,33,4
85,50,16,6,10,5,9,5,12,6
85,51,83,10,75,8,77,8,81.5,9
85,52,17,4,11,3,10,4,9,4
85,53,42,4,43,5,43,6,44,6
85,54,160,4,154,4,149,4,142.5,4
85,55,273,18,268.5,19,298.5,17,288.5,17
85,56,12,3,6,3,5,2,7,3
85,58,15,6,15,6,15,5,18,5
85,61,11,4,14.5,5,15,5,14,4
85,62,10,3,9,3,7,3,5,3
85,63,1,1,5,1,5,1,5,1
85,64,8,2,8,2,8,2,8,2
85,65,33,5,37,5,30,5,34,5
85,66,12,4,10,3,14,4,15,4
85,67,91,18,91,19,93.5,19,92,20
85,68,47,9,47.5,9,49,9,41.5,9
85,69,9,2,8,2,8,2,8,2
85,70,11,5,11,5,11,5,11,5
85,71,264,27,252,28,253,30,244,29
85,72,51,11,44,11,39,7,41,8
85,73,60,9,53,8,50,8,53,8
85,74,41,8,43,8,46,8,42,8
85,75,15,6,14,6,13,6,14,7
85,76,22,7,25,8,26,9,28,11
85,77,9,3,12,4,13,4,9,3
85,78,70.5,8,70,9,63.5,9,61,9
85,79,74,16,79,15,80,14,80,15
85,80,135,15,125,15,123.5,15,116.5,15
85,81,12,3,15,4,11,3,11,3
85,82,2,1,1,1,3,1,3,1
85,83,35,9,39.5,9,38,9,36,10
85,84,28,11,26,10,26,10,27,10
85,85,21,10,21,10,26.5,10,24,10
85,86,29,9,21,8,15,8,15,9
85,87,36,11,34,8,36,11,35,10
85,88,19,5,16,5,20,5,17,5
85,89,22,7,18,5,17,4,22,5
85,90,10,2,8,2,9,2,7,2
85,91,12,4,12,4,10,5,13,6
85,92,15,8,17,8,15,8,15,8
85,93,25,10,24,9,28,10,27,10
85,94,83,17,84,17,82.5,18,82,18
85,95,50,11,43.5,10,43,10,37,9
85,96,14,7,17,7,20,7,16,6
85,97,78,18,82,18,81,18,73,19
85,98,17,5,16,5,15,5,15,5
85,99,34,11,33,12,34,12,34,12
85,100,63,8,57,8,55,7,49,8
85,101,66,15,64.5,15,69.5,15,57.5,14
85,102,152.5,21,160.5,23,153.5,22,152,21
85,103,116,17,123.5,19,125.5,20,118,20
85,104,154,18,152.5,20,150,18,148.5,20
85,105,131,18,145,18,140,18,164,19
85,106,33.5,11,33,11,39,11,36,12
85,107,252,26,252,26,251,24,240,22
85,108,1471.5,29,1693,28,1745,29,1759.5,30
85,109,108.5,22,108.5,22,107,21,84,20
85,110,187,11,184.5,10,155.5,11,176.5,11
85,111,533.5,31,526.5,30,580.5,30,567.5,34
85,112,1453.5,19,1473,20,1463,19,1420.5,20
85,113,652.5,14,678.5,14,671.5,14,667.5,13
85,114,1566,21,1579.5,22,1609.5,22,1626.5,22
85,115,616.5,22,631,23,600.5,22,551,23
85,116,356,18,395.5,19,396.5,19,391.5,18
85,117,155,17,148,17,150.5,17,154.5,17
85,118,230,24,268,25,273.5,22,286.5,21
85,119,38,10,48.5,11,31.5,8,34.5,10
85,120,362,12,438.5,12,497,10,496.5,10
85,121,4,2,5,2,5,2,4,2
85,122,34,8,34,8,35,8,34,8
85,123,396.5,11,388,11,370,10,346,10
85,124,9,3,9,3,8,3,8,3
85,125,57,11,58,11,59.5,11,57,11
85,126,16,6,14,5,12,4,13,4
85,127,258,23,264.5,20,263,24,259,23
86,0,40,15,41,15,40,14,42,14
86,1,100.5,24,96.5,25,102,25,86.5,22
86,2,172.5,28,178.5,29,169.5,29,163,29
86,3,48,16,45,16,42,15,55,16
86,4,262,28,245,31,263.5,31,255,30
86,5,76,23,74,22,66,23,76.5,26
86,6,44,14,44,14,45,13,40,14
86,7,54,19,50,18,45.5,16,42.5,18
86,8,32,12,24,9,26,9,27,11
86,9,24,9,30,9,27,8,28,9
86,10,32,9,38,10,28,9,22,7
86,11,228.5,39,225.5,38,225.5,39,207.5,39
86,12,173.5,22,165.5,22,170,21,168.5,20
86,13,198.5,16,200,16,196,18,183,18
86,14,74.5,19,77,18,68,15,71,15
86,15,40,14,39,14,41,14,45,15
86,16,161,32,172.5,31,161,31,162,30
86,17,34,14,37,15,34,13,34,15
86,18,56,9,49,9,58.5,9,46,8
86,19,379.5,31,372.5,33,358,31,315,30
86,20,116,21,118,21,112,19,106,17
86,21,33,10,28,10,26,9,29,11
86,22,119,29,112,29,104,29,88,27
86,23,706,38,709,36,707.5,36,726,34
86,24,242.5,26,224,25,226.5,26,223.5,26
86,25,301,30,303,32,304,31,284.5,32
86,26,114.5,16,105,15,119,15,119,16
86,27,194,23,189.5,20,195.5,23,179.5,22
86,28,156.5,23,159.5,23,154.5,22,147,22
86,29,234.5,33,244,35,245,34,242,35
86,30,253.5,32,257.5,31,267,31,253.5,32
86,31,172,18,188,18,222,19,227,18
86,32,249,19,260,18,257.5,18,253,19
86,33,93,15,93,16,99.5,17,99,16
86,34,53.5,9,63.5,9,58,9,62,9
86,35,250,19,258.5,18,278,19,282.5,22
86,36,72,12,71,12,70,12,65.5,12
86,37,31,6,29,5,30,5,29,5
86,38,30,6,29,6,36,6,37,6
86,39,36,10,40,10,42,10,40,10
86,40,28.5,7,26,7,26,6,27,7
86,41,25,6,31,6,25,6,27,6
86,42,70,14,73,14,72,14,66,13
86,43,673.5,43,705,47,687.5,47,689.5,44
86,44,542,19,534.5,17,527,19,506.5,20
86,45,56,12,64,12,61.5,12,55.5,13
86,46,15,6,11,6,8,5,7,5
86,47,3,2,3,2,3,2,4,2
86,48,20,8,23,8,23,9,22,9
86,49,53,7,47,7,39,7,41,8
86,50,33,12,41,12,34,10,34,11
86,51,37,9,33,9,35,9,37,9
86,52,21,7,22,8,17,6,15,6
86,53,10,3,14,3,14,3,14,3
86,54,21,6,18,5,18,4,20,5
86,55,26,5,31,6,23,6,24,6
86,56,19,5,18,6,21,6,18,6
86,57,43,12,40,11,36,11,31,10
86,58,20,4,19,4,20,4,20,4
86,59,5,2,2,2,2,1,2,1
86,60,38,7,41,6,43,7,39,7
86,61,11,4,9,4,4,2,4,1
86,62,197,16,202,16,195.5,15,210,16
86,63,2,1,2,1,3,2,2,1
86,64,7,4,5,4,4,3,6,3
86,65,23,10,17,8,18,8,19,9
86,66,25,11,29,12,16,10,19,10
86,67,28,8,26,7,26,7,30,9
86,68,4,2,7,3,9,3,9,3
86,69,201,18,205,18,201,18,185,18
86,70,31,11,28,11,29,11,34,11
86,71,41,12,37,12,42,12,42,12
86,72,24,11,25,11,24.5,11,24.5,10
86,73,9,4,11,5,14,5,13,5
86,74,18,6,18,6,18,7,18,7
86,75,49,15,41,14,43,14,42,13
86,76,65,9,66,10,68,9,72,11
86,77,87,12,91,12,85,12,92,12
86,78,81.5,8,89.5,8,78,10,78,10
86,79,70.5,19,73,19,67,19,70,19
86,80,27,5,21,5,25,5,19,5
86,82,4,2,4,2,2,1,4,2
86,83,31,12,29,13,37.5,14,30.5,14
86,84,68,16,71,15,71,16,76,17
86,85,21,8,23,9,21,8,21,8
86,86,16,3,16,3,15,3,14,3
86,87,29,12,26,12,33,12,30,11
86,88,27,10,27,9,25,8,21,8
86,89,179,17,175,18,165,17,171,18
86,90,8,3,7,3,7,3,7,3
86,91,152,13,155,12,150,12,157,13
86,92,47,11,51,13,49,13,45,11
86,93,21,8,20,8,14,6,18,8
86,94,17,5,14,5,12,5,11,5
86,95,284,22,284,23,286,23,287.5,23
86,96,51,14,56,16,54,16,49,15
86,97,139,16,154.5,16,162.5,14,156.5,15
86,98,11,3,8,3,9.5,4,8.5,4
86,99,9,1,7,1,10,1,12,1
86,100,29,7,28,7,23,7,28,6
86,101,41,9,40.5,9,36,9,30,8
86,102,212.5,23,207,24,205.5,24,212.5,24
86,103,93,12,93,13,98,13,104.5,12
86,104,628.5,25,630.5,24,645.5,25,641.5,25
86,105,83.5,12,84.5,12,81.5,12,83.5,11
86,106,83,11,78,12,83,12,81,12
86,107,3250.5,35,3292,33,3407,32,3438.5,30
86,108,134.5,21,132,20,148.5,21,157,20
86,109,130,21,137.5,22,137.5,21,138,23
86,110,280,37,267,37,247,39,249.5,39
86,111,1217.5,46,1349.5,46,1372.5,45,1454.5,45
86,112,2058,20,2073,19,1955,20,2055,19
86,113,3643.5,25,3692,26,3840,23,3840.5,24
86,114,1233.5,17,1229.5,16,1243.5,16,1218,16
86,115,1607.5,29,1618,26,1588,26,1696.5,26
86,116,403,32,397.5,33,399,30,415.5,31
86,117,214,24,216.5,23,224.5,24,251,24
86,118,147,16,154,17,157.5,18,149.5,17
86,119,182.5,20,182.5,20,182,21,180.5,22
86,120,3012,36,3166,34,3212.5,32,3331.5,29
86,121,28,9,30,9,29,8,35,8
86,122,14,4,11,4,7.5,3,10.5,3
86,123,35,4,32,3,27,3,30,3
86,124,159.5,17,158.5,19,157.5,19,154.5,21
86,125,562.5,19,560,19,529.5,19,520,20
86,126,55.5,10,53.5,10,49.5,10,42.5,10
86,127,11,3,11,3,12,3,12,3
87,0,25,7,27,7,21,6,30,8
87,1,102,25,100,23,107,26,116,26
87,2,65,23,70,24,75,24,84,23
87,3,19,8,20,9,15.5,9,15,9
87,4,113.5,29,109.5,27,99.5,27,96.5,28
87,5,69,18,74,18,63,15,69,18
87,6,47,13,48,13,51,13,39,13
87,7,58,15,55,15,52.5,14,52,14
87,8,67,16,59.5,15,60,15,53,15
87,9,72,16,70,16,66,16,71,19
87,10,85,21,82,20,87,20,88,20
87,11,34,12,27,10,29,12,29.5,11
87,12,28,11,34,11,27,11,31,12
87,13,65,20,70,20,65,18,71.5,22
87,14,202,36,191,36,201.5,35,201,36
87,15,34.5,11,34.5,12,31,10,33,10
87,16,110,21,99,21,102,20,110,21
87,17,110,20,104,20,95,21,93.5,20
87,18,71,14,65,14,73.5,14,62.5,13
87,19,93.5,20,83,19,81,18,87,20
87,20,139,26,154,28,155,26,146,24
87,21,185.5,15,181,15,161,16,173,18
87,22,292.5,36,291.5,36,309.5,38,310.5,39
87,23,315,31,315.5,31,297.5,29,289.5,28
87,24,796,42,788,45,741.5,42,733,40
87,25,539,47,528,44,522,46,498,45
87,26,505,37,473,37,467.5,38,452,38
87,27,260.5,38,269.5,35,253,35,235,34
87,28,486,36,473,33,454,36,448.5,35
87,29,216.5,31,213.5,33,211.5,35,217,34
87,30,501,28,486,26,501,26,479,25
87,31,29,7,26,6,21,6,20,5
87,32,226,25,225,26,216.5,27,226,28
87,33,30,7,31,8,31.5,8,28.5,6
87,34,111.5,14,115.5,14,112.5,15,101.5,15
87,35,32,6,29,6,34,6,37.5,6
87,36,66,12,66,13,64.5,13,67,14
87,37,97,11,112,13,108.5,13,101.5,12
87,38,61.5,11,60.5,11,54.5,10,62,11
87,39,76,10,74,10,74.5,11,64,11
87,40,44,6,37,6,45,5,41,6
87,41,114,18,109,17,112.5,19,102.5,20
87,42,787.5,33,746.5,32,743.5,33,760,33
87,43,2074.5,33,2037,34,1975,36,1939,36
87,44,142,13,137,13,138,12,141,14
87,45,76,16,65,15,65,14,65,15
87,46,18,4,19,4,16,3,13,3
87,47,47.5,11,47.5,11,46.5,11,50.5,12
87,48,51,12,46,11,46,11,49,12
87,49,49,8,53,8,49,7,55,8
87,50,16,2,22,2,21,2,23,2
87,51,6,4,7,5,7,5,7,4
87,52,6,3,5,3,3,2,6,2
87,53,9,5,10,5,12,5,12,5
87,54,50,9,43,8,36,8,39,8
87,55,15,4,15,4,15,4,16,4
87,56,8,4,8,4,2,2,10,4
87,57,79,8,83,9,91.5,8,79,9
87,58,10,3,5,2,6,2,4,2
87,59,5,2,6,2,6,2,5,2
87,60,106,12,90,13,90,12,91,11
87,61,14,2,13,2,4,1,6,2
87,62,20,9,19,9,20,9,24,11
87,63,26,7,27,8,25,7,30,7
87,64,45,11,49,11,50,11,57,11
87,65,12,5,11,5,11,5,14,6
87,66,181,16,170.5,16,158.5,16,144.5,17
87,67,66,14,68,15,63,14,63,16
87,68,35,4,35.5,4,27.5,5,29.5,5
87,69,124,20,123,21,123,21,117,21
87,70,29,7,24,7,22,8,21,8
87,71,29,6,27,6,26,6,19,7
87,72,82.5,13,81,14,79,14,79,14
87,73,16,8,15,8,10,5,11,6
87,74,25,5,25,5,22,5,20,6
87,75,258.5,29,250.5,30,238,33,212.5,32
87,76,304,32,301,32,297.5,32,291.5,33
87,77,905,38,883,37,875,37,855.5,35
87,78,128,23,117,24,111,24,99,24
87,79,16,8,16,8,12,7,15,8
87,80,5,2,4,3,7,3,6,2
87,81,24,8,22,8,26,8,25,8
87,82,23,6,23,7,18,6,15,5
87,83,395,33,407.5,30,401,33,384,30
87,84,581.5,21,567.5,23,600,23,536.5,24
87,85,14,6,18,7,20,6,24,7
87,86,27,8,27,9,29,7,20,5
87,87,137,14,146,15,143,13,143.5,14
87,88,28,11,24,9,27,10,24,8
87,89,40,9,34,9,27,8,25,8
87,90,7,4,7,4,8,4,9,4
87,91,248,26,250,26,241.5,23,223.5,22
87,92,27,9,26,9,19.5,9,19,9
87,93,15,5,13,6,16,6,14,5
87,94,128,19,140.5,19,137.5,19,145,20
87,95,74,22,75,21,69.5,21,68.5,22
87,96,66,19,69,20,72.5,19,75.5,19
87,97,312,29,319,30,320.5,31,303,31
87,98,8,2,9,2,5,2,5,2
87,99,2,1,4,1,3,1,3,1
87,100,42.5,8,42,8,42.5,7,44,8
87,101,284.5,12,269,12,263,12,271.5,12
87,102,25,4,23,4,26,5,24.5,5
87,103,75,12,68.5,11,69.5,10,73.5,9
87,104,96.5,10,101.5,11,105.5,10,105.5,10
87,105,170,19,171,20,186,19,190,19
87,106,327.5,15,329.5,15,324.5,14,313,14
87,107,577,16,552,17,584,16,575,14
87,108,82,14,82,15,92.5,15,92.5,15
87,109,125,21,107,20,108,19,105,19
87,110,342.5,27,338.5,28,320,28,324.5,27
87,111,1488.5,33,1495.5,35,1484,34,1514,37
87,112,247,14,241,15,244,15,227,15
87,113,3348,25,3421,23,3459.5,25,3523.5,25
87,114,653,16,639,15,624.5,16,612.5,16
87,115,1235.5,19,1266,20,1240,19,1310.5,21
87,116,247,21,250.5,21,231,20,239.5,21
87,117,379.5,38,403.5,37,446,35,466.5,34
87,118,222,18,231,18,251,19,251,19
87,119,47,6,50,7,48.5,7,45.5,7
87,120,78.5,14,82.5,15,85.5,15,92,16
87,121,29,12,27,11,26,11,26,11
87,122,40,11,38,11,37.5,11,27.5,11
87,123,39,11,43,11,41,11,40,10
87,124,41,14,42,15,38,14,38,15
87,125,43.5,12,48.5,11,44,10,46,11
87,126,39,11,38,11,36,11,35,11
87,127,27,8,26,8,26,8,23,8
88,0,82,16,89.5,19,75,19,82,21
88,1,75,23,86,23,84,24,76,23
88,2,393.5,34,393,34,395.5,32,413,33
88,3,62,19,61,19,63.5,19,70.5,19
88,4,56,18,50,17,55,19,61,21
88,5,71,16,64,16,67,17,64,18
88,6,105,20,103,21,87,19,96.5,20
88,7,265,44,257,45,235.5,45,231,46
88,8,575.5,54,589.5,56,582.5,55,535,55
88,9,246.5,34,242,33,240,34,244,35
88,10,70,19,63,19,66,20,60,19
88,11,100.5,26,103,25,105,24,97.5,24
88,12,57,13,54.5,13,51.5,12,52,13
88,13,43.5,16,42.5,16,46,16,50,15
88,14,116,24,116,24,119,24,116,24
88,15,114,23,111,22,113.5,22,111.5,23
88,16,336.5,24,329.5,24,355,25,346,24
88,17,123,30,112,29,119.5,29,114,28
88,18,101.5,13,104.5,14,99,14,96,14
88,19,119,26,113,26,115,26,118,26
88,20,215.5,20,229.5,20,243,23,246,22
88,21,118,19,102,19,99.5,17,98,17
88,22,264.5,23,273,21,267.5,19,269.5,21
88,23,125,29,124,28,124,33,119.5,31
88,24,2730,43,2668,46,2662,48,2455.5,45
88,25,572.5,50,596,47,596.5,45,592.5,49
88,26,327.5,29,332,30,330,29,309,28
88,27,1882.5,34,1904.5,33,1897,32,1861,30
88,28,520,39,529,41,534.5,41,522,42
88,29,519.5,33,537,35,556,35,555.5,35
88,30,130,13,144,15,142,15,137,15
88,31,278.5,30,290,29,289,28,293.5,28
88,32,53,10,53,10,53,9,57,10
88,33,101.5,11,99.5,10,105,12,108,11
88,34,41.5,8,47.5,8,55.5,9,54.5,9
88,35,5,3,9,3,8,3,8,3
88,36,96,12,98,13,94,13,94,13
88,37,120.5,18,112.5,17,116,17,119,18
88,38,125,9,119,11,110,9,123,10
88,39,91.5,6,84,7,80,9,88.5,8
88,40,62.5,10,70.5,8,69.5,6,68,8
88,41,27.5,2,19,2,21,2,22,2
88,42,67,11,56,10,43,9,45,7
88,43,32,11,30,10,31,11,27,11
88,44,39,14,41.5,14,31,14,34,13
88,45,58,14,55,13,48.5,14,48.5,13
88,46,8,3,7,3,5,3,6,3
88,47,194,24,185,25,174,24,160.5,23
88,48,532.5,23,502,23,496,23,473.5,22
88,49,28,8,26,8,23,7,23,7
88,50,32,8,27,8,24,8,32,8
88,51,,,,,,,3,1
88,52,3,3,3,3,6,3,3,3
88,53,64,7,57,7,63,6,71.5,7
88,54,61,12,60.5,13,61.5,13,58.5,13
88,55,21,4,22.5,5,25,5,25.5,5
88,56,10,3,10,3,9,3,5,2
88,57,3,1,3,1,3,1,3,1
88,58,17,3,19,3,16,2,8,2
88,60,13,3,13,3,12,3,12,3
88,61,32,6,34,7,28,7,34,6
88,62,286,12,271,12,284,13,266,13
88,65,6,1,6,1,5,1,8,1
88,66,35,8,35,8,35,7,36,8
88,68,4,2,2,1,5,2,8.5,2
88,69,317.5,23,296.5,24,282.5,22,293.5,19
88,70,16,5,15,4,11,3,11,4
88,71,102,16,91.5,16,90,16,87,16
88,72,10,4,10,4,8,4,7,3
88,73,292,37,292.5,37,277,34,282.5,34
88,74,50,12,56,13,58,15,55,15
88,75,64,10,56,10,49,10,50,10
88,76,41,13,46,13,42.5,13,43.5,12
88,77,48,8,50,8,56,8,54,8
88,78,11,4,11,4,12,4,13,4
88,79,8,3,8,3,7,2,6,2
88,80,39,10,39,10,36,10,30,8
88,81,49,18,48,18,44,15,47,16
88,82,245,29,243,30,252,31,248,29
88,83,82,22,79.5,21,75,21,71,20
88,84,24,10,20.5,9,23,9,25,10
88,85,9,4,11,5,12,6,18,6
88,86,7,2,8,3,11,2,10,3
88,87,27.5,14,33,13,34,13,33.5,12
88,88,19,6,12,7,14,6,14,8
88,89,6,2,,,1,1,1,1
88,90,26,7,23,7,21,8,22,8
88,91,62,16,72,16,67,17,61,17
88,92,35.5,10,32,10,24,9,25,9
88,93,23.5,8,22,7,23,8,21,7
88,94,11,4,9,4,10,4,10,3
88,95,66,14,71.5,15,73,14,69,15
88,96,135.5,18,139,18,128,18,114,18
88,97,94,17,87.5,18,83.5,18,73.5,17
88,98,8,3,8,3,8,3,6,3
88,99,9,4,10,4,9,3,11,3
88,100,14,5,14,5,15,5,14,6
88,101,200.5,26,205,26,185.5,25,192,26
88,102,36,7,37,7,36,6,34.5,6
88,103,101,14,105,14,109,14,121,13
88,104,160.5,16,165,16,104,16,96,15
88,105,74,12,68,11,73,12,67.5,12
88,106,136.5,17,125,17,133.5,17,139.5,16
88,107,57,6,61,6,58.5,6,52,6
88,108,82,14,77.5,13,85.5,15,89.5,15
88,109,106.5,13,101.5,13,126,13,128.5,13
88,110,301,22,298.5,22,305.5,23,291,21
88,111,45,6,55.5,7,55.5,6,57.5,7
88,112,720,29,697.5,30,681.5,28,692,25
88,113,632.5,22,637,21,619,18,612.5,18
88,114,195.5,23,182,23,196,22,204,20
88,115,615.5,21,615.5,22,598,21,626.5,21
88,116,229,29,234,29,245.5,28,251.5,27
88,117,432.5,17,411,18,412.5,18,404.5,18
88,118,20,10,18.5,8,16,7,19,8
88,119,170,19,182.5,19,175,17,178.5,19
88,120,18,6,27,8,19.5,6,22,5
88,121,43,11,42,11,36,10,35,11
88,122,568,36,581,38,544.5,38,539.5,36
88,123,27,8,26,8,24,8,23.5,8
88,124,39,8,39,8,35,9,33,10
88,125,45,11,42.5,11,41,11,31.5,10
88,126,134,21,128,21,124,23,125,21
88,127,12.5,5,17.5,6,20.5,7,18.5,6
89,0,64.5,16,59,16,59,16,54,16
89,1,58.5,22,56.5,21,56.5,20,59.5,20
89,2,234.5,24,226.5,24,201.5,24,217.5,25
89,3,83,17,75,17,74,17,78,15
89,4,44,18,42,17,50,20,49,18
89,5,22,9,23,10,22,10,22,10
89,6,269.5,18,268,17,284,20,275,18
89,7,303,37,315.5,35,318,39,318,38
89,8,2858,31,2733.5,33,2759,34,2711.5,33
89,9,868.5,36,846.5,36,793.5,38,763,37
89,10,82.5,20,89.5,19,92,20,103,21
89,11,77,17,78,16,78.5,16,79.5,18
89,12,133,22,149.5,26,144,25,143.5,25
89,13,46,14,55,15,55,16,53,16
89,14,77,19,84,17,82,15,79.5,16
89,15,58,10,63.5,11,62,10,55,11
89,16,277,31,266.5,29,275.5,29,275.5,31
89,17,538,32,540.5,34,531.5,34,510.5,35
89,18,935.5,36,910,36,880,33,830,35
89,19,154.5,18,152,18,151,18,139.5,17
89,20,147,20,153.5,20,145.5,20,145.5,21
89,21,380,36,371.5,35,347,31,349.5,35
89,22,314,27,329.5,27,326.5,29,330,29
89,23,207.5,17,202.5,17,208.5,17,197,16
89,24,1102.5,37,1090,37,1047.5,40,1050,38
89,25,1074.5,32,1093.5,31,1080,32,1034.5,31
89,26,614.5,28,635.5,25,623.5,27,622,29
89,27,323.5,40,334,40,326,40,317,40
89,28,249,34,239,36,257,35,248.5,34
89,29,210.5,30,212,29,203,29,218.5,31
89,30,452,37,455.5,37,482,37,466.5,38
89,31,697,34,725,31,747.5,28,742.5,29
89,32,299,24,300.5,24,311,23,299,24
89,33,382,26,412.5,25,407.5,25,432.5,26
89,34,104,16,100,17,100,17,100.5,17
89,35,86,15,77.5,14,77,13,86,14
89,36,347,16,352,16,325.5,14,304.5,14
89,37,139.5,23,154,24,148,22,160.5,23
89,38,44,7,42,8,38,8,46,8
89,39,78,11,66,11,72.5,11,68.5,11
89,40,80.5,10,78.5,9,72.5,8,66.5,9
89,41,33,8,28,8,28.5,8,24.5,8
89,42,116,14,113,14,112,13,113,14
89,43,185.5,14,158,16,154.5,16,162.5,15
89,44,89,12,88,13,92.5,13,92,12
89,45,28,7,30,7,34.5,8,35.5,7
89,46,12,1,13,1,11,1,11,1
89,47,266,18,256,18,236,19,224,19
89,48,458,16,456,16,468,17,475,16
89,49,75,15,87.5,15,76.5,16,79.5,17
89,50,56,13,61.5,12,58,12,69,14
89,52,12,4,12,4,9,3,10,4
89,53,5,3,5,3,5,3,5,3
89,54,9.5,3,7.5,2,9,3,8,3
89,55,7,3,7,3,7,3,7,3
89,56,18,6,17,6,18,7,16,7
89,57,67,15,74,17,67,15,69,15
89,58,28,9,32,9,27,9,29,7
89,59,15,3,12,3,12,2,10,2
89,60,37,11,38,11,39,11,41,12
89,61,175,14,172.5,14,155.5,14,158,15
89,62,328.5,16,303,15,296.5,14,281.5,12
89,63,21,7,24,9,26,9,26,6
89,64,29,8,31,8,23,7,29,9
89,65,20,5,21,6,23,5,21,6
89,66,9,3,7,3,5,2,6,3
89,67,61,13,67,13,55.5,11,54,12
89,68,18,3,24,3,20.5,3,21,3
89,69,177,21,171.5,20,180,19,177.5,20
89,70,33,11,33,10,35.5,10,18.5,8
89,71,20.5,8,26.5,11,17,9,21,10
89,72,217,16,204,15,246,16,250,17
89,73,59,8,57,8,46,9,48,9
89,74,78,16,69,16,58.5,16,62,16
89,75,45,11,43,11,42,11,45,9
89,76,26,7,24,7,22,7,21,7
89,77,16,5,13,4,14,4,12,4
89,78,4,1,4,1,4,1,4,1
89,79,10,4,9,4,9,4,7,3
89,80,63,13,62,14,62,14,63,13
89,81,60,15,52,15,50,15,58,16
89,82,39,11,35,11,39,10,40,11
89,83,27,9,29,9,25,9,29,10
89,84,49,15,57,15,52,15,49,15
89,85,,,,,2.5,1,2,1
89,86,86,15,80,15,74.5,15,75.5,17
89,87,109,10,112.5,11,106.5,11,100,10
89,88,28.5,10,22.5,10,20.5,9,16.5,8
89,89,2,1,1,1,,,,
89,90,17,5,23,6,21,6,21,6
89,91,18,7,16,7,17,7,14,6
89,92,26,8,32,9,31,9,27,8
89,93,25,9,19,8,19,8,26,10
89,94,127.5,7,140.5,8,127.5,8,115.5,8
89,95,33,9,31,9,34,9,30,9
89,96,68,15,70.5,15,69.5,17,59.5,16
89,97,27,8,33.5,9,43,10,41,10
89,98,17,9,19,10,23,10,17,9
89,99,72,9,72,10,69,10,66,10
89,100,34,9,35,9,35,9,34,9
89,101,24,6,26.5,6,24,5,25,7
89,102,72.5,10,65.5,11,69,10,65,11
89,103,54,8,53,8,54,6,47,5
89,104,800,21,849.5,21,900,18,900,17
89,105,40.5,10,47,10,52,10,46.5,10
89,106,187.5,16,193,17,203,17,204.5,17
89,107,104,7,110,7,83,7,88,8
89,108,133,12,132,12,127.5,11,142,12
89,109,636.5,20,634.5,20,653.5,20,672.5,18
89,110,445.5,27,426.5,26,427,26,446.5,26
89,111,783.5,19,775.5,18,752.5,19,747,20
89,112,1396,19,1411,20,1413.5,22,1400.5,22
89,113,280,9,285.5,9,302.5,8,315.5,9
89,114,142,8,118.5,8,111,9,122,9
89,115,657.5,25,659.5,24,634,25,626,25
89,116,26,9,31,9,35,10,34,10
89,117,514.5,32,510,29,503.5,29,503,27
89,118,930,32,928.5,29,957,30,1028,30
89,119,334,25,323,25,311,24,307.5,21
89,120,92.5,14,96.5,15,88.5,14,78.5,14
89,121,68,13,67,13,63,14,55,13
89,122,130,15,131,14,136.5,13,124.5,12
89,123,69,16,68,16,60,17,66,17
89,124,15,5,20,7,22,7,21,7
89,125,423.5,20,425.5,20,430.5,20,407.5,17
89,126,32,12,31,11,29,10,19.5,10
89,127,36.5,10,37,10,42.5,11,44.5,11
90,0,44,10,39.5,10,41,11,41.5,12
90,1,19,6,20,6,13,5,13,6
90,2,60,16,52,16,52,17,46,16
90,3,55,20,52,19,52,16,51,16
90,4,43,14,41,13,38,11,38,11
90,5,35.5,11,32,9,30,11,27,10
90,6,242,36,241.5,37,240,37,241,36
90,7,64,20,62,21,57,20,65,21
90,8,414.5,42,387,42,409.5,41,397.5,39
90,9,103,22,98,24,93,23,92,24
90,10,59.5,21,57.5,23,57,23,46.5,21
90,11,26,11,29,11,24,9,28,10
90,12,30,11,29,11,31,11,33,11
90,13,83.5,26,88.5,25,82,25,74.5,23
90,14,406,29,421.5,29,400.5,29,408.5,27
90,15,57,15,57,15,56,15,59,17
90,16,220.5,28,227,28,221,29,220,27
90,17,93,17,96,20,94,19,100,20
90,18,100,22,93,22,95,22,90.5,21
90,19,168.5,24,159,25,156,25,153.5,23
90,20,462.5,40,446,39,467,40,487.5,40
90,21,287.5,25,285.5,26,263,25,267.5,26
90,22,985.5,30,991.5,30,961.5,29,963.5,30
90,23,1055,43,1109.5,41,1175,40,1182.5,42
90,24,408.5,32,412,35,444.5,33,429,35
90,25,526,32,544,32,538,31,532.5,32
90,26,342.5,22,358.5,22,350,21,331.5,21
90,27,789.5,22,775,22,687.5,23,676.5,24
90,28,506,30,548.5,31,530,28,498.5,27
90,29,392,37,395.5,37,389.5,36,415,36
90,30,280,26,267,27,275,28,259,28
90,31,956.5,31,904.5,30,916.5,33,911.5,34
90,32,196,22,200,24,201,23,201.5,21
90,33,163.5,32,176,31,175,31,176.5,31
90,34,264.5,25,266,25,273.5,25,290.5,25
90,35,187.5,17,178,16,174,19,177,17
90,36,296.5,31,277.5,30,278.5,28,300.5,30
90,37,50,10,55.5,10,52.5,11,49.5,10
90,38,56,14,64,14,60,15,74,13
90,39,52,11,48,10,57,11,51.5,12
90,40,31,9,26,8,29,8,26.5,8
90,41,17,4,17,4,11,3,8,3
90,42,61.5,10,60.5,10,56.5,9,54.5,10
90,43,72,13,69,12,63,12,62,12
90,44,113,19,114,19,114,19,106.5,19
90,45,28,5,25,5,19,5,28,7
90,46,18,6,16,6,15,6,13,5
90,47,45,7,50,8,47,7,47,7
90,48,135,20,133,21,114.5,20,115.5,19
90,49,14,5,18,6,15,6,18,5
90,50,10,2,10,2,10,2,9,2
90,51,16,3,14,3,10,3,10,3
90,52,28,7,23,7,27,7,28,7
90,53,18,4,18,4,20,4,18,4
90,54,19.5,7,15.5,7,18,7,16.5,8
90,55,14,4,15,5,14,6,16,6
90,56,13,5,12,4,12,5,12,5
90,57,91,13,86,13,86,13,90.5,12
90,58,53,14,43,14,49,14,50,15
90,59,7,2,7,2,6,2,7,2
90,60,13,3,10,4,21,4,17,4
90,61,5,2,5,2,4,2,3,1
90,62,1,1,1,1,3,2,2,2
90,63,3,2,5,2,5,2,4,2
90,64,104,15,112,16,109,17,110,16
90,65,23,7,27,8,25,9,23,10
90,66,54,17,51,16,52,20,62,22
90,67,96,16,86,16,92,17,92,17
90,68,16,5,11,4,11,4,11,4
90,69,57,11,49,10,59,10,56.5,10
90,70,709,29,708,30,657.5,30,626,29
90,71,2020,29,1911.5,31,1895,31,1848,31
90,72,278.5,19,274.5,18,267,18,263,19
90,73,179,15,176,15,168.5,15,172.5,15
90,74,123,12,120,12,107,9,118.5,11
90,75,57,12,59,12,66.5,12,60,12
90,76,17,4,17,4,16,3,13,3
90,77,116,9,116.5,9,123,8,129.5,8
90,78,14,6,15,6,10,5,11,5
90,79,10,3,10,3,8,3,9,3
90,80,92,22,100,22,101,22,95,20
90,81,85,16,78,15,89,16,79,16
90,82,17,5,18,6,17,6,14,5
90,83,,,1,1,1,1,1,1
90,85,20,6,28,7,22,7,23,7
90,86,58,16,51,15,50,14,46,13
90,87,51.5,10,47.5,10,41.5,10,37,9
90,88,48.5,10,55,9,49,8,55,8
90,89,6,1,5,1,4,1,4,1
90,90,14,7,14,6,13,6,22,8
90,91,32,10,34,11,26,9,24.5,9
90,92,30,10,26,10,26,10,24,10
90,93,31,8,33,9,25,8,30,8
90,94,213,13,242.5,13,221,14,204,14
90,95,17,5,12,4,13,4,11,3
90,96,39,8,37,6,35,6,35,6
90,97,139.5,19,140.5,19,135,19,133.5,20
90,98,214.5,23,225.5,24,241,25,241,25
90,99,150.5,19,159,18,139.5,16,151.5,18
90,100,46,11,45,12,43.5,12,47.5,12
90,101,308.5,13,293.5,12,305.5,12,303.5,12
90,102,264.5,19,278.5,20,266.5,19,244.5,19
90,103,208.5,19,205,18,193.5,18,186,17
90,104,127,14,130,14,117.5,13,119.5,13
90,105,5,2,5,2,6,2,4,2
90,106,113,7,125,6,122.5,6,126,7
90,107,45,7,41,7,46,7,43,7
90,108,36,5,42,5,39,5,40,5
90,109,589.5,12,598.5,11,596.5,10,615,10
90,110,163,14,157,15,164.5,15,159.5,14
90,111,310,24,313,20,331.5,22,315,22
90,112,243,17,252,18,262,18,257,17
90,113,446,18,461,20,483,15,484.5,16
90,114,318,20,346.5,19,348.5,19,324,19
90,115,357.5,29,365,29,379,28,368,27
90,116,86,7,105.5,6,115,6,124.5,7
90,117,80,10,68,10,63,11,51,10
90,118,157,17,155.5,17,147,16,140,16
90,119,87,20,84,19,78,20,75,21
90,120,388.5,25,376,25,349,22,353.5,23
90,121,87,15,92.5,16,72,16,78,15
90,122,837.5,30,837,31,788,31,791,31
90,123,72,22,65,20,67,21,72,22
90,124,472.5,7,471.5,7,457.5,7,441,7
90,125,393,13,382,11,376.5,12,363,11
90,126,13,4,10,4,9,3,9,3
90,127,31,10,31,11,27,10,31.5,12
91,0,90,22,99,22,113.5,23,97,24
91,1,82,27,81,30,73,30,70,30
91,2,131,33,135,34,129,31,135,33
91,3,22.5,7,20.5,7,21.5,7,24,8
91,4,48.5,15,40.5,13,29.5,12,27.5,14
91,5,16,7,13,6,15,7,16,7
91,6,40,10,45.5,11,42,10,35,9
91,7,65,23,59,23,59,20,62,20
91,8,57,19,62,20,54.5,23,55.5,23
91,9,49,13,51,13,50,14,45,13
91,10,69,21,64,21,65,21,62,21
91,11,68,14,60,15,51.5,16,56.5,16
91,12,112,22,109,22,109,21,111.5,22
91,13,120,19,128,19,136,19,127,19
91,14,69,15,70,15,70,15,65,15
91,15,142,21,138,21,149.5,21,139,22
91,16,96,19,93.5,18,94.5,17,81.5,17
91,17,75,12,84,13,73.5,13,68.5,13
91,18,639,25,643,25,640.5,28,625,28
91,19,271,27,278.5,28,294.5,29,291,30
91,20,190,23,194,24,212.5,26,214.5,26
91,21,311.5,28,319,28,308,28,303.5,28
91,22,735,46,731,46,720,43,698,42
91,23,248,24,262,23,229.5,22,245.5,23
91,24,3370,45,3477,46,3586.5,46,3548,46
91,25,4880,20,4854,20,4842.5,22,4776.5,20
91,26,4432,35,4612,33,4726,35,4037.5,32
91,27,1912.5,36,1854.5,39,2044,39,2066,38
91,28,747,53,758.5,53,775.5,52,786.5,54
91,29,446,33,446,33,483,34,495,33
91,30,226,29,222,28,207.5,27,193,26
91,31,142.5,17,136.5,18,130,18,128,17
91,32,91.5,16,84.5,16,75,15,80.5,17
91,33,468.5,43,481.5,45,468,44,481,44
91,34,127,18,128,20,122,20,121,20
91,35,77,18,75,18,89.5,19,99.5,19
91,36,958,34,967,34,982,34,949,35
91,37,92,10,110.5,10,106,10,110,9
91,38,50.5,10,44,9,48,9,46,10
91,39,33,8,32,8,41.5,8,30,7
91,40,9,2,7,2,6,2,6,2
91,41,13,5,14,5,13,6,12,5
91,42,20,5,19,5,22,6,22,6
91,43,65,13,55,15,57,14,53,13
91,44,72.5,18,66,18,63,17,61,16
91,45,51,8,50,8,54,8,54,8
91,46,23,4,19,4,26,4,26,4
91,47,206.5,23,212.5,22,209.5,19,204,22
91,48,90,14,85,15,85,16,89.5,16
91,49,38,9,38,9,39,9,36.5,9
91,50,11,2,13,3,14,3,15,3
91,51,16,3,11,4,7,2,11,3
91,52,42,10,42.5,9,45,10,41,11
91,53,13,5,14,4,14,4,14,4
91,54,68,13,68,13,71,14,64,14
91,55,2,1,1,1,1,1,1,1
91,56,17,5,18,5,16,5,16,4
91,57,24,8,27,9,27,8,30,7
91,58,29,4,24,6,29,6,29,6
91,59,63,15,62,17,62,16,56,15
91,60,10,3,10,5,12,5,12,5
91,61,5,3,5,3,2,1,2,1
91,62,22,4,19,4,21,5,14,3
91,63,15,5,11,4,10,3,14,4
91,64,51,9,39,8,35,7,34,7
91,66,24.5,8,25.5,9,26.5,9,23,9
91,67,107,19,102.5,19,105.5,19,108,19
91,68,99,12,92,11,94,12,85.5,12
91,69,91,12,80,12,74,10,67,11
91,70,414,16,415.5,15,426.5,17,415,17
91,71,2257,38,2190.5,37,2123,37,2117.5,35
91,72,85,12,86.5,11,85.5,12,86,12
91,73,46,9,48,9,52,9,50.5,9
91,74,17.5,4,14,4,12,4,17,4
91,75,64,12,64,13,67,11,68,11
91,76,2,1,2,1,2,1,2,1
91,77,25,8,24,8,20,7,19,7
91,78,7,3,13,3,11,3,11,3
91,79,10,2,10,2,5,1,10,2
91,80,458.5,28,464.5,31,448,29,462.5,28
91,81,189.5,20,194,19,184,19,177.5,18
91,82,74.5,16,63,17,66.5,16,72,15
91,83,44,9,41,9,38.5,9,42,10
91,84,6,2,9,2,8,2,10,3
91,85,5,2,6,3,5,3,4,2
91,86,84,17,95,19,99,19,111,18
91,87,65,16,60,18,60,16,60,16
91,88,22,7,12,5,15,6,15,5
91,89,247.5,14,257,13,233.5,13,222,13
91,90,175,17,180,17,174,16,178.5,15
91,91,24,6,29,6,26,7,29,8
91,92,7,3,5.5,2,6,3,6,3
91,93,2,1,,,,,,
91,94,9,2,8,2,7,2,6.5,2
91,95,20,7,22,8,20,7,21,8
91,96,91.5,16,93,15,83,16,74,15
91,97,780.5,30,775,30,738,29,684,30
91,98,3799,27,3865.5,29,3768.5,26,3676,28
91,99,1160,46,1162.5,44,1119,42,1166,38
91,100,222,28,207.5,27,213.5,29,208,27
91,101,221,21,227.5,21,214.5,21,205.5,24
91,102,118.5,6,115.5,7,115,8,113.5,6
91,103,138,25,123,25,137,25,150,25
91,104,76,15,71,15,64,14,69,14
91,105,7.5,4,6.5,4,7.5,4,7.5,4
91,106,4.5,1,7,1,8,1,8,1
91,107,10,4,14,4,14,4,11,4
91,108,45,7,45,7,42,7,41.5,8
91,109,180,14,185.5,14,187.5,14,187,14
91,110,187,21,190,21,200.5,21,207,21
91,111,537.5,30,538,30,550.5,31,550,33
91,113,159,9,149,9,158,10,144,10
91,114,704,23,692.5,25,695,25,679.5,25
91,115,519,18,539,18,532,18,519,16
91,116,358,21,338,21,348,21,356,23
91,117,11,3,14,3,11,3,10,3
91,118,146,8,141,7,143.5,7,138.5,8
91,119,81,11,82.5,11,72,9,67,9
91,120,164.5,20,161,21,164.5,21,171,22
91,121,199,15,211,16,201.5,17,194.5,16
91,122,539.5,18,538.5,18,529.5,18,514.5,18
91,123,22,7,23,7,21,7,22,7
91,124,4025,27,3939.5,29,3783,28,3671,28
91,125,1829.5,37,1740,37,1688.5,35,1697.5,35
91,126,498,26,496.5,28,477.5,26,486,26
91,127,393.5,27,396,27,388,22,402,24
92,0,55,18,55,18,49,18,50,17
92,1,42,12,38,13,41,14,45,14
92,2,78,25,81,24,78.5,25,79,25
92,3,136,32,133.5,32,138.5,36,139,36
92,4,45,16,52.5,16,46,16,56,17
92,5,32,13,35,14,32,11,24,10
92,6,42,13,43,13,44,13,42.5,14
92,7,56.5,16,48,15,54,15,61,15
92,8,98,23,103,26,101,25,93,21
92,9,23,12,23,11,24,12,27,13
92,10,56,19,76,21,74,22,71,22
92,11,77,19,75,18,68,17,66,18
92,12,52,17,42.5,15,43.5,17,36.5,17
92,13,18,6,17,4,19,4,18.5,4
92,14,35,10,30,9,25,8,24,7
92,15,31.5,8,45.5,11,33.5,8,30.5,8
92,16,74,17,66,16,66.5,16,60,15
92,17,28,9,29,9,37,9,38,9
92,18,90,14,96,16,100,16,102.5,17
92,19,219,28,226.5,26,221.5,28,231,30
92,20,157,26,159,27,150.5,25,148.5,25
92,21,203,29,199,29,213,27,192,27
92,22,598,41,587.5,40,594,38,615.5,35
92,23,1547,35,1545.5,33,1551.5,29,1686,31
92,24,3769.5,44,3737,42,3798,41,3760,42
92,25,12482,18,12344.5,18,12625,19,12242.5,17
92,26,18386.5,12,18355.5,12,18599,11,18219,11
92,27,3407.5,24,3385,24,3150.5,25,3147.5,23
92,28,3145.5,34,3203,34,3168,32,3228.5,35
92,29,1019,42,1014,44,1037.5,42,1072.5,42
92,30,663,48,681,48,704,46,709,46
92,31,455,43,457,43,435,42,424,42
92,32,274,37,298.5,37,290,37,294.5,38
92,33,351,23,322.5,23,312,24,299,24
92,34,174.5,26,167,26,157,26,160,26
92,35,380.5,27,370,30,391.5,30,378,31
92,36,61.5,14,66.5,14,62.5,14,65,15
92,37,127,17,127.5,17,127.5,17,129.5,17
92,38,15,7,15,7,20,7,23,7
92,39,195.5,14,184.5,15,231,15,168,14
92,40,94,11,86,10,99,10,84,8
92,41,29,6,24,6,27,7,27.5,7
92,42,164,21,171,21,183,23,175,23
92,43,100,14,80,13,82.5,15,80,14
92,44,16,5,18,5,18,6,18.5,7
92,45,32,4,30,6,25,7,32,8
92,46,22.5,8,21,8,24.5,9,23.5,9
92,47,683.5,27,692,26,662,27,667,25
92,48,74,10,65,9,54,10,59,11
92,49,20,7,19,7,19,7,21,7
92,50,19,6,21,6,24,6,20,6
92,51,10,4,10,3,8,2,9,3
92,52,12,3,13,3,16,3,16,3
92,53,8,2,6,2,9,2,9,2
92,54,24,8,21,8,19,7,23,8
92,55,24,5,26,6,21,6,22,6
92,56,6,3,9,3,8,3,9,3
92,57,27,7,35,9,37,11,37,11
92,58,96,14,90,14,95,14,71,12
92,59,14,7,15,7,15,7,16,7
92,60,8,3,7,3,3,1,6,3
92,61,4,1,2,1,2,1,,
92,62,1,1,1,1,1,1,1,1
92,63,4,1,4,1,4,1,4,1
92,64,4,1,3,1,7,2,7,2
92,65,13,5,13,5,12,5,12,5
92,66,57,11,54,12,49,11,54,11
92,67,29,8,33,11,36,12,33.5,11
92,69,7,1,7,1,4,1,4,1
92,70,171.5,17,182.5,18,166.5,18,154.5,18
92,71,223.5,23,242.5,22,237,24,241,24
92,72,35,7,32,7,28,6,30,7
92,73,15,3,17,5,19,5,13,5
92,74,44,10,58,11,57,11,53,11
92,75,65,11,61,12,67,14,61,12
92,76,6,3,9,4,12,4,9,4
92,77,37,6,46,7,49,7,42,6
92,78,33,4,23,4,27.5,4,27.5,4
92,79,15,5,13,4,11,4,11,5
92,80,21,8,20,8,19,7,19,7
92,81,31.5,9,35,10,33.5,9,28.5,8
92,82,70,7,67,7,65,6,65,6
92,83,339.5,36,335.5,36,320,36,322.5,34
92,84,11,3,12,3,13,3,13,3
92,85,4,1,6,1,5,1,5,1
92,86,35,7,38,8,42,10,40,11
92,87,19.5,9,10,6,12,6,11,6
92,88,18,7,15,7,20,7,25,7
92,89,29,6,33,9,31,9,30,9
92,90,33,11,36,11,34,10,33,10
92,91,55,16,51,14,51,14,52,13
92,92,19,6,18,6,22,7,21,7
92,93,19,5,21,5,19,4,20,4
92,94,219,11,235,11,242.5,11,239,10
92,95,97.5,14,103.5,14,96.5,14,85.5,13
92,96,420,38,431,39,440.5,38,434.5,37
92,97,389.5,15,359.5,15,382.5,14,377.5,15
92,98,1294,17,1291,17,1235,17,1199.5,18
92,99,1066,49,1045,52,1047,49,1045,49
92,100,166.5,19,171.5,19,160.5,18,160,18
92,101,12.5,2,14.5,2,16,2,16,2
92,102,51,7,54,8,59.5,9,51,9
92,103,333,26,335.5,28,349,28,363,28
92,104,33,9,27,9,26,9,25,8
92,105,25,4,23,4,18.5,4,18.5,4
92,106,146,15,139,15,140,15,147,16
92,107,5,3,5,3,5,3,5,3
92,108,192.5,21,202.5,21,207.5,20,205.5,20
92,109,2953.5,35,3033.5,37,2917.5,37,2910.5,33
92,110,1621,27,1674.5,26,1729,24,1735.5,24
92,111,343,27,413,24,445,26,525.5,24
92,112,5,2,5,1,5,1,6,2
92,113,450.5,22,449,21,430,19,451,18
92,114,4405,20,4326,18,4339,24,4411.5,21
92,115,2294,30,2331.5,29,2263.5,28,2317.5,29
92,116,500.5,24,518.5,22,533,23,551,24
92,117,56,9,55,9,55,10,45,9
92,118,325,19,325,19,299.5,18,281,19
92,119,63,9,64,8,59,9,60,9
92,120,80.5,11,75,11,59,9,54,9
92,121,19,6,19,6,18,6,15,4
92,122,12,5,12,5,11,4,13,5
92,123,12,5,13,5,11,5,12,5
92,124,72,19,60,17,60,18,56,18
92,125,384,25,386,24,369.5,22,338.5,24
92,126,41,12,40,12,37,12,35,11
92,127,110,12,116.5,14,101,14,118,16
93,0,148,25,142,24,142.5,25,138.5,28
93,1,39,17,39,17,37,17,44,18
93,2,71,25,67,25,69,25,72,26
93,3,21,7,22,8,18,8,20,8
93,4,21,9,19,8,19,7,17,7
93,5,103,18,94,16,89.5,17,89.5,19
93,6,32,8,35,11,37,11,36,12
93,7,93,19,89,20,84,20,83,19
93,8,408,36,408,34,390,40,392.5,37
93,9,75,28,81,27,77,25,65,24
93,10,36,14,26,9,31,11,23,10
93,11,37.5,11,34,11,40,12,36,12
93,12,36,13,44,16,39,13,46,16
93,13,30,12,32,11,33,11,36.5,11
93,14,7,4,8,4,8,4,16.5,8
93,15,144.5,18,160,18,148.5,17,150.5,19
93,16,154.5,19,168,21,149.5,21,146.5,21
93,17,42,14,42,13,41.5,14,42,15
93,18,67,13,57,12,64,12,80,16
93,19,109.5,20,121.5,20,129,22,130.5,22
93,20,428.5,34,428.5,34,419,31,408.5,32
93,21,991.5,35,981.5,35,952,36,943,39
93,22,325,26,322.5,25,298,25,292.5,24
93,23,679,31,710.5,30,724.5,33,738.5,29
93,24,1098,42,1087.5,43,1103.5,42,1072,38
93,25,14947,12,14688,12,14717.5,12,14237.5,11
93,26,23463,4,22993.5,4,23009,4,22554.5,4
93,27,9240,14,9014,13,9165,14,8882.5,14
93,28,1845,43,1823.5,42,1881.5,43,1943,40
93,29,972,35,972.5,36,1129.5,40,1138,38
93,30,912,41,913.5,43,936.5,43,941,40
93,31,201.5,29,211,29,212.5,29,218.5,31
93,32,390.5,35,402,33,378.5,36,394.5,36
93,33,121.5,18,138,17,127,17,128.5,18
93,34,135.5,22,135,22,164,22,161,21
93,35,48,13,48,16,52,15,54,15
93,36,58,12,57.5,12,57.5,13,49,11
93,37,76.5,19,76.5,18,69.5,17,71,16
93,38,79,12,80.5,12,36,6,78,11
93,39,62,11,62,11,70.5,11,74.5,12
93,40,27,6,30,6,28,4,26,4
93,41,67,10,63,10,68,10,67,11
93,42,55,10,51,9,55,11,60,12
93,43,58.5,13,55,13,56,14,47,14
93,44,110,15,101,15,90,15,82,17
93,45,41,11,41,9,43,10,41,10
93,46,39,12,40,12,45,12,44,12
93,47,39.5,9,43.5,10,42,9,37,9
93,48,56,8,61.5,8,50.5,7,44.5,6
93,49,45,7,38,7,41,8,44,8
93,50,11,5,10,5,9,4,10,6
93,51,4,2,2,1,2,1,8,2
93,52,4,1,4,1,4,1,,
93,53,23,7,26,8,30,9,30,8
93,54,269.5,23,251,23,254.5,21,238.5,20
93,55,14,4,14,4,15,6,15,6
93,56,43,16,48,16,43,15,41,15
93,57,32,9,25,8,25,9,22,9
93,58,9,4,9,4,9,4,10,4
93,59,21,5,17,4,24,4,24,5
93,60,34,9,32,9,29,9,32,9
93,61,3,3,7,4,4,3,5,5
93,63,4,1,4,1,,,,
93,64,2,1,1,1,1,1,1,1
93,65,80,17,86,17,77,16,77,17
93,66,322.5,36,298,35,316,36,309,35
93,67,23,4,24,5,22,5,19,4
93,68,12,3,11,3,10,3,19,4
93,69,11.5,3,7.5,3,1,1,4,3
93,70,67.5,12,57.5,9,55,9,39.5,7
93,71,13,4,13,4,12,4,10,4
93,72,25,6,16,6,29,7,29,7
93,73,33,4,30,4,27,4,30,4
93,74,187,17,183,19,175.5,20,198.5,19
93,75,53,7,55,8,56,8,56,9
93,76,5,3,3,2,4,2,4,2
93,77,32,9,23.5,10,24,10,23,9
93,78,20,8,22,8,20,6,22,7
93,79,9,5,7,5,8,5,7,5
93,80,16,3,13,3,13,3,11,2
93,81,40,10,42,10,38,10,40,11
93,82,59,13,64,13,64,13,62,13
93,83,94,16,84,16,94,16,87,16
93,84,18,4,19,4,16,4,16,4
93,85,7,2,5,2,5,2,5,2
93,86,15,7,17,6,13,6,15,6
93,87,38,10,33,10,32,9,31,10
93,88,27,9,28,9,22,10,23,10
93,89,14,4,10,3,11,4,19,4
93,90,20.5,7,18.5,8,17,7,21,7
93,91,21,7,18,7,15,6,20,6
93,92,24,7,22,7,22,7,16,6
93,93,23,8,24,8,24,9,22,8
93,94,47,14,49,15,49,13,43.5,13
93,95,78,21,87,22,90,22,77,21
93,96,133,19,127,17,110.5,18,101,17
93,97,34,10,28,8,23.5,7,20,6
93,98,131,17,136,17,135,18,120,17
93,99,370,8,373,8,359,7,331,7
93,100,3,1,3,1,3,1,3,1
93,101,18.5,6,17.5,6,20.5,6,22,6
93,102,215,27,220,28,220,27,216,28
93,103,145,18,138,18,139,18,141,19
93,104,31,10,39,9,36,10,41,12
93,105,8,2,10,2,10.5,3,10,3
93,106,8,2,5,2,5,2,2,1
93,107,35,12,35,11,39,11,40,11
93,108,182.5,28,187.5,26,191,28,195,27
93,109,1050.5,16,1049,16,1108,15,1090.5,15
93,110,617,34,606.5,36,575.5,38,544,37
93,111,191,34,187,36,195,36,175,35
93,112,2,1,,,3.5,1,1.5,1
93,113,1242.5,25,1377.5,26,1415,26,1503,24
93,114,3920,32,3854.5,33,3741.5,33,3718,36
93,115,553,18,542,21,563.5,20,533,20
93,116,925,27,935,28,924,30,885.5,30
93,117,769.5,32,765,31,759.5,34,762.5,33
93,118,140,17,145.5,19,146.5,20,141.5,21
93,119,102,13,107,13,117.5,12,118,12
93,120,9,4,12,5,9,5,8,4
93,121,107,6,95.5,6,94,7,84,7
93,122,8,4,7,4,4,3,9,4
93,123,11,3,13,3,12,3,11,3
93,124,29,9,33,10,33,11,32,11
93,125,330.5,14,338,14,334.5,14,332,14
93,126,30,9,29,9,21,8,21,9
93,127,99,15,97,15,93,15,97,15
94,0,112.5,27,111.5,29,113.5,30,110.5,31
94,1,128,32,137,32,139,32,132,32
94,2,49,22,47,22,44,20,44,20
94,3,26,9,28,10,28,10,21,8
94,4,21,8,20,8,18.5,9,22,9
94,5,42,11,43,11,44,11,42,11
94,6,30,10,30,10,28,11,21,9
94,7,106,28,106,28,103,29,97,29
94,8,89.5,17,83.5,18,55.5,17,75,17
94,9,88,24,98,23,104,25,97.5,25
94,10,35,12,38,14,37,14,28,12
94,11,39,11,35,11,37,11,33,9
94,12,50.5,19,46,19,46,21,40.5,20
94,13,44.5,14,42.5,13,43.5,14,51.5,13
94,14,44.5,15,51.5,15,54.5,17,51.5,14
94,15,57.5,15,58.5,15,46.5,14,50,13
94,16,53.5,11,53.5,11,49.5,12,45.5,12
94,17,139,9,123.5,10,128,11,124,10
94,18,73,10,68,10,66.5,10,73.5,10
94,19,43,12,40,11,31,10,29,8
94,20,60,17,62,17,58,15,63.5,16
94,21,222.5,21,204,21,240.5,21,244,21
94,22,58,11,57,11,60,12,64,13
94,23,1219,51,1223,51,1231,49,1318,49
94,24,262.5,35,266.5,35,289.5,35,277,34
94,25,6697.5,18,6442.5,17,6483,15,6421,16
94,26,5152,23,5079.5,22,5109,23,4931.5,22
94,27,3354,16,3080.5,15,3222.5,13,3048,13
94,28,2240.5,18,2225,18,2115,18,2055.5,18
94,29,343,30,335,30,339.5,31,355,29
94,30,150,20,163.5,20,176.5,20,173,18
94,31,332.5,30,334.5,30,346,31,377,31
94,32,315,29,310,30,330,32,334,33
94,33,216.5,22,213,21,211.5,21,205,20
94,34,388,32,366.5,33,379,32,369.5,33
94,35,200,31,184.5,29,204.5,30,205,28
94,36,110,10,121,11,111,12,112.5,11
94,37,58.5,10,53.5,10,52,8,57.5,9
94,38,48.5,10,53.5,10,32,6,62,11
94,39,40,11,48,10,35,9,40.5,10
94,40,59,10,57,10,65.5,10,61,10
94,41,97,11,92,10,94,10,92,9
94,42,69,13,67,12,68,13,63,14
94,43,40,7,43,7,45,7,41,7
94,44,21.5,4,18.5,4,17,4,18,4
94,45,29,8,31,8,30,7,29,7
94,46,75,14,77,14,77,15,79,16
94,47,19,7,20,7,28,9,25,8
94,48,24,7,18,7,22,6,19,7
94,49,22,6,23,6,25,6,19,5
94,50,31,8,32,8,24,7,25,7
94,51,22,5,21,5,19,5,18,4
94,52,37,8,40,9,32,7,32,8
94,53,41.5,10,36,10,46,11,47,11
94,54,18,6,17,6,13,5,15,4
94,55,22,6,21,7,17,5,18,6
94,56,60,17,68,16,67,16,63,17
94,57,10,5,12,6,11,5,11,5
94,58,106,13,104,14,101,14,100,14
94,59,22,9,31,11,28,8,26,9
94,60,92,15,83,16,84,15,89,15
94,61,40,9,34,9,34,9,34,8
94,62,36,10,26,8,23,7,25,9
94,63,1,1,1,1,5,2,5,2
94,64,57,11,56,11,58,12,49,11
94,65,62,16,51,14,55,16,51,15
94,66,399,22,368,22,379.5,21,381,21
94,67,31,10,30,11,33,11,30,11
94,68,3.5,1,2.5,1,4,1,4,1
94,69,8,4,4,3,4,3,5,4
94,70,245.5,24,247,24,237,25,241.5,22
94,71,4,1,4,1,4,1,7,1
94,72,3,1,3,1,5,1,1,1
94,73,5,2,3,2,4,2,3,2
94,74,8,5,8,5,10,5,10,4
94,75,15,2,7,2,9,2,10,3
94,76,5,2,4,1,5,2,6,3
94,77,15,6,10,4,12,4,10,5
94,78,5,2,4,2,4,2,4,2
94,79,11,3,10,3,16,3,12,3
94,80,13,4,12,4,12,4,9,4
94,81,4,3,3,2,3,2,3,2
94,82,3,3,5,5,7,6,7,6
94,83,36.5,13,41,13,36.5,13,39.5,13
94,84,12,5,15,6,15,6,16.5,6
94,85,3,2,3,2,4,3,5,3
94,86,12,5,12,5,11,5,10,5
94,87,64,10,62.5,9,59,9,60,10
94,88,15.5,5,17,4,16,5,17.5,5
94,89,44,10,55,12,50,13,52,12
94,90,10,5,10,5,13,5,9,5
94,91,17,4,16,5,13,5,10,5
94,92,211,23,215,25,198.5,25,205,23
94,93,162,20,162,18,168,19,155,19
94,94,179,20,191,22,179,23,188,23
94,95,180.5,22,176,21,184,21,180.5,21
94,96,83,9,82,10,90,10,78.5,10
94,97,22,5,23,5,26,6,32,6
94,98,23,10,26,11,21,11,22,11
94,99,5,1,5,1,5,1,5,1
94,101,59,11,59,11,56,12,56,13
94,102,30,9,21,7,23,7,23,8
94,103,37,6,32,6,34,6,36.5,6
94,104,40.5,6,44.5,6,43,5,43,5
94,105,254,15,252.5,15,257,15,259.5,15
94,106,231,18,211,17,211.5,18,210,18
94,107,117.5,15,118,15,116,16,119.5,17
94,108,50,9,45,9,45.5,10,48.5,9
94,109,720,34,748,32,732.5,28,718.5,28
94,110,643,32,643.5,31,662.5,31,690,29
94,111,33,12,30,12,32,13,27,11
94,112,65,6,55.5,7,56.5,7,49.5,7
94,113,1303,6,1345.5,6,1360.5,6,1320,6
94,114,244.5,25,252,26,231.5,26,242,23
94,115,843.5,27,890.5,24,912,25,934.5,26
94,116,191,24,193.5,24,188,24,196.5,24
94,117,49.5,12,51.5,13,41.5,14,44.5,13
94,118,126,22,115,21,126,23,120,25
94,119,36.5,9,36,10,30,9,29,9
94,120,208,14,207.5,12,203.5,11,207.5,12
94,121,65,14,65,15,78,14,69,14
94,122,201,14,210.5,14,218.5,12,228,13
94,123,15,7,13,5,11,5,14,6
94,124,19,5,22,5,21,5,20,5
94,125,46,6,35,4,34,4,38,7
94,126,28,8,21,8,26,9,24,8
94,127,101.5,16,98,16,93,15,93.5,14
95,0,282.5,43,290,45,295,45,278.5,45
95,1,1295,48,1302,45,1304,44,1280.5,46
95,2,158,33,165.5,31,156,32,162.5,30
95,3,33,13,27,11,26,11,23,12
95,4,61,11,57,11,56,11,59,13
95,5,12,5,10,4,15,6,16,6
95,6,35,9,36,10,38,10,37.5,10
95,7,59,17,57,17,57,17,55.5,17
95,8,55,17,49,16,52.5,16,55.5,17
95,9,64,20,55.5,20,53,19,53,18
95,10,21,6,19,6,18,4,22,6
95,11,10,5,8,4,8,4,7,3
95,12,42,10,46,12,54,13,48,10
95,13,219,32,223,30,211.5,28,191,31
95,14,33,9,36,9,34,9,30,8
95,15,112,19,106,20,106,19,99,20
95,16,36,12,37,12,39,12,48,13
95,17,45.5,12,48.5,14,46.5,14,59.5,13
95,18,84.5,15,88.5,15,78,15,77,14
95,19,38,6,40,6,33,4,40.5,6
95,20,472,18,473,18,474,17,460,17
95,21,216,31,225,32,237,31,224.5,31
95,22,1602,43,1633,43,1605,43,1677,41
95,23,860,45,857,44,903.5,43,935,43
95,24,2439,30,2398.5,28,2418.5,29,2460.5,29
95,25,2592.5,37,2691,36,2691,42,2695,42
95,26,3298.5,41,3266.5,41,3385,38,3351.5,37
95,27,2293.5,16,2252,15,2260.5,13,2186,13
95,28,6684,15,6669,16,6673.5,13,5996.5,16
95,29,1617.5,29,1545.5,29,1567,30,1622.5,27
95,30,1767,22,1751,22,1748.5,23,1808,21
95,31,187,26,179.5,26,185.5,26,172.5,26
95,32,347.5,28,318,28,315,29,310.5,30
95,33,26,6,25,6,26,6,26,6
95,34,180,17,171,16,163,16,185,16
95,35,166.5,21,165,23,160,25,154.5,25
95,36,96,19,102.5,21,96.5,19,96.5,20
95,37,81,9,72.5,9,69,7,72.5,8
95,38,201,23,208,24,219.5,17,224,26
95,39,64.5,13,77,14,87,11,68,14
95,40,71,10,67,9,60,9,62,10
95,41,46,8,49,8,47,7,48,8
95,42,760.5,30,761,29,753,25,736.5,25
95,43,117,16,107.5,16,106.5,19,101.5,18
95,44,62,9,68,11,72,11,70,11
95,45,31,12,31,12,27,12,24,11
95,46,59,13,57.5,11,52,9,52,10
95,47,110,12,120,12,123,11,108,12
95,48,34,8,30,7,35,8,33,7
95,49,25,8,25,8,30,7,30,8
95,50,50.5,9,43,9,37,8,32,9
95,51,106,13,101,15,116,14,110,14
95,52,22,5,20,5,16,5,20,5
95,53,20,7,21,7,25,7,19,7
95,54,7,1,6,1,5,1,1,1
95,55,68,15,72,14,66,16,74,15
95,56,65,16,78,17,54,17,64,16
95,57,2,2,1,1,1,1,1,1
95,58,21,6,20,6,20,6,23,6
95,59,27,9,23,9,28,11,27,11
95,60,4,1,5,1,7,2,11,4
95,61,140.5,8,134.5,8,134.5,8,128.5,9
95,62,26,5,24,4,24,5,24,5
95,63,7,3,6,3,5,3,5,3
95,64,29,5,38,5,42,5,42,5
95,65,27,6,21,5,23,7,26,7
95,66,17,4,16,3,20,3,14,3
95,67,3,1,3,1,2,1,2,1
95,68,5,1,5,1,5,1,5,1
95,69,53,8,51,7,56,9,56.5,9
95,70,169.5,16,169,16,152.5,16,180,17
95,71,13,4,13,4,14,4,14,4
95,72,4,1,4,1,4,1,4,1
95,73,9,2,9,2,6,1,5,1
95,75,4,2,3,1,4,2,2,2
95,76,1,1,1,1,1,1,1,1
95,77,49,10,52,12,48,11,46,10
95,79,2,1,2,1,2,1,2,1
95,80,171.5,20,168.5,21,167.5,19,150.5,18
95,81,18,5,18,6,24,6,24,6
95,82,172,24,170.5,22,164,20,158.5,22
95,83,61,17,57,18,53,18,55,18
95,84,14,5,16,5,17,6,16,5
95,85,5,2,5,2,5,2,2,2
95,86,10,3,10,3,9,3,12,3
95,87,21,7,27,9,25,8,25,8
95,88,24,8,20,6,15,7,9,4
95,89,15,4,12,3,16,6,13,5
95,90,28,9,27,10,23,10,27,10
95,91,128,21,122.5,21,128,22,123,21
95,92,336,21,338.5,21,327,22,317.5,22
95,93,81,16,84,15,73,14,74,16
95,94,256.5,20,269.5,21,272.5,22,275,21
95,95,60,14,68,12,65,11,68.5,14
95,96,12,6,15,6,17,6,17,6
95,97,122.5,16,117.5,15,121,15,122,14
95,98,10,4,7,3,12,4,5,3
95,99,30,9,31,9,29,7,28,8
95,100,83,17,87.5,18,90,20,87,18
95,101,882.5,45,894,43,908,46,891,44
95,102,25,8,31,10,30,9,31,10
95,103,51,10,51.5,11,43.5,9,44.5,11
95,104,45,10,49,10,48,13,50,13
95,105,80,12,89,14,79,12,82,13
95,106,101,20,106.5,19,104,19,99,19
95,107,126.5,20,121,20,124,22,124,22
95,108,407,21,433.5,22,410,23,425,23
95,109,659,33,644,29,634.5,30,607,30
95,110,71.5,12,82.5,12,77,12,79.5,13
95,111,2,1,2,1,2,1,2,1
95,112,6,2,4,1,4,1,4,1
95,113,63,3,60,3,60,3,57,3
95,114,335,20,357,20,350,20,347.5,20
95,115,469,30,459,30,465.5,29,456.5,27
95,116,586,29,573.5,30,575.5,28,558.5,29
95,117,764.5,22,770.5,22,714.5,23,711.5,22
95,118,21,4,19,4,17,5,20,6
95,119,25,7,25,8,22,7,24,8
95,120,6,3,8,4,11,4,12,4
95,121,295,19,274.5,19,285.5,19,314,20
95,122,117.5,13,110,13,111.5,13,103.5,13
95,123,29,11,27,10,18,10,21,10
95,124,44,11,40,11,38,10,34,10
95,125,19,7,27,8,26,9,25,8
95,126,20,9,20,10,20,10,17,9
95,127,29,8,24,8,21,8,20,8
96,0,112.5,20,108,21,97.5,20,101,22
96,1,121,20,125.5,20,120.5,20,108.5,18
96,2,102,25,112.5,25,108,25,97.5,23
96,3,342,30,326,31,361,33,323.5,33
96,4,927.5,45,909,45,912.5,45,894,44
96,5,36.5,16,44.5,18,44.5,17,47.5,17
96,6,79,19,80,22,78,21,79,23
96,7,38,13,34,12,26,11,31,12
96,8,65,23,67,24,66,25,66,24
96,9,30,12,29,12,35,12,35,11
96,10,59,17,55.5,17,51,18,52.5,19
96,11,2,1,5,2,5,2,2,1
96,12,43.5,14,46,14,35.5,14,36,12
96,13,91,21,92,21,89.5,22,82,22
96,14,37,9,37,9,45,9,48,10
96,15,165.5,15,162.5,15,163,13,148,13
96,16,98.5,8,94,8,89.5,9,84.5,9
96,17,644,21,616.5,21,600.5,23,601,22
96,18,561.5,24,547,25,537.5,26,512,27
96,19,376,28,386,29,372,29,376.5,30
96,20,60,16,57,15,62,17,63,17
96,21,49,10,46,9,42,9,49,10
96,22,485,28,516,28,525.5,30,520.5,30
96,23,247,19,253,18,251.5,19,238,18
96,24,1531,34,1536.5,36,1519,34,1500,35
96,25,101,14,97,13,94,13,85.5,13
96,26,493.5,51,486.5,50,524,51,526,49
96,27,964,19,957.5,18,1003,21,1027.5,21
96,28,1809,23,1820,27,1787,28,1765.5,28
96,29,1516.5,34,1565.5,33,1561.5,33,1508,32
96,30,754,40,760.5,39,742,42,815.5,39
96,31,310,28,302,26,328.5,27,329,26
96,32,111,15,103,14,107.5,15,107,15
96,33,137.5,19,135,19,129.5,19,123.5,19
96,34,91.5,16,81.5,15,88.5,14,89.5,14
96,35,79.5,11,78.5,11,77,12,75.5,13
96,36,96.5,17,95,15,92.5,16,94,16
96,37,85.5,12,79.5,12,77.5,12,70.5,12
96,38,138,23,146,23,130.5,14,142.5,23
96,39,27,7,35,7,42,6,39,6
96,40,66,13,69,12,64,11,66,13
96,41,105,13,112,13,108,14,104,13
96,42,323,14,325,15,304.5,15,313,17
96,43,68,8,70,8,69,8,64,8
96,44,28,6,29,6,23,5,19,6
96,45,68,17,58,14,54,14,57.5,14
96,46,42,10,42,10,36,10,37,10
96,47,36,8,35,8,34,8,30,7
96,48,61,14,60,14,54,13,49,13
96,49,1,1,1,1,3,1,3,1
96,50,66,12,67,12,69,12,60.5,12
96,51,13,2,18,3,14,3,15,4
96,52,22,5,18,4,17,5,17,5
96,53,8,4,7,3,9,3,9,4
96,54,103,14,105,14,113,14,100,14
96,55,38,12,34,12,44.5,12,41,13
96,56,17,4,17,4,16,4,14,4
96,57,14,5,24,6,17,6,16,4
96,58,29,8,25,8,30,9,25,8
96,59,58,11,61,11,61.5,11,68.5,11
96,60,19,7,16,4,17,5,15,6
96,61,94,10,80,10,81,10,76,9
96,62,1,1,,,2,1,2,1
96,63,14,6,13,5,13,5,15,5
96,64,24,8,20,6,24,6,24,7
96,65,9,4,9,4,10,4,8,3
96,66,6,1,6,1,4,1,5,1
96,67,6,2,5,2,4,2,4,2
96,68,27,8,36,10,24.5,9,31,10
96,69,31,6,31,6,34,6,31,6
96,70,34,9,29,9,29,9,31,9
96,72,13,3,15,4,11,3,11,3
96,73,3,1,3,1,3,1,4,2
96,74,77,15,79,15,83,16,80,16
96,75,5,2,5,2,6,2,6,2
96,76,16,5,10,4,15,5,11,5
96,77,30,4,24,4,23,3,24,3
96,78,2,1,2,1,,,1,1
96,79,5,2,5,2,5,2,4,2
96,80,9,2,13,2,12,2,13,3
96,81,3,2,3,2,3,2,,
96,82,48,10,54.5,11,49,10,57,11
96,83,21,6,19,6,18,6,13,5
96,84,23,7,22,7,22,9,21,9
96,85,4,2,5,2,5,2,5,2
96,86,65,10,60,10,57,11,63.5,10
96,87,7,3,7,3,5,3,5,3
96,88,31,10,32,11,29,11,38,12
96,89,25,10,24,9,27,9,21,9
96,90,350.5,27,323.5,28,318,28,297.5,29
96,91,31,7,38,9,32,9,27,8
96,92,80,10,76.5,10,68,9,68,9
96,93,71,16,67,16,62,15,61.5,15
96,94,10,3,7,2,12,3,14,4
96,95,21,4,16,4,20.5,4,18,4
96,96,17,5,19,5,7,4,6,4
96,97,11,4,11,4,10,3,10,4
96,98,7,1,13,1,15,1,8,1
96,99,66.5,13,69.5,14,65.5,13,76.5,14
96,100,26,9,22,8,22,8,27,10
96,101,172,21,178,20,161,21,173,20
96,102,36,10,32,10,27,9,28,9
96,103,145.5,11,149.5,10,142.5,11,139,11
96,104,117,11,110.5,11,105.5,10,106,9
96,105,7,3,7,3,12,3,12,3
96,106,143.5,10,140,10,126.5,10,145,10
96,107,69.5,15,71.5,15,67,15,76,14
96,108,600.5,28,597.5,28,589.5,30,617.5,30
96,109,701,31,712.5,30,707.5,29,691,27
96,110,79,14,73.5,14,71,14,81.5,13
96,112,2,2,1,1,1,1,,
96,113,2,1,1,1,1,1,1,1
96,114,214,12,214.5,12,205.5,12,203.5,14
96,115,160,15,163,16,174.5,16,185.5,15
96,116,94,14,96,16,88,14,91,15
96,117,692,29,684,30,648.5,30,625,30
96,118,25,8,26,7,24,7,26,8
96,119,132,17,144.5,17,135,17,134.5,16
96,120,30,9,30,9,22.5,10,21.5,9
96,121,18,5,18,5,18,5,22,5
96,122,20,9,24,10,24,9,23,10
96,123,139,12,138,13,136.5,13,139,13
96,124,71,13,73,13,71,10,70,13
96,125,85.5,9,93,9,102,10,99,9
96,126,14,6,11,5,15,6,17,6
96,127,22,10,26,9,23,9,28,9
97,0,247,31,233,30,230,30,208.5,31
97,1,76,19,92,22,75.5,19,70,20
97,2,63,16,64,15,69.5,17,59.5,17
97,3,95,25,98,25,88,23,88,22
97,4,196,19,205.5,20,218,17,218,19
97,5,50,15,58,17,54.5,15,64,16
97,6,43,14,48,15,40,12,40,12
97,7,81,21,73,21,80,22,77,22
97,8,101.5,20,96.5,20,100.5,19,97.5,18
97,9,92.5,24,90,25,86.5,23,93.5,25
97,10,30,11,29,11,27,12,28,12
97,11,39,14,36,14,41,14,39,15
97,12,90,21,94,22,97.5,22,89,20
97,13,49,17,53,20,47,17,48.5,18
97,14,22,10,18,8,22,7,26.5,9
97,15,101.5,25,99.5,22,90,22,81.5,23
97,16,183,23,180,23,170,23,152,23
97,17,80.5,14,80.5,13,73,13,72,14
97,18,95.5,15,98.5,15,99.5,12,94,13
97,19,145,20,135,19,138.5,20,144,21
97,20,33,8,29,9,33,8,33.5,7
97,21,133.5,20,137.5,20,129.5,20,125,19
97,22,208,27,232,27,217.5,26,221,26
97,23,387.5,30,391.5,30,408,34,417,34
97,24,157.5,14,163.5,15,172.5,17,175.5,15
97,25,209.5,24,216.5,26,217,25,208.5,24
97,26,188,23,194.5,24,184,23,203.5,25
97,27,178.5,22,160,21,169.5,21,179.5,20
97,28,298,27,319,28,313.5,26,339,27
97,29,251,29,266.5,29,250,27,260.5,26
97,30,372.5,27,373,27,357,25,367,24
97,31,703,58,704,58,689,59,678,59
97,32,205,26,212,25,212,24,207,24
97,33,56.5,9,65.5,10,54.5,7,50.5,7
97,34,149,25,138.5,24,136.5,24,124.5,24
97,35,64,12,58.5,13,64,13,50.5,12
97,36,502.5,35,470,36,490.5,32,490.5,33
97,37,184.5,14,188.5,14,188.5,16,180.5,15
97,38,57,10,41.5,10,55.5,10,48,8
97,39,35,5,35,6,29,5,40,7
97,40,95,11,88.5,11,89,12,85.5,12
97,41,40,11,35,11,30,9,33.5,9
97,42,69,13,75,15,74,16,67,15
97,43,35,7,32,7,29,7,28,6
97,44,6,3,5,3,4,3,4,3
97,45,85,14,87,14,87,14,92,14
97,46,265,20,227.5,21,236,22,242,22
97,47,39,7,33,7,30,7,31,8
97,48,18,6,20,7,23,7,20,7
97,49,34,10,28,10,26,10,33,10
97,50,15,5,17,6,18.5,5,11,4
97,51,14,4,16,4,14,4,14,4
97,52,12,5,10,4,8,4,9,4
97,53,35,4,36,4,34,4,29,4
97,54,54,13,46,10,52,10,52,12
97,55,11,4,11,4,11,4,11,4
97,57,19,5,19,4,18,4,21,4
97,58,16,6,13,6,10,4,14,7
97,59,46,9,52,9,58.5,9,52.5,10
97,60,26,8,27,8,25,6,26,7
97,61,39.5,8,35.5,8,28.5,8,24.5,8
97,62,17.5,5,17.5,5,16,5,18,4
97,63,84,12,80,12,72,13,76,14
97,64,8,2,5,2,6,1,4,1
97,65,3,1,3,1,4,1,2,1
97,66,3,1,2,1,,,,
97,67,,,,,1,1,1,1
97,69,6,2,8,2,9,2,3.5,2
97,70,130,10,121,9,122,10,132,10
97,71,5,3,5,2,3,1,8,2
97,72,5,2,5,3,8,3,7,2
97,73,12,5,10,5,11,4,11,4
97,74,267,17,256,17,237.5,17,240.5,15
97,75,2,1,2,1,2,1,2,1
97,76,3,2,3,2,3,2,4,2
97,77,3,2,3,2,3,2,3,2
97,78,4,2,4,2,2,1,3,1
97,79,2,1,2,1,2,1,2,1
97,80,373,18,389,18,365.5,19,368.5,17
97,81,312.5,20,287,20,291,20,271.5,21
97,82,23,7,22,7,19,6,15,6
97,83,12,3,12,3,12,3,14,3
97,84,71,16,72,14,69,12,64,14
97,85,3,1,3,1,4,2,3,2
97,86,15,4,14,4,9,3,5,2
97,87,9,4,9,4,9,4,8,3
97,88,26,9,27,9,35,9,34,9
97,89,393.5,26,358.5,25,358.5,25,340,23
97,90,1400,23,1320.5,25,1270.5,27,1210.5,23
97,91,35,9,34,9,28,9,30,11
97,92,15,4,18,4,17,4,14,3
97,93,36,12,37,12,42,12,44,12
97,94,2,1,2,1,2,1,,
97,95,2,1,2,2,2,2,1,1
97,96,14,5,12,5,11,5,10,5
97,97,12,4,12,4,8,4,14,4
97,98,11,4,11,4,8,3,11,5
97,99,35,7,34,8,31,7,32,7
97,100,66,16,61,16,59,16,55,15
97,101,55,11,54,11,59,13,58,13
97,102,26,7,23,6,22,6,20,7
97,103,5,2,7,3,6,3,5,2
97,104,30,10,29,10,25,8,26.5,8
97,105,40,15,44.5,17,44.5,18,48,18
97,106,162.5,35,142.5,35,150.5,34,153.5,35
97,107,94.5,21,94,21,89.5,20,84,19
97,108,602.5,37,598.5,38,599,37,631.5,37
97,109,897,29,889.5,27,915,25,942.5,24
97,110,59,8,61,8,59,7,57,8
97,111,3,2,2,1,1,1,3,2
97,112,10,1,5,1,9,1,9,1
97,113,43,11,45.5,12,42,13,41.5,12
97,114,109,13,117.5,13,108,14,108,14
97,115,103.5,13,112.5,12,113.5,14,99,11
97,116,411.5,13,405.5,12,384.5,12,386.5,12
97,117,86,10,81,10,82,10,72,9
97,118,135,13,123,13,113,13,111,12
97,119,68,15,59,15,60,14,71,15
97,120,91,18,89,19,94,19,94.5,19
97,121,15,5,14,5,13,5,15,5
97,122,41,11,40,11,41,11,38.5,10
97,123,26,11,23,9,41.5,10,45.5,13
97,124,53.5,12,48.5,12,46.5,12,50.5,12
97,125,11,4,12,4,12,4,8,3
97,126,22,6,20,6,12,4,17,6
97,127,27,7,26,8,23,8,19,6
98,0,57,14,62,16,63,15,58,16
98,1,41,13,47,15,43,13,45.5,15
98,2,65,16,61,16,60,15,60.5,15
98,3,155.5,32,154.5,30,160,29,166,31
98,4,64,22,61,22,58.5,21,61.5,22
98,5,62,20,53,18,54,17,64,18
98,6,26.5,13,29,14,33,13,34,13
98,7,39,14,34.5,13,36,13,41,13
98,8,61.5,15,60,14,55,14,51.5,16
98,9,272.5,26,271.5,25,260,24,266,25
98,10,45,12,48,12,49,13,53,12
98,11,19.5,7,15,7,15,7,18,8
98,12,208,32,210,32,210,31,208.5,31
98,13,676,38,669.5,36,695.5,37,710.5,37
98,14,255.5,28,252.5,29,244,28,223.5,28
98,15,58.5,14,58.5,14,65.5,14,61,11
98,16,99,18,86,18,90,15,91,15
98,17,77,11,72,11,78.5,10,74,11
98,18,205,25,213,27,242.5,25,244.5,26
98,19,119,17,102,17,110,18,101,16
98,20,60,12,61,12,57,12,53,12
98,21,151.5,17,155.5,17,161.5,17,154,17
98,22,448.5,40,443,38,448,42,453.5,42
98,23,224.5,36,203.5,36,225.5,36,230.5,35
98,24,425,34,426,34,430.5,35,454.5,36
98,25,271.5,35,281.5,36,290,35,282,37
98,26,363.5,32,344,31,333.5,31,337.5,34
98,27,827.5,27,816,28,802,28,812.5,28
98,28,668,32,697,32,712,32,707,32
98,29,1042.5,25,1054.5,26,1015.5,25,999.5,26
98,30,70.5,10,68,11,69,11,66,12
98,31,325,31,328,31,312.5,31,323,31
98,32,106.5,18,108,18,117.5,19,122.5,19
98,33,85.5,15,79,13,72,14,77,14
98,34,241,28,231.5,28,228,31,237.5,29
98,35,147.5,17,134.5,16,121.5,17,121,18
98,36,89.5,14,84.5,14,90,14,82,14
98,37,217.5,17,209.5,17,205.5,15,207,15
98,38,101,10,86.5,10,85,9,88,9
98,39,146,23,139.5,23,141.5,22,134.5,24
98,40,699.5,34,705.5,34,697.5,33,707,33
98,41,237,21,224.5,21,213,18,231,18
98,42,21,4,21,4,23,4,23,5
98,43,22,6,20,5,24,4,17,5
98,44,74,10,78,9,87,9,76.5,9
98,45,37,10,40,8,41,9,35.5,10
98,46,62,12,63,11,61,10,58,10
98,47,61,12,60,12,54.5,12,53,11
98,48,64,13,62,13,53,12,53,13
98,49,116,16,95,17,99,16,90,15
98,50,51,13,48,13,45,12,43,12
98,51,43,13,41,13,47,14,52,14
98,52,88.5,18,90.5,19,84,18,83,17
98,53,57,17,55,16,56,14,60,15
98,54,60,15,49,15,45,14,49,13
98,55,2,1,3,1,2,1,2,1
98,56,59,12,53,12,53,12,53,12
98,57,19,6,19,6,17,7,16,8
98,58,111,20,97.5,20,89,17,93.5,17
98,59,375.5,23,377,23,368.5,23,352.5,23
98,60,33,7,29,7,27,7,20,6
98,61,40,11,31,10,39,11,35.5,11
98,62,61,19,61,19,59,20,56,20
98,63,30,6,27,5,30,4,26,4
98,64,17,7,17,7,17,7,15,7
98,65,5,2,5,2,5,2,5,2
98,66,7,2,3,2,7,2,6,2
98,69,24,6,25,7,22,7,23,7
98,70,160,8,161,8,157,9,137.5,9
98,71,1,1,1,1,1,1,1,1
98,72,5,2,4,2,4,2,1,1
98,73,37,9,36,9,37,9,37,10
98,74,14,2,3,1,4,1,3,1
98,75,5,2,6,2,6,2,6,2
98,76,5.5,2,7,2,5,2,4,2
98,78,2,1,2,1,2,1,2,1
98,80,76,14,71,11,75,11,65,11
98,81,6.5,4,6.5,4,5.5,3,4,2
98,82,6,3,4,2,4,2,5,2
98,83,10,3,9,3,7,2,9,3
98,84,20,5,16,5,18,5,14,5
98,85,42,11,34,11,33,11,27,10
98,86,37,11,42,11,37,9,36,10
98,87,80,16,94,18,75,17,79,16
98,88,18,8,17,9,16,9,12,8
98,89,22,8,19,7,26,9,17,9
98,90,79,23,75,24,74,23,78,24
98,91,31,10,28,11,24,10,23,10
98,92,5,2,4,2,4,2,4,2
98,93,7.5,1,,,,,,
98,95,27,11,23,10,23,9,25,10
98,96,13,5,14,6,15,6,14.5,5
98,97,9,4,10,4,10,4,11,4
98,98,9,4,5,3,8,4,6,4
98,99,83.5,16,86.5,17,88.5,16,87.5,15
98,100,90,16,92,16,89,15,98,15
98,101,9,4,6,3,4,2,5,3
98,102,7,4,3,2,12,3,12,4
98,103,17,6,16,6,16,5,14,4
98,104,6,2,5,2,2,1,3,2
98,105,4,3,6,4,4,2,4,2
98,106,20,5,18,5,19,5,15,5
98,107,117,19,128,21,133.5,18,148.5,19
98,108,397,33,387,32,377.5,29,375,30
98,109,837.5,27,848,28,829.5,27,825.5,27
98,110,282,11,275,11,269,11,275.5,12
98,111,7,3,3,2,4,3,2,2
98,112,15,4,19,5,18,5,15,5
98,113,52,12,54,12,56,11,41.5,11
98,114,192.5,24,191,26,180.5,26,177,26
98,115,12,5,11,5,10,4,6,3
98,116,295,29,291.5,29,272.5,27,268,27
98,117,190.5,10,182,10,173.5,8,197.5,10
98,118,593,30,596,31,612.5,30,615.5,29
98,119,351.5,28,369.5,26,346,26,340.5,26
98,120,15,6,9,4,11,5,16,7
98,121,14,4,16,4,15,4,12.5,4
98,122,126,12,135,13,127,13,124,14
98,123,18,9,18.5,9,20,9,20,10
98,124,21,5,21,5,26,7,26,7
98,125,12,5,11,5,11,5,11,5
98,126,3,2,8,3,8,3,9,3
98,127,172,16,147,15,153,15,152.5,16
99,0,73,17,73,17,65,17,70,18
99,1,41,12,38,11,35,11,30,11
99,2,73,21,60,19,61,21,60,21
99,3,71.5,16,65.5,14,63.5,16,75,18
99,4,84.5,22,73,21,84,22,89,24
99,5,37,9,32,9,30,9,30,8
99,6,34,10,31,11,28,10,27,11
99,7,91,25,82,23,81,24,72,25
99,8,46,21,42,20,51,19,54.5,19
99,9,41.5,10,35.5,8,32,8,32,9
99,10,15,4,10,4,11,3,11,3
99,11,139.5,19,132.5,20,132.5,20,118,20
99,12,47,12,45,13,52,13,47,12
99,13,118,23,117,23,110,22,93,20
99,14,172,31,179,31,182.5,31,186,30
99,15,64,12,63,13,63,12,58,12
99,16,124,11,120.5,13,126.5,16,129.5,18
99,17,136,21,131.5,21,133,22,129,22
99,18,132,25,124.5,24,115,22,123.5,23
99,19,15,7,14,7,14,7,11,6
99,20,493,44,489,42,461,42,454,41
99,21,242,22,234,22,232.5,23,239.5,22
99,22,88,16,101,18,96.5,18,100.5,18
99,23,507.5,48,511,47,535,53,543.5,52
99,24,169,31,193,32,198,31,212,32
99,25,102,16,112,16,111,16,122.5,17
99,26,457.5,39,504,38,506.5,37,523.5,37
99,27,445,35,451.5,34,440,33,420.5,34
99,28,606,35,600,34,605.5,34,592.5,33
99,29,269,12,263.5,12,247,12,247.5,12
99,30,233,20,243.5,20,243,18,253.5,19
99,31,705.5,28,678,28,642.5,27,607,26
99,32,2060.5,42,2006.5,39,2049,39,1994,39
99,33,132,23,154.5,26,122.5,22,140,25
99,34,131.5,27,129,26,120,26,121,27
99,35,27,5,22,4,21,5,15,5
99,36,34,7,28,7,33.5,7,31.5,6
99,37,55,9,59,9,58,9,55,9
99,38,85,10,82.5,9,77,9,69,9
99,39,83,13,78.5,13,76.5,13,72.5,13
99,40,830,19,823.5,17,766.5,17,758.5,16
99,41,245.5,25,249,26,251,27,243.5,27
99,42,156.5,13,146.5,13,148.5,14,149.5,14
99,43,170.5,12,165,13,176,13,174,14
99,44,164,18,150.5,18,145,18,146,18
99,45,71,12,71,12,69,12,58,11
99,46,73,14,79,14,70.5,14,81.5,14
99,47,69,14,70,14,65,14,69,14
99,48,36,8,44,8,55,10,46,10
99,49,53,11,43,10,46.5,11,45.5,12
99,50,35,8,36,9,44,11,44,11
99,51,66.5,12,68.5,12,60.5,12,53,12
99,52,110,18,113,17,111,17,105.5,18
99,53,61,11,61,12,62,12,56.5,12
99,54,8,2,8,2,10,2,6,2
99,55,73,18,68,17,66,15,69.5,16
99,56,42,12,43,12,52,14,50,13
99,57,11,2,9,2,9,2,7,2
99,58,64,12,55,12,68.5,13,62.5,14
99,59,46,13,54,15,56,15,58,16
99,60,23,6,22,6,20,6,21,4
99,61,28,9,24,8,29,9,30,9
99,62,56,8,54,8,50,8,53,9
99,63,209,16,196,17,198,16,179.5,17
99,64,66,11,60,9,61,11,55,12
99,65,11,2,11,3,16,4,17,4
99,66,4,1,4,1,4,1,3,1
99,68,51,7,49,7,52,9,48,9
99,69,228.5,14,220.5,16,220,15,212.5,16
99,70,189,24,192.5,24,186,25,197.5,25
99,71,2,1,2,1,2,1,2,1
99,72,6,3,10,3,10,3,10,3
99,73,4,1,4,1,4,1,3,1
99,74,25,5,25,5,23,4,23,5
99,75,1,1,,,2,1,2,1
99,76,2,1,2,1,2,1,1,1
99,77,10,4,10,4,6,3,7,4
99,78,4,3,4,3,4,3,3,2
99,79,1,1,1,1,1,1,1,1
99,80,79,17,66,18,62,17,60,15
99,81,39,6,36,6,35,5,33,5
99,82,51,8,49,9,45,7,44,8
99,83,13,5,14,4,14,4,16,5
99,84,20.5,7,20,6,25,7,32,9
99,85,27,8,25,7,25,7,24,7
99,86,21,9,26,10,24,9,25,9
99,87,637,29,613,29,621,28,620.5,29
99,88,101,13,96,13,100,13,90,12
99,89,16,5,13,5,14,5,19,7
99,90,25,11,22,9,21,8,20,7
99,91,16,7,13,7,18,7,14,7
99,92,7,4,7,4,9,4,9,4
99,93,12,3,10,3,11,3,13,3
99,94,19,11,18,10,13.5,8,18,7
99,95,236,21,238,20,232,22,222.5,22
99,96,35,14,41,14,47,14,38.5,14
99,97,29,11,38,10,34,10,33.5,10
99,98,33,9,40,10,42,9,30,9
99,99,369.5,25,371,24,377,26,350.5,24
99,100,115,20,108,18,99.5,19,111.5,20
99,101,25,9,23,10,21,10,21,10
99,102,11,3,11,3,11,3,11,3
99,103,14,6,13,6,15,6,18,7
99,104,46,16,49,16,46,14,46,14
99,105,271.5,27,266,27,268,27,273,26
99,106,37,9,31,9,34,10,38,10
99,107,71,10,82,10,85,9,88.5,9
99,108,560,29,565,29,585.5,30,577,29
99,109,1067,35,1131,35,1120,36,1115.5,34
99,110,1419,29,1379.5,28,1403.5,30,1396.5,27
99,111,15,4,16,4,14,4,12,4
99,112,27.5,8,25,8,24,8,24,8
99,113,56,9,59,9,61,9,58.5,9
99,114,422,40,450,40,456,37,454,38
99,115,16,5,17,5,18,5,17,5
99,116,163,8,160,8,165.5,8,166.5,8
99,117,48.5,12,43,12,44,12,45,13
99,118,285,9,250,10,260,11,260,11
99,119,43.5,11,42,11,39,10,38,10
99,120,53,8,66,9,69,9,64.5,9
99,121,120,17,133,17,138,16,120,14
99,122,80.5,17,89.5,17,91.5,15,89.5,16
99,123,10,4,11,4,10,4,9.5,4
99,124,540.5,11,558.5,8,557.5,10,553.5,11
99,125,232,20,223.5,20,222.5,20,208,19
99,126,35,9,36,10,41,13,37.5,13
99,127,58,9,74,10,64,10,74,11
100,0,343.5,31,345.5,29,351.5,32,344,30
100,1,28,6,27,5,22,6,27,6
100,2,44,18,43.5,17,50.5,18,50,18
100,3,57.5,17,59.5,19,64.5,19,63.5,18
100,4,70.5,21,78.5,21,82.5,24,80.5,23
100,5,46,13,44,15,38,12,47,15
100,6,69,19,74,20,70.5,20,83,24
100,7,35.5,12,35.5,13,46,14,41,14
100,8,55,13,55,14,61,14,74,14
100,9,29,8,29,8,23,8,27,9
100,10,26,9,28.5,9,30,7,29,10
100,11,117,26,110.5,25,101.5,22,88,20
100,12,110.5,23,109,23,121.5,23,113.5,22
100,13,95.5,16,90.5,14,79,15,83,15
100,14,31,11,29,9,30,9,27,9
100,15,73,14,72.5,14,79.5,16,78.5,16
100,16,67,18,68,15,62.5,16,55.5,16
100,17,137,20,139.5,21,147,22,144.5,22
100,18,107,24,101.5,20,115,21,103.5,22
100,19,75.5,20,74,19,74,20,71,19
100,20,84.5,14,78,14,77.5,14,66,14
100,21,78,11,71,12,63.5,11,72.5,12
100,22,156.5,22,148,23,160.5,25,159.5,25
100,23,50,17,45,16,40.5,13,47.5,12
100,24,64,17,63,16,61.5,15,70.5,17
100,25,84,15,87,14,95.5,18,86,16
100,26,426,26,420,25,422.5,26,430.5,27
100,27,60,11,54,12,50,13,51.5,14
100,28,201,30,218,31,223.5,31,222,31
100,29,96,19,105,19,104.5,18,97,17
100,30,147,25,167.5,25,172.5,25,172,25
100,31,345.5,39,354.5,39,334,41,329,39
100,32,242.5,34,237,34,231.5,33,213.5,33
100,33,128.5,21,123.5,20,127,20,120,21
100,34,78,10,79,10,66,10,72,10
100,35,18,3,15,3,9,3,11,3
100,36,93,19,88,18,87,18,72.5,17
100,37,45.5,8,46,7,43,9,49,10
100,38,13.5,2,11.5,2,12,2,12,2
100,39,58.5,12,63.5,13,70.5,13,61,12
100,40,83,9,76,9,78,8,84,8
100,41,86.5,8,83.5,8,87.5,8,85,8
100,42,105.5,19,110,19,91.5,18,105.5,18
100,43,154,14,157,14,138.5,13,133,14
100,44,45.5,8,41.5,8,41,10,36,10
100,45,46,9,37,8,27,7,31,8
100,46,242.5,21,224.5,21,218.5,21,214.5,21
100,47,67,13,70,13,66,12,62,12
100,48,37.5,11,38,10,35,11,45,10
100,49,372,21,355.5,20,327,21,329.5,21
100,50,19,4,17,4,12,4,13,4
100,51,83,17,83,17,81.5,17,81,16
100,52,693.5,36,671,36,670,39,663.5,41
100,53,58,13,57,15,58,14,58,14
100,54,23.5,7,22.5,6,24,7,26,8
100,55,74,11,70,11,70,11,74,11
100,56,4,1,4,1,5,1,4,1
100,57,21,3,18,3,19,2,21,4
100,58,99,15,93,15,93.5,14,91.5,12
100,59,18.5,6,15,6,15.5,7,13.5,7
100,60,91,7,87,7,93.5,8,90.5,8
100,61,24,8,25,9,27,9,33,9
100,62,36,9,31,10,51.5,11,37.5,9
100,63,20,4,20,4,20,4,22,4
100,64,47,9,44,9,47,9,44,9
100,65,3,1,2,1,2,1,1,1
100,67,15,6,19,6,26,7,29,9
100,68,23,5,24,5,20,5,17,5
100,69,2,1,2,1,2,1,2,1
100,70,35,10,37,9,42,9,37,8
100,72,3,1,3,1,2,1,,
100,73,8,3,9,3,12,5,11,4
100,74,34,5,29,5,28,5,23.5,4
100,75,7,4,9,4,9,4,10,4
100,76,4,2,3,2,3,2,3,2
100,77,2,1,2,1,3,2,2,1
100,78,1,1,1,1,,,,
100,79,16,4,13,4,14,4,14,4
100,80,7,3,5,2,5,2,5,2
100,81,7,3,9,4,9,3,15,5
100,82,1,1,,,,,,
100,83,102,17,107.5,17,98.5,16,88.5,17
100,84,64.5,17,70,16,69,15,77,16
100,85,86.5,17,88.5,17,86.5,17,83.5,17
100,86,62,15,61,15,58,14,51,15
100,87,12,4,9,3,10,3,6,2
100,88,27,8,28,7,27,7,25,7
100,89,15,6,15,6,14,6,12.5,5
100,90,17,7,15,7,15,7,16,7
100,91,11,3,12,3,5,2,8,2
100,92,8,3,8,3,9,4,11,4
100,93,37.5,9,30,8,39.5,8,31.5,7
100,94,18,9,20,10,19,11,20,10
100,95,12,6,11,5,10,5,10,5
100,96,10,4,12,5,15,6,10,4
100,97,46,11,38,10,36,12,41,10
100,98,377,31,340,32,328,33,328.5,30
100,99,24,7,29,7,27,8,25,9
100,100,32,12,33,14,28,11,30.5,12
100,101,44,14,49,15,46,15,45.5,16
100,102,116.5,11,118.5,11,105.5,9,92.5,9
100,103,32,9,36,9,29,8,27,6
100,104,8,5,8,5,8,4,8,4
100,105,13,7,12,7,9,6,10,6
100,106,11,3,13,3,13,3,11,3
100,107,7,3,7,3,9,3,9,3
100,108,418,39,427.5,41,419.5,39,422.5,40
100,109,996.5,33,1011,33,1015,34,1003,36
100,110,603,13,617.5,13,595,16,623,13
100,111,5,3,6,3,1,1,2,2
100,112,8,3,5,2,6,2,6,2
100,113,76,21,74,22,66,21,64,20
100,114,11,3,10,3,7,2,12,3
100,115,19,7,11,6,8,5,10,6
100,116,124,19,126.5,19,149,21,174,21
100,117,210,13,207,12,212,12,193.5,11
100,118,1861,22,1826.5,22,1760,22,1775.5,25
100,119,17,5,20,5,20,5,18,5
100,120,22,8,24.5,6,20.5,7,18.5,7
100,121,69,10,63,9,85.5,11,74.5,10
100,122,8,3,8,4,7.5,4,7.5,4
100,123,9,4,5,3,6,3,10,3
100,124,582.5,9,576,9,582,9,575.5,9
100,125,24,10,27,11,28,11,28,10
100,126,58,6,56.5,6,58,6,61,6
100,127,39,10,43,10,40,10,39,10
101,0,47,15,50,16,47.5,16,54.5,16
101,1,24.5,8,24,7,25,6,27,7
101,2,52,20,51,20,47,18,45,18
101,3,218,30,225,29,215,28,232,30
101,4,128.5,30,143.5,30,148.5,31,145,31
101,5,65,19,64,20,60,18,62,20
101,6,76,24,76.5,26,76.5,28,83,32
101,7,36,12,31,12,37.5,14,41,15
101,8,342,31,328,31,312,34,301.5,33
101,9,168,24,175.5,25,171,25,179,27
101,10,114,30,103,31,97,31,89,30
101,11,34,14,38,13,32,14,33,14
101,12,226,17,221.5,16,205,17,208,14
101,13,315.5,33,308.5,33,296,32,279.5,30
101,14,35,12,40,13,42.5,13,43.5,13
101,15,87.5,20,80,20,85,20,77,19
101,16,27,10,29,10,29,9,28,10
101,17,50,11,56,12,49,11,51,11
101,18,121.5,21,128,22,127,22,130,21
101,19,54.5,12,49.5,12,47,11,46.5,11
101,20,69,11,69.5,9,69.5,11,69.5,9
101,21,85,22,88,23,97,25,89.5,24
101,22,202.5,28,189,27,202.5,26,199.5,26
101,23,174,25,186,23,181,24,177,25
101,24,105,21,96,21,112,23,104.5,23
101,25,272.5,27,285.5,28,297,26,267,27
101,26,142.5,21,138.5,21,127,21,114,21
101,27,147.5,22,136.5,23,142.5,24,135,23
101,28,109.5,10,94.5,11,106,10,99,10
101,29,108,21,109,21,110,21,116,20
101,30,127.5,15,126.5,14,129,14,117,13
101,31,334,31,326,32,338,32,325.5,33
101,32,149,19,139,18,143,18,125.5,19
101,33,112,16,114,15,110,16,103,17
101,34,141,16,137,16,149,16,143,16
101,35,36,7,39,8,42,8,47,9
101,36,61,13,66,12,73,14,64,13
101,37,2,1,2,1,2,1,2,1
101,38,107.5,11,101.5,11,98.5,13,96,14
101,39,236,26,246.5,26,239,26,239,27
101,40,18,6,20,7,21,7,27,8
101,41,55,12,57,12,65,13,60,14
101,42,18,5,18,5,21,6,18,6
101,43,103,19,103,20,99,20,96,20
101,44,84,12,79,13,75,13,73,14
101,45,76,14,79,13,72,14,60,15
101,46,42,9,44,9,44,9,44,9
101,47,40.5,10,42.5,11,45.5,10,36,10
101,48,61,11,58,10,56,11,56,12
101,49,74.5,16,61.5,15,68,15,70,17
101,50,63,14,62,13,52,14,68,14
101,51,54,9,51.5,9,58.5,9,57.5,9
101,52,65,9,62,11,64,10,54,9
101,53,97,25,86,26,93.5,25,80.5,25
101,54,163,24,145,24,144.5,22,144.5,24
101,55,44,10,41,10,41,10,40,10
101,56,28,6,27,6,26,6,27,6
101,57,126.5,12,123,12,129,11,121,11
101,58,73,12,67,12,66,12,73,11
101,59,55,15,55,15,58,15,53,13
101,60,50,15,35,14,39,16,41,15
101,61,24,3,22,3,20,3,23,3
101,62,82,13,79,12,75,12,73,12
101,63,8,3,11,3,9,3,10,3
101,64,25,7,21,6,27,6,26,6
101,65,6,2,5,2,5,2,5,2
101,66,3,1,2,1,3,1,4,1
101,67,3,1,3,1,3,1,3,1
101,68,,,,,4,1,4,1
101,69,4,2,4,2,4,2,4,2
101,70,45,9,47,10,48,12,46,12
101,71,4,1,4,1,6,2,6,2
101,72,5,2,5,2,5,2,5,2
101,73,10,3,8,3,7,2,6,2
101,74,144.5,19,126,17,121.5,15,128,17
101,75,9,1,9,1,8,1,8,1
101,76,1,1,2,1,5,1,5,1
101,77,5,2,5,2,4,2,5,2
101,78,12,6,15,7,14,7,15,7
101,79,6,2,6,2,4,2,4,2
101,80,6,3,7,3,5,2,5,2
101,81,9,3,7,3,8,4,9,4
101,82,29,7,36,8,33,8,29,8
101,83,5.5,3,4,2,9,2,6,3
101,84,10,6,15,7,14,7,13,6
101,85,22,9,21,8,21,8,23,7
101,86,66,19,62,19,56.5,18,55,17
101,87,94,16,95,16,97,15,100.5,16
101,88,14,7,10,5,10,4,11,5
101,90,6,3,5,2,5,3,5,3
101,91,6,2,7,3,9,3,9,3
101,92,32,8,30,8,33,8,31,8
101,93,56,11,58.5,11,51,10,42,10
101,94,11,5,9,4,4,3,5,3
101,95,20,8,19,7,19,7,17,6
101,96,17,6,22,6,15,4,14,5
101,97,16,7,13,7,12,6,11,6
101,98,9,5,8,5,7,5,9,6
101,99,10,4,9,4,7,3,9,3
101,100,22,5,21,5,16,5,10,5
101,101,37.5,10,28.5,8,36.5,10,37.5,10
101,102,290.5,17,284.5,16,288,16,263.5,16
101,103,53,17,48,16,45,13,48,14
101,104,22,8,22,8,17,7,12,4
101,105,11,3,9,3,8,2,5.5,2
101,106,10,3,5,3,11,3,9,3
101,107,45.5,5,46.5,7,46.5,7,41.5,7
101,108,177,19,194.5,18,182,19,172,20
101,109,634.5,29,633,30,619.5,29,588,28
101,110,222.5,14,221,14,227.5,14,238,15
101,111,20,7,18,7,17,7,18,8
101,112,30,8,32,9,32,9,35.5,9
101,113,43,9,49,10,47,9,52,9
101,114,6,2,6,2,6,2,6,2
101,115,6,2,4,2,2,1,4,2
101,116,40,9,40,10,27,9,37,10
101,117,766,27,778.5,26,749,24,746,24
101,118,815.5,27,816,27,819,26,772.5,27
101,119,111.5,11,110.5,11,107.5,11,104,12
101,120,11,4,10,5,7,4,7,4
101,121,20,7,18,6,17,7,15,6
101,122,11,1,10,1,9,1,11,2
101,123,301.5,15,290.5,15,291,15,284.5,14
101,124,11,3,16,4,16,4,13,3
101,125,13,5,14,5,13,5,10,5
101,126,159.5,9,163.5,13,157,13,156,13
101,127,193,16,201.5,16,179,16,181.5,15
102,0,60.5,18,62,18,61.5,18,66.5,19
102,1,293,22,267.5,23,279.5,22,254,22
102,2,1151.5,28,1100,29,1100.5,25,1098,27
102,3,236.5,32,227.5,33,236,32,230.5,34
102,4,63,22,56,21,54,20,59.5,21
102,5,51,17,50,17,46,17,53.5,17
102,6,197.5,24,197,23,206,25,206,26
102,7,27,10,34,11,33,11,30,11
102,8,99,19,89,18,112,22,114.5,22
102,9,27,10,28,10,30,12,30,13
102,10,156,27,155.5,29,157,28,151,27
102,11,108,26,95,27,103,25,100.5,24
102,12,61,18,53,17,51,15,53,15
102,13,80,18,83,18,86,20,86,21
102,14,40,10,42,10,46,10,46,10
102,15,78,16,74,17,69,15,70.5,14
102,16,87,24,79,22,81,22,90,23
102,17,259,27,253.5,27,253,28,253,26
102,18,50.5,13,46,12,42,12,39,11
102,19,28,10,23,10,23,12,25,12
102,20,16,8,21,8,28,9,21,8
102,21,116,21,118,21,121,21,123,20
102,22,85.5,13,94,13,97,13,109.5,13
102,23,159.5,23,182,21,166.5,17,163.5,18
102,24,582.5,15,581,14,565,18,490,18
102,25,2360.5,31,2278.5,31,2195.5,29,2042.5,29
102,26,133,27,132.5,27,138.5,25,122.5,22
102,27,80,17,76.5,19,86,19,72.5,18
102,28,45,10,46,10,49,11,46,10
102,29,107,14,117,16,116.5,16,113.5,17
102,30,6,4,6,4,6,4,6,4
102,31,68,16,57,17,52,17,57.5,17
102,32,189,25,196,23,172.5,24,183.5,26
102,33,104,16,94,16,91,16,91.5,16
102,34,658,31,633.5,29,623,28,598,30
102,35,35,8,41,8,39,9,47.5,10
102,36,37,8,32,8,36,8,39,8
102,37,194,18,200.5,18,194.5,18,198.5,18
102,38,101,22,110,23,108,25,107,24
102,39,23,7,29,8,32,8,29,8
102,40,93,13,86,14,83,15,85,16
102,41,30,11,30,11,28,11,27,10
102,42,88.5,10,78.5,11,66.5,10,68,11
102,43,76,12,75.5,12,81,15,78,14
102,44,54.5,14,54.5,14,55.5,13,51.5,14
102,45,102,21,107,21,106.5,21,104,21
102,46,345,16,375.5,16,340,16,342.5,16
102,47,89,19,95,20,90,20,92,20
102,48,74,11,76,11,73,11,82,11
102,49,51,7,46,7,47,8,51,8
102,50,62.5,15,69.5,15,71.5,15,72.5,16
102,51,63,13,62,14,61,14,64,14
102,52,97.5,17,95,15,87,16,98,18
102,53,37,11,38,11,37.5,10,40,12
102,54,76,19,72,19,67,19,70,19
102,55,23,7,20,7,20,6,22,7
102,56,47,16,45,15,42,15,50,16
102,57,82,12,89,12,86,12,84,10
102,58,104,22,101,20,93.5,21,97.5,22
102,59,666,31,656,31,622,30,606,29
102,60,130,16,125,16,110,16,116,16
102,61,14,3,22,3,24,3,23,3
102,62,84,10,79,11,82,12,79,11
102,63,36,9,40,8,41,9,38,8
102,64,54,8,49.5,8,50,8,56.5,9
102,65,10,4,9,3,8,3,9,4
102,66,9,2,13,2,12,2,12,2
102,67,1,1,1,1,1,1,1,1
102,68,18,6,13,5,9,4,13,4
102,69,117,16,112,17,111,17,109,15
102,70,90.5,12,90.5,13,84.5,13,88.5,12
102,71,15,4,14,4,16,4,15,4
102,72,10,3,9,3,6,3,6,3
102,73,1,1,1,1,1,1,3,1
102,74,8,3,14,4,11,5,8,4
102,75,1,1,,,,,,
102,77,2,1,2,1,2,2,2,2
102,78,206,21,207,20,198,20,198.5,20
102,79,75,4,75,5,84,5,74,5
102,80,25,7,24,7,29,8,26,8
102,81,24,5,21,4,23,4,22,4
102,82,126,10,127,10,126,11,145,11
102,83,18,6,19,6,12,6,9,5
102,84,23,6,27,6,27,7,24,6
102,85,59.5,13,56.5,13,70.5,12,68,12
102,86,156,18,137.5,17,141,16,141.5,16
102,87,307,13,305,14,303.5,13,295.5,14
102,88,30,11,31,11,31,9,25,8
102,89,7,2,6,2,6,2,6,2
102,90,10,4,11,4,12,4,12,4
102,91,79,13,85,15,68,12,78.5,13
102,92,6,3,5,3,7,4,7,4
102,93,5,3,5,3,4,3,5,3
102,94,6,4,6,4,6,4,6,4
102,95,5,1,5,1,5,1,5,1
102,96,9,4,7,3,8,4,7,4
102,97,124,13,133,13,136,14,120,13
102,98,110,19,109,19,101,19,91.5,18
102,99,7,3,7,3,7,3,4,3
102,100,10,3,13,4,10,4,9,4
102,101,13.5,3,8.5,3,12.5,4,10,4
102,102,45,15,45,15,40,13,37,12
102,103,10,6,14,8,16,6,13,6
102,104,39,8,35.5,8,42,9,43,9
102,105,6,3,7,4,8,4,9,5
102,106,5,1,5,2,5,2,4,2
102,107,94,9,88,9,85,9,92,9
102,108,347,39,363,37,345.5,38,343.5,41
102,109,279,25,269,25,267.5,23,268.5,24
102,110,4,1,4,1,4,1,4,1
102,111,162,9,155,9,160.5,10,156,10
102,112,637.5,16,634.5,18,643.5,17,664,16
102,113,17,8,24,8,23,9,31,9
102,114,5,2,5,2,8,2,7,2
102,115,3,2,3,2,6,2,5,2
102,116,26,10,27,10,28.5,9,24.5,8
102,117,2,2,2,2,2,2,2,2
102,118,76,4,67,4,71,4,67,4
102,119,189.5,16,187.5,16,182,14,186,15
102,120,298,15,307.5,15,288,16,306,17
102,121,367.5,28,355,27,364.5,27,345,28
102,122,497,37,503.5,39,491.5,38,499.5,38
102,123,916.5,52,936,53,956,53,963,54
102,124,50,6,51,6,54,7,47.5,6
102,125,64,11,62,10,64,11,71,11
102,126,94,6,97,6,98.5,6,87.5,6
102,127,249,20,237.5,21,239,21,239.5,23
103,0,184.5,31,188.5,32,190.5,34,187,34
103,1,140.5,20,145.5,19,148.5,20,146.5,20
103,2,492.5,32,463,34,447,34,448,35
103,3,166.5,26,156.5,26,138.5,25,148,25
103,4,63,18,58.5,18,56,18,59.5,19
103,5,51,15,54,15,49.5,14,52.5,14
103,6,38.5,8,35.5,7,33.5,6,30.5,7
103,7,14,4,14,4,12,4,10,4
103,8,61,20,75,19,70.5,21,72.5,23
103,9,9,4,9,4,9,5,8,5
103,10,54,22,59.5,21,52,20,58,20
103,11,29,15,33,13,38,15,38,15
103,12,34,11,36,10,33,9,25,9
103,13,76,17,75,18,73,16,73,17
103,14,24,9,26,8,22,8,24,9
103,15,73,16,71,15,65,15,78,15
103,16,40,11,40,12,41,12,39.5,12
103,17,275.5,27,270.5,27,267,27,277,27
103,18,167.5,35,158,34,164.5,33,158,32
103,19,32,8,30,8,29,8,27,7
103,20,76,16,78,16,79,18,84,19
103,21,254,37,255,37,269.5,37,240,37
103,22,54,9,49.5,9,49.5,9,44,8
103,23,80,17,72.5,15,82,17,79.5,19
103,24,259,33,244,33,240.5,33,219,33
103,25,42,14,42,15,39.5,13,42.5,16
103,26,88.5,18,86.5,17,75,16,75,16
103,27,25,8,23,8,25,9,21,8
103,28,60,14,55,14,52.5,13,62,13
103,29,163.5,17,167.5,16,163,17,144,17
103,30,38.5,13,40,14,38.5,14,39.5,14
103,31,171,20,172,21,169,21,166.5,20
103,32,88,18,84.5,18,78.5,17,82.5,18
103,33,86,23,95,24,97,24,93,23
103,34,25,9,27,8,30,9,25,9
103,35,66,13,71.5,14,64,13,68,14
103,36,187.5,26,173.5,26,174.5,30,180,29
103,37,455.5,23,436,21,458.5,19,482,19
103,38,359,27,354,28,360,27,372,26
103,39,26,6,21,6,25,6,28.5,6
103,40,69,11,66.5,11,57,10,62,10
103,41,61,14,66,14,62,14,62,13
103,42,34,9,39,10,34,10,30,10
103,43,106,9,102,8,100,9,112,8
103,44,61,12,65,13,67,12,67,12
103,45,105.5,14,98,13,106,13,116.5,13
103,46,63,13,63,13,60,12,44.5,11
103,47,94.5,20,98,20,88.5,19,94.5,19
103,48,33,8,40,8,40,8,40,8
103,49,90,12,93.5,12,100.5,13,98,13
103,50,70,18,65,17,56,16,55.5,17
103,51,30,5,25,5,18,4,25,4
103,52,22,5,21,6,21,6,25,6
103,53,81,20,91.5,19,91,20,94,21
103,54,36,9,35,9,40,9,40,9
103,55,119,21,117,21,122,20,105,20
103,56,37,9,30,9,30,9,30,10
103,57,13,4,15,4,15,4,15,4
103,58,14,5,10,4,9,3,11,3
103,59,76,13,64,13,65,12,68,11
103,60,23,5,22,5,22,5,20,4
103,61,36,7,35,7,36,7,31,6
103,62,40,5,35,5,39,5,40,5
103,63,27,7,36,7,34,7,35,8
103,64,56,10,56,10,51.5,9,45,9
103,65,6,1,4,1,6,1,5,1
103,66,9,4,9,4,9,4,9,4
103,67,112,14,109.5,14,97,13,97,15
103,68,9,3,4,2,4,2,7,3
103,69,254.5,18,261,19,247.5,18,246,17
103,70,59,8,55,9,61,10,55,9
103,71,4,3,4,3,3,3,4,3
103,72,12,4,13,4,13,4,9,3
103,73,2,1,2,1,2,1,2,1
103,74,3,2,2,2,2,2,2,2
103,75,4,2,4,2,3,2,3,2
103,77,4,1,4,1,2,1,3,1
103,78,3,3,6,4,6,4,6,4
103,79,591,27,572.5,26,598.5,25,581.5,26
103,80,54,7,53,8,55,8,58,8
103,81,31,7,28,7,20,6,21,6
103,82,3,1,2,1,,,2,1
103,83,5,3,5,3,3,2,7,4
103,84,86.5,18,96.5,18,88,16,79.5,16
103,85,56,13,53.5,12,51,12,53,11
103,86,712,13,680.5,15,656.5,15,639.5,13
103,87,20,10,20,8,19,8,20,10
103,88,24,7,29,8,27.5,8,30.5,8
103,89,48,12,47,12,43,11,37,11
103,90,16,7,14,6,13,6,16,7
103,91,11,4,9,5,9,5,8,5
103,92,3,2,3,2,5,3,6,3
103,93,15,5,12,4,9.5,5,9,4
103,94,44,11,33,11,32,11,31,11
103,95,20,5,16,5,11,4,24,6
103,96,20.5,9,16.5,8,20,8,17,6
103,97,251.5,16,265,17,243.5,18,227,20
103,98,123,19,109,17,109.5,16,94.5,15
103,99,25,7,21,7,23,7,22,7
103,100,18,6,14,5,14,5,12,5
103,101,2,1,3,1,3,1,1,1
103,102,4,2,4,2,1,1,4,2
103,104,6,2,6,2,5.5,2,5.5,2
103,105,31,10,30,10,33,11,30,10
103,106,46,13,42,13,45.5,13,47.5,13
103,107,218,22,223.5,21,228,21,232,23
103,108,445.5,32,459,31,423.5,31,414.5,31
103,109,248,35,277,35,300.5,35,283.5,31
103,110,90,16,92,16,87.5,16,84.5,17
103,111,91,16,77,15,77.5,14,81,13
103,112,404.5,21,414,21,414.5,22,421.5,21
103,113,39.5,9,48.5,10,52.5,10,45,10
103,114,26,11,25,11,24,10,23,10
103,115,53,15,47,13,44,13,52,14
103,116,110,13,108,13,102,13,102,13
103,117,237.5,8,231,8,244,8,228.5,9
103,118,160,9,165,9,158.5,10,157.5,9
103,119,1210.5,34,1170.5,33,1170,33,1167.5,35
103,120,378,28,403,28,396.5,28,385.5,27
103,121,325.5,21,330,21,337,22,322.5,22
103,122,111,3,114.5,2,109.5,3,105,3
103,123,27,8,28,7,27,7,28,7
103,124,465,22,458.5,21,511.5,18,527,20
103,125,11,3,11,3,7,2,14,2
103,126,257.5,14,257,13,266,14,254,12
103,127,17,10,20,9,30,10,29,10
104,0,69,17,63,16,67.5,16,63.5,17
104,1,32,9,31,8,31,7,31,7
104,2,45,10,36,9,35,9,40,9
104,3,44,10,42,11,41,12,40,11
104,4,110,17,105.5,15,107.5,15,106,15
104,5,51,16,54,17,58,19,54,17
104,6,57,20,58,20,58.5,19,55.5,19
104,7,13,4,11,4,10,4,10,4
104,8,46,14,51,15,57,15,50,16
104,9,42,12,40,12,36,11,57.5,16
104,10,35,12,30,9,31.5,9,32.5,10
104,11,39,14,36,14,30,13,44,13
104,12,34.5,14,37,13,40,14,37,15
104,13,266,34,246,35,251.5,32,240,33
104,14,91,22,91,23,85.5,20,80.5,20
104,15,60,19,63,21,57,18,60,21
104,16,41,12,41,12,56.5,13,51,12
104,17,99.5,22,96,23,104.5,24,106.5,26
104,18,92,20,105,20,98,20,90.5,19
104,19,84,21,85.5,21,75.5,21,73,22
104,20,116,12,120.5,12,112.5,12,111.5,13
104,21,218,29,212.5,31,227.5,32,218,31
104,22,72,15,62,15,69,15,58,14
104,23,23,7,22,7,19,6,19,6
104,24,204,32,200,32,182,33,176.5,33
104,25,72,13,73,13,72,13,61,12
104,26,42.5,12,40.5,11,40.5,11,35,12
104,27,51,10,39,10,43,11,46.5,11
104,28,33,10,34,10,34.5,9,35,9
104,29,62,12,64,12,52,12,52,12
104,30,53.5,15,46.5,15,49,15,46,15
104,31,6,4,10,4,10,4,10,4
104,32,94,19,106.5,19,116.5,20,116,20
104,33,48,8,46.5,8,45,8,40,8
104,34,78.5,12,67.5,11,61,11,77,13
104,35,48,9,43.5,9,49.5,11,42,9
104,36,17,6,13,5,14,5,13,5
104,37,66,12,68,12,59,11,67,11
104,38,43,10,40,10,49,10,43,10
104,39,15,6,13,6,10,5,13,6
104,40,77,5,81,5,72,6,72,6
104,41,51,11,49,12,52,13,51,12
104,42,160,13,159,14,149.5,13,142,13
104,43,75.5,15,76.5,15,68.5,13,81,15
104,44,63,15,65,15,65,14,73,15
104,45,65.5,14,60,14,55,14,50.5,14
104,46,425,36,442.5,35,423,35,418.5,35
104,47,3087.5,32,3031,31,2996.5,33,2980,33
104,48,48,13,48,12,58,14,55,13
104,49,127,19,129.5,19,132.5,20,127.5,20
104,50,114,14,105.5,13,103,13,94.5,15
104,51,134,19,123.5,19,136,20,136.5,21
104,52,35,7,36,8,46,9,43,9
104,53,162,23,153,23,144,23,152,24
104,54,86,16,78,17,83,18,78,18
104,55,47,10,48,11,49.5,11,43.5,11
104,56,92.5,19,84,20,78,18,82,18
104,57,37,9,36,8,36,7,29,7
104,58,34,11,37,12,36,11,38,12
104,59,112,12,112,13,119,13,104,13
104,60,12,4,11,4,12,4,9.5,4
104,61,73,13,69,14,61,13,72,13
104,62,85.5,14,81.5,15,80,15,90,15
104,63,2,1,2,1,1,1,1,1
104,64,16,4,17,5,20,5,19,5
104,65,3,1,,,,,,
104,66,1,1,,,1,1,1,1
104,67,12,4,10,4,9,4,7,4
104,68,9,3,11,3,11,3,8,3
104,69,1794,26,1722.5,26,1691,28,1702,28
104,70,84,9,78,9,77,9,74,9
104,71,4,3,4,3,3,2,2,2
104,72,14,4,14,4,13,4,13,4
104,73,2,1,2,1,2,1,2,1
104,74,3,2,5,2,3,1,2,1
104,75,245.5,14,245,14,229,15,237,15
104,76,6,2,3,2,3,2,3,2
104,78,9,2,11,2,6,1,4,1
104,79,40.5,8,30.5,6,34,7,33,7
104,80,4,1,4,1,5,1,5,1
104,81,19,3,16.5,3,14,2,13,2
104,82,44,6,41,5,40,6,36,5
104,83,25,6,22,6,21,6,20,6
104,84,146.5,27,144,28,140,26,128,26
104,85,50.5,12,41.5,12,38.5,13,37.5,11
104,86,6,3,6,3,5,3,5,3
104,87,118.5,23,109.5,23,97.5,22,97,21
104,88,129.5,19,124,17,134.5,21,119,21
104,89,21,7,24,9,24,8,23,8
104,90,16,4,17,5,18,5,13,4
104,91,30,11,29,10,25,10,29,10
104,92,5,1,6,1,5,1,5,1
104,93,15.5,6,22.5,6,22.5,6,21.5,5
104,94,904.5,30,864.5,30,865.5,30,833.5,28
104,95,104,14,104,14,107,14,105,11
104,96,21,10,18,7,14,7,16,8
104,97,35,12,31,12,31,12,36,14
104,98,10,3,7.5,3,7.5,3,9.5,3
104,99,2,1,1,1,1,1,1,1
104,101,8,2,8,2,9,2,10,2
104,103,12,5,12,4,12,4,10,3
104,104,68,20,70,21,78,19,75.5,20
104,105,35.5,11,30.5,10,28.5,11,41,12
104,106,117,24,131,25,130,22,132,23
104,107,179,27,179.5,27,182,27,176,26
104,108,578,26,524.5,26,530,26,512,28
104,109,379,28,380.5,30,357,31,354.5,28
104,110,117,25,119,25,119,24,110.5,23
104,111,380.5,18,395,16,376.5,18,425.5,20
104,112,198,10,201,9,206,10,230.5,11
104,113,36,10,33,9,32,9,32,11
104,114,656,21,625.5,21,611.5,21,579,22
104,115,29,5,31,6,24,5,26,5
104,116,251,15,239,15,245,17,252.5,17
104,117,289.5,27,296.5,26,271.5,27,275,26
104,118,910,24,882.5,24,900,20,877.5,21
104,119,56.5,6,48,6,45,6,43,6
104,120,260.5,25,249.5,25,253.5,24,253.5,24
104,123,403,4,387.5,4,409,4,415.5,4
104,124,379.5,15,367.5,15,364.5,16,388,17
104,125,24,7,23,8,24,8,26,10
104,126,129,11,122,11,112,11,121,10
104,127,491,20,499,20,497,21,499,21
105,0,195,25,188,23,176.5,25,182,25
105,1,43,12,41,14,41,14,35,13
105,2,33.5,11,32,11,35,12,36,11
105,3,180,19,183,21,198,19,185,19
105,4,34,15,38,14,36,13,38,14
105,5,70,18,65,19,60.5,19,60,20
105,6,12,5,12,5,11,5,13,5
105,7,9,3,10,3,9,2,8,2
105,8,23,11,25,11,24,11,26,11
105,9,50,13,49,13,55.5,17,59,17
105,10,30,10,30,11,35,10,31.5,11
105,11,34,15,31,14,33,13,36,15
105,12,32,13,41,13,44,13,47,13
105,13,51.5,16,50.5,16,52.5,16,53.5,16
105,14,2,1,2,1,2,1,2,1
105,15,14,7,13,7,16,8,19,9
105,16,65,17,73,18,69,17,68,17
105,17,474.5,37,451.5,37,471,38,450.5,36
105,18,142,22,147.5,21,135,21,126,21
105,19,35,8,38,10,36,10,31,10
105,20,47,11,38,10,43,12,44,12
105,21,44,11,43,10,43,11,42,11
105,22,8,4,6,3,9,4,9,4
105,23,41,9,35,9,34,10,30,11
105,24,210,27,215,25,215.5,25,185.5,26
105,25,57,16,58,16,52,15,38,14
105,26,30,9,27,10,23,8,22,7
105,27,234,15,226.5,15,236,17,225,17
105,28,101,20,101.5,21,116.5,19,109,20
105,29,49,13,54,14,42,13,51,15
105,30,25,5,30,6,30,5,30.5,5
105,31,100.5,17,99.5,20,96.5,19,85.5,18
105,32,49,11,45,12,45,13,48,13
105,33,42.5,12,37,13,40.5,12,41,13
105,34,55,9,53,10,53,9,53.5,10
105,35,32,7,35.5,6,29.5,6,31.5,6
105,36,8,2,14,3,19,4,15,3
105,37,5,1,5,1,4,2,3,2
105,38,48,11,49,11,49,11,44,10
105,39,39,11,36,12,36,12,34,13
105,40,70,13,73,13,75,14,85,14
105,41,46,14,49,11,68.5,13,49.5,13
105,42,386.5,30,381,30,388.5,31,362.5,32
105,43,34,10,33,10,33,10,30,10
105,44,103.5,21,105,21,99,19,104,22
105,45,90,14,86,14,109,15,109,15
105,46,156.5,18,157.5,19,154.5,20,163.5,19
105,47,742.5,35,738.5,36,746.5,35,705,34
105,48,160.5,27,153,27,147.5,26,153,26
105,49,276,21,266,22,263.5,22,262.5,24
105,50,44,8,41.5,8,44,8,37,8
105,51,44,8,44,8,41,9,41,9
105,52,59,11,58,11,62,13,67.5,12
105,53,98,16,93,15,81.5,16,81,16
105,54,85,19,86.5,18,90.5,18,86,18
105,55,32,7,29,7,28,7,27,7
105,56,12,2,13,3,14,3,12,3
105,57,4,3,3,2,3,2,3,2
105,58,52,12,49,12,55.5,13,51,13
105,59,12,3,8,3,10,3,11,3
105,60,19,5,19.5,5,16,3,18,4
105,61,21,7,23,7,22,7,21,7
105,62,33,10,32,10,32,8,35,8
105,63,17,6,18,6,14,5,13,4
105,64,90,13,83.5,14,80.5,14,85.5,14
105,65,3,2,6,2,8,3,5,2
105,66,,,1,1,2,1,1,1
105,67,4,1,4,1,4,1,4,1
105,68,7,4,8,4,12,4,9,4
105,69,376,30,360.5,29,358.5,29,386.5,30
105,70,106.5,18,109.5,17,111.5,17,113.5,17
105,71,15,6,15,6,14,6,14,6
105,72,195,21,188,20,189,20,173,21
105,73,39,12,39,12,40,13,35,12
105,74,,,,,,,2,1
105,75,85,12,80.5,12,83.5,13,83.5,12
105,76,11,3,12,3,9,2,10,2
105,79,4,1,1,1,1,1,1,1
105,80,4,1,1,1,5.5,2,1,1
105,81,66,13,61,14,57,13,63,14
105,82,41,9,38.5,10,38,10,42,11
105,83,927,33,941.5,29,913,24,880,24
105,84,136,18,141.5,18,138,18,126.5,17
105,85,79,11,79.5,11,83.5,11,88.5,10
105,86,3,2,4,3,4,3,4,3
105,87,25,9,22,7,21,7,24,8
105,88,78,15,75,15,71,13,71,13
105,89,30,10,30,10,28,10,28,10
105,90,64,20,64,22,60,22,56,22
105,91,20,5,23,6,19,5,23,6
105,93,44,11,37,10,45,11,50.5,11
105,94,17,7,16,7,13,6,12,6
105,95,16,3,16,3,18,3,16,3
105,96,6,3,5,3,4,3,5,3
105,97,4,2,4,2,4,2,4,2
105,98,7,3,7,3,7,3,6,2
105,99,15,5,17,6,12,5,15,5
105,100,7,3,7,3,7,3,8,3
105,101,29,9,29,9,29,9,27,11
105,102,41,12,45,14,39,13,42,13
105,103,139,30,136,28,133,27,105,25
105,104,351,43,336,43,327.5,45,325,46
105,105,303,38,292.5,39,294.5,39,316,41
105,106,425,29,441.5,28,419,29,424,30
105,107,284.5,28,299,28,295,29,283.5,29
105,108,242,33,242,33,255,33,244.5,34
105,109,8,2,4,1,4,1,2,1
105,110,58,8,59,7,55,8,54,7
105,111,25,6,27,6,23,6,21,6
105,112,216,25,215,26,202,25,202.5,26
105,113,18,7,17,7,19,8,19,8
105,114,135,15,139.5,15,141.5,16,134.5,15
105,115,111,13,130,13,114.5,13,118,15
105,116,669,25,678.5,23,627,22,653.5,23
105,117,879.5,25,893.5,25,893,24,863,23
105,118,890.5,28,901.5,29,869,29,883,28
105,119,1492,33,1539,31,1516.5,30,1524.5,29
105,120,274,18,266.5,18,259,18,263,18
105,121,1362,49,1401.5,49,1414.5,49,1419.5,49
105,122,2207,11,2152,12,2126,11,2107,13
105,123,1899.5,16,1829,18,1840,16,1809,15
105,124,1197.5,17,1204,16,1201,15,1204,16
105,125,830,14,840,14,835.5,14,819,15
105,126,370.5,15,382,15,362.5,15,384,15
105,127,55,12,50,12,58,12,55,12
106,0,37,11,41,13,43,12,39.5,12
106,1,49,12,45.5,12,52.5,13,50.5,13
106,2,38,11,42,11,34,9,37,10
106,3,47,11,44,11,36,10,39.5,11
106,4,51.5,14,50.5,14,52,13,53,13
106,5,48,14,49,14,42,14,47,14
106,6,26,8,23,9,21,9,23,9
106,7,43,14,44,16,44,17,48,16
106,8,32,11,30,10,28,11,36,14
106,9,160,29,161,33,160,29,154,27
106,10,18,9,16,8,15,9,15,8
106,11,23,8,27.5,10,30.5,11,31.5,11
106,12,37.5,14,39.5,14,35,14,38,14
106,13,34,12,33,12,34,15,34,14
106,14,30,10,35,12,29,11,29,11
106,15,37,10,38,10,35,10,34,12
106,16,39,7,44,7,47,7,42,8
106,17,333.5,25,329.5,26,353.5,26,350.5,26
106,18,653.5,30,586.5,31,583.5,31,559,32
106,19,96,20,94.5,18,91,19,93,19
106,20,29,12,29,12,29,12,31.5,12
106,21,10,4,10,4,13,5,13,5
106,22,55,11,48,10,45,11,39,10
106,23,50,12,50,11,58,13,39,9
106,24,46,17,42,16,38,14,47,15
106,25,21.5,7,18,6,18,7,18,6
106,26,26,5,22,5,19,5,20.5,6
106,27,19,5,18,5,15,4,16.5,4
106,28,78,15,71,14,77.5,16,72.5,15
106,29,36,14,33,14,31,13,28.5,12
106,30,23,10,22,10,18,9,21,10
106,31,82,17,96,20,97,18,87,18
106,32,23,10,22.5,9,22,10,21,10
106,33,15,5,13,5,13,5,15,5
106,34,21,4,13,2,17,4,15,4
106,35,10,5,11,6,7,5,9,5
106,36,31,7,31,7,32,7,23,6
106,37,61.5,11,61.5,11,56.5,10,61.5,10
106,38,23,8,27,8,27,8,35.5,8
106,39,32,9,35,11,41,12,42,12
106,40,67.5,14,63.5,13,49.5,11,45.5,9
106,41,99,13,85.5,13,79.5,12,89,12
106,42,86,14,86.5,15,87,15,82.5,16
106,43,79,19,76,18,79,16,81,16
106,44,48,9,63,9,64,9,67,9
106,45,228.5,18,214,18,210,19,204,18
106,46,74,11,72,12,67,10,61.5,10
106,47,102.5,13,111.5,13,107,15,111.5,14
106,48,84.5,12,75.5,12,71.5,12,67.5,12
106,49,11.5,4,12,4,7,3,7,3
106,50,35.5,10,42.5,11,48,9,45,11
106,51,41,10,43,10,40,10,44,11
106,52,162.5,20,142,19,142,21,150.5,21
106,53,72,16,68,16,60,15,62,16
106,54,64,19,59,19,53,19,51,20
106,55,79,17,81,17,87,16,82,16
106,56,75,20,73,20,71,20,64,19
106,57,21,6,22.5,6,22.5,6,23.5,6
106,58,60.5,13,62,13,56,14,58,14
106,59,82,18,83,17,80,21,77,19
106,60,33,9,29,9,28,9,34,9
106,61,50,11,53.5,12,42,11,35,11
106,62,275,18,275.5,18,270,19,272.5,19
106,63,190,21,205.5,21,207,22,206,22
106,64,24,5,30,5,25,6,28,6
106,65,9,4,11,5,12,5,13,5
106,66,21,6,18,5,18,5,17,5
106,67,17,5,19,5,23,5,18,5
106,68,234.5,21,248.5,21,241,22,238.5,21
106,69,543.5,22,523.5,22,516,24,510.5,25
106,70,54,15,47,14,47,14,50,13
106,71,5,2,5,2,4,2,2,1
106,72,10,2,7,1,6,1,5,1
106,73,13,5,13,5,14,5,15,6
106,74,22,3,19,3,19,4,17,4
106,75,2,1,3,2,3,2,5,3
106,76,15,5,15,5,11,4,12,4
106,77,14,5,12,5,12,7,8,6
106,78,197,24,187,24,179,23,176,23
106,79,13,5,14,5,13,5,9,4
106,80,4,2,2,2,2,2,2,2
106,81,43,6,41,6,36,6,30,6
106,82,199,24,196,26,201,24,200,24
106,83,1876.5,19,1873,19,1817.5,18,1788.5,17
106,84,757,14,751.5,13,722,11,720.5,10
106,85,23,5,24,5,22,6,20,6
106,86,18,6,19,6,17,5,31,7
106,87,43,14,40,14,46,15,36,14
106,88,195,17,172.5,16,165,19,177,19
106,89,356,23,369.5,24,384.5,24,350,23
106,90,168,21,166,20,157,20,147,21
106,91,20,9,19,8,12,7,13,7
106,92,8,2,7,2,7,2,5,2
106,94,13,6,16,6,14,4,20,6
106,95,14,5,15,6,12,5,10,6
106,96,17,6,20,6,20,6,15,5
106,97,2,1,2,1,2,1,2,1
106,98,9.5,3,8.5,2,8,2,15.5,4
106,99,30,9,30,10,36,10,27,9
106,100,15,7,14,7,12,6,13,4
106,101,8,4,9,5,10,5,8,5
106,102,268,31,242,32,241.5,31,228.5,29
106,103,94,16,92,17,81,15,75,16
106,104,2226,49,2350,48,2266,50,2220,49
106,105,502.5,35,497,33,468.5,34,464.5,30
106,106,368,23,350,23,358.5,24,337,26
106,107,155.5,34,167,34,204,27,157.5,32
106,108,58,11,52,10,54,10,58,10
106,109,1,1,1,1,1,1,1,1
106,110,247,23,247.5,22,240.5,23,269.5,23
106,111,94,19,88,19,79,18,78,18
106,112,32,10,35,9,43,10,35,10
106,113,51,10,46,10,38,7,39,11
106,114,325,32,342,31,234,27,335.5,33
106,115,376.5,26,371,27,363,23,352,23
106,116,84,20,78,19,53,12,73,18
106,117,212.5,30,211,30,199,30,194.5,32
106,118,714.5,30,720,33,734,35,743,34
106,119,713.5,12,706,11,709,10,708,12
106,120,212,6,208,6,214,5,213,6
106,121,1174.5,34,1143,35,1152.5,35,1091,34
106,122,10858,17,10978,14,10821,15,10794.5,13
106,123,12610.5,13,12868,12,12873,10,12927.5,13
106,124,1152.5,10,1169,13,1204,12,1217.5,11
106,125,634.5,8,652,8,685,8,688,8
106,126,502.5,15,489,16,519.5,18,514.5,20
106,127,56,3,58.5,3,53,4,56.5,5
107,0,36,13,31,13,27,13,41,14
107,1,29,11,29,11,32,10,33,10
107,2,100,19,100,20,98,21,104,21
107,3,45,13,42,13,48,13,43,13
107,4,22,7,20,7,20,7,25,7
107,5,37,12,40,13,32,11,33,12
107,6,52,15,53,15,58,16,47,15
107,7,29,12,26,11,34,14,37,14
107,8,30,11,34,12,27,11,31,12
107,9,21,8,21,7,27,8,31,9
107,10,36,12,36,12,34,13,36,14
107,11,53,11,54,11,52,11,51,12
107,12,15,6,12,4,14,5,16,6
107,13,16,8,17,9,13,8,14,8
107,14,62,19,68,21,70.5,21,80,22
107,15,119,25,123,25,121,21,127,23
107,16,43,11,37,11,45,11,43,10
107,17,18.5,6,16,4,21,5,20,5
107,18,49,13,54,14,63,14,63,14
107,19,68,16,69,16,77.5,16,74,15
107,20,75,19,75,20,63.5,17,62,17
107,21,27.5,8,25.5,8,28.5,10,26.5,10
107,22,454.5,26,444,28,445.5,27,469.5,29
107,23,42,15,45,15,38,13,43,15
107,24,71,16,63,15,64,16,70,15
107,26,21,6,23,7,23,7,21,7
107,27,25.5,8,22.5,7,19.5,7,22,8
107,28,548,22,508.5,23,492,21,502.5,20
107,29,34,9,35,9,40.5,12,43,12
107,30,15,5,14,5,12,4,11,3
107,31,40,10,41,9,33,7,29,8
107,32,57,16,58,19,57,18,59,18
107,33,89,8,83,9,74,9,88,10
107,34,16,6,22,7,22,8,23,9
107,35,29,8,27,7,30,7,28,7
107,36,26,5,25,5,27,6,27,6
107,37,28,5,23.5,4,28,4,22,4
107,38,92.5,13,80,13,78,14,71,14
107,39,423,17,413.5,17,405.5,18,423,18
107,40,60,8,69,8,72,8,61,8
107,41,64,15,59,15,58,16,54,15
107,42,125,19,131.5,20,128,20,131.5,19
107,43,78,14,68,15,64,14,62,14
107,44,40,10,44,11,38,10,44,10
107,45,106,19,95.5,19,89,19,91.5,19
107,46,85,19,92,21,84,20,94,21
107,47,41,11,42,12,42,11,38,11
107,48,48,14,44,12,39.5,14,36.5,14
107,49,71,11,71.5,11,70.5,12,80,12
107,50,49,12,54,11,50,12,58,11
107,51,183,14,178,14,171,14,173,14
107,52,35,12,30,11,26,9,27,10
107,53,105.5,23,90.5,22,80.5,23,91.5,23
107,54,33,9,29,9,25,8,19,7
107,55,311,28,298.5,28,287,27,295,28
107,56,52,19,49,17,51,20,52,19
107,57,62,11,66,13,65,12,69,13
107,58,116,16,116,15,106,15,104,17
107,59,26,10,26,10,33,10,36,10
107,60,40,9,36,8,36,9,47,8
107,61,81,12,60,12,67.5,11,68,12
107,62,38,7,37,7,27,7,31.5,8
107,63,89,22,85,23,76.5,23,88,23
107,64,15,6,15,6,13,6,13,6
107,65,251,30,247.5,30,249.5,29,235.5,29
107,66,1649.5,37,1560,36,1526,35,1568.5,34
107,67,1347.5,31,1345,33,1305.5,30,1312,31
107,68,381,22,384.5,22,364.5,21,370,21
107,69,99,10,99.5,10,99,11,105.5,11
107,70,117,18,125,17,127,18,133,18
107,71,25,7,23,7,21,6,24,7
107,72,29,10,36,11,37,11,28,11
107,73,18,3,19,3,21,3,13,2
107,74,15,6,11,6,15,6,13.5,5
107,75,19,8,16,7,17,8,15,7
107,76,313.5,19,320.5,17,334,16,330.5,18
107,77,79,11,76,11,75,9,79.5,9
107,78,5,2,5,2,5,2,5,2
107,79,24,2,29,3,26,3,26,3
107,80,15,3,14,3,14,3,14,2
107,81,57,7,47,7,44,7,41,7
107,82,22,7,19,7,20,7,17,7
107,83,198.5,11,192.5,11,201,11,188.5,11
107,84,50,8,42,8,51,9,50,9
107,85,28,9,20,9,13,6,17,7
107,86,295,21,308,21,296,19,273,22
107,87,69,13,64,13,59.5,13,61,13
107,88,12,3,10,3,6,3,7,3
107,89,44,15,51,17,42,16,37,16
107,90,36,15,36,16,37,16,36,16
107,91,47,11,47,12,48,12,47,12
107,92,8,3,7,2,7,2,6,2
107,93,4,2,4,2,4,2,4,2
107,94,16,5,14,5,13,5,12,5
107,95,15,6,16,6,14,5,22,7
107,96,52,11,53,11,53.5,11,51,12
107,97,61,14,56,13,55,14,50.5,12
107,98,30,9,29.5,9,31.5,9,24,9
107,99,137,21,119,21,101.5,20,126,21
107,100,48,15,41,15,43,14,43,15
107,101,4,1,4,1,4,1,4,1
107,102,87,23,96,24,82,22,93.5,24
107,103,259,25,246,25,255.5,23,239.5,23
107,104,331,29,307,29,315,31,322.5,28
107,105,1293.5,41,1278.5,40,1272.5,46,1277.5,44
107,106,495.5,27,473,27,469.5,27,469.5,31
107,107,309,14,316.5,14,254,12,283.5,13
107,108,115,14,108,15,125.5,15,119.5,14
107,109,36,9,34.5,9,30,8,40,8
107,110,53,16,51,16,62,15,64.5,16
107,111,269.5,25,279.5,25,289.5,25,311,26
107,112,82.5,16,87.5,16,86.5,18,74,16
107,113,12,4,10,3,13,4,12,4
107,114,312,30,313.5,33,292.5,33,323.5,30
107,115,87,16,110,17,93.5,16,84,16
107,116,150.5,23,164.5,23,152.5,23,155,23
107,117,347.5,28,351,27,338.5,27,341.5,28
107,118,396,29,413.5,29,419,27,418.5,28
107,120,2,1,1,1,1,1,1,1
107,121,1571,15,1529.5,14,1486,16,1468,14
107,122,8083,17,8062.5,15,7951,13,7868.5,12
107,123,6193,17,6333,16,6653,14,6599,15
107,124,1310,14,1282.5,14,1280.5,15,1326,14
107,125,188,4,201.5,5,199,4,199.5,4
107,126,45,3,53.5,3,51.5,3,54.5,3
107,127,189.5,10,181.5,10,180.5,10,176,10
108,0,94,20,92.5,19,82.5,19,99,20
108,1,335.5,25,340,25,341,23,341,25
108,2,243.5,18,233,18,235,19,236.5,19
108,3,22,10,19,9,23,10,30,12
108,4,43,16,40,16,41,16,37,13
108,5,58,15,58,14,59,14,42.5,11
108,6,62,18,63,19,58,17,53,17
108,7,60,15,43,13,60,15,54,17
108,8,48,17,41,16,35,15,34,17
108,9,30.5,14,33.5,14,29.5,14,31,11
108,10,6,3,7,3,10,3,9,3
108,11,16,5,16,5,13,5,13,6
108,12,24,9,23,8,25,8,30,10
108,13,18,7,15,6,12,6,9,4
108,14,15,7,13,5,14,6,9,4
108,15,20,9,20,9,27,11,23,8
108,16,41,10,40.5,11,38,10,37,11
108,17,46,13,38.5,12,39,10,43,14
108,18,129,14,112,15,111,15,107,16
108,19,49.5,12,49.5,13,46,13,41,12
108,20,9,3,11,4,12,4,8,3
108,21,42,13,31,12,36,11,38,11
108,22,48,16,60,16,50.5,16,50,17
108,23,28,6,35,8,26,8,31,8
108,24,98,20,97.5,20,101.5,18,124.5,19
108,25,,,,,,,2,1
108,26,19,6,19,5,19,5,17.5,5
108,27,39,10,42,10,47,10,46,11
108,28,19,6,18,5,16,4,19,6
108,29,64,6,68,7,65,7,67,7
108,30,41,10,37,10,40.5,10,44.5,10
108,31,29,8,27,9,26,8,28,8
108,32,6,3,9,4,9,3,10,4
108,33,37,13,42,12,46,13,39,13
108,34,7,3,9,3,6,3,6,3
108,35,20,6,23,6,25,7,32,9
108,36,13,6,10,6,9,5,9,5
108,37,30,8,32,9,31,9,26,8
108,38,22,10,17,8,14,7,18,8
108,39,23,7,22,6,17,5,13,4
108,40,56,13,59,13,57.5,13,59,12
108,41,27,8,26,8,28,8,30,8
108,42,57,12,57.5,12,56,12,58.5,13
108,43,27,10,24,10,29.5,11,28.5,11
108,44,43,8,35,7,37.5,8,41,9
108,45,41,9,43,9,45,10,47,10
108,46,162,17,163.5,17,164.5,15,158,16
108,47,102,18,112,19,114,18,121.5,17
108,48,59,11,52,11,46.5,12,43.5,12
108,49,122.5,20,106,19,108,20,111,20
108,50,36,11,35,10,30,10,35,10
108,51,29,5,25,4,25.5,5,22.5,5
108,52,44,11,40,9,40,8,40,8
108,53,94,23,79,21,83,21,78,21
108,54,42,14,45,14,30,13,38.5,12
108,55,66,14,57,14,50.5,14,49,14
108,56,63.5,13,63,14,59.5,14,61,15
108,57,29,6,32,6,30,7,29,7
108,58,70,14,59.5,16,61,16,61,13
108,59,20,7,15,7,13,7,13,7
108,60,46,10,40,9,40,10,40,11
108,61,78.5,10,85,10,86,10,79,10
108,62,24,8,30,8,35,7,33,6
108,63,145,12,149.5,15,139.5,15,131.5,15
108,64,111,21,122,20,111,20,98.5,19
108,65,844,42,832.5,41,813,42,798.5,41
108,66,2939.5,32,2812.5,31,2767,30,2677.5,31
108,67,545.5,23,550.5,24,552,24,533.5,24
108,68,11,2,13,3,10,3,9,2
108,69,17,7,13,5,12,5,11,5
108,70,32,11,30,11,35,11,37,11
108,71,32.5,5,31.5,5,30.5,5,30,5
108,72,16,7,23,7,22,7,27,8
108,73,199.5,28,186,28,191.5,28,177,29
108,74,76,12,87,12,86,12,83.5,12
108,75,2,2,4,2,3,1,4,2
108,76,20,6,17,5,20,6,17,6
108,78,10,4,10,4,11,5,17,6
108,79,15.5,7,16.5,6,18.5,7,15.5,6
108,80,37,5,38,5,36,5,37,5
108,81,26,7,28,6,28,6,21,7
108,82,17,5,12,5,12,5,13,5
108,83,111,10,105,12,98.5,11,93,11
108,84,6,2,2,1,3,2,3,2
108,85,7,3,8,3,7,3,6,2
108,86,18,5,18,5,18,5,17,6
108,87,38,13,40,13,38.5,12,40,12
108,88,8,4,9,4,8,4,5,3
108,89,20,8,19,9,19,9,19,9
108,90,34,9,40,11,31,11,35,12
108,91,66,15,60,15,56,14,57,15
108,92,59,17,55,18,56,17,46,16
108,93,2,1,5,2,11,3,5,3
108,94,34,12,39,12,40,12,37,10
108,95,33,9,33,10,31,9,30.5,11
108,96,643,27,626.5,29,596.5,27,571,28
108,97,296,18,300,19,311.5,17,276,16
108,98,43,12,40.5,11,53.5,11,47,11
108,99,16,5,15,6,11,5,13,7
108,100,27,10,27,8,22,9,20,8
108,101,64,17,63,17,57,15,48,14
108,102,65.5,13,58.5,12,59,11,55,11
108,103,249.5,29,246.5,29,246.5,29,243,30
108,104,107,15,96,14,94.5,13,91,16
108,105,526.5,20,517.5,21,501,21,498,22
108,107,218,25,232,27,248,25,248.5,26
108,108,102.5,25,102,25,98,25,105,23
108,109,100,21,100,23,101,22,107,22
108,110,232.5,18,240,20,239,21,206,21
108,111,97,17,98,17,98,18,97,19
108,112,28,6,29,5,28,6,29,6
108,113,62,13,52.5,13,66.5,12,63.5,11
108,114,41,11,44.5,11,54.5,10,54,8
108,115,334.5,32,338.5,30,344.5,27,329,31
108,116,71,10,68.5,10,68,10,71.5,10
108,117,483.5,21,486.5,21,475,22,461,22
108,118,758.5,45,784.5,43,817.5,44,864.5,41
108,119,1110,17,1058,17,1092,16,1047,15
108,120,3,1,3,1,4,1,4,1
108,121,3256,21,3237.5,20,3290,19,3316,21
108,122,2678,15,2682,15,2827,14,2862,13
108,123,1723,9,1742.5,8,1760.5,9,1731.5,9
108,124,1878,8,1868,8,1869,8,1838,8
108,125,14,4,12,4,20,4,24,4
108,126,201.5,10,192,10,194,9,194.5,10
108,127,52,4,55,4,49,4,55,4
109,0,45,12,46,14,39.5,11,37,12
109,1,41.5,14,45,14,48,13,45,12
109,2,30,6,29,7,29,7,30.5,8
109,3,393.5,34,387,36,404.5,35,428,35
109,4,126,16,118,16,111,17,116,18
109,5,22,6,23,6,17,7,16.5,6
109,6,6,2,5,2,4,1,4,1
109,7,23,10,23,11,22,10,28,11
109,8,19,11,22,10,27,12,26,11
109,9,134.5,21,131.5,20,109.5,22,115.5,22
109,10,642.5,51,620,51,641,48,681,47
109,11,21,8,20,8,20,8,25,8
109,12,42,16,49,15,46,15,42,16
109,13,27,7,32,8,28,9,29,9
109,14,57,17,57,17,57,18,61,18
109,15,24,8,23,7,23,5,20,5
109,16,32,10,27,10,25.5,9,23.5,9
109,17,51,11,42.5,11,42.5,12,45,12
109,18,34,9,38,9,34,9,33,9
109,19,63,9,68,9,71.5,9,58.5,8
109,20,38.5,9,30,7,30,7,28,7
109,21,51.5,10,41,9,52,13,52,13
109,22,15,6,11,5,12,5,14,6
109,23,24,6,19,5,18,4,21,3
109,24,56,14,57,13,56,12,48,12
109,25,43.5,9,33.5,9,39.5,11,44,10
109,26,18,7,27,7,29,7,25.5,7
109,27,19,6,18,6,16,6,17,7
109,28,46,9,46,11,51,11,49,11
109,29,25,8,27,10,28,10,28,10
109,30,25,10,22,10,26,12,26,12
109,31,13,6,14,5,14,6,16,5
109,32,70,11,67,9,63,10,61,12
109,33,16,4,15,3,16,4,18,4
109,34,39,9,35,9,43,9,47,11
109,35,17,4,16,4,12,4,23,4
109,36,46,7,43.5,9,42.5,8,40,9
109,37,64,6,62,6,63,6,61,6
109,38,52,10,56.5,11,51.5,12,61,12
109,39,25.5,8,25.5,9,26.5,9,27.5,9
109,40,687.5,27,631.5,27,614,25,618,26
109,41,23,7,28,8,26,8,26,7
109,42,47,14,41,14,36,13,31,13
109,43,84,16,89,17,97,15,96,15
109,44,87,16,73.5,15,75.5,16,89,15
109,45,53,6,50,6,54.5,7,51.5,6
109,46,55,10,59,11,58,10,50,9
109,47,52,15,52,16,51,14,58,16
109,48,45,9,45,9,43,9,47,9
109,49,183.5,23,176,23,181,22,182.5,21
109,50,22,5,20,5,26.5,6,24.5,7
109,51,59,7,59,8,51,9,52,8
109,52,52,12,62,13,52,12,58,13
109,53,52,15,52,15,47,17,54.5,17
109,54,42,13,44,13,46,13,34,12
109,55,77,18,71,17,70.5,18,71,18
109,56,39,12,44,12,49,14,49,13
109,57,67,16,70,17,66,16,70,17
109,58,731.5,35,720.5,35,742.5,37,757.5,37
109,59,18,4,20,5,20,4,19,4
109,60,94,18,99,18,110.5,17,109.5,16
109,61,57,11,57,11,54,12,50,12
109,62,164,23,158.5,23,152,23,150.5,23
109,63,111,16,103,16,110,16,108.5,17
109,64,636.5,46,642,48,612,48,597,46
109,65,53,7,55,10,63,8,50.5,7
109,66,506,32,487,32,463,32,469,33
109,67,6,3,11,4,9,3,9,3
109,68,13,3,13,3,13,3,11,3
109,69,282.5,12,298,13,308.5,13,312,12
109,70,150,9,152,9,138.5,9,147,9
109,71,8,3,9,3,8,3,7,2
109,72,118,18,121,18,119,19,111,18
109,73,21,9,21,8,19,8,18,7
109,74,175.5,19,168.5,19,164,18,167,18
109,75,5,2,4,2,4,2,4,2
109,76,11,7,11,7,11,7,9,6
109,77,19,4,19,4,11,4,10,4
109,78,7,2,7,2,10,3,11,4
109,79,7,3,13,4,13,5,13,5
109,80,345.5,17,331.5,17,347,16,324.5,15
109,81,169.5,13,164.5,14,174,13,165.5,14
109,82,13,4,13,4,14,5,17,5
109,83,34,10,40,10,35.5,10,33,9
109,84,33,9,33,9,30,10,26.5,9
109,85,34,7,29.5,7,27,7,25,6
109,86,2,1,5,1,6,2,6,2
109,87,91.5,11,87,10,79.5,10,82.5,8
109,88,16,7,15,6,14,6,17,7
109,89,47,11,48,11,51,10,51,10
109,90,28,10,23,9,27,10,32,10
109,91,42.5,14,34,14,37,13,29,13
109,92,19,8,17,7,17,8,20,9
109,93,57,13,56,13,49,13,45,13
109,94,23,8,27,8,27,8,28,8
109,95,6,3,6,3,6,3,3,3
109,96,24,7,21,7,24,7,25,6
109,97,45,13,44,13,43,12,39,11
109,98,22,8,17,7,20.5,8,16.5,7
109,99,51,15,51,18,54,17,45,18
109,100,364.5,36,338,33,357,35,336.5,35
109,101,38.5,9,40,8,32,7,33,8
109,102,117,28,108,26,109,28,103,27
109,103,184,18,213,18,210,19,198,19
109,104,270,18,274.5,17,271,18,253,19
109,105,105,9,105,9,113.5,9,113.5,9
109,107,40,9,40,10,35,10,33,10
109,108,102.5,20,100.5,20,90.5,20,96,20
109,109,64,12,68,12,58,11,67,11
109,110,11,4,10,4,10,4,10,4
109,111,320.5,29,350,28,353.5,30,374,29
109,112,1392,32,1447.5,33,1563,34,1426.5,33
109,113,1238.5,45,1227.5,45,1330,40,1193.5,39
109,114,661.5,45,680,48,666,48,707.5,45
109,115,150,21,147,22,154,21,140,19
109,116,380,25,392.5,25,397,26,384,27
109,117,990.5,41,982.5,39,941.5,40,905.5,36
109,118,361,37,371.5,36,379.5,38,388,40
109,119,187,13,196,12,196.5,12,184.5,11
109,121,837,17,859,14,850.5,16,824,16
109,122,1848,24,1848,24,1858,23,1821,22
109,123,1093,17,1074.5,18,1145.5,15,1192,14
109,124,603,19,595.5,20,639,20,656,19
109,125,220,4,219.5,4,210,4,220,4
109,126,256,7,264.5,7,265.5,6,256.5,6
109,127,154,8,166,8,146.5,8,156,8
110,0,23,12,18,11,20,12,19,9
110,1,80,21,78,20,79,22,73,22
110,2,12,5,14,5,12,4,15,5
110,3,36,11,40,10,36,7,39,10
110,4,19,8,16,7,15,4,20,4
110,5,38,11,39,12,41,10,41,12
110,6,19,7,20,7,20,7,22,7
110,7,12,7,13,7,13,7,13,8
110,8,24,6,21,6,18,5,21,6
110,9,32,12,31,12,38,12,39,12
110,10,83,13,85,15,81,14,80.5,13
110,11,22,9,21,11,22,9,21,8
110,12,11,5,10,5,11,5,9,6
110,13,20,9,21,10,18.5,11,22,11
110,14,28,12,28,12,29.5,13,30.5,13
110,15,26.5,9,24.5,10,22.5,9,25.5,9
110,16,14,5,14,5,13,6,13,6
110,17,11,4,12,4,14,5,10.5,4
110,18,35,12,35.5,12,32,11,35,11
110,19,30,7,25,6,19,5,20,5
110,20,1,1,1,1,1,1,3,2
110,21,25,6,23,7,25,8,33,8
110,22,25,7,29,8,29,7,31,7
110,23,75.5,17,73.5,16,80,19,80,19
110,24,37.5,9,33.5,8,31.5,8,32,9
110,25,80,11,64,10,74.5,11,75.5,11
110,26,26,7,24,7,21,8,28,9
110,27,18,7,19,7,15,6,17,6
110,28,31,7,24,7,22,7,28,7
110,29,23,5,20,5,22,5,22,5
110,30,114,18,120,18,124,18,117.5,17
110,31,78,13,82,13,77,12,82.5,12
110,32,2,2,2,2,2,2,4,2
110,33,14,6,14,6,16,6,23,6
110,34,31,8,33,8,34,7,36,7
110,35,22,8,26,9,23,9,26,10
110,36,9,4,8,4,12,4,11,4
110,37,75,13,72,14,73,12,76,13
110,38,248.5,17,249,16,256.5,17,253.5,17
110,39,38,11,41,11,37,11,36,11
110,40,45,9,42,9,43,8,48,9
110,41,29,6,30,6,26,6,27,7
110,42,424.5,21,411.5,21,405,22,426.5,21
110,43,56.5,9,54.5,8,51.5,9,48,10
110,44,36,8,36,8,33,7,37,7
110,45,32,7,34,7,32,7,28,7
110,46,65,8,61,8,58,7,60,8
110,47,77,15,69,15,73,14,77,14
110,48,224.5,18,230.5,19,223,20,218.5,18
110,49,85.5,18,81,18,83,19,92,19
110,50,67,11,71,11,63,11,70,12
110,51,66,17,63,17,62,17,59,17
110,52,154,19,127,22,121,17,124,19
110,53,70,19,64.5,18,62.5,19,63,19
110,54,57,18,61,17,62,19,57,16
110,55,133,25,130,25,129.5,23,131.5,24
110,56,29,12,26,12,28.5,12,30.5,13
110,57,96,26,90,26,93,23,89,22
110,58,165,24,160,26,154.5,25,160.5,28
110,59,141,24,132,22,137.5,24,137.5,23
110,60,206,21,180,21,192,23,195,22
110,61,56,13,58.5,13,58,14,64,13
110,62,130,28,129,29,141,30,152,32
110,63,621,30,599.5,29,602,30,615,27
110,64,60,12,51,12,50,12,53,12
110,65,50,9,50,9,43,9,39,9
110,66,7,3,7,3,7,3,7,3
110,67,30,5,32,5,27,5,32,5
110,68,22,6,26,6,24,5,26,5
110,69,13,4,12,4,12,4,8,3
110,70,11,3,6,2,6,2,9,3
110,71,59,10,54,10,56,10,52,10
110,72,127,20,114,19,110.5,18,109,19
110,73,26,6,26,6,29,7,20,5
110,74,580,37,584,35,614,36,640.5,36
110,75,37,5,40.5,5,37.5,5,35.5,5
110,76,13,4,12,4,11,3,12,4
110,77,16,6,17.5,6,18,5,19,6
110,78,5,2,5,2,5,2,4,2
110,79,446,16,440.5,17,428,17,405.5,17
110,80,1459.5,16,1432.5,16,1390.5,17,1315,17
110,81,493.5,10,515.5,14,540,12,538,12
110,82,2,1,2,1,2,1,,
110,83,11,4,11,4,13,5,14,6
110,84,75,12,68,12,61.5,10,57.5,11
110,85,103.5,13,89.5,12,99.5,14,96.5,15
110,86,19,7,16,7,16,7,18,8
110,87,23,7,23,7,25,6,25.5,7
110,88,106,23,92,20,96,23,90,22
110,89,24,7,24,9,29,9,32,10
110,90,10,5,9,4,8,4,12,6
110,91,35,11,35,11,31,11,24,9
110,92,158.5,20,155.5,20,141.5,20,149,19
110,93,60,15,67,17,61.5,15,66,16
110,94,53,14,47,15,47,14,44,15
110,95,78,17,68,16,79,19,79,18
110,96,15,7,15,7,14,6,18,7
110,97,6,4,4,3,3,3,4,3
110,98,2,1,2,1,,,1,1
110,99,18,6,17,6,15,6,18,7
110,100,43,14,33,14,40,15,41,15
110,101,92,18,89,17,91,17,80,17
110,102,383.5,28,357,28,344.5,30,341.5,29
110,103,53,8,49,8,41,8,46,7
110,104,254,22,235,23,245.5,22,241.5,22
110,105,196,18,183,18,175,18,175,17
110,106,21,5,19,5,20,6,20,6
110,107,94.5,14,94,15,90,15,82,14
110,108,176,26,177,26,166,26,150.5,26
110,109,52,15,54.5,16,58.5,16,60.5,16
110,110,28,11,24,9,34,10,37,10
110,111,419.5,34,412,35,413,33,415,34
110,112,467.5,33,489.5,30,511,30,513,32
110,113,493,30,560.5,30,533.5,33,544,30
110,114,109,26,100,26,103,27,112,28
110,115,70,13,60,11,61,11,57.5,10
110,116,213,34,230.5,32,206.5,29,201,32
110,117,240,40,230.5,41,233.5,41,225,41
110,118,332.5,35,341,36,340,36,329,35
110,119,323,39,311,38,287.5,35,284.5,35
110,120,88,5,88,6,83.5,7,83.5,6
110,121,466,27,466.5,27,463.5,26,429,26
110,122,191,13,195.5,15,201,14,194,14
110,123,1562.5,15,1602,17,1575.5,17,1551.5,17
110,124,315.5,10,296,10,293.5,11,319.5,10
110,125,728.5,16,734,15,749,15,729.5,14
110,126,30,3,30,3,32.5,3,31,3
110,127,20,4,16,4,21,4,20,4
111,0,31,10,34,10,28,10,31,9
111,1,61,15,54,14,58,13,50,14
111,2,35,16,35,15,38,15,48,16
111,3,93,19,82,20,77,20,80,20
111,4,78,16,82,16,73,16,82,16
111,5,40,12,41,13,38.5,15,35,13
111,6,101,19,99,20,91,20,96.5,20
111,7,164,24,167,25,173,25,147,24
111,8,31,13,36,13,31,10,38,12
111,9,14,5,12,5,14,6,15,6
111,10,17,5,17,5,16,5,14,5
111,11,24,11,19,10,24,10,26,10
111,12,16,3,22,5,22,5,20,5
111,13,15,5,15,5,13,5,12,3
111,14,5,2,5,2,4,2,4,2
111,15,4,2,2,1,2,1,2,1
111,16,13,3,9,2,10,3,12,3
111,17,7.5,3,7.5,3,3,2,3,2
111,18,1155.5,40,1155,38,1139,37,1105.5,38
111,19,224,26,219.5,27,234,27,226.5,27
111,20,21,8,20,9,19,9,18,9
111,21,2,1,1,1,2,1,1,1
111,22,10,3,8,3,8,3,8,3
111,23,24,9,27,9,33,10,29,11
111,24,37,12,33,12,30,12,26,12
111,25,20,5,27.5,5,31.5,5,28.5,6
111,26,6,3,6,3,6,3,4,2
111,27,13,3,14,3,11,3,18,3
111,28,16,7,22,7,19,7,20,7
111,29,17,5,12,6,14,6,14,7
111,30,54,13,49,13,45,10,47,13
111,31,5,3,4,3,4,3,7,4
111,32,3,1,4,1,4,1,5,1
111,33,48.5,8,52.5,9,50.5,8,51,9
111,34,45,8,43,8,45,7,34,7
111,35,168,22,163,23,162.5,23,171,23
111,36,32,5,33,7,32,6,36,6
111,37,55,9,44,9,48,9,53,9
111,38,112,20,110.5,19,111,19,119.5,19
111,39,19,8,22,7,19,7,23.5,7
111,40,40.5,8,40.5,8,36.5,8,37,8
111,41,16,3,16,3,18,4,18,4
111,42,54.5,15,52.5,13,52.5,12,48,12
111,43,14,5,13,5,15,5,14,4
111,44,81,12,79,13,84,12,83,10
111,45,47,8,48,7,45,9,37,9
111,46,84,12,77,13,69,13,76.5,13
111,47,52,10,56,10,53,11,53,11
111,48,49,12,51.5,13,54,15,48.5,14
111,49,105,15,97,13,100,12,107,12
111,50,660.5,21,665,22,661.5,23,650.5,21
111,51,52,15,57,16,44,13,52.5,14
111,52,64,14,64,14,63,14,66,15
111,53,44,12,51,12,50,12,50,12
111,54,44,18,43,20,37,16,40,14
111,55,80.5,21,72,21,66.5,18,63,19
111,56,59,14,61,15,69,16,59,13
111,57,44,10,44,11,39,11,45,12
111,58,80,15,80,16,74,16,71,15
111,59,78.5,17,81.5,16,82.5,16,79.5,16
111,60,37,12,37,12,38,11,30,10
111,61,57.5,13,55.5,13,56.5,12,57.5,12
111,62,6,4,6,4,5,4,5,4
111,63,24,5,27,5,26,5,25,5
111,64,114.5,19,112.5,20,119.5,19,120,19
111,65,83.5,15,85.5,15,81.5,14,78.5,14
111,66,4,1,4,1,4,2,2,1
111,67,59,12,62,12,59,12,56.5,12
111,68,39,10,35.5,10,33.5,10,30.5,9
111,69,14.5,5,12.5,5,13,5,19,6
111,70,2,1,2,1,,,,
111,71,5,1,5,1,4,1,2.5,1
111,72,80.5,8,82.5,9,71,9,71,7
111,73,12,6,10,6,9,5,8,6
111,74,199.5,17,188,16,189,15,187.5,15
111,75,2,2,2,2,4,2,1,1
111,76,9,3,10,3,9,2,9,2
111,78,10,3,8,3,9,3,9,3
111,79,715,11,675,11,673,11,663.5,12
111,80,375,11,373,10,356,10,353,10
111,81,5.5,2,4,2,1,1,,
111,82,96,6,92,5,89.5,5,89,5
111,83,107,9,105,8,111.5,8,103.5,7
111,84,6,3,6,3,5,3,3,3
111,85,8,1,8,1,8,1,10,1
111,86,54.5,4,58,5,51,5,53,5
111,87,5,2,2,2,1,1,2,2
111,88,22,10,22,10,16,9,20,10
111,89,131,14,120.5,14,113,12,111,11
111,90,34,9,32,9,26,8,26,8
111,91,17,11,16,10,14,9,13,8
111,92,65,21,63,20,57,17,60,18
111,93,6,3,6,3,2,2,2,2
111,94,41,13,36,14,28,12,27,12
111,95,515,38,474,37,467.5,36,460,35
111,96,157,23,151.5,24,147,26,139.5,24
111,97,51.5,14,54.5,14,46.5,11,48.5,14
111,100,4,2,4,2,4,2,1,1
111,101,15,5,15,5,17,5,13,4
111,102,342,29,319,29,311,27,281,29
111,103,676,35,657,35,627,34,635.5,33
111,104,289,17,326,16,334,16,324,16
111,105,212.5,18,198,17,184.5,20,191.5,20
111,106,313.5,26,318,26,283.5,28,268.5,32
111,107,43,14,47,14,57,15,39.5,13
111,108,598.5,25,569.5,25,550.5,24,534.5,25
111,109,90,17,87.5,15,80.5,16,76,16
111,110,32,10,32,10,29,10,27,9
111,111,134.5,21,141.5,20,126,21,140.5,21
111,112,19,6,16.5,7,19,7,18,7
111,113,70,21,64,18,70,20,60.5,18
111,114,18,7,23.5,8,17.5,9,18.5,9
111,115,4,2,1,1,3,1,3.5,1
111,116,76.5,10,84,10,79,10,81.5,10
111,117,1051,37,1053,38,1025.5,37,1020,35
111,118,1032,41,1023,40,1004,36,1011.5,37
111,119,354,37,372,37,380.5,34,397.5,36
111,120,1964,45,2020.5,43,2005,49,1982,48
111,121,185,15,191.5,15,189.5,15,189,15
111,122,1132,29,1149,29,1147,28,1183.5,25
111,123,125,9,132.5,10,121,9,123,9
111,124,520,8,554,8,537.5,10,534,9
111,125,883,15,898.5,14,858,15,858.5,12
111,126,459,20,445.5,19,446,18,436,19
112,0,58,15,57.5,16,57,16,54,15
112,1,45,12,42,10,36,10,43,11
112,2,45,12,46,11,46,12,44,12
112,3,17,7,18,6,17,7,18,7
112,4,29.5,8,24.5,9,26.5,9,26.5,8
112,5,14,6,17,6,15,6,20,6
112,6,39,8,36.5,9,54,9,47.5,8
112,7,849,52,838.5,54,822.5,57,863,55
112,8,49.5,16,52,15,48,16,44,17
112,9,14,4,17,5,14,4,15,4
112,10,16.5,2,21.5,3,11.5,2,12.5,2
112,11,14,4,9,4,10,4,12,5
112,13,5,2,6,2,6,2,6,2
112,14,12,5,11,5,11,5,10,5
112,15,19,4,19,4,18,4,14,4
112,16,8,5,9,5,10,7,12,7
112,17,32,9,30,8,33,9,36,11
112,18,59,12,53,12,49,9,50,10
112,19,26,8,23,9,27,9,24,7
112,20,58,11,61,11,64,11,64,11
112,21,20,6,20,6,14,5,14,5
112,22,175.5,18,183,18,161,18,178.5,17
112,23,74,15,71,14,63,14,73,15
112,24,21,6,18,6,17,6,15,6
112,25,2,2,2,2,1,1,1,1
112,26,67,16,74,19,68,19,74,20
112,27,15.5,6,14.5,6,10,6,7,4
112,28,8,2,8,2,8,2,9,2
112,29,86.5,12,82,12,76,12,81,12
112,30,611,29,597.5,31,583.5,30,584.5,30
112,31,119.5,17,117.5,17,105.5,18,118,18
112,32,41,8,44,8,36,7,40,9
112,33,47,12,47,14,41,11,47,12
112,34,208,17,206.5,20,189.5,18,201.5,19
112,35,59,9,45,8,54,7,48.5,7
112,36,53,10,54,10,52,10,48.5,10
112,37,48,13,51,14,50.5,13,45,13
112,38,20,5,23,6,25,6,24,6
112,39,43,8,37,7,33,7,38,8
112,40,43,10,45,10,46,10,48,10
112,41,57,10,57,11,57,10,54.5,10
112,42,33,9,29,9,29,8,27,9
112,43,67.5,9,63,9,58,10,61.5,11
112,44,53,14,53,14,51,15,62,15
112,45,92,21,91,21,97,24,99.5,23
112,46,142.5,15,143,15,137.5,14,148.5,15
112,47,57,15,50,15,62,17,57.5,16
112,48,69,12,71,12,72,12,71,12
112,49,155,19,151,19,144,20,141.5,18
112,50,312,28,319,28,329.5,28,312.5,28
112,51,76,17,85,17,77.5,18,72.5,17
112,52,142,20,137,21,141,19,131.5,19
112,53,25,10,20,9,20,8,22,9
112,54,114,26,107,26,102,25,104,25
112,55,83,23,76,22,78,21,75,20
112,56,49,10,46,10,44.5,10,43.5,11
112,57,55.5,16,54.5,16,49,15,48,15
112,58,92,16,84,16,92,16,85,17
112,59,61,21,58,21,58,21,45,18
112,60,43,12,34,12,31,11,34,11
112,61,21,4,25,5,33,4,32,5
112,62,136,17,150.5,17,135.5,17,133,18
112,63,20,7,15.5,7,13.5,5,13.5,5
112,64,10,4,14,6,16,6,15,5
112,65,108,14,110.5,13,99.5,14,92.5,14
112,66,23,5,28,5,25,5,27,5
112,67,106.5,11,110.5,12,105,11,109,11
112,68,181,21,169.5,21,173.5,18,184.5,19
112,69,36,12,36,12,33,12,36,11
112,70,56,8,59,9,54,10,44,9
112,71,7,1,8,1,6,2,5,2
112,72,1,1,1,1,1,1,1,1
112,73,13,6,13,6,11,5,13,5
112,74,470.5,35,471.5,34,480,33,472,33
112,75,3,2,1,1,2,2,2,2
112,76,8.5,5,6.5,4,7.5,4,7,4
112,77,7,2,9,2,9,3,8,3
112,78,14,4,14,4,11,3,7,2
112,79,47,12,43,12,55,14,59,13
112,80,4,1,4,1,4,1,7,1
112,81,6,2,5,1,6,1,6,1
112,82,7,3,7,3,7,4,7,4
112,83,201.5,13,205.5,13,200.5,12,176,10
112,84,90,8,85.5,7,94,6,86,6
112,85,5,2,4,2,5,2,6,2
112,86,18,5,16,5,21,4,20,4
112,87,10,2,8,2,8,2,8,2
112,88,26.5,8,25,7,22,8,26,8
112,89,72,16,73,17,71,18,73.5,18
112,90,24,10,23,9,21,11,19,10
112,91,36,11,28,10,30,11,30,11
112,92,76,24,77.5,24,78.5,24,74,21
112,93,11,4,15,4,9,4,10,5
112,94,34,9,30,9,26,9,29.5,11
112,95,59,13,57,13,55,13,57,13
112,96,30,7,33,9,29,9,28,8
112,97,189,23,191,23,171,23,163,21
112,98,210,13,198,12,196,11,190.5,11
112,100,63,14,61,14,59,14,66,14
112,101,182.5,21,176,21,184,21,171.5,21
112,102,160,18,147,19,151.5,17,152,17
112,103,204,19,212.5,21,197.5,19,194.5,21
112,104,255.5,8,232.5,9,218,10,213.5,10
112,105,374,37,373,36,365.5,39,380.5,39
112,106,273.5,28,279,29,295,30,304,30
112,107,28,11,28,10,30,11,30,10
112,108,7,2,8,2,8,2,8,2
112,109,57,20,59,19,61,20,57,20
112,110,46,13,45,14,43,14,44,14
112,111,102.5,25,101,25,88,26,75.5,24
112,112,169.5,21,176.5,22,156,20,154,20
112,113,10,4,10,4,8,4,9,4
112,114,21,3,18,3,15,3,12,3
112,115,3,1,6,2,3,1,3,1
112,116,249.5,43,258,43,234,40,246,38
112,117,132,30,136.5,30,125,29,123,30
112,118,170,26,166.5,26,162.5,26,162.5,26
112,119,110,26,112,28,113,28,112,28
112,120,467,25,479.5,24,480.5,26,453,27
112,121,9,2,9,2,7,2,7,2
112,122,531,17,544.5,16,535.5,13,531,13
112,123,95,10,101.5,10,103,11,94.5,10
112,124,526,10,519.5,8,524,7,490.5,9
112,125,41,4,41,5,38,4,37,4
112,126,923,30,951,29,931.5,29,956.5,30
112,127,149.5,17,145.5,16,148,17,152.5,16
113,0,58,11,59,11,66,11,65,12
113,1,180,16,173.5,17,172,18,182.5,17
113,2,2,1,2,1,4,1,4,1
113,3,8,3,8,3,10,3,9,3
113,4,15,5,13,5,13,5,10,5
113,5,20,6,21,6,22,6,26,7
113,6,16,6,15,6,12,5,17,5
113,7,62,19,61,19,64,17,62,18
113,8,11,3,13,3,6.5,3,7,2
113,9,37,13,36,13,36,13,39,14
113,10,11,5,11,5,10,5,12,6
113,11,7,3,6,3,5,4,5,4
113,12,8,5,9,6,9,6,9,6
113,13,20,6,22,6,22,7,21,7
113,14,18,7,17,8,18,7,14,7
113,15,15,7,14,6,11,5,14,8
113,16,10,3,9,3,8,3,8,3
113,17,46,8,49,8,53,9,33,9
113,18,8,3,9,3,12,3,9,3
113,19,30,9,29.5,9,32,8,30,8
113,20,22.5,7,26.5,8,21.5,7,30,7
113,21,30.5,8,29,8,25,7,19,8
113,22,283,23,275.5,20,264,20,281.5,22
113,23,157,12,133.5,12,130.5,14,122,13
113,24,22,9,20,10,19.5,11,17.5,10
113,25,18,5,18,5,15,4,14.5,5
113,26,32,7,33,7,34,6,29,5
113,28,55,7,51,7,34,7,50,9
113,29,14,6,12,6,8,5,14,7
113,30,1615,32,1519,34,1440.5,32,1417.5,35
113,31,166,23,169,23,170,20,166,19
113,32,87.5,14,89.5,14,77.5,14,79,13
113,33,164.5,27,166,26,157.5,25,146,25
113,34,52,8,49,8,45,9,40,9
113,35,27,5,28,5,25,4,26,4
113,36,87,10,79,11,81,11,83,11
113,37,8,3,8,3,5,3,9,4
113,38,57,12,56,13,47,11,48,10
113,39,86,15,79,14,84,15,87,14
113,40,213,30,226.5,31,225.5,29,221,29
113,41,29,8,28,8,30,8,28,8
113,42,22,5,20,5,20,5,21,6
113,43,111,17,106,17,104,18,108,16
113,44,49.5,10,44.5,10,53,11,55,12
113,45,40,9,39,9,31,8,32,8
113,46,56.5,9,60.5,9,64.5,9,60.5,8
113,47,77,17,91.5,16,84.5,16,95,17
113,48,35,6,29,5,33,6,28,5
113,49,54,14,52,14,55,13,50,15
113,50,80.5,19,74.5,19,70.5,19,67.5,18
113,51,116.5,22,118.5,21,126,22,113,19
113,52,95.5,21,99.5,21,96.5,19,88.5,19
113,53,59,14,53,12,50,12,58,13
113,54,112.5,25,111,24,103.5,24,110.5,25
113,55,26,12,21,10,27,12,33,13
113,56,33,9,31,9,35,10,31,11
113,57,42,18,44,16,47,19,46,19
113,58,64,16,60,13,55,13,62,14
113,59,246,26,217,27,215,27,214,28
113,60,32,7,27.5,6,25,8,20,8
113,61,70,14,66,14,61,14,59,15
113,62,55,11,53,11,51,10,48,10
113,63,41,10,45,10,41,10,39.5,10
113,64,34,8,31,7,25,7,26,7
113,65,63.5,11,63.5,12,53,12,47.5,11
113,66,79.5,16,78.5,16,83.5,17,83.5,17
113,67,21,6,21,6,18,5,19,5
113,68,55,12,54,12,48,9,47,9
113,69,27.5,8,29.5,8,32.5,10,35,10
113,70,44,12,44,12,37,11,41,11
113,71,695.5,26,677,27,694.5,26,662,26
113,72,6,4,7,4,6,3,7,3
113,73,2,1,2,1,2,1,6,1
113,74,37,4,36,4,39,3,39,3
113,75,25,5,25,5,21,5,15,3
113,76,29,8,28,8,21,8,14,7
113,77,298,18,271.5,17,288.5,17,271,17
113,78,990.5,13,978,12,971.5,10,933.5,12
113,79,58.5,9,56.5,9,56.5,9,55,10
113,80,4,3,4,3,4,3,6,3
113,81,234.5,7,234,7,247,7,241,6
113,82,12,6,12,6,10,6,12,6
113,83,73,10,71,11,62.5,12,66.5,11
113,84,6,3,6,3,7,3,7,3
113,85,6,2,5,2,5,2,4,2
113,86,10,4,11,4,8,3,4,2
113,87,1511,9,1466,10,1391.5,10,1408.5,9
113,88,607,20,587,20,625,20,583,20
113,89,83,19,87,23,82.5,22,85.5,20
113,90,2,1,2,1,2,1,2,1
113,91,15,7,18.5,9,20,10,19,9
113,92,211,28,203,27,191,28,184,28
113,93,31,6,26,6,26,5,28,4
113,94,30,10,27,10,25,10,26.5,10
113,95,28,11,30,12,30,13,28,11
113,96,68,14,70,14,70,15,66,15
113,97,293.5,37,281.5,35,281.5,36,277.5,38
113,98,1271,30,1212,33,1185.5,31,1125,32
113,99,45,14,41,13,42,12,45,12
113,100,24,7,28,6,24,7,24,7
113,101,20,7,14.5,7,11.5,6,15,8
113,102,177,18,172,17,171,16,172.5,16
113,103,297.5,27,301.5,27,270.5,28,270.5,27
113,104,2209,19,2155.5,16,2075,16,1983.5,18
113,105,229,25,228.5,26,233,26,245.5,27
113,106,353.5,38,350,38,356.5,36,361,34
113,107,5,2,4,2,2,2,2,2
113,108,13,4,17,4,14,4,12,3
113,109,126,24,133.5,24,126.5,23,120.5,22
113,110,58.5,13,58,12,58,12,55,14
113,111,157,28,151,27,151.5,25,143.5,26
113,112,1045,35,1017.5,32,978,33,955.5,31
113,113,25.5,6,25.5,6,20,4,23,5
113,114,84.5,14,84.5,13,79,14,81,13
113,115,165.5,26,165.5,27,201.5,27,200.5,27
113,116,23,5,30,5,28,5,24,4
113,117,32,6,36.5,6,29.5,5,33,6
113,118,17,6,16,7,13,6,10,6
113,119,598.5,30,605,31,616.5,31,626,33
113,120,2,2,2,2,3,2,2,2
113,123,8,2,7,2,6,2,5,2
113,124,137,12,128.5,13,133,15,124.5,15
113,125,1020.5,20,1050.5,20,1042.5,19,1039.5,17
113,126,51,8,45,7,51,7,49,8
113,127,119,8,123,9,120.5,10,132,8
114,0,25,6,24,6,24.5,6,20.5,6
114,1,14,5,13,5,15,5,15,5
114,2,19,5,19,5,21,5,17,5
114,3,7,3,8,3,6,1,6,1
114,4,3,2,3,2,3,2,2,2
114,5,5,2,5,2,5,2,4,2
114,6,8,2,8,2,8,2,8,2
114,7,8,2,12,2,12,2,8,1
114,8,40,10,40,10,36,10,40,10
114,9,14,7,16,7,15,7,13,7
114,10,30,8,29,10,28.5,10,25.5,11
114,11,37,12,37,13,37,14,41,14
114,12,10,3,10,3,9,3,13,5
114,13,79,14,73,13,72,14,67,11
114,14,5,2,5,2,5,2,7,3
114,15,24,7,21,7,25,6,26,7
114,16,27,7,22,7,21,7,19,6
114,17,141,18,136,18,132,19,127.5,18
114,18,8,3,7,2,8,3,2,1
114,19,37,8,22.5,6,17,5,20,6
114,21,32,7,27,7,27,6,28,6
114,22,41,8,46.5,9,45.5,10,38,10
114,23,30,5,23,5,26,5,28.5,5
114,24,18,7,19,7,18,5,17,5
114,25,33,8,31,7,40,8,31,8
114,26,22,9,20,9,21,8,21.5,9
114,27,26,6,29,6,35,6,32,6
114,28,37,11,41,11,41,12,39,11
114,29,37,9,41,9,51,9,50,9
114,30,35,9,37,8,42,8,46.5,8
114,31,49,10,36,9,36,8,40,8
114,32,19,4,20,5,20,3,20,3
114,33,29,8,34,9,30,9,29,9
114,34,47,9,41,8,33,6,36,6
114,35,23,5,23,6,22,6,23,6
114,36,31,10,30,11,34,11,47,11
114,37,63,7,68,8,60,8,53,9
114,38,48,10,42,10,34,10,41,10
114,39,61,14,59,14,54,13,55,13
114,40,38,11,39,11,37,12,35.5,10
114,41,108.5,15,112.5,15,116.5,15,106.5,15
114,42,52,11,49,11,47,9,49.5,10
114,43,104,13,100,14,100,14,100.5,15
114,44,770.5,31,778,31,751,28,768.5,30
114,45,154,19,159,19,157,18,156,18
114,46,10,2,12,2,11,3,12,3
114,47,61,12,56,12,57,13,61,12
114,48,64,16,64.5,16,67.5,16,74.5,16
114,49,144,15,152,16,162,15,164,16
114,50,79,18,82,19,81,19,90,19
114,51,37,9,35,8,34,9,36,8
114,52,70,15,70,15,62,14,67,15
114,53,64,16,64,18,66,18,77.5,18
114,54,18,6,15,5,17,6,16,6
114,55,59,13,55,12,58,12,56,12
114,56,62,13,65,15,64,15,62,14
114,57,33,12,45,12,41,13,41,13
114,58,38,15,40,15,40,14,37,14
114,59,47,13,50,14,52,13,50,13
114,60,22,9,17,8,18,7,24,9
114,61,44,13,37,13,38,11,36,11
114,62,66,12,72,10,65.5,10,73,10
114,63,3,2,3,2,7,3,5,2
114,64,10,3,9,3,8,2,9,4
114,65,28,8,27.5,8,30,8,27,7
114,66,54,10,52,10,54.5,10,56.5,10
114,67,168,12,166.5,14,164,16,160.5,16
114,68,72,10,69,10,71,11,66,11
114,69,56.5,9,54.5,9,56.5,10,58.5,10
114,70,92.5,9,92.5,9,89,12,94,12
114,71,11,2,12,2,10,2,13,2
114,72,5,2,5,2,4,2,4,2
114,73,5,2,5,2,4,2,8,2
114,74,6,2,6,2,11.5,3,2,1
114,75,96.5,4,102,6,92.5,6,85,6
114,76,100,13,94.5,12,84,12,73,13
114,77,1653.5,32,1628.5,32,1590,28,1521,28
114,78,1309,28,1275.5,26,1324.5,24,1327.5,27
114,79,116,19,119,19,97.5,20,91.5,20
114,81,214,10,205,8,190,9,184,9
114,82,7,6,8,5,7,5,11,5
114,83,997.5,22,976,22,993.5,21,1015,20
114,84,62,10,70,10,61,9,64,9
114,85,4,3,4,3,5,3,5,3
114,86,3,2,4,3,4,3,4,3
114,87,165.5,13,158,13,153.5,13,141.5,12
114,88,123,21,124,21,111,21,99,20
114,89,38,8,39,8,39,9,34,9
114,90,4,1,6,2,4,1,4,1
114,91,3,2,6,3,9,4,7,4
114,92,9,4,8,4,6,3,6,3
114,93,5,3,6,3,4,3,5,3
114,94,33,11,31,11,31,10,31,10
114,95,12,5,10,5,9,4,12,3
114,96,6,3,8,3,7,3,6,3
114,97,18,4,14,4,13,4,10,4
114,98,100,20,101,20,109,21,98,21
114,99,11,4,13,5,9,4,6,3
114,100,204.5,16,197,14,195,15,188,15
114,101,27,7,16,6,15,7,17,7
114,102,92.5,13,94.5,13,104.5,13,110.5,12
114,103,339.5,17,336.5,17,345.5,17,337.5,18
114,104,508,14,538.5,13,549,15,532.5,16
114,105,210,18,208,20,217,20,203.5,19
114,106,118.5,23,107.5,23,97,20,99,22
114,107,14,6,12,6,16,6,14,6
114,108,159.5,22,164.5,23,155.5,20,145,22
114,109,7,2,7,2,8,3,7,3
114,110,45,18,46,18,46,18,44,17
114,111,29.5,9,30.5,9,26.5,8,24,7
114,112,25,6,25,6,30,8,29,8
114,113,23,7,19,7,18,6,17,6
114,114,4,2,4,2,5,2,4,2
114,115,36.5,13,29.5,12,27,11,25,10
114,116,34,11,30,11,33,11,31,10
114,117,260.5,20,265.5,20,253.5,19,258,21
114,118,23,7,20,7,14,4,13,6
114,119,1080.5,26,1095,27,1100,30,1074,29
114,120,98,5,103.5,5,96.5,5,93.5,6
114,121,,,,,,,3,1
114,123,62.5,7,67.5,7,85,7,64,7
114,124,4,1,4,1,4,1,4,1
114,125,8,2,8,2,8,2,9,2
114,126,791.5,22,771,23,783.5,22,766,21
114,127,1205,12,1222,12,1199.5,12,1177.5,13
115,0,17,6,18,6,16,5,18,6
115,1,13,5,11,3,9,3,19,3
115,2,73,14,72,15,78,13,87,15
115,3,14,5,13,5,13,5,12,5
115,4,3,2,2,1,4,2,4,2
115,5,27,6,29,6,27,6,23,6
115,6,3,1,3,1,3,1,6,2
115,8,15,4,14,4,16,4,16,4
115,10,4,3,3,2,3,2,3,2
115,11,13,6,13,6,12.5,5,14,6
115,12,6,3,4,2,5,3,11,4
115,13,13,4,13,4,9,3,10,4
115,14,24,5,25,5,25,6,20,6
115,15,21.5,7,18.5,6,20,7,20,7
115,16,34,8,35,8,38,9,47,9
115,17,26,8,26,7,29,7,27,7
115,18,49,5,45.5,6,46.5,5,41.5,6
115,19,15,4,15,4,15,6,16.5,5
115,20,51.5,6,54,6,44.5,6,42.5,6
115,21,24,4,28,4,26,4,29.5,3
115,22,21,5,20,4,18,4,17,4
115,23,8,2,8,2,3,2,4,2
115,24,15,4,14,4,12,4,13,4
115,25,11,5,10,4,10,4,11,5
115,26,32,9,39,9,33,10,32,9
115,27,42,7,38.5,7,42.5,7,44.5,7
115,28,30,7,29,7,29,6,20,7
115,29,17,2,12,2,24,2,14,2
115,30,62.5,13,60.5,13,57.5,12,52.5,12
115,31,5,3,5,3,9,4,8,4
115,32,38,10,40,9,38,9,41,10
115,33,15,5,19,6,19,6,15,5
115,34,52.5,14,50.5,15,54,15,49,15
115,35,75,14,84.5,14,70,13,68,16
115,36,30,9,24,8,27,7,27,7
115,37,19,8,25,8,28,9,24,8
115,38,65,11,66,11,63,11,64,11
115,39,64,13,62,14,49,13,52,13
115,40,41.5,7,38,7,43,10,40,8
115,41,56.5,12,57.5,11,53.5,10,52.5,11
115,42,324.5,36,337.5,37,342,39,313,38
115,43,35,9,35,9,35.5,9,42.5,10
115,44,184.5,15,187.5,15,189.5,15,203,16
115,45,58,8,55,8,53,9,59,8
115,46,103.5,17,94,16,108,18,110.5,18
115,47,361,30,356.5,33,374.5,31,367.5,33
115,48,48.5,6,34.5,6,32.5,7,35.5,7
115,49,40,10,42,11,40,11,41,11
115,50,166.5,16,159,16,161.5,13,149,13
115,51,60,17,58,17,59,17,58,17
115,52,6,3,3,2,5,3,8,4
115,53,18,4,15,4,16,3,17,3
115,54,83,20,66.5,20,55,18,57.5,18
115,55,44,9,44,10,42,10,44.5,12
115,56,76,15,89,16,81.5,17,79,17
115,57,39,9,32,8,29,9,31,9
115,58,55,10,46,11,45,11,39,11
115,59,73,13,70,13,66,15,69,15
115,60,20,8,21,8,21,7,21,9
115,61,27.5,6,27.5,6,24.5,7,25.5,7
115,62,44,11,43.5,12,49,12,43,12
115,63,31,12,29.5,10,30,10,33,12
115,64,33,10,30.5,10,29,10,24,10
115,65,46,9,61,10,51,9,53,8
115,66,76,17,69.5,16,60,16,64.5,15
115,67,31,10,31,11,31,10,31,10
115,68,22.5,7,17.5,6,15.5,5,16,5
115,69,40,14,43,15,52,15,44,15
115,70,25,5,25,5,22,5,19,4
115,71,639.5,18,587,16,602.5,18,575.5,18
115,72,220,17,208,18,197,20,204.5,21
115,73,21.5,4,17.5,3,16.5,4,21.5,4
115,75,928,19,942.5,19,898,17,876,17
115,76,454,26,451.5,24,425,22,403.5,24
115,77,7311.5,15,7003,14,7203,16,6826,17
115,78,9532.5,15,9474.5,15,9746,13,9384.5,13
115,79,1179,26,1107.5,26,1185.5,26,1127.5,26
115,80,1282,10,1264,10,1255.5,9,1193.5,9
115,81,432,8,431,8,407.5,7,364,7
115,82,12,5,15,6,13,4,9.5,4
115,83,5,2,7,3,8,3,9,3
115,84,41,10,41,10,37,9,40,10
115,85,3,1,3,1,3,1,3,2
115,86,4,2,4,2,3,2,3,2
115,87,4,3,6,4,4,3,4,3
115,88,32,10,32,9,27,9,28,8
115,89,20,6,19,6,14,5,12,4
115,90,12,7,13,7,13,8,16,7
115,91,2,1,2,1,2,1,2,1
115,92,25,9,25.5,9,33,8,33,9
115,93,26,6,22.5,6,25.5,6,26,6
115,94,19,10,21,10,22,10,16,9
115,95,61.5,12,61.5,12,56,12,56,11
115,96,37,12,43,11,45,13,45,13
115,97,30,7,31,7,24,7,22,7
115,98,27,5,23,5,19.5,5,18.5,5
115,99,31,7,32,7,31,8,27,7
115,100,303,19,307,19,329.5,19,305.5,20
115,101,91.5,16,89.5,16,88,17,94.5,17
115,102,83.5,15,83.5,14,76.5,15,75,16
115,103,117.5,16,117,17,120,16,115,15
115,104,219.5,23,209.5,23,220,22,218,21
115,105,289.5,24,297.5,22,314.5,25,317.5,25
115,106,63,13,60,13,54,13,54,13
115,107,9,6,11,6,10,5,13,5
115,108,194,18,192,17,196.5,16,176.5,15
115,109,30,8,20,6,25,8,22,8
115,110,10,5,12,6,10,5,11,5
115,111,58,14,63,16,61,17,62,17
115,112,82.5,13,80,15,70,15,73,14
115,113,11,5,9,5,9,4,6,3
115,114,8,2,8,2,7,2,5,2
115,115,7,3,7,3,9,4,9,4
115,116,8,3,4,3,4,3,3,3
115,117,9,4,7,4,11,4,8,2
115,118,4,1,4,1,4,1,4,1
115,119,360.5,14,374,14,396,13,373.5,13
115,120,1,1,1,1,1,1,1,1
115,125,2,1,2,1,2,1,3,1
115,126,575,17,567.5,17,570,16,586.5,17
115,127,30,10,31,9,37,10,39,11
116,0,26.5,11,16,9,15,8,16.5,7
116,1,24,7,26,9,28.5,10,26.5,9
116,2,3,2,2,2,2,2,4,3
116,3,11,4,12,4,15,5,11,3
116,4,28,6,26,7,25.5,7,25.5,6
116,5,33,8,33,8,33.5,8,37.5,7
116,6,15,4,13,4,12,4,13,4
116,7,50,9,54,9,50.5,10,55,10
116,8,46,5,41,5,38,6,42,6
116,9,11,3,9,3,8,2,7,2
116,10,4,2,5,2,5,2,7,3
116,11,34,8,26,8,23,6,24,8
116,12,14,3,15,4,14,3,22,5
116,13,23,5,21,5,21,6,15,4
116,14,24,4,25,4,31,4,24,5
116,15,52,15,47,14,44,12,50,11
116,16,20,5,18,5,24,5,19.5,5
116,17,23,9,23,9,25,8,30,9
116,18,21,3,18,3,17,3,12.5,3
116,19,10,3,9,3,9,3,7,3
116,20,13,4,13,4,14,5,17,5
116,21,3,2,2,1,4,1,2,1
116,22,4,2,4,2,2,2,2,2
116,23,23,5,23,6,25,6,26,6
116,24,22,6,21,6,22,9,21,7
116,25,9.5,2,10.5,2,10.5,2,10,2
116,26,16,7,21,7,19,7,21,8
116,27,20,5,16,4,18,6,17,6
116,28,9,5,10,5,11,5,11,5
116,29,8,2,8,2,6,2,3,1
116,30,36,7,39,8,42,9,36,9
116,31,42.5,12,35.5,11,39.5,12,38.5,10
116,32,83.5,11,86,12,94,10,83,10
116,33,37,11,33,10,33,9,27,9
116,34,40,9,33,9,32,9,32,9
116,35,51,12,47,11,50.5,12,54,14
116,36,82,19,80,18,71,17,69,17
116,37,42,7,34,6,32.5,8,35.5,8
116,38,75.5,12,80,12,71,14,67,14
116,39,190,16,176,16,166,16,174,16
116,40,59,10,52,9,52,9,48,7
116,41,284.5,26,289,27,289,25,297.5,25
116,42,255.5,28,240,28,239.5,27,229,27
116,43,154,21,142,19,132,20,137,22
116,44,78.5,11,81,11,74,11,84,11
116,45,94,16,109.5,17,99.5,17,90.5,17
116,46,68,11,60,11,53,10,55,10
116,47,72.5,19,82.5,21,78.5,20,71.5,19
116,48,69,15,69,16,60,15,62,16
116,49,49,14,45,11,43,14,42,14
116,50,108.5,16,121,14,118.5,15,119.5,15
116,51,10,4,11,4,8,4,10,3
116,52,88,5,97,7,94,7,89,9
116,53,43,12,38,10,42,10,39,8
116,54,41,11,37,10,39,12,39,12
116,55,36,13,33,11,36,12,37,13
116,56,182,21,182,22,191,22,177.5,23
116,57,18,7,16.5,7,14.5,6,14.5,6
116,58,72,19,82,20,72,20,77,21
116,59,30,11,31,11,27,10,27,10
116,60,57,19,55,18,62,18,56.5,19
116,61,29,12,25.5,13,22,12,24,13
116,62,122,28,119.5,27,117,25,118,25
116,63,594.5,35,566,35,574.5,38,585.5,39
116,64,56,8,61,9,46,9,50,10
116,65,101,14,89,14,64,14,70.5,15
116,66,26,7,27.5,9,25.5,9,26.5,9
116,67,26,5,27,5,23,6,21,6
116,68,46,12,46,11,58,11,55,12
116,69,80,15,77.5,14,78.5,15,84,16
116,70,112,14,111.5,13,112.5,18,112,18
116,71,48,7,52,6,53,5,51,5
116,72,14.5,7,17.5,9,15.5,8,17.5,9
116,74,5,1,2,1,2,1,2,1
116,75,2370,20,2333,20,2292.5,20,2219.5,20
116,76,1477,31,1541,29,1752.5,26,1852,26
116,77,12059.5,18,11885.5,17,11825.5,18,10883.5,19
116,78,10011.5,17,9846.5,17,9900,16,9718,16
116,79,5084,20,4934,20,4997,19,4805,22
116,80,19,5,19,5,19,5,20,6
116,81,10,3,8,2,6,2,2,1
116,82,6,2,5,2,5,2,5,2
116,83,3,2,3,2,1,1,2,2
116,84,,,,,2,1,4,1
116,85,2,1,,,3.5,1,2,1
116,87,4,2,1,1,2,1,2,2
116,88,37,6,33,6,33,5,31,5
116,89,69,7,65,7,68,6,64,6
116,90,123,9,119.5,9,112,11,107,10
116,91,75,19,79,17,85,16,84,16
116,92,94,14,99.5,14,95.5,13,82,11
116,93,58,16,53,16,50,16,50,16
116,94,17,5,16,5,15,5,13,5
116,95,34.5,11,36,11,38,10,42.5,11
116,96,32,9,31,9,29,9,25,9
116,97,441.5,19,409,24,400.5,25,392,22
116,98,80,9,76,9,80,9,80,9
116,99,84.5,18,75.5,19,76,19,67.5,16
116,100,139,19,118,18,119,20,115.5,20
116,101,84,14,73,15,79,14,85,14
116,102,762.5,24,769,24,794.5,24,771,22
116,103,196,15,206,16,209.5,16,212,15
116,104,264.5,22,270.5,22,265.5,21,271.5,21
116,105,165,21,167,19,157,19,149,22
116,106,4,2,6,2,2,1,2,1
116,107,3,2,2,1,4,1,4,1
116,108,41,12,38,12,36,12,32,10
116,109,195,22,199,22,184,21,186,21
116,110,20.5,6,16.5,5,16,7,15.5,5
116,111,869,32,893.5,33,877.5,31,873.5,31
116,112,294,18,278.5,18,256.5,18,259.5,19
116,113,2,1,2,1,2,1,2,1
116,114,41,11,47,12,41.5,12,39,12
116,115,33.5,13,33.5,13,31,12,33,13
116,116,18,7,16,8,13,7,14,6
116,117,17,5,13,5,12,5,9,4
116,118,42.5,5,51,5,53,6,50,6
116,119,4,2,2,1,2,1,4,2
116,120,71,10,73,9,77,10,74,9
116,123,79,8,81,8,76,8,78,8
116,124,69,12,77,11,74,10,75,10
116,125,3,1,3,1,4,1,5,2
116,126,103.5,7,97,8,101,7,83.5,6
116,127,724,20,688.5,20,685,20,660.5,20
117,0,30,6,30,6,27,6,29,6
117,1,24,6,23,5,22,5,17,6
117,2,3,2,8,3,8,3,9,4
117,3,19,6,21,8,16,6,25,8
117,4,15,6,13,6,9,4,12,5
117,5,8,3,6,3,6,3,9,4
117,8,10,4,9,4,12,6,12.5,6
117,9,39,10,32,9,31,9,37,9
117,10,395,27,379,27,368,27,374.5,28
117,11,12,5,12,5,12,5,14,6
117,12,8,3,8,3,5,3,5,3
117,13,1,1,2,1,1,1,5,2
117,14,3,2,1,1,2,2,4,3
117,15,2,1,2,1,3,2,3,2
117,16,22,8,29,8,33,8,28,7
117,17,45,9,47.5,9,42,9,46,9
117,18,,,,,,,3,1
117,19,3,2,3,2,3,2,3,2
117,20,62,9,58,12,53.5,11,56.5,11
117,21,10,4,10,4,10,4,9,3
117,22,24,6,22,7,23,5,21,7
117,23,16,4,17,4,19,4,23,5
117,25,5,2,5,2,6,2,6,2
117,26,15,6,15,6,14,7,16,7
117,27,60,6,59,6,57,7,65,6
117,28,3,1,1,1,1,1,1,1
117,29,9,2,5,2,3,1,7,3
117,30,7,2,6,2,6,2,8,2
117,31,15,7,14,7,16,6,14,6
117,32,295.5,18,288,18,287.5,18,281.5,18
117,33,39,8,31,8,30.5,8,30,8
117,34,38,7,34,7,35.5,8,39,7
117,35,366,23,352.5,24,351,23,356.5,24
117,36,43,11,49,12,42,12,37.5,10
117,37,56,11,56,9,58,12,61,12
117,38,194,16,208,18,224.5,19,203.5,18
117,39,88.5,12,86,13,86,13,84.5,13
117,40,91,14,96.5,14,95,14,96.5,15
117,42,181.5,19,179,21,186.5,17,193.5,20
117,43,462.5,26,442,26,439.5,27,421.5,28
117,44,274,20,275,20,265.5,21,262,20
117,45,123.5,22,123.5,22,122,21,116,21
117,46,51,5,54,4,53,5,45,5
117,47,27,7,29,7,21,7,27,7
117,48,49,11,59,11,64,11,60,11
117,49,61,14,67,14,66,14,66,15
117,50,63,14,61,14,57,15,53,14
117,51,47.5,15,43,13,43,14,50.5,15
117,52,55,14,45,13,49,13,50.5,13
117,53,45,14,46,14,48,13,46,14
117,54,48.5,13,48.5,14,50.5,16,48.5,18
117,55,60,14,61,14,57,16,53,16
117,56,78.5,18,70.5,18,75.5,18,76.5,18
117,57,84,22,84,26,80,25,82,23
117,58,66.5,15,63.5,17,56,15,63.5,16
117,59,34,14,39,14,38,14,32,13
117,60,17,8,20,8,22,9,25,8
117,61,46,16,43,15,41.5,16,30,14
117,62,45,17,41,17,45,18,40.5,16
117,63,46,15,41,16,44,17,47,17
117,64,89,15,84.5,15,71.5,16,71.5,14
117,65,68.5,14,73.5,16,70.5,15,72.5,16
117,66,46,16,51,17,49,16,45,15
117,67,19,6,20,6,16,5,16,5
117,68,81,17,76,17,70,15,74,15
117,69,33,5,28,4,27,4,25,5
117,70,2,2,3,3,2,2,2,2
117,71,12,3,10,3,7,3,3,1
117,72,32,9,28,9,28,10,24,10
117,75,233,11,230.5,12,233.5,11,241,12
117,76,458.5,13,413,14,436.5,12,406,13
117,77,585,17,579,16,529.5,16,529.5,17
117,78,690.5,20,703,22,690,20,652,21
117,79,149,27,135,29,145,27,143.5,27
117,80,5,2,7,3,6,2,10,3
117,81,611,20,593,20,613.5,20,636.5,21
117,82,86,6,78,6,71,6,73.5,6
117,83,10,3,9,3,9,3,9,3
117,84,4,1,2,1,3,2,3,2
117,85,10,4,7,3,12,4,17,5
117,86,111.5,5,135,4,128,5,130,5
117,87,5,2,3,2,4,2,4,2
117,88,6,1,4,1,5,1,4,1
117,89,24.5,5,26,6,23,6,21,6
117,90,15,2,13,2,11.5,2,12,2
117,91,20,8,20,8,16,8,16,9
117,92,37,12,35,14,38,14,29,12
117,93,10,4,15,5,15,4,16,5
117,94,37,12,31,11,29,11,27.5,11
117,95,59,10,65,10,59,10,51,10
117,96,104,14,97,13,94.5,15,89,15
117,97,43,14,42,14,44,13,40.5,15
117,98,29,12,31,12,31,13,32,12
117,99,55,11,57,11,57,12,58,12
117,100,58,13,50.5,14,45,11,47.5,13
117,101,16,4,17.5,4,12,3,19,5
117,102,775,13,786.5,12,782,11,759,11
117,103,481.5,22,481.5,22,482,23,502.5,21
117,104,756,24,763,25,751.5,25,794,24
117,105,192.5,36,176,34,186.5,36,185.5,36
117,106,458,20,468,21,460.5,20,455,19
117,107,19,6,19,6,18,7,18,7
117,108,16,7,16,7,19,6,18,6
117,109,16.5,8,19.5,8,19.5,8,19,8
117,110,9,3,9,4,11,4,7,4
117,111,124.5,9,127.5,10,129,10,126,11
117,112,11,6,13,6,12,6,12,6
117,113,16,7,13,7,14,6,15,6
117,114,35,9,29,9,31,10,26.5,10
117,115,299.5,20,305.5,20,296.5,20,303.5,20
117,116,26,8,24,8,25,9,22,9
117,117,52,14,47,13,38,11,38.5,13
117,118,163.5,15,164.5,15,161.5,15,166,15
117,119,8,2,6,2,6,2,6,2
117,120,209,21,210,20,184,19,186.5,19
117,121,1,1,1,1,3,2,3,2
117,122,11,3,15,4,15,4,15,4
117,123,180,23,178,24,186,24,191,23
117,124,195.5,31,189,32,178.5,30,181,29
117,125,267.5,16,274,19,266,18,253.5,18
117,126,18,4,14,4,21,4,19,4
117,127,641,25,641,25,645,25,626.5,26
118,0,25,8,23,6,27,7,29,7
118,1,19,5,18,5,22,5,14,4
118,2,206.5,17,215,16,200,15,188,15
118,3,17,5,16,4,22,7,18,6
118,6,7,1,7,1,7,1,7,1
118,7,14,3,13,3,14,3,12,3
118,8,9,5,9,5,9,5,8,4
118,9,18,3,18,4,17,5,19,5
118,10,154,15,154.5,14,156.5,14,147,16
118,11,6.5,1,4,1,9,1,5,1
118,12,18,4,21,6,19,7,21,7
118,13,15,6,16,6,17,5,17,5
118,14,57,7,51.5,9,49.5,8,56.5,9
118,15,18,6,18,6,18,6,25,6
118,16,14,4,17,5,17,5,16,5
118,17,11,2,8,2,9,2,7,2
118,18,138,10,146.5,10,146,10,158,9
118,19,21,7,25,7,26.5,8,26,7
118,21,49,12,42,12,48,12,43,12
118,22,27,5,27,5,37,7,29,7
118,23,202,10,217.5,10,198.5,10,207,11
118,24,8,2,10,3,11,3,11,3
118,25,12,5,17,4,16,4,18.5,4
118,26,19,5,23.5,5,22.5,5,20,5
118,27,27,3,25,3,24.5,3,20.5,3
118,28,40,8,40,9,38,8,41,9
118,29,25,10,27,10,19,8,20,8
118,30,24,7,20,7,16,6,22,6
118,31,131,15,125,15,129.5,14,126.5,14
118,32,38,11,38,12,42,12,41,13
118,33,29,9,26,8,24,9,26,9
118,34,17,6,15,5,14,5,17,6
118,35,59,15,63,13,67,16,75.5,17
118,36,70,16,66,16,64,16,72,16
118,37,41.5,8,38.5,8,39.5,7,38,8
118,38,127.5,18,128.5,19,125.5,20,123.5,20
118,39,16,3,15,3,11.5,3,10,3
118,40,92,8,94,8,90,8,91.5,8
118,41,1158.5,30,1130,29,1084.5,29,1136,30
118,42,3812.5,31,3669,29,3634,32,3551.5,31
118,43,405.5,36,411.5,36,398,38,392.5,38
118,44,175.5,21,170.5,21,171.5,23,164.5,22
118,45,151.5,14,152.5,14,154,14,136,14
118,46,73.5,11,75.5,12,83,13,80.5,13
118,47,27,6,26,6,24,6,29,6
118,48,31,9,30,9,29,9,24,9
118,49,86,12,82,10,81.5,11,85.5,12
118,50,57,11,55,12,62.5,10,57,11
118,51,80,14,85,13,75,13,85,13
118,52,140,21,158,20,172,21,177,22
118,53,63,15,63.5,15,62.5,15,66.5,15
118,54,34,12,33,13,33,14,38,15
118,55,175.5,25,180.5,26,179,26,177,24
118,56,692,31,657,32,665.5,33,640.5,32
118,57,302.5,44,304.5,42,276,41,257,40
118,58,50,24,48,24,50,25,53,24
118,59,21,6,25,7,20,7,23,8
118,60,47,15,46,14,41,14,35.5,14
118,61,39,16,42,17,32,14,35,16
118,62,43.5,12,37.5,12,45.5,14,42.5,12
118,63,41,13,46,13,39,11,40,12
118,64,41,9,46,12,46,13,44,14
118,65,107.5,11,96,11,94.5,10,91.5,10
118,66,375,36,381,36,390,36,382,36
118,67,21,8,23,9,25,8,24,9
118,68,15,4,12,3,12,2,12,2
118,69,9,4,12,5,10,4,11,4
118,70,74,14,69,14,78,13,80,13
118,71,16,5,14,6,13,5,12,5
118,72,1,1,1,1,3,1,3,1
118,73,29,10,33,10,25,10,32,11
118,74,24,5,27,5,28,5,25,6
118,75,5,2,4,2,3,3,3,2
118,76,117,8,119,8,120.5,8,113.5,7
118,77,6,2,12,3,13,4,13,4
118,78,42,8,43,9,45.5,8,47,8
118,79,160,13,144,13,137.5,13,135.5,12
118,80,32,9,40,9,36,8,32,8
118,81,58,3,57,3,57,3,47,3
118,82,99,10,99,10,104,11,96,12
118,83,5,2,3,2,6,2,4,1
118,84,17,4,11,4,14,5,12,4
118,85,28,3,29,3,31,3,31,3
118,86,404.5,7,384.5,7,373,6,369.5,6
118,88,,,2,1,,,,
118,89,6,2,3,1,5,2,1,1
118,91,26,5,20,5,30,5,27,5
118,92,49,8,43,9,45.5,8,35,7
118,93,71.5,9,73.5,9,64.5,8,61.5,8
118,94,45,12,48,12,45.5,14,40.5,13
118,95,11,5,11,5,16,6,13.5,5
118,96,26,7,21,6,19,5,24,6
118,97,16,7,12,6,17,8,12,8
118,98,21,6,18,5,20,5,23.5,5
118,99,221,20,205,19,196,19,186,19
118,100,66.5,17,62.5,17,57,16,60,15
118,101,58.5,13,56.5,13,58.5,14,52.5,12
118,102,49,12,57,12,52,12,38.5,12
118,103,147.5,18,144.5,18,142,20,142,19
118,104,202,18,214,20,198,17,213,17
118,105,13,5,13,5,13.5,5,12.5,5
118,106,697.5,30,700,28,686,28,663.5,28
118,107,192,28,180,29,179,28,177,28
118,108,77.5,17,76,18,69,17,68,17
118,109,17,6,22,8,21,7,16,6
118,110,8,4,5,2,6,3,8,4
118,111,22,9,23,8,22,6,23,6
118,112,62,11,57,11,57,13,58,12
118,113,12.5,5,9.5,4,8.5,4,6.5,4
118,114,14,7,15,8,16,8,16,6
118,115,10,4,11,4,10,3,11,4
118,116,12,4,13,5,5,3,6.5,3
118,117,2,1,2,1,3,2,2,1
118,118,1,1,1,1,1,1,3,1
118,119,9,4,10,3,12,3,10,3
118,120,1,1,3,2,3,2,7,3
118,121,25,10,23,9,24,11,25,11
118,122,2,1,,,,,1,1
118,123,3,2,3,2,1,1,3,2
118,124,14,5,16,7,16,7,11,6
118,125,88,18,88,17,93,18,108,18
118,126,11,5,14,5,11,5,10,5
118,127,11,5,13,5,15,5,14,5
119,0,3,2,3,2,3,2,3,2
119,1,16,7,19,7,18,8,19,7
119,2,12,4,19,4,15,3,11,3
119,3,11,3,11,3,6,2,6,2
119,4,,,,,1,1,1,1
119,5,9,5,8,4,8,4,7,4
119,6,35,7,36,6,35,6,31,6
119,9,59,10,61,10,59.5,10,59.5,10
119,10,28,8,28,8,23,8,27,8
119,11,3,2,3,2,3,2,3,2
119,12,6,2,9,3,8,3,6,3
119,13,7,2,10,3,12,2,7,1
119,14,90,12,88.5,12,104.5,12,116,10
119,15,9,6,11,7,8,6,6,5
119,16,6,1,7,1,5,1,6,1
119,17,21,5,21,5,23,6,24,5
119,18,53.5,8,43,9,48,8,53.5,8
119,19,25,5,22,5,34,5,31,4
119,20,16.5,5,12,5,11,5,11,5
119,21,17,6,21,7,16,7,18,7
119,22,11,1,9,1,12,1,9.5,1
119,23,11,3,10,3,9,3,7.5,3
119,24,9,4,10,4,12,5,9,4
119,25,4,1,3,1,3,1,1,1
119,26,1,1,1,1,1,1,2,1
119,27,24,8,22,8,27,8,39,9
119,28,53,11,51,10,47,10,42,10
119,29,29,6,37,7,35,6,28.5,6
119,30,66,15,62,15,63.5,14,60,15
119,31,54.5,12,51.5,12,48.5,12,52,12
119,32,19,7,15,7,13,7,14,7
119,33,35,9,31,8,27,8,34,9
119,34,42,11,43,11,42,13,36,13
119,35,34,11,27,10,25,9,27,10
119,36,119,13,129,11,117.5,11,117,11
119,37,36,5,28,5,26,5,29,5
119,38,123,14,125,14,118,14,116,13
119,39,51.5,4,59,4,51,5,61,5
119,40,138.5,21,137,21,157.5,20,145,20
119,41,2160.5,28,2157.5,29,2087,28,2046,28
119,42,4761.5,27,4641.5,27,4552.5,26,4552.5,27
119,43,350,21,335,22,335,22,340.5,22
119,44,142.5,17,148,17,148,17,145,17
119,45,147,19,143,18,139,19,157.5,20
119,46,66,6,61,6,58,6,58,6
119,47,197,23,195,23,199.5,22,197.5,21
119,48,11,5,10,5,10,5,7,3
119,49,62,11,56,10,60,9,62,10
119,50,36,5,38,5,42,5,45,5
119,51,32,9,29,9,24,8,30,9
119,52,43.5,13,39.5,14,38.5,15,40.5,14
119,53,3,3,3,3,4,3,4,3
119,54,28,12,28,12,31,11,29,10
119,55,37,11,31,11,30,10,32,10
119,56,268.5,22,261.5,22,250,23,240,24
119,57,212.5,24,222.5,25,225,24,205,27
119,58,33,12,36,11,34,13,34,13
119,59,40,18,47,20,52,21,60,22
119,60,45.5,16,58.5,17,54,17,49,16
119,61,72,23,73,24,69.5,20,67,22
119,62,73,23,73,24,75,26,84.5,25
119,63,27,10,26,9,24.5,9,28,11
119,64,80,20,88,20,90,22,83,23
119,65,806.5,28,783,28,749,26,711,26
119,66,149,22,155.5,23,171,23,165,23
119,67,67,24,65,23,69,23,73,22
119,68,96,23,91,24,87,22,81,22
119,69,16,4,20,4,9,3,10,3
119,70,199.5,14,202.5,12,201.5,14,202,14
119,71,37,14,39,16,36,15,40,16
119,72,39,8,31,8,27,9,37,10
119,73,296.5,29,307,33,307.5,31,313.5,29
119,74,125.5,17,122,16,120,17,122.5,16
119,75,561.5,11,556,12,565.5,11,564,12
119,76,522,8,555,8,547.5,8,527,8
119,77,70,8,70.5,9,67,6,58.5,4
119,78,7,4,3,2,7,3,5,3
119,79,11,3,11,3,18,3,18,3
119,80,1056,31,1098.5,32,1107,30,1084.5,31
119,81,2,1,2,1,2,1,2,1
119,82,15.5,6,14,6,14.5,6,12.5,5
119,83,16,4,17,4,14,4,20,4
119,85,11,4,11,5,11,5,12,5
119,86,4,2,6,2,4,1,6,2
119,87,7,2,7,2,6,2,6,2
119,88,7,4,6,4,6,4,6,3
119,89,202,11,179,9,189,10,180,10
119,90,85,14,72,12,83.5,10,80.5,12
119,91,34,9,33,10,32,10,34,10
119,92,32,7,30,7,29,8,25,8
119,93,14,4,15,4,13,3,12,3
119,94,29,7,27,8,35,8,31,8
119,95,13,6,13,6,13,6,19,7
119,96,29,4,27,3,28,3,25,3
119,97,3,1,1,1,5,1,3,1
119,98,53,15,44,14,50,14,55,14
119,99,72,11,65,11,71,11,69,10
119,100,43,12,40.5,12,38.5,11,32.5,11
119,101,20,7,20,7,24,7,26,8
119,102,51,10,50,9,48,11,47,11
119,103,69.5,12,67.5,12,59.5,12,54.5,11
119,104,43,10,40.5,10,32.5,9,25,7
119,105,2,1,2,1,2,1,,
119,106,72,15,71,15,70,14,63,14
119,107,138.5,22,123,21,127,22,127,21
119,108,80,11,88,13,84,12,87,12
119,109,130,18,129.5,18,127.5,18,132,18
119,110,25,12,22,11,18,10,24,11
119,111,5,2,8,3,8,3,8,3
119,112,6,2,6,2,4,1,1,1
119,113,6,2,2,1,3,2,3,2
119,114,11,2,10,4,10,4,6,3
119,116,464,30,454.5,29,420.5,29,413,27
119,117,19,5,20,4,19,4,16,4
119,118,20,6,18,6,15,6,13,6
119,119,1,1,1,1,1,1,,
119,120,132,15,119,14,130.5,14,129,14
119,121,902,23,899,25,890,24,885,22
119,122,79.5,13,81.5,13,82.5,11,76,12
119,123,,,3,1,3,1,2,1
119,124,105.5,14,104.5,13,113,14,128,14
119,125,103,11,104.5,11,108,13,109.5,13
119,126,3,1,7,2,6,2,4,1
119,127,7,3,5,3,5,4,5,4
120,0,50,12,55,11,58,11,57,12
120,1,17,5,16,5,19,4,17,5
120,2,42,10,39,10,40,9,36,9
120,4,13,5,10,4,13,5,10,5
120,5,6,1,6,1,5,1,5,1
120,6,12,3,11,3,11,3,10,3
120,7,9,4,9,4,9,4,7,4
120,8,15,7,13,7,18.5,6,21.5,7
120,9,4,1,3,1,3,1,4,2
120,10,32.5,9,28.5,9,28.5,9,36.5,9
120,11,15,3,11,3,10,3,9,2
120,12,8,2,6,2,6,2,6,2
120,14,8,3,8.5,3,7.5,3,7.5,3
120,15,14,4,13,4,10,4,19,5
120,16,14,4,16,5,13,5,14,5
120,17,4,2,5,2,5,2,5,2
120,18,7,1,9,2,7,2,5,2
120,19,26.5,5,23,5,21,6,16.5,6
120,20,22,6,20,7,28,6,27,7
120,22,13,3,14,3,14,3,11.5,3
120,23,1,1,1,1,1,1,1,1
120,24,19,6,16,6,14,6,16,6
120,25,15,5,17,5,12,4,14,5
120,26,41.5,10,41,8,39,8,40,8
120,27,13,5,13,5,12,5,11,4
120,28,98,11,101.5,11,90,10,98,11
120,29,16,7,16,7,17,6,18,7
120,30,32,7,35,8,35,7,37,8
120,31,44,9,43,8,49,9,38,9
120,32,40.5,10,39.5,10,44.5,10,42,10
120,33,23,7,22,7,18,7,14,6
120,34,39.5,12,31,11,35,11,35,11
120,35,40,14,37,13,40,14,43,16
120,36,64,15,54,14,62,17,64.5,17
120,37,40,5,40,5,38,5,39,5
120,38,68,8,68.5,9,70.5,8,66.5,9
120,39,262.5,34,266.5,33,266,32,267.5,33
120,40,842.5,42,868.5,42,899,43,891,44
120,41,393,36,387.5,35,388.5,33,382,34
120,42,424,33,421,34,410,36,423,33
120,43,529,33,568,31,569.5,30,556.5,31
120,44,232,26,237,26,231.5,26,222.5,26
120,45,62,11,57,12,63,10,62,11
120,46,85,17,85,18,89,18,87,18
120,47,40.5,6,34,6,38.5,6,39,7
120,48,60.5,12,61,13,58,13,62,13
120,49,75,8,65.5,7,66,8,64.5,8
120,50,62,13,56,13,64.5,14,65.5,13
120,51,91,13,89,15,79,14,73,14
120,52,74,16,80,16,76,16,73.5,16
120,53,61,21,55.5,20,58,21,64,21
120,54,35,13,33,13,30,11,28,12
120,55,67,17,63,16,63,15,65,17
120,56,81,22,79,22,71,21,77,22
120,57,37,9,34,8,31,8,22,7
120,58,17,8,17,8,14,7,16,8
120,59,67,20,63.5,21,63.5,21,60,20
120,60,46,17,49,18,51,18,47,17
120,61,275.5,32,278,34,281,38,262,34
120,62,156,23,143,23,150,22,141.5,22
120,63,46,13,50,13,42,10,51,10
120,64,38.5,12,42,13,46,14,42.5,16
120,65,35,11,37,9,36,9,36,10
120,66,18.5,4,15,4,22,4,19,4
120,67,185.5,18,188,19,191.5,16,192,16
120,68,112.5,24,102,24,99,23,95,23
120,69,55,10,50.5,9,50.5,11,52,11
120,70,12,5,11,5,10,5,11,5
120,71,9,3,8,3,8,3,8,3
120,72,40,8,39,8,33,7,30,7
120,73,1586,21,1653,21,1619,21,1553,20
120,74,801.5,23,790,23,774.5,19,774,20
120,75,205,16,199.5,15,189,15,205,14
120,76,187.5,12,187.5,14,179.5,12,178,13
120,77,24,4,23,4,24,4,13,3
120,78,667.5,17,665,17,656.5,17,649.5,19
120,79,16,4,16,4,16,4,14,3
120,80,278.5,16,257.5,16,247.5,13,240,14
120,81,49,5,53,5,55,5,47,5
120,82,7,1,5,1,9.5,1,8,1
120,83,24,8,23,7,22,8,21,8
120,84,127,8,128.5,7,126,8,119,7
120,85,82.5,4,90,4,88,4,82,4
120,87,2,1,2,1,2,1,2,1
120,88,3,2,3,2,3,2,3,2
120,89,42,8,40,8,37,8,37,8
120,90,56,11,54,11,47,10,38,9
120,91,37,8,37,8,31,7,24,7
120,92,58.5,10,63.5,10,65.5,11,65.5,11
120,93,60.5,16,56,16,48.5,15,54,15
120,94,9,2,9,2,8,2,6,2
120,95,30,12,31,13,36.5,13,32.5,12
120,96,12,6,12,6,14,6,16,6
120,97,26,8,25,8,26,8,25,7
120,98,63,10,64,12,55,10,58,12
120,99,253,23,232,22,241.5,22,239.5,22
120,100,93,16,89,17,86,16,89,16
120,101,13,4,12,3,12,3,12,3
120,102,23,6,27.5,6,21,5,27,6
120,103,417.5,37,427,37,412,38,398,38
120,104,136,19,125,19,133.5,19,134.5,18
120,105,3,1,4,1,,,,
120,106,264.5,9,269,8,266,8,266,9
120,107,1523,32,1643.5,31,1538,34,1536,32
120,108,3206.5,31,3187,32,3151.5,33,3238.5,34
120,109,1325,28,1291.5,31,1320,30,1300,29
120,110,55,15,58,16,55,16,58,16
120,111,5,2,9,3,6,2,6,3
120,112,24,6,21,7,15,7,21,8
120,113,2,1,1,1,2,2,2,2
120,114,11,3,9,3,7,3,6,3
120,116,52,18,49,17,52,15,52,15
120,117,6,3,5,3,5,3,5,3
120,118,15.5,5,12.5,5,10,4,10,4
120,119,13,3,12,3,10,3,11,3
120,120,18,7,21,7,12,5,11,5
120,121,25,10,20,7,16,9,14,8
120,122,48,7,49,7,52,7,45,7
120,123,14,6,13,5,12,5,8,3
120,124,362.5,15,341,15,356,15,363.5,15
120,125,386,29,380.5,27,376.5,26,387,27
120,126,15,4,17,3,16,3,15,3
120,127,16,3,21,4,21,4,20,4
121,0,60,16,55,15,56,17,53,16
121,1,36,10,38,10,34,9,35,9
121,2,5,2,1,1,6,1,6,1
121,3,52,12,49.5,12,40.5,13,48,12
121,6,20,4,20,4,14,3,15,3
121,7,4,2,4,2,2,1,3,1
121,8,10,5,11,4,12,4,16,5
121,10,4,1,3,1,3,1,3,1
121,11,3,2,3,2,6,3,8,3
121,12,1,1,,,1,1,1,1
121,13,24,3,23,3,22,3,16,3
121,14,8,3,14,4,15,4,13,4
121,15,2,1,7,1,5,1,7,2
121,16,13,3,12,4,13,4,12,5
121,17,8,4,5,2,5,2,7,3
121,18,21,6,21,6,15,5,18,5
121,20,94,10,81,10,78.5,9,97.5,10
121,21,33,4,27.5,5,22,5,19.5,5
121,22,2,1,,,1,1,3,2
121,23,58,6,55,6,61,7,57.5,6
121,25,40,8,42,8,44,10,45,9
121,26,38,8,39,8,36,8,35,7
121,27,20,4,17,4,15,4,16,4
121,28,19,9,19,8,15,7,15,8
121,29,58,11,56,11,56,10,64,12
121,30,41,12,43,13,48,14,45,12
121,31,163.5,12,161,13,163,11,168,12
121,32,76,12,78.5,12,71.5,12,65,11
121,33,39.5,10,47.5,10,33.5,10,42.5,10
121,34,55.5,16,60,16,58,14,62,15
121,35,51,12,44,12,47,12,51,12
121,36,23,5,16,5,15,4,19,5
121,37,71,7,83.5,7,82,7,69.5,7
121,38,53,15,56,16,53,17,55,17
121,39,478.5,40,485,42,516,41,514,42
121,40,128.5,25,143,27,148.5,27,147.5,28
121,41,164,24,161,24,168.5,22,167,23
121,42,159,23,156,24,150,25,157,24
121,43,162,24,155.5,23,129.5,22,121.5,22
121,44,206,26,215.5,26,215.5,25,214.5,26
121,45,110,14,107,16,104,15,106.5,14
121,46,129,19,131,19,133,19,144.5,19
121,47,37.5,4,37,5,33.5,4,33,4
121,48,94,15,96.5,14,95,15,93,13
121,49,136,22,140,22,146,21,140,21
121,50,622,24,610,24,598.5,24,631.5,24
121,51,34,13,42,15,47.5,15,45,15
121,52,13,6,15,6,20,7,16,7
121,53,59,20,58,20,63,22,55,19
121,54,112,13,108,13,96,13,90,13
121,55,93,17,63.5,16,61.5,15,72.5,17
121,56,73,17,74,17,70,16,68,17
121,57,61,17,59,17,62,16,57,16
121,58,70,14,71,15,73,16,65,17
121,59,48,16,45,16,43,17,50,19
121,60,48,14,52,15,50,16,47,17
121,61,110,26,99,25,100,24,102,27
121,62,80,11,74.5,13,75.5,14,78.5,15
121,63,125,17,132,17,118,20,122.5,22
121,64,63,15,64,16,66,16,64.5,17
121,65,85,17,86.5,18,86,18,83,18
121,66,62,14,60,15,55,14,59,14
121,67,70.5,16,73.5,16,65.5,15,67,16
121,68,142,22,136,20,137.5,23,148,25
121,69,91,11,92,11,86,10,85,11
121,70,63,13,73,14,80,14,92,14
121,71,29,9,25.5,9,30.5,9,29,9
121,72,23,9,24,8,24,8,15,6
121,73,73,10,71,10,69,9,71,9
121,74,72,3,73,3,77,4,72,4
121,75,12,3,12,3,12,3,15,4
121,76,73,14,71.5,14,62,14,64.5,13
121,77,133,11,131.5,11,128,11,117,10
121,78,35,5,26,5,20,4,22,4
121,79,,,,,3,1,2,1
121,80,16,5,14,5,13,5,12,5
121,81,14,4,14,4,13,3,11,3
121,82,2,1,2,1,2,1,2,1
121,83,14,3,11,3,6,2,6,2
121,84,11,3,8,3,10,3,11,3
121,85,5,3,5,3,6,3,9,4
121,87,8,3,8,3,7,3,6,2
121,89,14,5,13,5,12,4,10,3
121,90,15,5,13,5,11,4,11.5,5
121,91,373.5,30,371.5,30,371,30,365,29
121,92,1122.5,26,1103,26,1042,24,1050,23
121,93,28,8,30,8,26,8,27,9
121,94,3,2,4,2,3,2,4,2
121,95,5,3,5,3,6,2,4,2
121,96,63,11,58,11,43,10,38,10
121,97,40.5,11,38,11,42,11,41,11
121,98,41,11,32,10,28,9,26,8
121,99,33,8,33,9,31,9,33,9
121,100,25,8,25,8,25,8,25,8
121,101,9,3,9,3,7,3,10,3
121,102,2,1,9,3,7,3,5,2
121,103,533,31,543.5,32,517.5,30,526.5,29
121,104,1447.5,30,1460.5,29,1389.5,29,1398,31
121,105,465,28,441,28,474,32,471,31
121,106,100,18,102,18,101.5,19,99,20
121,107,4135,24,4135.5,25,3857.5,25,3741.5,26
121,108,5776,18,5669,18,5576,17,5722.5,17
121,109,1541,33,1563,34,1560.5,33,1577.5,34
121,110,27,9,25,9,20.5,8,22,8
121,111,5,3,8,4,7,4,7,4
121,112,2,1,2,2,2,1,2,1
121,113,19,7,16,7,15,7,12,7
121,114,18,6,18,6,18,5,17,5
121,115,4,1,2,1,2,2,3,2
121,116,7,2,4,2,4,2,9,2
121,117,13,6,15,6,12,6,15,7
121,118,44,13,47,15,45,17,43,15
121,119,444,22,455,23,441,23,419,23
121,120,8,5,8,5,8,5,8,5
121,121,4,1,4,1,4,1,2,1
121,122,4,3,4,3,4,3,6,4
121,123,9,3,7,3,6,2,12,5
121,124,58,6,63,5,64,6,63,5
121,125,9,4,4,2,7,3,5,3
121,126,2,1,1,1,1,1,1,1
121,127,8,2,7,2,3,2,3,2
122,0,80,16,85,16,77,16,81.5,17
122,1,76,14,71,14,72,16,69,17
122,2,6,2,6,2,5,2,5,2
122,3,4.5,2,4.5,2,3.5,1,4,1
122,4,21,7,18.5,6,16.5,5,13,5
122,5,18,6,19,6,17,6,18,6
122,6,22,5,21,6,18,6,20,6
122,7,2,1,2,1,2,1,2,1
122,8,1,1,3,2,3,2,4,2
122,9,9,2,7,2,7,2,5,2
122,10,3,3,2,2,5,3,8,4
122,11,42,8,40.5,6,37.5,6,39.5,8
122,12,7,3,7,3,8,3,9,4
122,13,,,,,,,8,1
122,14,18,4,10,4,11,3,11,3
122,15,21,5,26,6,24,5,20,5
122,16,33,7,30,6,36,5,31,5
122,17,11,2,11,2,13,3,17,4
122,18,19,4,22,4,23,5,24,7
122,19,26,2,30,3,21,3,22,3
122,20,8,4,8,4,7,3,9,4
122,21,6,4,6,4,5,3,5,3
122,23,17,6,22,7,19,7,22,7
122,24,40,8,39,9,40,9,36,9
122,25,66,16,54,15,66,15,61,15
122,26,23,8,22,8,17,6,17,7
122,27,38,6,45.5,8,42,8,44,8
122,28,81,13,77.5,15,77,15,75,15
122,29,27.5,8,28.5,9,29.5,8,25,9
122,30,48,8,47,8,45.5,8,50,8
122,31,15,4,15,4,16,4,16,4
122,32,42.5,12,47,12,43.5,13,57,14
122,33,62,14,64,13,65,14,70,14
122,34,30,9,26,9,27,10,25,11
122,35,53,11,63,11,48,11,56,13
122,36,51,10,47,10,53,10,53,10
122,37,114,11,118,11,117,14,123.5,13
122,38,26,9,31,9,43,9,51,9
122,39,111,16,108,16,104.5,15,110,15
122,40,103,17,100,17,87,16,86,17
122,41,434,32,446,33,427.5,32,437.5,32
122,42,151,19,139.5,20,139,19,128,19
122,43,134,13,128,13,116.5,13,110,14
122,44,62,10,64.5,10,55,10,59,10
122,45,56,10,57,10,61.5,10,48,10
122,46,62,9,64,10,56.5,11,53,11
122,47,55.5,13,62,14,61,14,57,13
122,48,52,9,46,9,40,9,44.5,8
122,49,65,10,69,10,73,9,70.5,9
122,50,25,3,24,4,29,4,25,5
122,51,64,17,57.5,15,68.5,17,71.5,18
122,52,53,13,52,12,58,14,54,13
122,53,41,9,36,9,33,9,28,8
122,54,120.5,18,125.5,19,115,16,112,17
122,55,46.5,16,45.5,15,48,16,48,16
122,56,31,8,29,8,30,7,31,6
122,57,45,12,44,12,41,13,35,12
122,58,34,11,27,9,34,11,31.5,12
122,59,70,20,66,19,65,18,60,17
122,60,46,13,47,13,49.5,14,52,15
122,61,49,16,40,12,46,14,49,14
122,62,43,15,37,15,45,15,40,15
122,63,48,14,39,13,47,12,43,12
122,64,82,24,74,22,81,19,80.5,20
122,65,104,19,101.5,19,98,19,109.5,20
122,66,82.5,20,78.5,20,74,20,86.5,21
122,67,59.5,14,61.5,14,60.5,13,51.5,13
122,68,268.5,21,255,22,262.5,22,273.5,22
122,69,116,10,118,12,125,11,114,13
122,70,102,14,97,15,97,16,95,15
122,71,6,3,6,2,5,3,3,2
122,72,20,6,19,7,18,7,16,7
122,73,18,8,16,8,19,8,22,7
122,74,51.5,9,53.5,9,53.5,10,54.5,10
122,75,129,10,114.5,10,122,10,117,10
122,76,154,14,152,14,158,14,150.5,14
122,77,431.5,14,424,14,441,15,433.5,15
122,78,174.5,15,171,15,159,14,161,15
122,79,34,4,30.5,4,32,5,32.5,5
122,80,54,5,52,5,45,5,46,5
122,81,1027.5,16,1002,16,976.5,16,965.5,17
122,82,53,6,56,6,58.5,6,60,6
122,83,32,6,33,6,34,6,34,6
122,85,1,1,1,1,1,1,1,1
122,86,10,2,11,2,13,3,10,3
122,87,8,3,8,3,10,3,7,3
122,88,71.5,6,60.5,7,59.5,7,69.5,7
122,89,22,3,20,3,24,3,22,3
122,90,5,1,2,1,,,6,1
122,91,126,15,118,15,120,17,110.5,13
122,92,848,28,815.5,27,772,25,744,24
122,93,23,8,23,8,23,7,23,7
122,94,71,13,68,12,59,13,45,11
122,95,20,10,21,10,20,9,21,9
122,96,30,10,33,11,31,11,33,11
122,97,66,17,54,17,50,14,57,16
122,98,121,11,113,12,108,13,108,13
122,99,43.5,12,37.5,10,40.5,10,38.5,9
122,100,18,5,19,5,20,5,22,5
122,101,11,4,13,4,13,4,11,3
122,102,13,3,11,2,11,3,12,3
122,103,139,18,145.5,18,133.5,18,124,17
122,104,443.5,19,424.5,18,432,17,429.5,18
122,105,32,8,38,10,44,10,40,10
122,106,24,11,24,11,20,11,21,9
122,107,488.5,15,466,15,471.5,15,478,15
122,108,417,24,441,23,427,23,434,23
122,109,21.5,9,18.5,8,22.5,8,21,9
122,110,14,6,16,7,17,6,16,8
122,111,10,3,6,2,6,2,9,2
122,112,64,9,63.5,9,85.5,8,75.5,10
122,113,561.5,32,542.5,34,445,31,519.5,33
122,114,9,3,7,3,6,2,7,3
122,115,3,1,3,1,5,2,4,2
122,116,7,3,8,3,9,4,10,5
122,117,7,3,7,3,7,3,6,3
122,118,45,10,42,10,48,11,62,11
122,119,35,17,38,19,40,18,41,19
122,120,13,5,14,5,11,5,15,7
122,121,9,2,13,2,12,3,10,2
122,122,73,19,76,19,72,18,61.5,18
122,123,14,5,12,5,13,5,9,5
122,124,2,1,2,1,2,1,4,1
122,125,10,4,8,3,9,4,7,2
122,126,4,2,3,1,5,2,5,2
122,127,3,2,3,2,3,2,1,1
123,0,69,12,67,12,55.5,11,60.5,11
123,1,39.5,12,45,12,48,12,49,12
123,2,39.5,13,46.5,13,42.5,12,42.5,12
123,3,84,15,83,14,98,13,108,16
123,4,41,11,39,11,31,10,31,10
123,5,20,5,21,5,25,6,26,6
123,6,11,4,11,4,11,3,13.5,3
123,7,6.5,2,6.5,2,6,2,6,2
123,9,14,4,17,4,19,4,16,4
123,11,12,4,12,4,11,3,17,4
123,12,,,,,,,2,1
123,13,23,2,19,2,18,1,17,1
123,14,13.5,4,12,3,13,3,11,2
123,15,318,23,303,22,303,23,312,23
123,16,26,6,22,5,17,4,17.5,5
123,17,25,6,23,6,19,5,21,6
123,18,15,2,16,2,15,2,15,2
123,19,3,2,2,1,2,1,2,1
123,20,,,,,,,1,1
123,21,1,1,1,1,1,1,,
123,22,2,1,2,1,2,1,2,1
123,23,30,8,31,8,31.5,9,31,9
123,24,22,6,20,5,23,7,25,6
123,25,44,11,50.5,11,48,10,43,11
123,26,325,14,317.5,14,288,15,290.5,15
123,27,54,13,55,13,41,11,51,13
123,28,13,3,15,3,16,3,12,3
123,29,43,10,48,10,49,10,43,10
123,30,7,2,8,2,8,2,8,2
123,31,170,20,154.5,20,162,20,174,19
123,32,65,14,66.5,14,58,14,61,14
123,33,48.5,12,53.5,11,55,12,56,12
123,34,71,14,63,14,64,11,59,13
123,35,15,7,18,9,17,8,14.5,8
123,36,76,12,84.5,11,87.5,12,96,12
123,37,32,11,32,11,34,10,37,10
123,38,99.5,9,96.5,9,93.5,8,90,8
123,39,39,12,34,9,38,10,33.5,10
123,40,110.5,20,100.5,20,103.5,18,104.5,19
123,41,45,10,42,10,39,10,37,10
123,42,32,6,25,7,25,7,28.5,7
123,43,183.5,17,178.5,19,177,18,173,19
123,44,111.5,17,113,17,107,17,99,17
123,45,35,8,37.5,8,33.5,8,33.5,7
123,46,88,16,87,16,80,15,82,14
123,47,17,5,11.5,4,11.5,4,12,4
123,48,31.5,10,32.5,11,31,13,36,14
123,49,49,10,39,10,44,10,47,10
123,50,32,13,35,15,39,14,39,14
123,51,33,10,35,10,26,9,31,9
123,52,80,19,66,18,70,17,66,16
123,53,79,22,83,22,74,20,77.5,20
123,54,147.5,30,145,29,139,29,147,30
123,55,84.5,20,86,20,79,19,87.5,20
123,56,45,12,48,12,46,11,59,13
123,57,62,12,62,13,57,10,60,13
123,58,71,19,66.5,19,56,17,58,19
123,59,271.5,25,263.5,26,268.5,28,280,27
123,60,50,16,52,15,48,14,46,15
123,61,63,18,56.5,17,50,15,45.5,16
123,62,200,25,194,25,193.5,23,190,24
123,63,86.5,15,88,15,83,15,75,16
123,64,32,12,31,11,28,10,26,9
123,65,49.5,15,54,15,49,15,47,15
123,66,57,14,61,14,54,14,50.5,13
123,67,40,14,47,14,37,13,48,14
123,68,78.5,18,74.5,17,81.5,19,74.5,18
123,69,86,19,92,21,91,19,92,19
123,70,27,11,27,10,30,11,28,9
123,72,15,4,15,4,15,4,15,4
123,73,14.5,4,15,4,11,3,15,5
123,74,107.5,6,101,6,102,6,92,6
123,75,105.5,8,106.5,7,95,8,93,8
123,76,2,1,2,1,1,1,1,1
123,77,9,3,8,3,8,3,12,3
123,78,1,1,,,,,,
123,79,4,2,3,2,3,2,2,1
123,80,4,1,4,1,3,1,2,1
123,81,4,2,4,2,4,2,5,2
123,82,21.5,5,14,4,12,3,15,3
123,83,40,8,40,8,35,7,36,8
123,84,2,1,2,1,2,1,2,1
123,85,255,11,251,11,240.5,11,240.5,11
123,86,2,1,2,1,4,1,4,1
123,87,2,1,1,1,1,1,1,1
123,88,4,1,4,1,4,1,4,1
123,89,8,3,6,3,6,3,5,3
123,90,7,2,8,3,8,3,6,3
123,91,5,3,5,3,6,4,5,3
123,92,55,7,54,8,54,9,53,9
123,93,56,9,55.5,10,56.5,8,53,8
123,94,14,4,17,4,16,4,15,4
123,95,523.5,17,486,17,507,16,483.5,16
123,96,540,28,538.5,28,522,26,512.5,26
123,97,64,14,64,14,63,13,66,14
123,98,44,13,39,11,44,12,45,11
123,99,44,8,33,8,35,9,39,9
123,100,14,7,11,6,12,6,12,6
123,101,4,2,3,1,3,1,3,1
123,102,60.5,7,57,7,56,8,51,8
123,103,184,11,183.5,11,194,11,198,12
123,104,336.5,33,367.5,34,367.5,33,349.5,32
123,105,13,4,18,5,22,6,18.5,5
123,106,8,3,7,3,7,3,5,3
123,108,242,13,241.5,13,221.5,13,203,13
123,109,8,3,8,3,8,3,6,2
123,110,4,2,3,2,2,1,2,1
123,111,31,6,28,5,28,5,26,6
123,112,23,8,23,10,24,12,23,12
123,113,28,11,23,11,25,14,20,14
123,114,11,5,10,5,8,4,14,6
123,116,12,7,9,6,12,7,11,7
123,117,5,3,5,3,7,4,9,5
123,118,61,19,63,17,64,19,67,19
123,119,12,7,12,7,11,5,11,5
123,120,271.5,26,259.5,26,272.5,24,276.5,27
123,121,30,9,29,8,31,11,29,8
123,122,316.5,12,316.5,12,302,12,293,12
123,123,65,4,63.5,4,72,4,74,4
123,124,9,5,10,5,7,3,6,3
123,125,14,4,15,5,18,4,16,5
123,126,11,4,11,4,8,3,7,3
123,127,18,5,27,9,21,8,21,7
124,0,37,9,34,10,38,12,30,12
124,1,27.5,9,27.5,9,32,10,33,12
124,2,51,12,47,12,56,12,53.5,12
124,3,154,16,141.5,16,142.5,16,151.5,20
124,4,21,8,29,9,34,9,30,9
124,5,57,12,67,12,60.5,10,60,11
124,6,28,8,25.5,8,25.5,7,26.5,7
124,7,13,5,12,5,15,5,22,7
124,10,7,2,9,2,5,1,6,1
124,11,79,16,77,17,64,15,64,15
124,12,14,2,17,3,17,4,15,3
124,13,4,2,4,2,3,2,2,2
124,14,17,5,12,4,14,5,11,5
124,15,36,3,30,4,34,4,29,3
124,17,,,2,1,3,1,1.5,1
124,19,71.5,9,65,9,59,8,60,10
124,21,39,7,35,6,33,7,35,7
124,22,17,6,19,5,15,6,16,6
124,23,47,9,45.5,9,39.5,7,40,9
124,24,3,1,3,1,3,1,3,1
124,25,52,12,53,12,48,12,45.5,13
124,26,28.5,12,29,12,24,11,27,12
124,27,52,13,44,14,46,12,47,13
124,28,63,13,65,12,70,14,67,13
124,29,50,10,47,10,49,9,52,10
124,30,29,7,26,6,27,6,27,7
124,31,73,15,75,14,77,15,81,15
124,32,34,7,43,7,44.5,8,35,8
124,33,65,13,61,13,62,13,63,13
124,34,81,13,85,12,84,14,80,14
124,35,6,2,6,2,3,2,6,3
124,36,155.5,25,161,23,164,23,169.5,25
124,37,47,12,37.5,12,35,11,27,11
124,38,255.5,26,249.5,25,241.5,26,233.5,27
124,39,57,10,60.5,10,62.5,8,47.5,9
124,40,29,7,27,7,20,7,26,7
124,41,217.5,25,217,24,218.5,25,230,24
124,42,84,17,82,18,80,18,79,18
124,43,194,12,197,12,192,11,198.5,11
124,44,63,12,68.5,12,62.5,12,61.5,12
124,45,56,8,56,8,54,8,52.5,8
124,46,38,11,28,9,30.5,11,25,12
124,47,128.5,23,138.5,23,143,25,137.5,23
124,48,47,11,47,11,41,11,44,11
124,49,54,13,55.5,13,61.5,11,58.5,11
124,50,30,11,32,11,32,10,33,10
124,51,403,27,402,25,386.5,25,372.5,25
124,52,70.5,16,65.5,17,74.5,16,74,18
124,53,10,6,9,5,8,5,7,5
124,54,52,16,54,17,58,19,61.5,21
124,55,50,17,41,15,45,17,50,17
124,56,32,9,32,10,34,10,36,11
124,57,49,16,46,15,61,17,56,16
124,58,39,13,44,12,42,13,47.5,13
124,59,76,23,72,23,69,20,53,16
124,60,39,12,40,12,44,12,32,10
124,61,39,10,37,10,38.5,10,27.5,10
124,62,49,12,50,11,52,11,50,11
124,63,511,32,510.5,33,512.5,32,495,32
124,64,278,32,257.5,30,255.5,33,251.5,31
124,65,120,21,122,21,124,23,133,22
124,66,61,17,60,18,67,16,72,16
124,67,70,16,65,15,75.5,17,75,17
124,68,54,16,50,15,45,18,52,19
124,69,60,15,55,15,53,15,52,14
124,70,19,8,18,8,18,8,16,8
124,71,38,12,34,12,37,13,32,10
124,72,18,8,18,8,20,8,13,6
124,73,47.5,13,42,12,42,13,44,11
124,74,9,5,11,5,7,4,8,3
124,76,75,9,64,8,67.5,7,66.5,7
124,77,154,10,150,10,153,11,148,10
124,78,77,8,79,7,81,7,78.5,8
124,79,146,18,164,18,165,15,157,16
124,80,7,1,7,1,9,1,9,1
124,81,7,3,6,3,6,3,9,3
124,82,165.5,7,143,7,137,8,132,7
124,83,11,3,11,3,11,3,8,3
124,84,7,2,9,3,9,3,9,3
124,85,6,2,6,2,5,1,3,1
124,86,17,5,20,6,12,4,12,4
124,88,5,1,4,2,6,2,5,2
124,89,75,8,90,8,78,8,84.5,6
124,90,6,2,6,2,6,2,5,3
124,91,7,3,7,3,10,4,8,3
124,92,79,12,82,13,75,14,71.5,11
124,93,15,7,15,7,9,5,10,6
124,94,35,12,35,11,39,12,36,10
124,95,213,25,194,24,203.5,23,218.5,24
124,96,27,6,24,6,21,6,18,6
124,97,30,12,25,11,26,11,28,10
124,98,19,6,23.5,6,24,6,25,6
124,99,3,2,2,2,2,2,2,2
124,100,33,6,31,6,30,5,27,5
124,101,22,10,18,10,20,9,23.5,7
124,102,322,20,312.5,21,281.5,21,284,21
124,103,259.5,16,238,17,237.5,17,250.5,18
124,104,31,8,31,9,33,10,34,10
124,105,23,7,27,8,18,7,18.5,8
124,106,2,1,2,1,2,1,2,1
124,107,1,1,3,1,,,2,1
124,108,26,7,26,6,18,6,16,5
124,109,12,6,14,6,17,6,14,4
124,110,183,19,163,16,175.5,19,180,20
124,112,8,3,5,2,54,3,1,1
124,113,,,4,1,4,1,4,1
124,114,6,3,8,3,7,3,7,2
124,115,6,3,5,2,7,4,3,2
124,116,15,5,15.5,7,12.5,7,14.5,7
124,117,681.5,28,680,29,666,28,681.5,26
124,118,295,14,319.5,15,309.5,15,328,15
124,119,24,7,24,8,23,8,19,7
124,120,34,11,33,10,40,11,39,10
124,121,10,6,15,6,10,5,10,5
124,122,5,2,5,2,5,2,6,3
124,124,14,6,15.5,5,18,6,17,5
124,125,118.5,15,113,16,109.5,15,105,15
124,126,931,34,886,32,932.5,30,900.5,30
124,127,73,19,81,20,75,20,70.5,17
125,0,10,3,9,3,13,3,9,3
125,1,35,8,27,7,28,7,40,7
125,2,143,25,126.5,25,124.5,24,132.5,24
125,3,138.5,15,124.5,15,118.5,16,123,16
125,4,25,10,25,11,25,11,28,11
125,5,838.5,32,806.5,32,824,32,809,30
125,6,376.5,31,358.5,30,332.5,30,367,31
125,7,7,1,1,1,2,1,3,1
125,8,19,3,19,3,25,3,28,3
125,9,14,3,13,3,11,3,12,3
125,10,6,2,6,2,6,2,6,2
125,11,5,1,4,1,3,2,4,2
125,12,3,1,4,1,3,1,1,1
125,13,14,6,25,7,21,7,16,8
125,14,25,7,25,8,22,7,29,6
125,16,10,3,12,4,15,4,13,5
125,17,13,5,12,4,10,4,13,4
125,18,5,3,8,3,9,3,9,3
125,19,6,1,8,1,6,1,6,1
125,20,26,6,31,6,20,5,18,4
125,21,10,2,9,2,9,2,9,2
125,22,7,3,13,4,15,5,16,5
125,23,14,6,15,7,15,7,15,7
125,24,16,6,16,5,12,5,12,5
125,25,1,1,2,2,5,4,5,3
125,26,48,8,49,8,52,8,54,7
125,27,37,10,48,12,50,12,44,12
125,28,43,6,44,6,44,6,44,6
125,29,37,8,33,8,40.5,7,43,7
125,30,37,10,38,10,40,11,39,11
125,31,41,9,39,9,38,9,30,8
125,32,57,14,55,15,46,16,45.5,16
125,33,19,8,20,8,19,7,18,7
125,34,45,9,53,9,48,10,48.5,10
125,35,41,7,45,7,42,7,49,8
125,36,670,21,676.5,22,662,23,640,22
125,37,49,15,49.5,15,42,14,54.5,17
125,38,55,14,43.5,13,50.5,14,47.5,13
125,39,67,13,70,14,70,14,67,13
125,40,23,5,21,5,24,7,23,7
125,41,68,12,69,12,66,12,61.5,11
125,42,41,12,42,13,45,13,45,13
125,43,80.5,15,94.5,15,91.5,14,81.5,14
125,44,51.5,6,52.5,5,53.5,6,59.5,6
125,45,26,10,31,10,31.5,10,32.5,10
125,46,33,11,32,11,33,11,29,11
125,47,25,7,23,7,24,9,32,10
125,48,382.5,22,372,22,377.5,21,367.5,22
125,49,72,19,74,19,68,19,66,18
125,50,21,6,16,6,15,6,13,5
125,51,33,11,30,11,33,12,34,11
125,52,47,9,48,9,44,8,47,8
125,53,25,11,24,12,28,13,26,14
125,54,87,22,78,22,79,23,86,22
125,55,62,22,61,23,62,24,57,20
125,56,89,24,79,24,79,23,86,23
125,57,39,10,38,10,28,9,31,9
125,58,210,21,206,23,213,21,192.5,22
125,59,74,12,68,11,77,11,81,13
125,60,65,17,53,15,54,14,47,13
125,61,49,12,52,12,56,12,47,12
125,62,100,20,100,21,97,23,95.5,23
125,63,1487,43,1457,42,1439,41,1420.5,41
125,64,2811.5,38,2766,40,2732,37,2745.5,37
125,65,513.5,30,512,29,505.5,30,524.5,30
125,66,85,19,81.5,19,81.5,19,77,18
125,67,159,22,169.5,22,158.5,23,164.5,25
125,68,202.5,19,199.5,19,187,18,171.5,20
125,69,120,25,111.5,25,107.5,24,105.5,24
125,70,30,5,26,5,24,5,26,5
125,71,36,13,29.5,12,26.5,12,26.5,11
125,72,369,19,349.5,18,354,19,340.5,18
125,73,27,10,26,10,30,10,29,10
125,74,20,5,19,5,17,5,18,6
125,75,626,19,604.5,19,600,18,592.5,18
125,76,191.5,6,201,6,171,6,165,6
125,77,6,2,6,2,6,2,6,2
125,78,17,6,15,6,19,6,16,6
125,79,86,6,83,8,66.5,8,69.5,9
125,80,2.5,1,2,1,2,1,2,1
125,81,6,2,6,2,5,2,5,2
125,82,76.5,8,85.5,8,77,7,73,7
125,83,12,5,13,5,12,5,12,5
125,84,141,9,144,9,137,9,140,9
125,85,9,3,11,3,11,3,9,3
125,86,34,5,40,5,42.5,5,40.5,6
125,87,12,5,9,5,11,5,11,5
125,88,6,1,6,1,8.5,1,5.5,1
125,89,280,14,270,14,254,14,245,14
125,90,6,2,8,3,10,4,10,4
125,91,77,6,79,7,65,8,69,9
125,92,40,8,39,7,35.5,6,41.5,8
125,93,10,5,11,5,13,5,13,5
125,94,53,11,54,11,53,10,50,9
125,95,155.5,18,145,16,142,16,137.5,18
125,96,16,4,13,4,10,3,10,4
125,97,29,11,27,9,36,11,36,13
125,98,523,34,531.5,34,517,34,508.5,35
125,99,4,2,4,2,2,1,2,1
125,100,5,4,4,3,3,2,5,4
125,101,120,15,117,15,111,13,128,13
125,102,606,23,595.5,21,565.5,20,541,21
125,103,230.5,23,246,23,240,22,231.5,21
125,104,7,4,7,4,7,4,7,4
125,105,20,6,19,6,15,6,10,5
125,106,5,3,5,3,5,3,4,2
125,107,2,1,3,1,3,1,,
125,108,5,3,5,3,4,4,3,3
125,109,4,2,4,2,3,2,2,1
125,110,15,7,11.5,5,12,6,12,6
125,111,7,3,6,3,8,4,8,4
125,112,4,2,4,2,4,2,4,2
125,113,25,3,27,3,28,4,25,4
125,114,11,5,14,5,19,7,15,6
125,115,3,2,1,1,2,2,3,2
125,116,9,3,8,3,9,4,10,5
125,117,4,2,8,3,8,3,13,4
125,118,23,4,22,4,24,4,22,4
125,119,6,2,3,1,3,1,3,1
125,120,6,3,8,4,5,3,5,3
125,121,4,1,4,1,5,2,1,1
125,122,,,,,1,1,1,1
125,123,4,3,7,3,7,3,8,3
125,124,8,3,6,2,4,2,3,2
125,125,7,4,8,3,9,4,2,2
125,126,8,3,10,4,8,3,5,2
125,127,13,4,12,4,12,4,13,4
126,0,6,3,3,2,4,2,6,3
126,1,34,11,39,11,37,11,39,12
126,2,183,27,194,27,179.5,28,180,28
126,3,30,11,29,10,34,10,35,12
126,4,9,3,8.5,3,9.5,3,9.5,3
126,5,456,31,446,33,473.5,33,520,36
126,6,215.5,16,218,16,213,16,202.5,17
126,7,4,1,5,1,5,1,5,1
126,8,8.5,3,8.5,3,9.5,3,12.5,3
126,9,19,7,16,7,14,6,14,6
126,10,3,3,8,3,5,3,10,4
126,11,15,3,15,3,13,3,12,3
126,12,15,3,14,3,16,4,21,3
126,13,40,12,45,11,47,12,51,12
126,14,73.5,15,76,16,71.5,14,63.5,14
126,15,12,4,10,4,8,3,10,4
126,16,27,6,26,5,22,6,21,6
126,17,54,8,52.5,8,58,7,63.5,8
126,18,17,4,21,5,19,5,16,4
126,19,18,6,18,6,17,5,22,5
126,20,2,1,3,2,5,3,5,3
126,21,66,10,70,10,70,10,73,10
126,22,12,4,12,4,15,5,20,7
126,23,18.5,4,19,4,17,4,18,4
126,24,5,3,7,2,9,3,10,5
126,25,58,11,55,10,57,10,55,10
126,26,44.5,7,45,8,43.5,8,44.5,8
126,27,20,6,18,6,14,5,16,5
126,28,47,10,49.5,12,49,12,55.5,12
126,29,59,7,61,9,66,10,66,11
126,30,14,5,16,6,16,6,12,5
126,31,45,9,44,9,46,9,41,9
126,32,75,17,83,18,67,17,78,18
126,33,60,10,53,10,47.5,10,53,10
126,34,101,20,106,22,106,21,112,22
126,35,530.5,28,516.5,27,538.5,28,527,26
126,36,144.5,24,132,25,129.5,23,131.5,23
126,37,48,10,46,10,41,10,46.5,10
126,38,26,10,24,9,20,10,25,11
126,39,39,7,34,7,31,7,37,7
126,40,62,13,66,15,66,14,63,14
126,41,48,9,53,8,52,8,48.5,9
126,42,43,12,43.5,12,46,12,47,13
126,43,45,11,47,11,42,10,47,10
126,44,42,10,42,10,40,10,38,10
126,45,118.5,6,116,7,133.5,7,125,8
126,46,23,6,28,6,27.5,6,31,7
126,47,19,5,18,4,22,5,21,5
126,48,53,11,53,11,55,12,56,11
126,49,78,20,78,23,92,25,86,23
126,50,30,10,29,9,31,10,24,10
126,51,16,6,17,8,16.5,8,20,7
126,52,28,8,25,8,26,8,29,9
126,53,45,15,36,16,32,14,29,13
126,54,59,22,56,22,57,21,67,23
126,55,21,8,19,7,19,8,15.5,8
126,56,45,14,42,14,39,14,34,14
126,57,48,10,38,9,37,8,37,8
126,58,51,14,50,14,51,15,52,15
126,59,71,12,80,13,76,12,79.5,13
126,60,94.5,14,91,14,91,14,83.5,14
126,61,93.5,22,95,22,95.5,23,94,22
126,62,251.5,26,238.5,27,222.5,29,209.5,29
126,63,250,26,239.5,25,222,26,228,27
126,64,578.5,33,580,36,604.5,35,583.5,37
126,65,155,22,120,20,129,21,128,23
126,66,160,16,163,16,163.5,17,155.5,16
126,67,41,15,48,16,43.5,16,42.5,16
126,68,186,32,188,32,176,32,171,29
126,69,39,17,34,15,36.5,17,41.5,17
126,70,18,6,18,6,14,5,13,5
126,71,7,3,7,3,5,3,5,3
126,72,169.5,21,174.5,21,173,21,164,21
126,73,77.5,15,70.5,16,62.5,16,62.5,16
126,74,2,1,3.5,1,3.5,1,1.5,1
126,75,27,4,21,4,19,4,20,4
126,76,109.5,9,101.5,9,97,9,91,9
126,77,20,7,19,7,23,7,18,7
126,78,111,8,107,8,90,8,79,10
126,79,17,5,13,3,14,4,15,5
126,80,20,6,18,6,16,6,21,7
126,81,11,4,10,4,7,3,8,4
126,82,11,5,12,5,9,3,5,2
126,83,27,8,26,8,25,9,24,9
126,84,17,7,15,8,19.5,8,15.5,9
126,85,5,2,8,2,9,2,8,2
126,86,4,2,4,2,4,2,1,1
126,87,17,4,17,4,17,4,17,4
126,88,1,1,1,1,1,1,1,1
126,89,19,4,18,4,18,3,25,3
126,90,16,5,18,4,15,6,18,6
126,91,18,6,16,6,15,5,15,5
126,92,10,4,10,3,9,3,10,4
126,93,36,9,35,8,26,8,31.5,8
126,94,43.5,8,41.5,8,40,8,39,8
126,95,16,5,14,5,16,5,15,5
126,96,25,7,30,7,29,7,25.5,7
126,97,5,3,6,4,4,3,6,4
126,98,59,16,49,15,51,16,48,15
126,99,13,5,11,5,17,6,15,6
126,100,58,14,65,14,61,14,63.5,15
126,101,7,3,5,3,5,3,5,3
126,102,893.5,31,921,29,860,32,879,34
126,103,15,4,14,5,13,4,12,4
126,104,10,4,10,4,8,3,10,4
126,105,17,6,24,7,17,7,17,8
126,106,6,3,6,3,7,3,9,3
126,107,5,1,4,1,,,,
126,108,10,4,10,4,6,3,6,3
126,109,4,2,3,2,5,3,3,2
126,110,13,6,11,6,10,7,9,7
126,111,15,5,16,5,13,4,15,5
126,112,18,7,17,7,19,8,18,8
126,113,550,17,524,16,514,16,505,16
126,114,28,7,39,8,38,7,40,8
126,115,13,5,11,4,9,4,8,3
126,116,8,3,9,2,6,3,1,1
126,117,369,15,371,13,361,13,346,14
126,118,176,12,180,12,185,11,179.5,11
126,119,2,1,2,1,2,1,2,1
126,120,16,6,19,8,16,7,18,7
126,121,4,1,4,1,2,1,2,1
126,122,308,19,323.5,19,312.5,20,318.5,19
126,123,126.5,9,119,10,118.5,10,123.5,10
126,124,2,1,5,2,7,2,6,2
126,125,5,1,8,2,6,2,5,2
126,126,9,5,8,4,8,4,7,3
126,127,15,5,15,7,17,7,9,5
127,0,28,8,20,8,27,8,26,9
127,1,23,4,22,4,20,4,20,4
127,2,21.5,7,29,8,33,6,30,5
127,3,26.5,6,35,7,25,7,23,6
127,4,25,6,21,6,18,6,24,6
127,5,18,5,21,5,20,4,18,4
127,6,13,2,18,3,15,3,13,3
127,7,68,15,78.5,15,71,15,67.5,15
127,8,11,2,12,2,9,2,12,2
127,9,23,8,25,8,24,7,24,7
127,10,1,1,1,1,,,1,1
127,12,35.5,10,30.5,10,33,11,28,10
127,13,19,5,16,5,19,6,19,6
127,14,11,3,7,4,10,4,9,4
127,15,7,4,10,4,11,4,16,5
127,16,,,,,1,1,3,2
127,17,9,2,9,2,9,2,8,2
127,18,24,7,15,6,16,7,17,8
127,19,30,11,34,10,31,10,33.5,10
127,20,33,7,31,7,27,6,28,7
127,21,22,8,22,8,19,8,12,7
127,22,9,4,8,4,7,3,7,3
127,23,31.5,4,28.5,4,25,4,46.5,5
127,24,38,8,38,8,34,8,35,8
127,25,24,4,23,4,26.5,4,21,4
127,26,23,5,24,6,23,6,20,6
127,27,121.5,13,115,14,105.5,15,93,15
127,28,155,15,148.5,15,146,14,158.5,16
127,29,308,31,294.5,31,303,31,300,31
127,31,56,11,54,10,49,10,51.5,10
127,32,56,14,66,15,62.5,15,61.5,16
127,33,74,14,79.5,16,75.5,16,74,16
127,34,42,11,39,10,42,12,43,13
127,35,80,12,80,12,75,13,78,14
127,36,78,16,77,16,72,16,80,15
127,37,48,7,49,7,45,7,49,7
127,38,67,13,69,14,66,15,64,14
127,39,217,19,204,19,200.5,20,224.5,21
127,40,46,8,52.5,9,57.5,9,52,8
127,41,258.5,19,256.5,20,254,20,250,18
127,42,134,10,154,12,149,12,153,12
127,43,28,8,24,7,24.5,7,25,7
127,44,82,16,82,16,90,15,98,13
127,45,21,10,23,10,23,9,25,9
127,46,40,8,28,8,28.5,9,36.5,10
127,47,19,6,17,6,17,6,17,6
127,48,41,9,37,9,29,9,34,8
127,49,37,11,41,12,35,11,36,10
127,50,35,9,28,9,34,10,38,10
127,51,153,15,157.5,15,152.5,12,158,12
127,52,22,8,26,9,24,9,29,9
127,53,15,5,16,5,17,6,18,5
127,54,90,20,86,17,92,18,83.5,20
127,55,51.5,13,52,12,47,13,57,14
127,56,46,13,40,13,39,11,34,10
127,57,72,23,69,23,60,21,66,20
127,58,35.5,11,43,12,37,10,33,10
127,59,22,10,22,11,22,11,24,12
127,60,36,13,30,11,32,11,29,11
127,61,43,12,32,10,27,10,40,11
127,62,89,18,84,19,82,19,83.5,20
127,63,11,5,15,5,11,5,11,5
127,64,320.5,19,314.5,18,289,18,288.5,19
127,65,81,16,89,16,80,13,81,12
127,66,71,15,72,15,67,11,55.5,12
127,67,24,8,20,8,21.5,7,24.5,8
127,68,224,26,214.5,28,218.5,28,206.5,29
127,69,15,9,12,8,13,9,13,9
127,70,39,10,33,9,32,8,32,8
127,71,26,7,24,7,19,6,16,7
127,72,24,8,23,8,15,7,15,7
127,73,18,9,18.5,10,16.5,9,19,9
127,74,43,9,45,9,44,8,43,9
127,75,29,7,29,7,31,5,28,5
127,76,95.5,20,102,20,105.5,21,108.5,22
127,77,6,2,6,2,7,2,6,2
127,78,14,3,11.5,3,11.5,2,18,2
127,79,92,20,87,21,86,20,69.5,20
127,80,82,10,71,10,78,10,79,9
127,81,17,6,11,5,12,6,9,5
127,82,12,4,7,3,8,3,5,3
127,83,114.5,13,106,13,93.5,12,94,12
127,84,2429,34,2426.5,33,2273.5,29,2251,28
127,85,336.5,10,334.5,10,327.5,10,324,10
127,86,927.5,14,911.5,15,886.5,13,829.5,13
127,87,6,2,6,2,6,2,5,2
127,88,44,6,45,6,41,6,42,6
127,89,77,7,80.5,8,76.5,8,71,8
127,90,1,1,1,1,1,1,1,1
127,91,2,1,3,1,3,1,2,1
127,92,4,2,4,2,4,2,4,2
127,93,16,5,13,5,13,4,18,4
127,94,5,2,5,2,2,1,2,1
127,95,14,4,14,4,10,3,11,3
127,96,19,4,22,4,23,4,24,4
127,97,205,17,196,17,211,18,204.5,18
127,98,30,6,30,6,30,6,30,6
127,99,19,4,17,3,15,3,16,4
127,100,448.5,27,428,26,404,27,420,27
127,101,294,13,285,14,305.5,13,307,14
127,102,160,28,168,31,148.5,29,153.5,28
127,103,46,15,52,17,52.5,18,59,18
127,104,6,2,5,2,5,2,8,2
127,105,11,5,10,5,11,5,12,5
127,106,2,1,2,1,2,1,2,1
127,107,1,1,1,1,1,1,1,1
127,108,34,10,31.5,10,35.5,9,41,10
127,109,694,22,708.5,20,697,21,696,21
127,110,7,3,4,2,4,2,3,2
127,111,8,4,7,4,6,3,6,3
127,112,13,5,13,5,10,5,10,5
127,113,45,7,46.5,8,44.5,7,48,8
127,114,35,6,31,7,34,6,29,6
127,115,2,1,2,1,2,1,2,1
127,116,4,2,4,2,3,1,5,1
127,117,9,3,12,4,12,4,9,3
127,118,4,2,2,1,,,1,1
127,119,11,3,11,3,9,2,6,2
127,120,1,1,1,1,,,,
127,121,3,2,5,2,9,3,6,3
127,122,56,9,60,10,61,9,62,10
127,123,72,8,73,8,80,7,89,7
127,124,6,3,4,2,6,3,6,3
127,125,4,2,4,2,4,2,6,3
127,126,6,3,6,3,5,3,3,2
127,127,13,4,11,4,15,4,10,4
