x,y,imputed,ind,ind_0_3,ind_11_17,ind_18_24,ind_25_39,ind_40_54,ind_4_5,ind_55_64,ind_65_79,ind_6_10,ind_80p,ind_inc
76,23,1,12,0.7,0,0,1.7,1,0.3,1.4,3.8,0,3.1,0
77,23,1,1,0.1,0,0,0.1,0.1,0,0.1,0.3,0,0.3,0
21,61,1,1,0,0.1,0,0.2,0.2,0,0.3,0.2,0,0,0
73,23,1,2,0.1,0,0.2,0.1,0.6,0,0.1,0.5,0,0.3,0.1
56,61,1,7,0.2,0,0.2,0.2,1.5,0,0.4,2.3,0.4,1.1,0.7
44,61,1,2,0,0.1,0.1,0.4,0.5,0,0.3,0.5,0,0.1,0
64,61,1,2,0,0,0.1,0.1,0.4,0,0.1,0.7,0.1,0.3,0.2
100,61,1,1,0,0.1,0.1,0.2,0.2,0,0,0.3,0,0.1,0
111,80,1,7,0.4,0,0,1.6,0.7,0,0.7,2.9,0.5,0.2,0
65,23,1,1,0,0.1,0,0.2,0.3,0,0.1,0.1,0.1,0.1,0
125,109,0,30,1,3,4,5,7,0,2,6,2,0,0
48,104,1,12,0.2,0.5,0,1.5,1.8,0,1.5,3,1,2.5,0
108,109,1,5,0.4,0,0.2,0.9,0.6,0.1,0.7,1,0.2,0.9,0
75,104,1,4,0.1,0.3,0.1,0.5,0.5,0,0.6,1.1,0.5,0.3,0
46,104,1,2,0,0.1,0,0.2,0.3,0,0.3,0.5,0.2,0.4,0
108,26,1,1,0,0.1,0,0.1,0.2,0,0.2,0.1,0.1,0.1,0.1
106,79,1,8,0.4,0.5,0.2,1.3,0.9,0.2,1,2.1,0.5,0.9,0
66,23,1,6,0.1,0,0.6,0.4,1.8,0,0.4,1.6,0.1,0.9,0.1
81,109,1,1,0,0,0.1,0.2,0.1,0,0.2,0.3,0,0.1,0
78,109,1,5,0,0.2,0.3,0.9,0.4,0.1,0.9,1.6,0.2,0.3,0.1
126,104,1,1,0.1,0.1,0,0.2,0.2,0,0.1,0.2,0,0.1,0
39,10,0,29,0,0,3,2,6,0,5,5,0,7,1
116,26,1,4,0,0.3,0.2,0.3,1.1,0,0.6,0.6,0.2,0.7,0
107,79,1,4,0.2,0.3,0.1,0.7,0.4,0.1,0.5,1,0.3,0.4,0
109,104,1,2,0.1,0,0.1,0.4,0.2,0,0.3,0.4,0.1,0.4,0
38,10,1,11,0.5,0.7,0.2,0.9,2.7,0.5,2.2,2,0.2,1.1,0
102,80,1,24,0.2,1.6,1,2.1,3.6,0.3,4.7,7.6,0.5,1.6,0.8
127,112,0,23,0,2,1,4,3,2,6,1,2,2,0
88,50,1,4,0,0,0.3,0.4,0.5,0.2,0.5,1.3,0,0.8,0
23,50,0,37,0,3,1,3,9,0,7,13,0,1,0
102,14,1,2,0,0.1,0.1,0.3,0.4,0.1,0.2,0.3,0.2,0.3,0
22,50,0,69,1,5,4,6,13,1.5,12,16,0.5,8,2
126,112,0,41,0,6,3,5,8,0,3,8,4,4,0
109,110,1,3,0.2,0,0.1,0.6,0.3,0.1,0.4,0.6,0.1,0.6,0
94,14,1,1,0,0,0,0,0.2,0,0.3,0.2,0,0.3,0
107,26,1,1,0,0.1,0,0.1,0.2,0,0.2,0.1,0.1,0.1,0.1
120,104,1,2,0.1,0.1,0.1,0.2,0.3,0,0.4,0.5,0,0.2,0.1
108,110,1,8,0.5,0,0.4,1.4,0.9,0.2,1.1,1.6,0.4,1.5,0
112,80,1,7,0.4,0,0,1.6,0.7,0,0.7,2.9,0.5,0.2,0
127,109,1,3,0.1,0.2,0.1,0.6,0.4,0,0.3,0.6,0.4,0.2,0.1
115,26,1,2,0,0.3,0,0.1,0.6,0,0.2,0.5,0.1,0.1,0.1
78,104,1,1,0,0,0.1,0.2,0.1,0,0.2,0.3,0,0.1,0
102,79,1,2,0,0.1,0.1,0.2,0.3,0,0.4,0.6,0.1,0.1,0.1
65,104,1,2,0,0.1,0.1,0,0.1,0,0.7,0.8,0,0.2,0
48,80,1,1,0,0.1,0,0.1,0.2,0,0.2,0.2,0.1,0.1,0
49,104,1,2,0,0.1,0,0.2,0.3,0,0.3,0.5,0.2,0.4,0
24,50,1,28,0.5,2,1.5,2.5,5.5,0,5.5,2.5,3,5,0
91,80,1,4,0.1,0.2,0.4,0.3,1.2,0.1,0.8,0.2,0.2,0.5,0
106,26,1,5,0.2,0.6,0.2,0.7,1,0,0.7,0.6,0.3,0.4,0.3
101,122,1,9,0.4,0.7,0.7,1.3,2.2,0.4,0.9,1.3,0.2,0.9,0
102,122,1,8,0.4,0.6,0.6,1.1,1.9,0.4,0.8,1.2,0.2,0.8,0
44,73,1,3,0.1,0,0,0.3,0.1,0.1,1.1,0.7,0.1,0.5,0
18,56,1,1,0,0.1,0,0.2,0.2,0,0.3,0.2,0,0,0
92,73,1,5,0.1,0.4,0.1,0.5,0.9,0.2,1,1.2,0.4,0.2,0
113,80,1,3,0.2,0,0,0.7,0.3,0,0.3,1.2,0.2,0.1,0
95,3,1,10,0.4,1.1,0.6,1.7,1.7,0.2,1.3,1.1,0.9,0.8,0.2
108,80,1,9,0.4,0.6,0.2,1.5,1,0.2,1.2,2.3,0.6,1,0
109,80,1,2,0.1,0.1,0.1,0.3,0.2,0.1,0.3,0.5,0.1,0.2,0
105,79,1,2,0,0.1,0.1,0.2,0.3,0,0.4,0.6,0.1,0.1,0.1
46,50,1,4,0,0.1,0.2,0.8,0.9,0.1,0.5,0.9,0.1,0.3,0.1
125,104,1,1,0,0.1,0.1,0.1,0.2,0,0.2,0.2,0,0.1,0
25,61,1,2,0,0.1,0.1,0.3,0.3,0,0.6,0.4,0.1,0.1,0
101,14,1,3,0.1,0.2,0.1,0.5,0.6,0.1,0.2,0.5,0.2,0.5,0
45,104,1,1,0,0.1,0,0.1,0.1,0,0.2,0.3,0,0.2,0
104,110,1,8,0.9,0.6,0,2,0.6,0,1.5,1.2,0.6,0.6,0
76,104,1,3,0,0.1,0.1,0.6,0.2,0.1,0.6,1,0.1,0.1,0.1
71,50,1,1,0,0,0.1,0.1,0.1,0,0.4,0.2,0,0.1,0
48,91,1,3,0.1,0.3,0.1,0.5,0.8,0,0.2,0.6,0.1,0.2,0.1
108,104,1,4,0.3,0,0.2,0.7,0.5,0.1,0.5,0.8,0.2,0.7,0
127,64,1,2,0.3,0,0.1,0.3,0.4,0.1,0.3,0.3,0,0.1,0.1
77,104,1,4,0,0.2,0.2,0.7,0.3,0.1,0.7,1.3,0.2,0.2,0.1
21,50,0,64,2,8,2,2,17,2,15,9,1,6,0
113,65,1,5,0,0.1,0.4,0.8,1,0,1.5,0.7,0.3,0.2,0
107,80,1,5,0.3,0.3,0.1,0.8,0.5,0.1,0.7,1.3,0.3,0.6,0
109,73,1,11,0.3,0,0,2.4,2.1,0.3,2.4,0.4,0.7,1.4,1
111,79,1,3,0.2,0,0,0.7,0.3,0,0.3,1.2,0.2,0.1,0
61,50,1,2,0.1,0.1,0.2,0.2,0.3,0.1,0.4,0.4,0,0.2,0
103,80,1,8,0.1,0.5,0.3,0.7,1.2,0.1,1.6,2.5,0.2,0.5,0.3
43,50,1,2,0,0.1,0.1,0.4,0.5,0,0.3,0.5,0,0.1,0
118,104,1,7.5,0.3,0.5,0.5,0.7,1.2,0,1.4,1.7,0.2,0.8,0.2
11,56,1,6,0,0.9,0.8,0.6,1.3,0.2,0.8,0.4,0.2,0.4,0.4
53,73,1,4,0.1,0,0,0.4,0.1,0.1,1.5,1,0.1,0.7,0
59,62,1,5,0.1,0,0.1,0.1,1.1,0,0.3,1.7,0.3,0.8,0.5
86,73,1,2,0,0.1,0.1,0.2,0.4,0.1,0.4,0.5,0.1,0.1,0
58,73,0,33,1,1,1,5,3,0,4,12,0,6,0
81,104,1,3,0,0.1,0.1,0.6,0.2,0.1,0.6,1,0.1,0.1,0.1
31,73,1,2,0,0.1,0,0.1,0.2,0.1,0.3,0.6,0.2,0.3,0.1
20,50,1,9,0.3,0.5,0.4,1,1.3,0,1.5,2.7,0.4,0.8,0.1
109,79,1,11,0.5,0.7,0.3,1.8,1.2,0.3,1.4,2.9,0.7,1.2,0
77,47,1,10,0.6,1,1,1.6,1.6,0.6,1,1.6,0.3,0.7,0
78,47,1,2,0.1,0.2,0.2,0.3,0.3,0.1,0.2,0.3,0.1,0.2,0
96,110,1,4,0.1,0.3,0.5,0.2,1.2,0,0.6,0.7,0.1,0,0.3
103,110,1,5,0.5,0.4,0,1.3,0.4,0,0.9,0.7,0.4,0.4,0
56,50,1,1,0.1,0,0.1,0.1,0.2,0,0.2,0.2,0,0.1,0
63,50,1,5,0.3,0.2,0.6,0.6,0.7,0.2,1,1,0,0.4,0
91,115,1,1,0,0,0.1,0,0,0,0.2,0.4,0,0.3,0
46,23,1,2,0.1,0.1,0.1,0.4,0.2,0,0.6,0.2,0.1,0.2,0
48,23,1,1,0,0.1,0.1,0.2,0.1,0,0.3,0.1,0,0.1,0
41,4,1,1,0.1,0.1,0,0,0.2,0,0.2,0.3,0,0.1,0
36,104,1,4,0.2,0.3,0,0.4,0.6,0,0.7,1,0.2,0.6,0
36,10,1,1,0,0.1,0,0.1,0.3,0,0.2,0.2,0,0.1,0
37,10,1,4,0.2,0.2,0.1,0.3,1,0.2,0.8,0.7,0.1,0.4,0
75,109,1,3,0.1,0.2,0.2,0.3,0.5,0,0.5,0.6,0.2,0.4,0
80,109,1,4,0,0.2,0.2,0.7,0.3,0.1,0.7,1.3,0.2,0.2,0.1
78,122,1,11,0.5,1.2,0.2,0.5,2.3,0,1.9,3.3,0.2,0.7,0.2
18,55,1,5,0.1,0.4,0.2,0.7,0.7,0.1,1.5,0.9,0.2,0.2,0
91,65,0,15,0,0,0,0,1,0,4,7,0,3,0
90,65,1,16,0.8,1,0,2.4,3.1,0.3,2.6,2.6,0.8,2.4,0
105,65,1,1,0.1,0,0.1,0.1,0.3,0,0.1,0.1,0,0.1,0.1
95,110,1,2,0,0,0.2,0,0.1,0,0.3,0.9,0,0.5,0
18,50,1,4,0.1,0.2,0.2,0.5,0.6,0,0.6,1.2,0.2,0.3,0.1
70,50,1,3,0.1,0.1,0.2,0.3,0.3,0,1.1,0.5,0,0.3,0.1
52,23,1,15,0.4,0.9,0.9,2.7,1.6,0.2,4.7,1.8,0.7,1.1,0
111,26,1,2,0,0.3,0,0.1,0.6,0,0.2,0.5,0.1,0.1,0.1
40,10,1,5,0.2,0.3,0.1,0.4,1.3,0.2,1,0.9,0.1,0.5,0
56,10,1,12,0,1.4,0,1.8,1.8,0.7,2.5,2.1,0.7,1,0
84,47,1,5,0.2,0.2,0.2,0.9,0.2,0,0.3,1.8,0.5,0.7,0
63,79,1,5,0.1,0,0,0.4,0.8,0.1,1,1.1,0.1,1.4,0
2,16,1,2,0,0.3,0,0.2,0.4,0,0.3,0.4,0.1,0.3,0
83,110,1,2,0,0.1,0.1,0.4,0.1,0,0.4,0.7,0.1,0.1,0
115,65,1,2,0,0,0.2,0.3,0.4,0,0.6,0.3,0.1,0.1,0
66,14,1,4,0.1,0,0.4,0.3,1.2,0,0.3,1,0,0.6,0.1
124,110,1,19,2.2,2.1,1,3.2,5.1,0.3,0.6,2.9,1,0.3,0.3
12,50,1,10,0.2,0.7,0.9,1.4,2,0.4,0.7,2.3,0.5,0.7,0.2
113,81,1,2,0.1,0,0,0.5,0.2,0,0.2,0.8,0.1,0.1,0
104,26,1,3,0.1,0.2,0,0.2,0.3,0,0.8,0.8,0.2,0.4,0
105,26,1,4,0.2,0.2,0,0.2,0.4,0,1.1,1.1,0.3,0.5,0
34,10,1,7,0.6,0.2,0.3,1.1,1,0,1.5,1.5,0.1,0.7,0
35,10,1,6,0.5,0.2,0.3,0.9,0.8,0,1.3,1.3,0.1,0.6,0
41,10,1,2,0.1,0.1,0,0.1,0.4,0,0.5,0.5,0.1,0.2,0
45,10,1,3,0.2,0.2,0,0.1,0.6,0,0.7,0.8,0.2,0.2,0
63,122,1,4,0,0.3,0.1,0.4,0.6,0,0.6,1.1,0.1,0.8,0
78,13,1,2,0,0,0,0,0.4,0,0.6,0.5,0,0.5,0
59,73,0,52.5,1,1.5,4,8,12,0,10,7,1,8,0
60,73,1,20,0.2,1.3,1.4,1.4,3.4,0.3,3.7,4.6,0.5,2.7,0.5
61,73,0,20,0,0,1,2,4,0,4,5,0,4,0
20,16,1,3,0.3,0.6,0.1,0.4,0.5,0,0.6,0.4,0.1,0,0
67,101,1,4,0.1,0.4,0.2,0.5,0.6,0.1,0.4,0.7,0.3,0.6,0.1
89,65,1,2,0.1,0.1,0,0.3,0.4,0.1,0.3,0.3,0.1,0.3,0
82,110,1,4,0,0.2,0.2,0.7,0.3,0.1,0.7,1.3,0.2,0.2,0.1
76,110,1,3,0,0.1,0.1,0.6,0.2,0.1,0.6,1,0.1,0.1,0.1
116,65,1,1,0,0,0.1,0.1,0.2,0,0.3,0.1,0,0.1,0.1
91,14,1,1,0,0,0,0,0.2,0,0.3,0.2,0,0.3,0
125,110,1,18.5,2.2,2,1,3.1,5,0.3,0.6,2.8,0.9,0.3,0.3
85,56,1,2,0,0.2,0.2,0,0.5,0,0.2,0.2,0.1,0.6,0
110,50,1,1,0,0,0,0.2,0.1,0,0.1,0.3,0,0.3,0
94,3,1,1,0,0.1,0.1,0.2,0.2,0,0.1,0.1,0.1,0.1,0
97,3,1,14,0.6,0.2,0.4,2.3,2,0.2,2.3,2.5,1,2.1,0.4
78,91,1,2,0,0.1,0.1,0.1,0.3,0,0.5,0.5,0.1,0.3,0
108,79,1,27,1.3,1.8,0.6,4.5,2.9,0.6,3.5,7.1,1.8,2.9,0
32,10,1,2,0.2,0.1,0.1,0.3,0.3,0,0.4,0.4,0,0.2,0
8,4,1,2,0,0.1,0.1,0.4,0.3,0,0.2,0.5,0,0.3,0.1
111,81,1,1,0.1,0,0,0.2,0.1,0,0.1,0.4,0.1,0,0
53,10,1,4,0.2,0.1,0.1,0.6,0.7,0.1,0.8,0.9,0.2,0.3,0
72,10,1,4,0,0.6,0,0.3,0.8,0,0.4,1,0.3,0.6,0
88,13,1,2,0.1,0.1,0.1,0.4,0.2,0.1,0.2,0.2,0.1,0.4,0.1
33,101,1,1,0,0.1,0,0.2,0.2,0,0.2,0.1,0.1,0.1,0
33,10,1,5,0.4,0.1,0.2,0.8,0.7,0,1.1,1.1,0.1,0.5,0
7,10,1,2,0,0.1,0.1,0.4,0.3,0,0.2,0.5,0,0.3,0.1
71,110,0,34.5,0,5.5,2,3,9,1,10,2,0,1,1
72,110,1,2,0.1,0.2,0.1,0.2,0.3,0,0.3,0.4,0.1,0.3,0
84,65,1,2,0,0.1,0.1,0.2,0.5,0,0.6,0.4,0,0.1,0
85,65,1,1,0,0,0,0.1,0.3,0,0.3,0.2,0,0.1,0
29,14,1,4,0,0.6,0,0.8,0.9,0.1,0.9,0.4,0.1,0.1,0.1
96,50,1,1,0,0,0,0.1,0.3,0.1,0.1,0.1,0.1,0.2,0
67,91,1,2,0,0.1,0.1,0.1,0.3,0,0.5,0.5,0.1,0.3,0
31,10,1,3,0.2,0.1,0.1,0.5,0.4,0,0.7,0.7,0,0.3,0
21,16,1,2,0.2,0.4,0.1,0.2,0.3,0,0.4,0.3,0.1,0,0
126,64,1,3,0.4,0.1,0.1,0.4,0.6,0.1,0.5,0.5,0.1,0.1,0.1
99,42,1,4,0,0.3,0.1,0.5,1.2,0.1,0.2,0.9,0.3,0.3,0.1
106,42,1,3,0,0.2,0.1,0.4,0.9,0.1,0.1,0.7,0.2,0.2,0.1
55,65,1,1,0,0,0,0.1,0.1,0.1,0.2,0.3,0,0.2,0
62,65,1,8,0.4,0.6,0,0.7,1.3,0.2,2.2,1.9,0,0.7,0
25,14,1,2,0.2,0.4,0.1,0.2,0.3,0,0.4,0.3,0.1,0,0
45,65,1,1,0,0,0,0.1,0,0,0.4,0.3,0,0.2,0
21,56,1,2,0,0.1,0.1,0.3,0.3,0,0.6,0.4,0.1,0.1,0
11,50,1,6,0.1,0.4,0.6,0.8,1.2,0.3,0.4,1.4,0.3,0.4,0.1
113,68,1,12,0,0.3,1,2,2.3,0,3.7,1.7,0.7,0.3,0
114,91,1,19,0.5,2.3,0.5,2,4,0,2.3,4,1.1,2,0.3
93,81,1,3,0.1,0.2,0.3,0.2,0.9,0.1,0.6,0.1,0.1,0.4,0
127,53,1,2,0,0,0,0.1,0.3,0,0.6,0.3,0,0.7,0
21,15,1,1,0.1,0.2,0.1,0.1,0.2,0,0.2,0.1,0,0,0
53,101,1,2,0,0.1,0.1,0.3,0.4,0,0.4,0.2,0,0.4,0.1
114,23,1,1,0.1,0,0,0.1,0.1,0,0.2,0.4,0,0.1,0
19,54,1,9,0.2,0.7,0.4,1.3,1.3,0.2,2.6,1.6,0.3,0.4,0
126,114,1,9,0.6,0.4,0.4,1.7,1.7,0.2,0.7,1.1,0.8,1.4,0
38,16,1,2,0.1,0.1,0.1,0.4,0.2,0,0.6,0.2,0.1,0.2,0
77,64,1,3,0,0.1,0.1,0.3,0.9,0,0.9,0.6,0,0.1,0
55,10,1,2,0.1,0.1,0.1,0.3,0.3,0,0.4,0.4,0.1,0.2,0
36,110,1,2,0.1,0.1,0,0.2,0.3,0,0.4,0.5,0.1,0.3,0
21,14,1,1,0.1,0.2,0.1,0.1,0.2,0,0.2,0.1,0,0,0
87,56,1,11,0,0.8,0.2,0.3,2.9,0,2.1,2.4,0.7,1.4,0.2
19,50,1,9,0.3,0.5,0.4,1,1.3,0,1.5,2.7,0.4,0.8,0.1
92,115,1,6,0,0,0.6,0,0.3,0,1,2.5,0,1.6,0
125,114,1,1,0,0,0.1,0.1,0.2,0,0.2,0.3,0,0.1,0
1,15,1,2,0,0.3,0,0.2,0.4,0,0.3,0.4,0.1,0.3,0
24,15,1,2,0.2,0.4,0.1,0.2,0.3,0,0.4,0.3,0.1,0,0
19,15,1,7,0.7,1.4,0.2,0.9,1.2,0,1.4,1,0.2,0,0
50,101,1,4,0.1,0.2,0.2,0.5,0.8,0,0.7,0.4,0.1,0.8,0.2
107,94,1,5,0,0,0.4,0.4,0.4,0.2,0.2,0.9,0.8,1.5,0.2
102,26,1,2,0.1,0.1,0,0.1,0.2,0,0.5,0.5,0.2,0.3,0
18,33,1,5,0.1,0.5,0.1,0.9,1,0.4,0.7,0.5,0.3,0.5,0
32,64,1,2,0,0.1,0,0.1,0.2,0.1,0.3,0.6,0.2,0.3,0.1
71,109,1,8,0.2,0.7,0.5,0.7,1.4,0.1,1.3,1.6,0.4,1.1,0
73,109,1,11,0.3,0.9,0.7,0.9,1.9,0.2,1.8,2.2,0.6,1.5,0
100,80,1,12,0,0.5,0.6,0.8,3.1,0.3,2.2,3.1,1.4,0,0
13,62,1,2,0,0.3,0.3,0.2,0.4,0.1,0.3,0.1,0.1,0.1,0.1
21,62,1,6,0.1,0.5,0.2,0.9,0.9,0.1,1.7,1.1,0.2,0.3,0
63,62,1,3,0.1,0,0.1,0.1,0.6,0,0.2,1,0.2,0.4,0.3
62,13,1,2,0,0.2,0,0.3,0.3,0.1,0.4,0.4,0.1,0.2,0
99,112,1,8,0.2,0.7,0.9,0.5,2.4,0,1.1,1.3,0.2,0,0.7
125,112,0,19,0,0,2,1,2,0,5,3,2,4,0
113,85,1,7,0.2,0.5,0.5,1.1,0.8,0,1,1.1,0.5,1.1,0.2
114,85,0,17,0,0,0,1,2,0,4,6,0,4,0
56,120,1,4,0,0.3,0.1,0.4,0.6,0,0.6,1.1,0.1,0.8,0
64,120,1,3,0,0.2,0.1,0.3,0.4,0,0.5,0.8,0.1,0.6,0
69,120,1,3,0.2,0.1,0.1,0.5,0.4,0,0.2,0.9,0.1,0.5,0
109,68,1,4,0,0.1,0.3,0.7,0.8,0,1.2,0.6,0.2,0.1,0
106,115,1,5,0.4,0,0.2,0.9,0.6,0.1,0.7,1,0.2,0.9,0
108,53,1,2,0,0.1,0.1,0.3,0.1,0.1,0.2,0.5,0.1,0.5,0
113,53,1,5,0.2,0.2,0.2,0.8,0.2,0.2,0.6,1.3,0.2,1.1,0
9,15,1,3,0.1,0.1,0.1,0.6,0.5,0.1,0.2,0.8,0,0.4,0.1
15,58,1,2,0,0.3,0.3,0.2,0.4,0.1,0.3,0.1,0.1,0.1,0.1
18,58,1,1,0,0.1,0,0.2,0.2,0,0.3,0.2,0,0,0
94,79,1,3,0.1,0.2,0.3,0.2,0.9,0.1,0.6,0.1,0.1,0.4,0
101,79,1,5,0,0.3,0.2,0.4,0.8,0.1,1,1.6,0.1,0.3,0.2
91,15,1,1,0,0,0,0,0.2,0,0.3,0.2,0,0.3,0
122,114,1,8,0,0,0.6,0.9,1.5,0,2,2.1,0,0.9,0
126,65,1,3,0.4,0.1,0.1,0.4,0.6,0.1,0.5,0.5,0.1,0.1,0.1
28,11,1,1,0.1,0,0.1,0.2,0.1,0,0.2,0.2,0,0.1,0
35,11,1,2,0.2,0.1,0.1,0.3,0.3,0,0.4,0.4,0,0.2,0
84,68,1,4,0,0.2,0.2,0.4,1.1,0,1.1,0.8,0,0.2,0
72,3,1,2,0,0.1,0.1,0.3,0.2,0.1,0.3,0.5,0.1,0.2,0.1
98,68,1,7,0.7,0.2,0.9,0.7,1.6,0,0.9,1,0,0.5,0.5
108,68,1,6,0,0.2,0.5,1,1.2,0,1.8,0.8,0.3,0.2,0
82,118,1,6,0,0.1,0.5,0.3,1,0,1.5,1.3,0,1.3,0
80,118,1,2,0,0,0.2,0.1,0.3,0,0.5,0.4,0,0.5,0
65,118,1,4,0,0.2,0.2,0,0.8,0,0.9,0.8,0.3,0.8,0
71,53,1,2,0.1,0.1,0.1,0.2,0.2,0,0.7,0.3,0,0.2,0.1
95,53,1,1,0,0,0.1,0.1,0.1,0.1,0.1,0.3,0,0.2,0
37,78,1,2,0,0,0,0.2,0.1,0.1,0.7,0.5,0.1,0.3,0
33,15,1,2,0,0.3,0,0.4,0.4,0,0.4,0.2,0.1,0.1,0.1
36,15,1,2,0.1,0.1,0.1,0.4,0.2,0,0.6,0.2,0.1,0.2,0
22,54,1,2,0,0.1,0.1,0.3,0.3,0,0.6,0.4,0.1,0.1,0
44,54,1,1,0,0,0.1,0.2,0.3,0,0.1,0.2,0,0.1,0
36,16,1,2,0.1,0.1,0.1,0.4,0.2,0,0.6,0.2,0.1,0.2,0
127,54,1,1,0,0,0.1,0.1,0.1,0,0.3,0.3,0,0.1,0
9,14,1,3,0.1,0.1,0.1,0.6,0.5,0.1,0.2,0.8,0,0.4,0.1
36,14,1,4,0.1,0.2,0.2,0.7,0.4,0.1,1.3,0.5,0.2,0.3,0
64,14,1,3,0.1,0.1,0,0.6,0.9,0.1,0.2,0.4,0.2,0.4,0
88,56,1,19,0,1.5,0.3,0.6,5,0,3.6,4.1,1.2,2.4,0.3
92,50,1,1,0,0,0.1,0.1,0.1,0.1,0.1,0.3,0,0.2,0
92,68,1,5,0.1,0.5,0.4,0.3,0.6,0.1,0.3,1.7,0.1,0.8,0.1
56,115,1,1,0,0.1,0,0.1,0.1,0,0.2,0.3,0,0.2,0
22,53,1,15,0.3,1.1,0.8,1.3,2.9,0,3,1.3,1.6,2.7,0
90,53,1,4,0,0,0.3,0.4,0.5,0.2,0.5,1.3,0,0.8,0
114,53,1,4,0.1,0.1,0.1,0.7,0.2,0.1,0.5,1.1,0.1,1,0
35,15,1,8,0,1.1,0,1.6,1.8,0.2,1.8,0.9,0.2,0.2,0.2
54,15,1,2,0.1,0.1,0.1,0.4,0.2,0,0.6,0.2,0.1,0.2,0
57,26,1,2,0,0.3,0.1,0.3,0.3,0,0.3,0.4,0.1,0.2,0
66,26,1,2,0,0.3,0,0,0.6,0,0.2,0.6,0,0.3,0
39,7,1,1,0.1,0.1,0,0,0.2,0,0.2,0.3,0,0.1,0
44,33,1,4,0.1,0.4,0.1,0.7,0.8,0.3,0.6,0.4,0.2,0.4,0
88,64,1,16,0.8,1,0,2.4,3.1,0.3,2.6,2.6,0.8,2.4,0
90,64,1,19,0.9,1.3,0,2.8,3.8,0.3,3.1,3.1,0.9,2.8,0
74,109,1,1,0,0.1,0.1,0.1,0.2,0,0.2,0.2,0,0.1,0
117,64,1,2,0,0.1,0.2,0.2,0.3,0,0.5,0.2,0.1,0.3,0.1
125,64,1,3,0,0.1,0.2,0.4,0.5,0,0.8,0.4,0.1,0.4,0.1
48,13,1,2,0.1,0.1,0.1,0.3,0.3,0,0.4,0.4,0.1,0.2,0
51,13,1,2,0.1,0.1,0.1,0.3,0.3,0,0.4,0.4,0.1,0.2,0
111,85,1,20,0.7,1.3,1.5,3,2.4,0,2.8,3.3,1.3,3,0.7
88,120,1,3,0,0,0.3,0,0.1,0,0.5,1.3,0,0.8,0
21,11,1,7,0,1,0,1.4,1.5,0.2,1.5,0.8,0.2,0.2,0.2
84,56,1,6,0,0.6,0.7,0,1.5,0,0.7,0.4,0.4,1.7,0
14,11,1,3,0.1,0.1,0.1,0.6,0.5,0.1,0.2,0.8,0,0.4,0.1
126,120,1,3,0.2,0.1,0.1,0.6,0.5,0.1,0.2,0.4,0.3,0.5,0
111,56,1,3,0.1,0.1,0.1,0,0.8,0,0.6,0.7,0,0.5,0.1
27,3,1,5,0.3,0.7,0,1,0.5,0.2,0.8,0.2,0.3,0.8,0.2
102,118,1,4,0.1,0.1,0,0.7,0.5,0.1,0.8,1.2,0.2,0.3,0
103,118,1,2.5,0.1,0.1,0,0.4,0.3,0.1,0.5,0.7,0.1,0.2,0
63,115,1,4,0,0.2,0.2,0,0.8,0,0.9,0.8,0.3,0.8,0
119,114,1,2,0,0,0.2,0.2,0.4,0,0.5,0.5,0,0.2,0
21,53,0,75,0,6,5,3,16,0,11,23,2,9,0
20,53,0,40,0,4,2,3,9,1,12,2,1,5,1
51,78,1,2,0,0.2,0.1,0.2,0.4,0,0.3,0.4,0.2,0.2,0
118,53,1,2,0.1,0,0,0.1,0.2,0,0.7,0.5,0,0.4,0
58,78,1,9,0.2,0.7,0.5,0.8,1.9,0,1.2,2.3,0.2,1.1,0.1
46,15,1,2,0.1,0.1,0.1,0.4,0.2,0,0.6,0.2,0.1,0.2,0
74,94,1,2,0,0.2,0.1,0.3,0.3,0,0.2,0.4,0.1,0.3,0.1
94,34,1,1,0,0.2,0,0.2,0.2,0,0.1,0.2,0,0.1,0
70,110,1,1,0,0.1,0,0.2,0.2,0,0.2,0.2,0,0.1,0
47,56,1,4,0,0.1,0.2,0.8,0.9,0.1,0.5,0.9,0.1,0.3,0.1
59,56,1,1,0,0,0,0,0.2,0,0.1,0.3,0.1,0.2,0.1
126,110,1,4,0.2,0.2,0.2,0.8,0.5,0,0.4,0.8,0.5,0.2,0.2
31,11,1,1,0.1,0,0.1,0.2,0.1,0,0.2,0.2,0,0.1,0
101,120,1,3,0.2,0.2,0.2,0.4,0.7,0.2,0.3,0.4,0.1,0.3,0
74,88,1,5,0,0.2,0.2,0.3,0.8,0,1.1,1.2,0.2,0.9,0.1
32,11,1,5,0.4,0.1,0.2,0.8,0.7,0,1.1,1.1,0.1,0.5,0
89,56,1,2,0,0.2,0,0.1,0.5,0,0.4,0.4,0.1,0.3,0
92,56,1,17,0.6,1.5,0.6,2.9,3.2,0.8,2,2.5,1.2,1.5,0.2
53,11,1,6,0.3,0.2,0.2,0.8,1,0.2,1.2,1.3,0.3,0.5,0
91,50,1,4,0,0,0.3,0.4,0.5,0.2,0.5,1.3,0,0.8,0
71,3,1,1,0,0.1,0,0.1,0.1,0,0.2,0.3,0.1,0.1,0
81,68,1,1,0,0,0,0.1,0.3,0,0.3,0.2,0,0.1,0
62,118,1,2,0,0.1,0.1,0,0.4,0,0.5,0.4,0.1,0.4,0
83,118,1,4,0,0.1,0.3,0.2,0.6,0,1,0.9,0,0.9,0
115,91,1,18,0.5,2.1,0.5,1.9,3.8,0,2.1,3.8,1.1,1.9,0.3
19,53,1,3,0.1,0.2,0.1,0.3,0.4,0,0.5,0.9,0.1,0.3,0.1
15,53,1,1,0,0.1,0.1,0.1,0.2,0,0.1,0.2,0.1,0.1,0
18,53,1,1,0,0.1,0,0.1,0.1,0,0.2,0.3,0.1,0.1,0
67,78,1,2,0,0.1,0,0,0.6,0,0.6,0.5,0,0.1,0.1
57,78,1,17,0.4,1.4,1,1.5,3.6,0,2.3,4.2,0.4,2.1,0.1
102,121,1,5,0.2,0.4,0.4,0.7,1.2,0.3,0.5,0.7,0.1,0.5,0
46,7,1,1,0.1,0,0,0.1,0.2,0,0.2,0.2,0.1,0.1,0
58,79,1,4,0.1,0,0,0.3,0.6,0.1,0.8,0.9,0.1,1.1,0
71,47,1,2,0.1,0.1,0.1,0.2,0.2,0,0.7,0.3,0,0.2,0.1
37,55,1,4,0,0.1,0.2,0.8,0.9,0.1,0.5,0.9,0.1,0.3,0.1
51,55,1,3,0,0.1,0.2,0.6,0.7,0,0.4,0.7,0,0.2,0.1
123,43,1,1,0,0.1,0,0.1,0.3,0,0.1,0.2,0,0.2,0
6,11,1,2,0,0.1,0.1,0.4,0.3,0,0.2,0.5,0,0.3,0.1
66,93,1,2,0,0.1,0.1,0.1,0.3,0,0.5,0.5,0.1,0.3,0
67,11,1,6,0,0.9,0,0.4,1.3,0,0.6,1.5,0.4,0.9,0
108,56,1,4,0.1,0.1,0.1,0,1,0,0.9,0.9,0,0.7,0.2
45,68,1,2,0,0,0,0.2,0.1,0.1,0.7,0.5,0.1,0.3,0
66,118,1,8.5,0.7,0.3,0.2,1.3,1.1,0,0.7,2.4,0.2,1.6,0
100,118,1,7,0,0.4,0.4,0.2,1.7,0,1.2,2.3,0.2,0,0.6
101,118,1,36,1.4,0.7,0.3,6.3,4.2,0.7,7.7,10.5,1.4,2.8,0
116,118,1,9,0,0,0.7,1,1.7,0,2.3,2.3,0,1,0
116,91,1,20,0.7,1.1,0.7,3.3,5.2,0.3,2.3,3,1.1,1.6,0.7
14,53,1,1,0,0.1,0.1,0.1,0.2,0,0.1,0.2,0.1,0.1,0
55,78,1,3,0,0.3,0.2,0.3,0.6,0,0.5,0.6,0.2,0.3,0
41,94,1,4,0,0.1,0,0.4,0.5,0,1,1.2,0,0.7,0.1
58,94,1,6,0,0.2,0.2,0.4,1,0,1.4,1.5,0.2,1,0.1
95,4,1,2,0.1,0.1,0.1,0.4,0.2,0.1,0.2,0.2,0.1,0.4,0.1
62,9,1,6,0,0.7,0,0.9,0.9,0.3,1.2,1.1,0.4,0.5,0
102,46,1,2,0,0.1,0,0.1,0.6,0.1,0.2,0.2,0.3,0.4,0
124,46,1,5,0.1,0,0,0.3,0.4,0,1.7,1.4,0,1.1,0
47,58,1,3,0,0.1,0.2,0.6,0.7,0,0.4,0.7,0,0.2,0.1
95,26,1,2,0.1,0.1,0,0.4,0.4,0.1,0.1,0.3,0,0.3,0.2
38,7,1,3,0.2,0.2,0,0.1,0.6,0,0.7,0.8,0.2,0.2,0
89,64,1,5,0.3,0.3,0,0.7,1,0.1,0.8,0.8,0.3,0.7,0
72,109,1,15,0.4,1.2,1,1.2,2.7,0.2,2.4,3.1,0.8,2,0
92,80,1,11,0.4,0.7,1.1,0.9,3.4,0.2,2.1,0.4,0.5,1.3,0
101,80,1,16,0.2,1,0.7,1.4,2.4,0.2,3.1,5.1,0.4,1,0.5
72,112,1,5,0.1,0.4,0.3,0.4,0.9,0.1,0.8,1,0.3,0.7,0
74,112,1,2,0.1,0.2,0.1,0.2,0.3,0,0.3,0.4,0.1,0.3,0
97,112,1,2,0,0.2,0.2,0.1,0.6,0,0.3,0.3,0.1,0,0.2
75,43,1,2,0.1,0.1,0,0.2,0.4,0.1,0.2,0.4,0.1,0.4,0
77,43,1,3,0.1,0.5,0.2,0.6,0.7,0,0.2,0.5,0,0.2,0
110,85,0,26.5,0,0.5,3,3,1,0.5,12,5,0.5,1,0
115,85,1,8,0.3,0.5,0.6,1.2,1,0,1.1,1.3,0.5,1.2,0.3
57,120,1,5,0,0.4,0.1,0.5,0.8,0,0.8,1.3,0.1,1,0
78,56,1,4,0.2,0.3,0.4,0.6,1.2,0.1,0.2,0.5,0.2,0.3,0
76,22,1,6,0.3,0,0,0.9,0.5,0.2,0.7,1.9,0,1.5,0
28,3,1,1,0.1,0.1,0,0.2,0.1,0,0.2,0,0.1,0.2,0
84,118,1,9,0,0.2,0.8,0.4,1.4,0,2.2,2,0,2,0
119,91,1,1,0,0.1,0,0.2,0.3,0,0.1,0.1,0.1,0.1,0
56,78,1,1,0,0.1,0.1,0.1,0.2,0,0.1,0.3,0,0.1,0
105,78,1,3,0,0.2,0.1,0.2,0.4,0.1,0.4,1.3,0,0.3,0
99,78,1,1,0,0,0,0.1,0.3,0,0.2,0.3,0.1,0,0
105,15,1,2,0,0.1,0.1,0.3,0.4,0.1,0.2,0.3,0.2,0.3,0
117,15,1,2,0,0.1,0.1,0.2,0.3,0,0.9,0.1,0,0.2,0.1
68,4,1,4,0,0.6,0,0.3,0.8,0,0.4,1,0.3,0.6,0
69,9,1,3,0,0.4,0,0.2,0.7,0,0.3,0.8,0.2,0.4,0
16,7,1,1,0,0.2,0,0.2,0.2,0,0.2,0.1,0,0,0.1
114,54,1,4,0.1,0.1,0.1,0,1,0,0.9,0.9,0,0.7,0.2
119,55,1,5,0,0,0,0.2,0.6,0,1.6,0.8,0,1.8,0
102,81,1,20,0.2,1.3,0.9,1.7,3.1,0.2,3.9,6.3,0.4,1.3,0.7
1,43,1,1,0,0,0,0.3,0,0.1,0.3,0.2,0,0.1,0
26,43,1,1,0.1,0.1,0,0.2,0.2,0,0.1,0.2,0.1,0,0
34,43,1,4,0.3,0.3,0,0.6,0.6,0,0.4,1,0.4,0.2,0.2
72,101,1,3,0,0.3,0.1,0.4,0.5,0.1,0.3,0.5,0.2,0.5,0.1
127,110,1,6,0.2,0.4,0.3,1.2,0.7,0,0.6,1.2,0.7,0.4,0.3
5,11,1,4,0.1,0.1,0.1,0.9,0.7,0.1,0.3,1.1,0,0.5,0.1
34,11,1,4,0.3,0.1,0.2,0.6,0.6,0,0.9,0.9,0,0.4,0
93,56,1,19,0.6,1.7,0.7,3.2,3.5,0.9,2.3,2.8,1.4,1.7,0.2
94,56,1,17,0.6,1.5,0.6,2.9,3.2,0.8,2,2.5,1.2,1.5,0.2
71,22,1,2,0.1,0,0.2,0.1,0.6,0,0.1,0.5,0,0.3,0.1
61,118,1,2,0,0.1,0.1,0,0.4,0,0.5,0.4,0.1,0.4,0
107,115,1,1,0.1,0,0.1,0.2,0.1,0,0.1,0.2,0,0.2,0
73,78,1,2,0,0.1,0,0,0.6,0,0.6,0.5,0,0.1,0.1
97,78,1,2,0,0.1,0.1,0.1,0.5,0.1,0.4,0.5,0.2,0,0
94,4,1,4,0.2,0.2,0.1,0.8,0.5,0.1,0.4,0.5,0.1,0.8,0.3
61,9,1,1,0,0.1,0,0.1,0.1,0.1,0.2,0.2,0.1,0.1,0
109,72,1,9,0.3,0,0,2,1.7,0.3,2,0.3,0.5,1.1,0.8
93,46,1,7,0,0,0.5,0.7,0.8,0.3,0.9,2.4,0,1.4,0
103,46,1,5,0,0.1,0,0.3,1.5,0.3,0.6,0.6,0.7,0.9,0
76,58,1,5,0.3,0.4,0.5,0.7,1.5,0.1,0.3,0.6,0.2,0.4,0
100,26,1,2,0,0.1,0.1,0.3,0.3,0,0.6,0.2,0,0.4,0
28,38,1,2,0.1,0.2,0,0.3,0.3,0,0.2,0.5,0.2,0.1,0.1
48,38,1,2,0.1,0.2,0.1,0.3,0.4,0.1,0.3,0.2,0.1,0.2,0
92,81,1,10.5,0.4,0.6,1,0.8,3.3,0.2,2.1,0.4,0.5,1.2,0
10,43,1,7,0,0,0.2,1.9,0.2,0.5,2.2,1.5,0.2,0.3,0
63,14,1,5,0.2,0.2,0,0.9,1.5,0.2,0.4,0.6,0.4,0.6,0
95,56,0,23,0,1,0,3,3,0,7,7,0,1,1
54,68,1,13,0.3,0.3,0.3,1.3,1.6,0.6,2.5,3.2,0,2.9,0
63,3,1,4,0.2,0.2,0,0.4,0.7,0,0.5,1.1,0.2,0.5,0.2
68,3,1,3,0.1,0.2,0.1,0.4,0.3,0.1,0.4,0.8,0.2,0.3,0.1
69,3,1,6,0.1,0.4,0.3,0.9,0.6,0.3,0.9,1.5,0.4,0.5,0.1
116,82,1,5,0,0.2,0.4,0.6,0.9,0,1.3,0.6,0.2,0.6,0.2
57,118,1,2,0,0.2,0.1,0.2,0.3,0,0.3,0.5,0,0.4,0
62,4,1,1,0,0.1,0,0.1,0.1,0.1,0.2,0.2,0.1,0.1,0
55,26,1,1,0,0.1,0,0.2,0.2,0.1,0.1,0.1,0.1,0.1,0
78,58,1,1,0.1,0.1,0.1,0.1,0.3,0,0.1,0.1,0,0.1,0
11,7,1,2,0,0.1,0.1,0.4,0.3,0,0.2,0.5,0,0.3,0.1
95,54,1,10,0.3,0.9,0.3,1.7,1.9,0.5,1.2,1.5,0.7,0.9,0.1
70,109,1,4,0.2,0.2,0.1,0.8,0.7,0,0.7,0.6,0.2,0.4,0.1
91,64,1,6,0.1,0.6,0.5,0.3,0.8,0.1,0.3,2,0.2,0.9,0.2
93,80,1,1,0,0.1,0.1,0.1,0.3,0,0.2,0,0.1,0.1,0
19,47,1,2,0.1,0,0.2,0.3,0.3,0,0.4,0.4,0.2,0.1,0
64,62,1,1,0,0,0,0,0.2,0,0.1,0.3,0.1,0.2,0.1
75,55,1,3,0.1,0.1,0.2,0.3,0.3,0,1.1,0.5,0,0.3,0.1
88,55,1,6,0,0.5,0.1,0.2,1.6,0,1.1,1.3,0.4,0.7,0.1
108,81,1,6,0.3,0.4,0.2,1,0.6,0.1,0.8,1.6,0.4,0.6,0
115,101,1,8,0,0,0.7,0.7,0.7,0.3,0.3,1.3,1.3,2.3,0.4
109,85,0,113.5,6,3,9,16,21,4,16,16,5.5,16,1
77,120,1,3,0.1,0.3,0.1,0.1,0.6,0,0.5,0.9,0.1,0.2,0.1
78,120,1,3,0.1,0.3,0.1,0.1,0.6,0,0.5,0.9,0.1,0.2,0.1
37,107,1,1,0,0.1,0,0.1,0.1,0,0.2,0.3,0,0.2,0
106,120,1,2,0.1,0,0.1,0.4,0.2,0,0.3,0.4,0.1,0.4,0
70,115,1,2,0.1,0.1,0,0.3,0.3,0,0.2,0.6,0,0.4,0
74,115,1,3,0.2,0.1,0.1,0.5,0.4,0,0.2,0.9,0.1,0.5,0
127,121,1,3.5,0.2,0.2,0.2,0.7,0.6,0.1,0.3,0.4,0.3,0.5,0
46,9,1,1,0.1,0,0,0.1,0.2,0,0.2,0.2,0.1,0.1,0
77,9,1,2,0,0,0,0,0.4,0,0.6,0.5,0,0.5,0
56,27,1,2,0,0.3,0.1,0.3,0.3,0,0.3,0.4,0.1,0.2,0
57,27,1,1,0,0.1,0,0.2,0.2,0,0.2,0.2,0,0.1,0
28,5,1,2,0.2,0.1,0.1,0.3,0.3,0,0.4,0.4,0,0.2,0
76,103,1,5,0,0.2,0.2,0.3,0.8,0,1.1,1.2,0.2,0.9,0.1
62,47,1,1,0.1,0,0.1,0.1,0.2,0,0.2,0.2,0,0.1,0
124,47,1,2,0.1,0,0,0.1,0.2,0,0.7,0.5,0,0.4,0
127,47,1,4,0,0,0,0.1,0.5,0,1.3,0.7,0,1.4,0
56,67,1,4,0,0.2,0,0,0.5,0,0.9,1.7,0,0.7,0
57,67,1,2,0,0.1,0,0,0.2,0,0.5,0.8,0,0.4,0
92,55,1,7,0.3,0.6,0.3,1.2,1.3,0.3,0.8,1,0.5,0.6,0.1
94,55,1,5,0.2,0.4,0.2,0.8,0.9,0.2,0.6,0.7,0.4,0.5,0.1
100,114,1,1,0,0.1,0.1,0,0.2,0,0.2,0.3,0,0,0.1
77,56,1,2,0.1,0.2,0.2,0.3,0.6,0,0.1,0.2,0.1,0.2,0
38,11,1,2,0.1,0.1,0,0.2,0.5,0.1,0.4,0.4,0,0.2,0
45,11,1,2,0.1,0.1,0,0.1,0.4,0,0.5,0.5,0.1,0.2,0
52,11,1,1,0.1,0,0,0.1,0.2,0,0.2,0.2,0.1,0.1,0
2,18,1,1,0,0.2,0,0.1,0.2,0,0.1,0.2,0,0.2,0
73,11,1,4,0,0.6,0,0.3,0.8,0,0.4,1,0.3,0.6,0
76,11,1,1,0,0,0,0,0.2,0,0.3,0.2,0,0.3,0
77,11,1,1,0,0,0,0,0.2,0,0.3,0.2,0,0.3,0
79,11,1,4,0,0,0,0,0.8,0,1.2,1,0,1,0
98,11,1,2,0.1,0.1,0,0.2,0.2,0,0.4,0.8,0.1,0.1,0
99,11,1,2,0.1,0.1,0,0.2,0.2,0,0.4,0.8,0.1,0.1,0
29,3,1,4,0.3,0.5,0,0.8,0.4,0.1,0.7,0.1,0.3,0.7,0.1
73,68,1,4,0.3,0.2,0.3,0,1,0,0.7,0.5,0,0.7,0.3
110,82,0,47,2,1,2,4,7,1,13,14,1,2,0
59,118,1,14,0,1.1,0.4,1.4,2.1,0,2.1,3.6,0.4,2.9,0
106,78,1,26,1.9,3.4,1,3.8,4.8,0.5,2.4,3.8,1,3.4,0
50,15,1,2,0.1,0.1,0.1,0.4,0.2,0,0.6,0.2,0.1,0.2,0
51,15,1,2,0.1,0.1,0.1,0.4,0.2,0,0.6,0.2,0.1,0.2,0
119,78,1,2,0,0.1,0.2,0.2,0.3,0,0.5,0.2,0.1,0.3,0.1
67,4,1,1,0,0.1,0,0.1,0.2,0,0.1,0.3,0.1,0.1,0
75,94,1,4,0.1,0.4,0.2,0.5,0.6,0.1,0.4,0.7,0.3,0.6,0.1
111,121,1,3,0.2,0,0.1,0.6,0.3,0.1,0.4,0.6,0.1,0.6,0
58,9,1,2,0,0.2,0,0.3,0.3,0.1,0.4,0.4,0.1,0.2,0
92,72,1,9,0.2,0.7,0.2,0.9,1.7,0.4,1.7,2.1,0.7,0.4,0
108,72,1,2,0.1,0,0,0.4,0.4,0.1,0.4,0.1,0.1,0.2,0.2
89,72,1,1,0,0.1,0,0.1,0.2,0,0.2,0.2,0.1,0.1,0
79,26,1,6,0.1,1,0.4,0.4,1.6,0,0.9,1.3,0.1,0.1,0.1
87,26,1,2,0.1,0.1,0,0.4,0.4,0.1,0.1,0.3,0,0.3,0.2
118,89,1,11,0.3,0.6,0.4,1.8,2.9,0.2,1.3,1.6,0.6,0.9,0.4
98,7,1,6,0.4,0.2,0.1,0.6,0.6,0.1,1.2,2.3,0.2,0.3,0
66,109,1,5,0.2,0.3,0.1,1,0.9,0,0.9,0.8,0.2,0.5,0.1
50,5,1,4,0.2,0.1,0.1,0.6,0.7,0.1,0.8,0.9,0.2,0.3,0
32,47,1,1,0,0.1,0.1,0.1,0.2,0,0.1,0.2,0,0.1,0.1
49,47,1,3,0,0.1,0.2,0.6,0.7,0,0.4,0.7,0,0.2,0.1
87,55,1,2,0,0.2,0,0.1,0.5,0,0.4,0.4,0.1,0.3,0
95,55,1,25,0.8,2.3,0.8,4.2,4.7,1.1,3,3.7,1.8,2.3,0.3
106,114,1,4,0.3,0,0.2,0.7,0.5,0.1,0.5,0.8,0.2,0.7,0
107,114,1,3,0.2,0,0.1,0.6,0.3,0.1,0.4,0.6,0.1,0.6,0
94,81,1,2,0.1,0.1,0.2,0.2,0.6,0,0.4,0.1,0.1,0.2,0
100,81,1,7,0,0.3,0.3,0.5,1.8,0.2,1.3,1.8,0.8,0,0
110,81,1,2,0.1,0.1,0.1,0.3,0.2,0.1,0.3,0.5,0.1,0.2,0
89,39,1,3,0.1,0.5,0.2,0.6,0.7,0,0.2,0.5,0,0.2,0
56,110,1,1,0,0,0.1,0,0.1,0,0.3,0.4,0,0.1,0
55,68,1,2,0,0.1,0.1,0.2,0.2,0.1,0.4,0.5,0,0.4,0
39,3,1,2,0.1,0.1,0.2,0.3,0.3,0,0.2,0.4,0.1,0.3,0
40,3,1,2,0.1,0.1,0.2,0.3,0.3,0,0.2,0.4,0.1,0.3,0
62,68,1,2,0.1,0.1,0,0.2,0.3,0.1,0.5,0.5,0,0.2,0
72,68,1,3,0.2,0.1,0.2,0,0.8,0,0.5,0.4,0,0.5,0.3
56,118,1,1,0,0.1,0,0.1,0.1,0,0.2,0.3,0,0.2,0
118,82,1,6,0,0.2,0.5,0.7,1,0,1.5,0.8,0.2,0.8,0.3
107,78,1,4,0.3,0.5,0.2,0.6,0.7,0.1,0.4,0.6,0.1,0.5,0
74,111,1,4,0.1,0.3,0.3,0.3,0.7,0.1,0.7,0.8,0.2,0.5,0
36,102,1,2,0,0.1,0,0.2,0.2,0,0.5,0.6,0,0.3,0.1
66,94,1,4,0.1,0.4,0.2,0.5,0.6,0.1,0.4,0.7,0.3,0.6,0.1
103,4,1,1,0.1,0,0,0.1,0.1,0,0.2,0.4,0,0.1,0
84,46,1,1,0,0,0,0.2,0.1,0,0.1,0.4,0.1,0.1,0
20,54,0,20,0,0,1,0,3,0,7,7,0,2,0
112,64,1,4,0,0.1,0.3,0.7,0.8,0,1.2,0.6,0.2,0.1,0
52,5,1,1,0.1,0,0,0.1,0.2,0,0.2,0.2,0.1,0.1,0
102,47,1,5,0,0.1,0,0.3,1.5,0.3,0.6,0.6,0.7,0.9,0
77,62,1,4,0.2,0.3,0.4,0.6,1.2,0.1,0.2,0.5,0.2,0.3,0
78,62,1,14,0.8,1.1,1.4,2,4.2,0.3,0.8,1.7,0.6,1.1,0
83,62,1,12,0.7,1,1.2,1.7,3.6,0.2,0.7,1.4,0.5,1,0
111,55,1,2,0.1,0.1,0.1,0,0.5,0,0.4,0.4,0,0.3,0.1
81,39,1,2,0.1,0,0.1,0.2,0.4,0,0.5,0.2,0,0.5,0
83,39,1,8,0.3,0,0.3,0.9,1.5,0,2.2,0.9,0,1.9,0
60,22,1,3,0,0,0,0.2,0.2,0.1,0.8,0.8,0.1,0.8,0
46,3,1,2,0,0.1,0,0.1,0.6,0,0.2,0.7,0,0.2,0.1
77,78,1,1,0,0,0,0.1,0.3,0,0.3,0.2,0,0.1,0
75,121,1,5,0.4,0.2,0.1,0.8,0.7,0,0.4,1.4,0.1,0.9,0
67,94,1,2,0,0.2,0.1,0.3,0.3,0,0.2,0.4,0.1,0.3,0.1
28,9,1,4,0.3,0.1,0.2,0.6,0.6,0,0.9,0.9,0,0.4,0
37,9,1,8,0.3,0.5,0.2,0.6,2,0.3,1.6,1.5,0.2,0.8,0
93,9,1,4,0.2,0.2,0.1,0.8,0.5,0.1,0.4,0.5,0.1,0.8,0.3
48,79,1,2,0,0.2,0.1,0.2,0.4,0,0.3,0.4,0.2,0.2,0
53,5,1,1,0.1,0,0,0.1,0.2,0,0.2,0.2,0.1,0.1,0
26,38,1,5,0.3,0.3,0,0.8,0.8,0,0.6,1.3,0.5,0.2,0.2
21,13,1,3,0,0.4,0,0.6,0.6,0.1,0.7,0.3,0.1,0.1,0.1
33,13,1,2,0.2,0.1,0.1,0.3,0.3,0,0.4,0.4,0,0.2,0
35,13,1,1,0.1,0,0.1,0.2,0.1,0,0.2,0.2,0,0.1,0
67,55,1,1,0,0,0.1,0.1,0.1,0,0.4,0.2,0,0.1,0
66,34,1,2,0.1,0.1,0,0.2,0.4,0.1,0.2,0.4,0.1,0.4,0
111,28,1,5,0,0.9,0,0.1,1.5,0.1,0.4,1.2,0.3,0.3,0.2
114,77,1,2,0,0.4,0,0.1,0.4,0,0.3,0.7,0,0.1,0
106,85,1,9,0.1,0.7,0.5,0.3,1.7,0.2,1,3,0.1,1.2,0.2
48,14,1,6,0.2,0.3,0.4,1.1,0.6,0.1,1.9,0.7,0.3,0.4,0
27,56,1,2,0,0.1,0.2,0.2,0.4,0,0.3,0.4,0.1,0.2,0.1
76,56,1,1,0.1,0.1,0.1,0.1,0.3,0,0.1,0.1,0,0.1,0
106,88,0,70,2,10,2,6,13,2,15,12,6,1,1
91,56,1,4,0.1,0.4,0.1,0.7,0.7,0.2,0.5,0.6,0.3,0.4,0
79,123,1,3,0.1,0.3,0.1,0.1,0.6,0,0.5,0.9,0.1,0.2,0.1
115,0,1,2,0,0.1,0,0.4,0.6,0.1,0.2,0.4,0.1,0.1,0
59,86,1,7,0,0.4,0.3,1.1,1,0,1.8,1.6,0.3,0.5,0
60,86,1,5,0,0.3,0.2,0.8,0.7,0,1.3,1.2,0.2,0.3,0
65,86,1,3,0,0.2,0.1,0.5,0.4,0,0.8,0.7,0.1,0.2,0
67,86,1,7,0,0.2,0.3,0.5,1.2,0,1.6,1.7,0.2,1.2,0.1
104,86,1,2,0.1,0.1,0,0.4,0.3,0,0.3,0.4,0,0.3,0.1
72,111,1,4,0.1,0.3,0.3,0.3,0.7,0.1,0.7,0.8,0.2,0.5,0
78,121,1,7,0.3,0.7,0.2,0.3,1.5,0,1.2,2.1,0.1,0.4,0.2
122,94,1,2,0,0.2,0.2,0.3,0.4,0,0.6,0.1,0.2,0,0
114,4,1,2,0.1,0.1,0,0.2,0.2,0,0.4,0.8,0.1,0.1,0
39,9,1,14,0.6,0.9,0.3,1.1,3.4,0.6,2.8,2.6,0.3,1.4,0
64,72,1,2,0.1,0.1,0,0.2,0.3,0.1,0.5,0.5,0,0.2,0
60,72,1,15,0.1,1,1,1,2.6,0.3,2.8,3.4,0.4,2,0.4
77,46,1,7,0.4,0.7,0.7,1.1,1.1,0.5,0.7,1.1,0.2,0.5,0
125,46,1,2,0.1,0,0,0.1,0.2,0,0.7,0.5,0,0.4,0
113,89,1,2,0.1,0.2,0.1,0.2,0.4,0,0.3,0.4,0.1,0.2,0
80,58,1,2,0.1,0.2,0.2,0.3,0.6,0,0.1,0.2,0.1,0.2,0
55,79,1,9,0,1,0.5,0.7,1.8,0,1.5,1.8,0.7,1,0
62,16,1,5,0.2,0.2,0,0.9,1.5,0.2,0.4,0.6,0.4,0.6,0
97,64,1,5,0.5,0.2,0.7,0.5,1.1,0,0.7,0.7,0,0.3,0.3
92,47,1,2,0,0,0.2,0.2,0.2,0.1,0.2,0.7,0,0.4,0
93,47,1,2,0,0,0.2,0.2,0.2,0.1,0.2,0.7,0,0.4,0
21,55,1,1,0,0.1,0,0.2,0.2,0,0.3,0.2,0,0,0
64,90,1,1,0,0.1,0,0.2,0.1,0,0.3,0.2,0,0.1,0
55,81,1,3,0,0.3,0.2,0.3,0.6,0,0.5,0.6,0.2,0.3,0
108,85,0,102,1,12,4,7,24,2,14,23,5,10,0
35,93,1,4,0.1,0.2,0,1,0.8,0,0.8,0.2,0.4,0.4,0.1
114,93,1,3,0.1,0.4,0.1,0.3,0.6,0,0.4,0.6,0.2,0.3,0
57,68,0,79,0,0,0,2,4,0,8,25,0,40,0
109,82,1,3,0.1,0.2,0.1,0.5,0.3,0.1,0.4,0.8,0.2,0.3,0
57,82,1,1,0,0,0,0.1,0.2,0,0.2,0.2,0,0.3,0
91,57,0,23,0,3,0,5,4,1,5,4,1,0,0
105,86,0,45,0,0,1,4,7,0,10,16,0,7,0
98,30,1,2,0,0.1,0.1,0.3,0.3,0,0.6,0.2,0,0.4,0
71,111,1,11,0.3,0.9,0.7,0.9,1.9,0.2,1.8,2.2,0.6,1.5,0
30,102,1,5,0.2,0.3,0,1.2,1,0,1,0.3,0.4,0.4,0.2
36,9,1,4,0.2,0.2,0.1,0.3,1,0.2,0.8,0.7,0.1,0.4,0
40,9,0,31,1,0,1,4,4,1,7,4,2,6,1
90,72,1,1,0,0.1,0,0.1,0.2,0,0.2,0.2,0.1,0.1,0
78,46,1,5,0.3,0.5,0.5,0.8,0.8,0.3,0.5,0.8,0.2,0.3,0
76,46,1,2,0.1,0.2,0.2,0.3,0.3,0.1,0.2,0.3,0.1,0.2,0
77,26,1,8,0.2,1.3,0.5,0.5,2,0,1.2,1.7,0.2,0.2,0.2
81,58,1,2,0,0.2,0.2,0,0.5,0,0.2,0.2,0.1,0.6,0
83,58,1,3,0,0.3,0.3,0,0.8,0,0.3,0.2,0.2,0.9,0
84,58,1,7,0,0.7,0.7,0,1.8,0,0.8,0.5,0.5,2,0
99,7,1,2,0.1,0.1,0,0.2,0.2,0,0.4,0.8,0.1,0.1,0
60,97,1,3,0,0.1,0.1,0.2,0.5,0,0.7,0.7,0.1,0.5,0.1
101,84,1,3,0.1,0.2,0.1,0.5,0.4,0,0.5,0.5,0,0.5,0.2
101,47,1,4,0,0.1,0,0.2,1.2,0.2,0.5,0.5,0.6,0.7,0
89,62,1,19,0.7,2.5,1.2,2.8,3.5,0,3.5,3.5,0.5,0.5,0.3
26,55,1,7,0,0.4,0.8,0.9,1.5,0,0.9,1.3,0.2,0.6,0.4
67,34,1,2,0.1,0.1,0,0.2,0.4,0.1,0.2,0.4,0.1,0.4,0
96,55,1,7,0.2,0.5,0.5,1.2,1.2,0.4,0.2,1.9,0.1,0.6,0.2
4,17,1,1,0,0.2,0,0.1,0.2,0,0.1,0.2,0,0.2,0
103,17,1,3,0.1,0.2,0.1,0.5,0.6,0.1,0.2,0.5,0.2,0.5,0
107,28,1,17,0.6,1.9,0.6,2.5,3.5,0,2.5,1.9,1.2,1.3,1
108,28,1,11,0.4,1.2,0.4,1.6,2.3,0,1.6,1.3,0.7,0.9,0.6
113,77,1,16,0,2.8,0,0.8,3,0,2.6,5.3,0.4,1.1,0
110,52,1,2,0,0.1,0.1,0.3,0.1,0.1,0.2,0.5,0.1,0.5,0
46,14,1,5,0.1,0.3,0.3,0.9,0.5,0.1,1.6,0.6,0.2,0.4,0
89,120,1,2,0,0,0.2,0,0.1,0,0.3,0.9,0,0.5,0
13,22,1,2,0,0.1,0.1,0.4,0.3,0,0.2,0.5,0,0.3,0.1
38,22,1,2,0.1,0.1,0.1,0.4,0.2,0,0.6,0.2,0.1,0.2,0
52,22,1,6,0.2,0.3,0.4,1.1,0.6,0.1,1.9,0.7,0.3,0.4,0
69,22,1,3,0.1,0,0.3,0.2,0.9,0,0.2,0.8,0,0.4,0.1
55,82,1,2,0,0.2,0.1,0.2,0.4,0,0.3,0.4,0.2,0.2,0
69,96,1,1,0,0.1,0,0.1,0.2,0,0.1,0.2,0.1,0.2,0
106,86,0,41,5,1,4,5,7,1,2,12,0,4,0
97,30,1,1,0,0,0.1,0.1,0.2,0,0.3,0.1,0,0.2,0
102,30,1,2,0,0.1,0.1,0.3,0.3,0,0.6,0.2,0,0.4,0
113,78,1,10,0,1.8,0,0.5,1.9,0,1.6,3.3,0.2,0.7,0
38,9,0,17,2,0,1,2,2,0,7,2,0,1,0
58,72,0,49,2,0,2,8,4,0,15,10,0,8,0
91,72,1,3,0.1,0.2,0.1,0.3,0.6,0.1,0.6,0.7,0.2,0.1,0
61,72,1,6,0.3,0.5,0,0.5,1,0.2,1.6,1.4,0,0.5,0
78,26,1,2,0,0.3,0.1,0.1,0.5,0,0.3,0.4,0.1,0.1,0.1
117,89,1,7,0.2,0.4,0.2,1.2,1.9,0.1,0.8,1,0.4,0.6,0.2
54,12,1,1,0.1,0,0,0.1,0.2,0,0.2,0.2,0.1,0.1,0
44,16,1,2,0.1,0.1,0.1,0.4,0.2,0,0.6,0.2,0.1,0.2,0
101,119,1,13,0.6,0.9,1,1.9,3.2,0.6,1.3,1.9,0.3,1.3,0
76,97,1,3,0,0.1,0.1,0.2,0.5,0,0.7,0.7,0.1,0.5,0.1
101,16,1,3,0.1,0.2,0.1,0.5,0.6,0.1,0.2,0.5,0.2,0.5,0
108,16,1,1,0.1,0,0,0.1,0.1,0,0.2,0.4,0,0.1,0
65,109,1,1,0,0,0.1,0,0.1,0,0.3,0.4,0,0.1,0
75,42,1,4,0.1,0.2,0.1,0.4,0.8,0.2,0.4,0.8,0.1,0.8,0.1
66,95,1,7,0.1,0.8,0.3,1,1.1,0.1,0.7,1.2,0.5,1.1,0.1
111,95,1,1,0,0,0,0,0.2,0,0.4,0.3,0,0.1,0
112,95,1,9,0,0,0,0.4,1.7,0,3.9,2.6,0,0.4,0
127,95,1,4,0.3,0,0.1,0.3,0.9,0.1,0.6,0.9,0,0.5,0.3
19,55,0,35,1,2,3,7,13,1,2,0,5,0,1
40,112,1,2,0.1,0.1,0,0.2,0.3,0,0.4,0.5,0.1,0.3,0
44,112,1,1,0,0.1,0,0.1,0.1,0,0.2,0.3,0,0.2,0
50,112,1,3,0.1,0.1,0,0.4,0.4,0,0.4,0.8,0.2,0.6,0
59,112,1,1,0,0,0.1,0,0.1,0,0.3,0.4,0,0.1,0
71,81,1,1,0,0.1,0,0,0.3,0,0.3,0.2,0,0.1,0
109,77,1,7,0.5,0.9,0.3,1,1.3,0.1,0.7,1,0.3,0.9,0
105,85,0,27,1,2,1,3,4,0,4,6,2,3,1
107,85,0,59,1,3,1,8,12,0,9,11,1,9,4
75,56,1,2,0.1,0.1,0.1,0.2,0.2,0,0.7,0.3,0,0.2,0.1
4,11,1,1,0,0,0,0.2,0.2,0,0.1,0.3,0,0.2,0
37,18,1,2,0.1,0.1,0.1,0.4,0.2,0,0.6,0.2,0.1,0.2,0
56,68,1,19,0,1.1,0,0,2.2,0,4.5,7.8,0,3.4,0
103,82,0,21,0,0,3,5,8,0,2,2,0,1,0
50,82,1,2,0,0.2,0.1,0.2,0.4,0,0.3,0.4,0.2,0.2,0
111,96,1,5,0,0,0,0.2,1,0,2.2,1.4,0,0.2,0
112,96,1,3,0,0,0,0.1,0.6,0,1.3,0.9,0,0.1,0
89,57,1,9,0,0.7,0.1,0.3,2.4,0,1.7,2,0.6,1.1,0.1
92,30,1,3,0.1,0.2,0.1,0.6,0.5,0.1,0.2,0.4,0.1,0.5,0.2
54,41,1,2,0.1,0.2,0.1,0.3,0.4,0.1,0.3,0.2,0.1,0.2,0
21,54,1,6,0.1,0.5,0.2,0.9,0.9,0.1,1.7,1.1,0.2,0.3,0
86,12,1,6,0.3,0.4,0.2,1.2,0.7,0.2,0.5,0.7,0.2,1.2,0.4
100,119,1,17,1.5,1.8,0.6,3.1,3.1,0,1.2,2.7,2.4,0.6,0
31,64,1,2,0,0.1,0,0.1,0.2,0.1,0.3,0.6,0.2,0.3,0.1
75,5,1,1,0,0.1,0,0.1,0.2,0,0.1,0.3,0.1,0.1,0
27,55,1,7,0,0.4,0.8,0.9,1.5,0,0.9,1.3,0.2,0.6,0.4
70,106,1,3,0.1,0.2,0,0.6,0.6,0,0.5,0.5,0.1,0.3,0.1
108,77,1,1,0.1,0.1,0,0.2,0.2,0,0.1,0.2,0,0.1,0
124,106,1,3,0.1,0.2,0.2,0.3,0.5,0,0.5,0.7,0.1,0.3,0.1
109,52,1,7,0.2,0.2,0.2,1.2,0.3,0.2,1,1.9,0.2,1.6,0
80,39,1,1,0,0.2,0,0.2,0.2,0,0.1,0.2,0,0.1,0
98,85,1,4,0,0,0,0.5,1.1,0,1.2,1,0,0.2,0
59,85,1,2,0,0.1,0.1,0.3,0.3,0,0.5,0.5,0.1,0.1,0
84,22,1,2,0.1,0,0,0.3,0.2,0.1,0.2,0.6,0,0.5,0
58,68,0,39,0,1,5,7,7,1,9,3,1,5,0
59,68,0,30,1,5,1,6,9,0,2,6,0,0,0
31,0,1,4,0.3,0.5,0,0.8,0.4,0.1,0.7,0.1,0.3,0.7,0.1
46,0,1,4,0,0.3,0,0.3,1.1,0,0.4,1.4,0,0.4,0.1
65,0,1,1,0,0.1,0,0.1,0.2,0,0.1,0.3,0,0.1,0.1
126,118,1,3,0.2,0.1,0.1,0.6,0.5,0.1,0.2,0.4,0.3,0.5,0
127,118,1,4,0.3,0.2,0.2,0.8,0.7,0.1,0.3,0.5,0.3,0.6,0
42,86,1,1,0,0.1,0,0.2,0.3,0,0.1,0.2,0,0.1,0
46,86,1,2,0.1,0.2,0.1,0.3,0.5,0,0.1,0.4,0.1,0.2,0
108,86,0,22,0,3,0,0,4,0,4,5,1,5,0
91,30,1,3,0.1,0.2,0.1,0.6,0.5,0.1,0.2,0.4,0.1,0.5,0.2
33,9,1,2,0.2,0.1,0.1,0.3,0.3,0,0.4,0.4,0,0.2,0
41,9,1,2,0.1,0.1,0,0.1,0.4,0,0.5,0.5,0.1,0.2,0
53,12,1,4,0.2,0.1,0.1,0.6,0.7,0.1,0.8,0.9,0.2,0.3,0
87,12,1,2,0.1,0.1,0.1,0.4,0.2,0.1,0.2,0.2,0.1,0.4,0.1
57,79,1,12,0.3,0,0,1,2,0.3,2.3,2.6,0.3,3.2,0
104,54,1,2,0.1,0.1,0.1,0.3,0.3,0.1,0.1,0.6,0,0.2,0.1
108,54,1,1,0,0,0,0,0.3,0,0.2,0.2,0,0.2,0.1
50,97,1,16,0,1,0.5,2.1,2.6,0,3.9,3.3,0.8,1.8,0
51,97,1,5,0.1,0.2,0.2,0.7,1,0,0.9,0.6,0.1,1,0.2
111,97,1,1,0,0,0,0,0.2,0,0.4,0.3,0,0.1,0
107,97,1,2,0,0,0.1,0.2,0.2,0.1,0.1,0.3,0.3,0.6,0.1
91,16,1,2,0,0,0,0,0.4,0,0.6,0.5,0,0.5,0
111,87,0,33.5,3,2,2,6,5,0,5,2,1.5,7,0
112,87,0,37,2,4,0,6,6,1,4,11,1,1,1
113,87,1,14,0.4,0.9,1.1,2.1,1.7,0,2,2.3,0.9,2.1,0.5
93,33,1,1,0,0.1,0,0.2,0.2,0,0.1,0.1,0,0.2,0.1
84,33,1,5,0.4,0.5,0.1,0.6,0.8,0,0.9,1.4,0,0.3,0
108,84,0,41,0,3,1,4,5,0,6,13,2,6,1
63,5,1,8,0,0.9,0,1.2,1.2,0.5,1.6,1.4,0.5,0.7,0
90,62,1,5,0.2,0.7,0.3,0.7,0.9,0,0.9,0.9,0.1,0.2,0.1
115,2,1,2,0,0.1,0,0.4,0.6,0.1,0.2,0.4,0.1,0.1,0
12,34,1,1,0,0,0,0.3,0,0.1,0.3,0.2,0,0.1,0
35,17,1,4,0,0.6,0,0.8,0.9,0.1,0.9,0.4,0.1,0.1,0.1
52,107,1,1,0,0,0,0.1,0.2,0,0.1,0.3,0.1,0.2,0
59,22,1,4,0,0,0,0.3,0.3,0.1,1.1,1.1,0.1,1,0
50,74,1,2,0,0.2,0.1,0.2,0.4,0,0.3,0.4,0.2,0.2,0
88,22,1,3,0,0,0,0,0.5,0,0.9,0.8,0,0.8,0
73,0,1,1,0,0.1,0,0.1,0.1,0,0.2,0.3,0.1,0.1,0
21,57,1,1,0,0.1,0,0.2,0.2,0,0.3,0.2,0,0,0
61,57,1,4,0.1,0,0.1,0.1,0.9,0,0.3,1.3,0.2,0.6,0.4
83,57,1,1,0,0.1,0.1,0,0.2,0,0.1,0.1,0.1,0.3,0
77,25,0,27,0,2,2,4,6,0,6,3,0,4,0
92,57,0,35,1,2,0,2,5,1,5,9,3,6,1
107,86,0,32,0,0,0,1,1,0,5,20,0,4,1
88,30,1,3,0.2,0,0.1,0.5,0,0.1,0.2,1.5,0,0.4,0
108,78,1,7,0.5,0.9,0.3,1,1.3,0.1,0.7,1,0.3,0.9,0
112,78,1,3,0,0.5,0,0.1,0.6,0,0.5,1,0.1,0.2,0
114,78,1,6.5,0,1.1,0,0.3,1.2,0,1.1,2.1,0.2,0.5,0
38,102,1,5,0,0.2,0,0.5,0.7,0,1.1,1.5,0,0.8,0.2
42,102,1,2,0,0.1,0,0.2,0.2,0,0.5,0.6,0,0.3,0.1
50,72,1,1,0,0,0,0.1,0,0,0.4,0.3,0,0.2,0
59,72,0,36,2,2,0,4,6,3,1,10,1,7,0
57,46,1,5,0.3,0.2,0.6,0.6,0.7,0.2,1,1,0,0.4,0
58,46,1,3,0.2,0.1,0.3,0.4,0.4,0.1,0.6,0.6,0,0.3,0
98,31,1,4,0,0.2,0.2,0.5,0.6,0,1.2,0.4,0.1,0.8,0
76,83,1,2,0,0.1,0.1,0.2,0.5,0,0.6,0.4,0,0.1,0
115,31,1,1,0,0,0.1,0.1,0.3,0,0.2,0.2,0,0.1,0
88,58,1,3,0,0.2,0,0.1,0.8,0,0.6,0.7,0.2,0.4,0
90,58,1,2,0,0.2,0,0.1,0.5,0,0.4,0.4,0.1,0.3,0
93,58,1,28,1,2.5,1,4.7,5.2,1.3,3.3,4.1,2.1,2.5,0.3
65,12,1,1,0,0.1,0,0.1,0.1,0.1,0.2,0.2,0.1,0.1,0
101,12,1,2,0.1,0.1,0,0.2,0.2,0,0.4,0.8,0.1,0.1,0
110,54,1,3,0.1,0.1,0.1,0,0.8,0,0.6,0.7,0,0.5,0.1
109,87,1,14,0.2,1,0.8,0.5,2.7,0.3,1.5,4.7,0.2,1.8,0.3
64,109,1,1,0,0,0.1,0,0.1,0,0.3,0.4,0,0.1,0
74,33,1,3,0,0.4,0,0,1,0,0.3,0.9,0,0.4,0
108,33,1,2,0.1,0.1,0.1,0.1,0.5,0,0.4,0.4,0.1,0.2,0
110,84,1,5,0.1,0.4,0.3,0.2,0.9,0.1,0.5,1.7,0.1,0.6,0.1
117,84,1,2,0,0.1,0.1,0.2,0.5,0,0.3,0.6,0,0.2,0
9,13,1,2,0,0.1,0.1,0.4,0.3,0,0.2,0.5,0,0.3,0.1
20,55,1,7,0.1,0.6,0.3,1,1,0.1,2,1.3,0.3,0.3,0
63,114,1,6,0,0.2,0.3,0,1.2,0,1.4,1.2,0.5,1.2,0
76,114,1,7,0,0.2,0.6,0.3,1.1,0,1.7,1.5,0,1.6,0
81,114,1,3,0,0.1,0.3,0.1,0.5,0,0.7,0.6,0,0.7,0
98,114,1,6,0,0.3,0.4,0.2,1.4,0,1.1,1.9,0.2,0,0.5
99,114,1,3,0,0.2,0.2,0.1,0.7,0,0.5,1,0.1,0,0.2
13,52,1,3,0.1,0.2,0.3,0.4,0.6,0.1,0.2,0.7,0.1,0.2,0.1
90,28,1,4,0.2,0.2,0.1,0.9,0.7,0.2,0.2,0.5,0.1,0.6,0.3
95,28,1,1,0,0.1,0,0.2,0.2,0,0.1,0.1,0,0.2,0.1
105,28,1,11,0.6,0.6,0,0.6,1.1,0,2.9,2.9,0.9,1.4,0
91,81,1,5,0.2,0.3,0.5,0.4,1.5,0.1,1,0.2,0.2,0.6,0
104,77,1,11,0,0.7,0.3,0.7,1.7,0.3,1.7,4.6,0,1,0
74,85,1,1,0,0,0,0.1,0.2,0,0.2,0.3,0,0.2,0
51,98,1,6,0.1,0.3,0.3,0.8,1.2,0,1,0.7,0.1,1.2,0.3
105,88,1,16,0.8,1.2,0.4,2.9,2,0,2.5,2.9,0,2.5,0.8
42,11,1,3,0.2,0.2,0,0.1,0.6,0,0.7,0.8,0.2,0.2,0
22,18,1,3,0.3,0.6,0.1,0.4,0.5,0,0.6,0.4,0.1,0,0
35,18,1,2,0,0.3,0,0.4,0.4,0,0.4,0.2,0.1,0.1,0.1
121,93,1,2,0,0.1,0.1,0.2,0.5,0,0.3,0.6,0,0.2,0
58,74,1,17,0.4,1.4,1,1.5,3.6,0,2.3,4.2,0.4,2.1,0.1
59,74,0,56,0,5,0,2,10,1,10,19,5,4,0
60,74,1,15,0.4,1.2,0.8,1.3,3.1,0,2.1,3.8,0.4,1.8,0.1
103,0,1,2,0.1,0,0.1,0.3,0.3,0,0.3,0.4,0.1,0.3,0.1
50,96,1,4,0,0.3,0.1,0.5,0.6,0,1,0.8,0.2,0.5,0
33,86,1,1,0,0.1,0,0.2,0.2,0,0.2,0.1,0.1,0.1,0
31,108,1,2,0,0.1,0.1,0.1,0.5,0.1,0.6,0.3,0.1,0.1,0
75,108,1,4,0.1,0.3,0.1,0.5,0.5,0,0.6,1.1,0.5,0.3,0
53,111,1,2,0,0.1,0,0.2,0.3,0,0.3,0.5,0.2,0.4,0
57,72,1,3,0,0.2,0.2,0.2,0.5,0,0.6,0.7,0.1,0.4,0.1
103,31,1,4,0,0.2,0.2,0.5,0.6,0,1.2,0.4,0.1,0.8,0
59,89,1,13,0,0.8,0.5,2.1,1.8,0,3.3,3,0.6,0.9,0
47,12,1,1,0.1,0,0,0.1,0.2,0,0.2,0.2,0.1,0.1,0
102,54,1,6,0.2,0.4,0.4,1,1,0.3,0.2,1.7,0.1,0.5,0.2
125,12,1,4,0,0.2,0.2,0.4,0.5,0,1.9,0.2,0,0.4,0.2
84,119,1,4,0,0.1,0.3,0.2,0.6,0,1,0.9,0,0.9,0
77,16,1,1,0.1,0,0,0.1,0.1,0,0.1,0.3,0,0.3,0
80,16,1,4,0.2,0,0,0.6,0.3,0.1,0.5,1.3,0,1,0
57,109,1,3,0,0.1,0.1,0,0.2,0,1,1.2,0,0.4,0
82,33,1,10,0.8,0.9,0.2,1.1,1.7,0,1.7,2.9,0.1,0.6,0
116,84,1,2,0,0.1,0.1,0.2,0.5,0,0.3,0.6,0,0.2,0
65,103,1,3,0,0.1,0.1,0.2,0.5,0,0.7,0.7,0.1,0.5,0.1
65,95,1,2,0,0.1,0.1,0.1,0.3,0,0.5,0.5,0.1,0.3,0
58,67,1,8,0,0.5,0,0,0.9,0,1.9,3.3,0,1.4,0
106,17,1,2,0.1,0.1,0,0.2,0.2,0,0.4,0.8,0.1,0.1,0
107,24,1,1,0,0.1,0,0.1,0.2,0,0.2,0.1,0.1,0.1,0.1
103,77,1,1,0,0.1,0,0.1,0.1,0,0.2,0.4,0,0.1,0
105,77,1,8,0,0.5,0.3,0.5,1.2,0.2,1.2,3.4,0,0.7,0
93,52,1,2,0,0,0.2,0.2,0.2,0.1,0.2,0.7,0,0.4,0
76,39,1,1,0,0.2,0,0.2,0.2,0,0.1,0.2,0,0.1,0
50,98,0,30,3,0,1,7,2,0,4,6,2,5,0
52,93,1,3,0.1,0.3,0.1,0.5,0.8,0,0.2,0.6,0.1,0.2,0.1
39,93,1,4.5,0.2,0.5,0.2,0.7,1.1,0,0.2,0.9,0.2,0.4,0.1
30,6,1,2,0.2,0.1,0.1,0.3,0.3,0,0.4,0.4,0,0.2,0
117,93,1,3,0.1,0.2,0.1,0.5,0.8,0.1,0.3,0.4,0.2,0.2,0.1
70,6,1,1,0,0.1,0,0.1,0.2,0,0.1,0.3,0.1,0.1,0
75,6,1,3,0,0.4,0,0.2,0.7,0,0.3,0.8,0.2,0.4,0
123,93,1,2,0,0.1,0.1,0.2,0.5,0,0.3,0.6,0,0.2,0
102,82,1,4,0,0.3,0.2,0.3,0.6,0,0.8,1.3,0.1,0.3,0.1
67,35,1,2,0.1,0.1,0,0.2,0.4,0.1,0.2,0.4,0.1,0.4,0
67,96,1,2,0,0.2,0.1,0.3,0.3,0,0.2,0.4,0.1,0.3,0.1
98,63,1,2,0.1,0.1,0.1,0.3,0.3,0.1,0.1,0.6,0,0.2,0.1
16,57,1,5,0.1,0.4,0.2,0.7,0.7,0.1,1.5,0.9,0.2,0.2,0
94,57,1,11,0.4,1,0.4,1.9,2,0.5,1.3,1.6,0.8,1,0.1
110,86,0,40,4,3,1,3,11,0,5,7,1,5,0
111,86,0,32,2,2,1,5,4,0,6,6,3,2,1
112,86,0,21,0,0,1,3,4,1,1,5,2,4,0
74,108,1,3,0.1,0.2,0.1,0.4,0.4,0,0.5,0.8,0.3,0.2,0
79,108,1,2,0,0.1,0.1,0.4,0.1,0,0.4,0.7,0.1,0.1,0
41,72,1,2,0,0,0,0.2,0.1,0.1,0.7,0.5,0.1,0.3,0
103,66,1,6,0.6,0.2,0.8,0.6,1.4,0,0.8,0.8,0,0.4,0.4
111,89,1,9,0.3,1.1,0.3,0.9,1.9,0,1.1,1.9,0.5,0.9,0.1
107,58,1,2,0.1,0.1,0.1,0,0.5,0,0.4,0.4,0,0.3,0.1
45,12,1,2,0.1,0.1,0,0.1,0.4,0,0.5,0.5,0.1,0.2,0
54,100,1,1,0,0,0.1,0.1,0.2,0,0.2,0.1,0,0.2,0.1
79,97,1,3,0,0.1,0.1,0.2,0.5,0,0.7,0.7,0.1,0.5,0.1
106,97,1,1,0,0,0.1,0.1,0.1,0,0,0.2,0.2,0.3,0
80,33,1,4,0.1,0.7,0.2,0.3,1,0,0.6,0.8,0.1,0.1,0.1
100,62,1,5,0.2,0.3,0.3,0.8,0.8,0.3,0.2,1.4,0.1,0.4,0.2
99,62,1,6,0.2,0.4,0.4,1,1,0.3,0.2,1.7,0.1,0.5,0.2
72,106,1,7,0.1,0.5,0.3,0.8,1,0,1.1,1.9,0.8,0.5,0
103,106,1,1,0,0.1,0.1,0.1,0.3,0,0.1,0.2,0,0,0.1
117,106,1,14,0.6,1,1,1.3,2.2,0,2.5,3.2,0.3,1.6,0.3
106,28,1,21,0.7,2.4,0.7,3.1,4.3,0,3.1,2.4,1.4,1.7,1.2
118,106,1,3,0.1,0.2,0.2,0.3,0.5,0,0.5,0.7,0.1,0.3,0.1
100,85,1,7,0,0,0,0.9,2,0,2,1.8,0,0.3,0
49,98,1,17,0,1.1,0.6,2.2,2.7,0,4.1,3.6,0.8,1.9,0
107,93,1,3,0.2,0.3,0.1,0.3,0.8,0,0.1,0.4,0.2,0.6,0
53,6,1,5,0.3,0.1,0.2,0.7,0.8,0.1,1,1.1,0.3,0.4,0
97,22,1,7,0.2,0.4,0.2,1.1,1.3,0.2,0.6,1.2,0.6,1.2,0
75,44,1,7,0.2,0.3,0.5,0.7,0.7,0,2.4,1.2,0,0.7,0.3
32,86,1,2,0,0.1,0,0.5,0.4,0,0.4,0.1,0.2,0.2,0.1
93,57,1,30,1,2.7,1,5.1,5.6,1.4,3.6,4.4,2.2,2.7,0.3
79,25,1,3,0,0.5,0.2,0.2,0.8,0,0.4,0.6,0.1,0.1,0.1
127,66,1,3,0.4,0.1,0.1,0.4,0.6,0.1,0.5,0.5,0.1,0.1,0.1
19,46,1,2,0.1,0,0.2,0.3,0.3,0,0.4,0.4,0.2,0.1,0
88,83,1,1,0,0.1,0.1,0.1,0.3,0,0.2,0,0.1,0.1,0
105,89,1,7,0,0,0,0.9,2,0,2,1.8,0,0.3,0
106,89,1,3,0.2,0.3,0.1,0.3,0.8,0,0.1,0.4,0.2,0.6,0
89,58,1,10,0,0.8,0.1,0.3,2.7,0,1.9,2.2,0.6,1.2,0.2
96,54,1,6,0.2,0.4,0.4,1,1,0.3,0.2,1.7,0.1,0.5,0.2
75,119,1,4,0.3,0.2,0.1,0.6,0.5,0,0.3,1.2,0.1,0.7,0
113,100,1,2,0,0,0.1,0.2,0.2,0.1,0.1,0.3,0.3,0.6,0.1
72,100,1,1,0,0.1,0,0.1,0.2,0,0.1,0.2,0.1,0.2,0
80,119,1,8,0.3,0.8,0.2,0.3,1.7,0,1.4,2.4,0.2,0.5,0.2
49,97,1,4,0,0.3,0.1,0.5,0.6,0,1,0.8,0.2,0.5,0
78,97,1,1,0,0,0,0.1,0.2,0,0.2,0.3,0,0.2,0
116,87,1,3,0,0.1,0.2,0.2,0.7,0,0.5,0.9,0.1,0.3,0
81,33,1,2,0.2,0.2,0,0.2,0.3,0,0.4,0.6,0,0.1,0
98,2,1,1,0,0,0,0.2,0.1,0,0.2,0.2,0.1,0.2,0
59,90,1,1,0,0.1,0,0.2,0.1,0,0.3,0.2,0,0.1,0
75,90,1,2,0,0.1,0.1,0.1,0.3,0,0.5,0.5,0.1,0.3,0
109,90,1,7,0.4,0.9,0.2,0.6,1.9,0,0.2,0.9,0.4,1.5,0
114,90,1,6,0.2,0.7,0.2,0.6,1.2,0,0.7,1.3,0.4,0.6,0.1
80,17,1,1,0.1,0,0,0.1,0.1,0,0.1,0.3,0,0.3,0
113,24,1,1,0,0.2,0,0,0.3,0,0.1,0.2,0.1,0.1,0
115,24,1,1,0,0.2,0,0,0.3,0,0.1,0.2,0.1,0.1,0
119,106,1,1,0,0.1,0.1,0.1,0.2,0,0.2,0.2,0,0.1,0
99,85,1,1,0,0,0,0.1,0.3,0,0.3,0.3,0,0,0
61,85,1,3,0,0.2,0.1,0.5,0.4,0,0.8,0.7,0.1,0.2,0
78,123,1,7,0.3,0.7,0.2,0.3,1.5,0,1.2,2.1,0.1,0.4,0.2
119,93,1,1,0,0.1,0,0.2,0.3,0,0.1,0.1,0.1,0.1,0
123,123,1,2,0,0,0.2,0.2,0.4,0,0.5,0.5,0,0.2,0
66,35,1,1,0,0.1,0,0.1,0.2,0.1,0.1,0.2,0,0.2,0
87,82,1,2,0.1,0.1,0.2,0.2,0.6,0,0.4,0.1,0.1,0.2,0
45,0,1,1,0.1,0.1,0.1,0.1,0.1,0,0.1,0.2,0.1,0.1,0
84,57,1,7,0,0.7,0.7,0,1.8,0,0.8,0.5,0.5,2,0
48,98,1,11,0,0.7,0.4,1.4,1.8,0,2.7,2.3,0.5,1.2,0
89,66,1,3,0.1,0.2,0,0.4,0.6,0.1,0.5,0.5,0.2,0.4,0
93,66,1,6,0.1,0.6,0.5,0.3,0.8,0.1,0.3,2,0.2,0.9,0.2
103,7,1,2,0.1,0.1,0,0.2,0.2,0,0.4,0.8,0.1,0.1,0
66,119,1,8,0.6,0.3,0.2,1.3,1,0,0.6,2.3,0.2,1.5,0
79,119,1,5,0.2,0.5,0.1,0.2,1.1,0,0.9,1.5,0.1,0.3,0.1
114,100,1,2,0,0,0.1,0.2,0.2,0.1,0.1,0.3,0.3,0.6,0.1
12,64,1,3.5,0.1,0.3,0,0.2,0.7,0,0.7,0.7,0,0.5,0.3
56,109,1,2,0,0.1,0.1,0,0.1,0,0.7,0.8,0,0.2,0
122,87,1,3,0,0.1,0.2,0.2,0.7,0,0.5,0.9,0.1,0.3,0
23,64,1,4,0,0.1,0,0.3,0.4,0.1,0.6,1.3,0.4,0.7,0.1
61,33,1,8,0,0,0.3,0.8,1,0.2,1.8,2.8,0.3,0.8,0
58,27,1,5,0,0.7,0.2,0.7,0.9,0,0.7,1.1,0.2,0.5,0
107,27,0,29,1,3,1,2,3,1,4,10,2,2,0
8,42,1,3,0,0,0.1,0.8,0.1,0.2,1,0.6,0.1,0.1,0
114,84,1,3,0.1,0.2,0.2,0.4,0.4,0,0.4,0.5,0.2,0.5,0.1
45,67,1,4,0.1,0,0,0.4,0.1,0.1,1.5,1,0.1,0.7,0
59,70,1,7,0,0.5,0.5,0.5,1.2,0.1,1.3,1.6,0.2,0.9,0.2
62,67,1,2,0.1,0.1,0,0.2,0.3,0.1,0.5,0.5,0,0.2,0
91,67,1,2,0,0.2,0.2,0.1,0.3,0,0.1,0.7,0,0.3,0.1
75,17,1,1,0,0,0.1,0.1,0.3,0,0.1,0.3,0,0.1,0
73,106,1,2,0,0.2,0.1,0.2,0.3,0,0.3,0.5,0.2,0.2,0
89,28,1,3,0.1,0.2,0.1,0.6,0.5,0.1,0.2,0.4,0.1,0.5,0.2
117,24,1,2,0,0.1,0.1,0.2,0.5,0,0.3,0.3,0.1,0.4,0
98,77,1,5,0,0.2,0.2,0.4,1.3,0.1,0.9,1.3,0.6,0,0
72,77,1,2,0,0.1,0,0,0.6,0,0.6,0.5,0,0.1,0.1
127,106,1,12,0.7,0.8,0.4,2,1.9,0.4,1.8,2.8,0.5,0.7,0
104,85,1,7,0.4,0.5,0.2,1.2,0.9,0,1.1,1.2,0,1.1,0.4
53,85,1,3,0.1,0.3,0.1,0.5,0.8,0,0.2,0.6,0.1,0.2,0.1
20,22,1,4,0.4,0.8,0.2,0.5,0.7,0,0.8,0.5,0.1,0,0
70,93,1,1,0,0,0,0.1,0.2,0,0.2,0.3,0,0.2,0
81,29,1,2,0.2,0.2,0,0.2,0.3,0,0.4,0.6,0,0.1,0
76,82,1,2,0,0.1,0.1,0.2,0.5,0,0.6,0.4,0,0.1,0
80,127,1,6,0.5,0.5,0.4,1.1,1.2,0.1,0.5,0.7,0.4,0.5,0.1
75,25,1,1,0,0.1,0,0,0.3,0,0.1,0.3,0,0.2,0
49,113,1,1,0,0,0,0.1,0.2,0,0.1,0.3,0.1,0.2,0
95,25,1,1,0,0.1,0,0.2,0.2,0,0.1,0.1,0,0.2,0.1
115,86,1,11,0.4,0.7,0.8,1.7,1.3,0,1.5,1.8,0.7,1.7,0.4
103,30,1,2,0,0.1,0.1,0.3,0.3,0,0.6,0.2,0,0.4,0
55,66,1,2,0,0.1,0.1,0.2,0.2,0.1,0.4,0.5,0,0.4,0
92,66,1,1,0,0.1,0.1,0.1,0.1,0,0.1,0.3,0,0.2,0
14,46,1,1,0,0.1,0.1,0.1,0.2,0,0.1,0.2,0.1,0.1,0
20,46,1,11,0.4,0,1.4,1.8,1.4,0,2.3,2.3,0.9,0.5,0
33,41,1,10,0.7,0.7,0,1.6,1.6,0,1.1,2.5,0.9,0.4,0.5
94,58,0,32,0,5,4,4,5,0,5,5,3,0,1
27,12,1,6,0.5,0.2,0.3,0.9,0.8,0,1.3,1.3,0.1,0.6,0
41,97,1,2,0,0.1,0,0.2,0.2,0,0.5,0.6,0,0.3,0.1
65,119,1,3,0,0.2,0.1,0.3,0.4,0,0.5,0.8,0.1,0.6,0
53,100,1,5,0.1,0.2,0.2,0.7,1,0,0.9,0.6,0.1,1,0.2
48,97,1,1,0,0.1,0,0.1,0.2,0,0.2,0.2,0.1,0.1,0
1,42,1,2,0,0,0.1,0.5,0.1,0.1,0.6,0.4,0.1,0.1,0
113,84,0,40,0,0,0,4,5,0,9,13,0,8,1
53,67,1,9,0.2,0.2,0.2,0.9,1.1,0.4,1.8,2.2,0,2,0
93,67,1,13,0.3,1.3,1,0.7,1.7,0.3,0.7,4.3,0.3,2,0.4
94,67,1,6,0.1,0.6,0.5,0.3,0.8,0.1,0.3,2,0.2,0.9,0.2
111,62,1,3,0.1,0.1,0.1,0,0.8,0,0.6,0.7,0,0.5,0.1
76,24,1,2,0,0.3,0.1,0.1,0.5,0,0.3,0.4,0.1,0.1,0.1
78,24,1,4,0.1,0.7,0.2,0.3,1,0,0.6,0.8,0.1,0.1,0.1
115,126,1,1,0,0.1,0.1,0.1,0.2,0,0.2,0.1,0.1,0.1,0
58,77,1,12,0.3,1,0.7,1.1,2.5,0,1.6,3,0.3,1.4,0.1
14,52,1,5,0.1,0.3,0.5,0.7,1,0.2,0.4,1.1,0.2,0.4,0.1
66,77,1,4,0,0.3,0.1,0,1.2,0,1.1,0.9,0.1,0.2,0.1
21,52,0,90,3,2,6,13,6,2,24,10,0,24,0
35,98,1,3,0.1,0.2,0,0.7,0.6,0,0.6,0.2,0.2,0.3,0.1
41,18,1,3,0.1,0.2,0.2,0.5,0.3,0.1,0.9,0.4,0.1,0.2,0
87,44,1,1,0,0,0.1,0.1,0.1,0.1,0.1,0.3,0,0.2,0
87,18,1,2,0,0,0,0,0.4,0,0.6,0.5,0,0.5,0
68,74,1,4,0,0.3,0.1,0,1.2,0,1.1,0.9,0.1,0.2,0.1
32,0,1,2,0.1,0.3,0,0.4,0.2,0.1,0.3,0.1,0.1,0.3,0.1
78,25,1,12,0.2,2,0.8,0.8,3.1,0,1.8,2.5,0.2,0.3,0.3
109,86,0,32,2,0,4,3,2,0,2,9,0,10,0
41,45,1,2,0,0.1,0.1,0.4,0.5,0,0.3,0.5,0,0.1,0
109,78,1,1,0.1,0.1,0,0.2,0.2,0,0.1,0.2,0,0.1,0
110,78,1,4,0.3,0.5,0.2,0.6,0.7,0.1,0.4,0.6,0.1,0.5,0
73,108,1,4,0.1,0.3,0.1,0.5,0.5,0,0.6,1.1,0.5,0.3,0
62,66,1,3,0.1,0.2,0,0.3,0.5,0.1,0.8,0.7,0,0.3,0
45,66,1,5,0.2,0,0,0.5,0.2,0.2,1.8,1.1,0.2,0.8,0
23,46,1,2,0,0,0.2,0.1,0.1,0,1.2,0.3,0,0.1,0
89,31,1,9,0.7,0,0.4,1.4,0,0.3,0.7,4.5,0,1,0
102,83,1,2,0,0.1,0.1,0.2,0.3,0,0.4,0.6,0.1,0.1,0.1
103,83,1,9,0.1,0.6,0.4,0.8,1.4,0.1,1.7,2.8,0.2,0.6,0.3
31,12,1,2,0.2,0.1,0.1,0.3,0.3,0,0.4,0.4,0,0.2,0
30,49,1,2,0,0.1,0.2,0.2,0.4,0,0.3,0.4,0.1,0.2,0.1
50,109,1,4,0.1,0.2,0,0.5,0.6,0,0.5,1,0.3,0.8,0
46,33,1,4,0.1,0.4,0.1,0.7,0.8,0.3,0.6,0.4,0.2,0.4,0
51,111,1,4,0.1,0.2,0,0.5,0.6,0,0.5,1,0.3,0.8,0
50,102,1,4,0.1,0.2,0.2,0.5,0.8,0,0.7,0.4,0.1,0.8,0.2
93,27,1,8,0.4,0.4,0.2,1.7,1.5,0.4,0.4,1,0.2,1.2,0.6
64,95,1,2,0,0.1,0.1,0.1,0.3,0,0.5,0.5,0.1,0.3,0
66,2,1,4,0.1,0.3,0.2,0.6,0.4,0.2,0.6,1,0.2,0.3,0.1
116,2,1,2,0.1,0.2,0.2,0.2,0.7,0.1,0.2,0.2,0,0.1,0
57,126,1,2,0.1,0.1,0.1,0.4,0.3,0,0.2,0.4,0.1,0.3,0
43,106,1,4,0.2,0.3,0,0.4,0.6,0,0.7,1,0.2,0.6,0
105,24,1,2,0.1,0.1,0,0.1,0.2,0,0.5,0.5,0.2,0.3,0
69,77,1,2,0,0.1,0,0,0.6,0,0.6,0.5,0,0.1,0.1
20,52,0,42,0,5,1,3,11,0,2,8,0,11,1
115,52,1,1,0,0,0,0.2,0.1,0,0.1,0.3,0,0.3,0
122,52,1,3,0.1,0,0,0.2,0.3,0,1,0.8,0,0.6,0
62,85,1,3,0,0.2,0.1,0.5,0.4,0,0.8,0.7,0.1,0.2,0
61,74,1,10,0.3,0,0,0.8,1.6,0.3,1.9,2.1,0.3,2.7,0
7,35,1,2,0,0,0.1,0.5,0.1,0.1,0.6,0.4,0.1,0.1,0
72,35,1,9,0.3,0.5,0.2,0.9,1.9,0.5,0.8,1.7,0.3,1.7,0.2
76,25,1,5,0.1,0.9,0.3,0.3,1.3,0,0.7,1.1,0.1,0.1,0.1
114,86,1,9,0.3,0.6,0.7,1.3,1.1,0,1.3,1.4,0.6,1.4,0.3
72,108,0,45,2,4,3,7,6,2,5,4,6,5,1
70,108,1,5,0.2,0.3,0.1,1,0.9,0,0.9,0.8,0.2,0.5,0.1
49,111,1,7,0.1,0.3,0,0.9,1,0,0.9,1.7,0.6,1.5,0
50,111,1,2,0,0.1,0,0.2,0.3,0,0.3,0.5,0.2,0.4,0
59,66,1,1,0,0.1,0,0,0.1,0,0.2,0.4,0,0.2,0
97,1,1,4,0.2,0.1,0.1,0.7,0.5,0,0.7,0.7,0.3,0.6,0.1
113,1,1,4,0,0.3,0,0.7,1.2,0.2,0.4,0.7,0.3,0.2,0
88,31,1,2,0.1,0,0.1,0.3,0,0.1,0.2,1,0,0.2,0
104,31,1,8,0,0.4,0.4,1.1,1.3,0,2.3,0.8,0.2,1.5,0
106,31,1,15,0.8,0.8,1.2,0.8,3.9,0,2.7,2.8,0.8,1.2,0
113,31,1,2,0.1,0.1,0.1,0.1,0.5,0,0.4,0.4,0.1,0.2,0
75,83,1,10,0,0.7,0.2,0,3.1,0,2.9,2.2,0.2,0.5,0.2
107,83,1,5,0.3,0.3,0.1,0.8,0.5,0.1,0.7,1.3,0.3,0.6,0
92,58,1,1,0,0.1,0,0.2,0.2,0,0.1,0.2,0.1,0.1,0
44,100,1,4,0,0.1,0,0.4,0.5,0,1,1.2,0,0.7,0.1
36,100,1,1,0,0,0,0.1,0.1,0,0.3,0.3,0,0.2,0
107,87,0,60,1,1,2,7,7,1,10,21,1,9,0
108,87,0,30.5,1,2.5,0,5,2,2,4,8,2,4,0
99,16,1,2,0,0.1,0.1,0.3,0.4,0.1,0.2,0.3,0.2,0.3,0
58,124,1,16.5,0.5,0.8,1,3.1,2.5,0,2,3.6,0.5,2.5,0
92,27,1,2,0.1,0.1,0,0.4,0.4,0.1,0.1,0.3,0,0.3,0.2
104,27,1,1,0,0,0,0.1,0.1,0,0.3,0.3,0.1,0.1,0
112,84,0,30,0,2,2,2,7,1,6,8,1,0,1
108,27,0,22,0,1,0,4,1,1,6,4,2,3,0
17,42,1,3.5,0.1,0.3,0.1,0.6,0.7,0.3,0.5,0.3,0.2,0.4,0
115,27,1,5,0,0.9,0,0.1,1.5,0.1,0.4,1.2,0.3,0.3,0.2
5,13,1,2,0,0.1,0.1,0.4,0.3,0,0.2,0.5,0,0.3,0.1
67,2,1,1,0,0.1,0,0.1,0.1,0,0.2,0.3,0.1,0.1,0
71,2,1,6,0.1,0.4,0.3,0.9,0.6,0.3,0.9,1.5,0.4,0.5,0.1
98,62,1,7,0.2,0.5,0.5,1.2,1.2,0.4,0.2,1.9,0.1,0.6,0.2
97,2,1,13,0.5,0.2,0.3,2.2,1.8,0.2,2.2,2.3,0.9,2,0.4
69,106,1,10,0.4,0.6,0.1,2,1.9,0,1.7,1.6,0.5,1,0.2
38,8,1,1,0.1,0.1,0,0,0.2,0,0.2,0.3,0,0.1,0
70,39,1,10,0.3,0.5,0.2,1.1,2.1,0.5,0.9,1.9,0.4,1.9,0.2
60,85,1,2,0,0.1,0.1,0.3,0.3,0,0.5,0.5,0.1,0.1,0
74,124,1,11,0,0.9,0.9,1.9,1.4,0,2.4,2.1,0.2,1.2,0
75,98,1,11,0.2,1.2,0.4,1.5,1.7,0.2,1.1,2,0.8,1.7,0.2
112,98,1,2,0,0,0,0.1,0.4,0,0.8,0.6,0,0.1,0
118,88,1,9,0,0.4,0.5,0.7,2.1,0,1.4,2.8,0.2,0.9,0
117,88,1,3,0,0.1,0.2,0.2,0.7,0,0.5,0.9,0.1,0.3,0
57,71,1,14,0.1,0.9,0.9,1,2.4,0.2,2.6,3.2,0.4,1.9,0.4
79,127,1,7.5,0.6,0.6,0.5,1.4,1.5,0.1,0.7,0.8,0.5,0.7,0.1
92,63,1,3,0.1,0.2,0.3,0.4,0.6,0.1,0.3,0.9,0,0.1,0
95,57,1,3,0.1,0.3,0.1,0.5,0.6,0.1,0.4,0.4,0.2,0.3,0
44,85,1,4,0.2,0.5,0.2,0.6,1,0,0.2,0.8,0.1,0.3,0.1
76,111,1,5,0,0.2,0.3,0.9,0.4,0.1,0.9,1.6,0.2,0.3,0.1
32,41,1,1,0.1,0.1,0,0.2,0.2,0,0.1,0.2,0.1,0,0
108,69,1,3,0.1,0,0,0.6,0.6,0.1,0.6,0.1,0.2,0.4,0.3
99,87,1,2,0,0,0,0.2,0.6,0,0.6,0.5,0,0.1,0
103,87,1,2,0.1,0.1,0,0.4,0.3,0,0.3,0.4,0,0.3,0.1
105,87,1,4,0.2,0.3,0.1,0.7,0.5,0,0.6,0.8,0,0.6,0.2
59,124,1,1,0,0,0.1,0.2,0.2,0,0.1,0.2,0,0.2,0
103,84,0,31,0,2,1,1,7,0,4,11,2,3,0
110,27,1,2,0.1,0.2,0.1,0.3,0.4,0,0.3,0.2,0.1,0.2,0.1
8,13,1,3,0.1,0.1,0.1,0.6,0.5,0.1,0.2,0.8,0,0.4,0.1
89,2,1,4,0,0,0.2,0.2,0.9,0,1.2,0.6,0.1,0.6,0.2
96,2,1,11,0.5,0.2,0.3,1.8,1.5,0.1,1.8,2,0.8,1.7,0.3
62,114,1,3,0,0.1,0.1,0,0.6,0,0.7,0.6,0.3,0.6,0
36,17,1,1,0,0.1,0.1,0.2,0.1,0,0.3,0.1,0,0.1,0
67,17,1,3,0.1,0,0.3,0.2,0.9,0,0.2,0.8,0,0.4,0.1
95,24,1,7,0.3,0.4,0.2,1.4,1.2,0.4,0.4,0.9,0.2,1.1,0.5
57,77,1,7,0.2,0.6,0.4,0.6,1.5,0,1,1.7,0.2,0.8,0
15,52,1,14,0.3,0.9,1.3,1.9,2.9,0.6,1,3.2,0.6,1,0.3
16,52,1,9,0.3,0.5,0.4,1,1.3,0,1.5,2.7,0.4,0.8,0.1
56,52,1,1,0.1,0,0.1,0.1,0.2,0,0.2,0.2,0,0.1,0
61,52,1,8,0.5,0.2,0.9,0.9,1.2,0.2,1.7,1.7,0,0.7,0
71,39,1,4,0.1,0.2,0.1,0.4,0.8,0.2,0.4,0.8,0.1,0.8,0.1
74,98,1,1,0,0.1,0,0.1,0.2,0,0.1,0.2,0.1,0.2,0
109,88,1,3,0,0.2,0.2,0.1,0.6,0.1,0.3,1,0,0.4,0.1
111,88,1,14,0.4,0.9,1.1,2.1,1.7,0,2,2.3,0.9,2.1,0.5
57,18,1,3,0.1,0.1,0,0.6,0.9,0.1,0.2,0.4,0.2,0.4,0
91,29,1,1,0,0.1,0,0.2,0.2,0,0.1,0.1,0,0.2,0.1
81,44,1,1,0,0,0,0.2,0.1,0,0.1,0.4,0.1,0.1,0
74,18,1,4.5,0.1,0,0.4,0.3,1.4,0,0.3,1.2,0.1,0.6,0.1
98,113,1,3,0.1,0.2,0.3,0.2,0.9,0,0.4,0.5,0.1,0,0.3
47,108,1,2,0,0.1,0,0.2,0.3,0,0.3,0.5,0.2,0.4,0
69,108,1,6,0.2,0.4,0.1,1.2,1.1,0,1,1,0.3,0.6,0.1
56,46,1,2,0.1,0.1,0.2,0.2,0.3,0.1,0.4,0.4,0,0.2,0
52,89,1,6,0.3,0.7,0.2,0.9,1.5,0,0.3,1.2,0.2,0.5,0.2
58,89,1,1,0,0.1,0,0.2,0.1,0,0.3,0.2,0,0.1,0
82,69,1,1,0,0,0,0.1,0.3,0,0.3,0.2,0,0.1,0
6,32,1,2,0,0,0.1,0.5,0.1,0.1,0.6,0.4,0.1,0.1,0
22,51,0,39,0,1,2,0,1,0,13,15,0,7,0
23,51,0,23,0,1,0,2,3,0,5,9,0,3,0
59,20,1,4,0,0,0,0.3,0.3,0.1,1.1,1.1,0.1,1,0
45,100,1,8,0,0.3,0,0.8,1,0,1.9,2.4,0,1.3,0.3
47,100,1,3,0.1,0.1,0.1,0.4,0.6,0,0.5,0.3,0.1,0.6,0.2
106,87,1,9,0.1,0.7,0.5,0.3,1.7,0.2,1,3,0.1,1.2,0.2
105,27,1,10,0.5,0.5,0,0.5,1.1,0,2.6,2.7,0.8,1.3,0
106,27,1,27,0.9,3.1,0.9,4,5.5,0,4,3.1,1.8,2.2,1.5
32,42,1,9,0.6,0.6,0,1.4,1.5,0,1,2.3,0.8,0.4,0.4
99,2,1,4,0.2,0.1,0.1,0.7,0.5,0,0.7,0.7,0.3,0.6,0.1
114,2,1,5,0,0.4,0,0.9,1.5,0.2,0.5,0.9,0.4,0.2,0
49,106,1,1,0,0,0,0.1,0.2,0,0.1,0.3,0.1,0.2,0
57,28,1,3,0,0.4,0.1,0.4,0.6,0,0.4,0.7,0.1,0.3,0
27,8,1,5,0.4,0.1,0.2,0.8,0.7,0,1.1,1.1,0.1,0.5,0
28,8,1,2,0.2,0.1,0.1,0.3,0.3,0,0.4,0.4,0,0.2,0
71,92,1,2,0,0.1,0.1,0.1,0.3,0,0.5,0.5,0.1,0.3,0
112,88,0,24,1,2,0,0,6,0,4,8,1,2,0
60,18,1,5,0.2,0.2,0,0.9,1.5,0.2,0.4,0.6,0.4,0.6,0
67,18,1,4,0.1,0,0.4,0.3,1.2,0,0.3,1,0,0.6,0.1
78,127,1,19,1.6,1.5,1.2,3.5,3.7,0.3,1.8,2.1,1.3,1.7,0.3
97,63,1,7,0.2,0.5,0.5,1.2,1.2,0.4,0.2,1.9,0.1,0.6,0.2
65,25,1,4,0,0.6,0.1,0.6,0.7,0,0.6,0.9,0.1,0.4,0
103,25,1,1,0,0,0,0.1,0.1,0,0.3,0.3,0.1,0.1,0
93,36,1,2,0.1,0.4,0.1,0.4,0.4,0,0.1,0.3,0,0.2,0
97,36,1,1,0,0.1,0,0.1,0.3,0,0.1,0.2,0.1,0.1,0
57,108,1,2,0,0.1,0.1,0,0.1,0,0.7,0.8,0,0.2,0
126,36,1,4,0,0.3,0.2,0.3,1.1,0,0.6,0.6,0.2,0.7,0
123,92,1,2,0,0.1,0.1,0.2,0.5,0,0.3,0.6,0,0.2,0
51,89,1,3,0.1,0.3,0.1,0.5,0.8,0,0.2,0.6,0.1,0.2,0.1
110,83,1,2,0.1,0.1,0.1,0.3,0.2,0.1,0.3,0.5,0.1,0.2,0
110,89,1,3,0.2,0.3,0.1,0.3,0.8,0,0.1,0.4,0.2,0.6,0
112,89,1,8,0.2,1,0.2,0.8,1.7,0,1,1.7,0.5,0.8,0.1
69,69,1,3,0.2,0.1,0.2,0,0.8,0,0.5,0.4,0,0.5,0.3
21,12,1,5,0,0.7,0,1,1.1,0.1,1.1,0.6,0.1,0.1,0.2
117,92,1,4,0.1,0.2,0.1,0.7,1.1,0.1,0.5,0.6,0.2,0.3,0.1
116,92,1,11,0.3,0.6,0.4,1.8,2.9,0.2,1.3,1.6,0.6,0.9,0.4
102,84,1,5,0.2,0.4,0.1,0.9,0.6,0,0.8,0.9,0,0.8,0.3
111,27,1,7,0,1.2,0,0.2,2.1,0.2,0.6,1.7,0.4,0.4,0.2
113,27,1,2,0,0.3,0,0.1,0.6,0,0.2,0.5,0.1,0.1,0.1
31,95,1,4,0.1,0.2,0,1,0.8,0,0.8,0.2,0.4,0.4,0.1
46,95,1,5,0,0.3,0.2,0.6,0.8,0,1.2,1.1,0.2,0.6,0
48,95,1,4,0,0.3,0.1,0.5,0.6,0,1,0.8,0.2,0.5,0
55,67,1,2,0,0.1,0.1,0.2,0.2,0.1,0.4,0.5,0,0.4,0
28,2,1,3,0.2,0.4,0,0.6,0.3,0.1,0.5,0.1,0.2,0.5,0.1
78,126,0,41,1,3,1,3,7,0,4,6,1,8,7
79,126,1,23,1.9,1.8,1.4,4.2,4.6,0.3,2.2,2.6,1.6,2.1,0.3
80,126,1,3,0.3,0.2,0.2,0.6,0.6,0,0.3,0.3,0.2,0.3,0
34,106,1,2,0,0.1,0.1,0.1,0.5,0.1,0.6,0.3,0.1,0.1,0
59,28,1,4,0,0.6,0.1,0.6,0.7,0,0.6,0.9,0.1,0.4,0
55,77,1,4,0,0.5,0.2,0.3,0.8,0,0.6,0.8,0.3,0.5,0
30,52,1,2,0,0.1,0.2,0.2,0.4,0,0.3,0.4,0.1,0.2,0.1
124,52,1,5,0.1,0,0,0.3,0.4,0,1.7,1.4,0,1.1,0
110,87,1,16,0.2,1.1,1,0.6,3,0.4,1.7,5.3,0.2,2.1,0.4
2,19,1,2,0,0.3,0,0.2,0.4,0,0.3,0.4,0.1,0.3,0
71,108,0,30,1,0,2,3,6,0,7,6,1,4,0
95,6,1,3,0.2,0.2,0.1,0.6,0.3,0.1,0.3,0.3,0.1,0.6,0.2
73,18,1,6,0.1,0,0.6,0.4,1.8,0,0.4,1.6,0.1,0.9,0.1
76,44,1,5,0.3,0.5,0.5,0.8,0.8,0.3,0.5,0.8,0.2,0.3,0
83,127,1,2,0.1,0.1,0.1,0.2,0.3,0,0.3,0.5,0.1,0.3,0
111,127,1,5,0.2,0.5,0.3,0.5,1,0.2,0.8,0.7,0.3,0.4,0.1
117,0,1,1,0.1,0.1,0.1,0.1,0.3,0,0.1,0.1,0,0.1,0
64,30,1,5,0,0,0.2,0.5,0.6,0.1,1.1,1.8,0.2,0.5,0
65,30,1,2,0,0,0.1,0.2,0.2,0.1,0.4,0.7,0.1,0.2,0
106,36,1,2,0,0.1,0.1,0.2,0.6,0.1,0.1,0.5,0.1,0.1,0.1
20,45,1,7,0.3,0,0.9,1.2,0.9,0,1.4,1.4,0.6,0.3,0
26,45,1,1,0,0.1,0.1,0.1,0.2,0,0.1,0.2,0,0.1,0.1
122,36,1,2,0,0.1,0.1,0.2,0.5,0,0.3,0.3,0.1,0.4,0
45,1,1,10,0.7,0.4,0.9,1.3,1.4,0,1.2,2.2,0.7,1.2,0
32,46,1,5,0,0.3,0.6,0.6,1.1,0,0.6,0.9,0.1,0.5,0.3
54,46,1,5,0,0.2,0.3,1,1.2,0.1,0.6,1.1,0.1,0.3,0.1
123,83,1,5,0,0.2,0.4,0.6,0.9,0,1.3,0.6,0.2,0.6,0.2
25,20,1,3,0.3,0.6,0.1,0.4,0.5,0,0.6,0.4,0.1,0,0
42,49,1,4,0,0.1,0.2,0.8,0.9,0.1,0.5,0.9,0.1,0.3,0.1
106,30,1,2,0.1,0.1,0.1,0.1,0.5,0,0.4,0.4,0.1,0.2,0
109,36,1,8,0,0.6,0.2,0.9,2.5,0.2,0.4,1.9,0.5,0.6,0.2
105,84,0,20,0,0,0,1,3,1,7,4,0,4,0
106,84,1,13,0.1,0.9,0.8,0.5,2.5,0.3,1.4,4.3,0.2,1.7,0.3
109,84,1,15,0.2,1.1,0.9,0.5,2.9,0.3,1.6,5,0.2,2,0.3
58,29,1,2,0,0.3,0.1,0.3,0.3,0,0.3,0.4,0.1,0.2,0
117,27,1,1,0,0.1,0,0.1,0.3,0,0.1,0.2,0,0.2,0
57,70,1,2,0,0.1,0.1,0.1,0.3,0,0.4,0.5,0.1,0.3,0.1
63,70,1,1,0,0.1,0,0.1,0.2,0,0.3,0.2,0,0.1,0
48,2,1,1,0,0.1,0,0.1,0.3,0,0.1,0.3,0,0.1,0
94,2,1,23,0.9,2.6,1.3,3.9,3.9,0.4,3.1,2.6,2.2,1.7,0.4
115,90,1,2,0.1,0.2,0.1,0.2,0.4,0,0.3,0.4,0.1,0.2,0
75,126,1,6,0,0.5,0.5,1,0.8,0,1.3,1.2,0.1,0.6,0
35,106,1,3,0,0.1,0.1,0.2,0.8,0.1,1,0.5,0.1,0.1,0
86,126,1,2,0,0.2,0,0.3,0.3,0.1,0.4,0.2,0.3,0.1,0.1
18,52,1,20,0.6,1.2,0.8,2.3,2.8,0.1,3.3,6,0.9,1.7,0.3
19,52,1,23,0.6,1.4,1,2.6,3.3,0.1,3.8,6.9,1,2,0.3
69,39,1,1,0,0.1,0,0.1,0.2,0.1,0.1,0.2,0,0.2,0
114,49,1,4,0.1,0.1,0.1,0.7,0.2,0.1,0.5,1.1,0.1,1,0
55,92,1,2,0.1,0.2,0.1,0.3,0.5,0,0.1,0.4,0.1,0.2,0
62,92,1,2,0,0.1,0.1,0.3,0.3,0,0.5,0.5,0.1,0.1,0
113,88,1,6,0.2,0.4,0.5,0.9,0.7,0,0.8,1,0.4,0.9,0.2
64,29,1,3,0,0,0.1,0.3,0.4,0.1,0.7,1,0.1,0.3,0
102,123,1,3,0.2,0.2,0.2,0.4,0.7,0.2,0.3,0.4,0.1,0.3,0
122,123,1,2,0,0,0.2,0.2,0.4,0,0.5,0.5,0,0.2,0
98,6,1,3,0.2,0.1,0,0.3,0.3,0.1,0.6,1.2,0.1,0.1,0
40,44,1,2,0,0.1,0.1,0.4,0.5,0,0.3,0.5,0,0.1,0
99,71,1,3,0.3,0.1,0.4,0.3,0.7,0,0.4,0.4,0,0.2,0.2
90,63,0,27,1,2,3,4,6,2,5,1,2,1,0
16,48,1,2,0.1,0,0.2,0.3,0.3,0,0.4,0.4,0.2,0.1,0
85,25,1,1,0,0.2,0.1,0.1,0.3,0,0.1,0.2,0,0,0
13,36,1,2,0,0,0.1,0.5,0.1,0.1,0.6,0.4,0.1,0.1,0
125,113,1,12,1.4,1.3,0.6,2,3.3,0.2,0.4,1.8,0.6,0.2,0.2
67,30,1,2,0,0.3,0,0,0.6,0,0.2,0.6,0,0.3,0
56,108,1,7,0,0.3,0.3,0,0.5,0,2.3,2.8,0,0.8,0
116,86,1,9,0,0.4,0.5,0.7,2.1,0,1.4,2.8,0.2,0.9,0
107,84,0,36,1,0,5,8,5,1,5,8,2,1,0
34,1,1,4,0.3,0.5,0,0.8,0.4,0.1,0.7,0.1,0.3,0.7,0.1
61,32,1,4,0,0,0.2,0.4,0.5,0.1,0.9,1.4,0.1,0.4,0
85,32,1,13.5,1,1.3,0.3,1.5,2.3,0,2.3,3.9,0.1,0.8,0
24,49,1,8,0.1,0.6,0.4,0.7,1.6,0,1.6,0.7,0.9,1.4,0
25,49,1,2,0,0.1,0.1,0.2,0.4,0,0.4,0.2,0.2,0.4,0
41,49,1,2,0,0.1,0.1,0.4,0.5,0,0.3,0.5,0,0.1,0
53,84,1,3,0.1,0.3,0.1,0.5,0.8,0,0.2,0.6,0.1,0.2,0.1
100,84,1,3,0,0,0,0.4,0.9,0,0.9,0.7,0,0.1,0
104,84,0,24,1,0,1,1,9,0,6,3,1,2,0
112,27,1,9,0,1.6,0,0.3,2.6,0.3,0.8,2.1,0.5,0.5,0.3
89,44,1,6,0,0,0.4,0.6,0.7,0.3,0.7,2.1,0,1.2,0
54,67,1,12,0.3,0.3,0.3,1.2,1.5,0.6,2.3,2.9,0,2.6,0
60,2,1,5,0.2,0.2,0,0.5,0.9,0,0.7,1.4,0.2,0.7,0.2
116,90,1,3,0.1,0.2,0.1,0.5,0.8,0.1,0.3,0.4,0.2,0.2,0.1
124,90,1,2,0,0.1,0.1,0.2,0.5,0,0.3,0.6,0,0.2,0
77,126,0,26,2,0,2,4,5,0,7,4,1,0,1
89,63,1,19,0.7,2.5,1.2,2.8,3.5,0,3.5,3.5,0.5,0.5,0.3
88,126,1,9,0,0.9,0,1.6,1.3,0.6,1.9,0.9,1.2,0.3,0.3
52,77,1,16,0,1.8,0.8,1.3,3.2,0,2.6,3.2,1.3,1.8,0
1,8,1,3,0.1,0.1,0.1,0.6,0.5,0.1,0.2,0.8,0,0.4,0.1
123,45,1,3,0.1,0,0,0.2,0.3,0,1,0.8,0,0.6,0
57,19,1,2,0,0,0,0.2,0.2,0,0.5,0.6,0,0.5,0
58,19,1,12,0,0,0,0.9,0.9,0.3,3.3,3.3,0.3,3,0
78,124,1,11,0.9,0.9,0.7,2,2.2,0.2,1,1.2,0.7,1,0.2
76,102,1,2,0,0.1,0.1,0.1,0.3,0,0.5,0.5,0.1,0.3,0
114,102,1,3,0,0,0.2,0.3,0.3,0.1,0.1,0.5,0.5,0.9,0.1
82,29,1,9,0.7,0.9,0.2,1,1.5,0,1.5,2.6,0.1,0.5,0
88,29,1,4,0.3,0,0.2,0.6,0,0.1,0.3,2,0,0.5,0
89,29,1,4,0.3,0,0.2,0.6,0,0.1,0.3,2,0,0.5,0
101,29,1,2,0,0.1,0.1,0.3,0.3,0,0.6,0.2,0,0.4,0
101,11,1,2,0.1,0.1,0,0.2,0.2,0,0.4,0.8,0.1,0.1,0
97,35,1,5,0,0.4,0.1,0.6,1.5,0.1,0.2,1.2,0.4,0.4,0.1
94,60,1,3,0.1,0.2,0.3,0.4,0.6,0.1,0.3,0.9,0,0.1,0
88,63,1,3,0.1,0.4,0.2,0.4,0.5,0,0.6,0.6,0.1,0.1,0
77,116,1,2,0,0,0.2,0.1,0.3,0,0.5,0.4,0,0.5,0
55,113,1,1,0,0,0,0.1,0.2,0,0.1,0.3,0.1,0.2,0
104,25,1,3,0.1,0.2,0,0.2,0.3,0,0.8,0.8,0.2,0.4,0
70,40,1,7,0.2,0.4,0.1,0.7,1.5,0.4,0.6,1.4,0.2,1.4,0.1
126,113,0,45,2,1,5,5,12,0,3,5,1,8,3
72,30,1,1,0,0.1,0,0,0.3,0,0.1,0.3,0,0.2,0
117,25,1,2,0,0.1,0.1,0.2,0.5,0,0.3,0.3,0.1,0.4,0
49,45,1,3,0,0.1,0.2,0.6,0.7,0,0.4,0.7,0,0.2,0.1
113,49,1,2,0,0.1,0.1,0.3,0.1,0.1,0.2,0.5,0.1,0.5,0
83,45,1,3,0.1,0.1,0.1,0.6,0.1,0,0.2,1.1,0.3,0.4,0
110,88,0,30,1,5,2,1,10,0,7,1,2,1,0
125,99,1,2,0,0.2,0.2,0.3,0.4,0,0.6,0.1,0.2,0,0
47,1,1,3,0,0.2,0,0.2,0.8,0,0.3,1.1,0,0.3,0.1
35,1,1,2,0.1,0.3,0,0.4,0.2,0.1,0.3,0.1,0.1,0.3,0.1
83,31,1,1,0.1,0.1,0,0.1,0.2,0,0.2,0.3,0,0,0
116,1,1,3,0.2,0.4,0.2,0.3,1,0.1,0.3,0.4,0,0.1,0
31,41,1,4,0.3,0.3,0,0.6,0.6,0,0.4,1,0.4,0.2,0.2
70,69,1,6,0.5,0.2,0.5,0,1.5,0,1,0.8,0,1,0.5
95,69,1,11,0.3,0.8,0.3,1,2.1,0.5,2.1,2.6,0.8,0.5,0
109,69,1,5,0.1,0,0,1.1,0.9,0.2,1.1,0.2,0.3,0.6,0.5
114,116,1,2,0.1,0,0.1,0.4,0.2,0,0.3,0.4,0.1,0.4,0
83,32,1,7,0.5,0.7,0.1,0.8,1.2,0,1.2,2,0.1,0.4,0
87,20,1,2,0,0,0,0,0.4,0,0.6,0.5,0,0.5,0
108,37,1,4,0,0.3,0.1,0.5,1.2,0.1,0.2,0.9,0.3,0.3,0.1
18,49,1,4,0.1,0.2,0.2,0.5,0.6,0,0.6,1.2,0.2,0.3,0.1
16,49,1,8,0.2,0.5,0.4,0.9,1.1,0,1.3,2.4,0.4,0.7,0.1
23,49,1,3,0,0.2,0.2,0.3,0.6,0,0.6,0.3,0.3,0.5,0
21,49,0,84,3,6,3,15,11,1,16,16,6,7,0
17,49,1,3,0.1,0.2,0.1,0.3,0.4,0,0.5,0.9,0.1,0.3,0.1
63,49,1,1,0.1,0,0.1,0.1,0.2,0,0.2,0.2,0,0.1,0
73,8,1,1,0,0.1,0,0.1,0.2,0,0.1,0.3,0.1,0.1,0
88,49,1,3,0,0,0.2,0.3,0.4,0.1,0.4,1,0,0.6,0
107,88,0,25,0,2,0,1,6,0,7,6,0,3,0
34,42,1,5,0.3,0.3,0,0.8,0.8,0,0.6,1.3,0.5,0.2,0.2
68,18,1,1,0,0,0.1,0.1,0.3,0,0.1,0.3,0,0.1,0
73,38,1,3,0.1,0.2,0,0.3,0.6,0.2,0.3,0.6,0.1,0.6,0
80,38,1,2,0.1,0.4,0.1,0.4,0.4,0,0.1,0.3,0,0.2,0
95,2,0,52,4,0,0,10,6,0,4,11,6,11,0
71,126,1,2,0,0.2,0.2,0.3,0.3,0,0.4,0.4,0,0.2,0
36,52,1,1,0,0,0.1,0.2,0.3,0,0.1,0.2,0,0.1,0
57,8,1,1,0,0.1,0,0.1,0.1,0.1,0.2,0.2,0.1,0.1,0
74,49,1,2,0.1,0.1,0.1,0.2,0.2,0,0.7,0.3,0,0.2,0.1
69,19,1,2,0.1,0,0.2,0.1,0.6,0,0.1,0.5,0,0.3,0.1
88,45,1,4,0,0,0.3,0.4,0.5,0.2,0.5,1.3,0,0.8,0
120,102,1,4,0.1,0.4,0.3,0.5,0.9,0,1.3,0.2,0.3,0,0
94,29,1,1,0,0.1,0,0.2,0.2,0,0.1,0.1,0,0.2,0.1
56,1,1,2,0.1,0.1,0,0.2,0.3,0,0.3,0.5,0.1,0.3,0.1
82,35,1,1,0,0.2,0,0.2,0.2,0,0.1,0.2,0,0.1,0
87,63,1,6,0.2,0.8,0.4,0.9,1.1,0,1.1,1.1,0.1,0.2,0.1
20,48,0,27,0,1,0,3,10,1,5,4,0,1,2
75,113,1,3,0.1,0.2,0.2,0.3,0.5,0,0.5,0.6,0.2,0.4,0
81,113,1,1,0,0,0.1,0.2,0.1,0,0.2,0.3,0,0.1,0
57,36,1,2,0,0.3,0,0,0.6,0,0.2,0.6,0,0.3,0
76,40,1,12,0.6,2.1,0.6,2.4,2.7,0,0.9,1.8,0,0.9,0
127,113,0,38,0,2,2,1,7,1,13,8,0,4,0
81,45,1,2,0.1,0.1,0.1,0.3,0.1,0,0.1,0.7,0.2,0.3,0
94,8,1,4,0.2,0.2,0.1,0.8,0.5,0.1,0.4,0.5,0.1,0.8,0.3
40,8,1,8,0.5,0.6,0,0.2,1.7,0,1.9,2.1,0.4,0.6,0
50,92,1,5,0.2,0.6,0.2,0.8,1.3,0,0.2,1,0.2,0.4,0.1
59,19,1,5,0,0,0,0.4,0.4,0.1,1.4,1.4,0.1,1.2,0
84,45,1,1,0,0,0,0.2,0.1,0,0.1,0.4,0.1,0.1,0
72,19,1,2,0.1,0,0.2,0.1,0.6,0,0.1,0.5,0,0.3,0.1
102,29,1,1,0,0,0.1,0.1,0.2,0,0.3,0.1,0,0.2,0
71,107,0,48,4,8,2,5,7,0,4,5,7,6,0
66,31,1,2,0,0.3,0,0,0.6,0,0.2,0.6,0,0.3,0
84,32,0,32,1,5,0,4,6,1,4,7,1,3,0
46,20,1,4,0.1,0.2,0.2,0.7,0.4,0.1,1.3,0.5,0.2,0.3,0
116,20,1,1,0,0,0,0.1,0.1,0,0.5,0.1,0,0.1,0.1
75,125,1,2,0,0.2,0.2,0.3,0.3,0,0.4,0.4,0,0.2,0
72,49,1,5,0.2,0.2,0.3,0.5,0.5,0,1.7,0.9,0,0.5,0.2
93,8,1,7,0.4,0.4,0.2,1.5,0.8,0.2,0.6,0.8,0.2,1.5,0.4
11,59,1,4,0,0.6,0.5,0.4,0.9,0.1,0.5,0.3,0.1,0.3,0.3
92,116,1,3,0,0,0.3,0,0.1,0,0.5,1.3,0,0.8,0
51,77,1,8,0,0.9,0.4,0.7,1.6,0,1.3,1.6,0.6,0.9,0
1,39,1,2,0,0,0.1,0.5,0.1,0.1,0.6,0.4,0.1,0.1,0
34,39,1,2,0.1,0.2,0,0.3,0.3,0,0.2,0.5,0.2,0.1,0.1
43,8,1,2,0.1,0.1,0,0.1,0.4,0,0.5,0.5,0.1,0.2,0
103,48,1,4,0,0.1,0,0.2,1.2,0.2,0.5,0.5,0.6,0.7,0
102,48,1,4,0,0.1,0,0.2,1.2,0.2,0.5,0.5,0.6,0.7,0
103,29,1,1,0,0,0.1,0.1,0.2,0,0.3,0.1,0,0.2,0
72,107,1,15,0.3,1.2,0.6,1.7,2,0,2.3,4,1.7,1.2,0
107,18,1,5,0.4,0.2,0.1,0.5,0.5,0.1,1,1.9,0.1,0.2,0
108,18,1,2,0.1,0.1,0,0.2,0.2,0,0.4,0.8,0.1,0.1,0
77,127,1,13,1.1,1,0.8,2.4,2.6,0.2,1.2,1.5,0.9,1.1,0.2
45,63,1,4,0,0.1,0.2,0.8,0.9,0.1,0.5,0.9,0.1,0.3,0.1
99,63,1,4,0.1,0.3,0.3,0.7,0.7,0.2,0.1,1.1,0.1,0.3,0.1
57,25,1,3,0,0.4,0.1,0.4,0.6,0,0.4,0.7,0.1,0.3,0
25,48,1,4,0,0,0.4,0.2,0.2,0,2.5,0.5,0,0.2,0
83,36,1,2,0.1,0.4,0.1,0.4,0.4,0,0.1,0.3,0,0.2,0
105,25,1,1,0,0,0,0.1,0.1,0,0.3,0.3,0.1,0.1,0
108,36,1,12,0,0.9,0.3,1.4,3.7,0.3,0.6,2.8,0.8,0.9,0.3
114,22,1,2,0.1,0.1,0,0.2,0.2,0,0.4,0.8,0.1,0.1,0
95,1,1,1,0,0.1,0.1,0.2,0.2,0,0.1,0.1,0.1,0.1,0
99,1,1,1,0,0,0,0.2,0.1,0,0.2,0.2,0.1,0.2,0
65,31,1,6,0,0,0.2,0.6,0.8,0.2,1.3,2.1,0.2,0.6,0
62,69,1,1,0,0.1,0,0.1,0.2,0,0.3,0.2,0,0.1,0
68,69,1,5,0.4,0.2,0.4,0,1.3,0,0.8,0.6,0,0.9,0.4
94,69,1,2,0,0.1,0.1,0.2,0.4,0.1,0.4,0.5,0.1,0.1,0
20,51,0,28,2,2,0,5,4,0.5,1,12,0.5,1,0
51,63,1,1,0,0,0.1,0.2,0.3,0,0.1,0.2,0,0.1,0
44,32,1,4,0.1,0.4,0.1,0.7,0.8,0.3,0.6,0.4,0.2,0.4,0
110,51,1,2,0,0.1,0.1,0.3,0.1,0.1,0.2,0.5,0.1,0.5,0
6,20,1,3,0.1,0.1,0.1,0.6,0.5,0.1,0.2,0.8,0,0.4,0.1
106,37,1,2,0,0.1,0.1,0.2,0.6,0.1,0.1,0.5,0.1,0.1,0.1
60,125,1,4,0.1,0.2,0.3,0.7,0.6,0,0.5,0.9,0.1,0.6,0
71,125,1,6,0,0.5,0.5,1,0.8,0,1.3,1.2,0.1,0.6,0
69,70,1,1,0.1,0,0.1,0,0.2,0,0.2,0.1,0,0.2,0.1
69,126,1,4,0,0,0.2,0.3,0.7,0,0.7,0.7,0,1.2,0.2
50,63,1,3,0,0.1,0.2,0.6,0.7,0,0.4,0.7,0,0.2,0.1
126,111,0,18,0,0,0,0,3,0,0,8,0,7,0
125,111,0,52,0,7.5,0,3,13,0,7,13,2.5,5,1
68,29,1,5,0,0.7,0,0,1.7,0,0.5,1.4,0,0.7,0
75,107,1,4,0.1,0.3,0.1,0.5,0.5,0,0.6,1.1,0.5,0.3,0
64,71,1,25,1.1,1.9,0,2.2,4.1,0.8,6.7,6,0,2.2,0
75,127,1,1,0,0.1,0.1,0.2,0.1,0,0.2,0.2,0,0.1,0
73,113,1,5,0.1,0.4,0.3,0.4,0.9,0.1,0.8,1,0.3,0.7,0
105,57,1,3,0.1,0.2,0.2,0.5,0.5,0.2,0.1,0.8,0,0.3,0.1
120,52,1,1,0,0,0,0.1,0.1,0,0.3,0.3,0,0.2,0
84,48,1,4,0.2,0.2,0.2,0.7,0.2,0,0.2,1.4,0.4,0.5,0
124,99,1,3,0.1,0.3,0.2,0.4,0.6,0,1,0.2,0.2,0,0
45,99,1,2,0,0.1,0,0.2,0.2,0,0.5,0.6,0,0.3,0.1
66,1,1,18,0.4,1.1,0.8,2.7,1.9,0.8,2.7,4.6,1.1,1.5,0.4
58,70,0,30.5,1,0.5,0,2,2,0.5,10,7,2.5,5,0
98,1,1,3,0.1,0.1,0.1,0.5,0.4,0,0.5,0.5,0.2,0.5,0.1
101,1,1,3,0.1,0.1,0.1,0.5,0.4,0,0.5,0.5,0.2,0.5,0.1
64,31,1,3,0,0,0.1,0.3,0.4,0.1,0.7,1,0.1,0.3,0
19,51,1,17.5,0.5,1.1,0.7,2,2.5,0.1,2.9,5.2,0.8,1.5,0.2
73,116,1,2,0.1,0.1,0,0.3,0.3,0,0.2,0.6,0,0.4,0
79,20,1,2,0.1,0,0,0.3,0.2,0.1,0.2,0.6,0,0.5,0
83,37,1,3,0.1,0.5,0.2,0.6,0.7,0,0.2,0.5,0,0.2,0
77,125,1,14,1.2,1.1,0.9,2.5,2.8,0.2,1.3,1.6,1,1.2,0.2
20,49,1,21,0.6,1.2,0.9,2.4,3,0.1,3.4,6.3,1,1.8,0.3
123,125,1,15,0.3,1.2,1.7,1.8,3.8,0.3,1.2,2.6,0.6,1.5,0
93,125,1,11,0.8,0.5,0,0.8,1.6,0,2.1,2.3,0.5,2.4,0
81,48,1,5,0.2,0.2,0.2,0.9,0.2,0,0.3,1.8,0.5,0.7,0
121,48,1,5,0.1,0,0,0.3,0.4,0,1.7,1.4,0,1.1,0
74,75,1,5,0,0.3,0.1,0,1.6,0,1.5,1.1,0.1,0.2,0.1
127,111,1,13,0.5,0.8,0.5,2.7,1.6,0,1.3,2.7,1.6,0.8,0.5
67,29,1,3,0,0.4,0,0,1,0,0.3,0.9,0,0.4,0
70,107,1,22,0.8,1.4,0.3,4.3,4.1,0,3.8,3.5,1.1,2.2,0.5
27,2,1,1,0.1,0.1,0,0.2,0.1,0,0.2,0,0.1,0.2,0
64,70,1,14,0.6,1,0,1.3,2.3,0.4,3.8,3.3,0,1.3,0
65,70,1,2,0.1,0.1,0,0.2,0.3,0.1,0.5,0.5,0,0.2,0
80,70,1,3,0,0.1,0.1,0.3,0.9,0,0.9,0.6,0,0.1,0
61,117,1,4,0,0.2,0.2,0,0.8,0,0.9,0.8,0.3,0.8,0
127,67,1,4,0.5,0.1,0.1,0.5,0.8,0.2,0.7,0.7,0.1,0.2,0.1
64,126,1,15,1.4,0.9,0,4.1,0.9,0,3.6,0.5,0.9,2.7,0
21,51,0,19,1,0,1,2,2,0,4,5,0,4,0
112,63,1,2,0.1,0.1,0.1,0,0.5,0,0.4,0.4,0,0.3,0.1
17,52,1,6,0.2,0.4,0.2,0.7,0.8,0,1,1.8,0.3,0.5,0.1
22,52,0,25,2,0,0,1,3,0,3,4,2,10,0
25,39,1,5,0.1,0.5,0.1,0.9,1,0.4,0.7,0.5,0.3,0.5,0
115,125,1,1,0,0.1,0.1,0.1,0.2,0,0.2,0.1,0.1,0.1,0
83,40,1,10,0.4,0,0.4,1.1,1.9,0,2.7,1.2,0,2.3,0
86,125,1,18,0,1.9,0,3.1,2.5,1.2,3.7,1.9,2.5,0.6,0.6
57,29,1,2,0,0.3,0.1,0.3,0.3,0,0.3,0.4,0.1,0.2,0
69,107,1,8,0.3,0.5,0.1,1.5,1.5,0,1.4,1.3,0.4,0.8,0.2
68,107,1,9,0.3,0.6,0.1,1.8,1.7,0,1.6,1.4,0.4,0.9,0.2
93,124,1,1,0.1,0.1,0,0.1,0.1,0,0.2,0.2,0,0.2,0
74,107,1,8,0.2,0.6,0.3,0.9,1.1,0,1.2,2.2,0.9,0.6,0
65,1,1,1,0,0.1,0,0.1,0.2,0,0.1,0.3,0,0.1,0.1
102,6,1,2,0.1,0.1,0,0.2,0.2,0,0.4,0.8,0.1,0.1,0
103,18,1,1,0,0,0,0.2,0.2,0,0.1,0.2,0.1,0.2,0
83,74,1,1,0,0,0,0.1,0.3,0,0.3,0.2,0,0.1,0
90,71,1,6,0.2,0.4,0.2,0.6,1.1,0.3,1.1,1.4,0.4,0.3,0
110,74,1,2,0.1,0.2,0.1,0.3,0.4,0,0.2,0.3,0.1,0.3,0
125,35,1,2,0,0.1,0.1,0.2,0.5,0,0.3,0.3,0.1,0.4,0
11,63,1,6,0,0.9,0.8,0.6,1.3,0.2,0.8,0.4,0.2,0.4,0.4
70,116,1,3,0.2,0.1,0.1,0.5,0.4,0,0.2,0.9,0.1,0.5,0
84,63,1,5,0.3,0.4,0.5,0.7,1.5,0.1,0.3,0.6,0.2,0.4,0
65,20,1,3,0.1,0.1,0,0.6,0.9,0.1,0.2,0.4,0.2,0.4,0
24,48,1,3,0,0,0.3,0.1,0.1,0,1.9,0.4,0,0.2,0
26,39,1,1,0.1,0.1,0,0.2,0.2,0,0.1,0.2,0.1,0,0
82,30,1,2,0.2,0.2,0,0.2,0.3,0,0.4,0.6,0,0.1,0
78,125,0,31,1,3,2,3,7,0,4,4,2,5,0
53,107,1,4,0.1,0.2,0,0.5,0.6,0,0.5,1,0.3,0.8,0
81,99,1,4,0,0.1,0.1,0.3,0.7,0,0.9,1,0.1,0.7,0.1
107,124,1,10,0.3,0.9,0.6,1,2,0.5,1.6,1.5,0.7,0.8,0.1
94,125,1,18,1.3,0.9,0,1.3,2.6,0,3.4,3.8,0.9,3.8,0
29,51,1,1,0,0.1,0.1,0.1,0.2,0,0.1,0.2,0,0.1,0.1
93,69,1,2,0,0.1,0.1,0.2,0.4,0.1,0.4,0.5,0.1,0.1,0
13,51,1,1,0,0.1,0.1,0.1,0.2,0,0.1,0.2,0.1,0.1,0
12,51,1,1,0,0.1,0.1,0.1,0.2,0,0.1,0.2,0.1,0.1,0
76,126,1,16,1.4,1.3,1,2.9,3.2,0.2,1.5,1.8,1.1,1.4,0.2
55,127,1,4,0,0.2,0.2,0.2,0.9,0,0.4,1.7,0,0.4,0
122,51,1,3,0.1,0,0,0.2,0.3,0,1,0.8,0,0.6,0
101,20,1,3,0.1,0.2,0.1,0.5,0.6,0.1,0.2,0.5,0.2,0.5,0
72,37,1,10,0.3,0.5,0.2,1.1,2.1,0.5,0.9,1.9,0.4,1.9,0.2
23,37,1,2,0.1,0.2,0.1,0.3,0.4,0.1,0.3,0.2,0.1,0.2,0
84,40,1,2,0.1,0,0.1,0.2,0.4,0,0.5,0.2,0,0.5,0
46,99,1,4,0.1,0.2,0.2,0.5,0.8,0,0.7,0.4,0.1,0.8,0.2
116,59,1,1,0,0,0,0,0.1,0,0.3,0.2,0,0.4,0
83,126,1,10,0.5,0.7,0.4,0.7,1.6,0.1,1.4,2.7,0.2,1.7,0
86,19,1,1,0,0,0,0,0.2,0,0.3,0.2,0,0.3,0
112,99,1,1,0,0,0.1,0.1,0.1,0,0,0.2,0.2,0.3,0
68,70,1,2,0.2,0.1,0.2,0,0.5,0,0.3,0.2,0,0.3,0.2
30,99,1,2,0,0.1,0,0.5,0.4,0,0.4,0.1,0.2,0.2,0.1
19,49,1,3,0.1,0.2,0.1,0.3,0.4,0,0.5,0.9,0.1,0.3,0.1
81,30,1,1,0.1,0.1,0,0.1,0.2,0,0.2,0.3,0,0,0
39,8,1,12,0.8,0.9,0,0.3,2.6,0,2.8,3.1,0.6,0.9,0
91,59,1,5,0.2,0.3,0.5,0.7,0.9,0.2,0.4,1.5,0.1,0.2,0
94,59,1,40,2.1,2.1,4.1,5.5,7.6,1.4,3.4,11.7,0.7,1.4,0
101,45,1,6,0,0.2,0,0.3,1.8,0.3,0.7,0.7,0.9,1.1,0
80,19,1,1,0.1,0,0,0.1,0.1,0,0.1,0.3,0,0.3,0
67,107,1,5,0.2,0.3,0.1,1,0.9,0,0.9,0.8,0.2,0.5,0.1
67,99,1,6,0.1,0.7,0.2,0.8,0.9,0.1,0.6,1.1,0.4,1,0.1
124,111,1,10,1.2,1.1,0.5,1.7,2.7,0.1,0.3,1.5,0.5,0.2,0.2
115,111,1,1,0.1,0,0.1,0.2,0.1,0,0.1,0.2,0,0.2,0
103,107,1,2,0,0.2,0.2,0.1,0.6,0,0.3,0.3,0.1,0,0.2
71,127,1,3,0,0.2,0.3,0.5,0.4,0,0.6,0.6,0.1,0.3,0
64,60,1,5,0.1,0,0.1,0.1,1.1,0,0.3,1.7,0.3,0.8,0.5
99,60,1,3,0.1,0.2,0.2,0.5,0.5,0.2,0.1,0.8,0,0.3,0.1
68,96,1,1,0,0.1,0,0.1,0.2,0,0.1,0.2,0.1,0.2,0
79,125,1,14,1.2,1.1,0.9,2.5,2.8,0.2,1.3,1.6,1,1.2,0.2
49,99,1,4,0.1,0.2,0.2,0.5,0.8,0,0.7,0.4,0.1,0.8,0.2
93,59,1,6,0.3,0.3,0.6,0.8,1.2,0.2,0.5,1.8,0.1,0.2,0
104,29,1,1,0,0,0.1,0.1,0.2,0,0.3,0.1,0,0.2,0
23,48,1,4,0,0,0.4,0.2,0.2,0,2.5,0.5,0,0.2,0
25,40,1,1,0,0.1,0,0.2,0.2,0.1,0.1,0.1,0.1,0.1,0
99,113,1,9,0.2,0.7,1,0.5,2.8,0,1.3,1.5,0.2,0,0.8
106,25,1,2,0.1,0.2,0.1,0.3,0.4,0,0.3,0.2,0.1,0.2,0.1
101,48,1,3,0,0.1,0,0.2,0.9,0.2,0.3,0.4,0.4,0.5,0
90,59,1,6,0.2,0.8,0.4,0.9,1.1,0,1.1,1.1,0.1,0.2,0.1
73,75,1,3,0,0.2,0.1,0,0.9,0,0.9,0.6,0.1,0.1,0.1
95,75,1,2,0.1,0.1,0.2,0.2,0.6,0,0.4,0.1,0.1,0.2,0
66,99,1,2,0,0.2,0.1,0.3,0.3,0,0.2,0.4,0.1,0.3,0.1
55,51,1,1,0,0,0.1,0.2,0.3,0,0.1,0.2,0,0.1,0
115,1,1,2,0,0.1,0,0.4,0.6,0.1,0.2,0.4,0.1,0.1,0
109,89,1,17,1,2.1,0.5,1.6,4.6,0,0.5,2.1,1,3.6,0
46,69,1,4,0.1,0,0,0.4,0.1,0.1,1.5,1,0.1,0.7,0
54,69,1,2,0,0,0,0.2,0.1,0.1,0.7,0.5,0.1,0.3,0
30,51,1,5,0,0.3,0.6,0.6,1.1,0,0.6,0.9,0.1,0.5,0.3
123,51,1,2,0.1,0,0,0.1,0.2,0,0.7,0.5,0,0.4,0
57,76,0,60,3,6,4,9,10,1,9,4,7,7,0
58,125,1,6,0.2,0.3,0.4,1.1,0.9,0,0.7,1.3,0.2,0.9,0
105,37,1,1,0,0.1,0,0.1,0.3,0,0.1,0.2,0.1,0.1,0
104,111,1,4,0.5,0.3,0,1,0.3,0,0.7,0.6,0.3,0.3,0
82,40,1,4,0.1,0,0.1,0.5,0.8,0,1.1,0.5,0,0.9,0
89,59,1,4,0.2,0.5,0.3,0.6,0.7,0,0.7,0.7,0.1,0.1,0.1
90,60,1,11,0.4,1.5,0.7,1.6,2,0,2,2,0.3,0.3,0.2
54,75,1,1,0,0.1,0,0.1,0.2,0,0.2,0.2,0.1,0.1,0
95,111,1,2,0,0,0.2,0,0.1,0,0.3,0.9,0,0.5,0
53,99,1,4,0.1,0.2,0.2,0.5,0.8,0,0.7,0.4,0.1,0.8,0.2
60,117,1,2,0,0.2,0.1,0.2,0.3,0,0.3,0.5,0,0.4,0
91,21,1,2,0,0,0,0,0.4,0,0.6,0.5,0,0.5,0
106,29,1,4,0.2,0.2,0.3,0.2,1.1,0,0.7,0.8,0.2,0.3,0
80,40,1,6,0.3,1,0.3,1.2,1.3,0,0.5,0.9,0,0.5,0
103,111,1,8,0.9,0.6,0,2,0.6,0,1.5,1.2,0.6,0.6,0
57,75,1,2,0,0.2,0.1,0.2,0.4,0,0.3,0.5,0.1,0.2,0
123,124,1,8,0.2,0.6,0.9,1,2,0.2,0.6,1.4,0.3,0.8,0
47,99,1,2,0,0.1,0.1,0.3,0.4,0,0.4,0.2,0,0.4,0.1
65,105,1,7,0,0.3,0.3,0,0.5,0,2.3,2.8,0,0.8,0
96,74,1,4,0,0.2,0.2,0.3,1,0.1,0.7,1,0.5,0,0
113,74,1,1,0,0.2,0,0,0.2,0,0.2,0.3,0,0.1,0
65,127,1,3,0.3,0.2,0,0.8,0.2,0,0.7,0.1,0.2,0.5,0
25,41,1,1,0,0.1,0,0.2,0.2,0.1,0.1,0.1,0.1,0.1,0
126,60,1,2,0.1,0,0.1,0.2,0.3,0,0.6,0.5,0,0.2,0
102,111,1,2,0.2,0.1,0,0.5,0.2,0,0.4,0.3,0.1,0.2,0
80,124,1,4,0.3,0.3,0.2,0.7,0.8,0.1,0.4,0.4,0.3,0.4,0.1
115,59,1,1,0,0,0,0,0.3,0,0.2,0.2,0,0.2,0.1
94,1,1,14,0.5,1.6,0.8,2.4,2.4,0.3,1.8,1.6,1.3,1,0.3
71,74,1,4,0,0.3,0.1,0,1.2,0,1.1,0.9,0.1,0.2,0.1
56,76,1,9,0.2,0.7,0.5,0.8,1.9,0,1.2,2.3,0.2,1.1,0.1
87,59,1,1,0,0.1,0.1,0.2,0.2,0,0.2,0.2,0,0,0
117,107,1,2,0.1,0.1,0.1,0.2,0.3,0,0.4,0.5,0,0.2,0.1
114,1,1,5,0,0.4,0,0.9,1.5,0.2,0.5,0.9,0.4,0.2,0
83,117,1,7,0,0.2,0.6,0.3,1.1,0,1.7,1.5,0,1.6,0
58,75,1,3,0.1,0.2,0.2,0.3,0.6,0,0.4,0.7,0.1,0.4,0
61,75,1,5,0.1,0,0,0.4,0.8,0.1,1,1.1,0.1,1.4,0
122,124,1,2,0,0.2,0.2,0.2,0.5,0,0.2,0.4,0.1,0.2,0
89,60,1,2,0.1,0.3,0.1,0.3,0.4,0,0.4,0.4,0,0,0
127,32,1,1,0,0,0,0.1,0.1,0,0.3,0.3,0,0.2,0
105,107,1,1,0,0.1,0.1,0.1,0.3,0,0.1,0.2,0,0,0.1
57,69,1,17,0.1,1.1,1.2,1.2,2.9,0.3,3.2,3.9,0.4,2.3,0.4
65,59,1,5,0.1,0,0.1,0.1,1.1,0,0.3,1.7,0.3,0.8,0.5
91,60,1,1,0.1,0.1,0.1,0.1,0.2,0,0.1,0.3,0,0,0
71,1,1,3,0.1,0.2,0.1,0.4,0.3,0.1,0.4,0.8,0.2,0.3,0.1
70,127,1,2,0,0,0.1,0.2,0.3,0,0.3,0.4,0,0.6,0.1
80,20,1,2,0.1,0,0,0.3,0.2,0.1,0.2,0.6,0,0.5,0
98,20,1,8,0.2,0.5,0.2,1.3,1.6,0.2,0.7,1.3,0.7,1.3,0
108,57,1,3,0.1,0.1,0.1,0,0.8,0,0.6,0.7,0,0.5,0.1
120,57,1,1,0,0,0,0,0.1,0,0.3,0.2,0,0.4,0
79,124,1,8,0.7,0.6,0.5,1.5,1.6,0.1,0.7,0.9,0.6,0.7,0.1
20,21,1,2,0.2,0.4,0.1,0.2,0.3,0,0.4,0.3,0.1,0,0
93,1,1,4,0.1,0.4,0.2,0.7,0.7,0.1,0.5,0.5,0.4,0.3,0.1
60,75,1,14,0.3,1.1,0.8,1.3,2.9,0,1.9,3.5,0.4,1.7,0.1
104,75,1,3,0,0.2,0.1,0.2,0.4,0.1,0.4,1.3,0,0.3,0
47,59,1,1,0,0,0.1,0.2,0.3,0,0.1,0.2,0,0.1,0
99,70,1,1,0.1,0,0.1,0.1,0.3,0,0.1,0.1,0,0.1,0.1
83,38,1,3,0.1,0.5,0.2,0.6,0.7,0,0.2,0.5,0,0.2,0
89,21,1,1,0,0,0,0,0.2,0,0.3,0.2,0,0.3,0
111,70,1,1,0,0,0.1,0.2,0.2,0,0.3,0.1,0.1,0,0
115,18,1,2,0.1,0.1,0,0.2,0.2,0,0.4,0.8,0.1,0.1,0
63,71,1,1,0,0.1,0,0.1,0.2,0,0.3,0.2,0,0.1,0
101,117,1,7,0.3,0.1,0.1,1.2,0.8,0.1,1.5,2,0.3,0.6,0
37,60,1,3,0,0.1,0.2,0.6,0.7,0,0.4,0.7,0,0.2,0.1
97,75,1,12,0,0.5,0.6,0.8,3.1,0.3,2.2,3.1,1.4,0,0
57,127,1,2,0.1,0.1,0.1,0.4,0.3,0,0.2,0.4,0.1,0.3,0
100,117,1,9,0,0.5,0.5,0.3,2.1,0,1.6,2.9,0.3,0,0.8
21,48,1,9,0,0,0.8,0.4,0.4,0,5.7,1.3,0,0.4,0
92,76,1,3,0.1,0.2,0.3,0.2,0.9,0.1,0.6,0.1,0.1,0.4,0
64,127,1,2,0.2,0.1,0,0.5,0.1,0,0.5,0.1,0.1,0.4,0
111,32,1,2,0.1,0.1,0.1,0.1,0.5,0,0.4,0.4,0.1,0.2,0
112,32,1,8,0.4,0.4,0.6,0.4,2.1,0,1.5,1.5,0.4,0.7,0
8,25,1,1,0,0,0,0.3,0,0.1,0.3,0.2,0,0.1,0
59,75,0,19,0,1,0,1,1,1,4,9,0,2,0
59,69,1,23,0.2,1.5,1.5,1.6,3.9,0.4,4.3,5.3,0.6,3.1,0.6
85,117,1,1,0,0,0.1,0,0.2,0,0.3,0.2,0,0.2,0
78,20,1,3,0.2,0,0,0.4,0.3,0.1,0.3,0.9,0,0.8,0
61,48,1,3,0.2,0.1,0.3,0.4,0.4,0.1,0.6,0.6,0,0.3,0
125,117,1,3,0,0,0.2,0.3,0.6,0,0.8,0.8,0,0.3,0
103,70,1,7,0.7,0.2,0.9,0.7,1.6,0,0.9,1,0,0.5,0.5
69,105,1,2,0.1,0.1,0,0.4,0.4,0,0.3,0.3,0.1,0.2,0.1
104,32,1,1,0,0,0.1,0.1,0.2,0,0.3,0.1,0,0.2,0
103,32,1,7,0,0.4,0.4,0.9,1.1,0,2,0.7,0.2,1.3,0
96,105,1,6,0.2,0.5,0.7,0.3,1.8,0,0.8,1,0.2,0,0.5
58,69,1,8,0.1,0.5,0.5,0.6,1.4,0.1,1.5,1.8,0.2,1.1,0.2
50,99,1,1,0,0,0.1,0.1,0.2,0,0.2,0.1,0,0.2,0.1
112,70,1,2,0,0,0.2,0.3,0.4,0,0.6,0.3,0.1,0.1,0
124,105,1,4.5,0.2,0.3,0.3,0.4,0.7,0,0.8,1.1,0.1,0.5,0.1
97,117,1,8,0,0.5,0.5,0.2,1.9,0,1.4,2.6,0.2,0,0.7
91,74,1,2,0.1,0.1,0.2,0.2,0.6,0,0.4,0.1,0.1,0.2,0
111,83,1,4,0.2,0,0,0.9,0.4,0,0.4,1.7,0.3,0.1,0
22,40,1,3,0.1,0.3,0.1,0.5,0.6,0.2,0.4,0.3,0.2,0.3,0
112,83,0,35,0,4,1,0,6,0,4,12,3,4,1
106,70,1,2,0.1,0,0,0.4,0.4,0.1,0.4,0.1,0.1,0.2,0.2
63,21,1,1,0,0.1,0,0.2,0.3,0,0.1,0.1,0.1,0.1,0
108,32,1,2,0.1,0.1,0.1,0.1,0.5,0,0.4,0.4,0.1,0.2,0
66,105,1,1,0,0.1,0,0.2,0.2,0,0.2,0.2,0,0.1,0
127,38,1,2,0,0.1,0.1,0.2,0.5,0,0.3,0.3,0.1,0.4,0
88,19,1,1,0,0,0,0,0.2,0,0.3,0.2,0,0.3,0
93,76,1,2,0.1,0.1,0.2,0.2,0.6,0,0.4,0.1,0.1,0.2,0
102,117,1,2,0.1,0,0,0.4,0.2,0,0.4,0.6,0.1,0.2,0
116,63,1,1,0,0,0,0,0.1,0,0.3,0.2,0,0.4,0
124,107,1,2,0.1,0.1,0.1,0.2,0.3,0,0.4,0.5,0,0.2,0.1
74,48,1,1,0,0,0.1,0.1,0.1,0,0.4,0.2,0,0.1,0
108,105,1,1,0.1,0,0.1,0.2,0.1,0,0.1,0.2,0,0.2,0
58,71,0,55,0,3,1,4,9,1,8,13,2,13,1
112,76,1,2,0,0.4,0,0.1,0.4,0,0.3,0.7,0,0.1,0
60,21,1,10,0,0,0,0.7,0.8,0.2,2.8,2.8,0.2,2.5,0
126,105,1,10,0.6,0.7,0.3,1.7,1.6,0.3,1.5,2.3,0.4,0.6,0
117,63,1,4,0,0,0,0.1,0.5,0,1.3,0.7,0,1.4,0
59,71,1,9,0.1,0.6,0.6,0.6,1.5,0.2,1.7,2.1,0.2,1.2,0.2
113,83,1,4,0.2,0,0,0.9,0.4,0,0.4,1.7,0.3,0.1,0
88,32,1,3,0.2,0,0.1,0.5,0,0.1,0.2,1.5,0,0.4,0
58,76,1,18,0.4,1.5,1,1.6,3.8,0,2.5,4.5,0.4,2.2,0.1
119,107,1,2,0.1,0.1,0.1,0.2,0.3,0,0.4,0.5,0,0.2,0.1
59,51,1,2,0.1,0.1,0.2,0.2,0.3,0.1,0.4,0.4,0,0.2,0
54,76,1,6,0,0.7,0.3,0.5,1.1,0,1,1.2,0.5,0.7,0
118,105,1,2,0.1,0.1,0.1,0.2,0.3,0,0.4,0.5,0,0.2,0.1
76,105,1,5,0,0.2,0.3,0.9,0.4,0.1,0.9,1.6,0.2,0.3,0.1
105,76,1,7,0,0.4,0.2,0.4,1.1,0.2,1.1,3,0,0.6,0
53,25,1,3,0.1,0.3,0.1,0.5,0.6,0.2,0.4,0.3,0.2,0.3,0
90,32,1,1,0.1,0,0,0.2,0,0,0.1,0.5,0,0.1,0
108,76,1,2,0.1,0.2,0.1,0.3,0.4,0,0.2,0.3,0.1,0.3,0
67,76,1,5,0,0.3,0.1,0,1.6,0,1.5,1.1,0.1,0.2,0.1
98,19,1,2,0,0.1,0.1,0.3,0.4,0.1,0.2,0.3,0.2,0.3,0
113,76,1,2,0,0.4,0,0.1,0.4,0,0.3,0.7,0,0.1,0
127,105,1,4,0.2,0.3,0.1,0.7,0.6,0.1,0.6,1,0.2,0.2,0
66,76,1,1,0,0.1,0,0,0.3,0,0.3,0.2,0,0.1,0
72,105,1,1,0,0.1,0,0.1,0.1,0,0.2,0.3,0.1,0.1,0
66,20,1,2,0.1,0,0.2,0.1,0.6,0,0.1,0.5,0,0.3,0.1
22,70,1,3,0,0.1,0,0.2,0.3,0.1,0.5,0.9,0.3,0.5,0.1
6,70,1,1,0,0.1,0,0.1,0.2,0,0.2,0.2,0,0.1,0.1
13,70,1,2,0.1,0.2,0,0.1,0.4,0,0.4,0.4,0,0.3,0.1
0,120,1,5,0,0.3,0.5,0.8,1.1,0.1,0.7,0.6,0.2,0.6,0.1
8,88,1,9,0.1,0.2,0.5,1.2,0.9,0,1.9,3.1,0.2,0.9,0
9,88,1,12,0.2,0.2,0.6,1.7,1.2,0,2.5,4.1,0.2,1.3,0
1,90,1,2,0,0.3,0.1,0.2,0.4,0,0.3,0.4,0.1,0.2,0
4,67,1,2,0.1,0.2,0,0.1,0.4,0,0.4,0.4,0,0.3,0.1
12,96,1,2,0,0.2,0.1,0.3,0.5,0,0.6,0.2,0.1,0,0
15,67,1,5,0.2,0.4,0,0.3,1,0,1,1,0,0.7,0.4
14,97,1,1,0,0.1,0,0.2,0.3,0,0.3,0.1,0,0,0
4,84,1,7,0.3,0.3,0.4,1.7,0.5,0.2,1.4,1.1,0.2,0.8,0.1
17,73,1,2,0,0.1,0,0.1,0.2,0.1,0.3,0.6,0.2,0.3,0.1
13,97,1,1,0,0.1,0,0.2,0.3,0,0.3,0.1,0,0,0
24,78,1,2,0,0.2,0.2,0.1,0.5,0.1,0.2,0.3,0.1,0.3,0
28,78,1,2,0,0.1,0,0.1,0.2,0.1,0.3,0.6,0.2,0.3,0.1
12,97,1,9,0,1.1,0.3,1.4,2.3,0,2.5,1.1,0.3,0,0
23,65,1,1,0,0,0,0.1,0.1,0,0.2,0.3,0.1,0.2,0
18,91,1,2,0,0.1,0,0.5,0.4,0,0.4,0.1,0.2,0.2,0.1
17,96,1,2,0,0.1,0,0.5,0.4,0,0.4,0.1,0.2,0.2,0.1
5,84,1,6,0.3,0.3,0.3,1.4,0.4,0.2,1.2,0.9,0.2,0.7,0.1
0,82,1,3,0,0.2,0.2,0.1,0.7,0.1,0.5,0.8,0.1,0.1,0.2
9,89,1,4,0.1,0.5,0.1,0.8,1,0.1,0.3,0.6,0.2,0.3,0
3,118,1,6.5,0,0.4,0.6,1,1.5,0.2,0.9,0.7,0.3,0.7,0.2
15,89,1,3,0.1,0.4,0.1,0.5,0.7,0.1,0.2,0.5,0.2,0.2,0
10,89,1,2,0.1,0.2,0.1,0.4,0.5,0.1,0.1,0.3,0.1,0.1,0
17,89,1,3,0.1,0.2,0,0.7,0.6,0,0.6,0.2,0.2,0.3,0.1
15,86,1,3,0.1,0.4,0.1,0.5,0.7,0.1,0.2,0.5,0.2,0.2,0
10,105,1,7,0,0.4,0.6,1.1,1.6,0.2,1,0.8,0.3,0.8,0.2
6,84,0,33,1,1,2,2,9,0,5,4,3,5,1
13,84,1,5,0.2,0.6,0.2,0.9,1.2,0.2,0.3,0.8,0.3,0.3,0
7,85,1,16,0.3,0.3,0.8,2.2,1.6,0,3.3,5.5,0.3,1.7,0
4,89,1,3,0,0.4,0.1,0.3,0.6,0,0.5,0.6,0.1,0.4,0
7,81,1,20,0.3,3.4,0.3,1,5.4,0,3.4,4.1,1.3,0.8,0
19,65,1,1,0,0,0,0.1,0.1,0,0.2,0.3,0.1,0.2,0
20,71,1,1,0,0,0,0.1,0.1,0,0.2,0.3,0.1,0.2,0
7,86,1,10,0.2,0.2,0.5,1.4,1,0,2.1,3.4,0.2,1,0
3,83,1,12,0.5,0.8,1,1.3,2.6,0.5,2.4,1.3,1,0.3,0.3
5,83,0,47,1,6,2,7,9,2,7,8,1,4,0
3,93,1,5,0,0.7,0.2,0.5,0.9,0,0.8,1.1,0.2,0.6,0
8,93,1,1,0,0.1,0,0.2,0.2,0,0.1,0.2,0.1,0.1,0
3,124,1,3,0.1,0.2,0,0.5,0.6,0,0.7,0.7,0.1,0.1,0
0,89,1,1,0,0.1,0.1,0.1,0.2,0,0.2,0.2,0,0.1,0
17,79,1,5,0,0.4,0.4,0.3,1.1,0.3,0.6,0.9,0.3,0.7,0
6,81,1,16,0.2,2.7,0.2,0.8,4.4,0,2.7,3.3,1.1,0.6,0
6,71,1,2,0.1,0.2,0,0.1,0.4,0,0.4,0.4,0,0.3,0.1
4,83,1,27,1.2,1.8,2.3,2.9,5.9,1.2,5.3,2.9,2.3,0.6,0.6
13,81,1,4,0,0.1,0.3,0.7,1.2,0.2,0.4,0.5,0.2,0.4,0
14,110,1,4,0,0.2,0.4,0.6,0.9,0.1,0.5,0.5,0.2,0.5,0.1
1,86,1,6,0.3,0.3,0.3,1.4,0.4,0.2,1.2,0.9,0.2,0.7,0.1
2,86,1,14,0.6,0.6,0.8,3.4,1.1,0.4,2.7,2.1,0.4,1.7,0.2
14,86,1,2,0.1,0.2,0.1,0.4,0.5,0.1,0.1,0.3,0.1,0.1,0
11,91,1,1,0,0.1,0,0.2,0.2,0,0.1,0.2,0.1,0.1,0
23,75,1,3,0,0.2,0.3,0.2,0.7,0.2,0.3,0.5,0.2,0.4,0
5,103,1,2,0,0.2,0.1,0.3,0.5,0,0.6,0.2,0.1,0,0
11,90,1,6,0.2,0.7,0.2,1.1,1.5,0.2,0.4,0.9,0.4,0.4,0
22,77,1,5,0,0.4,0.4,0.3,1.1,0.3,0.6,0.9,0.3,0.7,0
30,77,1,2,0,0.1,0,0.1,0.2,0.1,0.3,0.6,0.2,0.3,0.1
9,77,1,6,0,0.1,0.5,1.1,1.7,0.3,0.6,0.8,0.3,0.6,0
14,81,1,4,0,0.1,0.3,0.7,1.2,0.2,0.4,0.5,0.2,0.4,0
5,82,1,7,0.3,0.5,0.6,0.8,1.5,0.3,1.4,0.8,0.6,0.1,0.1
19,64,1,4,0,0.1,0,0.3,0.4,0.1,0.6,1.3,0.4,0.7,0.1
20,77,1,2,0,0.2,0.2,0.1,0.5,0.1,0.2,0.3,0.1,0.3,0
8,85,1,2,0,0.1,0.1,0.3,0.2,0,0.4,0.7,0,0.2,0
11,85,1,1,0,0.1,0,0.2,0.2,0,0.1,0.2,0.1,0.1,0
6,83,0,63,2,7,2,12,6,4,8,10,4,8,0
7,83,1,13,0.2,2.2,0.2,0.7,3.5,0,2.2,2.7,0.8,0.5,0
9,83,1,9,0.1,1.5,0.1,0.5,2.5,0,1.5,1.9,0.6,0.3,0
2,76,1,7,0,0.5,0.5,0.2,1.8,0.2,1.1,1.8,0.2,0.2,0.5
17,74,1,6,0,0.5,0.5,0.4,1.4,0.3,0.7,1,0.3,0.9,0
14,93,1,2,0.1,0.2,0.1,0.4,0.5,0.1,0.1,0.3,0.1,0.1,0
7,82,0,19,0,1,1,2,2,0,3,5,0,5,0
8,82,1,2,0,0.3,0,0.1,0.6,0,0.4,0.4,0.1,0.1,0
9,82,1,12,0.1,2,0.2,0.6,3.3,0,2,2.5,0.8,0.5,0
21,77,1,4,0,0.3,0.4,0.2,0.9,0.2,0.5,0.7,0.2,0.6,0
0,88,1,13,0,1.8,0.6,1.2,2.4,0,2.1,2.8,0.6,1.5,0
14,108,1,1,0,0.1,0.1,0.2,0.2,0,0.1,0.1,0.1,0.1,0
19,81,1,1,0,0.1,0.1,0.1,0.2,0,0.1,0.2,0.1,0.1,0
6,104,1,1,0,0.1,0.1,0.2,0.2,0,0.1,0.1,0.1,0.1,0
6,82,0,53.5,0,2,1.5,6,8,3,10,16,1,6,0
10,82,1,2,0,0.3,0,0.1,0.6,0,0.4,0.4,0.1,0.1,0
6,85,1,9,0.1,0.2,0.5,1.2,0.9,0,1.9,3.1,0.2,0.9,0
17,82,1,2,0,0.2,0.2,0.1,0.5,0.1,0.2,0.3,0.1,0.3,0
1,91,1,1,0,0.1,0.1,0.1,0.2,0,0.2,0.2,0,0.1,0
5,85,1,5,0.2,0.2,0.3,1.2,0.4,0.1,1,0.7,0.2,0.6,0.1
0,78,1,3,0,0.2,0.2,0.1,0.7,0.1,0.5,0.8,0.1,0.1,0.2
2,78,1,4,0,0.3,0.3,0.1,1,0.1,0.7,1,0.1,0.1,0.3
3,78,1,1,0,0.1,0.1,0,0.2,0,0.2,0.3,0,0,0.1
4,78,1,1,0,0.1,0.1,0,0.2,0,0.2,0.3,0,0,0.1
20,78,1,2,0,0.2,0.2,0.1,0.5,0.1,0.2,0.3,0.1,0.3,0
17,72,1,2,0,0.1,0,0.1,0.2,0.1,0.3,0.6,0.2,0.3,0.1
19,72,1,1,0,0,0,0.1,0.1,0,0.2,0.3,0.1,0.2,0
20,72,1,2,0,0.1,0,0.1,0.2,0.1,0.3,0.6,0.2,0.3,0.1
10,119,1,2,0,0.1,0.2,0.3,0.5,0,0.3,0.2,0.1,0.2,0.1
13,100,1,2,0,0.2,0.1,0.3,0.5,0,0.6,0.2,0.1,0,0
8,107,1,2,0,0.1,0.2,0.3,0.5,0,0.3,0.2,0.1,0.2,0.1
16,74,1,2,0,0.2,0.2,0.1,0.5,0.1,0.2,0.3,0.1,0.3,0
7,68,1,2,0.1,0.2,0,0.1,0.4,0,0.4,0.4,0,0.3,0.1
1,75,1,2,0,0.1,0.1,0.1,0.5,0.1,0.3,0.5,0.1,0.1,0.1
11,75,1,6,0,0.1,0.5,1.1,1.7,0.3,0.6,0.8,0.3,0.6,0
4,85,1,8,0.4,0.4,0.5,1.9,0.6,0.2,1.5,1.2,0.2,1,0.1
10,83,1,3,0,0.5,0.1,0.2,0.8,0,0.5,0.6,0.2,0.1,0
11,76,1,1,0,0,0.1,0.2,0.3,0,0.1,0.1,0.1,0.1,0
22,76,1,1,0,0.1,0.1,0.1,0.2,0,0.1,0.2,0.1,0.1,0
21,90,1,5,0.2,0.3,0,1.2,1,0,1,0.3,0.4,0.4,0.2
7,74,1,4,0,0.1,0.3,0.7,1.2,0.2,0.4,0.5,0.2,0.4,0
11,74,1,10,0,0.3,0.8,1.8,2.8,0.5,1,1.3,0.5,1,0
3,85,1,19,0.8,0.9,1.1,4.5,1.4,0.6,3.7,2.8,0.6,2.3,0.3
10,92,1,1,0,0.1,0,0.2,0.2,0,0.1,0.2,0.1,0.1,0
14,92,1,1,0,0.1,0,0.2,0.2,0,0.1,0.2,0.1,0.1,0
7,94,1,6,0,0.7,0.2,0.9,1.5,0,1.7,0.8,0.2,0,0
8,94,1,4,0,0.5,0.1,0.6,1,0,1.2,0.5,0.1,0,0
13,83,1,4,0,0.1,0.3,0.7,1.2,0.2,0.4,0.5,0.2,0.4,0
8,68,1,3,0.1,0.3,0,0.2,0.6,0,0.6,0.6,0,0.4,0.2
14,68,1,1,0,0.1,0,0.1,0.2,0,0.2,0.2,0,0.1,0.1
5,109,1,2,0,0.1,0.2,0.3,0.5,0,0.3,0.2,0.1,0.2,0.1
14,109,1,3,0,0.2,0.3,0.5,0.7,0.1,0.4,0.3,0.1,0.3,0.1
2,85,1,2,0.1,0.1,0.1,0.5,0.1,0.1,0.4,0.3,0.1,0.2,0
8,125,1,1,0,0.1,0,0.2,0.2,0,0.2,0.2,0.1,0,0
14,69,1,1,0,0.1,0,0.1,0.2,0,0.2,0.2,0,0.1,0.1
5,49,1,1,0,0.2,0.1,0.1,0.2,0,0.1,0.1,0,0.1,0.1
6,49,1,1,0,0.1,0.1,0.1,0.2,0,0.1,0.2,0.1,0.1,0
0,48,1,2,0,0.3,0.3,0.2,0.4,0.1,0.3,0.1,0.1,0.1,0.1
48,124,1,3,0.1,0.2,0,0.5,0.5,0.1,0.3,0.7,0.1,0.4,0.1
30,126,1,3,0.2,0.1,0,0.4,0.7,0,0.4,0.8,0.1,0.3,0
47,124,1,6,0.1,0.5,0,1.1,1.1,0.1,0.6,1.4,0.1,0.8,0.2
34,126,1,6,0,0.3,0,0.6,1.9,0,0.6,1,0.3,1.3,0
29,126,1,1,0.1,0,0,0.2,0.2,0,0.1,0.3,0,0.1,0
97,122,1,14,1.2,1.5,0.5,2.5,2.5,0,1,2.3,2,0.5,0
28,114,1,1,0,0,0,0.1,0.3,0,0.3,0.2,0,0.1,0
48,125,1,9,0.2,0.7,0,1.6,1.6,0.2,0.9,2.1,0.2,1.2,0.3
38,124,1,1,0,0,0,0.3,0.1,0,0.2,0.2,0.1,0.1,0
47,125,1,5,0.1,0.4,0,0.9,0.9,0.1,0.5,1.2,0.1,0.7,0.1
40,125,1,1,0,0,0,0.3,0.1,0,0.2,0.2,0.1,0.1,0
41,125,1,6,0.2,0.3,0.2,1.6,0.3,0.2,1,1.4,0.5,0.3,0
35,126,1,2,0,0.1,0,0.2,0.7,0,0.2,0.3,0.1,0.4,0
36,126,1,2,0,0.1,0.1,0.5,0.1,0.1,0.3,0.5,0.2,0.1,0
47,126,1,5,0.1,0.4,0,0.9,0.9,0.1,0.5,1.2,0.1,0.7,0.1
45,122,1,1,0,0.1,0,0.1,0.1,0,0.2,0.3,0,0.2,0
32,122,1,1,0,0,0,0.1,0.3,0,0.3,0.2,0,0.1,0
30,117,1,3,0,0.1,0.1,0.2,0.8,0.1,1,0.5,0.1,0.1,0
97,124,1,15,0,1.8,1.8,0.3,4.3,0,2.1,2.9,1.4,0.4,0
98,124,1,3,0,0.3,0.3,0.1,0.9,0,0.4,0.6,0.3,0.1,0
44,122,1,2,0.1,0.1,0,0.2,0.3,0,0.4,0.5,0.1,0.3,0
96,124,1,1,0,0.1,0.1,0,0.3,0,0.2,0.2,0.1,0,0
93,126,1,5,0.4,0.2,0,0.4,0.7,0,0.9,1.1,0.2,1.1,0
56,127,1,1,0,0,0.1,0.2,0.2,0,0.1,0.2,0,0.2,0
98,123,1,7,0.6,0.7,0.2,1.3,1.3,0,0.5,1.1,1,0.3,0
49,126,1,1,0,0.1,0,0.2,0.2,0,0.1,0.3,0,0.1,0
94,126,1,4,0.3,0.2,0,0.3,0.6,0,0.8,0.8,0.2,0.8,0
52,127,1,2,0,0.1,0.1,0.1,0.4,0,0.2,0.9,0,0.2,0
97,123,1,18,1.6,1.9,0.6,3.2,3.2,0,1.3,2.9,2.6,0.7,0
42,123,1,3,0.1,0.2,0,0.3,0.4,0,0.6,0.8,0.1,0.5,0
50,127,1,2,0,0.2,0,0.4,0.4,0,0.2,0.5,0,0.3,0
28,118,1,6,0,0.1,0.3,0.4,1.5,0.3,1.9,0.9,0.3,0.3,0
44,127,1,3,0.1,0.1,0.1,0.8,0.2,0.1,0.5,0.7,0.2,0.2,0
27,121,1,2,0,0.1,0.1,0.1,0.5,0.1,0.6,0.3,0.1,0.1,0
25,123,1,2,0,0.1,0.1,0.1,0.5,0.1,0.6,0.3,0.1,0.1,0
29,118,1,2,0,0.1,0.1,0.1,0.5,0.1,0.6,0.3,0.1,0.1,0
48,126,1,2,0,0.2,0,0.4,0.4,0,0.2,0.5,0,0.3,0
32,127,1,6,0,0.3,0,0.6,1.9,0,0.6,1,0.3,1.3,0
32,121,1,9,0,0.2,0.4,0.6,2.3,0.4,2.9,1.4,0.4,0.4,0
29,127,1,2,0.1,0.1,0,0.3,0.5,0,0.2,0.5,0.1,0.2,0
43,127,1,4,0.1,0.2,0.1,1.1,0.2,0.1,0.7,1,0.3,0.2,0
33,121,1,2,0,0.1,0.1,0.1,0.5,0.1,0.6,0.3,0.1,0.1,0
45,121,1,2,0.1,0.1,0,0.2,0.3,0,0.4,0.5,0.1,0.3,0
46,121,1,4,0.2,0.3,0,0.4,0.6,0,0.7,1,0.2,0.6,0
46,127,1,2,0,0.2,0,0.4,0.4,0,0.2,0.5,0,0.3,0
21,123,1,6,0,0.1,0.3,0.4,1.5,0.3,1.9,0.9,0.3,0.3,0
27,120,1,3,0,0.1,0.1,0.2,0.8,0.1,1,0.5,0.1,0.1,0
37,127,1,2,0,0.1,0.1,0.5,0.1,0.1,0.3,0.5,0.2,0.1,0
34,127,1,1,0,0.1,0,0.1,0.3,0,0.1,0.2,0,0.2,0
36,127,1,1,0,0,0,0.3,0.1,0,0.2,0.2,0.1,0.1,0
