x,y,imputed,ind,ind_0_3,ind_11_17,ind_18_24,ind_25_39,ind_40_54,ind_4_5,ind_55_64,ind_65_79,ind_6_10,ind_80p,ind_inc
0,8,1,1,0,0.1,0,0.1,0.3,0,0.1,0.2,0.1,0.1,0
0,4,1,2,0,0.2,0,0.2,0.5,0.1,0.3,0.5,0.1,0.1,0
1,12,1,5,0.1,0.6,0,0.5,1.3,0,1.1,0.8,0.1,0.3,0.2
2,12,1,14,0.2,1.8,0,1.5,3.6,0,3,2.3,0.3,0.8,0.5
3,12,1,17,0.3,2.2,0,1.9,4.3,0,3.7,2.8,0.3,0.9,0.6
0,3,1,3,0,0.3,0,0.4,0.5,0.1,0.7,0.5,0.1,0.3,0.1
2,3,1,1,0,0.1,0,0.2,0.2,0,0.2,0.2,0,0.1,0
13,16,1,3,0,0.2,0.1,0.5,0.4,0,0.8,0.7,0,0.3,0
12,17,1,5,0,0.4,0.2,0.9,0.7,0,1.2,1.1,0,0.5,0
19,17,1,2,0,0.1,0.1,0.3,0.2,0.1,0.6,0.4,0.1,0.1,0
6,18,1,2,0,0.1,0.1,0.4,0.3,0,0.5,0.4,0,0.2,0
7,18,1,9,0,0.6,0.3,1.6,1.3,0,2.3,1.9,0,1,0
13,18,1,3,0,0.2,0.1,0.5,0.4,0,0.8,0.7,0,0.3,0
18,18,1,4,0.1,0.1,0.2,0.6,0.4,0.1,1.2,0.8,0.2,0.3,0
19,18,0,38,4,0,1,10,7,0.5,6,4,1.5,4,0
20,18,1,35,0.7,0.8,2.2,5.2,3.7,0.8,10.4,7.5,1.5,2.2,0
21,18,0,34,1,1,3,1,11,3,6,5,2,1,0
20,17,1,6,0.1,0.1,0.4,0.9,0.6,0.1,1.8,1.3,0.3,0.4,0
21,17,1,15,1.7,1.7,0.6,2.9,3.5,0,0.6,4,0,0,0
17,19,1,6,0.5,0.4,0.2,1,0.8,0.2,0.6,1.1,0.2,0.9,0.1
18,19,1,12,1.1,0.8,0.4,1.9,1.7,0.4,1.3,2.1,0.4,1.7,0.2
19,19,0,53.5,4,3,7.5,8,12,1,8,4,3,1,2
20,19,0,26.5,0,3,1.5,2,6,0,3,6,1,2,2
21,19,1,10,1.1,1.2,0.4,1.9,2.3,0,0.4,2.7,0,0,0
22,19,1,1,0.1,0.1,0,0.2,0.2,0,0.1,0.3,0,0,0
38,19,1,2,0.1,0.1,0,0.2,0.3,0.1,0.5,0.5,0.1,0,0.1
11,20,1,2,0,0.2,0.1,0.3,0.3,0.1,0.2,0.4,0.3,0,0.1
12,20,1,6,0.2,0.5,0.2,1,1,0.3,0.7,1.1,0.8,0,0.2
13,20,1,8,0.2,0.7,0.2,1.3,1.3,0.5,0.9,1.6,1.1,0,0.2
16,20,1,9,0.8,0.6,0.3,1.4,1.3,0.3,0.9,1.6,0.3,1.3,0.2
17,20,1,21,1.8,1.5,0.7,3.3,3,0.7,2.2,3.7,0.7,3,0.4
18,20,0,44,3,2,5,9,10,2,5,4,1,3,0
19,20,0,36.5,1,3,2,7,6,1.5,10,4,1,0,1
20,20,1,7,0.6,0.5,0.3,1.1,1,0.2,0.7,1.2,0.3,1,0.1
4,11,1,7,0.1,0.9,0,0.8,1.8,0,1.5,1.1,0.1,0.4,0.3
11,23,1,7,0.2,0.6,0.2,1.1,1.2,0.4,0.8,1.3,1,0,0.2
3,2,1,3,0,0.3,0,0.4,0.5,0.1,0.7,0.5,0.1,0.3,0.1
24,24,1,7,0.5,0,0,1.1,1.6,0.3,1.4,1.8,0.1,0.2,0
31,24,1,3,0.1,0.4,0.1,0.3,0.9,0,0.4,0.4,0.2,0.2,0
20,25,1,4,0.2,0.5,0.2,1,1,0.1,0.3,0.1,0.3,0.2,0.1
24,25,1,4,0.3,0,0,0.6,0.9,0.2,0.8,1,0.1,0.1,0
31,25,1,5,0.1,0.7,0.2,0.5,1.5,0,0.7,0.6,0.3,0.3,0.1
32,25,1,16,0.4,2.3,0.6,1.5,4.7,0.2,2.2,1.9,0.9,1.1,0.2
33,25,0,24,0,1,0,5,5,0,2,6,2,2,1
34,25,1,2,0.1,0.3,0.1,0.2,0.6,0,0.3,0.2,0.1,0.1,0
13,19,1,6,0.2,0.5,0.2,1,1,0.3,0.7,1.1,0.8,0,0.2
18,27,1,3,0.2,0.4,0.2,0.8,0.8,0.1,0.2,0,0.2,0.1,0
20,27,0,47,2,9,1,4,15,2,5,3,4,0,2
21,27,0,95.5,4,9.5,5,17,22,3,11,10,10,2,2
22,27,0,41,2,5,1,6,12,2,2,5,6,0,0
14,29,1,16,0.4,2.3,0.4,1.7,5.1,0,2.5,1.3,1.9,0,0.4
18,29,1,4,0.2,0.5,0.2,1,1,0.1,0.3,0.1,0.3,0.2,0.1
21,29,1,1,0,0.1,0.1,0.2,0.3,0,0.1,0.2,0,0,0
22,29,0,80.5,3,13,3,13,22,5.5,7,5,6,2,1
23,29,0,103,6,9,6,18,25,1.5,11,13,8.5,3,2
24,29,0,37,1,2,3,8,7,0,3,7,1,5,0
25,29,0,30,0,3,2,5,4,1,8,1,4,2,0
26,29,1,11,0,1,1,0,3.2,0,2.6,1.9,0.3,0,1
35,29,1,6,0,0.5,0.5,0,1.8,0,1.4,1.1,0.2,0,0.5
4,13,1,6,0.1,0.8,0,0.7,1.5,0,1.3,1,0.1,0.3,0.2
14,30,1,9,0.2,1.3,0.2,1,2.9,0,1.4,0.7,1.1,0,0.2
16,30,1,4,0.2,0.5,0.2,1,1,0.1,0.3,0.1,0.3,0.2,0.1
20,30,1,5,0.3,0.6,0.3,1.3,1.3,0.2,0.3,0.1,0.3,0.2,0.1
21,30,1,7,0.3,0.4,0.4,1.3,1.8,0.1,0.8,1.3,0.3,0.2,0.1
22,30,0,43,2,6,2,6,10,0,6,5,2,4,0
23,30,0,56,6,0,2,10,16,3,5,4,5,5,0
24,30,1,13,0.5,0.6,0.8,2.5,3.4,0.3,1.5,2.3,0.6,0.4,0.1
8,31,1,1,0,0.2,0,0.1,0.3,0,0.2,0.1,0.1,0,0
15,31,1,8,0.2,1.2,0.2,0.8,2.5,0,1.3,0.6,1,0,0.2
16,31,1,1,0.1,0.1,0.1,0.2,0.3,0,0.1,0,0.1,0,0
19,31,1,5,0.3,0.6,0.3,1.3,1.3,0.2,0.3,0.1,0.3,0.2,0.1
20,31,1,3,0.2,0.4,0.2,0.8,0.8,0.1,0.2,0,0.2,0.1,0
21,31,1,8,0.3,0.4,0.5,1.5,2.1,0.2,0.9,1.4,0.4,0.2,0.1
22,31,1,20,0.8,1,1.2,3.7,5.1,0.4,2.4,3.6,1,0.6,0.2
23,31,1,7,0.3,0.4,0.4,1.3,1.8,0.1,0.8,1.3,0.3,0.2,0.1
11,33,1,3,0.1,0.4,0.1,0.3,0.9,0,0.5,0.2,0.4,0,0.1
21,33,1,5,0.2,0.2,0.3,0.9,1.3,0.1,0.6,0.9,0.2,0.2,0.1
22,33,1,2,0.1,0.1,0.1,0.4,0.5,0,0.2,0.4,0.1,0.1,0
23,33,1,16,0.6,0.8,0.9,3,4.1,0.3,1.9,2.9,0.8,0.5,0.2
48,33,1,4,0,0.4,0,0.5,1.3,0.2,0.3,0.6,0.4,0,0.3
7,34,1,2,0,0.2,0,0.4,0.4,0,0.2,0.4,0.1,0.2,0.1
10,34,1,16,0.5,1.3,0.5,3.1,2.9,0.2,1.9,3.1,0.7,1.3,0.5
11,34,1,4,0.2,0.2,0.2,0.5,0.7,0.1,0.9,0.9,0.1,0,0.2
20,34,1,5,0,0.4,0.4,0,1.5,0,1.2,0.9,0.2,0,0.4
28,34,1,3,0,0.2,0.3,0,0.9,0,0.7,0.5,0.1,0,0.3
5,18,1,1,0,0.1,0,0.2,0.2,0,0.2,0.2,0,0.1,0
5,35,0,30.5,1,6,2,6,4,2,1,4,1.5,3,0
6,35,1,15,0.5,1.2,0.5,2.9,2.7,0.1,1.8,2.9,0.7,1.2,0.5
7,35,1,9,0.3,0.7,0.3,1.7,1.7,0.1,1.1,1.7,0.4,0.7,0.3
11,35,1,9,0.4,0.4,0.5,1.1,1.7,0.3,2,2,0.2,0,0.4
12,35,1,15,0.6,0.6,0.9,1.9,2.8,0.5,3.4,3.4,0.3,0,0.6
15,35,1,2,0.1,0.1,0.1,0.2,0.4,0.1,0.4,0.5,0,0,0.1
40,35,1,4,0,0.4,0,0.5,1.3,0.2,0.3,0.6,0.4,0,0.3
41,35,0,27,3,2,2,7,2,0,5,3,0,3,0
42,35,1,2,0,0.2,0,0.3,0.7,0.1,0.1,0.3,0.2,0,0.1
47,35,1,4,0.1,0.4,0.2,0.4,1.1,0,0.6,0.4,0.3,0.2,0.3
48,35,0,22,0,1,1,6,3,0,5,3,2,1,0
49,35,1,8,0.2,0.8,0.4,0.8,2.3,0,1.2,0.9,0.5,0.3,0.6
0,19,1,6,0,0.6,0.1,0.9,1,0.2,1.4,1,0.2,0.5,0.1
4,36,1,6,0.2,0.2,0.3,2.2,0.8,0,0.3,1.3,0.3,0.4,0
5,36,0,38,0,9,2,2,14,0,3,1,4,2,1
6,36,1,13,0.4,1,0.4,2.5,2.4,0.1,1.6,2.5,0.6,1.1,0.4
2,20,1,3,0,0.3,0,0.4,0.5,0.1,0.7,0.5,0.1,0.3,0.1
3,20,1,7,0,0.7,0.1,1.1,1.2,0.2,1.6,1.2,0.2,0.6,0.1
4,20,1,7,0,0.7,0.1,1.1,1.2,0.2,1.6,1.2,0.2,0.6,0.1
5,20,1,16,0,1.6,0.3,2.4,2.7,0.5,3.7,2.7,0.5,1.3,0.3
7,20,1,2,0,0.1,0.1,0.4,0.3,0,0.5,0.4,0,0.2,0
42,36,1,4.5,0,0.5,0,0.6,1.5,0.2,0.3,0.7,0.4,0,0.3
47,36,1,6,0.2,0.6,0.3,0.6,1.7,0,0.9,0.7,0.4,0.2,0.4
48,36,1,8,0.2,0.8,0.4,0.8,2.3,0,1.2,0.9,0.5,0.3,0.6
49,36,1,11,0.3,1.2,0.6,1.1,3.1,0,1.6,1.2,0.7,0.4,0.8
5,21,1,7,0,0.7,0.1,1.1,1.2,0.2,1.6,1.2,0.2,0.6,0.1
13,21,1,7,0.2,0.6,0.2,1.1,1.2,0.4,0.8,1.3,1,0,0.2
17,21,1,2,0.2,0.1,0.1,0.3,0.3,0.1,0.2,0.3,0.1,0.3,0
18,21,0,81,5,9,3,15,23,3,6,5,9,0,3
19,21,0,36.5,2,4,1,6,9,0.5,4,6,1,0,3
5,37,1,12,0.3,0.3,0.7,4.3,1.6,0,0.7,2.7,0.7,0.7,0
6,37,0,51,1,6,0,5,15,2,4,12,2,4,0
7,37,1,18,0.5,1.5,0.5,3.5,3.3,0.2,2.2,3.5,0.8,1.5,0.5
8,37,0,31,3,1,1,7,6,1,1,6,2,2,1
9,37,1,2,0,0.2,0,0.4,0.4,0,0.2,0.4,0.1,0.2,0.1
48,37,1,11,0.3,1.2,0.6,1.1,3.1,0,1.6,1.2,0.7,0.4,0.8
49,37,1,3.5,0.1,0.4,0.2,0.3,1,0,0.5,0.4,0.2,0.1,0.3
18,22,0,33,4,3,1,12,9,0,3,0,1,0,0
4,38,1,6,0.2,0.2,0.3,2.2,0.8,0,0.3,1.3,0.3,0.4,0
5,38,1,12,0.3,0.3,0.7,4.3,1.6,0,0.7,2.7,0.7,0.7,0
6,38,1,12.5,0.4,1,0.4,2.4,2.3,0.1,1.5,2.4,0.6,1,0.4
7,38,1,9,0.3,0.7,0.3,1.7,1.7,0.1,1.1,1.7,0.4,0.7,0.3
48,38,1,6,0.2,0.6,0.3,0.6,1.7,0,0.9,0.7,0.4,0.2,0.4
4,39,1,6,0.4,0.5,0.2,1.5,1.2,0.4,0.6,0.4,0.8,0,0
5,39,0,28,1,0,2,7,7,0,5,5,0,1,0
6,39,1,29,2.3,0,3,3.8,9.9,0,2.3,3.1,3.8,0.8,0
7,39,1,9,0.7,0,0.9,1.2,3.1,0,0.7,1,1.2,0.2,0
0,5,1,21,0.3,1.9,0.3,2.4,5.3,0.8,2.9,4.6,1,1.2,0.3
4,40,1,35,2.1,2.9,1.4,8.6,7.2,2.5,3.6,2.1,4.6,0,0
5,40,1,7,0.4,0.6,0.3,1.7,1.4,0.5,0.7,0.5,0.9,0,0
28,40,1,1,0,0.1,0.1,0,0.3,0,0.2,0.2,0,0,0.1
56,40,1,1,0.1,0.1,0.1,0.1,0.3,0,0.1,0.1,0,0,0.1
57,40,1,9.5,0.8,0.9,0.8,1.4,2.5,0,1.1,0.9,0.3,0.3,0.5
17,26,1,6,0.3,0.8,0.3,1.5,1.5,0.2,0.5,0.1,0.5,0.2,0.1
18,26,1,19,1,2.4,1,4.8,4.8,0.7,1.4,0.4,1.4,0.7,0.4
19,26,1,1,0.1,0.1,0.1,0.2,0.3,0,0.1,0,0.1,0,0
20,26,0,47,4,4,5,8,17,0,3,0,6,0,0
30,26,1,2,0,0.2,0.2,0,0.6,0,0.5,0.3,0,0,0.2
31,26,1,12.5,0.3,1.7,0.5,1.2,3.7,0.2,1.7,1.5,0.7,0.8,0.2
32,26,0,30,1,2,0,5,5,0,6,5,1,5,0
55,41,1,5,0.1,0.5,0.3,0.5,1.4,0,0.7,0.6,0.3,0.2,0.4
56,41,1,8,0.7,0.8,0.7,1.2,2.1,0,0.9,0.8,0.2,0.2,0.4
57,41,1,6,0.5,0.6,0.5,0.9,1.5,0,0.7,0.6,0.2,0.2,0.3
58,41,1,16.5,1.5,1.6,1.5,2.4,4.2,0,1.9,1.6,0.5,0.5,0.8
56,42,1,4,0.4,0.4,0.4,0.6,1,0,0.4,0.4,0.1,0.1,0.2
57,42,0,28,0,6,2,6,8,0,0,5,1,0,0
58,42,1,3,0.3,0.3,0.3,0.4,0.8,0,0.3,0.3,0.1,0.1,0.1
66,42,1,9,0,1,0.7,0.7,3.1,0.2,1.4,0.5,1.2,0,0.2
23,27,1,9,0.6,0,0,1.5,2,0.4,1.7,2.3,0.2,0.3,0
24,27,1,2,0.1,0,0,0.3,0.5,0.1,0.4,0.5,0,0.1,0
31,27,1,22,0.6,3.1,0.9,2.1,6.5,0.3,2.9,2.6,1.2,1.5,0.3
56,43,1,5,0.4,0.5,0.4,0.7,1.3,0,0.6,0.5,0.2,0.2,0.2
57,43,1,6,0.5,0.6,0.5,0.9,1.5,0,0.7,0.6,0.2,0.2,0.3
58,43,1,3,0.3,0.3,0.3,0.4,0.8,0,0.3,0.3,0.1,0.1,0.1
64,43,1,4,0,0.4,0.3,0.3,1.4,0.1,0.7,0.2,0.5,0,0.1
65,43,1,12,0,1.3,0.9,1,4.1,0.3,1.9,0.6,1.6,0,0.3
66,43,1,12,0,1.3,0.9,1,4.1,0.3,1.9,0.6,1.6,0,0.3
67,43,1,1,0,0.1,0.1,0.1,0.3,0,0.2,0.1,0.1,0,0
26,28,1,3,0,0.2,0.3,0,0.9,0,0.7,0.5,0.1,0,0.3
58,44,0,24,2,2,0,6,3,1,6,4,0,0,0
64,44,1,5,0,0.9,0.4,0.3,1.7,0.1,0.1,0.5,0.5,0.3,0.2
65,44,1,2,0,0.4,0.2,0.1,0.7,0,0,0.2,0.2,0.1,0.1
66,44,1,1,0,0.1,0.1,0.1,0.2,0,0.4,0.1,0,0,0
67,44,1,1,0,0.1,0.1,0.1,0.2,0,0.4,0.1,0,0,0
24,45,1,8,0.1,1,1.1,0.5,2.5,0.1,1.2,1.1,0.1,0.3,0
25,45,0,25,0,2,0,3,4,0,4,5,1,5,1
57,45,0,31.5,4,0,1,9,4,0,3,3,0,6,1.5
58,45,1,15,0.8,2.8,1.4,3.7,2.2,0.3,1.2,1.3,0.5,0.5,0.3
59,45,1,6,0.3,1.1,0.6,1.5,0.9,0.1,0.5,0.5,0.2,0.2,0.1
79,45,1,13,0,1.2,0,0.6,4.1,0,2.4,4.1,0,0.6,0
23,46,1,8,0.1,1,1.1,0.5,2.5,0.1,1.2,1.1,0.1,0.3,0
24,46,1,14,0.2,1.6,1.9,0.9,4.5,0.2,2.1,1.9,0.2,0.5,0
25,46,1,16,0.3,1.9,2.1,1.1,5,0.3,2.4,2.1,0.3,0.5,0
57,46,1,27.5,1.5,5.1,2.6,6.8,4.1,0.5,2.2,2.4,0.8,1,0.5
58,46,0,27,3,2,0,3,7,0,5,4,2,1,0
59,46,1,11,0.6,2,1,2.7,1.7,0.2,0.9,1,0.3,0.4,0.2
77,46,1,1,0,0.1,0,0,0.3,0,0.2,0.3,0,0.1,0
23,47,1,4,0.1,0.5,0.5,0.3,1.2,0.1,0.6,0.5,0.1,0.1,0
24,47,1,2,0,0.3,0.3,0.1,0.6,0,0.3,0.3,0,0.1,0
46,47,1,1,0,0,0.2,0.2,0.2,0,0.2,0.1,0,0.1,0
47,47,1,16,0,0.6,2.4,3.5,3,0.6,3.5,1.2,0.6,0.6,0
55,47,1,2,0,0.1,0,0.4,0.5,0.1,0.3,0.3,0.1,0.2,0
12,48,1,4,0.3,0.5,0,1.1,0.8,0.2,0.8,0,0.3,0,0
22,48,1,2,0,0.3,0.3,0.1,0.6,0,0.3,0.3,0,0.1,0
23,48,1,1,0,0.1,0.1,0.1,0.3,0,0.2,0.1,0,0.1,0
46,48,0,36,2,3,5,6,10,2,3,1,3,1,0
47,48,1,8,0,0.3,1.2,1.7,1.5,0.3,1.8,0.6,0.3,0.3,0
48,48,1,2,0,0.1,0.3,0.4,0.4,0.1,0.4,0.1,0.1,0.1,0
51,48,1,3,0,0.2,0,0.6,0.7,0.1,0.5,0.5,0.1,0.3,0
54,48,1,3,0,0.2,0,0.6,0.7,0.1,0.5,0.5,0.1,0.3,0
55,48,1,14,0,1.1,0,2.8,3.4,0.6,2.2,2.2,0.6,1.1,0
56,48,1,15,0.8,2.8,1.4,3.7,2.2,0.3,1.2,1.3,0.5,0.5,0.3
57,48,1,23.5,1.3,4.4,2.2,5.8,3.5,0.4,1.9,2.1,0.7,0.8,0.4
77,48,1,5,0,0.5,0,0.2,1.6,0,0.9,1.6,0,0.2,0
78,48,1,3,0,0.3,0,0.1,1,0,0.5,1,0,0.1,0
21,49,1,2,0,0.2,0,0.3,0.3,0,0.4,0.4,0.1,0.3,0
22,49,1,8,0.1,0.8,0.1,1.2,1.3,0.1,1.5,1.5,0.4,1,0
23,49,0,60.5,2,6,4,11,12,1,13,5,3.5,2,1
24,49,1,3,0,0.3,0,0.4,0.5,0,0.6,0.6,0.2,0.4,0
25,49,1,2,0,0.2,0,0.3,0.3,0,0.4,0.4,0.1,0.3,0
51,49,1,11,0.7,1,0.2,1.9,3,0.3,0.9,1.2,1.4,0.2,0.2
52,49,1,22,1.4,2.1,0.3,3.9,6,0.5,1.8,2.5,2.8,0.3,0.4
53,49,0,41,2,5,2,4,5,0,11,6,3,3,0
54,49,0,70,2,10,4,15,19,4,3,5,5,2,1
55,49,0,35,0,4,1,4,10,0,4,6,3,2,1
56,49,0,63,5,5,5,12,13,2,7,7,3,4,0
57,49,0,53,2,8,4,8,12,2,5,4,6,0,2
58,49,1,11,0.3,1,0.6,1.2,3,0,1,2.5,0.4,0.7,0.3
13,50,1,1,0.1,0.1,0,0.3,0.2,0,0.2,0,0.1,0,0
22,50,0,31,0,1,6,6,7,0,3,6,0,2,0
23,50,0,77.5,7,3.5,2,12,16,0,6,14,5,10,2
24,50,0,38,0,3,2,1,5,0,12,9,1,4,1
25,50,1,30,0.5,3,0.5,4.5,5,0.5,5.5,5.5,1.5,3.5,0
27,50,1,2,0.1,0.1,0,0.4,0.4,0.1,0.4,0.3,0.1,0,0.1
28,50,1,4,0.1,0.2,0.1,0.8,0.8,0.1,0.9,0.6,0.2,0.1,0.1
39,50,1,5,0.2,0.4,0.1,0.6,1.4,0.2,0.6,0.7,0.4,0.2,0.2
40,50,1,16,0.5,1.4,0.4,2,4.6,0.5,1.9,2.2,1.4,0.5,0.6
41,50,1,8,0.2,1.2,0.2,1,1.8,0,1.7,0.8,0.8,0,0.3
42,50,1,23.5,0.6,3.6,0.6,3,5.2,0,4.9,2.5,2.3,0,0.8
43,50,1,10,0.2,1.5,0.2,1.3,2.2,0,2.1,1.1,1,0,0.4
51,50,1,5,0.3,0.5,0.1,0.9,1.4,0.1,0.4,0.5,0.6,0.1,0.1
52,50,1,24,1.5,2.3,0.4,4.2,6.5,0.6,1.9,2.7,3.1,0.4,0.4
53,50,1,5,0.3,0.5,0.1,0.9,1.4,0.1,0.4,0.5,0.6,0.1,0.1
55,50,1,15,1,1.4,0.2,2.6,4.1,0.4,1.2,1.7,1.9,0.2,0.3
56,50,1,15,0.3,1.4,0.8,1.7,4.1,0,1.3,3.4,0.6,1,0.4
57,50,1,12.5,0.3,1.2,0.7,1.4,3.4,0,1.1,2.8,0.5,0.8,0.3
58,50,1,5,0.1,0.5,0.3,0.6,1.4,0,0.4,1.1,0.2,0.3,0.1
71,50,1,4,0,0.5,0.2,0.2,0.9,0,1.6,0.4,0.2,0,0
22,51,0,36,0,2,0,2,7,0,8,13,0,4,0
23,51,0,56.5,2,2,3,13,14,1,10,7,1.5,1,2
24,51,0,46,2,7,2,3,16,0,7,4,3,0,2
25,51,0,108,3,13,7,10,35,5,15,11,6,0,3
26,51,1,17,0.5,1,0.3,3.3,3.6,0.5,3.6,2.6,1,0.3,0.3
41,51,0,80,4,5,5,18,24,1,3,8,3,6,3
42,51,1,13,0.3,2,0.3,1.7,2.9,0,2.7,1.4,1.3,0,0.4
56,51,1,16,0.4,1.5,0.9,1.8,4.4,0,1.4,3.6,0.6,1,0.4
57,51,1,1,0,0.1,0.1,0.1,0.3,0,0.1,0.2,0,0.1,0
58,51,1,10,0.2,0.9,0.6,1.1,2.7,0,0.9,2.3,0.4,0.7,0.2
59,51,1,11,0.3,1,0.6,1.2,3,0,1,2.5,0.4,0.7,0.3
60,51,1,6,0.1,0.6,0.3,0.7,1.6,0,0.5,1.4,0.2,0.4,0.2
66,51,1,4,0,0.5,0.2,0.2,0.9,0,1.6,0.4,0.2,0,0
82,51,1,14,0.5,0.5,1,1.9,1.9,0.5,2.9,2.9,0.5,1.4,0
84,51,1,1,0,0,0.1,0.2,0.2,0,0.2,0.2,0,0.1,0
3,52,1,7,0,0.5,0.5,1.1,2.4,0.3,0.8,0.3,0.7,0.2,0.2
7,52,1,1,0,0.1,0,0.3,0.2,0,0.1,0.2,0,0.1,0
22,52,0,15,1,0,3,5,1,0,2,2,0,1,0
23,52,1,11,0.2,1.1,0.2,1.7,1.8,0.2,2,2,0.5,1.3,0
24,52,0,29,0,1,5,7,10,0,2,2,1,1,0
25,52,0,45.5,1,3,4,8,13,0,7,2,0.5,2,5
26,52,0,47,0,5,0,12,11,1,8,2,5,2,1
27,52,0,74,1,5,2,19,12,1,14,16,3,1,0
28,52,0,44,3,1,3,8,5,2,9,8,3,1,1
29,52,0,28,1,2,3,5,5,0,3,7,0,2,0
30,52,1,8,0.2,0.5,0.1,1.6,1.7,0.3,1.7,1.2,0.5,0.1,0.1
36,52,1,2,0,0.2,0,0.2,0.6,0.1,0.2,0.3,0.2,0.1,0.1
37,52,1,14,0.4,1.2,0.4,1.8,4,0.4,1.7,1.9,1.2,0.4,0.6
38,52,1,15.5,0.4,1.4,0.4,2,4.4,0.5,1.8,2.1,1.4,0.5,0.6
39,52,1,15,0.4,1.3,0.4,1.9,4.3,0.4,1.8,2.1,1.3,0.5,0.6
40,52,0,35,4,0,1,10,4,3,10,2,0,1,0
41,52,0,45,3,3,0,9,12,2,4,4,2,5,1
42,52,1,24,0.6,3.6,0.6,3.1,5.3,0,5.1,2.5,2.4,0,0.8
54,52,1,7,0.4,0.7,0.1,1.2,1.9,0.2,0.6,0.8,0.9,0.1,0.1
55,52,1,17,1.1,1.6,0.3,3,4.6,0.4,1.3,1.9,2.2,0.3,0.3
56,52,1,8,0.2,0.7,0.5,0.9,2.2,0,0.7,1.8,0.3,0.5,0.2
58,52,0,28,1,1,3,6,6,1,2,4,3,1,0
59,52,0,31,0,0,2,2,9,0,10,6,0,1,1
60,52,1,11,0.3,1,0.6,1.2,3,0,1,2.5,0.4,0.7,0.3
61,52,1,1,0,0.2,0.1,0.1,0.3,0,0,0.1,0.1,0.1,0
82,52,1,14,0.5,0.5,1,1.9,1.9,0.5,2.9,2.9,0.5,1.4,0
83,52,0,21,1,1,0,2,1,0,6,8,1,1,0
84,52,0,27,1,2,3,3,11,0,2,2,0,2,1
85,52,0,32,3,3,0,7,3,1,3,3,4,5,0
3,53,1,4,0,0.3,0.3,0.6,1.4,0.2,0.4,0.2,0.4,0.1,0.1
6,53,0,28.5,3,1,0,12,4,2,0,0,6.5,0,0
7,53,0,37,2,4,2,2,12,0,8,4,2,0,1
8,53,1,19,0.8,1.3,0.8,4.7,3,0,2.5,3.4,0.4,2.1,0
9,53,1,21,0.9,1.4,0.9,5.1,3.3,0,2.8,3.7,0.5,2.4,0
14,53,1,8,0.6,1,0,2.3,1.6,0.3,1.6,0,0.6,0,0
15,53,0,56,1,4,2,8,7,1,11,8,5,5,4
16,53,0,51,0,5,4,15,8,3,7,6,1,2,0
17,53,1,16,1.6,0.4,1.6,2.5,2.5,0.8,1.6,2.5,0.8,1.7,0
18,53,1,21,2.1,0.5,2.2,3.2,3.2,1.1,2.2,3.2,1.1,2.2,0
19,53,1,2,0.2,0.1,0.2,0.3,0.3,0.1,0.2,0.3,0.1,0.2,0
22,53,1,4,0.1,0.4,0.1,0.6,0.6,0.1,0.7,0.7,0.2,0.5,0
23,53,0,17,1,0,4,7,1,0,1,2,0,1,0
24,53,0,35,0,4,3,7,7,1,7,4,2,0,0
25,53,0,20,0,1,2,3,5,0,4,3,1,1,0
26,53,0,32.5,1,0.5,3,7,6,1,6,4,0,2,2
27,53,0,57,1,4,5,4,11,0,12,11,0,5,4
28,53,0,19,0,0,3,0,2,0,6,6,0,2,0
29,53,0,16,0,0,2,5,4,1,0,3,0,1,0
30,53,1,11,0.3,0.7,0.2,2.1,2.3,0.3,2.3,1.7,0.7,0.2,0.2
36,53,1,7,0.2,0.6,0.2,0.9,2,0.2,0.8,1,0.6,0.2,0.3
37,53,1,6,0.2,0.5,0.2,0.8,1.7,0.2,0.7,0.8,0.5,0.2,0.2
38,53,1,11,0.3,1,0.3,1.4,3.2,0.3,1.3,1.5,1,0.3,0.4
39,53,1,10,0.3,0.9,0.2,1.3,2.8,0.3,1.2,1.4,0.9,0.3,0.4
41,53,1,3,0.1,0.4,0.1,0.4,0.7,0,0.6,0.3,0.3,0,0.1
42,53,0,39,2,7,1,7,12,1,4,1,3,0,1
43,53,1,4,0.1,0.6,0.1,0.5,0.9,0,0.9,0.4,0.4,0,0.1
52,53,1,2,0.1,0.2,0,0.4,0.5,0.1,0.2,0.2,0.3,0,0
55,53,1,17,1.1,1.6,0.3,3,4.6,0.4,1.3,1.9,2.2,0.3,0.3
56,53,1,3,0.1,0.3,0.2,0.3,0.8,0,0.2,0.7,0.1,0.2,0.1
57,53,0,38,2,2,4,14,5,5,2,1,3,0,0
59,53,0,62,2,3,4,13,13,0,11,8,2,6,0
60,53,1,15,0.3,1.4,0.8,1.7,4.1,0,1.3,3.4,0.6,1,0.4
62,53,1,19,0,3.5,1.5,1,6.5,0.5,0.5,2,2,1,0.5
63,53,1,11,0,2,0.9,0.6,3.8,0.3,0.3,1.1,1.1,0.6,0.3
71,53,1,4,0,0.5,0.2,0.2,0.9,0,1.6,0.4,0.2,0,0
8,19,1,2,0,0.1,0.1,0.4,0.3,0,0.5,0.4,0,0.2,0
0,54,1,2,0,0.1,0.1,0.3,0.7,0.1,0.2,0.1,0.2,0.1,0.1
3,54,1,4,0,0.3,0.3,0.6,1.4,0.2,0.4,0.2,0.4,0.1,0.1
6,54,1,4,0,0.3,0.3,0.6,1.4,0.2,0.4,0.2,0.4,0.1,0.1
7,54,1,20,0,1.4,1.4,3.3,6.9,0.8,2.2,0.8,2,0.6,0.6
8,54,1,9,0,0.6,0.6,1.5,3.1,0.4,1,0.4,0.9,0.2,0.3
14,54,1,5,0.5,0.3,0.1,1.6,0.8,0.2,0.5,0.1,0.7,0.1,0.1
15,54,1,68,6.9,4.3,1.7,21.5,11.2,2.6,6,1.7,9.5,0.9,1.7
16,54,0,33.5,3,1,0,10,6,0,6,2,2.5,3,0
17,54,0,35,1,2,4,5,9,1,4,5,2,2,0
18,54,1,6,0.2,0.5,0.4,1.2,1.5,0.1,1.1,0.4,0.4,0.1,0.1
19,54,1,2,0.1,0.2,0.1,0.4,0.5,0,0.4,0.2,0.1,0,0
22,54,1,3,0,0.2,0.3,0.1,0.8,0,0.4,0.6,0.1,0.4,0.1
23,54,0,25,0,0,1,4,2,0,6,9,2,1,0
24,54,0,21,0,2,1,0,6,0,3,5,2,2,0
25,54,0,35,1,1,1,9,5,0,5,7,0,6,0
26,54,0,77,4,6,7,16,15,0,13,4,3,8,1
27,54,1,9,0.4,0.4,0,3.9,1.7,0.4,1.7,0.5,0,0,0
28,54,1,3,0.1,0.1,0,1.3,0.6,0.1,0.6,0.2,0,0,0
29,54,0,18,1,0,3,6,3,0,4,1,0,0,0
30,54,0,42.5,3,4.5,5,7,9,2,4,2,3,0,3
31,54,1,2,0,0.1,0.2,0.3,0.2,0,0.6,0.5,0,0,0.1
36,54,1,4,0.2,0.3,0.3,0.7,0.8,0.1,0.7,0.5,0.2,0.1,0.1
37,54,1,12,0.5,1.1,0.8,2.1,2.4,0.2,2.1,1.5,0.7,0.4,0.2
38,54,1,24,1.1,2.1,1.6,4.1,4.8,0.4,4.3,3,1.4,0.8,0.4
39,54,1,8,0.4,0.7,0.5,1.4,1.6,0.1,1.4,1,0.5,0.3,0.1
40,54,1,1,0,0.1,0.1,0.2,0.2,0,0.2,0.1,0.1,0,0
41,54,1,8,0.2,0.8,0.3,0.5,1.5,0,1.5,1.5,0.7,0.5,0.5
42,54,1,17,0.5,1.6,0.5,1,3.2,0,3.2,3.2,1.6,1.1,1.1
55,54,1,6,0,0.4,0,0.5,1.8,0.2,0.5,1.3,0.2,0.9,0.2
56,54,1,34,2.5,3.4,0.8,9.4,5.1,1.7,2.6,3.4,3.4,1.7,0
62,54,1,19,0,1.4,1.8,2.3,6.5,0,3.2,1.9,0.9,0.5,0.5
63,54,1,11,0,0.8,1.1,1.3,3.7,0,1.9,1.1,0.5,0.3,0.3
71,54,1,7,0.5,0.3,0.3,1.3,1.6,0,1.9,0.3,0.3,0.5,0
72,54,1,19,1.5,0.7,0.7,3.7,4.4,0,5.1,0.7,0.7,1.5,0
7,55,1,19,0,1.3,1.3,3.2,6.6,0.8,2.1,0.8,1.9,0.5,0.5
15,55,1,4,0.4,0.2,0.1,1.3,0.7,0.1,0.4,0.1,0.6,0,0.1
16,55,1,24,0.7,2.1,1.7,4.9,5.9,0.2,4.4,1.7,1.7,0.2,0.5
17,55,1,11,0.3,1,0.8,2.2,2.7,0.1,2,0.8,0.8,0.1,0.2
20,55,1,1,0,0.1,0.1,0.2,0.2,0,0.2,0.1,0.1,0,0
22,55,0,64,4,8,3,11,19,2,9,2,4,1,1
23,55,1,19,0,1.1,1.7,0.9,5.2,0,2.6,4,0.3,2.3,0.9
24,55,1,12,0,0.7,1.1,0.5,3.3,0,1.6,2.5,0.2,1.5,0.6
25,55,1,12,0,0.7,1.1,0.5,3.3,0,1.6,2.5,0.2,1.5,0.6
27,55,1,1,0,0.1,0,0.4,0.2,0,0.2,0.1,0,0,0
35,55,1,2,0,0.1,0.2,0.3,0.2,0,0.6,0.5,0,0,0.1
36,55,1,11,0.5,1,0.7,1.9,2.2,0.2,1.9,1.4,0.6,0.4,0.2
37,55,1,7,0.3,0.6,0.5,1.2,1.4,0.1,1.3,0.9,0.4,0.2,0.1
38,55,1,10.5,0.5,0.9,0.7,1.8,2.1,0.2,1.8,1.3,0.6,0.4,0.2
39,55,1,17,0.8,1.5,1.1,2.9,3.4,0.3,3,2.1,1,0.6,0.3
40,55,1,8,0.4,0.7,0.5,1.4,1.6,0.1,1.4,1,0.5,0.3,0.1
41,55,1,7,0.2,0.7,0.2,0.4,1.3,0,1.3,1.3,0.7,0.4,0.5
55,55,1,2,0,0.1,0,0.1,0.6,0.1,0.2,0.4,0.1,0.3,0.1
56,55,1,4,0.3,0.4,0.1,1.1,0.6,0.2,0.3,0.4,0.4,0.2,0
15,56,1,2,0.2,0.1,0,0.6,0.3,0.1,0.2,0.1,0.3,0,0.1
16,56,1,15,0.5,1.3,1.1,3,3.7,0.1,2.7,1.1,1.1,0.1,0.3
17,56,1,20,0.6,1.7,1.4,4.1,4.9,0.2,3.7,1.4,1.4,0.2,0.4
22,56,1,15,0,0.9,1.4,0.7,4.1,0,2,3.2,0.2,1.8,0.7
23,56,1,3,0,0.2,0.3,0.1,0.8,0,0.4,0.6,0.1,0.4,0.1
25,56,1,1,0,0.1,0.1,0,0.3,0,0.1,0.2,0,0.1,0.1
35,56,1,11,0,0.8,0.8,1.7,0.9,0,3.4,2.5,0,0.3,0.6
36,56,1,9,0.4,0.8,0.6,1.5,1.8,0.2,1.6,1.1,0.5,0.3,0.2
37,56,1,16,0.7,1.4,1.1,2.7,3.2,0.3,2.8,2,0.9,0.6,0.3
38,56,1,2,0.1,0.2,0.1,0.3,0.4,0,0.4,0.3,0.1,0.1,0
56,56,1,2,0.2,0.2,0,0.5,0.3,0.1,0.2,0.2,0.2,0.1,0
102,56,1,3,0.2,0.2,0.1,0.2,0.7,0,0.2,0.9,0.2,0.3,0
22,57,1,1,0,0.1,0.1,0,0.3,0,0.1,0.2,0,0.1,0.1
31,57,1,3,0,0.2,0.2,0.5,0.2,0,0.9,0.7,0,0.1,0.2
35,57,1,10,0,0.8,0.8,1.5,0.8,0,3.1,2.3,0,0.2,0.5
36,57,1,19,0.9,1.7,1.2,3.3,3.8,0.3,3.4,2.4,1.1,0.6,0.3
37,57,1,17.5,0.8,1.5,1.2,3,3.5,0.3,3.1,2.2,1,0.6,0.3
101,57,1,10,0.6,0.6,0.3,0.6,2.4,0,0.6,3.1,0.6,1.2,0
102,57,1,8,0.5,0.5,0.2,0.5,1.9,0,0.5,2.4,0.5,1,0
29,58,1,3,0.1,0.1,0,1.3,0.6,0.1,0.6,0.2,0,0,0
33,58,1,7,0,0.5,0.5,1.1,0.5,0,2.2,1.6,0,0.2,0.4
34,58,1,4,0,0.3,0.3,0.6,0.3,0,1.3,0.9,0,0.1,0.2
35,58,0,30,1,2,1,5,10,0,5,3,3,0,0
36,58,1,9,0.4,0.8,0.6,1.5,1.8,0.2,1.6,1.1,0.5,0.3,0.2
102,58,1,7,0.4,0.4,0.2,0.4,1.7,0,0.5,2.1,0.4,0.9,0
26,59,1,28,0,4.8,1.9,4.8,10.6,0,2,0,1.9,0,2
33,59,1,20,0.8,1.1,1.7,3.4,4.2,0.6,2,4.5,0.8,0.6,0.3
34,59,1,2,0.1,0.1,0.2,0.3,0.4,0.1,0.2,0.4,0.1,0.1,0
35,59,1,2,0.1,0.1,0.2,0.3,0.4,0.1,0.2,0.4,0.1,0.1,0
124,59,0,18,1,0,0,4,1,2,2,5,1,2,0
127,59,1,6,0.3,0,0.2,0.8,0.5,0.3,2.3,1.2,0,0.4,0
25,60,1,18.5,0.6,1.6,1.3,3.7,4.5,0.2,3.4,1.3,1.3,0.2,0.4
26,60,0,34,2,3,3,5,6,1,7,6,1,0,0
28,60,1,1,0,0.2,0,0.2,0.4,0,0.1,0,0,0,0.1
33,60,1,1,0,0.1,0.1,0.2,0.2,0,0.1,0.2,0.1,0,0
34,60,1,4,0.2,0.2,0.3,0.7,0.8,0.1,0.4,0.9,0.2,0.1,0.1
38,60,1,8,0,0.6,0,0.6,2.3,0.3,0.6,1.8,0.3,1.2,0.3
60,60,1,3,0,0.4,0.3,0.2,0.8,0,0.7,0.2,0.2,0.1,0.1
97,60,1,5,0.3,0.3,0.2,0.3,1.2,0,0.3,1.5,0.3,0.6,0
123,60,1,6,0.3,0,0.2,0.8,0.5,0.3,2.3,1.2,0,0.4,0
124,60,0,20,0,0,1,0,5,0,3,9,0,2,0
125,60,1,3,0.2,0,0.1,0.4,0.2,0.2,1.1,0.6,0,0.2,0
126,60,1,2,0.1,0,0,0.3,0.2,0.1,0.8,0.4,0,0.1,0
127,60,1,1,0,0,0,0.1,0.1,0.1,0.4,0.2,0,0.1,0
34,61,1,16,0.7,0.9,1.4,2.7,3.4,0.4,1.6,3.6,0.7,0.4,0.2
33,26,1,10,0.3,1.4,0.4,0.9,3,0.1,1.4,1.2,0.5,0.7,0.1
37,61,1,1,0,0.1,0,0.1,0.3,0,0.1,0.2,0,0.2,0
38,61,1,3,0,0.2,0,0.2,0.9,0.1,0.2,0.7,0.1,0.5,0.1
60,61,1,6,0.1,0.7,0.6,0.5,1.6,0,1.4,0.4,0.4,0.2,0.1
122,61,1,1,0,0,0,0.1,0.1,0.1,0.4,0.2,0,0.1,0
125,61,1,2,0.1,0,0,0.3,0.2,0.1,0.8,0.4,0,0.1,0
127,61,1,1,0,0,0,0.1,0.1,0.1,0.4,0.2,0,0.1,0
34,62,1,4,0.2,0.2,0.3,0.7,0.8,0.1,0.4,0.9,0.2,0.1,0.1
35,62,1,11,0.5,0.6,0.9,1.9,2.3,0.3,1.1,2.5,0.5,0.3,0.1
36,62,1,2,0,0.1,0,0.1,0.6,0.1,0.2,0.4,0.1,0.3,0.1
37,62,1,2,0,0.1,0,0.1,0.6,0.1,0.2,0.4,0.1,0.3,0.1
58,62,1,4,0.1,0.5,0.4,0.3,1.1,0,0.9,0.2,0.2,0.2,0.1
59,62,1,18,0.4,2.2,1.8,1.5,4.8,0,4,1.1,1.1,0.7,0.4
60,62,0,46,2,2,1,14,9,0,7,6,2,3,0
61,62,1,8,0,0.6,0.8,1,2.7,0,1.3,0.8,0.4,0.2,0.2
112,62,1,3,0,0.2,0.1,0.3,0.4,0,0.8,0.8,0.2,0.2,0
113,62,1,16,0,1.1,0.6,1.7,2.3,0,4.1,4.1,0.9,1.2,0
125,62,1,3,0.2,0,0.1,0.4,0.2,0.2,1.1,0.6,0,0.2,0
32,27,1,4,0.1,0.6,0.2,0.4,1.2,0,0.5,0.5,0.2,0.3,0
24,63,1,1,0,0.1,0.1,0.2,0.2,0,0.2,0.1,0.1,0,0
35,63,1,8,0.3,0.5,0.7,1.4,1.7,0.2,0.8,1.8,0.3,0.2,0.1
36,63,1,3,0,0.2,0,0.2,0.9,0.1,0.2,0.7,0.1,0.5,0.1
56,63,1,2,0,0.3,0.2,0.2,0.5,0,0.5,0.1,0.1,0.1,0
57,63,1,6,0.1,0.7,0.6,0.5,1.6,0,1.4,0.4,0.4,0.2,0.1
58,63,1,10,0.2,1.2,1,0.8,2.7,0,2.3,0.6,0.6,0.4,0.2
59,63,0,30,1,4,0,4,6,1,10,2,1,1,0
60,63,0,54,5.5,4,3,9,10,1,12,6,1.5,2,0
61,63,1,3,0,0.2,0.3,0.4,1,0,0.5,0.3,0.1,0.1,0.1
66,63,1,6,0,0.8,0.3,0.3,1.4,0,2.4,0.5,0.3,0,0
112,63,1,1,0,0.1,0,0.1,0.1,0,0.2,0.3,0.1,0.1,0
113,63,1,4.5,0,0.3,0.2,0.5,0.7,0,1.1,1.2,0.2,0.3,0
114,63,1,3,0,0.2,0.1,0.3,0.4,0,0.8,0.8,0.2,0.2,0
60,64,1,6,0.2,1,0.4,0.2,1.8,0,0.8,1.2,0,0.2,0.2
61,64,1,7,0.2,1.2,0.5,0.2,2.1,0,1,1.4,0,0.2,0.2
63,64,1,2,0.1,0.3,0.1,0.1,0.6,0,0.2,0.4,0,0.1,0.1
67,64,1,1,0,0.1,0,0,0.2,0,0.3,0.3,0,0.1,0
111,64,1,1,0,0,0.1,0,0.2,0,0.3,0.2,0,0.2,0
60,65,1,2,0.1,0.3,0.1,0.1,0.6,0,0.2,0.4,0,0.1,0.1
111,65,1,1,0,0,0.1,0,0.2,0,0.3,0.2,0,0.2,0
4,12,1,6,0.1,0.8,0,0.7,1.5,0,1.3,1,0.1,0.3,0.2
118,66,1,2,0.1,0.1,0,0.3,0.2,0,0.5,0.2,0,0.6,0
122,66,1,11,0.5,0.8,0,1.6,1.1,0,2.7,1.1,0,3.2,0
123,66,1,2,0.1,0.1,0,0.3,0.2,0,0.5,0.2,0,0.6,0
125,68,1,2,0.1,0.1,0,0.3,0.2,0,0.5,0.2,0,0.6,0
126,69,1,11,0,0.6,0.6,0,1.7,0,3.5,2.3,0,2.3,0
116,70,1,3.5,0.2,0.3,0,0.5,0.3,0,0.9,0.3,0,1,0
121,70,1,7,0.4,0.1,0,1.1,1.4,0.5,0.9,2.1,0.1,0.4,0
9,52,0,22,0,4,1,4,8,0,2,0,3,0,0
10,52,1,4,0.2,0.3,0.2,1,0.6,0,0.5,0.7,0.1,0.4,0
14,52,1,6,0.5,0.7,0,1.7,1.2,0.2,1.2,0,0.5,0,0
15,52,1,6,0.5,0.7,0,1.7,1.2,0.2,1.2,0,0.5,0,0
16,52,0,41,3,1,1,5,11,3,7,5,0,3,2
11,17,1,2,0,0.1,0.1,0.4,0.3,0,0.5,0.4,0,0.2,0
59,71,1,3,0.1,0.5,0.2,0.1,0.9,0,0.4,0.6,0,0.1,0.1
109,71,1,1,0,0,0.1,0,0.2,0,0.3,0.2,0,0.2,0
121,71,0,23,0.5,0,0,3,2,0.5,5,9,0,1,2
121,72,1,4,0.2,0.1,0,0.6,0.8,0.3,0.5,1.2,0.1,0.2,0
122,72,0,79,1,8,1,6,18,2,19,13,1,9,1
125,72,1,10,0.5,0.2,0,1.5,2,0.7,1.3,3,0.2,0.6,0
122,73,1,14,0.8,0.3,0,2.1,2.8,1,1.8,4.1,0.3,0.8,0
123,73,0,62,3,3,6,8,8,2,15,7,3,7,0
124,73,1,16,0.9,0.3,0,2.4,3.2,1.2,2.1,4.7,0.3,0.9,0
125,73,1,3,0.2,0.1,0,0.4,0.6,0.2,0.4,0.9,0,0.2,0
127,73,1,2,0,0.1,0.1,0,0.3,0,0.7,0.4,0,0.4,0
28,55,1,2,0.1,0.1,0,0.8,0.4,0.1,0.4,0.1,0,0,0
29,55,1,3,0.1,0.1,0,1.3,0.6,0.1,0.6,0.2,0,0,0
80,75,1,1,0,0.1,0,0,0.2,0,0.3,0.3,0,0.1,0
116,75,0,19,0,0,0,0,3,0,9,4,1,2,0
81,77,1,3,0,0.2,0,0,0.8,0,0.8,1,0,0.2,0
82,79,1,1,0,0.1,0,0,0.2,0,0.3,0.3,0,0.1,0
92,80,1,3,0,0.2,0,0,0.8,0,0.8,1,0,0.2,0
117,80,1,26.5,1.3,1.6,0,1.3,3.9,2.6,6.6,5.9,1.3,2,0
35,61,1,3,0.1,0.2,0.3,0.5,0.6,0.1,0.3,0.7,0.1,0.1,0
43,81,1,4,0.1,0.5,0,0.4,1.1,0.1,0.7,0.8,0.1,0,0.2
116,81,1,1,0,0.1,0,0.1,0.1,0.1,0.2,0.2,0.1,0.1,0
117,81,1,3,0.1,0.2,0,0.2,0.4,0.3,0.7,0.7,0.2,0.2,0
116,82,1,5,0.2,0.3,0,0.3,0.7,0.5,1.2,1.1,0.3,0.4,0
117,82,1,1,0,0.1,0,0.1,0.1,0.1,0.2,0.2,0.1,0.1,0
57,83,1,2,0,0.1,0,0,0.5,0,0.5,0.7,0,0.2,0
79,83,1,2,0,0.1,0,0,0.5,0,0.5,0.7,0,0.2,0
80,83,1,2,0,0.1,0,0,0.5,0,0.5,0.7,0,0.2,0
115,83,1,1,0,0,0.1,0,0.2,0,0.3,0.2,0,0.2,0
116,83,1,4,0.2,0.2,0,0.2,0.6,0.4,1,0.9,0.2,0.3,0
59,64,1,10,0.3,1.7,0.7,0.3,3,0,1.3,2,0,0.3,0.4
21,28,1,9,0.6,0,0,1.5,2,0.4,1.7,2.3,0.2,0.3,0
22,28,0,47.5,0,7,4,9,11,1,5,2,7.5,0,1
23,28,0,33,0,0,2,7,2,0,2,10,4,6,0
24,28,0,35.5,1,2,0,3,4,0.5,5,11,0,8,1
25,28,0,22.5,0,0,1,3,7,0,7,3,0.5,0,1
28,28,1,3,0,0.2,0.3,0,0.9,0,0.7,0.5,0.1,0,0.3
57,84,1,1,0,0.1,0,0.1,0.2,0,0.2,0.2,0.1,0.1,0
115,84,1,2,0,0.1,0.1,0,0.3,0,0.7,0.4,0,0.4,0
57,85,1,9,0.2,1.1,0,0.9,2.1,0.2,1.7,1.3,0.6,0.7,0.2
58,85,1,3,0.1,0.3,0,0.3,0.7,0.1,0.6,0.4,0.2,0.2,0.1
88,85,1,7,0,0.6,0.3,0.8,1.7,0,1.4,1.1,0.5,0.6,0
89,85,1,5,0,0.4,0.2,0.6,1.2,0,1,0.8,0.4,0.4,0
95,85,1,2,0,0.2,0.1,0.2,0.5,0,0.4,0.3,0.1,0.2,0
57,86,1,8,0.2,0.9,0,0.8,1.9,0.2,1.5,1.1,0.6,0.6,0.2
58,86,1,4,0.1,0.5,0,0.4,0.9,0.1,0.7,0.6,0.3,0.3,0.1
88,86,1,4,0,0.3,0.2,0.5,1,0,0.8,0.6,0.3,0.3,0
89,86,1,7,0,0.6,0.3,0.8,1.7,0,1.4,1.1,0.5,0.6,0
41,87,1,4,0.2,0.2,0.1,0.8,1.1,0.1,0.3,0.5,0.3,0.2,0.2
42,87,1,10,0.6,0.5,0.2,2.1,2.7,0.2,0.8,1.3,0.8,0.4,0.4
43,87,1,3,0.2,0.2,0.1,0.6,0.8,0.1,0.2,0.4,0.2,0.1,0.1
57,87,1,7,0.2,0.8,0,0.7,1.6,0.2,1.3,1,0.5,0.5,0.2
58,87,1,3,0.1,0.3,0,0.3,0.7,0.1,0.6,0.4,0.2,0.2,0.1
41,88,1,15.5,1,0.8,0.3,3.2,4.2,0.3,1.3,1.9,1.3,0.6,0.6
42,88,1,7,0.4,0.4,0.1,1.4,1.9,0.1,0.6,0.9,0.6,0.3,0.3
43,88,1,5,0.3,0.3,0.1,1,1.4,0.1,0.4,0.6,0.4,0.2,0.2
59,88,1,2,0,0.2,0,0.2,0.5,0.1,0.4,0.3,0.1,0.1,0.1
42,89,1,1,0,0,0.1,0.2,0.2,0,0.2,0.2,0.1,0,0
43,89,1,7,0.1,0.3,0.4,1.3,1.4,0.2,1.2,1,0.7,0.2,0.2
14,32,1,1,0,0.2,0,0.1,0.3,0,0.2,0.1,0.1,0,0
21,32,1,22,0.9,1.1,1.3,4.1,5.7,0.4,2.6,3.9,1.1,0.7,0.2
22,32,0,20,1,1,2,5,2,0,4,3,1,1,0
23,32,0,43.5,6,3,1.5,16,8,2,1,0,5,0,1
41,90,1,2,0,0.1,0.1,0.4,0.4,0,0.3,0.3,0.2,0.1,0.1
42,90,1,12,0.2,0.5,0.7,2.2,2.4,0.3,2.1,1.7,1.2,0.3,0.4
43,90,1,17.5,0.2,0.8,1,3.3,3.5,0.4,3,2.5,1.8,0.5,0.5
35,91,1,3,0.1,0.4,0,0.3,0.8,0.1,0.5,0.6,0.1,0,0.1
41,91,1,4,0.1,0.2,0.2,0.7,0.8,0.1,0.7,0.6,0.4,0.1,0.1
43,91,1,1,0,0,0.1,0.2,0.2,0,0.2,0.2,0.1,0,0
41,92,1,4,0.1,0.2,0.2,0.7,0.8,0.1,0.7,0.6,0.4,0.1,0.1
42,92,1,15,0.2,0.7,0.9,2.8,3,0.3,2.6,2.2,1.5,0.4,0.4
43,92,0,40,0,3,3,5,6,0,4,13,1,5,0
44,92,0,33,0,6,4,1,10,0,5,5,0,2,0
87,92,1,3,0,0,0.2,0,0.7,0,0.9,0.7,0.2,0.2,0.1
88,92,1,2,0,0,0.2,0,0.4,0,0.6,0.4,0.1,0.2,0.1
41,34,1,9,0,1,0,1.3,3,0.4,0.6,1.3,0.8,0,0.6
48,34,1,13,0.3,1.4,0.6,1.3,3.7,0,1.9,1.5,0.8,0.5,1
42,93,0,47,0,4,4,4,16,2,5,3,6,2,1
43,93,0,81.5,4.5,11,5,14,23,0,6,12,2,4,0
44,93,0,27,0,2,0,2,8,1,2,4,2,5,1
45,93,1,6,0.1,0.3,0.3,1.1,1.2,0.1,1,0.9,0.6,0.2,0.2
58,93,1,3,0.1,0.3,0,0.3,0.7,0.1,0.6,0.4,0.2,0.2,0.1
88,93,1,20,0,0,1.5,0,4.4,0,5.9,4.5,1.5,1.5,0.7
89,93,1,2,0,0,0.2,0,0.4,0,0.6,0.4,0.1,0.2,0.1
61,94,1,2,0.1,0.3,0,0.4,0.4,0,0.3,0.2,0.1,0.1,0.1
7,36,1,2,0,0.2,0,0.4,0.4,0,0.2,0.4,0.1,0.2,0.1
12,36,1,4,0.2,0.2,0.2,0.5,0.7,0.1,0.9,0.9,0.1,0,0.2
13,36,1,14.5,0.6,0.6,0.9,1.8,2.7,0.4,3.3,3.3,0.3,0,0.6
40,36,1,14,0,1.5,0,2,4.6,0.6,1,2,1.3,0,1
41,36,1,5,0,0.5,0,0.7,1.6,0.2,0.4,0.7,0.5,0,0.4
42,95,1,3,0.1,0.2,0.2,0.6,0.7,0.1,0.4,0.4,0.2,0.1,0
43,95,0,26,1,0,0,6,1,0,11,5,1,1,0
44,95,0,34,1,4,2,5,12,0,3,1,4,1,1
61,95,1,7,0.3,1,0.1,1.4,1.5,0,1.1,0.8,0.3,0.4,0.1
62,95,1,27,1.1,3.7,0.5,5.3,5.8,0,4.2,3.2,1.1,1.6,0.5
63,95,0,44,4,5,1,7,9,0,11,3,3,0,1
42,96,1,4.5,0.2,0.3,0.3,0.9,1,0.1,0.5,0.6,0.4,0.1,0.1
43,96,1,12,0.4,0.9,0.7,2.4,2.7,0.3,1.4,1.7,1,0.3,0.2
44,96,1,3,0.1,0.2,0.2,0.6,0.7,0.1,0.4,0.4,0.2,0.1,0
45,96,1,15,0.5,1.2,0.9,2.9,3.3,0.4,1.8,2,1.3,0.4,0.3
49,96,1,1,0,0.1,0,0.1,0.3,0,0.2,0.2,0,0,0.1
50,96,1,5,0.1,0.7,0,0.5,1.4,0.1,0.8,1,0.1,0,0.3
61,96,1,6,0.2,0.8,0.1,1.2,1.3,0,1,0.7,0.2,0.4,0.1
62,96,0,81.5,1,9,2,13,20,3,11,9,6.5,6,1
63,96,0,30.5,3.5,2,2,6,8,0,0,2,5,0,2
43,97,1,15.5,0.5,1.2,0.9,3.1,3.4,0.4,1.9,2.1,1.3,0.4,0.3
44,97,1,4,0.1,0.3,0.2,0.8,0.9,0.1,0.5,0.6,0.3,0.1,0.1
45,97,1,17,0.6,1.3,1,3.4,3.8,0.4,2,2.3,1.5,0.4,0.3
46,97,1,11,0.3,1.5,0,1.2,2.9,0.3,1.8,2.1,0.3,0,0.6
62,97,0,40,1,5,2,4,12,1,9,4,0,2,0
63,97,1,6,0.2,0.8,0.1,1.2,1.3,0,1,0.7,0.2,0.4,0.1
44,98,1,1,0,0.1,0.1,0.2,0.2,0,0.1,0.2,0.1,0,0
45,98,1,9,0.3,0.7,0.5,1.8,2,0.2,1.1,1.2,0.8,0.2,0.2
46,98,1,13,0.3,1.8,0,1.4,3.5,0.3,2.1,2.5,0.4,0,0.7
45,99,1,1,0,0.1,0.1,0.2,0.2,0,0.1,0.2,0.1,0,0
46,99,1,11.5,0,0.2,0.4,2.7,2.3,0.4,3.5,1.2,0.4,0.4,0
3,41,1,1,0.1,0.1,0,0.2,0.2,0.1,0.1,0.1,0.1,0,0
54,41,1,5,0.1,0.5,0.3,0.5,1.4,0,0.7,0.6,0.3,0.2,0.4
46,100,1,1,0,0,0,0.3,0.2,0,0.3,0.1,0,0.1,0
47,100,1,10,0,0.2,0.3,2.4,2,0.3,3.1,1,0.3,0.4,0
48,100,1,5,0,0.1,0.2,1.2,1,0.1,1.5,0.5,0.2,0.2,0
50,100,1,2,0,0,0.1,0.5,0.4,0,0.6,0.2,0.1,0.1,0
25,44,1,5,0.1,0.6,0.6,0.3,1.6,0.1,0.7,0.7,0.1,0.2,0
55,44,1,3,0,0.2,0,0.6,0.7,0.1,0.5,0.5,0.1,0.3,0
56,44,1,6,0.3,1.1,0.6,1.5,0.9,0.1,0.5,0.5,0.2,0.2,0.1
57,44,1,9,0.5,1.7,0.8,2.2,1.3,0.2,0.7,0.8,0.3,0.3,0.2
61,103,1,3,0.1,0.4,0.1,0.6,0.6,0,0.5,0.3,0.1,0.2,0.1
27,51,1,14,0.4,0.9,0.2,2.8,3,0.4,3,2.1,0.8,0.2,0.2
28,51,0,75,2,7,5,8,14,0,16,20,1,0,2
29,51,0,40,4,2,2,7,8,1,4,5,6,0,1
30,51,1,10,0.3,0.6,0.1,2,2.1,0.3,2.1,1.5,0.6,0.2,0.2
39,51,0,68,4,6,4,13,17,2,6,8,6,1,1
40,51,0,43,3,3,1,10,11,0,4,7,2,2,0
74,51,1,2,0,0.3,0.1,0.1,0.4,0,0.8,0.2,0.1,0,0
51,109,1,4,0,0.6,0.3,0.2,1.1,0,0.7,0.8,0.2,0.1,0
58,109,1,3,0.1,0.3,0.2,0.5,0.8,0,0.4,0.3,0.2,0.1,0.1
52,110,0,35.5,3,1,2,14,5,1.5,1,0,8,0,0
53,110,1,3,0,0.4,0.2,0.2,0.8,0,0.5,0.6,0.2,0.1,0
56,110,1,3,0.1,0.3,0.2,0.5,0.8,0,0.4,0.3,0.2,0.1,0.1
57,110,1,15,0.6,1.6,0.8,2.3,4.1,0.1,2,1.7,0.9,0.7,0.2
58,110,1,2,0.1,0.2,0.1,0.3,0.6,0,0.3,0.2,0.1,0.1,0
59,110,1,7,0.3,0.7,0.4,1.1,1.9,0,1,0.8,0.4,0.3,0.1
53,111,1,4,0,0.6,0.3,0.2,1.1,0,0.7,0.8,0.2,0.1,0
54,111,1,3,0,0.4,0.2,0.2,0.8,0,0.5,0.6,0.2,0.1,0
55,111,1,5,0,0.7,0.4,0.3,1.3,0,0.9,1,0.3,0.1,0
56,111,1,12,0.5,1.3,0.6,1.8,3.3,0.1,1.6,1.3,0.7,0.6,0.2
57,111,0,44,1,9,2,6,15,0,3,7,1,0,0
58,111,1,25,1,2.6,1.3,3.8,6.9,0.1,3.4,2.8,1.5,1.2,0.4
59,111,1,27,1.1,2.8,1.4,4.1,7.4,0.2,3.6,3,1.6,1.3,0.5
54,112,1,7,0,1,0.6,0.4,1.8,0,1.3,1.4,0.4,0.1,0
55,112,1,21,0,2.9,1.7,1.3,5.5,0,3.8,4.2,1.2,0.4,0
56,112,0,23,0,5,0,1,4,0,5,4,1,3,0
57,112,0,94,6,9,3,20,17,5,20,4,5,4,1
58,112,1,11,0.4,1.2,0.6,1.7,3,0.1,1.5,1.2,0.6,0.5,0.2
59,112,1,1,0,0.1,0.1,0.2,0.3,0,0.1,0.1,0.1,0,0
55,113,1,3,0,0.4,0.2,0.2,0.8,0,0.5,0.6,0.2,0.1,0
56,113,1,11,0.4,1.2,0.6,1.7,3,0.1,1.5,1.2,0.6,0.5,0.2
57,113,1,20,0.8,2.1,1.1,3,5.5,0.1,2.7,2.2,1.2,0.9,0.4
58,113,1,24,1,2.5,1.3,3.7,6.6,0.1,3.2,2.7,1.4,1.1,0.4
59,113,1,10,0.4,1.1,0.5,1.5,2.7,0.1,1.3,1.1,0.6,0.5,0.2
69,113,1,3,0.2,0.2,0.2,0.4,0.6,0.2,0.6,0.3,0.2,0.1,0
58,114,1,11,0.9,0.9,0.9,1.6,2.2,0.5,2.2,0.9,0.5,0.4,0
59,114,1,10,0.8,0.8,0.8,1.5,2,0.5,2,0.8,0.5,0.3,0
69,114,1,21,1.7,1.7,1.7,3.1,4.1,1.1,4.1,1.7,1.1,0.7,0
55,117,1,10,0,1.5,0.6,0.3,1.7,0,1.8,2,0.6,0.6,0.9
54,118,1,3,0,0.4,0.2,0.1,0.5,0,0.5,0.6,0.2,0.2,0.3
55,118,1,21,0,3.1,1.2,0.6,3.7,0,3.7,4.3,1.2,1.3,1.9
70,119,1,8,0.6,0.6,0.6,1.2,1.6,0.4,1.6,0.7,0.4,0.3,0
71,119,1,11,0.7,0.9,0.9,1.9,2.6,0.4,0.9,1.4,0.4,0.9,0
70,120,1,8,0.6,0.6,0.6,1.2,1.6,0.4,1.6,0.7,0.4,0.3,0
71,120,1,35,2.2,3,3,5.9,8.2,1.1,3,4.5,1.1,3,0
72,120,1,1,0.1,0.1,0.1,0.2,0.2,0,0.1,0.1,0,0.1,0
123,72,0,45,2,3,3,5,7,0,9,10,2,4,0
124,72,0,33,0,1,1,1,3,0,13,9,1,4,0
43,124,1,1,0,0,0,0.1,0.1,0,0.2,0.5,0,0.1,0
55,124,1,10,0.4,0,0,1.2,1.2,0,1.6,4.4,0,0.8,0.4
56,124,1,17,1.1,1.4,1.1,3.6,4.2,0.4,2,0.3,2.6,0,0.3
57,124,1,9,0.6,0.7,0.6,1.9,2.2,0.2,1,0.2,1.4,0,0.2
55,125,1,6,0.2,0,0,0.7,0.7,0,1,2.6,0,0.5,0.3
56,125,1,16,1,1.3,1.1,3.4,3.9,0.4,1.8,0.3,2.5,0,0.3
57,125,1,8,0.5,0.7,0.5,1.7,2,0.2,0.9,0.1,1.3,0,0.1
58,125,1,11,0.7,0.9,0.7,2.3,2.7,0.3,1.3,0.2,1.7,0,0.2
72,126,1,2,0,0.1,0.2,0.2,0.5,0,0.4,0.4,0.1,0.1,0
71,127,1,5,0.1,0.3,0.4,0.4,1.4,0,1,1,0.1,0.3,0
72,127,1,1,0,0,0.1,0.1,0.3,0,0.2,0.2,0,0.1,0
39,86,1,4,0.2,0.2,0.1,0.8,1.1,0.1,0.3,0.5,0.3,0.2,0.2
56,86,1,2,0,0.2,0,0.2,0.5,0.1,0.4,0.3,0.1,0.1,0.1
42,94,1,2,0.1,0.2,0.1,0.4,0.4,0,0.2,0.3,0.2,0.1,0
43,94,1,13,0.4,1,0.8,2.6,2.9,0.3,1.6,1.8,1.1,0.3,0.2
44,94,0,14,2,0,1,5,1,0,0,4,0,1,0
45,94,1,17,0.6,1.3,1,3.4,3.8,0.4,2,2.3,1.5,0.4,0.3
85,102,1,17,0,3.2,0,0.8,3.3,0.8,6.5,1.6,0,0.8,0
86,102,1,4,0,0.7,0,0.2,0.8,0.2,1.5,0.4,0,0.2,0
