x,y,ind2015,imp2015,ind2017,imp2017,ind2019,imp2019,ind2021,imp2021
0,2,6,1,6,1,8,1,8,1
0,48,3,1,3,1,4,1,4,1
0,63,3,1,3,1,3,1,6,1
0,64,25,0,34,0,29,0,29,0
0,65,7,1,8,1,10,1,8,1
0,80,9,1,9,1,9,1,13,1
0,81,8,1,8,1,9,1,10,1
0,95,3,1,3,1,3,1,4,1
1,18,,,,,4,1,4,1
1,47,4,1,4,1,1,1,3,1
1,64,2,1,2,1,4,1,3,1
1,81,14,1,16,1,15,1,11,1
1,82,2,1,3,1,3,1,3,1
1,95,2,1,2,1,2,1,,
2,47,4,1,4,1,4,1,3,1
2,81,4,1,3,1,3,1,3,1
2,82,17,1,16,1,18,1,17,1
2,98,1,1,,,5,1,,
2,117,2,1,2,1,,,,
2,126,3,1,1,1,1,1,1,1
3,18,5,1,,,,,,
3,47,6,1,5,1,2,1,8,1
3,48,4,1,4,1,,,4,1
3,55,4,1,4,1,,,4,1
3,84,3,1,2,1,,,,
3,98,,,,,,,4,1
3,125,5,1,6,1,2,1,2,1
4,3,8,1,9,1,9,1,9,1
4,47,,,,,2,1,,
4,48,16,1,16,1,16,1,12,1
4,49,24,1,22,1,17,1,19,1
4,51,3,1,3,1,2,1,5,1
4,54,3,1,4,1,4,1,4,1
4,55,4,1,4,1,8,1,4,1
4,56,1,1,3,1,3,1,2.5,1
4,84,,,,,2,1,2,1
4,113,3,1,3,1,,,,
4,123,1,1,1,1,1,1,3,1
5,1,3,1,4,1,8,1,8,1
5,2,6,1,8,1,7,1,5,1
5,3,2,1,2,1,2,1,2,1
5,22,,,,,1,1,1,1
5,47,4,1,2,1,2,1,4,1
5,48,4,1,4,1,5,1,4,1
5,49,12,1,15,1,15,1,11,1
5,51,,,,,2,1,,
5,53,10,1,9,1,2,1,9,1
5,54,5,1,8,1,,,4,1
5,55,16,1,10,1,9,1,12,1
5,56,13,1,13,1,5,1,12,1
5,57,6,1,6,1,,,14,1
5,85,2,1,2,1,2,1,2,1
5,117,5,1,5,1,5,1,,
5,118,2,1,2,1,2,1,2,1
5,123,3,1,3,1,3,1,,
6,1,2,1,3,1,,,,
6,2,23,1,31,1,29,1,27,1
6,3,9,1,8,1,7,1,9,1
6,22,2,1,1,1,,,,
6,48,3,1,4,1,2,1,2,1
6,49,33.5,0,35.5,0,28,0,39.5,0
6,50,,,,,,,3,1
6,53,6,1,5,1,20,1,4,1
6,54,36,0,32,0,33,0,31,0
6,55,29,0,26,1,13,1,21,1
6,56,48,0,43,0,44,0,45,0
6,57,22,1,20,1,24,1,15,1
6,58,2,1,2,1,2,1,2,1
6,72,,,,,,,2,1
6,73,3,1,3,1,1,1,,
6,86,4,1,4,1,4,1,4,1
6,106,7,1,6,1,2,1,20,1
6,108,13,1,13,1,11,1,3,1
6,109,5,1,5,1,5,1,5,1
6,117,22,0,23,0,22,1,42,0
6,118,6,1,4,1,5,1,,
7,3,15,1,16,1,17,1,16,1
7,23,4,1,4,1,3,1,2,1
7,49,8,1,7,1,15,1,5.5,1
7,50,10,1,10,1,12.5,1,14,1
7,51,6,1,6,1,5,1,4,1
7,53,1,1,1,1,,,,
7,54,32,0,25,1,19,1,29,0
7,55,39,0,41,0,47,0,43,0
7,56,12,1,12,1,21,1,12,1
7,57,,,,,2,1,,
7,86,5,1,,,2,1,2,1
7,87,2,1,2,1,2,1,2,1
7,106,1,1,1,1,1,1,,
7,107,18,1,17,1,14,1,,
7,108,29,0,25,0,24,0,25,0
7,109,7,1,6,1,9,1,35,0
7,110,1,1,1,1,1,1,1,1
7,111,1,1,1,1,1,1,1,1
7,112,2,1,2,1,2,1,4,1
7,113,2,1,2,1,2,1,,
7,116,2,1,4,1,1,1,,
7,117,34,0,36,0,33,0,22,1
8,4,26,1,23,1,21.5,1,18.5,1
8,49,,,,,2,1,,
8,50,,,,,2,1,,
8,51,,,,,4,1,,
8,52,17,1,17,1,26,1,39,0
8,53,15,1,15,1,7,1,9,1
8,54,2,1,7,1,13,1,9,1
8,55,15,1,14,1,9,1,16,1
8,71,4,1,4,1,4,1,4,1
8,103,1,1,1,1,,,,
8,107,11,1,12,1,13,1,4,1
8,108,22,1,26.5,1,26,0,23,1
8,109,78,0,62,0,60,0,27,0
8,110,52,0,52,0,52.5,0,54,0
8,111,33.5,0,34.5,0,22,0,30,0
8,112,8,1,11,1,13,1,12,1
8,113,4,1,4,1,4,1,,
8,118,6,1,6,1,6,1,1.5,1
8,119,,,,,,,2,1
9,23,5,1,5,1,5,1,5,1
9,24,7,1,12,1,14,1,13,1
9,31,7,1,6,1,7,1,7,1
9,53,5,1,5,1,7,1,5,1
9,54,12,1,12,1,28,1,15,1
9,55,,,,,5,1,,
9,56,2,1,2,1,2,1,3,1
9,71,8,1,8,1,4,1,4,1
9,72,13,1,14,1,16,1,13,1
9,73,2,1,2,1,2,1,1,1
9,103,,,4,1,6,1,,
9,105,6,1,5,1,4,1,,
9,107,6,1,6,1,4,1,4,1
9,108,141,0,126.5,0,101,0,143,0
9,109,78,0,81,0,74,0,56,0
9,110,74,0,71,0,51,0,46,0
9,111,3,1,3,1,3,1,6,1
9,112,3,1,3,1,2,1,3,1
10,17,,,5,1,4,1,4.5,1
10,21,5,1,5,1,6,1,4,1
10,22,17,1,13,1,14,1,14,1
10,23,22,1,22,1,20,1,21,1
10,24,14,1,10,1,12,1,11,1
10,70,6,1,11,1,6,1,2,1
10,71,22,1,17,1,18,1,23,1
10,72,13,1,13,1,12,1,11,1
10,106,2,1,2,1,5,1,5,1
10,107,35,0,39,0,38,0,56,0
10,108,38,0,55,0,51,0,66,0
10,109,118,0,118,0,101.5,0,110.5,0
10,110,59,0,50,0,60.5,0,58,0
10,111,1,1,,,,,,
10,112,1,1,1,1,1,1,1,1
11,19,17,1,19,1,20,1,23,1
11,20,32,1,34,0,31.5,0,28,0
11,21,18,1,18,1,15,1,13,1
11,22,24,1,18,1,21,1,19,1
11,42,4,1,4,1,4,1,4,1
11,43,3,1,3,1,4,1,4,1
11,71,6,1,8,1,8,1,8,1
11,72,20,1,20,1,20,1,24,1
11,73,4,1,3,1,,,3,1
11,106,3,1,4,1,8,1,,
11,107,16,1,17,1,16,1,24.5,1
11,108,62,1,56,0,50.5,0,55,0
11,109,24,1,27,1,20,1,5,1
11,110,63,0,48,0,50,0,45,0
11,111,18,1,19,1,19,1,21,1
11,112,4,1,3,1,3,1,2,1
12,17,2,1,2,1,2,1,1,1
12,18,9,1,7,1,8,1,9,1
12,19,35,0,32,0,30,0,35,0
12,20,40,0,39,0,36.5,0,37,0
12,21,12,1,12,1,12,1,15,1
12,22,,,,,1,1,3,1
12,41,9,1,8,1,13,1,12,1
12,42,18,1,18,1,13,1,14,1
12,73,2,1,2,1,2,1,2,1
12,107,,,1,1,1,1,1,1
12,109,2,1,2,1,2,1,2,1
12,110,46.5,0,40,0,37,0,50,0
12,111,57,0,48,0,63,0,62,0
13,17,14,1,16,1,16,1,12,1
13,18,30,0,29,0,34,0,39,0
13,19,84,0,80,0,76,0,73,0
13,20,62,0,58,0,53,0,48,0
13,21,38,0,36.5,0,43,0,38,0
13,22,10,1,11,1,7,1,7,1
13,40,1,1,1,1,1,1,1,1
13,41,23,1,29,1,19,1,22,1
13,42,35,0,35,0,34,0,30.5,0
13,43,30,0,30,0,32,0,36,0
13,44,3,1,5,1,5,1,3,1
13,110,1,1,7,1,6,1,,
13,122,2,1,1,1,1,1,5,1
13,123,3,1,3,1,3,1,1,1
13,125,1,1,1,1,1,1,1,1
14,0,21,1,25,1,30,1,31,1
14,1,30,1,31,1,35,0,33,0
14,2,6,1,5,1,9,1,13,1
14,17,29,1,28,0,27,0,21,1
14,18,4,1,4,1,4,1,4,1
14,20,12,1,23,0,25,0,26,0
14,21,47,0,46,0,43,0,45.5,0
14,22,2,1,2,1,3,1,3,1
14,41,,,,,,,2,1
14,42,20,1,20,1,23,1,25,1
14,43,5,1,6,1,8,1,7,1
14,44,1,1,,,,,,
14,64,3,1,4,1,,,,
14,74,,,,,,,3,1
14,75,11,1,10,1,11,1,,
14,108,,,4,1,,,7,1
14,122,5,1,2,1,2,1,,
15,0,10,1,9,1,4,1,4,1
15,1,53,0,48,0,57,0,59,0
15,2,38,0,39,0,35,0,43,0
15,3,47,0,44,0,62,0,62,0
15,4,12,1,10,1,8,1,9,1
15,16,7,1,7,1,5,1,4,1
15,17,32,0,27,0,22.5,0,27.5,0
15,18,3,1,4,1,8,1,9.5,1
15,20,10,1,3,1,11,1,11,1
15,21,44,0,56,0,54,0,53,0
15,22,3,1,3,1,3,1,6,1
15,43,4,1,4,1,2,1,3,1
15,64,,,,,4,1,,
15,66,1,1,1,1,,,4,1
15,74,,,,,,,4,1
15,75,,,,,,,3,1
16,1,5,1,5,1,5,1,3,1
16,2,29.5,0,24,0,18,1,22,1
16,3,25,1,17,1,21,1,20,1
16,4,15,1,19,1,22,1,23,1
16,21,2,1,7,1,5,1,6,1
16,22,2,1,2,1,2,1,2,1
16,23,4,1,4,1,4,1,4,1
16,66,8,1,4,1,,,,
16,108,2,1,2,1,2,1,,
17,3,6,1,5,1,2,1,1,1
17,66,,,,,4,1,,
17,76,6,1,5,1,2.5,1,7.5,1
17,98,1,1,2,1,2,1,2,1
17,109,3,1,4,1,2,1,3,1
17,124,,,,,,,1,1
17,125,2,1,3,1,3,1,3,1
18,13,8,1,7,1,5,1,6,1
18,76,3,1,,,,,,
18,77,1,1,3,1,1,1,,
18,109,9,1,7,1,3,1,,
19,12,5,1,4,1,5,1,5,1
19,13,2,1,5,1,5,1,5,1
19,48,,,2,1,2,1,2,1
19,65,3.5,1,3,1,3,1,4,1
19,71,,,,,,,9,1
19,72,4,1,4,1,,,,
19,102,3,1,3,1,1,1,3,1
20,12,2,1,1,1,2,1,1,1
20,48,5,1,4,1,2,1,2,1
20,49,14,1,15,1,16,1,16,1
20,62,1,1,1,1,1,1,,
20,65,1,1,,,1,1,8,1
20,72,,,,,4,1,,
20,102,3,1,4,1,2,1,,
20,103,,,,,,,1,1
21,9,22,1,22,1,22,1,21,1
21,10,,,,,2,1,2,1
21,12,28.5,0,25,0,21,1,23,1
21,13,12,1,8,1,15,1,15,1
21,43,,,,,3,1,3,1
21,48,3,1,3,1,4,1,3,1
22,9,26,0,25,0,28,0,31,0
22,10,61,0,67,0,64,0,53,0
22,11,18,1,23,1,21,1,22.5,1
22,12,16,1,27,0,21,0,27,0
22,13,13,1,16,1,13,1,16,1
22,43,5,1,3,1,4,1,4,1
23,10,5,1,7,1,4,1,4,1
23,11,120,0,117.5,0,97.5,0,106.5,0
23,12,31.5,0,33.5,0,30,0,31.5,0
23,13,61,0,60,0,69,0,64.5,0
23,14,58,0,51,0,50,0,49,0
23,15,24,0,21,0,21,0,19,1
23,16,21,1,22,1,15,1,15,1
23,19,9,1,5,1,6,1,6,1
23,20,1,1,1,1,3.5,1,4,1
23,78,,,,,,,3,1
24,10,6,1,6,1,6,1,6,1
24,11,33,1,26.5,1,27.5,0,25,0
24,14,2,1,1,1,1,1,1,1
24,16,5,1,5,1,10,1,9,1
24,17,40,0,40,0,37,0,44,0
24,18,27,0,39,0,45,0,47,0
24,19,51,0,50,0,53,0,48,0
24,20,16,1,16,1,21,1,21,1
24,32,6,1,4,1,4,1,4,1
24,33,13,1,13,1,13,1,15,1
24,70,2,1,2,1,2,1,,
24,78,3,1,1,1,1,1,,
25,10,20,1,15,1,16,1,14,1
25,17,,,,,,,1,1
25,18,3,1,3,1,2,1,5,1
25,19,30,0,31,0,25,0,21,0
25,20,8,1,7,1,10,1,9,1
25,31,8,1,10,1,10,1,10,1
25,32,8,1,11,1,10,1,10,1
25,33,11,1,10,1,12,1,16.5,1
25,70,1,1,1,1,1,1,,
25,76,5,1,5,1,,,3,1
25,77,2,1,3,1,5,1,2,1
25,79,2,1,2,1,2,1,,
26,5,5,1,5,1,5,1,4,1
26,9,24,1,24,1,23,1,18,1
26,10,8,1,7,1,7,1,10,1
26,19,17,1,19,1,15,1,18,1
26,37,9,1,9,1,9,1,12,1
26,62,3,1,4,1,5,1,5,1
26,63,7,1,6,1,8,1,35,0
26,64,1,1,1,1,1,1,,
26,65,,,,,,,3,1
26,76,,,,,5,1,,
26,95,2,1,2,1,2,1,3,1
27,6,14,1,15,1,15,1,14,1
27,7,3,1,7,1,2,1,2,1
27,8,6,1,8,1,4,1,2,1
27,9,34,0,33,0,36,0,32,0
27,10,43,0,46,0,41,0,44,0
27,11,40,1,37,1,38,1,35,1
27,19,,,,,4,1,3,1
27,37,11,1,10,1,16,1,19,1
27,38,14,1,13,1,11,1,11,1
27,39,1,1,,,,,,
27,40,,,,,4,1,4,1
27,63,2,1,5,1,4,1,2,1
27,64,18.5,1,20.5,1,16.5,1,8,1
27,65,12.5,1,9.5,1,14,1,7,1
27,95,17,1,17,1,17,1,18,1
27,96,14,1,14,1,12,1,8,1
27,97,9,1,8,1,8,1,8,1
28,6,35,0,40,0,44.5,0,43.5,0
28,7,3,1,4,1,29.5,0,70,0
28,8,64,0,67,0,60,0,58,0
28,9,7,1,7,1,8,1,10,1
28,10,9,1,9,1,13,1,13,1
28,11,11,1,10,1,6,1,6,1
28,37,2,1,2,1,2,1,,
28,38,10,1,11,1,11,1,10,1
28,39,31,1,34,1,32,1,38,0
28,40,15,1,18,1,20,1,19,1
28,65,1,1,1,1,1,1,,
28,69,2,1,1,1,1,1,,
28,70,2,1,2,1,1,1,5,1
28,79,,,,,,,9,1
28,95,19,1,21,1,21,1,18,1
28,96,33,0,37,0,36,0,37,0
28,97,19,1,18,1,19,1,19,1
28,98,4,1,4,1,4,1,4,1
28,107,2,1,1,1,,,,
29,6,13,1,10,1,11,1,13,1
29,7,20,1,16,1,21,1,20,1
29,8,33,0,31,0,36,0,42.5,0
29,9,4,1,4,1,4,1,4,1
29,27,22,1,22,1,19,1,17,1
29,39,18,1,21,1,20,1,12,1
29,40,20,0,19,1,24,0,32,0
29,41,18,1,17,1,23,1,25.5,1
29,76,4,1,,,2,1,,
29,77,3,1,4,1,3,1,4,1
29,78,11,1,11,1,7,1,12,1
29,95,8,1,8,1,7,1,12,1
29,96,35,0,33,0,35,0,31.5,0
29,97,,,,,,,4,1
29,106,,,1,1,2,1,2,1
29,107,2,1,2,1,2,1,2,1
30,6,12,1,11,1,3,1,3,1
30,7,55,0,55,0,57,0,57,0
30,8,17,1,19,1,21,1,23,1
30,18,2,1,2,1,2,1,2,1
30,19,4,1,4,1,4,1,2,1
30,25,2,1,2,1,,,2,1
30,26,10,1,11,1,8,1,10,1
30,27,12,1,10,1,8,1,7.5,1
30,40,3,1,3,1,5,1,6,1
30,41,13,1,20,1,10,1,26,1
30,42,5,1,4,1,,,,
30,77,,,,,1,1,,
30,78,,,,,4,1,,
30,96,5.5,1,7.5,1,9.5,1,7,1
31,7,64,0,66,0,65,0,63,0
31,8,11,1,11,1,10,1,11,1
31,18,3,1,6,1,6,1,6,1
31,19,23,1,24,1,25,1,20,1
31,25,,,,,3,1,,
31,26,3,1,3,1,5,1,7,1
31,27,4,1,3,1,5,1,2,1
31,37,1,1,1,1,1,1,1.5,1
31,38,3,1,3,1,3,1,3,1
31,39,8,1,9,1,5,1,14,1
31,40,24,0,25,0,31,0,27,1
31,41,17,1,14,1,16,1,14,1
31,42,4,1,4,1,9,1,5,1
31,77,5,1,6,1,4,1,5,1
32,7,58,0,53.5,0,63.5,0,54,0
32,8,34,0,34,0,33,0,27,0
32,18,10,1,10,1,14,1,15,1
32,19,4,1,4,1,7,1,8,1
32,37,1,1,1,1,,,,
32,38,33,1,30,1,31,1,27.5,1
32,39,82,0,68,0,77,0,85,0
32,40,84,0,82,0,74,0,80.5,0
32,41,8,1,10,1,10,1,10,1
32,42,12,1,13,1,13,1,13,1
33,6,10,1,10,1,16,1,16,1
33,7,54,0,61,0,49,0,50,0
33,8,32,0,34,0,31,0,37,0
33,18,10,1,11,1,11,1,11,1
33,38,5,1,5,1,9,1,9,1
33,39,19,1,20,1,18,1,20,1
33,40,74,0,66.5,0,54.5,0,62,0
33,41,32,0,33,0,42,0,42,0
33,42,31,0,33,0,36,0,34.5,0
33,43,5,1,5,1,2,1,2,1
33,108,3,1,3,1,4,1,2,1
33,115,3,1,3,1,2,1,,
33,116,,,,,,,2,1
34,7,29,0,30,0,29,0,29,0
34,8,8,1,8,1,8,1,7,1
34,38,,,,,,,1,1
34,39,42,0,41,0,34.5,0,34.5,0
34,40,16,1,16,1,21,1,21,1
34,41,22,1,22,1,21,1,24,1
34,42,12,1,10,1,5,1,3,1
34,43,,,,,4,1,3,1
34,79,6,1,6,1,,,,
34,81,1,1,1,1,1,1,1,1
35,7,2,1,4.5,1,5,1,3,1
35,38,4,1,4,1,4,1,4,1
35,39,36,1,34,1,30,1,25.5,1
35,40,8,1,8,1,9,1,9,1
35,57,1,1,2,1,,,1,1
35,70,9,1,9,1,9,1,11,1
35,79,2,1,3,1,8,1,10,1
35,80,,,,,,,3,1
35,82,2,1,,,,,2,1
35,92,2,1,2,1,2,1,2,1
36,56,9,1,10,1,5,1,10,1
36,57,25,1,23.5,1,24.5,1,23,1
36,58,3,1,3,1,3,1,4,1
36,68,3,1,2,1,2,1,,
36,69,25,1,25,1,24,1,10,1
36,70,44,0,41,0,51,0,35,1
36,71,,,3,1,1,1,5,1
36,82,,,,,2,1,,
36,83,3,1,3,1,3,1,7,1
36,119,20,1,20,1,18,1,19,1
36,120,4,1,4,1,4,1,5,1
37,7,1,1,1,1,1,1,1,1
37,47,,,1,1,,,,
37,54,14,1,12,1,6,1,12,1
37,55,16,1,12,1,6,1,10,1
37,56,15,1,13,1,22,1,18,1
37,57,27,1,36,0,32,1,37,0
37,58,8,1,9,1,7,1,9,1
37,69,43,0,42,0,43,0,40,0
37,70,22,1,20,1,21,1,9,1
37,75,5,1,5,1,,,5,1
37,76,,,,,5,1,,
37,89,2,1,2,1,2,1,2,1
37,90,5,1,4,1,3,1,3,1
37,118,7,1,8.5,1,2,1,6,1
37,119,15,1,15,1,13,1,14,1
38,47,1,1,1,1,5,1,3,1
38,48,4,1,3,1,,,,
38,55,15,1,14,1,20,1,9,1
38,56,22,1,26,0,25,0,31.5,0
38,57,40,1,36,0,45,0,34.5,0
38,58,6,1,7,1,7,1,5,1
38,69,6,1,5,1,5,1,,
38,70,8,1,10,1,10,1,8,1
38,79,1,1,1,1,1,1,2,1
38,88,2,1,3,1,3,1,3,1
38,90,5,1,5,1,5,1,5,1
38,91,2,1,2,1,2,1,2,1
38,117,1,1,,,,,1,1
38,118,23,1,31,1,31,1,37,1
38,119,33,0,43,0,48,0,35,0
38,120,1,1,2,1,1,1,1,1
39,55,3,1,4,1,1,1,5,1
39,56,20,1,19,1,18,1,20,1
39,57,10.5,1,9.5,1,8.5,1,7,1
39,58,2,1,2,1,2,1,1,1
39,80,17,1,18,1,16,1,15,1
39,88,10,1,10,1,10,1,8,1
39,89,8,1,7,1,9,1,14,1
39,90,2,1,1,1,1,1,1,1
39,117,5,1,6,1,5,1,7,1
39,118,27,0,29,0,25,0,26,0
39,119,33.5,0,34,0,33,0,37,0
39,120,8,1,8,1,7,1,6,1
40,55,2,1,2,1,2,1,,
40,56,5,1,3,1,4,1,6,1
40,57,19,1,19,1,18,1,17,1
40,79,7,1,7,1,7,1,5,1
40,80,,,,,5,1,12,1
40,104,1,1,1,1,,,7,1
40,118,21,0,22,0,19,0,19,0
40,119,48.5,0,52,0,53,0,58,0
40,120,30,1,34.5,0,37,0,36,0
41,88,2,1,2,1,1,1,1,1
41,117,11,1,11,1,10,1,10,1
41,118,49,1,45,1,41,1,43,1
41,119,97,0,90.5,0,95,0,94,0
41,120,11,1,16.5,1,20.5,1,25,1
41,121,27.5,0,25.5,0,25.5,0,25,0
42,30,,,,,2,1,2,1
42,31,9,1,9,1,8,1,11,1
42,42,15.5,1,16.5,1,10.5,1,8,1
42,54,,,2,1,2,1,2,1
42,118,9,1,8,1,8,1,8,1
42,119,23,1,17,1,20,1,19,1
42,120,29.5,0,29,0,26,0,24,1
43,30,4,1,7,1,4,1,4,1
43,31,7,1,6,1,12,1,12,1
43,32,12,1,13,1,11,1,11,1
43,41,2,1,2,1,2,1,2,1
43,42,2,1,2,1,7,1,4,1
43,94,7,1,8,1,8,1,8,1
43,95,1,1,1,1,3,1,2,1
43,120,14,1,15,1,16,1,16,1
43,121,13,1,14,1,11,1,7,1
43,125,,,,,,,4,1
44,16,17,1,17,1,9,1,11,1
44,17,3,1,3,1,,,3,1
44,18,12,1,14,1,5,1,13,1
44,19,4,1,4,1,4,1,5,1
44,32,1,1,,,,,1,1
44,47,4,1,4,1,4,1,4,1
44,67,4,1,1,1,1,1,1,1
44,95,1,1,1,1,3,1,3,1
44,121,4,1,4,1,4,1,5,1
45,8,11,1,11,1,7,1,12.5,1
45,14,3,1,3,1,,,7,1
45,15,13,1,13,1,8,1,11,1
45,16,6,1,6,1,14,1,10,1
45,17,14,1,13,1,10,1,10,1
45,18,23,0,26,0,19,1,22,0
45,19,2,1,2,1,2,1,2,1
45,69,4,1,3,1,2,1,1,1
45,79,,,,,2,1,6,1
45,80,5,1,5,1,4,1,3.5,1
46,7,1,1,1,1,1,1,1,1
46,8,28.5,0,33.5,0,27.5,0,39.5,0
46,9,8,1,9,1,9,1,4,1
46,13,14,1,15,1,14,1,20,1
46,14,12,1,10,1,12,1,10,1
46,15,,,,,2,1,,
46,17,4,1,4,1,6,1,4,1
46,18,9,1,8,1,18,1,11,1
46,67,6,1,5,1,,,5,1
46,68,3,1,3,1,,,3,1
46,72,6,1,7,1,7,1,11,1
46,79,5,1,2,1,,,,
46,80,17,1,18,1,19,1,17,1
46,100,5,1,6,1,7,1,5,1
47,2,3,1,3,1,4,1,4,1
47,8,2,1,,,6,1,,
47,13,5,1,5,1,1,1,3,1
47,14,12,1,10,1,14,1,10,1
47,18,,,,,8,1,,
47,47,1,1,1,1,1,1,1,1
47,67,11,1,13,1,23,1,11,1
47,68,34,0,34.5,0,35.5,0,31.5,0
47,73,,,,,2,1,2,1
47,80,10,1,14,1,11,1,17.5,1
47,85,10,1,8,1,8,1,8,1
47,100,14,1,12,1,11,1,10,1
48,4,6,1,6,1,6,1,6,1
48,14,2,1,2,1,5,1,2,1
48,47,2,1,2,1,2,1,2,1
48,48,22,1,16,1,16,1,23,1
48,49,4,1,4,1,4,1,4,1
48,67,15,1,15,1,16,1,27,1
48,68,15,1,12,1,20,1,12,1
48,69,4,1,3,1,3,1,8,1
48,77,2,1,2,1,2,1,2,1
48,79,2,1,3.5,1,2,1,4,1
48,80,2,1,1,1,1,1,1,1
48,81,18,1,16,1,17,1,18,1
48,82,25,1,27,1,27,1,25,1
48,83,12,1,11,1,8,1,7,1
48,84,13,1,12.5,1,12.5,1,10,1
48,85,19,1,19,1,17,1,17,1
48,86,16,1,13,1,15,1,15,1
48,101,13,1,13,1,11,1,12,1
49,3,5,1,5,1,7,1,8,1
49,4,37,0,32,0,34,0,31,0
49,5,12,1,12,1,12,1,17,1
49,46,7.5,1,8,1,8,1,8,1
49,47,25,1,25,1,26,1,19,1
49,48,40.5,0,32.5,0,30.5,0,34,0
49,49,10,1,9,1,9,1,9,1
49,69,19,1,20,1,14,1,19,1
49,78,4,1,4,1,4,1,4,1
49,81,31.5,0,35.5,0,29.5,0,29,0
49,82,46,0,51,0,52,0,51,0
49,84,4,1,3,1,3,1,4,1
49,92,4,1,2,1,1,1,1,1
49,101,20,0,19,0,22,0,25,0
49,102,1,1,2,1,2,1,2,1
50,3,14,1,14,1,16,1,16,1
50,4,11,1,10,1,15,1,10,1
50,5,2,1,2,1,8,1,2,1
50,47,5,1,5,1,5,1,6,1
50,48,4,1,4,1,4,1,4,1
50,69,,,,,5,1,,
50,80,,,5,1,7,1,10,1
50,81,65,0,61,0,55,0,57,0
50,82,73.5,0,67,0,83,0,72.5,0
50,100,12,1,12,1,9,1,10,1
50,101,5,1,5,1,5,1,4,1
51,1,1,1,1,1,3,1,3,1
51,2,10,1,9,1,10,1,9,1
51,3,37,0,35,0,35,0,34,0
51,4,20,1,22,1,24,1,18,1
51,80,17,1,18,1,21,1,22,1
51,81,28,1,29,0,27,1,28.5,0
51,82,33,0,38,0,36,0,31,0
51,83,39,0,39,0,36,0,33,0
51,84,11,1,8,1,7,1,7,1
52,3,28,0,29,0,32,0,32,0
52,80,21,1,26.5,1,24,1,21,1
52,81,68,0,68,0,62,0,63,0
52,84,5,1,1,1,2,1,2,1
52,85,1,1,1,1,1,1,1,1
53,3,14,1,15,1,19,1,18,1
53,85,5,1,4,1,4,1,4,1
54,3,6,1,5.5,1,3,1,3,1
54,86,1,1,1,1,5,1,5,1
55,38,2,1,2,1,1,1,1,1
55,39,1,1,1,1,1,1,,
55,86,12,1,12,1,11,1,14,1
55,87,6,1,5,1,4,1,2,1
55,88,1,1,1,1,1,1,1,1
56,37,4,1,5,1,5,1,10.5,1
56,38,44,0,40,0,40,0,40,0
56,39,30,1,30,1,29,1,33,1
56,40,4,1,4,1,4,1,,
56,81,4,1,4,1,4,1,4,1
56,85,8,1,11,1,10,1,5,1
56,86,11.5,1,11.5,1,8,1,11,1
56,87,13,1,16,1,14,1,15.5,1
56,88,9,1,9,1,10,1,7,1
57,21,2,1,2,1,3,1,3,1
57,22,5,1,5,1,5,1,5,1
57,33,2,1,2,1,2,1,2,1
57,34,2,1,2,1,,,2,1
57,35,4,1,4,1,,,2,1
57,36,6,1,6,1,,,1,1
57,38,6,1,6,1,6,1,6,1
57,39,5,1,5,1,5,1,6,1
57,48,3,1,3,1,2,1,2,1
57,49,13,1,15,1,11,1,14,1
57,51,1,1,1,1,1,1,,
57,85,7,1,5,1,4,1,12,1
57,86,30,0,31.5,0,33.5,0,30.5,0
57,87,19,1,19,1,20.5,1,16,1
57,88,8,1,8,1,9,1,5,1
58,20,2,1,2,1,2,1,2,1
58,21,3,1,3,1,3,1,3,1
58,22,1,1,1,1,,,,
58,33,36,1,28,1,21,1,29,1
58,34,57,0,58,0,55.5,0,63.5,0
58,35,27,0,26,0,26,0,25,0
58,36,3,1,3,1,6,1,4,1
58,49,,,,,3,1,,
58,82,4,1,3,1,1,1,3,1
58,83,5,1,5,1,7,1,8,1
58,84,11,1,8,1,11,1,10,1
58,86,47,0,46.5,0,53.5,0,52,0
58,87,14,1,14,1,13,1,13,1
58,88,5,1,5,1,4,1,4,1
59,11,15,1,17,1,18,1,12,1
59,12,2,1,2,1,1,1,3,1
59,33,1,1,1,1,2,1,1,1
59,34,4,1,4,1,7,1,3,1
59,35,9,1,10,1,11,1,8,1
59,44,,,,,,,2,1
59,64,11,1,9,1,9,1,12,1
59,65,21,1,21,1,24,1,22,1
59,66,27,0,34,0,25,0,30,0
59,67,4,1,5,1,7,1,7,1
59,79,1,1,1,1,1,1,,
59,80,5,1,4,1,3,1,2,1
59,84,,,,,4,1,3,1
59,85,4,1,3,1,3,1,3,1
59,87,19,1,22,1,21,1,19,1
59,88,33,0,36,0,33,0,30,0
59,89,2,1,2,1,2,1,2,1
60,9,1,1,1,1,1,1,2,1
60,10,27.5,1,24,1,25,1,16,1
60,11,63.5,0,59,0,57.5,0,58.5,0
60,12,10,1,10,1,7,1,5,1
60,13,3,1,5,1,5,1,5,1
60,17,3,1,3,1,2,1,2,1
60,36,8,1,7,1,,,2,1
60,44,,,,,1,1,1,1
60,65,32,1,32,1,30,0,31,1
60,66,49,0,54,0,56,0,57,0
60,67,16,1,14,1,10,1,12,1
60,68,3,1,4,1,3,1,9,1
60,79,,,,,,,1,1
61,9,10,1,7,1,11,1,11,1
61,10,38,0,33.5,0,38,0,41,0
61,11,41,0,37,0,33,0,35,0
61,12,17,1,23,0,19,1,21,0
61,13,12,1,9,1,8,1,8.5,1
61,36,8,1,8,1,12,1,7,1
61,40,7,1,7,1,4,1,9,1
61,41,4,1,4,1,4,1,4,1
61,65,4,1,4,1,4,1,2,1
61,66,4,1,4,1,4,1,5,1
61,67,9,1,12,1,13,1,14,1
61,68,5,1,5,1,10,1,7,1
61,69,5,1,5,1,9,1,9,1
61,89,2,1,2,1,2,1,2,1
61,101,2,1,5,1,2,1,1,1
62,9,,,,,,,3,1
62,10,28,0,28.5,0,25.5,0,24.5,0
62,11,4,1,4,1,3,1,,
62,37,11,1,9,1,11,1,16,1
62,38,13,1,13,1,10,1,7,1
62,39,13,1,18,1,20,1,20,1
62,40,5,1,4,1,7,1,3,1
63,9,11,1,11,1,10,1,6,1
63,10,12,1,11,1,10,1,11,1
63,22,2,1,2,1,,,2,1
63,24,3,1,4,1,,,4,1
63,25,,,,,3,1,,
63,26,2,1,2,1,,,,
63,37,,,,,2,1,,
63,38,4,1,4,1,6,1,3,1
63,121,6,1,6,1,6,1,,
63,123,,,,,,,6,1
64,22,6,1,6,1,,,5,1
64,23,,,,,,,5,1
64,24,2,1,3,1,,,3,1
64,54,,,,,,,6,1
64,87,3,1,3,1,2,1,2,1
64,123,,,,,2,1,,
64,124,,,,,,,1,1
64,125,4,1,5,1,,,2,1
65,53,1,1,1,1,,,1,1
65,54,,,,,,,2,1
65,55,11,1,11,1,11,1,9,1
65,56,26,1,25,1,22,1,24.5,1
65,85,3,1,3,1,,,3,1
65,86,5,1,5,1,2,1,5,1
65,87,31,1,32,1,18,1,24,1
65,88,3,1,4,1,4,1,4,1
65,125,1,1,2,1,,,2,1
66,23,,,,,4,1,,
66,24,,,,,2,1,,
66,53,,,,,1,1,,
66,55,5,1,6,1,6,1,4,1
66,57,8,1,8,1,5,1,,
66,78,10,1,6,1,11,1,13,1
66,79,9,1,7,1,6,1,10,1
66,86,10,1,11,1,8,1,5,1
66,87,30.5,1,30.5,1,44,1,29,1
66,88,8,1,8,1,7,1,7,1
66,92,,,,,,,4,1
67,18,6,1,7,1,7,1,7,1
67,22,,,,,7,1,,
67,50,6,1,6,1,6,1,,
67,51,4,1,4,1,4,1,4,1
67,55,21,1,20,1,15,1,15,1
67,57,,,,,3,1,,
67,78,12,1,12,1,15,1,13,1
67,79,36,0,34,0,38.5,0,38.5,0
67,80,16,1,15,1,14,1,13,1
67,81,8,1,8,1,8,1,6,1
67,86,3,1,7,1,10,1,6,1
67,92,4,1,4,1,,,,
68,78,24,1,23,0,25,0,33,0
68,79,34,0,36,0,31,0,35,0
68,80,28,0,28,0,25,0,25,0
68,81,9,1,9,1,8,1,7,1
69,23,2,1,1,1,1,1,1,1
69,78,,,3,1,1,1,1,1
69,81,5,1,4,1,2,1,2,1
70,23,7,1,8,1,4,1,4,1
70,24,5,1,6,1,,,10,1
70,27,1,1,1,1,,,,
70,78,7,1,6,1,3,1,3,1
71,12,1,1,,,,,,
71,22,,,,,4,1,,
71,23,,,,,6,1,,
71,26,3,1,3,1,2,1,2,1
71,27,4,1,4,1,3,1,,
71,76,6,1,7,1,7,1,4,1
71,82,3,1,3,1,3,1,3,1
72,12,4,1,3,1,2,1,2,1
72,19,1,1,1,1,1,1,1,1
72,20,7,1,6,1,6,1,5,1
72,26,6.5,1,6.5,1,8,1,7.5,1
72,27,2,1,2,1,2,1,2,1
72,76,1,1,1,1,,,,
72,77,2,1,2,1,2,1,2,1
72,115,3,1,3,1,3,1,3,1
73,19,1,1,1,1,1,1,,
73,20,2,1,2,1,2,1,6,1
73,56,2.5,1,1.5,1,,,1,1
74,19,7,1,9,1,11,1,11,1
74,27,1,1,1,1,1,1,1,1
74,37,11,1,10,1,9,1,13,1
74,56,5,1,8,1,10,1,5,1
75,23,8.5,1,8.5,1,8.5,1,8.5,1
75,34,13.5,1,13.5,1,9.5,1,12.5,1
75,35,9,1,9,1,9,1,9,1
75,36,12,1,15.5,1,8.5,1,13,1
75,37,35,0,37.5,0,39,0,33,0
75,55,11,1,11,1,11,1,9,1
75,56,31,1,31,0,32,0,30,0
75,57,4,1,6,1,7,1,3,1
75,108,3,1,3,1,3,1,,
75,109,16,1,14.5,1,15.5,1,13.5,1
75,111,24,0,27,0,23,0,22,1
75,112,3,1,2,1,2,1,1,1
75,126,19,1,19,1,19,1,18,1
75,127,40,0,37,0,35,0,33,0
76,17,2,1,2,1,2,1,2,1
76,33,7,1,7,1,6,1,5,1
76,34,9,1,8,1,10,1,13,1
76,35,6,1,6,1,5,1,5,1
76,36,9,1,7,1,10,1,14,1
76,37,16,1,19,1,20,1,25,1
76,54,1,1,2,1,4,1,1,1
76,55,22,0,26,0,27,0,27,0
76,56,13,1,15,1,14,1,10,1
76,57,4,1,6,1,6,1,10,1
76,76,1,1,1,1,,,1,1
76,93,3,1,3,1,1,1,1,1
76,109,,,,,,,2,1
76,110,19,1,19,1,19,1,20,1
76,111,19,1,23,1,21,1,19,1
76,112,11,1,6,1,10,1,12,1
76,127,14,1,14,1,12,1,11,1
77,18,2,1,2,1,2,1,4,1
77,26,12,1,11.5,1,3,1,3,1
77,31,2,1,1,1,1,1,3,1
77,32,3,1,2,1,3,1,2,1
77,33,1,1,2,1,2,1,2,1
77,55,1,1,1,1,1,1,1,1
77,56,4,1,3,1,4,1,4,1
77,76,26,1,16,1,14,1,26,1
77,93,9,1,9,1,8,1,7,1
78,2,2,1,3,1,1,1,3,1
78,3,16,1,15,1,17,1,12,1
78,26,14,1,13,1,,,9,1
78,27,,,2,1,2,1,2,1
78,28,2,1,2,1,2,1,2,1
78,29,8,1,8,1,2,1,11,1
78,31,3,1,3,1,3,1,2,1
78,32,4,1,4,1,5,1,1,1
78,56,1,1,1,1,,,,
78,57,2,1,2,1,2,1,2,1
78,73,5,1,6,1,3,1,2,1
78,74,25,0,23,1,20,1,22,0
78,75,26,1,26,1,23,1,27,1
78,76,69,0,65.5,0,66.5,0,57.5,0
78,77,2,1,3,1,4,1,4,1
78,88,9,1,9,1,9,1,7,1
78,89,10,1,10,1,9,1,9,1
78,93,6,1,6,1,7,1,6,1
78,100,1,1,1,1,1,1,1,1
79,2,5,1,3,1,3,1,3,1
79,3,20,1,18,1,17,1,17,1
79,25,2,1,2,1,1,1,1,1
79,27,,,2,1,2,1,1,1
79,29,12,1,9,1,6,1,9,1
79,30,3,1,2,1,1,1,1,1
79,67,2,1,2,1,2,1,2,1
79,73,3,1,2,1,2,1,2,1
79,74,3,1,3,1,3,1,4,1
79,75,8,1,8,1,9,1,9,1
79,76,57,0,53,0,42.5,0,45.5,0
79,77,8,1,8,1,14,1,13,1
79,88,3,1,3,1,7,1,7,1
79,89,29,0,26,0,25,1,24,1
79,94,1,1,1,1,1,1,1,1
79,117,5,1,4,1,,,,
80,3,8,1,7,1,7,1,7,1
80,4,6,1,8,1,8,1,6,1
80,22,4,1,4,1,4,1,,
80,23,,,,,,,1,1
80,27,,,,,10,1,,
80,28,2,1,3,1,2,1,2,1
80,76,14,1,13,1,12,1,12,1
80,88,3,1,3,1,3,1,3,1
80,89,14,1,12,1,11,1,12,1
81,3,6,1,6,1,4,1,3,1
81,4,3,1,3,1,3,1,3,1
81,13,5,1,5,1,4,1,4,1
81,14,1,1,1,1,2,1,3,1
81,15,30,0,22,1,25,0,22,1
81,16,21,1,19,1,19,1,19,1
81,17,2,1,2,1,2,1,2,1
81,24,,,,,5,1,,
81,25,,,,,6,1,,
81,98,3,1,1,1,2,1,,
82,13,2,1,4,1,4,1,6,1
82,14,34,0,34,0,32,0,33,0
82,15,44,0,37,0,40.5,0,38.5,0
82,16,11,1,11,1,14,1,8,1
82,17,13,1,15,1,18,1,24.5,0
82,18,1,1,1,1,1,1,1,1
82,19,1,1,1,1,,,,
82,98,4,1,5,1,7,1,5,1
82,106,3,1,3,1,2,1,2,1
83,16,4,1,3,1,2,1,2,1
83,17,4,1,4,1,4,1,5,1
83,18,2,1,2,1,2,1,2,1
83,53,6,1,2,1,2,1,,
83,74,,,,,,,2,1
83,110,2,1,3,1,3,1,2,1
83,111,,,,,,,1,1
84,1,1,1,3,1,2,1,2,1
84,109,2,1,2,1,2,1,2,1
84,110,12,1,18,1,14,1,14,1
84,111,2,1,2,1,2,1,2,1
85,37,1,1,3,1,4,1,3,1
85,48,1,1,1,1,,,,
85,74,19,1,24,1,23,1,23,1
85,76,7,1,7,1,6,1,4,1
85,77,18,1,15,1,16,1,13,1
85,110,5,1,5,1,4,1,2,1
85,111,9,1,8,1,9,1,11,1
86,36,2,1,2,1,2,1,2,1
86,48,,,,,1,1,,
86,49,3,1,3,1,2,1,3,1
86,50,3,1,1,1,,,1,1
86,61,1,1,1,1,2,1,2,1
86,74,,,,,4,1,4,1
86,75,25,1,26,1,26,1,23.5,1
86,76,17,1,21,1,23,1,24,1
86,77,70,0,72.5,0,65,0,67,0
86,78,39,0,36,0,31,0,33.5,0
86,111,4,1,4,1,4,1,,
86,120,2,1,2,1,2,1,2,1
87,43,5,1,3,1,4,1,4,1
87,50,,,,,1,1,,
87,62,5,1,4,1,3.5,1,5,1
87,74,8,1,8,1,8,1,7,1
87,75,26,1,21,1,22,1,24,0
87,76,147,0,137,0,129,0,115,0
87,77,111.5,0,105,0,102,0,86,0
87,78,4,1,6,1,3,1,,
87,79,1,1,1,1,1,1,1,1
87,86,1,1,1,1,1,1,,
87,87,2,1,2,1,3,1,5,1
87,98,4,1,4,1,4,1,4,1
87,113,2,1,2,1,,,2,1
87,120,4,1,2,1,2,1,2,1
87,124,5,1,5,1,5,1,5,1
88,53,2,1,2,1,,,2,1
88,75,9,1,18,1,21,1,21.5,1
88,76,62,0,60,0,63,0,59,0
88,77,52,0,54.5,0,53,0,58,0
88,78,25,0,35,0,34,0,27,0
88,79,10,1,9,1,30,1,9,1
88,110,15,1,18,1,19,1,24,1
88,111,7,1,7,1,9,1,4,1
88,123,3,1,6,1,7,1,2,1
88,124,76,0,75,0,70,0,80.5,0
88,125,53.5,0,56.5,0,51,0,44,0
88,126,6,1,5,1,4,1,4,1
89,53,7,1,4,1,6,1,5,1
89,54,1,1,1,1,,,,
89,74,2,1,2,1,2,1,2,1
89,75,6,1,6,1,8,1,6,1
89,79,36,0,33,1,15,1,30,1
89,80,9,1,11,1,10,1,14,1
89,81,11,1,10,1,3,1,14,1
89,82,6,1,2,1,8,1,8,1
89,92,1,1,,,1,1,,
89,110,30,1,27,1,31,0,27,1
89,111,28,0,28,0,30.5,0,35.5,0
89,112,3,1,3,1,3,1,5.5,1
89,124,34,0,35,0,32,0,30,0
89,125,62.5,0,51.5,0,54.5,0,48,0
89,126,47,0,42,0,40,0,40.5,0
89,127,13,1,15,1,21,1,9,1
90,46,9,1,10,1,7,1,8,1
90,54,,,,,1,1,,
90,73,2,1,10,1,16,1,2,1
90,74,8,1,8,1,6,1,16,1
90,75,9,1,3,1,,,3,1
90,80,,,,,12,1,,
90,81,3,1,3,1,,,4,1
90,94,5,1,5,1,11,1,7,1
90,95,6,1,3,1,2,1,8,1
90,111,5,1,4,1,4,1,1,1
90,112,5,1,5,1,,,5,1
90,114,2,1,2,1,2,1,,
90,116,6.5,1,6.5,1,,,7.5,1
90,125,1,1,1,1,1,1,,
90,126,19,1,18,1,15,1,24,1
90,127,12,1,14,1,17,1,6,1
91,21,16,1,10,1,16,1,12.5,1
91,22,8,1,8,1,8,1,10,1
91,23,,,,,5.5,1,7,1
91,40,8,1,8,1,3,1,7,1
91,41,4.5,1,4.5,1,3.5,1,6,1
91,46,5,1,5,1,5,1,5,1
91,73,2,1,2,1,3,1,2,1
91,74,3,1,5,1,5,1,6,1
91,93,4,1,4,1,2,1,2,1
91,95,27,1,24,1,27,1,25,1
91,96,2,1,1,1,1,1,1,1
91,114,,,,,,,2,1
91,115,12,1,12,1,9,1,8,1
91,116,3,1,4,1,8,1,4,1
91,127,12,1,13,1,12,1,13,1
92,21,5,1,5,1,5,1,,
92,31,4,1,4,1,7,1,4,1
92,32,6,1,9,1,6,1,9,1
92,33,12,1,12,1,13,1,13,1
92,34,19,1,17,1,13,1,17,1
92,35,4,1,4,1,6,1,2,1
92,39,3,1,2,1,2,1,2,1
92,40,37,0,37,0,39,0,36,0
92,41,2,1,2,1,2,1,,
92,72,,,,,9,1,,
92,73,9,1,9,1,10.5,1,6,1
92,90,2,1,,,2,1,2,1
92,93,8,1,9,1,9,1,10,1
92,94,88,0,87.5,0,89.5,0,87,0
92,95,21,0,20,0,23,0,21,0
92,115,9,1,6,1,14.5,1,6,1
92,124,6,1,6,1,6,1,5,1
93,19,2,1,2,1,9,1,6,1
93,31,4,1,5,1,5,1,1,1
93,32,13,1,13,1,13,1,14,1
93,33,28,0,28.5,0,22,0,24.5,0
93,34,8,1,8,1,10,1,11.5,1
93,35,2,1,2,1,2,1,2,1
93,39,23,1,24,1,30,1,28,1
93,40,13,1,18.5,1,10,1,11,1
93,71,,,,,4,1,7,1
93,72,26,0,22,0,12,1,26,0
93,73,3,1,3,1,,,4,1
93,90,2,1,2,1,4,1,4,1
93,94,60,0,60,0,61,0,61,0
93,95,23,1,20,1,21,1,21,1
93,120,8,1,8,1,8,1,6,1
93,121,28,1,27,1,29,1,37,0
93,122,7,1,7,1,10,1,10,1
93,123,2,1,2,1,2,1,2,1
93,127,1,1,1,1,,,,
94,17,2,1,2,1,2,1,2,1
94,18,11,1,10,1,14,1,8,1
94,19,16,1,17,1,15,1,30.5,0
94,20,17,1,16,1,14,1,13,1
94,39,20.5,1,27.5,1,23.5,1,27.5,1
94,45,8,1,7,1,4,1,8,1
94,71,29,1,28,1,29,0,24,1
94,72,5,1,5,1,4,1,7,1
94,91,14,1,15,1,15,1,11,1
94,92,36.5,0,34,0,28,0,30,0
94,93,17,1,11,1,11,1,9,1
94,94,14,1,12,1,7,1,7,1
94,95,14,1,18,1,19,1,18,1
94,104,7.5,1,4,1,4,1,7.5,1
94,105,34,0,37,0,35,0,31,0
94,120,36,0,34,0,31,0,31,0
94,121,62,0,63,0,63.5,0,57,0
94,122,23,1,14,1,20.5,1,23,1
94,123,87,0,82.5,0,81,0,73.5,0
94,124,6,1,6,1,6,1,6,1
94,126,8,1,12,1,10,1,7,1
94,127,19,1,26,1,23,1,24,1
95,16,5,1,5,1,6,1,5,1
95,17,19,1,22,1,22,1,19,1
95,18,5,1,5,1,1,1,1,1
95,44,25,1,26,1,26,1,26,1
95,45,36,0,36,0,26,0,34,0
95,46,30,0,23,1,19,1,26.5,0
95,47,19,1,16,1,14,1,19,1
95,48,2,1,2,1,,,2,1
95,92,21,1,25,0,20,0,18,1
95,93,49,0,44,0,39.5,0,38,0
95,104,26,1,27,1,24,1,24,1
95,105,53,0,45,0,43,0,43,0
95,106,18,1,17,1,15,1,17,1
95,121,12,1,12,1,12,1,12,1
95,122,20,1,18,1,24,0,28,0
95,123,2,1,2,1,2,1,2,1
95,124,5,1,4,1,2,1,5,1
96,17,2,1,2,1,2,1,4,1
96,44,,,,,2,1,,
96,45,28,0,32,0,20,1,20,1
96,46,8,1,7,1,13,1,8,1
96,47,3,1,3,1,9,1,3,1
96,48,14,1,11,1,11,1,8,1
96,63,62,0,57,0,49,0,58,0
96,64,11,1,10,1,11,1,11,1
96,93,4,1,4,1,4,1,4,1
96,95,5,1,5,1,5,1,,
96,106,5,1,5,1,5,1,6,1
96,122,34,1,30,1,27,1,26,1
96,123,9,1,8,1,8,1,8,1
97,45,,,,,9,1,4,1
97,55,6,1,7,1,10,1,9,1
97,62,2,1,2,1,2,1,2,1
97,63,34,0,31,0,33,1,31,1
97,64,16,1,18,1,17,1,14,1
97,96,3,1,3,1,3,1,3,1
97,103,2,1,1,1,1,1,1,1
98,8,2,1,2,1,2,1,2,1
98,54,7,1,7,1,7,1,7,1
98,55,13,1,12,1,,,11,1
98,63,5,1,5,1,5,1,5,1
99,9,10,1,8,1,3,1,7,1
99,55,,,,,13,1,,
99,61,2,1,2,1,2,1,2,1
99,98,4,1,3,1,3,1,3,1
99,99,5,1,5,1,6,1,6,1
100,8,1,1,,,,,,
100,9,24,0,23,1,26,0,23,1
100,10,28,1,37,0,25,1,31,1
100,59,6,1,5,1,6,1,6,1
100,60,30,1,31,1,24,1,21,1
100,61,1,1,2,1,3,1,6,1
100,99,3,1,3,1,6,1,6,1
100,100,24.5,0,24,0,30,0,28,0
100,101,8,1,12,1,14,1,13,1
100,121,6,1,6,1,3,1,6,1
100,126,,,,,1,1,1,1
101,9,11,1,9,1,8,1,10,1
101,10,6,1,3,1,3,1,2,1
101,58,7,1,6,1,6,1,5,1
101,59,6,1,6,1,5,1,4,1
101,60,1,1,2,1,3,1,3,1
101,83,18,1,18,1,6,1,9,1
101,84,25,1,22,1,18,1,19,1
101,100,53.5,1,56.5,1,49.5,1,50,1
101,101,4,1,4,1,8,1,2,1
101,120,8,1,9,1,7,1,7,1
101,121,56,0,50,0,56,0,50,0
101,122,11,1,10,1,11,1,11,1
101,127,10,1,10,1,9,1,9,1
102,32,,,,,,,4,1
102,33,3,1,4,1,,,,
102,74,3,1,,,2,1,2,1
102,75,2,1,2,1,,,,
102,83,19,1,21,1,30,1,26,1
102,84,44,0,35.5,0,39.5,0,39.5,0
102,85,5,1,4,1,4,1,4,1
102,100,10.5,1,12,1,8,1,7,1
102,120,7,1,9,1,10,1,11,1
102,121,62,0,59.5,0,63,0,57.5,0
102,122,31,0,28,0,27,0,24.5,0
102,127,5,1,6,1,4,1,,
103,33,,,,,4,1,,
103,112,2,1,2,1,2,1,2,1
103,121,11,1,12,1,12,1,10,1
103,123,2,1,2,1,2,1,,
103,124,,,,,,,2,1
103,127,,,,,,,6,1
104,20,1,1,1,1,1,1,1,1
104,33,2,1,2,1,2,1,2,1
104,34,2,1,2,1,,,,
104,56,4,1,3,1,3,1,3,1
104,57,5,1,4,1,3,1,3,1
104,120,2,1,2,1,2,1,2,1
105,32,4,1,4,1,4,1,4,1
105,33,17,1,16,1,11,1,12,1
105,102,4,1,4,1,4,1,3,1
106,16,2,1,2,1,2,1,1,1
106,20,5,1,5,1,5,1,4,1
106,21,15,1,15,1,15,1,12,1
106,31,1,1,1,1,1,1,1,1
106,32,5,1,4,1,2,1,3,1
106,33,1,1,1,1,,,,
106,34,7,1,7,1,7,1,7,1
106,99,13,1,12,1,13,1,11,1
106,100,52,0,50,0,51,0,52,0
106,101,,,3,1,8,1,9,1
107,20,11.5,1,10.5,1,9.5,1,9,1
107,21,19,1,19,1,17,1,15,1
107,34,34,0,30,0,25,0,29,0
107,35,4,1,4,1,2,1,,
107,70,2,1,3,1,3,1,2,1
107,71,6,1,9,1,9,1,12,1
107,72,5,1,4,1,8,1,4,1
107,99,,,,,,,2,1
107,100,84,0,76,0,79,0,69,0
107,101,57,0,53,0,45,0,39,0
107,102,,,,,2,1,,
107,104,2,1,2,1,,,2,1
107,105,2,1,2,1,2,1,,
108,19,10,1,7,1,7,1,8,1
108,20,4,1,4,1,4,1,4,1
108,33,3,1,3,1,3,1,3,1
108,34,38.5,0,43,0,47,0,47,0
108,35,28,0,27,0,24,0,23,1
108,70,21,1,20,1,20,1,20,1
108,71,49,0,39,0,43,0,45,0
108,72,10,1,10,1,8,1,12,1
108,99,65,0,59,0,58,0,63,0
108,100,168.5,0,167,0,153.5,0,166.5,0
108,101,28,0,38.5,0,40.5,0,27.5,0
108,102,11,1,11,1,8,1,8,1
108,114,,,,,,,4,1
109,16,2,1,2,1,2,1,2,1
109,19,11,1,8,1,10,1,8.5,1
109,33,15,1,15,1,18,1,18,1
109,34,8,1,7,1,7,1,6.5,1
109,56,,,,,,,2,1
109,57,2,1,3,1,2,1,1,1
109,71,23,1,27,1,23,1,21,1
109,72,5,1,6,1,7,1,8,1
109,100,47.5,0,45,0,47,0,47.5,0
109,101,111,0,123.5,0,117.5,0,119.5,0
109,102,28,0,31.5,0,24,0,20,1
109,103,7,1,4,1,4,1,4,1
109,108,8.5,1,9,1,,,9,1
109,109,8,1,7,1,,,6,1
110,16,6,1,6,1,5,1,4,1
110,17,2,1,2,1,3,1,3,1
110,33,5,1,5,1,1,1,5,1
110,34,5,1,5,1,5,1,2,1
110,35,5,1,5,1,5,1,5,1
110,71,7,1,8,1,6,1,6,1
110,72,4,1,3,1,3,1,2,1
110,101,18,1,20,1,20,1,23,1
110,102,83,0,81.5,0,81,0,78.5,0
110,103,40,0,42,0,34.5,0,37,0
110,104,10,1,8,1,7,1,4,1
110,124,3,1,2,1,1,1,1,1
111,57,1,1,1,1,,,1,1
111,67,2,1,,,1,1,1,1
111,102,20,1,24,1,20,1,18,1
111,103,43,1,47.5,0,42.5,0,45,1
111,104,57,1,54,1,54,0,51,0
112,69,3,1,2,1,2,1,2,1
112,102,,,,,2,1,,
112,103,9,1,11.5,1,20,1,6,1
112,104,7,1,8,1,8,1,10,1
113,86,3,1,3,1,3,1,3,1
113,107,9,1,8,1,6,1,5,1
113,117,2,1,2,1,2,1,2,1
114,109,1,1,1,1,2,1,1,1
115,7,4,1,3,1,3,1,4,1
115,87,5,1,4,1,3,1,3,1
115,100,1,1,1,1,,,,
115,118,27,1,26,0,25,1,25,1
115,119,25,1,23,1,26,1,24,1
115,127,12,1,10,1,11,1,9,1
116,45,2,1,2,1,3,1,3,1
116,46,1,1,,,,,,
116,66,4,1,4,1,5,1,1,1
116,100,,,,,,,1,1
116,114,62,0,62,0,74,0,67,0
116,115,177.5,0,169.5,0,159,0,153,0
116,116,132,0,127,0,121,0,124,0
116,117,4,1,5,1,4,1,4,1
116,118,16,1,17,1,6,1,4,1
116,119,127.5,0,139,0,137,0,136,0
116,120,6,1,6,1,6,1,6,1
116,125,33,1,31,1,31,1,29,1
116,126,7,1,13,1,11,1,11,1
116,127,33,0,26,0,33,0,26,0
117,11,5,1,4,1,4,1,2,1
117,12,5,1,4,1,3,1,3,1
117,44,4,1,4,1,3,1,3,1
117,45,3,1,3,1,1,1,,
117,46,17,1,15,1,15,1,13,1
117,64,24,1,22,1,22,1,15,1
117,65,25,1,28,0,20,1,15,1
117,66,43,0,45,0,44,0,41,0
117,67,5,1,5,1,5,1,2,1
117,100,,,,,1,1,,
117,105,8,1,8,1,7,1,4,1
117,114,78,0,96,0,95,0,95,0
117,115,56,0,56,0,50.5,0,47,0
117,116,20,0,24,0,21,0,21,0
117,117,12,1,10,1,8,1,8,1
117,118,4,1,4,1,7,1,5,1
117,119,72.5,0,63.5,0,72.5,0,75.5,0
117,120,24.5,0,25,0,24.5,0,21,0
117,121,,,,,2,1,2,1
117,122,2,1,2,1,,,,
117,124,133.5,0,126,0,121,0,116,0
117,125,197,0,210.5,0,186,0,202.5,0
117,126,113,0,121.5,0,117,0,120.5,0
117,127,131.5,0,131.5,0,149,0,142.5,0
118,20,8,1,7,1,8,1,7,1
118,21,5,1,5,1,5,1,5,1
118,44,5,1,5,1,5,1,5,1
118,45,27,0,25,1,24,1,26,0
118,46,4,1,3,1,2,1,2,1
118,47,2,1,2,1,3,1,3,1
118,48,2,1,3,1,4,1,4,1
118,64,15,1,15,1,11,1,15,1
118,65,15,1,13,1,13,1,11,1
118,66,8,1,8,1,7,1,5,1
118,67,43,0,42,0,37.5,0,39.5,0
118,68,4,1,4,1,4,1,4,1
118,100,1,1,,,,,,
118,105,35,0,38,0,39.5,0,45.5,0
118,106,49,0,49,0,51,0,51,0
118,107,32,0,28,0,27,0,32,0
118,108,44,0,43,0,42,0,44,0
118,109,28,1,28,1,27,1,29,1
118,117,71,0,71.5,0,64,0,60,0
118,118,32,0,28,0,20,1,18,1
118,119,5,1,5,1,,,,
118,120,52,0,56.5,0,59.5,0,50,0
118,121,109,0,108.5,0,116,0,104,0
118,122,46,0,39,0,36,0,37,0
118,124,158,0,152,0,151,0,153,0
118,125,112,0,97,0,87,0,82.5,0
118,126,287,0,285,0,270,0,253,0
118,127,108,0,109,0,103,0,98,0
119,0,1,1,1,1,1,1,1,1
119,20,12,1,11,1,15,1,19,1
119,21,13,1,9,1,8,1,6,1
119,45,3,1,3,1,3,1,2,1
119,46,3,1,3,1,3,1,4,1
119,47,4,1,4,1,4,1,4,1
119,64,8,1,8,1,8,1,8,1
119,66,7,1,8,1,8,1,8,1
119,67,40,0,43,0,51,0,52,0
119,95,6,1,6,1,6,1,6,1
119,104,2,1,4,1,4,1,,
119,105,19,1,17,1,16,1,20,1
119,106,14,1,17,1,14,1,13,1
119,107,22,1,21,1,22,1,24,1
119,108,68.5,0,59,0,60,0,61,0
119,109,15,1,15,1,14,1,11,1
119,116,3,1,2,1,2,1,2,1
119,117,86,0,83.5,0,93,0,97,0
119,118,105.5,0,104.5,0,112.5,0,113,0
119,119,3,1,3,1,2,1,2,1
119,121,13,1,14,1,16,1,15,1
119,124,2,1,2,1,,,,
119,125,213,0,220.5,0,217.5,0,212,0
119,126,560.5,0,560,0,521.5,0,507,0
119,127,86.5,0,87,0,81,0,88,0
120,20,6,1,6,1,5,1,5,1
120,22,8,1,4,1,5,1,5,1
120,47,,,,,5,1,5,1
120,87,13,1,13,1,12,1,11,1
120,88,9,1,9,1,5,1,4,1
120,100,1,1,1,1,1,1,1,1
120,107,,,9.5,1,12.5,1,23,1
120,108,17,1,14,1,18,1,18,1
120,116,16.5,1,15,1,16,1,19,1
120,117,60,0,71,0,55,0,48,0
120,118,78,0,77,0,90,0,89,0
120,119,8,1,8,1,9,1,9,1
120,124,,,,,,,2,1
120,126,152,0,144.5,0,255.5,0,235,0
120,127,353,0,351,0,194,0,177,0
121,47,,,5,1,,,,
121,86,19,1,16,1,19,1,16,1
121,87,62,0,50,0,44,0,41,0
121,88,44,0,48,0,47.5,0,43.5,0
121,89,14,1,16,1,19,1,18,1
121,116,24.5,1,31,1,20,1,16,1
121,117,123,0,117,0,108,0,104,0
121,118,44,0,40,0,39,0,36,0
121,124,10,1,11,1,10,1,13,1
121,125,68,0,56,0,48,0,50,0
121,126,752.5,0,682,0,630.5,0,578.5,0
121,127,603.5,0,549,0,573,0,572,0
122,20,2,1,2,1,2,1,2,1
122,87,33,0,30,0,33.5,0,35.5,0
122,88,23,1,20,1,18,1,20.5,1
122,116,8,1,8,1,11,1,11,1
122,117,4,1,4,1,6,1,6,1
122,126,5,1,37,1,39,1,43.5,0
122,127,93,0,86,0,92,0,89,0
123,2,2,1,2,1,2,1,,
123,21,1,1,1,1,1,1,1,1
123,100,2,1,2,1,2,1,2,1
123,108,4,1,4,1,4,1,3,1
124,0,4,1,4,1,4,1,2,1
124,15,3,1,3,1,2,1,2,1
124,101,2,1,,,,,,
124,108,4,1,4,1,4,1,2,1
124,125,,,,,4.5,1,2.5,1
124,127,32,1,35.5,0,36,0,40,1
125,0,12,1,13,1,11,1,26.5,1
125,15,,,,,1,1,,
125,87,,,1,1,1,1,1,1
125,119,2,1,2,1,1,1,,
125,120,,,,,1,1,1,1
125,126,54,0,54,0,45,0,41,0
125,127,117.5,0,120.5,0,104.5,0,105,0
126,0,8,1,19,1,14,1,24,1
126,106,3,1,3,1,3,1,2,1
126,120,1,1,,,3,1,3,1
126,121,9,1,8,1,8,1,8,1
126,122,,,,,,,18,1
126,123,,,,,,,18,1
126,124,39,1,40,1,38,0,29.5,0
126,125,36,1,32,1,37,1,36,1
126,126,137,0,134,0,131,0,134.5,0
126,127,134.5,0,126,0,117,0,110,0
127,0,50,0,38.5,0,39,1,41.5,0
127,1,5,1,5,1,5,1,3,1
127,8,4,1,8,1,3,1,,
127,94,4,1,4,1,4,1,3,1
127,95,20.5,1,23.5,1,20,1,26,1
127,108,7,1,13,1,11,1,15.5,1
127,109,17,1,13,1,8,1,14.5,1
127,122,16,1,13,1,12,1,13,1
127,123,149.5,0,136,0,85.5,0,135,0
127,124,224.5,0,204,0,229,0,218,0
127,125,68,0,75,0,75,0,78,0
127,126,74,0,69,0,62,0,68,0
127,127,137,0,125,0,123,0,110,0
