x,y,imputed,ind,ind_0_3,ind_11_17,ind_18_24,ind_25_39,ind_40_54,ind_4_5,ind_55_64,ind_65_79,ind_6_10,ind_80p,ind_inc
8,0,1,10,0.2,0.2,0.5,1.9,2.9,0,1.7,1.2,0.7,0.7,0
12,0,1,2,0,0.2,0.1,0.1,0.7,0.1,0.2,0.4,0.1,0.1,0
14,0,1,6,0,0.7,0.4,0.5,2,0.2,0.5,1.3,0.2,0.2,0
17,0,1,4,0.4,0.3,0.3,0.9,1,0,0.2,0.3,0.3,0.3,0
43,0,1,2,0.1,0.2,0.1,0.5,0.4,0,0.1,0.3,0.2,0.1,0
45,0,1,1,0.1,0.1,0,0.2,0.2,0,0.1,0.1,0.1,0.1,0
50,0,1,2,0.1,0.2,0.1,0.5,0.4,0,0.1,0.3,0.2,0.1,0
51,0,1,4,0.3,0.4,0.1,0.9,0.9,0.1,0.2,0.6,0.3,0.2,0
52,0,1,1,0,0.1,0.1,0.1,0.2,0,0.2,0.2,0,0.1,0
68,0,1,6,0.2,0.4,0.9,1,1.5,0.2,0.6,1,0.2,0,0
72,0,1,4,0.1,0.4,0.5,0.8,0.8,0.1,0.3,0.5,0.4,0.1,0
75,0,1,3,0.1,0.3,0.3,0.6,0.6,0.1,0.2,0.4,0.3,0.1,0
85,0,1,2,0.1,0.3,0.3,0.3,0.5,0,0.3,0.1,0.1,0,0
87,0,1,3,0.2,0.4,0.5,0.4,0.7,0,0.5,0.1,0.2,0,0
93,0,1,1,0.1,0.1,0,0.3,0.1,0,0.2,0.1,0.1,0,0
98,0,1,4,0.3,0.2,0.1,1.4,0.5,0.1,0.8,0.3,0.2,0.1,0
99,0,1,8,0.6,0.4,0.2,2.8,1.1,0.2,1.5,0.6,0.4,0.2,0
108,0,1,6,0.3,0.6,1,0.8,1.3,0.1,0.8,0.2,0.7,0.2,0
111,0,1,5,0.3,0.5,0.9,0.6,1.1,0.1,0.6,0.1,0.6,0.2,0
116,0,1,5,0.1,0.5,0.1,0.7,0.9,0.1,1.1,0.6,0.9,0,0
117,0,1,5,0.1,0.5,0.1,0.7,0.9,0.1,1.1,0.6,0.9,0,0
121,0,1,2,0,0.2,0.1,0.3,0.3,0.1,0.4,0.3,0.3,0,0
123,0,1,4,0.2,0.4,0.4,0.7,0.8,0.1,0.7,0.4,0.1,0.2,0
23,1,1,2,0,0.1,0.1,0.2,0.5,0,0.3,0.4,0.1,0.3,0
24,1,1,1,0,0.1,0,0.1,0.3,0,0.1,0.2,0,0.2,0
26,1,1,1,0,0.1,0,0.1,0.3,0,0.1,0.2,0,0.2,0
27,1,1,3,0.3,0.3,0.2,1,0.2,0.1,0.4,0.2,0.2,0.1,0
30,1,1,4,0.4,0.5,0.2,1.4,0.3,0.1,0.5,0.3,0.2,0.1,0
43,1,1,4,0.3,0.4,0.1,0.9,0.9,0.1,0.2,0.6,0.3,0.2,0
56,1,1,2,0.1,0.2,0.1,0.3,0.3,0.1,0.4,0.3,0.1,0.1,0
57,1,1,2,0.1,0.2,0.1,0.3,0.3,0.1,0.4,0.3,0.1,0.1,0
58,1,1,2,0.1,0.2,0.1,0.3,0.3,0.1,0.4,0.3,0.1,0.1,0
74,1,1,5,0.2,0.5,0.6,1,0.9,0.2,0.4,0.6,0.5,0.1,0
88,1,1,4,0.2,0.5,0.6,0.6,1,0,0.6,0.1,0.3,0.1,0
107,1,1,5,0.3,0.5,0.9,0.6,1.1,0.1,0.6,0.1,0.6,0.2,0
108,1,1,1,0.1,0.1,0.2,0.1,0.2,0,0.1,0,0.1,0.1,0
110,1,1,3,0.1,0.3,0.5,0.4,0.6,0.1,0.4,0.1,0.4,0.1,0
112,1,1,4,0.1,0.4,0.1,0.6,0.7,0.1,0.8,0.5,0.7,0,0
113,1,1,2,0,0.2,0.1,0.3,0.3,0.1,0.4,0.3,0.3,0,0
115,1,1,2,0,0.2,0.1,0.3,0.3,0.1,0.4,0.3,0.3,0,0
118,1,1,2,0,0.2,0.1,0.3,0.3,0.1,0.4,0.3,0.3,0,0
122,1,1,2,0.1,0.2,0.2,0.3,0.4,0.1,0.3,0.2,0.1,0.1,0
4,2,1,9,0.3,0.8,0.6,1.1,2.6,0.1,0.9,1.4,0.3,0.9,0
10,2,1,1,0,0,0,0.2,0.3,0,0.2,0.1,0.1,0.1,0
18,2,1,4,0.4,0.3,0.3,0.9,1,0,0.2,0.3,0.3,0.3,0
19,2,1,1,0.1,0.1,0.1,0.2,0.2,0,0,0.1,0.1,0.1,0
20,2,1,7,0.8,0.5,0.5,1.6,1.8,0,0.3,0.5,0.5,0.5,0
23,2,1,2,0,0.1,0.1,0.2,0.5,0,0.3,0.4,0.1,0.3,0
24,2,1,4,0,0.3,0.1,0.4,1.1,0,0.5,0.8,0.1,0.7,0
27,2,1,1,0.1,0.1,0.1,0.3,0.1,0,0.1,0.1,0.1,0,0
29,2,1,5,0.5,0.6,0.3,1.7,0.3,0.2,0.6,0.3,0.3,0.2,0
31,2,1,2,0.2,0.2,0.1,0.7,0.1,0.1,0.3,0.1,0.1,0.1,0
40,2,1,5,0.5,0.3,0.3,1.4,0.6,0.2,0.5,0.7,0.4,0.1,0
43,2,1,2,0.1,0.2,0.1,0.5,0.4,0,0.1,0.3,0.2,0.1,0
46,2,1,4,0.3,0.4,0.1,0.9,0.9,0.1,0.2,0.6,0.3,0.2,0
47,2,1,4,0.3,0.4,0.1,0.9,0.9,0.1,0.2,0.6,0.3,0.2,0
50,2,1,3,0.2,0.3,0.1,0.7,0.6,0.1,0.2,0.4,0.2,0.2,0
57,2,1,2,0.1,0.2,0.1,0.3,0.3,0.1,0.4,0.3,0.1,0.1,0
62,2,1,4,0.1,0.3,0.6,0.7,1,0.1,0.4,0.7,0.1,0,0
70,2,1,3,0.1,0.2,0.5,0.5,0.7,0.1,0.3,0.5,0.1,0,0
73,2,1,7,0.3,0.7,0.8,1.5,1.3,0.3,0.5,0.8,0.7,0.1,0
78,2,1,5,0.2,0.5,0.6,1,0.9,0.2,0.4,0.6,0.5,0.1,0
79,2,1,5,0.2,0.5,0.6,1,0.9,0.2,0.4,0.6,0.5,0.1,0
84,2,1,4,0.2,0.5,0.6,0.6,1,0,0.6,0.1,0.3,0.1,0
88,2,1,8,0.4,1.1,1.2,1.1,1.9,0,1.3,0.3,0.6,0.1,0
100,2,1,2,0.2,0.1,0,0.7,0.3,0,0.4,0.2,0.1,0,0
4,3,1,5,0.1,0.5,0.3,0.6,1.4,0.1,0.5,0.8,0.2,0.5,0
5,3,1,5,0.1,0.5,0.3,0.6,1.4,0.1,0.5,0.8,0.2,0.5,0
7,3,1,6,0.2,0.2,0.3,1.1,1.7,0,1,0.7,0.4,0.4,0
13,3,1,6,0,0.7,0.4,0.5,2,0.2,0.5,1.3,0.2,0.2,0
22,3,1,2,0,0.1,0.1,0.2,0.5,0,0.3,0.4,0.1,0.3,0
24,3,1,1,0,0.1,0,0.1,0.3,0,0.1,0.2,0,0.2,0
25,3,1,1,0,0.1,0,0.1,0.3,0,0.1,0.2,0,0.2,0
27,3,1,4,0.4,0.5,0.2,1.4,0.3,0.1,0.5,0.3,0.2,0.1,0
29,3,1,5,0.5,0.6,0.3,1.7,0.3,0.2,0.6,0.3,0.3,0.2,0
50,3,1,5,0.3,0.5,0.2,1.1,1.1,0.1,0.3,0.7,0.4,0.3,0
60,3,1,1,0,0.1,0.1,0.1,0.2,0,0.2,0.2,0,0.1,0
69,3,1,9,0.3,0.7,1.4,1.5,2.2,0.3,0.8,1.5,0.3,0,0
84,3,1,4,0.2,0.5,0.6,0.6,1,0,0.6,0.1,0.3,0.1,0
86,3,1,5,0.2,0.7,0.8,0.7,1.2,0,0.8,0.2,0.3,0.1,0
89,3,1,5,0.2,0.7,0.8,0.7,1.2,0,0.8,0.2,0.3,0.1,0
95,3,1,2,0.2,0.1,0,0.7,0.3,0,0.4,0.2,0.1,0,0
97,3,1,2,0.2,0.1,0,0.7,0.3,0,0.4,0.2,0.1,0,0
101,3,1,3,0.2,0.2,0.1,1,0.4,0.1,0.5,0.2,0.2,0.1,0
124,3,1,3,0.2,0.3,0.3,0.5,0.6,0.1,0.5,0.3,0,0.2,0
126,3,1,1,0,0.1,0.1,0.2,0.2,0,0.2,0.1,0,0.1,0
0,4,1,1,0,0.1,0.1,0.2,0.2,0,0.2,0.1,0.1,0,0
7,4,1,4,0,0.3,0.4,0.5,0.6,0.2,0.5,0.6,0.6,0.3,0
8,4,1,2,0,0.1,0.2,0.3,0.3,0.1,0.3,0.3,0.3,0.1,0
10,4,1,6,0,0.4,0.6,0.8,0.9,0.3,0.8,0.9,0.9,0.4,0
26,4,1,2,0.1,0,0,0.2,0.5,0,0.4,0.4,0.2,0.2,0
32,4,1,5,0.4,0.4,0.4,1,1.1,0.1,0.4,0.5,0.6,0.1,0
33,4,1,5,0.4,0.4,0.4,1,1.1,0.1,0.4,0.5,0.6,0.1,0
55,4,1,6,0.2,0.7,0.6,0.7,0.7,0,1.9,0.4,0.2,0.6,0
59,4,1,2,0.1,0.2,0.2,0.2,0.3,0,0.6,0.1,0.1,0.2,0
69,4,1,4,0.1,0.2,0.4,1.2,0.3,0,0.6,0.6,0.2,0.4,0
80,4,1,2,0.1,0.2,0.1,0.4,0.3,0.1,0.3,0.2,0.2,0.1,0
82,4,1,4,0,0.4,0.5,0.6,1.1,0.1,0.4,0.5,0.2,0.2,0
90,4,1,2,0,0.2,0.2,0.3,0.5,0.1,0.2,0.3,0.1,0.1,0
97,4,1,2,0.2,0,0.1,0.4,0.4,0.1,0.3,0.3,0.2,0,0
101,4,1,5,0.4,0.1,0.2,1,1,0.3,0.7,0.9,0.4,0,0
102,4,1,6,0.3,0.8,1,0.6,1.7,0.1,0.8,0.1,0.2,0.4,0
104,4,1,2,0.1,0.3,0.3,0.2,0.6,0,0.3,0,0.1,0.1,0
109,4,1,4,0.2,0.5,0.7,0.4,1.1,0.1,0.5,0.1,0.2,0.2,0
110,4,1,4,0.2,0.5,0.7,0.4,1.1,0.1,0.5,0.1,0.2,0.2,0
114,4,1,9,0.2,2,0.2,1.5,2,0.2,0.7,0.9,1.1,0.2,0
118,4,1,6,0.1,1.3,0.2,1,1.3,0.2,0.4,0.6,0.7,0.2,0
126,4,1,2,0,0.3,0.3,0.3,0.4,0.1,0.3,0.2,0.1,0,0
10,5,1,2,0,0.1,0.2,0.3,0.3,0.1,0.3,0.3,0.3,0.1,0
11,5,1,11,0,0.7,1.2,1.4,1.7,0.5,1.4,1.7,1.7,0.7,0
12,5,0,53,0,7,8,2,16,0,12,3,2,3,0
13,5,0,49.5,1,3,4,10,15,3,8,4,1.5,0,0
15,5,1,2,0,0.4,0.2,0.1,0.6,0,0.1,0.3,0,0.3,0
20,5,1,3,0.2,0.1,0.2,0.5,0.3,0.1,0.7,0.6,0.2,0.1,0
23,5,1,2,0.1,0,0,0.2,0.5,0,0.4,0.4,0.2,0.2,0
24,5,1,1,0,0,0,0.1,0.3,0,0.2,0.2,0.1,0.1,0
25,5,1,4,0.2,0,0,0.4,1,0,0.8,0.8,0.4,0.4,0
31,5,1,6,0.1,1.2,0.3,0.4,2,0.1,0.8,0.8,0.3,0,0
34,5,1,5,0.4,0.4,0.4,1,1.1,0.1,0.4,0.5,0.6,0.1,0
35,5,1,5,0.4,0.4,0.4,1,1.1,0.1,0.4,0.5,0.6,0.1,0
54,5,1,6,0.2,0.7,0.6,0.7,0.7,0,1.9,0.4,0.2,0.6,0
62,5,1,4,0.1,0.6,0.1,0.7,0.8,0.1,0.4,0.7,0.4,0.1,0
78,5,1,8,0.3,1,0.4,1.7,1.1,0.4,1.1,1,0.7,0.3,0
80,5,1,5,0.2,0.6,0.3,1,0.7,0.3,0.7,0.6,0.4,0.2,0
95,5,1,1,0.1,0,0,0.2,0.2,0.1,0.1,0.2,0.1,0,0
104,5,1,5,0.3,0.6,0.8,0.5,1.4,0.1,0.7,0.1,0.2,0.3,0
0,6,1,1,0,0.1,0.1,0.2,0.2,0,0.2,0.1,0.1,0,0
1,6,1,12,0,1,0.9,2.9,2.2,0.6,2.2,1.3,0.9,0,0
2,6,1,6,0.3,0.3,1,0.7,1.4,0,1.4,0.7,0.2,0,0
4,6,1,4,0.2,0.2,0.6,0.5,1,0,0.9,0.5,0.1,0,0
5,6,1,24,1.3,1.3,3.8,2.9,5.8,0,5.4,2.9,0.6,0,0
6,6,1,4,0.2,0.2,0.6,0.5,1,0,0.9,0.5,0.1,0,0
7,6,1,2,0,0.1,0.2,0.3,0.3,0.1,0.3,0.3,0.3,0.1,0
9,6,1,4,0,0.3,0.4,0.5,0.6,0.2,0.5,0.6,0.6,0.3,0
11,6,0,75,2,3,9,4,13,1,20,20,2,1,0
12,6,0,90,2,4.5,6,19,17,2,13,12,9.5,5,0
13,6,0,72,5,6,15,12,17,2,4,5,4,2,0
14,6,1,1,0,0.2,0.1,0,0.3,0,0,0.2,0,0.2,0
15,6,1,3,0,0.6,0.3,0.1,0.9,0,0.1,0.5,0,0.5,0
20,6,1,17,1.2,0.6,1.2,3,1.8,0.6,3.7,3.1,1.2,0.6,0
21,6,1,2,0.1,0.1,0.1,0.4,0.2,0.1,0.4,0.4,0.1,0.1,0
22,6,1,5,0.2,0,0,0.5,1.3,0,1,1,0.5,0.5,0
23,6,1,2,0.1,0,0,0.2,0.5,0,0.4,0.4,0.2,0.2,0
29,6,1,4,0.1,0.8,0.2,0.3,1.3,0.1,0.5,0.5,0.2,0,0
36,6,1,5,0.4,0.4,0.4,1,1.1,0.1,0.4,0.5,0.6,0.1,0
41,6,1,2,0.1,0.2,0.2,0.4,0.4,0,0.2,0.2,0.3,0,0
43,6,1,5,0,0.6,0.6,0.3,1.1,0.1,0.9,0.8,0.2,0.4,0
46,6,1,2,0,0.2,0.3,0.1,0.4,0,0.4,0.3,0.1,0.2,0
47,6,1,1,0,0.1,0.1,0.1,0.2,0,0.2,0.2,0,0.1,0
61,6,1,2,0.1,0.2,0.2,0.2,0.3,0,0.6,0.1,0.1,0.2,0
65,6,1,1,0,0.2,0,0.2,0.2,0,0.1,0.2,0.1,0,0
70,6,1,4,0.1,0.2,0.4,1.2,0.3,0,0.6,0.6,0.2,0.4,0
72,6,1,21,0,2.2,1.1,1.6,4.8,0.5,1.6,4.3,2.7,2.2,0
73,6,1,5,0,0.5,0.3,0.4,1.2,0.1,0.4,1,0.6,0.5,0
74,6,1,3,0,0.3,0.2,0.2,0.7,0.1,0.2,0.6,0.4,0.3,0
75,6,1,4,0,0.4,0.2,0.3,1,0.1,0.3,0.8,0.5,0.4,0
77,6,1,2,0.1,0.2,0.1,0.4,0.3,0.1,0.3,0.2,0.2,0.1,0
84,6,1,2,0,0.2,0.2,0.3,0.5,0.1,0.2,0.3,0.1,0.1,0
99,6,1,3,0.3,0,0.1,0.6,0.6,0.2,0.4,0.5,0.3,0,0
103,6,1,5,0.3,0.6,0.8,0.5,1.4,0.1,0.7,0.1,0.2,0.3,0
108,6,1,3,0.2,0.4,0.5,0.3,0.8,0,0.4,0.1,0.1,0.2,0
110,6,1,3,0.2,0.4,0.5,0.3,0.8,0,0.4,0.1,0.1,0.2,0
122,6,1,1,0,0.1,0.1,0.2,0.2,0,0.2,0.1,0.1,0,0
1,7,1,11.5,0,1,0.9,2.7,2.1,0.6,2.1,1.3,0.8,0,0
2,7,0,41.5,1,7.5,8,3,13,0,1,6,2,0,0
4,7,1,2,0.1,0.1,0.3,0.2,0.5,0,0.5,0.2,0.1,0,0
5,7,1,23,1.2,1.2,3.7,2.8,5.5,0,5.2,2.8,0.6,0,0
7,7,1,9,0,0.6,1,1.2,1.3,0.4,1.2,1.4,1.3,0.6,0
11,7,1,4,0,0.3,0.4,0.5,0.6,0.2,0.5,0.6,0.6,0.3,0
12,7,1,10.5,0,2.1,1,0.4,3.3,0,0.4,1.6,0,1.7,0
13,7,0,57,2,5,6,6,11,1,4,14,3,5,0
14,7,0,28,0,2,0,3,8,0,4,8,0,3,0
26,7,1,1,0,0,0,0.1,0.3,0,0.2,0.2,0.1,0.1,0
28,7,1,5,0.1,1,0.3,0.4,1.6,0.1,0.6,0.6,0.3,0,0
30,7,1,5,0.1,1,0.3,0.4,1.6,0.1,0.6,0.6,0.3,0,0
31,7,1,4,0.1,0.8,0.2,0.3,1.3,0.1,0.5,0.5,0.2,0,0
41,7,1,5,0.4,0.4,0.4,1,1.1,0.1,0.4,0.5,0.6,0.1,0
46,7,1,2,0,0.2,0.3,0.1,0.4,0,0.4,0.3,0.1,0.2,0
50,7,1,5,0,0.6,0.6,0.3,1.1,0.1,0.9,0.8,0.2,0.4,0
51,7,1,3,0,0.3,0.4,0.2,0.7,0.1,0.5,0.5,0.1,0.2,0
57,7,1,2,0.1,0.2,0.2,0.2,0.3,0,0.6,0.1,0.1,0.2,0
58,7,1,1,0,0.1,0.1,0.1,0.1,0,0.3,0.1,0.1,0.1,0
61,7,1,2,0.1,0.2,0.2,0.2,0.3,0,0.6,0.1,0.1,0.2,0
71,7,1,17,0.6,0.6,1.9,5.1,1.3,0,2.5,2.5,0.6,1.9,0
72,7,0,39,2,4,1,7,9,0,2,8,0,6,0
73,7,0,28,0,5,1,2,3,1,6,0,0,10,0
89,7,1,1,0,0.1,0.1,0.1,0.3,0,0.1,0.1,0.1,0.1,0
93,7,1,4,0.3,0.1,0.1,0.8,0.8,0.2,0.6,0.7,0.4,0,0
96,7,1,2,0.2,0,0.1,0.4,0.4,0.1,0.3,0.3,0.2,0,0
97,7,1,2,0.2,0,0.1,0.4,0.4,0.1,0.3,0.3,0.2,0,0
98,7,1,2,0.2,0,0.1,0.4,0.4,0.1,0.3,0.3,0.2,0,0
108,7,1,2,0.1,0.3,0.3,0.2,0.6,0,0.3,0,0.1,0.1,0
113,7,1,2,0.1,0.4,0.1,0.3,0.4,0.1,0.1,0.2,0.2,0.1,0
114,7,1,4,0.1,0.8,0.1,0.7,0.9,0.1,0.3,0.4,0.5,0.1,0
115,7,1,3,0.1,0.6,0.1,0.5,0.6,0.1,0.2,0.3,0.4,0.1,0
116,7,1,3,0.1,0.6,0.1,0.5,0.6,0.1,0.2,0.3,0.4,0.1,0
117,7,1,5,0.1,1.1,0.1,0.9,1.1,0.1,0.4,0.5,0.6,0.1,0
122,7,1,7,0.1,1,0.9,1.1,1.5,0.3,1.2,0.5,0.4,0,0
123,7,1,5,0.1,0.7,0.6,0.8,1.1,0.2,0.8,0.4,0.3,0,0
0,8,1,20,0,1.6,1.5,4.8,3.7,1.1,3.7,2.2,1.4,0,0
1,8,0,63.5,3,8,4,9,17,2,11,3,6.5,0,0
2,8,0,69,8,15,6,12,19,1,5,2,1,0,0
4,8,1,12,0.7,0.7,1.9,1.4,2.9,0,2.7,1.4,0.3,0,0
10,8,1,2,0,0.1,0.2,0.3,0.3,0.1,0.3,0.3,0.3,0.1,0
13,8,1,5,0,1,0.5,0.2,1.5,0,0.2,0.8,0,0.8,0
14,8,0,24,0,3,0,1,2,0,6,5,0,7,0
16,8,1,4,0,0.8,0.4,0.2,1.2,0,0.2,0.6,0,0.6,0
17,8,1,2,0.1,0.1,0.1,0.4,0.2,0.1,0.4,0.4,0.1,0.1,0
21,8,1,4,0.3,0.1,0.3,0.7,0.4,0.1,0.9,0.7,0.3,0.2,0
25,8,1,3,0.1,0,0,0.3,0.8,0,0.6,0.6,0.3,0.3,0
27,8,1,4,0.1,0.8,0.2,0.3,1.3,0.1,0.5,0.5,0.2,0,0
28,8,1,8,0.2,1.6,0.4,0.6,2.6,0.2,1,1,0.4,0,0
29,8,1,4,0.1,0.8,0.2,0.3,1.3,0.1,0.5,0.5,0.2,0,0
40,8,1,4,0.3,0.3,0.3,0.8,0.9,0.1,0.3,0.4,0.5,0.1,0
49,8,1,2,0,0.2,0.3,0.1,0.4,0,0.4,0.3,0.1,0.2,0
68,8,1,2,0.1,0.1,0.2,0.6,0.1,0,0.3,0.3,0.1,0.2,0
71,8,0,43,3,12,4,7,8,0,1,1,7,0,0
72,8,0,51,5,3,1,11,11,2,3,3,7,5,0
73,8,1,6,0,0.6,0.3,0.5,1.4,0.1,0.5,1.2,0.8,0.6,0
77,8,1,3,0.1,0.4,0.2,0.6,0.4,0.1,0.4,0.4,0.3,0.1,0
83,8,1,2,0,0.2,0.2,0.3,0.5,0.1,0.2,0.3,0.1,0.1,0
89,8,1,3,0,0.3,0.3,0.4,0.8,0.1,0.3,0.4,0.2,0.2,0
104,8,1,4,0.2,0.5,0.7,0.4,1.1,0.1,0.5,0.1,0.2,0.2,0
110,8,1,5,0.3,0.6,0.8,0.5,1.4,0.1,0.7,0.1,0.2,0.3,0
122,8,1,8,0.2,1.2,1,1.3,1.7,0.3,1.3,0.6,0.4,0,0
124,8,1,9,0.2,1.3,1.1,1.5,2,0.3,1.5,0.6,0.5,0,0
1,9,1,8,0.5,1,1.2,1.1,2,0.3,0.7,0.4,0.5,0.3,0
2,9,1,5,0.3,0.6,0.5,0.8,0.7,0.1,0.7,0.9,0.3,0.1,0
8,9,1,4,0.2,0.5,0.4,0.7,0.6,0.1,0.5,0.7,0.2,0.1,0
9,9,1,2,0.1,0.3,0.2,0.3,0.3,0,0.3,0.4,0.1,0,0
14,9,1,16.5,0.4,0.9,2.4,1.6,3.3,0.2,2.5,3.6,0.5,1.1,0
15,9,0,36,2,1,2,7,4,2,6,9,0,3,0
16,9,1,1,0,0.1,0.1,0.1,0.2,0,0.2,0.2,0,0.1,0
23,9,1,6,0.4,1,0.4,1.8,0.5,0.5,0.6,0,0.5,0.3,0
26,9,1,4,0.3,0.6,0.3,1.2,0.4,0.3,0.4,0,0.3,0.2,0
51,9,1,3,0,0.3,0.4,0.2,0.7,0.1,0.5,0.5,0.1,0.2,0
64,9,1,12,0.2,1.7,0.2,2.3,2.3,0.5,1.4,2.1,1.1,0.2,0
70,9,1,5,0.1,0.7,0.1,0.9,0.9,0.2,0.6,0.9,0.5,0.1,0
72,9,1,1,0,0.1,0.1,0.2,0.1,0.1,0.2,0.1,0.1,0,0
74,9,1,2,0.1,0.2,0.1,0.4,0.3,0.1,0.3,0.2,0.2,0.1,0
76,9,1,2,0.1,0.2,0.1,0.4,0.3,0.1,0.3,0.2,0.2,0.1,0
108,9,1,5,0.3,0.4,0.4,0.6,1.4,0.2,0.6,0.3,0.5,0.3,0
110,9,0,65,5,9,3,16,12,4,0,2,12,2,0
111,9,1,17,1.2,1.4,1.4,1.9,4.7,0.6,2.1,1.2,1.5,1,0
118,9,1,3,0.1,0.6,0.1,0.5,0.6,0.1,0.2,0.3,0.4,0.1,0
122,9,1,8,0.2,1.2,1,1.3,1.7,0.3,1.3,0.6,0.4,0,0
126,9,1,2,0,0.3,0.3,0.3,0.4,0.1,0.3,0.2,0.1,0,0
1,10,1,5,0.3,0.6,0.8,0.7,1.2,0.2,0.4,0.3,0.3,0.2,0
8,10,1,11,0.6,1.4,1.2,1.8,1.5,0.3,1.4,2.1,0.6,0.1,0
14,10,1,4,0.1,0.2,0.6,0.4,0.8,0,0.6,0.9,0.1,0.3,0
15,10,0,31,2,1,4,3,5,1,3,9,1,2,0
16,10,1,2,0.1,0.1,0.3,0.2,0.4,0,0.3,0.4,0.1,0.1,0
20,10,1,4,0.1,0.2,0.4,0.5,0.7,0,0.8,0.9,0.2,0.2,0
21,10,1,11,0.3,0.4,0.9,1.4,2,0,2.3,2.5,0.6,0.6,0
22,10,1,8,0.6,1.3,0.6,2.4,0.7,0.7,0.7,0,0.6,0.4,0
30,10,1,10,0.7,1.6,0.7,3,0.9,0.9,0.9,0,0.8,0.5,0
31,10,1,8.5,0.6,1.3,0.6,2.5,0.8,0.8,0.8,0,0.7,0.4,0
36,10,1,16,1.1,1.4,1.4,3.2,3.4,0.3,1.2,1.7,2,0.3,0
37,10,1,2,0,0.2,0.2,0.3,0.4,0,0.3,0.4,0.2,0,0
49,10,1,4,0,0.4,0.5,0.2,0.9,0.1,0.7,0.7,0.2,0.3,0
50,10,1,1,0,0.1,0.1,0.1,0.2,0,0.2,0.2,0,0.1,0
67,10,1,2,0,0.3,0,0.4,0.4,0.1,0.2,0.4,0.2,0,0
69,10,1,3,0,0.4,0.1,0.6,0.6,0.1,0.3,0.5,0.3,0.1,0
73,10,1,2,0.1,0.2,0.1,0.4,0.3,0.1,0.3,0.2,0.2,0.1,0
81,10,1,7,0.2,0.8,0.4,1.5,1,0.4,1,0.9,0.6,0.2,0
83,10,1,5,0,0.6,0.6,0.7,1.3,0.1,0.5,0.6,0.3,0.3,0
94,10,1,3,0.3,0,0.1,0.6,0.6,0.2,0.4,0.5,0.3,0,0
97,10,1,1.5,0.1,0,0.1,0.3,0.3,0.1,0.2,0.3,0.1,0,0
104,10,1,5,0.3,0.6,0.8,0.5,1.4,0.1,0.7,0.1,0.2,0.3,0
108,10,1,9,0.6,0.7,0.7,1.1,2.5,0.3,1.2,0.6,0.8,0.5,0
109,10,1,1,0.1,0.1,0.1,0.1,0.3,0,0.1,0.1,0.1,0,0
110,10,0,84,10,10,3,27,16,4,0,2,12,0,0
111,10,1,17,1.2,1.4,1.4,1.9,4.7,0.6,2.1,1.2,1.5,1,0
113,10,1,2,0,0.1,0.2,0.1,0.3,0,0.5,0.5,0.1,0.2,0
120,10,1,6,0.1,1.3,0.2,1,1.3,0.2,0.4,0.6,0.7,0.2,0
8,11,1,1,0.1,0.1,0.1,0.2,0.1,0,0.1,0.2,0.1,0,0
13,11,1,3,0.1,0.2,0.4,0.3,0.6,0,0.5,0.6,0.1,0.2,0
14,11,1,2,0.1,0.1,0.3,0.2,0.4,0,0.3,0.4,0.1,0.1,0
15,11,1,4,0.1,0.2,0.6,0.4,0.8,0,0.6,0.9,0.1,0.3,0
16,11,1,13.5,0.3,0.7,1.9,1.3,2.7,0.2,2.1,3,0.4,0.9,0
20,11,1,18,0.5,0.7,1.5,2.4,3.2,0,3.7,4,1,1,0
21,11,1,23,0.6,0.9,1.9,3,4.1,0,4.7,5.2,1.3,1.3,0
22,11,1,1,0.1,0.1,0.1,0.3,0.1,0.1,0.1,0,0.1,0,0
30,11,1,3,0.2,0.5,0.2,0.9,0.3,0.3,0.3,0,0.2,0.1,0
33,11,1,1,0.1,0.1,0.1,0.2,0.2,0,0.1,0.1,0.1,0,0
37,11,1,12,0.3,1.2,1.2,1.6,2.3,0,1.9,2.2,1.2,0.1,0
38,11,1,4,0.1,0.4,0.4,0.5,0.8,0,0.6,0.7,0.4,0.1,0
40,11,1,4,0.1,0.4,0.4,0.5,0.8,0,0.6,0.7,0.4,0.1,0
41,11,1,1,0,0.1,0.1,0.1,0.2,0,0.2,0.2,0.1,0,0
42,11,1,4,0,0.4,0.5,0.2,0.9,0.1,0.7,0.7,0.2,0.3,0
46,11,1,4,0,0.4,0.5,0.2,0.9,0.1,0.7,0.7,0.2,0.3,0
47,11,1,2,0,0.2,0.3,0.1,0.4,0,0.4,0.3,0.1,0.2,0
50,11,1,3,0,0.3,0.4,0.2,0.7,0.1,0.5,0.5,0.1,0.2,0
51,11,1,5,0,0.6,0.6,0.3,1.1,0.1,0.9,0.8,0.2,0.4,0
54,11,1,5,0.1,0.6,0.5,0.6,0.6,0,1.6,0.3,0.2,0.5,0
57,11,1,4,0.1,0.5,0.4,0.5,0.5,0,1.2,0.3,0.1,0.4,0
72,11,1,5,0.2,0.6,0.3,1,0.7,0.3,0.7,0.6,0.4,0.2,0
93,11,1,5,0.4,0.1,0.2,1,1,0.3,0.7,0.9,0.4,0,0
100,11,1,2,0.2,0,0.1,0.4,0.4,0.1,0.3,0.3,0.2,0,0
104,11,1,1,0.1,0.1,0.2,0.1,0.3,0,0.1,0,0,0.1,0
110,11,1,18,1.2,1.4,1.5,2.1,5,0.6,2.3,1.2,1.7,1,0
111,11,0,52,0,5.5,5.5,5,15,0,5,8,4,4,0
112,11,0,29,1,2,0,1,5,0,2,7,1,10,0
113,11,1,7,0.1,0.4,0.8,0.4,0.9,0,1.7,1.9,0.2,0.6,0
116,11,1,9,0.1,0.5,1.1,0.5,1.1,0,2.2,2.4,0.3,0.8,0
124,11,1,2,0,0.3,0.3,0.3,0.4,0.1,0.3,0.2,0.1,0,0
3,12,1,6,0.3,0.8,0.6,1,0.8,0.1,0.8,1.1,0.4,0.1,0
5,12,1,3,0.2,0.4,0.3,0.5,0.4,0.1,0.4,0.5,0.2,0,0
7,12,1,14,0.8,1.8,1.5,2.3,1.9,0.3,1.8,2.6,0.8,0.2,0
8,12,1,9,0.5,1.1,0.9,1.5,1.3,0.2,1.2,1.7,0.5,0.1,0
11,12,1,2,0.1,0.3,0.2,0.3,0.3,0,0.3,0.4,0.1,0,0
12,12,1,13,0.3,0.7,1.8,1.3,2.6,0.1,2,2.9,0.4,0.9,0
13,12,1,7,0.1,0.4,1,0.7,1.4,0.1,1.1,1.5,0.2,0.5,0
14,12,1,5,0.1,0.3,0.7,0.5,1,0,0.8,1.1,0.2,0.3,0
17,12,1,14,0.4,0.5,1.2,1.8,2.5,0,2.9,3.1,0.8,0.8,0
18,12,0,107,3,7,8,10,20,0,35,13,2,9,0
19,12,1,21,0.6,0.8,1.8,2.7,3.7,0,4.3,4.7,1.2,1.2,0
20,12,1,15,0.4,0.5,1.3,2,2.7,0,3.1,3.4,0.8,0.8,0
21,12,1,1,0,0,0.1,0.1,0.2,0,0.2,0.2,0.1,0.1,0
33,12,1,3,0.2,0.3,0.3,0.6,0.6,0,0.2,0.3,0.4,0.1,0
37,12,1,13,0.3,1.3,1.3,1.8,2.5,0,2,2.3,1.3,0.2,0
38,12,1,4,0.1,0.4,0.4,0.5,0.8,0,0.6,0.7,0.4,0.1,0
39,12,1,16,0.4,1.6,1.6,2.2,3,0,2.5,2.9,1.6,0.2,0
40,12,1,21,0.5,2.1,2.1,2.8,4,0,3.3,3.8,2.1,0.3,0
41,12,1,4,0.1,0.4,0.4,0.5,0.8,0,0.6,0.7,0.4,0.1,0
48,12,1,2,0,0.2,0.3,0.1,0.4,0,0.4,0.3,0.1,0.2,0
62,12,1,2,0,0.3,0,0.4,0.4,0.1,0.2,0.4,0.2,0,0
65,12,1,4,0.1,0.6,0.1,0.7,0.8,0.1,0.4,0.7,0.4,0.1,0
66,12,1,2,0,0.3,0,0.4,0.4,0.1,0.2,0.4,0.2,0,0
67,12,1,5,0.1,0.7,0.1,0.9,0.9,0.2,0.6,0.9,0.5,0.1,0
79,12,1,6,0.2,0.7,0.3,1.3,0.9,0.3,0.9,0.7,0.5,0.2,0
81,12,1,2,0.1,0.2,0.1,0.4,0.3,0.1,0.3,0.2,0.2,0.1,0
85,12,1,4,0,0.4,0.5,0.6,1.1,0.1,0.4,0.5,0.2,0.2,0
92,12,1,2,0.2,0,0.1,0.4,0.4,0.1,0.3,0.3,0.2,0,0
108,12,1,18,1.2,1.4,1.5,2.1,5,0.6,2.3,1.2,1.7,1,0
109,12,0,63,3,3,6,6,13,1,15,3,4,9,0
110,12,0,73.5,1,6.5,8,13,15,3,3,12,2,10,0
111,12,0,73,3,9,8,14,18,2,7,2,2,8,0
112,12,1,10.5,0.2,0.6,1.3,0.6,1.3,0,2.5,2.8,0.3,0.9,0
3,13,1,6,0.3,0.8,0.6,1,0.8,0.1,0.8,1.1,0.4,0.1,0
7,13,1,8,0.5,1,0.8,1.3,1.1,0.2,1,1.5,0.5,0.1,0
8,13,1,7,0.4,0.9,0.7,1.1,1,0.2,0.9,1.3,0.4,0.1,0
9,13,1,6,0.3,0.8,0.6,1,0.8,0.1,0.8,1.1,0.4,0.1,0
11,13,1,2,0.1,0.3,0.2,0.3,0.3,0,0.3,0.4,0.1,0,0
12,13,1,9,0.2,0.5,1.3,0.9,1.8,0.1,1.4,1.9,0.3,0.6,0
13,13,1,5,0.1,0.3,0.7,0.5,1,0,0.8,1.1,0.2,0.3,0
14,13,1,6,0.1,0.3,0.9,0.6,1.2,0.1,0.9,1.3,0.2,0.4,0
16,13,0,24,0,1,1,0,3,0,11,5,0,3,0
17,13,0,52,2,7,2,8,10,1,3,12,3,4,0
18,13,0,83,1,9,3,1,15,0,8,28,2,16,0
19,13,0,36,2,3,4,8,7,1,2,5,1,3,0
20,13,0,50,1,5,1,3,8,1,6,18,4,3,0
21,13,0,33,2,2,3,1,10,0,6,8,1,0,0
25,13,1,3,0.2,0.5,0.2,0.9,0.3,0.3,0.3,0,0.2,0.1,0
39,13,1,6,0.1,0.6,0.6,0.8,1.2,0,0.9,1.1,0.6,0.1,0
40,13,1,2,0,0.2,0.2,0.3,0.4,0,0.3,0.4,0.2,0,0
51,13,1,6,0,0.7,0.8,0.3,1.3,0.1,1.1,1,0.2,0.5,0
56,13,1,2,0.1,0.2,0.2,0.2,0.3,0,0.6,0.1,0.1,0.2,0
62,13,1,3,0,0.4,0.1,0.6,0.6,0.1,0.3,0.5,0.3,0.1,0
65,13,1,8.5,0.2,1.2,0.2,1.6,1.6,0.3,1,1.4,0.8,0.2,0
71,13,1,1,0,0.2,0,0.2,0.2,0,0.1,0.2,0.1,0,0
73,13,1,3,0.1,0.4,0.2,0.6,0.4,0.1,0.4,0.4,0.3,0.1,0
76,13,1,4,0.1,0.5,0.2,0.8,0.6,0.2,0.6,0.5,0.4,0.1,0
77,13,1,3,0.1,0.4,0.2,0.6,0.4,0.1,0.4,0.4,0.3,0.1,0
106,13,1,4,0.2,0.5,0.7,0.4,1.1,0.1,0.5,0.1,0.2,0.2,0
108,13,1,2,0.1,0.2,0.2,0.2,0.5,0.1,0.3,0.1,0.2,0.1,0
109,13,0,66.5,1,14,10,6,19,0,7,1,5.5,3,0
110,13,0,62,1,11,7,5,17,0,13,4,3,1,0
111,13,0,28.5,3,4.5,0,8,4,1,2,2,3,1,0
112,13,1,2,0,0.1,0.2,0.1,0.3,0,0.5,0.5,0.1,0.2,0
116,13,1,3,0,0.2,0.3,0.2,0.4,0,0.7,0.8,0.1,0.3,0
1,14,1,2,0.1,0.2,0.2,0.3,0.4,0,0.4,0.2,0.1,0.1,0
3,14,1,2,0,0.2,0.2,0.3,0.3,0,0.3,0.5,0,0.2,0
9,14,1,2,0,0.2,0.2,0.3,0.3,0,0.3,0.5,0,0.2,0
10,14,1,4,0.1,0.4,0.3,0.6,0.6,0.1,0.6,0.9,0.1,0.3,0
15,14,0,29,1,3,2,5,4,0,4,5,0,5,0
16,14,1,11,0.6,0.6,0.7,2,2,0.4,1.6,1.2,1.7,0.2,0
17,14,0,88.5,4.5,5,5.5,12,13,0,12,15,4.5,17,0
18,14,0,76,3,5,4,8,9,0,13,10,4,20,0
19,14,0,78.5,0,7,12,9,14,0,6,17,3.5,10,0
20,14,0,80.5,0,3.5,5,9,10,0,10,28,1,14,0
21,14,0,98.5,0,3.5,5.5,8,12,0,17,43,1.5,8,0
22,14,1,15,1.4,1.6,1.1,2.3,2.5,0.2,1.8,2.7,0.9,0.5,0
23,14,1,1,0.1,0.1,0.1,0.1,0.2,0,0.1,0.2,0.1,0,0
26,14,1,2,0.2,0.2,0.2,0.3,0.3,0,0.2,0.4,0.1,0.1,0
27,14,1,1,0,0.1,0.1,0.2,0.2,0,0.1,0.1,0.1,0.1,0
28,14,1,2,0.1,0.2,0.2,0.3,0.4,0.1,0.3,0.2,0.1,0.1,0
30,14,1,6,0.2,0.6,0.7,0.9,1.2,0.1,0.9,0.7,0.4,0.3,0
31,14,1,3,0.1,0.3,0.4,0.4,0.6,0.1,0.4,0.4,0.2,0.1,0
38,14,1,2,0.1,0.2,0.2,0.2,0.6,0.1,0.1,0.1,0.3,0.1,0
39,14,1,47.5,1.4,5.9,4.8,5.5,15.3,2.1,2.1,1.4,6.2,2.8,0
40,14,1,6,0.2,0.7,0.6,0.7,1.9,0.3,0.3,0.2,0.8,0.3,0
47,14,1,1,0,0.1,0,0,0.3,0,0.1,0.3,0.1,0.1,0
53,14,1,2,0.1,0.3,0.2,0.2,0.4,0.1,0.2,0.1,0.1,0.3,0
65,14,0,40.5,1,2.5,4,6,9,1,4,6,2,5,0
66,14,1,8,0,0.4,0.4,1,1.7,0.4,1,0.7,0,2.4,0
85,14,1,4,0.3,0.4,0.4,0.7,1,0,0.4,0.3,0.2,0.3,0
89,14,1,2,0.1,0,0.3,0.3,0.3,0,0.4,0.4,0.1,0.1,0
91,14,1,1,0,0,0.1,0.1,0.2,0,0.2,0.2,0.1,0.1,0
92,14,1,4,0.1,0.4,0.4,0.8,0.7,0.1,0.5,0.1,0.7,0.2,0
96,14,1,5,0.1,0.5,0.5,1,0.9,0.1,0.6,0.1,0.9,0.3,0
105,14,1,4,0.2,0.3,0.3,1,0.7,0.1,0.6,0.3,0.3,0.2,0
110,14,1,2,0.1,0.2,0.1,0.5,0.3,0.1,0.3,0.2,0.1,0.1,0
112,14,1,1,0.1,0,0.1,0.4,0.2,0,0.1,0.1,0,0,0
125,14,1,5,0.1,0.7,0.5,0.4,1.4,0.1,1.1,0.3,0.1,0.3,0
126,14,1,2,0,0.3,0.2,0.2,0.6,0,0.4,0.1,0.1,0.1,0
1,15,1,7,0.3,0.6,0.6,1.1,1.5,0,1.4,0.8,0.3,0.4,0
2,15,1,3,0,0.3,0.2,0.4,0.5,0.1,0.5,0.7,0.1,0.2,0
9,15,1,2,0,0.2,0.2,0.3,0.3,0,0.3,0.5,0,0.2,0
10,15,1,5,0.1,0.5,0.3,0.7,0.8,0.1,0.8,1.2,0.1,0.4,0
14,15,1,34,1.8,1.9,2.2,6.3,6.3,1.1,4.8,3.7,5.2,0.7,0
15,15,0,76,0,6.5,2,4,10,2,5,19,3.5,24,0
16,15,0,68,1,4,9,10,15,1,5,12,2,9,0
17,15,0,64,3,8,9,8,20,0,3,6,3,4,0
18,15,0,103.5,2,10.5,13,19,17,1,7,17,2,15,0
19,15,0,70,4,6,6,13,16,1,3,11,5,5,0
20,15,0,72.5,1,6.5,1,8,7,2,7,12,6,22,0
21,15,0,123,3,16.5,5.5,10,20,1,22,33,3,9,0
22,15,0,98,1,6,7,6,16,1,14,28,4,15,0
23,15,0,71.5,1,8,9.5,5,25,0,8,6,7,2,0
24,15,1,10,0.9,1.1,0.8,1.5,1.7,0.1,1.2,1.8,0.6,0.3,0
25,15,1,4,0.4,0.4,0.3,0.6,0.7,0.1,0.5,0.7,0.2,0.1,0
28,15,1,5,0.2,0.5,0.6,0.7,1,0.1,0.7,0.6,0.3,0.3,0
34,15,1,3,0.1,0.7,0.2,0.5,0.8,0.1,0.3,0.1,0.1,0.1,0
38,15,1,1,0,0.1,0.1,0.1,0.3,0.1,0.1,0,0.1,0.1,0
39,15,1,1,0,0.1,0.1,0.1,0.3,0.1,0.1,0,0.1,0.1,0
40,15,1,4,0.1,0.5,0.4,0.5,1.3,0.2,0.2,0.1,0.5,0.2,0
44,15,1,2,0,0.3,0.1,0,0.6,0,0.1,0.6,0.2,0.1,0
48,15,1,6,0,0.8,0.2,0,1.8,0,0.5,1.9,0.6,0.2,0
52,15,1,5,0.1,0.7,0.6,0.6,0.9,0.3,0.6,0.3,0.2,0.7,0
56,15,1,5,0.1,0.7,0.6,0.6,0.9,0.3,0.6,0.3,0.2,0.7,0
60,15,1,3,0.2,0,0.1,0.9,0.5,0.1,0.4,0.2,0.4,0.2,0
61,15,1,4,0.3,0,0.2,1.1,0.6,0.2,0.5,0.3,0.5,0.3,0
64,15,1,7,0,0.3,0.3,0.9,1.5,0.3,0.9,0.6,0,2.2,0
65,15,1,6,0,0.3,0.3,0.8,1.3,0.2,0.8,0.5,0,1.8,0
81,15,1,6,0,0.7,0.7,0.8,1.6,0.1,0.6,0.8,0.3,0.4,0
82,15,1,4,0.3,0.4,0.4,0.7,1,0,0.4,0.3,0.2,0.3,0
84,15,1,1,0.1,0.1,0.1,0.2,0.2,0,0.1,0.1,0,0.1,0
92,15,1,2,0,0.2,0.2,0.4,0.4,0,0.3,0,0.4,0.1,0
93,15,1,4,0.1,0.4,0.4,0.8,0.7,0.1,0.5,0.1,0.7,0.2,0
94,15,1,10,0.2,1,1.1,2,1.8,0.2,1.3,0.2,1.7,0.5,0
104,15,1,2,0.1,0.2,0.1,0.5,0.3,0.1,0.3,0.2,0.1,0.1,0
108,15,1,1,0.1,0.1,0.1,0.2,0.2,0,0.1,0.1,0.1,0,0
11,16,1,4,0.1,0.4,0.3,0.6,0.6,0.1,0.6,0.9,0.1,0.3,0
14,16,1,15,0.8,0.8,1,2.8,2.8,0.5,2.1,1.6,2.3,0.3,0
15,16,0,86.5,3,5.5,3,11,6,2,17,28,3,8,0
16,16,0,119,3,13.5,9,15,24,1,13,20,3.5,17,0
17,16,0,102.5,13,12.5,9,22,15,4,8,5,10,4,0
18,16,0,138,8,9,17,26,28,3,11,16,7,13,0
19,16,0,49,0,4,8,3,11,0,7,6,2,8,0
20,16,0,73,2,4.5,0,4,12,2,6,19,4.5,19,0
21,16,0,32,5,0.5,2,5,2,0,3,10,0.5,4,0
22,16,1,19,1.7,2,1.4,2.9,3.2,0.3,2.3,3.5,1.1,0.6,0
23,16,1,3,0.3,0.3,0.2,0.5,0.5,0,0.4,0.5,0.2,0.1,0
50,16,1,2,0,0.3,0.1,0,0.6,0,0.1,0.6,0.2,0.1,0
57,16,1,2,0.1,0,0.1,0.6,0.3,0.1,0.2,0.2,0.2,0.2,0
58,16,1,2,0.1,0,0.1,0.6,0.3,0.1,0.2,0.2,0.2,0.2,0
61,16,1,1,0.1,0,0,0.3,0.2,0,0.1,0.1,0.1,0.1,0
70,16,1,4,0.4,0.3,0.3,0.5,0.6,0.1,0.7,0.6,0.2,0.3,0
82,16,1,6,0.4,0.7,0.7,1.1,1.5,0,0.5,0.4,0.3,0.4,0
86,16,1,7,0.5,0.7,0.7,1.3,1.8,0,0.6,0.5,0.4,0.5,0
87,16,1,4,0.2,0.1,0.5,0.5,0.7,0,0.8,0.8,0.2,0.2,0
89,16,1,5,0.3,0.1,0.6,0.7,0.8,0,0.9,1,0.3,0.3,0
91,16,1,2,0.1,0,0.3,0.3,0.3,0,0.4,0.4,0.1,0.1,0
96,16,1,1,0,0.1,0.1,0.2,0.2,0,0.1,0,0.2,0.1,0
97,16,1,6,0.1,0.6,0.7,1.2,1.1,0.1,0.8,0.1,1,0.3,0
112,16,1,4,0.4,0.2,0.4,1.4,0.6,0.2,0.2,0.4,0.2,0,0
5,17,1,7,0.1,0.8,0.5,1,1.1,0.1,1.1,1.7,0.1,0.5,0
13,17,1,22,1.2,1.2,1.4,4.1,4.1,0.7,3.1,2.4,3.3,0.5,0
14,17,0,69,3,4,3,11,12,1,10,15,4,6,0
15,17,0,81,7,4,3,10,13,2,11,14,5,12,0
16,17,0,76,2,5,4,10,10,2,7,20,3,13,0
17,17,0,118,6,7.5,8,24,20,0,13,17,6.5,16,0
18,17,0,115.5,3.5,10,10,22,21,3,8,17,6,15,0
19,17,0,89,4,8,6,9,16,2,6,15,5,18,0
20,17,0,79.5,0,6.5,6,5,12,0,14,21,2,13,0
21,17,1,2,0,0,0.4,0.4,0.5,0,0.3,0.2,0.1,0.1,0
23,17,1,7,0.6,0.7,0.5,1.1,1.2,0.1,0.9,1.3,0.4,0.2,0
24,17,1,5,0.5,0.5,0.4,0.8,0.8,0.1,0.6,0.9,0.3,0.1,0
27,17,1,11,0.4,1.1,1.3,1.7,2.2,0.2,1.5,1.3,0.7,0.6,0
28,17,1,9,0.4,0.9,1.1,1.3,1.8,0.2,1.3,1.1,0.5,0.4,0
30,17,1,5,0.2,0.5,0.6,0.7,1,0.1,0.7,0.6,0.3,0.3,0
34,17,1,4,0.1,1,0.3,0.6,1.1,0.1,0.4,0.1,0.1,0.2,0
45,17,1,3,0,0.4,0.1,0,0.9,0,0.3,0.9,0.3,0.1,0
46,17,1,1,0,0.1,0,0,0.3,0,0.1,0.3,0.1,0.1,0
48,17,1,6,0,0.8,0.2,0,1.8,0,0.5,1.9,0.6,0.2,0
49,17,1,1,0,0.1,0,0,0.3,0,0.1,0.3,0.1,0.1,0
52,17,1,5,0.1,0.7,0.6,0.6,0.9,0.3,0.6,0.3,0.2,0.7,0
54,17,1,7,0.2,0.9,0.8,0.8,1.3,0.5,0.8,0.5,0.3,0.9,0
56,17,1,2,0.1,0.3,0.2,0.2,0.4,0.1,0.2,0.1,0.1,0.3,0
59,17,1,5,0.4,0,0.2,1.4,0.8,0.2,0.6,0.4,0.6,0.4,0
61,17,1,7,0.5,0,0.3,2,1.1,0.3,0.8,0.6,0.8,0.6,0
64,17,1,2,0,0.1,0.1,0.2,0.4,0.1,0.3,0.2,0,0.6,0
74,17,1,2,0,0.2,0.2,0.3,0.5,0.1,0.2,0.3,0.1,0.1,0
86,17,1,1,0.1,0.1,0.1,0.2,0.2,0,0.1,0.1,0,0.1,0
87,17,1,12,0.7,0.2,1.5,1.6,2,0,2.2,2.4,0.7,0.7,0
89,17,1,3,0.2,0,0.4,0.4,0.5,0,0.5,0.6,0.2,0.2,0
90,17,1,4,0.2,0.1,0.5,0.5,0.7,0,0.8,0.8,0.2,0.2,0
91,17,1,3,0.2,0,0.4,0.4,0.5,0,0.5,0.6,0.2,0.2,0
93,17,1,4,0.1,0.4,0.4,0.8,0.7,0.1,0.5,0.1,0.7,0.2,0
94,17,1,1,0,0.1,0.1,0.2,0.2,0,0.1,0,0.2,0.1,0
105,17,1,4,0.2,0.3,0.3,1,0.7,0.1,0.6,0.3,0.3,0.2,0
106,17,1,4,0.2,0.3,0.3,1,0.7,0.1,0.6,0.3,0.3,0.2,0
112,17,1,4,0.4,0.2,0.4,1.4,0.6,0.2,0.2,0.4,0.2,0,0
118,17,1,8,0.8,0.4,0.8,2.8,1.2,0.4,0.4,0.8,0.4,0,0
1,18,1,3,0.2,0.2,0.2,0.5,0.6,0,0.6,0.3,0.2,0.2,0
4,18,1,4,0.1,0.4,0.3,0.6,0.6,0.1,0.6,0.9,0.1,0.3,0
10,18,1,2,0,0.2,0.2,0.3,0.3,0,0.3,0.5,0,0.2,0
11,18,1,1,0,0.1,0.1,0.1,0.2,0,0.2,0.2,0,0.1,0
12,18,1,1,0.1,0.1,0.1,0.2,0.2,0,0.1,0.1,0.1,0,0
13,18,1,9,0.5,0.5,0.6,1.6,1.6,0.3,1.3,1,1.4,0.2,0
14,18,0,108,0,18,7.5,10,24,4,8,14,11.5,11,0
15,18,0,114.5,4,16.5,9,12,26,1,17,17,8,4,0
16,18,0,74,1,7,11,5,18,0,7,10,7,8,0
17,18,1,22,0.5,0.5,4.9,3.9,4.9,0,2.9,2.4,1,1,0
18,18,0,58,3,8,7,7,14,2,4,7,1,5,0
19,18,1,7,0.2,0.2,1.5,1.2,1.6,0,0.9,0.8,0.3,0.3,0
20,18,0,29,0,1,1,1,4,1,6,9,3,3,0
21,18,1,14,0.3,0.3,3.1,2.5,3.1,0,1.9,1.6,0.6,0.6,0
29,18,1,22,0.9,2.2,2.6,3.3,4.4,0.4,3.1,2.7,1.3,1.1,0
30,18,1,22,0.9,2.2,2.6,3.3,4.4,0.4,3.1,2.7,1.3,1.1,0
31,18,1,5,0.2,0.5,0.6,0.7,1,0.1,0.7,0.6,0.3,0.3,0
37,18,1,7,0.2,0.9,0.7,0.8,2.3,0.3,0.3,0.2,0.9,0.4,0
43,18,1,2,0,0.3,0.1,0,0.6,0,0.1,0.6,0.2,0.1,0
52,18,1,1,0,0.1,0.1,0.1,0.2,0.1,0.1,0.1,0.1,0.1,0
56,18,1,1,0,0.1,0.1,0.1,0.2,0.1,0.1,0.1,0.1,0.1,0
58,18,1,1,0.1,0,0,0.3,0.2,0,0.1,0.1,0.1,0.1,0
69,18,1,3,0.3,0.2,0.2,0.4,0.5,0.1,0.5,0.5,0.1,0.2,0
85,18,1,6,0.4,0.7,0.7,1.1,1.5,0,0.5,0.4,0.3,0.4,0
86,18,1,5,0.4,0.5,0.5,0.9,1.2,0,0.4,0.4,0.3,0.4,0
87,18,0,38,3,3,2,9,1,2,7,5,2,4,0
88,18,0,61,3,7,2,15,7,3,8,6,6,4,0
89,18,0,27,2,0,1,2,3,0,5,7,4,3,0
90,18,1,18,1,0.4,2.3,2.3,3,0,3.3,3.7,1,1,0
94,18,1,4,0.1,0.4,0.4,0.8,0.7,0.1,0.5,0.1,0.7,0.2,0
103,18,1,1,0.1,0.1,0.1,0.2,0.2,0,0.1,0.1,0.1,0,0
107,18,1,4,0.2,0.3,0.3,1,0.7,0.1,0.6,0.3,0.3,0.2,0
113,18,1,4,0.4,0.2,0.4,1.4,0.6,0.2,0.2,0.4,0.2,0,0
126,18,1,2,0,0.3,0.2,0.2,0.6,0,0.4,0.1,0.1,0.1,0
2,19,1,2,0.1,0.2,0.1,0.5,0.3,0.1,0.3,0.1,0.3,0,0
3,19,1,4,0.3,0.3,0.2,1,0.6,0.1,0.6,0.2,0.7,0,0
10,19,1,4,0.1,0.4,0.3,0.6,0.6,0.1,0.6,0.9,0.1,0.3,0
12,19,1,3,0,0.3,0.3,0.2,0.6,0,0.9,0.7,0,0,0
13,19,0,30.5,1,5,1.5,3,8,1,3,5,3,0,0
14,19,0,38.5,0,4.5,5,1,11,0,10,1,2,4,0
15,19,0,63,2,13,4,10,12,0,4,11,6,1,0
16,19,0,35,1,4,4,2,10,0,0,8,3,3,0
18,19,1,12,0.6,1.4,1.4,2.5,2.2,0.3,0.8,2.5,0.3,0,0
21,19,1,2,0.1,0.2,0.2,0.4,0.4,0.1,0.1,0.4,0.1,0,0
28,19,1,2,0,0.1,0.4,0.1,0.5,0,0.4,0.4,0.1,0,0
29,19,1,2,0,0.1,0.4,0.1,0.5,0,0.4,0.4,0.1,0,0
30,19,1,4,0.1,0.1,0.7,0.2,1.1,0.1,0.7,0.8,0.2,0,0
31,19,1,9,0.2,0.3,1.5,0.5,2.4,0.2,1.7,1.7,0.5,0,0
52,19,1,1,0,0.1,0.1,0.1,0.2,0.1,0.1,0.1,0.1,0.1,0
54,19,1,1,0,0.1,0.1,0.1,0.2,0.1,0.1,0.1,0.1,0.1,0
58,19,1,3,0.3,0.2,0.2,0.8,0.3,0,0.3,0.8,0.1,0,0
62,19,1,2,0.2,0.2,0.2,0.3,0.3,0,0.3,0.3,0.1,0.1,0
63,19,1,9,1,0.7,0.7,1.2,1.3,0.3,1.5,1.3,0.4,0.6,0
67,19,1,2,0.2,0.2,0.2,0.3,0.3,0,0.3,0.3,0.1,0.1,0
68,19,1,4,0.4,0.3,0.3,0.5,0.6,0.1,0.7,0.6,0.2,0.3,0
69,19,1,1,0.1,0.1,0.1,0.1,0.1,0,0.2,0.2,0,0.1,0
72,19,1,5,0,0.6,0.6,0.7,1.3,0.1,0.5,0.6,0.3,0.3,0
76,19,1,5,0,0.6,0.6,0.7,1.3,0.1,0.5,0.6,0.3,0.3,0
78,19,1,4,0,0.4,0.5,0.6,1.1,0.1,0.4,0.5,0.2,0.2,0
84,19,1,7,0.2,0.7,0.7,1.6,0.7,0.5,1,1.1,0.3,0.2,0
85,19,0,35,3,4,2,3,7,0,5,4,3,4,0
86,19,1,19,0.4,1.8,1.8,4.5,1.8,1.4,2.7,3.2,0.9,0.5,0
87,19,1,12,0.8,1.3,1.3,2.1,3,0,1.1,0.9,0.6,0.9,0
88,19,1,2,0.1,0.2,0.2,0.4,0.5,0,0.2,0.1,0.1,0.2,0
89,19,1,2,0.1,0.2,0.2,0.4,0.5,0,0.2,0.1,0.1,0.2,0
90,19,1,4,0.3,0.4,0.4,0.7,1,0,0.4,0.3,0.2,0.3,0
94,19,1,1,0,0.1,0.1,0.2,0.2,0,0.1,0,0.2,0.1,0
98,19,1,4,0.1,0.4,0.4,0.8,0.7,0.1,0.5,0.1,0.7,0.2,0
103,19,1,4,0.2,0.3,0.3,1,0.7,0.1,0.6,0.3,0.3,0.2,0
108,19,1,1,0.1,0.1,0.1,0.2,0.2,0,0.1,0.1,0.1,0,0
121,19,1,3,0.3,0.1,0.3,1.1,0.5,0.1,0.2,0.3,0.1,0,0
123,19,1,2,0,0.3,0.2,0.2,0.6,0,0.4,0.1,0.1,0.1,0
125,19,1,2,0,0.3,0.2,0.2,0.6,0,0.4,0.1,0.1,0.1,0
4,20,1,9,0.7,0.7,0.4,2.4,1.3,0.2,1.3,0.5,1.5,0,0
11,20,1,5,0.1,0.5,0.3,0.7,0.8,0.1,0.8,1.2,0.1,0.4,0
12,20,1,2,0,0.2,0.2,0.1,0.4,0,0.6,0.5,0,0,0
13,20,0,27,2,2,2,3,6,1,4,2,3,2,0
15,20,1,2,0,0.2,0.2,0.1,0.4,0,0.6,0.5,0,0,0
16,20,1,17,0,1.5,1.6,1,3.6,0,5.2,4.1,0,0,0
19,20,1,3,0.1,0.3,0.4,0.6,0.6,0.1,0.2,0.6,0.1,0,0
26,20,1,3,0.1,0.3,0.4,0.4,0.6,0.1,0.4,0.4,0.2,0.1,0
30,20,1,4,0.1,0.1,0.7,0.2,1.1,0.1,0.7,0.8,0.2,0,0
31,20,1,4,0.1,0.1,0.7,0.2,1.1,0.1,0.7,0.8,0.2,0,0
34,20,1,3,0.1,0.7,0.2,0.5,0.8,0.1,0.3,0.1,0.1,0.1,0
36,20,1,4,0.1,1,0.3,0.6,1.1,0.1,0.4,0.1,0.1,0.2,0
37,20,1,10,0.3,1.8,1.8,0.6,3.9,0.1,1.2,0,0.3,0,0
48,20,1,1,0,0,0,0.2,0.1,0,0.6,0.1,0,0,0
58,20,1,2,0.2,0.1,0.1,0.5,0.2,0,0.2,0.6,0.1,0,0
63,20,1,5,0.5,0.4,0.4,0.7,0.8,0.1,0.8,0.8,0.2,0.3,0
68,20,1,2,0.2,0.2,0.2,0.3,0.3,0,0.3,0.3,0.1,0.1,0
74,20,1,4,0,0.4,0.5,0.6,1.1,0.1,0.4,0.5,0.2,0.2,0
75,20,1,7,0,0.8,0.8,1,1.9,0.2,0.7,0.9,0.3,0.4,0
78,20,1,6,0,0.7,0.7,0.8,1.6,0.1,0.6,0.8,0.3,0.4,0
82,20,1,7,0.2,0.7,0.7,1.6,0.7,0.5,1,1.1,0.3,0.2,0
84,20,1,3,0.1,0.3,0.3,0.7,0.3,0.2,0.4,0.5,0.1,0.1,0
85,20,1,1,0,0.1,0.1,0.2,0.1,0.1,0.1,0.2,0.1,0,0
86,20,1,3,0.1,0.3,0.3,0.7,0.3,0.2,0.4,0.5,0.1,0.1,0
111,20,1,4,0.2,0.3,0.3,1,0.7,0.1,0.6,0.3,0.3,0.2,0
113,20,1,2,0.2,0.1,0.2,0.7,0.3,0.1,0.1,0.2,0.1,0,0
120,20,1,3,0.3,0.1,0.3,1.1,0.5,0.1,0.2,0.3,0.1,0,0
5,21,1,3,0.2,0.2,0.2,0.8,0.4,0.1,0.4,0.2,0.5,0,0
19,21,1,2,0.1,0.2,0.2,0.4,0.4,0.1,0.1,0.4,0.1,0,0
20,21,1,4,0.2,0.5,0.5,0.8,0.7,0.1,0.3,0.8,0.1,0,0
25,21,1,2,0.1,0.2,0.2,0.3,0.4,0.1,0.3,0.2,0.1,0.1,0
30,21,1,1,0,0,0.2,0.1,0.3,0,0.2,0.2,0,0,0
40,21,1,10,0.3,1.8,1.8,0.6,3.9,0.1,1.2,0,0.3,0,0
48,21,1,7,0,0.3,0.3,1.4,0.3,0,3.9,0.5,0.3,0,0
50,21,1,2,0,0.1,0.1,0.4,0.1,0,1.1,0.1,0.1,0,0
52,21,1,6,0.1,0.8,0.7,0.7,1.1,0.4,0.7,0.4,0.3,0.8,0
53,21,1,1,0,0.1,0.1,0.1,0.2,0.1,0.1,0.1,0.1,0.1,0
55,21,1,3,0.1,0.4,0.3,0.3,0.6,0.2,0.4,0.2,0.1,0.4,0
58,21,1,1,0.1,0,0.1,0.3,0.1,0,0.1,0.3,0,0,0
59,21,1,9,1,0.4,0.5,2.3,1,0.1,1,2.4,0.3,0,0
77,21,1,2,0,0.2,0.2,0.3,0.5,0.1,0.2,0.3,0.1,0.1,0
79,21,1,3,0,0.3,0.3,0.4,0.8,0.1,0.3,0.4,0.2,0.2,0
81,21,1,2,0,0.2,0.2,0.3,0.5,0.1,0.2,0.3,0.1,0.1,0
85,21,1,2,0,0.2,0.2,0.5,0.2,0.1,0.3,0.3,0.1,0.1,0
104,21,1,2,0.1,0.2,0.1,0.5,0.3,0.1,0.3,0.2,0.1,0.1,0
107,21,1,4,0.2,0.3,0.3,1,0.7,0.1,0.6,0.3,0.3,0.2,0
109,21,1,3,0.2,0.2,0.2,0.8,0.5,0.1,0.4,0.3,0.2,0.1,0
116,21,1,3,0.3,0.1,0.3,1.1,0.5,0.1,0.2,0.3,0.1,0,0
125,21,1,1,0,0.1,0.1,0.1,0.3,0,0.2,0.1,0,0.1,0
0,22,1,3,0.3,0.1,0.2,0.7,0.3,0.1,0.4,0.4,0.2,0.3,0
7,22,1,5,0.1,0.5,0.3,0.7,0.8,0.1,0.8,1.2,0.1,0.4,0
11,22,1,5,0.1,0.5,0.3,0.7,0.8,0.1,0.8,1.2,0.1,0.4,0
14,22,1,6,0,0.5,0.5,0.4,1.3,0,1.8,1.5,0,0,0
17,22,1,4,0.2,0.5,0.5,0.8,0.7,0.1,0.3,0.8,0.1,0,0
24,22,1,1,0,0.1,0.1,0.2,0.2,0,0.1,0.1,0.1,0.1,0
28,22,1,4,0.1,0.1,0.7,0.2,1.1,0.1,0.7,0.8,0.2,0,0
31,22,1,23,0.4,0.9,3.9,1.3,6.1,0.4,4.3,4.4,1.3,0,0
32,22,1,2,0,0.5,0.1,0.3,0.5,0.1,0.2,0.1,0.1,0.1,0
40,22,1,28,0.7,5,5,1.8,11.1,0.4,3.3,0,0.7,0,0
43,22,1,2,0,0.3,0.1,0,0.6,0,0.1,0.6,0.2,0.1,0
48,22,1,11,0,0.4,0.4,2.2,0.5,0,6.2,0.9,0.4,0,0
49,22,1,2,0,0.1,0.1,0.4,0.1,0,1.1,0.1,0.1,0,0
58,22,1,5,0.5,0.2,0.3,1.3,0.5,0.1,0.5,1.4,0.2,0,0
61,22,1,4,0.4,0.2,0.2,1,0.4,0.1,0.4,1.1,0.2,0,0
62,22,1,2,0.2,0.2,0.2,0.3,0.3,0,0.3,0.3,0.1,0.1,0
71,22,1,3,0.3,0.2,0.2,0.4,0.5,0.1,0.5,0.5,0.1,0.2,0
72,22,1,7,0,0.8,0.8,1,1.9,0.2,0.7,0.9,0.3,0.4,0
73,22,1,1,0,0.1,0.1,0.1,0.3,0,0.1,0.1,0.1,0.1,0
90,22,1,2,0.1,0.2,0.2,0.4,0.5,0,0.2,0.1,0.1,0.2,0
93,22,1,1,0,0.1,0.1,0.2,0.2,0,0.1,0,0.2,0.1,0
94,22,1,5,0.1,0.5,0.5,1,0.9,0.1,0.6,0.1,0.9,0.3,0
97,22,1,3,0,0.3,0.3,0.6,0.5,0.1,0.4,0.1,0.5,0.2,0
116,22,1,2,0.2,0.1,0.2,0.7,0.3,0.1,0.1,0.2,0.1,0,0
125,22,1,9,0.2,1.2,1,0.7,2.6,0.2,1.9,0.5,0.2,0.5,0
126,22,1,5,0.1,0.7,0.5,0.4,1.4,0.1,1.1,0.3,0.1,0.3,0
0,23,1,2,0.2,0.1,0.1,0.4,0.2,0.1,0.3,0.3,0.1,0.2,0
3,23,1,11,0.8,0.8,0.5,3,1.6,0.3,1.6,0.5,1.9,0,0
5,23,1,12,0.9,0.9,0.6,3.2,1.7,0.3,1.8,0.6,2,0,0
11,23,1,1,0,0.1,0.1,0.1,0.2,0,0.2,0.2,0,0.1,0
15,23,1,3,0,0.3,0.3,0.2,0.6,0,0.9,0.7,0,0,0
20,23,1,16,0.7,1.9,1.9,3.3,3,0.4,1.1,3.3,0.4,0,0
25,23,1,3,0.1,0.3,0.4,0.4,0.6,0.1,0.4,0.4,0.2,0.1,0
31,23,0,69.5,1,6.5,4,18,9,6,6,5,14,0,0
32,23,1,31,0.6,7.6,2.3,4.7,8.2,1.1,2.9,1.2,1.2,1.2,0
33,23,1,5,0.1,1.2,0.4,0.7,1.3,0.2,0.5,0.2,0.2,0.2,0
35,23,1,1,0,0.3,0.1,0.2,0.3,0,0.1,0,0,0,0
39,23,1,19,0.5,3.4,3.4,1.2,7.5,0.2,2.3,0,0.5,0,0
40,23,1,5,0.1,0.9,0.9,0.3,2,0.1,0.6,0,0.1,0,0
41,23,1,4,0.1,0.7,0.7,0.3,1.6,0,0.5,0,0.1,0,0
51,23,1,2,0,0.1,0.1,0.4,0.1,0,1.1,0.1,0.1,0,0
52,23,1,4,0.1,0.5,0.4,0.5,0.7,0.3,0.5,0.3,0.2,0.5,0
60,23,1,3,0.3,0.2,0.2,0.8,0.3,0,0.3,0.8,0.1,0,0
61,23,1,28,3,1.3,1.5,7.1,3.1,0.3,3.1,7.6,1,0,0
62,23,1,3,0.3,0.2,0.2,0.4,0.5,0.1,0.5,0.5,0.1,0.2,0
63,23,1,28,3,2.3,2.3,3.8,4.2,0.7,4.5,4.2,1.1,1.9,0
69,23,1,6,0.6,0.5,0.5,0.8,0.9,0.2,1,0.9,0.2,0.4,0
77,23,1,2,0,0.2,0.2,0.3,0.5,0.1,0.2,0.3,0.1,0.1,0
102,23,1,7,0.4,0.6,0.5,1.8,1.2,0.2,1,0.6,0.4,0.3,0
112,23,1,2,0.2,0.1,0.2,0.7,0.3,0.1,0.1,0.2,0.1,0,0
118,23,1,4,0.4,0.2,0.4,1.4,0.6,0.2,0.2,0.4,0.2,0,0
10,24,1,1,0,0.1,0.1,0.2,0.2,0,0.1,0.1,0.1,0.1,0
11,24,1,4,0.2,0.4,0.5,0.7,0.8,0.1,0.2,0.4,0.5,0.2,0
26,24,1,4,0,0.8,0.2,0.7,0.6,0.2,0.2,0.6,0.5,0.2,0
27,24,1,1,0.1,0,0.1,0.2,0.2,0,0.1,0.2,0.1,0,0
29,24,1,3.5,0.3,0.1,0.3,0.7,0.6,0,0.4,0.5,0.5,0.1,0
31,24,0,74,5,12,5,21,12,3,10,1,4,1,0
32,24,0,72,4,11,6,12,17,1,8,3,7,3,0
33,24,1,26.5,1.5,3.3,2,5.6,5.6,1.5,1.8,2.6,2.2,0.4,0
36,24,1,20,1.1,2.5,1.5,4.2,4.2,1.1,1.4,2,1.7,0.3,0
45,24,1,2,0.1,0.2,0.2,0.3,0.3,0,0.3,0.4,0.1,0.1,0
46,24,1,5,0.3,0.4,0.5,0.8,0.8,0.1,0.7,0.9,0.2,0.3,0
54,24,1,6.5,0.7,0.5,0.5,1.6,1.1,0.2,0.5,0.2,0.7,0.5,0
56,24,1,2,0.2,0.1,0.2,0.5,0.3,0,0.2,0.1,0.2,0.2,0
58,24,1,5,0.1,0.6,0.3,1,0.9,0.2,0.6,0.7,0.3,0.3,0
59,24,1,6,0.2,0.7,0.4,1.2,1,0.2,0.7,0.9,0.3,0.4,0
60,24,1,20,0.6,2.3,1.3,4,3.5,0.8,2.3,2.9,1,1.3,0
61,24,0,24,0,5,5,1,6,0,2,4,0,1,0
62,24,0,45,0,8,4,3,15,1,6,4,1,3,0
63,24,0,42,0,3,8,1,10,0,7,7,0,6,0
64,24,1,15,1,1,0.5,2.6,1.6,0,2.1,4.2,1,1,0
66,24,1,6,0.4,0.4,0.2,1.1,0.6,0,0.8,1.7,0.4,0.4,0
67,24,1,2,0,0.1,0.1,0.5,0.3,0.1,0.5,0.2,0.2,0,0
68,24,1,2,0,0.1,0.1,0.5,0.3,0.1,0.5,0.2,0.2,0,0
70,24,1,1,0,0.1,0.1,0.2,0.2,0,0.2,0.1,0.1,0,0
74,24,1,2,0.1,0.1,0.2,0.4,0.6,0.2,0.1,0.1,0.2,0,0
75,24,1,2,0.1,0.1,0.2,0.4,0.6,0.2,0.1,0.1,0.2,0,0
79,24,1,3,0.2,0.2,0.1,0.8,0.8,0.1,0.2,0.2,0.3,0.1,0
85,24,1,2,0.2,0.2,0.3,0.3,0.4,0,0.3,0.1,0.1,0.1,0
96,24,1,2,0,0.2,0.3,0.3,0.4,0,0.2,0.3,0.2,0.1,0
105,24,1,2,0.1,0.3,0.2,0.3,0.4,0,0.1,0.3,0.2,0.1,0
127,24,1,5,0.2,0.9,0.6,0.4,1.7,0,0.2,0.2,0.4,0.4,0
2,25,1,11,0.5,1.1,1.5,2,2.2,0.2,0.5,1.1,1.3,0.6,0
3,25,1,1,0,0.1,0.1,0.2,0.2,0,0.1,0.1,0.1,0.1,0
11,25,1,10,0.5,1,1.3,1.8,2,0.2,0.5,1,1.2,0.5,0
17,25,1,5,0.1,0.7,0.3,0.8,0.8,0.3,0.8,0.5,0.6,0.1,0
22,25,1,2,0,0.4,0.1,0.4,0.3,0.1,0.1,0.3,0.2,0.1,0
25,25,1,2,0,0.4,0.1,0.4,0.3,0.1,0.1,0.3,0.2,0.1,0
32,25,1,2,0.1,0.3,0.2,0.4,0.4,0.1,0.1,0.2,0.2,0,0
36,25,1,2,0.1,0.3,0.2,0.4,0.4,0.1,0.1,0.2,0.2,0,0
37,25,1,2,0,0,0.2,0.6,0.3,0.1,0.2,0.3,0.2,0.1,0
48,25,1,4,0.2,0.3,0.4,0.6,0.7,0.1,0.5,0.8,0.2,0.2,0
55,25,1,4,0.4,0.3,0.3,1,0.7,0.1,0.3,0.1,0.5,0.3,0
56,25,1,3,0.3,0.2,0.2,0.7,0.5,0.1,0.3,0.1,0.3,0.3,0
58,25,1,21,0.6,2.4,1.3,4.2,3.7,0.9,2.4,3.1,1.1,1.3,0
59,25,0,38.5,2,2,4,5,5,1.5,5,9,2,3,0
60,25,0,33,2,1,1,4,7,0,4,7,0,7,0
61,25,0,74,1,5,6,7,18,0,13,9,5,10,0
62,25,0,45,1,2,3,5,10,0,6,11,3,4,0
65,25,1,1,0,0.1,0,0.2,0.1,0,0.1,0.3,0.1,0.1,0
78,25,1,3,0.2,0.2,0.1,0.8,0.8,0.1,0.2,0.2,0.3,0.1,0
79,25,1,4,0.3,0.3,0.1,1.1,1.1,0.1,0.3,0.2,0.4,0.1,0
87,25,1,4,0.4,0.3,0.6,0.6,0.8,0,0.6,0.2,0.2,0.3,0
93,25,1,6,0.1,0.6,0.8,0.9,1.3,0.2,0.6,0.8,0.5,0.2,0
105,25,1,6,0.3,0.8,0.7,0.8,1.2,0.1,0.4,0.8,0.5,0.4,0
123,25,1,3,0.1,0.6,0.4,0.2,1.1,0,0.1,0.1,0.2,0.2,0
5,26,1,8,0.4,0.8,1.1,1.5,1.6,0.1,0.4,0.8,0.9,0.4,0
7,26,1,5,0.2,0.5,0.7,0.9,1,0.1,0.2,0.5,0.6,0.3,0
8,26,1,1,0,0.1,0.1,0.2,0.2,0,0.1,0.1,0.1,0.1,0
10,26,1,9,0.4,0.9,1.2,1.7,1.8,0.1,0.5,0.9,1,0.5,0
12,26,1,2,0.1,0.3,0.1,0.3,0.3,0.1,0.3,0.2,0.3,0,0
13,26,1,5,0.1,0.7,0.3,0.8,0.8,0.3,0.8,0.5,0.6,0.1,0
18,26,1,5,0.1,0.7,0.3,0.8,0.8,0.3,0.8,0.5,0.6,0.1,0
28,26,1,5,0.4,0.2,0.4,1,0.8,0.1,0.6,0.7,0.7,0.1,0
32,26,1,3,0.2,0.4,0.2,0.6,0.6,0.2,0.2,0.3,0.3,0,0
38,26,1,3,0,0,0.2,0.8,0.5,0.1,0.4,0.5,0.4,0.1,0
41,26,1,8,0,0,0.6,2.2,1.3,0.3,1,1.3,1,0.3,0
48,26,1,1,0,0.1,0.1,0.2,0.2,0,0.1,0.2,0,0.1,0
51,26,1,2,0.1,0.2,0.2,0.3,0.3,0,0.3,0.4,0.1,0.1,0
53,26,1,6,0.6,0.4,0.5,1.5,1,0.2,0.5,0.2,0.6,0.5,0
54,26,1,8,0.9,0.5,0.6,2,1.3,0.2,0.7,0.2,0.9,0.7,0
59,26,1,8,0.3,0.9,0.5,1.6,1.4,0.3,0.9,1.2,0.4,0.5,0
61,26,0,33,2,4,0,4,6,1,2,8,3,3,0
62,26,1,3,0.2,0.2,0.1,0.5,0.3,0,0.4,0.9,0.2,0.2,0
70,26,1,2,0,0.1,0.1,0.5,0.3,0.1,0.5,0.2,0.2,0,0
81,26,1,4,0.3,0.3,0.1,1.1,1.1,0.1,0.3,0.2,0.4,0.1,0
88,26,1,5,0.5,0.4,0.7,0.8,1,0.1,0.8,0.2,0.2,0.3,0
90,26,1,2,0.2,0.2,0.3,0.3,0.4,0,0.3,0.1,0.1,0.1,0
109,26,1,4,0.2,0.5,0.4,0.5,0.8,0.1,0.3,0.5,0.4,0.3,0
114,26,1,3,0.1,0.2,0.2,0.6,0.6,0.1,0.2,0.4,0.6,0,0
9,27,1,1,0,0.1,0.1,0.2,0.2,0,0.1,0.1,0.1,0.1,0
12,27,1,3,0.1,0.4,0.2,0.5,0.5,0.1,0.5,0.3,0.4,0,0
13,27,1,5,0.1,0.7,0.3,0.8,0.8,0.3,0.8,0.5,0.6,0.1,0
14,27,1,2,0.1,0.3,0.1,0.3,0.3,0.1,0.3,0.2,0.3,0,0
17,27,1,7.5,0.2,1,0.4,1.2,1.2,0.4,1.2,0.8,1,0.1,0
20,27,1,6,0.2,0.8,0.3,0.9,1,0.3,1,0.6,0.8,0.1,0
21,27,1,2,0.1,0.3,0.1,0.3,0.3,0.1,0.3,0.2,0.3,0,0
22,27,1,9,0.1,1.9,0.3,1.5,1.3,0.5,0.5,1.4,1,0.5,0
23,27,1,13,0.1,2.7,0.5,2.2,1.9,0.7,0.7,2,1.5,0.7,0
26,27,1,7,0.1,1.4,0.3,1.2,1,0.4,0.4,1,0.8,0.4,0
27,27,1,22,1.7,0.8,1.7,4.6,3.6,0.3,2.7,3.3,3,0.3,0
28,27,1,2,0.2,0.1,0.2,0.4,0.3,0,0.2,0.3,0.3,0,0
32,27,1,5,0.3,0.6,0.4,1,1,0.3,0.4,0.5,0.4,0.1,0
33,27,1,7,0.4,0.9,0.5,1.4,1.5,0.4,0.5,0.7,0.6,0.1,0
36,27,1,2,0.1,0.3,0.2,0.4,0.4,0.1,0.1,0.2,0.2,0,0
39,27,1,3,0,0,0.2,0.8,0.5,0.1,0.4,0.5,0.4,0.1,0
45,27,1,5,0.3,0.4,0.5,0.8,0.8,0.1,0.7,0.9,0.2,0.3,0
47,27,1,6,0.3,0.4,0.6,1,1,0.1,0.8,1.1,0.3,0.4,0
51,27,1,4,0.2,0.3,0.4,0.6,0.7,0.1,0.5,0.8,0.2,0.2,0
52,27,1,7,0.7,0.5,0.6,1.7,1.1,0.2,0.6,0.2,0.8,0.6,0
58,27,1,2,0.1,0.2,0.1,0.4,0.4,0.1,0.2,0.3,0.1,0.1,0
60,27,1,2,0.1,0.2,0.1,0.4,0.4,0.1,0.2,0.3,0.1,0.1,0
61,27,1,12,0.4,1.4,0.7,2.4,2.1,0.5,1.4,1.7,0.6,0.8,0
67,27,1,2,0,0.1,0.1,0.5,0.3,0.1,0.5,0.2,0.2,0,0
77,27,1,2,0.2,0.1,0.1,0.5,0.5,0.1,0.2,0.1,0.2,0,0
83,27,1,3,0.3,0.2,0.5,0.5,0.6,0,0.5,0.1,0.1,0.2,0
88,27,1,3,0.3,0.2,0.5,0.5,0.6,0,0.5,0.1,0.1,0.2,0
90,27,1,3,0.3,0.2,0.5,0.5,0.6,0,0.5,0.1,0.1,0.2,0
92,27,1,6,0.1,0.6,0.8,0.9,1.3,0.2,0.6,0.8,0.5,0.2,0
97,27,1,2,0,0.2,0.3,0.3,0.4,0,0.2,0.3,0.2,0.1,0
100,27,1,2,0,0.2,0.3,0.3,0.4,0,0.2,0.3,0.2,0.1,0
105,27,1,5,0.2,0.7,0.6,0.7,1,0.1,0.3,0.7,0.4,0.3,0
109,27,1,3,0.1,0.4,0.3,0.4,0.6,0.1,0.2,0.4,0.3,0.2,0
121,27,1,1,0,0.1,0.1,0.2,0.2,0,0.1,0.1,0.2,0,0
5,28,1,9,0.4,0.9,1.2,1.7,1.8,0.1,0.5,0.9,1,0.5,0
13,28,1,11,0.3,1.5,0.6,1.7,1.8,0.6,1.8,1.1,1.4,0.2,0
21,28,1,4,0.1,0.6,0.2,0.6,0.6,0.2,0.7,0.4,0.5,0.1,0
23,28,1,16.5,0.2,3.4,0.6,2.8,2.5,0.9,0.9,2.5,1.8,0.9,0
24,28,0,72,4,6,9,7,18,0,11,11,4,2,0
25,28,0,45,4,4.5,0,9,11,1,5,3,2.5,5,0
26,28,0,54,3,4,0,12,5,2,8,11,5,4,0
27,28,1,10,0.7,0.4,0.8,2.1,1.7,0.1,1.2,1.5,1.4,0.1,0
28,28,1,2,0.2,0.1,0.2,0.4,0.3,0,0.2,0.3,0.3,0,0
29,28,1,4,0.3,0.1,0.3,0.8,0.7,0.1,0.5,0.6,0.5,0.1,0
33,28,1,1,0,0.1,0.1,0.2,0.2,0.1,0.1,0.1,0.1,0,0
34,28,1,3,0.2,0.4,0.2,0.6,0.6,0.2,0.2,0.3,0.3,0,0
37,28,1,7,0,0,0.6,2,1.1,0.3,0.8,1.1,0.8,0.3,0
39,28,1,2,0,0,0.2,0.6,0.3,0.1,0.2,0.3,0.2,0.1,0
51,28,1,2,0.1,0.2,0.2,0.3,0.3,0,0.3,0.4,0.1,0.1,0
58,28,1,5,0.1,0.6,0.3,1,0.9,0.2,0.6,0.7,0.3,0.3,0
59,28,1,1,0,0.1,0.1,0.2,0.2,0,0.1,0.1,0.1,0.1,0
61,28,1,14,0.4,1.6,0.9,2.8,2.5,0.6,1.6,2,0.7,0.9,0
62,28,1,4,0.3,0.3,0.1,0.7,0.4,0,0.5,1.1,0.3,0.3,0
67,28,1,1,0,0.1,0.1,0.2,0.2,0,0.2,0.1,0.1,0,0
68,28,1,2,0,0.1,0.1,0.5,0.3,0.1,0.5,0.2,0.2,0,0
69,28,1,3,0,0.1,0.2,0.7,0.5,0.1,0.7,0.4,0.3,0,0
73,28,1,11.5,0.3,0.7,1.1,2.5,3.5,1.1,0.7,0.4,1.2,0,0
74,28,1,17,0.5,1,1.6,3.7,5.2,1.6,1.1,0.5,1.8,0,0
80,28,1,4,0.3,0.3,0.1,1.1,1.1,0.1,0.3,0.2,0.4,0.1,0
83,28,1,2,0.2,0.2,0.3,0.3,0.4,0,0.3,0.1,0.1,0.1,0
97,28,1,4,0.1,0.4,0.5,0.7,0.9,0.1,0.4,0.5,0.3,0.1,0
105,28,1,6,0.3,0.8,0.7,0.8,1.2,0.1,0.4,0.8,0.5,0.4,0
107,28,1,2,0.1,0.3,0.2,0.3,0.4,0,0.1,0.3,0.2,0.1,0
108,28,1,3,0.1,0.4,0.3,0.4,0.6,0.1,0.2,0.4,0.3,0.2,0
113,28,1,3,0.1,0.2,0.2,0.6,0.6,0.1,0.2,0.4,0.6,0,0
119,28,1,2,0.1,0.1,0.1,0.4,0.4,0.1,0.2,0.2,0.4,0,0
124,28,1,1,0,0.2,0.1,0.1,0.4,0,0,0,0.1,0.1,0
0,29,1,5,0.2,0.8,0.7,1.1,1.1,0.3,0.2,0.1,0.4,0.1,0
6,29,1,4,0.4,0.2,0.4,0.9,0.4,0.2,0.6,0.5,0.2,0.2,0
7,29,1,2,0,0.1,0.1,0.4,0.3,0,0.5,0.3,0.2,0.1,0
8,29,0,35.5,3.5,4,5,7,7,0.5,3,5,0.5,0,0
9,29,1,3,0,0.2,0.1,0.6,0.5,0.1,0.8,0.4,0.2,0.1,0
10,29,1,2,0,0.1,0.1,0.4,0.3,0,0.5,0.3,0.2,0.1,0
23,29,1,26,1.1,4.1,1.9,4.1,7,0.7,2.5,2.4,2,0.2,0
24,29,0,40,2,8,2,4,10,2,6,2,3,1,0
25,29,1,8,0.3,1.3,0.6,1.3,2.2,0.2,0.8,0.7,0.6,0,0
26,29,1,11,0.5,1.7,0.8,1.7,3,0.3,1.1,1,0.8,0.1,0
27,29,1,8,0.6,0.3,0.6,1.7,1.3,0.1,1,1.2,1.1,0.1,0
41,29,1,4,0.2,0.7,0,0.8,0.9,0,0.3,0.6,0.4,0.1,0
51,29,1,6,0.3,0.4,0.6,1,1,0.1,0.8,1.1,0.3,0.4,0
52,29,1,2,0.1,0.1,0,0.5,0.3,0,0.6,0,0.2,0.2,0
62,29,1,1,0,0.1,0.1,0.2,0.2,0,0.2,0.1,0.1,0,0
66,29,1,2,0,0.1,0.1,0.5,0.3,0.1,0.5,0.2,0.2,0,0
74,29,1,1,0.1,0.1,0,0.3,0.3,0,0.1,0,0.1,0,0
78,29,1,6,0.5,0.4,0.2,1.6,1.6,0.2,0.5,0.3,0.6,0.1,0
82,29,1,5,0.5,0.4,0.7,0.8,1,0.1,0.8,0.2,0.2,0.3,0
97,29,1,4,0.1,0.4,0.5,0.7,0.9,0.1,0.4,0.5,0.3,0.1,0
116,29,1,4,0.2,0.3,0.3,0.8,0.8,0.1,0.3,0.5,0.7,0,0
125,29,1,3,0.1,0.6,0.4,0.2,1.1,0,0.1,0.1,0.2,0.2,0
1,30,1,1,0.1,0.2,0.1,0.2,0.2,0.1,0,0,0.1,0,0
2,30,1,2,0.2,0.1,0.2,0.4,0.2,0.1,0.3,0.3,0.1,0.1,0
3,30,1,5,0.4,0.3,0.5,1.1,0.5,0.3,0.8,0.7,0.2,0.2,0
4,30,1,2,0.2,0.1,0.2,0.4,0.2,0.1,0.3,0.3,0.1,0.1,0
6,30,1,4,0.4,0.2,0.4,0.9,0.4,0.2,0.6,0.5,0.2,0.2,0
7,30,1,28,0.6,1.7,0.6,5.7,4.5,0.6,7.4,4,2.3,0.6,0
8,30,1,3,0,0.2,0.1,0.6,0.5,0.1,0.8,0.4,0.2,0.1,0
11,30,1,3,0,0.2,0.1,0.6,0.5,0.1,0.8,0.4,0.2,0.1,0
20,30,1,4,0.1,0.6,0.2,0.6,0.6,0.2,0.7,0.4,0.5,0.1,0
23,30,1,31,1.3,4.9,2.2,4.9,8.4,0.9,3,2.8,2.4,0.2,0
24,30,1,2,0.1,0.3,0.1,0.3,0.5,0.1,0.2,0.2,0.2,0,0
31,30,1,1,0.1,0,0.1,0.2,0.2,0,0.1,0.2,0.1,0,0
36,30,1,2,0.1,0.4,0,0.4,0.4,0,0.1,0.3,0.2,0.1,0
43,30,1,2,0.1,0.2,0.2,0.3,0.3,0,0.3,0.4,0.1,0.1,0
45,30,1,2,0.1,0.2,0.2,0.3,0.3,0,0.3,0.4,0.1,0.1,0
48,30,1,1,0,0.1,0.1,0.2,0.2,0,0.1,0.2,0,0.1,0
49,30,1,1,0,0.1,0.1,0.2,0.2,0,0.1,0.2,0,0.1,0
52,30,1,9,0.7,0.4,0,2.3,1.5,0,2.6,0,0.7,0.8,0
56,30,1,2,0.1,0.1,0,0.5,0.3,0,0.6,0,0.2,0.2,0
59,30,1,5,0.4,0.6,0.4,0.6,1.1,0,0.6,0.7,0.2,0.4,0
60,30,1,1,0.1,0.1,0.1,0.1,0.2,0,0.1,0.1,0.1,0.1,0
91,30,1,6,0.6,0.5,0.9,0.9,1.2,0.1,0.9,0.3,0.2,0.4,0
95,30,1,4,0.1,0.4,0.5,0.7,0.9,0.1,0.4,0.5,0.3,0.1,0
101,30,1,3,0.1,0.3,0.4,0.5,0.6,0.1,0.3,0.4,0.2,0.1,0
104,30,1,2,0.1,0.3,0.2,0.3,0.4,0,0.1,0.3,0.2,0.1,0
114,30,1,1,0,0.1,0.1,0.2,0.2,0,0.1,0.1,0.2,0,0
115,30,1,9,0.4,0.6,0.6,1.9,1.9,0.2,0.6,1.1,1.7,0,0
2,31,1,5,0.4,0.3,0.5,1.1,0.5,0.3,0.8,0.7,0.2,0.2,0
3,31,1,7.5,0.7,0.4,0.7,1.8,0.7,0.4,1.2,1,0.3,0.3,0
4,31,1,2,0.2,0.1,0.2,0.4,0.2,0.1,0.3,0.3,0.1,0.1,0
7,31,0,33,0,3,3,2,11,0,2,9,1,2,0
22,31,0,75,1,17.5,7,9,21,0,7,3,8.5,1,0
23,31,0,83,2,19,10,11,31,1,3,0,6,0,0
33,31,1,5,0.3,0.9,0,0.9,1.1,0,0.3,0.8,0.5,0.2,0
42,31,1,2,0.1,0.2,0.2,0.3,0.3,0,0.3,0.4,0.1,0.1,0
44,31,1,2,0.1,0.2,0.2,0.3,0.3,0,0.3,0.4,0.1,0.1,0
51,31,1,6,0.3,0.4,0.6,1,1,0.1,0.8,1.1,0.3,0.4,0
55,31,1,4,0.3,0.2,0,1,0.7,0,1.2,0,0.3,0.3,0
70,31,1,3,0,0.1,0.2,0.7,0.5,0.1,0.7,0.4,0.3,0,0
72,31,1,5,0.4,0.3,0.2,1.4,1.3,0.2,0.4,0.2,0.5,0.1,0
73,31,1,3,0.2,0.2,0.1,0.8,0.8,0.1,0.2,0.2,0.3,0.1,0
75,31,1,3,0.2,0.2,0.1,0.8,0.8,0.1,0.2,0.2,0.3,0.1,0
77,31,1,6,0.5,0.4,0.2,1.6,1.6,0.2,0.5,0.3,0.6,0.1,0
81,31,1,8,0.6,0.5,0.3,2.2,2.1,0.3,0.7,0.4,0.8,0.1,0
82,31,1,4,0.4,0.3,0.6,0.6,0.8,0,0.6,0.2,0.2,0.3,0
85,31,1,13,1.3,1.1,2,2,2.5,0.2,2,0.5,0.5,0.9,0
90,31,1,7,0.7,0.6,1,1.1,1.3,0.1,1.1,0.3,0.3,0.5,0
91,31,1,2,0.2,0.2,0.3,0.3,0.4,0,0.3,0.1,0.1,0.1,0
98,31,1,3,0.1,0.3,0.4,0.5,0.6,0.1,0.3,0.4,0.2,0.1,0
111,31,1,2,0.1,0.3,0.2,0.3,0.4,0,0.1,0.3,0.2,0.1,0
113,31,1,9,0.4,0.6,0.6,1.9,1.9,0.2,0.6,1.1,1.7,0,0
114,31,1,6,0.3,0.4,0.4,1.3,1.3,0.1,0.4,0.7,1.1,0,0
120,31,1,6,0.3,0.5,0.9,0.9,1,0.2,0,1.2,0.8,0.2,0
125,31,1,4,0.1,0.8,0.5,0.3,1.4,0,0.1,0.2,0.3,0.3,0
0,32,1,17,0.9,2.7,2.4,3.7,3.7,0.9,0.6,0.3,1.5,0.3,0
3,32,1,4,0.4,0.2,0.4,0.9,0.4,0.2,0.6,0.5,0.2,0.2,0
6,32,1,4,0.4,0.2,0.4,0.9,0.4,0.2,0.6,0.5,0.2,0.2,0
7,32,1,6,0.1,0.4,0.1,1.2,1,0.1,1.6,0.9,0.5,0.1,0
16,32,1,3,0.1,0.4,0.2,0.5,0.5,0.1,0.5,0.3,0.4,0,0
17,32,1,3,0.1,0.4,0.2,0.5,0.5,0.1,0.5,0.3,0.4,0,0
19,32,1,2,0.1,0.3,0.1,0.3,0.3,0.1,0.3,0.2,0.3,0,0
22,32,1,19,0.8,3,1.4,3,5.1,0.5,1.9,1.7,1.5,0.1,0
23,32,1,30,1.2,4.8,2.2,4.8,8.1,0.8,2.9,2.7,2.3,0.2,0
24,32,1,5.5,0.2,0.9,0.4,0.9,1.5,0.2,0.5,0.5,0.4,0,0
25,32,1,7,0.3,1.1,0.5,1.1,1.9,0.2,0.7,0.6,0.5,0.1,0
37,32,1,2,0.1,0.4,0,0.4,0.4,0,0.1,0.3,0.2,0.1,0
38,32,1,3,0.2,0.5,0,0.6,0.6,0,0.2,0.5,0.3,0.1,0
42,32,1,2,0.1,0.2,0.2,0.3,0.3,0,0.3,0.4,0.1,0.1,0
44,32,1,5,0.3,0.4,0.5,0.8,0.8,0.1,0.7,0.9,0.2,0.3,0
45,32,1,5,0.3,0.4,0.5,0.8,0.8,0.1,0.7,0.9,0.2,0.3,0
49,32,1,2,0.1,0.2,0.2,0.3,0.3,0,0.3,0.4,0.1,0.1,0
53,32,1,2,0.1,0.1,0,0.5,0.3,0,0.6,0,0.2,0.2,0
60,32,1,2,0.2,0.2,0.2,0.2,0.4,0,0.2,0.3,0.1,0.2,0
64,32,1,5,0,0.2,0.4,1.1,0.8,0.2,1.1,0.6,0.6,0,0
77,32,1,2,0.2,0.1,0.1,0.5,0.5,0.1,0.2,0.1,0.2,0,0
85,32,1,5,0.5,0.4,0.7,0.8,1,0.1,0.8,0.2,0.2,0.3,0
91,32,1,6,0.6,0.5,0.9,0.9,1.2,0.1,0.9,0.3,0.2,0.4,0
103,32,1,5,0.2,0.7,0.6,0.7,1,0.1,0.3,0.7,0.4,0.3,0
114,32,1,5,0.2,0.4,0.4,1,1,0.1,0.4,0.6,0.9,0,0
123,32,1,6,0.2,1.1,0.7,0.5,2.1,0,0.2,0.2,0.5,0.5,0
124,32,1,3,0.1,0.6,0.4,0.2,1.1,0,0.1,0.1,0.2,0.2,0
4,33,1,4,0.4,0.2,0.4,0.9,0.4,0.2,0.6,0.5,0.2,0.2,0
6,33,1,8,0.7,0.5,0.8,1.8,0.8,0.5,1.2,1.1,0.3,0.3,0
9,33,1,2,0,0.1,0.1,0.4,0.3,0,0.5,0.3,0.2,0.1,0
24,33,1,4,0.2,0.6,0.3,0.6,1.1,0.1,0.4,0.4,0.3,0,0
25,33,1,1,0,0.1,0.1,0.2,0.3,0,0.1,0.1,0.1,0,0
30,33,1,6,0.4,0.2,0.5,1.3,1,0.1,0.7,0.9,0.8,0.1,0
31,33,1,2,0.2,0.1,0.2,0.4,0.3,0,0.2,0.3,0.3,0,0
32,33,1,13,0.8,2.4,0,2.5,2.9,0,0.8,2,1.2,0.4,0
34,33,1,1,0.1,0.2,0,0.2,0.2,0,0.1,0.1,0.1,0,0
39,33,1,2,0.1,0.4,0,0.4,0.4,0,0.1,0.3,0.2,0.1,0
46,33,1,1,0,0.1,0.1,0.2,0.2,0,0.1,0.2,0,0.1,0
53,33,1,3,0.2,0.1,0,0.8,0.5,0,0.9,0,0.2,0.3,0
56,33,1,2,0.1,0.1,0,0.5,0.3,0,0.6,0,0.2,0.2,0
57,33,1,2,0.2,0.2,0.2,0.2,0.4,0,0.2,0.3,0.1,0.2,0
58,33,1,7,0.6,0.8,0.6,0.9,1.4,0,0.9,0.9,0.3,0.6,0
59,33,1,3,0.2,0.4,0.2,0.4,0.6,0,0.4,0.4,0.1,0.3,0
61,33,1,4,0.3,0.5,0.3,0.5,0.8,0,0.5,0.5,0.2,0.4,0
75,33,1,2,0.2,0.1,0.1,0.5,0.5,0.1,0.2,0.1,0.2,0,0
76,33,1,5,0.4,0.3,0.2,1.4,1.3,0.2,0.4,0.2,0.5,0.1,0
101,33,1,2,0,0.2,0.3,0.3,0.4,0,0.2,0.3,0.2,0.1,0
103,33,1,2,0.1,0.3,0.2,0.3,0.4,0,0.1,0.3,0.2,0.1,0
110,33,1,1,0.1,0.1,0.1,0.1,0.2,0,0.1,0.1,0.1,0.1,0
111,33,1,2,0.1,0.3,0.2,0.3,0.4,0,0.1,0.3,0.2,0.1,0
118,33,1,15,0.9,1.3,2.1,2.2,2.6,0.4,0,3,2.1,0.4,0
119,33,1,14,0.8,1.2,2,2,2.4,0.4,0,2.8,2,0.4,0
126,33,1,7,0.3,1.4,0.8,0.5,2.4,0,0.3,0.3,0.5,0.5,0
5,34,1,10,0.3,1.1,1.5,1.8,2.3,0.1,0.8,1.1,0.4,0.6,0
7,34,1,3,0.1,0.5,0.1,0.6,0.8,0,0.5,0.2,0.2,0,0
10,34,1,2,0.1,0.3,0.1,0.4,0.5,0,0.3,0.2,0.1,0,0
11,34,1,1,0,0.1,0,0.2,0.3,0,0.2,0.1,0.1,0,0
16,34,1,4,0.2,0.5,0.2,0.6,1.1,0.1,0.4,0.2,0.4,0.3,0
22,34,1,2,0.2,0.3,0.2,0.3,0.4,0.1,0,0.3,0.1,0.1,0
26,34,1,9,0.8,1.3,1,1.3,2,0.5,0,1.3,0.5,0.3,0
31,34,1,4,0.3,0.2,0,0.6,0.4,0,0.4,1.6,0.2,0.3,0
32,34,1,11,0.3,2.2,1.8,1.1,4.2,0,0.5,0.5,0.4,0,0
33,34,1,4,0.1,0.8,0.7,0.4,1.5,0,0.2,0.2,0.1,0,0
39,34,1,5,0.1,1,0.9,0.5,1.9,0,0.2,0.2,0.2,0,0
50,34,1,2,0.1,0.3,0.1,0.3,0.5,0,0.3,0.2,0.1,0.1,0
51,34,1,2,0.1,0.3,0.1,0.3,0.5,0,0.3,0.2,0.1,0.1,0
53,34,1,4,0.2,0.6,0.2,0.9,1,0.1,0.2,0.2,0.4,0.2,0
55,34,1,6,0.3,0.9,0.3,1.3,1.5,0.2,0.3,0.3,0.5,0.4,0
56,34,1,2,0.1,0.3,0.1,0.4,0.5,0.1,0.1,0.1,0.2,0.1,0
60,34,1,5,0.2,0.2,0.4,1.6,0.5,0.3,0.7,0.6,0.5,0,0
61,34,0,33,2,2,4,6,6,1,6,0,4,2,0
63,34,1,2,0,0.3,0.1,0.5,0.4,0,0.4,0.2,0.1,0,0
69,34,1,5,0.2,0.7,0.6,1.1,1,0,0.6,0.7,0,0.1,0
70,34,1,4,0.1,0.6,0.5,0.9,0.8,0,0.5,0.5,0,0.1,0
72,34,1,1,0.1,0.2,0,0.3,0.1,0,0.1,0.1,0.1,0,0
73,34,1,13,0.9,2.5,0.3,3.8,1,0.6,1,1.3,1.6,0,0
99,34,1,3,0,0.1,0.4,0.2,0.8,0,0.7,0.2,0.3,0.3,0
102,34,1,5,0.1,0.8,0.6,0.4,1.6,0.1,0.1,0.9,0.2,0.2,0
111,34,1,1,0.1,0.1,0.1,0.3,0.2,0,0.1,0,0.1,0,0
113,34,1,2,0.1,0.2,0.2,0.2,0.6,0,0.2,0.2,0.2,0.1,0
116,34,1,5,0.2,0.5,0.6,0.6,1.4,0.1,0.4,0.4,0.6,0.2,0
118,34,1,21,0.8,2.1,2.4,2.4,5.8,0.5,1.9,1.9,2.4,0.8,0
119,34,1,5,0.2,0.5,0.6,0.6,1.4,0.1,0.4,0.4,0.6,0.2,0
120,34,0,63,3,8,0,10,20,2,2,4,8,6,0
121,34,0,41,0,7,1,10,11,4,3,0,5,0,0
125,34,0,39,5,4,0,13,6,3,2,0,6,0,0
126,34,1,17,0.9,1.8,0.9,4.9,1.5,0.9,2.8,0,2.4,0.9,0
0,35,1,1,0,0.1,0,0.1,0.3,0,0,0.3,0.1,0.1,0
12,35,1,6,0.4,0.7,0.4,0.8,1.7,0.1,0.6,0.2,0.6,0.5,0
28,35,1,8,0.6,0.4,0,1.1,0.8,0,0.9,3.2,0.4,0.6,0
29,35,1,2,0.1,0.1,0,0.3,0.2,0,0.2,0.8,0.1,0.2,0
30,35,1,5,0.4,0.3,0,0.6,0.5,0,0.5,2,0.3,0.4,0
49,35,1,4,0.3,0.5,0.3,0.6,1,0,0.6,0.3,0.3,0.1,0
53,35,1,1,0,0.1,0.1,0.2,0.2,0,0.1,0.1,0.1,0.1,0
54,35,1,4,0.2,0.6,0.2,0.9,1,0.1,0.2,0.2,0.4,0.2,0
56,35,1,5,0.2,0.8,0.3,1,1.3,0.1,0.3,0.3,0.4,0.3,0
58,35,1,2,0.1,0.1,0.2,0.6,0.2,0.1,0.3,0.2,0.2,0,0
60,35,1,20.5,0.7,0.7,1.9,6.5,2.3,1.2,2.8,2.3,2.1,0,0
61,35,0,96,4,13.5,1.5,23,20,4,9,7,9,5,0
62,35,1,15,0,2.6,0.9,3.4,2.8,0,2.8,1.1,1.1,0.3,0
63,35,1,13,0,2.2,0.7,2.9,2.5,0,2.5,1,1,0.2,0
65,35,1,5,0,0.9,0.3,1.1,0.9,0,0.9,0.4,0.4,0.1,0
66,35,1,2,0,0.3,0.1,0.5,0.4,0,0.4,0.2,0.1,0,0
67,35,1,2,0.1,0.3,0.2,0.4,0.4,0,0.3,0.3,0,0,0
68,35,1,2,0.1,0.3,0.2,0.4,0.4,0,0.3,0.3,0,0,0
69,35,1,2,0.1,0.3,0.2,0.4,0.4,0,0.3,0.3,0,0,0
73,35,1,3,0.2,0.6,0.1,0.9,0.2,0.1,0.2,0.3,0.4,0,0
77,35,1,5,0.4,1,0.1,1.4,0.4,0.2,0.4,0.5,0.6,0,0
79,35,1,5,0.4,1,0.1,1.4,0.4,0.2,0.4,0.5,0.6,0,0
84,35,1,3,0.1,0.3,0.2,0.5,0.6,0,0.4,0.6,0.1,0.2,0
85,35,1,3,0.1,0.3,0.2,0.5,0.6,0,0.4,0.6,0.1,0.2,0
87,35,1,1,0,0.1,0.1,0.2,0.2,0,0.1,0.2,0,0.1,0
90,35,1,5,0.2,0.4,0.3,0.8,1.1,0,0.6,1,0.2,0.4,0
94,35,1,1,0,0,0.1,0.1,0.3,0,0.2,0.1,0.1,0.1,0
98,35,1,1,0,0,0.1,0.1,0.3,0,0.2,0.1,0.1,0.1,0
99,35,1,2,0,0.1,0.3,0.1,0.5,0,0.5,0.1,0.2,0.2,0
104,35,1,2,0,0.3,0.3,0.2,0.6,0,0,0.4,0.1,0.1,0
109,35,1,1,0.1,0.1,0.1,0.3,0.2,0,0.1,0,0.1,0,0
110,35,1,25,1.8,2.8,2.4,6.6,4.5,1,2.4,0.8,1.7,1,0
111,35,1,17,1.3,1.9,1.6,4.5,3,0.7,1.6,0.5,1.2,0.7,0
120,35,0,52.5,2,7.5,1,12,12,3,4,4,5,2,0
121,35,0,91,4,12,7,21,15,1.5,7,9,11.5,3,0
122,35,0,46.5,1,6,8,8,9,0,6,1,3.5,4,0
123,35,0,36,1,3,2,8,6,1,6,7,1,1,0
124,35,0,48,1,9,4,3,18,1,3,4,4,1,0
125,35,1,17,0.9,1.8,0.9,4.9,1.5,0.9,2.8,0,2.4,0.9,0
126,35,1,6,0.3,0.7,0.3,1.7,0.5,0.3,1,0,0.9,0.3,0
1,36,1,4,0,0.4,0,0.3,1.2,0.2,0,1.4,0.3,0.2,0
2,36,1,1,0,0.1,0.2,0.2,0.2,0,0.1,0.1,0,0.1,0
3,36,1,7,0.2,0.7,1.1,1.3,1.6,0.1,0.5,0.8,0.3,0.4,0
6,36,1,2,0.1,0.2,0.3,0.4,0.5,0,0.1,0.2,0.1,0.1,0
11,36,1,4,0.1,0.6,0.2,0.8,1.1,0,0.6,0.3,0.3,0,0
12,36,1,6,0.4,0.7,0.4,0.8,1.7,0.1,0.6,0.2,0.6,0.5,0
17,36,1,7,0.4,0.8,0.4,1,2,0.1,0.7,0.3,0.7,0.6,0
18,36,1,3,0.2,0.4,0.2,0.4,0.8,0.1,0.3,0.1,0.3,0.2,0
20,36,1,5,0.3,0.6,0.3,0.7,1.4,0.1,0.5,0.2,0.5,0.4,0
26,36,1,2,0.2,0.3,0.2,0.3,0.4,0.1,0,0.3,0.1,0.1,0
31,36,1,2,0.1,0.1,0,0.3,0.2,0,0.2,0.8,0.1,0.2,0
35,36,1,1,0,0.2,0.2,0.1,0.4,0,0,0.1,0,0,0
36,36,1,2,0,0.4,0.3,0.2,0.8,0,0.1,0.1,0.1,0,0
47,36,1,10,0.7,1.4,0.7,1.4,2.6,0,1.6,0.7,0.7,0.2,0
56,36,1,2,0.1,0.3,0.1,0.4,0.5,0.1,0.1,0.1,0.2,0.1,0
60,36,0,32.5,1,2,2,5,7,0.5,3,8,2,2,0
61,36,0,46,1,4,6,4,15,0,9,4,3,0,0
62,36,0,63,6,11,1,17,12,4,2,1,9,0,0
70,36,1,1,0.1,0.2,0.1,0.2,0.2,0,0.1,0.1,0,0,0
72,36,1,1,0.1,0.2,0,0.3,0.1,0,0.1,0.1,0.1,0,0
77,36,1,4,0.3,0.8,0.1,1.1,0.3,0.2,0.3,0.4,0.5,0,0
78,36,1,5,0.4,1,0.1,1.4,0.4,0.2,0.4,0.5,0.6,0,0
80,36,1,2,0.1,0.4,0.1,0.6,0.1,0.1,0.2,0.2,0.2,0,0
95,36,1,2,0,0.1,0.3,0.1,0.5,0,0.5,0.1,0.2,0.2,0
97,36,1,2,0,0.1,0.3,0.1,0.5,0,0.5,0.1,0.2,0.2,0
109,36,1,12,0.9,1.3,1.1,3.2,2.2,0.5,1.1,0.4,0.8,0.5,0
110,36,0,29,0,0,6,2,7,1,4,5,3,1,0
120,36,0,28.5,1,4.5,2,4,8,0,2,4,3,0,0
121,36,0,84,2.5,6,11,10,19,1.5,11,13,4,6,0
122,36,0,42,2,3.5,4,8,6,2,4,10,2.5,0,0
123,36,0,77,6,4.5,8,16,12,2,11,6,2.5,9,0
124,36,1,2,0.1,0.2,0.1,0.6,0.2,0.1,0.3,0,0.3,0.1,0
5,37,1,2,0.1,0.2,0.3,0.4,0.5,0,0.1,0.2,0.1,0.1,0
10,37,1,14,0.5,2.1,0.5,2.7,3.8,0,2.2,1.1,1.1,0,0
14,37,1,1,0.1,0.1,0.1,0.1,0.3,0,0.1,0,0.1,0.1,0
15,37,1,2,0.1,0.2,0.1,0.3,0.6,0,0.2,0.1,0.2,0.2,0
19,37,1,2,0.1,0.2,0.1,0.3,0.6,0,0.2,0.1,0.2,0.2,0
21,37,1,2,0.1,0.2,0.1,0.3,0.6,0,0.2,0.1,0.2,0.2,0
22,37,1,9,0.8,1.3,1,1.3,2,0.5,0,1.3,0.5,0.3,0
27,37,1,1,0.1,0.1,0,0.1,0.1,0,0.1,0.4,0,0.1,0
30,37,1,1,0.1,0.1,0,0.1,0.1,0,0.1,0.4,0,0.1,0
38,37,1,5,0.1,1,0.9,0.5,1.9,0,0.2,0.2,0.2,0,0
41,37,1,4,0.1,0.8,0.7,0.4,1.5,0,0.2,0.2,0.1,0,0
42,37,1,2,0.1,0.3,0.1,0.3,0.5,0,0.3,0.2,0.1,0.1,0
47,37,1,4,0.3,0.5,0.3,0.6,1,0,0.6,0.3,0.3,0.1,0
59,37,1,6.5,0.2,0.2,0.6,2.1,0.7,0.4,0.9,0.7,0.7,0,0
60,37,0,50,4,4,6,11,11,0,5,7,1,1,0
61,37,0,61,2,12,6,12,15,0,2,1,11,0,0
62,37,1,11,0,1.9,0.6,2.5,2.1,0,2.1,0.8,0.8,0.2,0
63,37,1,4,0,0.7,0.2,0.9,0.7,0,0.8,0.3,0.3,0.1,0
67,37,1,8,0.3,1.2,1,1.7,1.6,0,1,1,0,0.2,0
88,37,1,4,0.1,0.4,0.2,0.7,0.9,0,0.5,0.8,0.1,0.3,0
93,37,1,2,0,0.1,0.3,0.1,0.5,0,0.5,0.1,0.2,0.2,0
97,37,1,4.5,0,0.2,0.7,0.3,1.2,0,1,0.3,0.4,0.4,0
102,37,1,4,0.1,0.6,0.5,0.3,1.2,0.1,0.1,0.7,0.2,0.2,0
103,37,1,2,0,0.3,0.3,0.2,0.6,0,0,0.4,0.1,0.1,0
106,37,1,2,0,0.3,0.3,0.2,0.6,0,0,0.4,0.1,0.1,0
108,37,1,20,1.5,2.2,1.9,5.3,3.6,0.8,1.9,0.6,1.4,0.8,0
109,37,0,43,1,7,4,10,8,2,0,2,7,1,1
110,37,0,83,2,11,9,14,22,4,9,3,7,2,0
111,37,1,10,0.7,1.1,1,2.6,1.8,0.4,1,0.3,0.7,0.4,0
121,37,0,25,1,1,0,2,4,0,2,10,3,2,0
122,37,1,3,0.1,0.3,0.2,0.8,0.3,0.2,0.5,0,0.4,0.2,0
124,37,1,3,0.1,0.3,0.2,0.8,0.3,0.2,0.5,0,0.4,0.2,0
126,37,1,6,0.3,0.7,0.3,1.7,0.5,0.3,1,0,0.9,0.3,0
7,38,1,2,0.1,0.3,0.1,0.4,0.5,0,0.3,0.2,0.1,0,0
13,38,1,7,0.4,0.8,0.4,1,2,0.1,0.7,0.3,0.7,0.6,0
18,38,1,5,0.3,0.6,0.3,0.7,1.4,0.1,0.5,0.2,0.5,0.4,0
22,38,1,6,0.5,0.8,0.7,0.9,1.4,0.3,0,0.9,0.3,0.2,0
23,38,1,5,0.4,0.7,0.6,0.7,1.1,0.3,0,0.7,0.3,0.2,0
26,38,1,2,0.2,0.3,0.2,0.3,0.4,0.1,0,0.3,0.1,0.1,0
36,38,1,1,0,0.2,0.2,0.1,0.4,0,0,0.1,0,0,0
46,38,1,4,0.3,0.5,0.3,0.6,1,0,0.6,0.3,0.3,0.1,0
53,38,1,2,0.1,0.3,0.1,0.4,0.5,0.1,0.1,0.1,0.2,0.1,0
58,38,1,6,0.2,0.2,0.6,1.9,0.7,0.3,0.8,0.7,0.6,0,0
61,38,1,4,0.1,0.1,0.4,1.3,0.5,0.2,0.5,0.5,0.4,0,0
65,38,1,1,0,0.2,0,0.2,0.2,0,0.2,0.1,0.1,0,0
72,38,1,2,0.1,0.4,0.1,0.6,0.1,0.1,0.2,0.2,0.2,0,0
83,38,1,4,0.1,0.4,0.2,0.7,0.9,0,0.5,0.8,0.1,0.3,0
85,38,1,2,0.1,0.2,0.1,0.3,0.4,0,0.3,0.4,0.1,0.1,0
93,38,1,2,0,0.1,0.3,0.1,0.5,0,0.5,0.1,0.2,0.2,0
94,38,1,2,0,0.1,0.3,0.1,0.5,0,0.5,0.1,0.2,0.2,0
100,38,1,3,0,0.1,0.4,0.2,0.8,0,0.7,0.2,0.3,0.3,0
103,38,1,2.5,0,0.4,0.3,0.2,0.8,0,0.1,0.5,0.1,0.1,0
110,38,1,9,0.7,1,0.8,2.4,1.6,0.4,0.8,0.3,0.6,0.4,0
115,38,1,8,0.3,0.8,0.9,0.9,2.3,0.2,0.7,0.7,0.9,0.3,0
121,38,1,20,0.7,2,2.3,2.3,5.6,0.5,1.8,1.8,2.3,0.7,0
125,38,1,2,0.1,0.2,0.1,0.6,0.2,0.1,0.3,0,0.3,0.1,0
127,38,1,1,0,0,0.1,0.1,0.2,0,0.2,0.2,0.1,0.1,0
7,39,1,1,0,0.1,0.2,0.2,0.2,0,0.1,0.1,0,0.1,0
11,39,1,5,0.2,0.5,0.8,0.9,1.1,0.1,0.4,0.5,0.2,0.3,0
24,39,1,1,0.1,0.1,0,0.1,0.1,0,0.1,0.4,0,0.1,0
31,39,1,8,0.7,1.7,0.3,1.2,1.4,0.2,1.7,0.4,0.2,0.2,0
34,39,1,6,0.2,1.2,1,0.6,2.3,0,0.2,0.3,0.2,0,0
35,39,1,4,0.1,0.8,0.7,0.4,1.5,0,0.2,0.2,0.1,0,0
42,39,1,3,0.2,0.4,0.2,0.4,0.8,0,0.5,0.2,0.2,0.1,0
47,39,1,1,0,0,0,0.3,0.1,0,0.1,0.2,0.1,0.2,0
50,39,1,2,0.1,0,0,0.5,0.2,0.1,0.3,0.3,0.1,0.4,0
60,39,1,2,0.1,0.3,0.1,0.4,0.5,0.1,0.1,0.1,0.2,0.1,0
67,39,1,3,0.1,0.4,0.4,0.6,0.6,0,0.4,0.4,0,0.1,0
68,39,1,3,0.1,0.4,0.4,0.6,0.6,0,0.4,0.4,0,0.1,0
70,39,1,4,0.1,0.6,0.5,0.9,0.8,0,0.5,0.5,0,0.1,0
78,39,1,4,0.1,0.5,0.2,0.6,1.1,0,0.3,0.2,0.2,0,0.8
79,39,1,4,0.1,0.5,0.2,0.6,1.1,0,0.3,0.2,0.2,0,0.8
80,39,1,3,0.1,0.4,0.2,0.4,0.8,0,0.2,0.2,0.1,0,0.6
101,39,1,2,0,0.1,0.3,0.1,0.5,0,0.5,0.1,0.2,0.2,0
102,39,1,4,0.1,0.6,0.5,0.3,1.2,0.1,0.1,0.7,0.2,0.2,0
105,39,1,6,0.1,0.9,0.7,0.5,1.9,0.1,0.1,1.1,0.3,0.3,0
118,39,1,4,0.1,0.4,0.5,0.5,1.1,0.1,0.3,0.4,0.5,0.1,0
123,39,1,4,0,0.1,0.4,0.5,0.8,0.1,0.8,0.8,0.3,0.2,0
1,40,1,2,0.2,0.2,0.1,0.4,0.2,0,0.1,0.5,0.2,0.1,0
7,40,1,6,0.2,0.6,0.9,1.1,1.4,0.1,0.4,0.6,0.3,0.4,0
8,40,1,7,0.2,0.7,1.1,1.3,1.6,0.1,0.5,0.8,0.3,0.4,0
14,40,1,2,0,0.2,0.3,0.2,0.6,0,0.3,0.2,0.2,0,0
17,40,1,3,0.2,0.3,0.2,0.8,0.4,0.2,0.2,0.3,0.1,0.3,0
20,40,1,4,0.3,0.4,0.3,1,0.5,0.3,0.3,0.4,0.2,0.3,0
27,40,1,6,0.5,1.3,0.3,0.9,1.1,0.1,1.3,0.3,0.1,0.1,0
30,40,1,2,0.2,0.4,0.1,0.3,0.4,0,0.4,0.1,0,0.1,0
40,40,1,3,0.1,0.6,0.5,0.3,1.2,0,0.1,0.1,0.1,0,0
41,40,1,5,0.1,1,0.9,0.5,1.9,0,0.2,0.2,0.2,0,0
42,40,1,2,0.1,0.3,0.1,0.3,0.5,0,0.3,0.2,0.1,0.1,0
47,40,1,3.5,0.1,0.1,0,0.9,0.3,0.2,0.5,0.6,0.2,0.6,0
49,40,1,2,0.1,0,0,0.5,0.2,0.1,0.3,0.3,0.1,0.4,0
54,40,1,1,0,0.1,0.1,0.2,0.2,0,0.1,0.1,0.1,0.1,0
58,40,1,4,0.2,0.6,0.2,0.9,1,0.1,0.2,0.2,0.4,0.2,0
64,40,1,1,0.1,0.2,0.1,0.2,0.2,0,0.1,0.1,0,0,0
66,40,1,3,0.1,0.4,0.4,0.6,0.6,0,0.4,0.4,0,0.1,0
68,40,1,3,0.1,0.4,0.4,0.6,0.6,0,0.4,0.4,0,0.1,0
70,40,1,2,0.1,0.3,0.2,0.4,0.4,0,0.3,0.3,0,0,0
76,40,1,10,0.2,1.3,1,1.6,2.5,0.2,0.8,1,0.9,0.5,0
84,40,1,3,0.1,0.3,0.2,0.5,0.6,0,0.4,0.6,0.1,0.2,0
86,40,1,4,0.1,0.4,0.2,0.7,0.9,0,0.5,0.8,0.1,0.3,0
88,40,1,3,0.1,0.3,0.2,0.5,0.6,0,0.4,0.6,0.1,0.2,0
89,40,1,2,0.1,0.2,0.1,0.3,0.4,0,0.3,0.4,0.1,0.1,0
92,40,1,2,0,0.1,0.3,0.1,0.5,0,0.5,0.1,0.2,0.2,0
93,40,1,5,0,0.3,0.8,0.4,1.3,0,1.1,0.3,0.4,0.4,0
94,40,1,3,0,0.1,0.4,0.2,0.8,0,0.7,0.2,0.3,0.3,0
95,40,1,4,0,0.2,0.6,0.3,1.1,0,0.9,0.2,0.3,0.4,0
98,40,1,1,0,0,0.1,0.1,0.3,0,0.2,0.1,0.1,0.1,0
99,40,1,1,0,0,0.1,0.1,0.3,0,0.2,0.1,0.1,0.1,0
105,40,1,4,0.1,0.6,0.5,0.3,1.2,0.1,0.1,0.7,0.2,0.2,0
116,40,1,2,0.1,0.2,0.2,0.2,0.6,0,0.2,0.2,0.2,0.1,0
123,40,1,6,0,0.2,0.6,0.8,1.1,0.2,1.2,1.2,0.4,0.3,0
124,40,1,2,0,0.1,0.2,0.3,0.4,0,0.4,0.4,0.1,0.1,0
0,41,1,1,0.1,0.1,0.1,0.2,0.1,0,0,0.3,0.1,0,0
4,41,1,9,0.3,1,1.4,1.6,2,0.1,0.7,1,0.4,0.5,0
14,41,1,9,0.2,1,1.1,0.8,2.5,0,1.5,1,0.9,0,0
15,41,1,11,0.2,1.2,1.4,0.9,3,0,1.9,1.2,1.2,0,0
19,41,1,2,0.2,0.2,0.2,0.5,0.2,0.1,0.1,0.2,0.1,0.2,0
20,41,1,5,0.4,0.5,0.4,1.3,0.7,0.3,0.3,0.5,0.2,0.4,0
23,41,1,1,0.1,0.1,0,0.1,0.1,0,0.1,0.4,0,0.1,0
26,41,1,1,0.1,0.1,0,0.1,0.1,0,0.1,0.4,0,0.1,0
28,41,1,4,0.3,0.8,0.2,0.6,0.7,0.1,0.9,0.2,0.1,0.1,0
30,41,1,8,0.7,1.7,0.3,1.2,1.4,0.2,1.7,0.4,0.2,0.2,0
34,41,1,5,0.1,1,0.9,0.5,1.9,0,0.2,0.2,0.2,0,0
35,41,1,3,0.1,0.6,0.5,0.3,1.2,0,0.1,0.1,0.1,0,0
40,41,1,5,0.1,1,0.9,0.5,1.9,0,0.2,0.2,0.2,0,0
42,41,1,7,0.5,1,0.5,1,1.8,0,1.1,0.5,0.5,0.1,0
45,41,1,2,0.1,0.3,0.1,0.3,0.5,0,0.3,0.2,0.1,0.1,0
48,41,1,3,0.1,0.1,0,0.8,0.3,0.1,0.4,0.5,0.2,0.5,0
49,41,1,6,0.3,0.1,0,1.6,0.5,0.3,0.8,1,0.3,1.1,0
50,41,1,1,0,0,0,0.3,0.1,0,0.1,0.2,0.1,0.2,0
54,41,1,6,0.3,0.9,0.3,1.3,1.5,0.2,0.3,0.3,0.5,0.4,0
55,41,1,11,0.5,1.7,0.6,2.3,2.8,0.3,0.6,0.6,1,0.6,0
57,41,1,1,0,0.1,0.1,0.2,0.2,0,0.1,0.1,0.1,0.1,0
62,41,1,4,0.1,0.6,0.5,0.9,0.8,0,0.5,0.5,0,0.1,0
66,41,1,4,0.1,0.6,0.5,0.9,0.8,0,0.5,0.5,0,0.1,0
72,41,1,6,0.1,0.8,0.6,1,1.5,0.1,0.5,0.6,0.5,0.3,0
80,41,1,2,0,0.3,0.1,0.3,0.5,0,0.2,0.1,0.1,0,0.4
81,41,1,3,0.1,0.4,0.2,0.4,0.8,0,0.2,0.2,0.1,0,0.6
82,41,1,1,0,0.1,0.1,0.2,0.2,0,0.1,0.2,0,0.1,0
83,41,1,1,0,0.1,0.1,0.2,0.2,0,0.1,0.2,0,0.1,0
84,41,1,3,0.1,0.3,0.2,0.5,0.6,0,0.4,0.6,0.1,0.2,0
91,41,1,4,0.1,0.4,0.2,0.7,0.9,0,0.5,0.8,0.1,0.3,0
95,41,1,4,0,0.2,0.6,0.3,1.1,0,0.9,0.2,0.3,0.4,0
103,41,1,2,0,0.3,0.3,0.2,0.6,0,0,0.4,0.1,0.1,0
105,41,1,5,0.1,0.8,0.6,0.4,1.6,0.1,0.1,0.9,0.2,0.2,0
110,41,1,1,0,0.2,0.1,0.1,0.3,0,0,0.2,0,0.1,0
114,41,1,4,0.1,0.4,0.5,0.5,1.1,0.1,0.3,0.4,0.5,0.1,0
0,42,1,1,0.1,0.1,0.1,0.2,0.1,0,0,0.3,0.1,0,0
1,42,1,6,0.5,0.5,0.4,1.2,0.7,0,0.2,1.6,0.7,0.2,0
3,42,1,1,0,0.1,0.2,0.2,0.2,0,0.1,0.1,0,0.1,0
5,42,1,2,0.1,0.2,0.3,0.4,0.5,0,0.1,0.2,0.1,0.1,0
13,42,1,2,0,0.2,0.3,0.2,0.6,0,0.3,0.2,0.2,0,0
14,42,1,12,0.3,1.3,1.5,1,3.3,0,2,1.3,1.3,0,0
17,42,1,4,0.3,0.4,0.3,1,0.5,0.3,0.3,0.4,0.2,0.3,0
18,42,1,2,0.2,0.2,0.2,0.5,0.2,0.1,0.1,0.2,0.1,0.2,0
19,42,1,12,1,1.2,1,3,1.5,0.7,0.8,1.3,0.5,1,0
21,42,1,2,0.2,0.2,0.2,0.5,0.2,0.1,0.1,0.2,0.1,0.2,0
23,42,1,5,0.4,0.3,0,0.6,0.5,0,0.5,2,0.3,0.4,0
24,42,1,4,0.3,0.2,0,0.6,0.4,0,0.4,1.6,0.2,0.3,0
29,42,1,5,0.4,1.1,0.2,0.8,0.9,0.1,1.1,0.2,0.1,0.1,0
30,42,1,3,0.3,0.6,0.1,0.5,0.5,0.1,0.6,0.1,0.1,0.1,0
33,42,1,5,0.1,1,0.9,0.5,1.9,0,0.2,0.2,0.2,0,0
40,42,1,2,0,0.4,0.3,0.2,0.8,0,0.1,0.1,0.1,0,0
43,42,1,1,0.1,0.1,0.1,0.1,0.2,0,0.2,0.1,0.1,0,0
54,42,1,4,0.2,0.6,0.2,0.9,1,0.1,0.2,0.2,0.4,0.2,0
74,42,1,19,0.3,2.6,2,3.1,4.8,0.3,1.4,2,1.7,0.8,0
75,42,1,5,0.1,0.7,0.5,0.8,1.3,0.1,0.4,0.5,0.4,0.2,0
77,42,1,3,0.1,0.4,0.2,0.4,0.8,0,0.2,0.2,0.1,0,0.6
78,42,1,2,0,0.3,0.1,0.3,0.5,0,0.2,0.1,0.1,0,0.4
81,42,1,8,0.2,1.1,0.4,1.1,2.2,0,0.7,0.4,0.4,0,1.5
83,42,1,4,0.1,0.4,0.2,0.7,0.9,0,0.5,0.8,0.1,0.3,0
87,42,1,4,0.1,0.4,0.2,0.7,0.9,0,0.5,0.8,0.1,0.3,0
100,42,1,4,0,0.2,0.6,0.3,1.1,0,0.9,0.2,0.3,0.4,0
107,42,1,5,0.1,0.8,0.6,0.4,1.6,0.1,0.1,0.9,0.2,0.2,0
119,42,1,2,0.1,0.2,0.2,0.2,0.6,0,0.2,0.2,0.2,0.1,0
123,42,1,1.5,0,0.1,0.1,0.2,0.3,0,0.3,0.3,0.1,0.1,0
1,43,1,10,0.9,0.9,0.6,2,1.2,0,0.3,2.6,1.2,0.3,0
5,43,1,6,0.2,0.6,0.9,1.1,1.4,0.1,0.4,0.6,0.3,0.4,0
6,43,1,1,0,0.1,0.2,0.2,0.2,0,0.1,0.1,0,0.1,0
10,43,1,5,0.2,0.5,0.8,0.9,1.1,0.1,0.4,0.5,0.2,0.3,0
11,43,1,1,0,0.1,0.2,0.2,0.2,0,0.1,0.1,0,0.1,0
15,43,1,8,0.2,0.8,1,0.7,2.2,0,1.4,0.9,0.8,0,0
16,43,1,3,0.1,0.3,0.4,0.3,0.8,0,0.5,0.3,0.3,0,0
18,43,1,14,1.2,1.4,1.2,3.5,1.7,0.9,0.9,1.4,0.6,1.2,0
24,43,1,3,0.2,0.2,0,0.4,0.3,0,0.3,1.2,0.2,0.2,0
28,43,1,10,0.9,2.2,0.4,1.5,1.8,0.2,2.2,0.4,0.2,0.2,0
50,43,1,4,0.2,0.1,0,1.1,0.3,0.2,0.5,0.7,0.2,0.7,0
52,43,1,4,0.2,0.6,0.2,0.9,1,0.1,0.2,0.2,0.4,0.2,0
53,43,1,5,0.2,0.8,0.3,1,1.3,0.1,0.3,0.3,0.4,0.3,0
58,43,1,7,0.3,1.1,0.4,1.5,1.7,0.2,0.4,0.4,0.6,0.4,0
62,43,1,4,0.1,0.6,0.5,0.9,0.8,0,0.5,0.5,0,0.1,0
74,43,0,37,0,8,4,4,11,1,4,2,2,1,0
75,43,0,35,1,5,7,1,13,0,4,0,3,1,0
76,43,1,27,0.4,3.6,2.8,4.5,6.9,0.4,2,2.8,2.4,1.2,0
77,43,1,3,0.1,0.4,0.2,0.4,0.8,0,0.2,0.2,0.1,0,0.6
78,43,1,5,0.1,0.7,0.3,0.7,1.3,0,0.4,0.3,0.3,0,0.9
86,43,1,3,0.1,0.3,0.2,0.5,0.6,0,0.4,0.6,0.1,0.2,0
89,43,1,1,0,0.1,0.1,0.2,0.2,0,0.1,0.2,0,0.1,0
93,43,1,6,0,0.3,0.9,0.4,1.6,0,1.4,0.3,0.5,0.6,0
108,43,1,4,0.1,0.6,0.5,0.3,1.2,0.1,0.1,0.7,0.2,0.2,0
115,43,1,4,0.1,0.4,0.5,0.5,1.1,0.1,0.3,0.4,0.5,0.1,0
117,43,1,2,0.1,0.2,0.2,0.2,0.6,0,0.2,0.2,0.2,0.1,0
2,44,1,3,0.1,0.3,0.2,0.6,0.8,0.1,0.2,0.4,0.3,0,0
5,44,1,2,0.1,0.2,0.1,0.4,0.5,0.1,0.1,0.3,0.2,0,0
6,44,1,1,0,0.1,0.1,0.2,0.3,0,0.1,0.1,0.1,0,0
11,44,1,4,0.1,0.3,0.3,0.8,1.1,0.1,0.3,0.5,0.4,0.1,0
13,44,1,2,0.1,0.2,0.3,0.2,0.5,0,0.5,0.2,0,0,0
16,44,1,2,0.1,0.2,0.3,0.2,0.5,0,0.5,0.2,0,0,0
18,44,1,10,0.6,1.2,0.4,1.7,2.4,0.1,1,0.5,0.9,1.2,0
19,44,1,3,0.2,0.4,0.1,0.5,0.7,0,0.3,0.1,0.3,0.4,0
22,44,1,3,0.2,0.5,0.2,0.4,0.8,0,0.3,0.3,0.2,0.1,0
25,44,1,2,0.1,0.3,0.1,0.3,0.5,0,0.2,0.2,0.2,0.1,0
26,44,1,2,0.1,0.3,0.1,0.3,0.5,0,0.2,0.2,0.2,0.1,0
33,44,1,1,0,0.1,0.1,0.2,0.2,0,0.2,0.1,0.1,0,0
35,44,1,2,0.1,0.1,0.1,0.3,0.5,0,0.4,0.2,0.2,0.1,0
38,44,1,1,0,0.1,0.1,0.2,0.2,0,0.2,0.1,0.1,0,0
51,44,1,12,0.3,1.4,1.4,2.1,1.7,0.3,0.7,1.7,1,1.4,0
52,44,1,4,0.3,0.5,0.2,0.8,0.8,0.2,0.3,0.5,0.4,0,0
53,44,1,5,0.4,0.6,0.3,1,1,0.2,0.4,0.6,0.5,0,0
54,44,1,9,0.7,1.1,0.5,1.8,1.8,0.4,0.7,1.1,0.9,0,0
55,44,1,3,0.2,0.4,0.2,0.6,0.6,0.1,0.2,0.4,0.3,0,0
56,44,1,7,0.5,0.9,0.4,1.4,1.4,0.3,0.5,0.9,0.7,0,0
59,44,1,2,0.1,0.1,0.1,0.5,0.2,0,0.5,0.4,0.1,0,0
64,44,1,1,0.1,0.1,0,0.3,0.2,0.1,0.1,0,0.1,0,0
65,44,1,2,0.3,0.1,0.1,0.6,0.3,0.1,0.2,0.1,0.2,0,0
73,44,1,6,0.4,0.7,0.6,1,1.7,0.2,0.3,0.2,0.9,0,0
74,44,0,22.5,0,3,0.5,7,5,0,2,1,1,3,0
75,44,0,78.5,1,5.5,10,12,14,2,9,8,4,13,0
76,44,0,44,1,4,7,4,9,2,9,5,0,3,0
77,44,1,5,0.3,0.5,0.7,0.8,1.2,0.1,0.1,0.5,0.4,0.4,0
78,44,1,4,0.2,0.4,0.5,0.7,1,0.1,0.1,0.4,0.3,0.3,0
102,44,1,1,0.1,0.1,0.1,0.1,0.3,0,0,0.1,0.1,0.1,0
103,44,1,4,0.2,0.5,0.5,0.5,1.2,0.2,0.2,0.2,0.3,0.2,0
107,44,1,2,0.1,0.3,0.2,0.3,0.6,0.1,0.1,0.1,0.1,0.1,0
113,44,1,5,0.2,0.3,0.2,0.9,1,0.2,0.9,0.4,0.7,0.2,0
123,44,1,2,0.1,0.1,0.1,0.4,0.4,0.1,0.5,0,0.2,0.1,0
1,45,1,16,0.3,3.3,2,1.7,4,0.3,0.3,1.7,1.7,0.7,0
2,45,1,4,0.1,0.3,0.3,0.8,1.1,0.1,0.3,0.5,0.4,0.1,0
4,45,1,3,0.1,0.3,0.2,0.6,0.8,0.1,0.2,0.4,0.3,0,0
7,45,1,3,0.1,0.3,0.2,0.6,0.8,0.1,0.2,0.4,0.3,0,0
12,45,1,5,0.2,0.6,0.7,0.6,1.3,0,1.1,0.5,0,0,0
15,45,1,3,0.1,0.3,0.5,0.3,0.8,0,0.7,0.3,0,0,0
16,45,1,10,0.4,1.1,1.5,1.1,2.6,0,2.3,1,0,0,0
18,45,1,13,0.8,1.6,0.5,2.2,3.1,0.1,1.3,0.6,1.2,1.6,0
19,45,1,6,0.3,0.7,0.2,1,1.4,0.1,0.6,0.3,0.6,0.8,0
23,45,1,2,0.1,0.3,0.1,0.3,0.5,0,0.2,0.2,0.2,0.1,0
33,45,1,3,0.2,0.2,0.2,0.5,0.7,0.1,0.6,0.2,0.2,0.1,0
40,45,1,2,0.1,0.1,0.1,0.3,0.5,0,0.4,0.2,0.2,0.1,0
41,45,1,6.5,0.4,0.4,0.4,1.1,1.6,0.2,1.2,0.5,0.5,0.2,0
42,45,1,1,0,0.1,0.2,0.1,0.3,0,0.2,0.1,0,0,0
43,45,1,3,0.1,0.4,0.5,0.2,0.8,0,0.6,0.2,0.1,0.1,0
49,45,1,2,0.1,0.2,0.2,0.3,0.3,0.1,0.1,0.3,0.2,0.2,0
56,45,1,2,0.2,0.2,0.1,0.4,0.4,0.1,0.2,0.2,0.2,0,0
63,45,1,4,0.5,0.3,0.1,1.2,0.7,0.2,0.4,0.1,0.4,0.1,0
73,45,1,9,0.6,1,0.9,1.6,2.6,0.3,0.4,0.3,1.3,0,0
74,45,0,52,2,2,2,11,4,2.5,6,12,2.5,8,0
75,45,0,39,3,7,4,5,8,1,1,0,2,8,0
79,45,1,3,0.2,0.3,0.4,0.5,0.7,0.1,0.1,0.3,0.2,0.2,0
80,45,1,9,0.5,0.9,1.2,1.4,2.2,0.2,0.2,1,0.7,0.7,0
81,45,1,2,0.1,0.2,0.3,0.3,0.5,0,0,0.2,0.2,0.2,0
82,45,1,2,0.1,0,0.1,0.1,0.2,0,0.8,0.5,0.1,0.1,0
83,45,1,2,0.1,0,0.1,0.1,0.2,0,0.8,0.5,0.1,0.1,0
101,45,1,3,0,0.1,0.6,0.3,0.4,0,0.8,0.4,0.1,0.3,0
120,45,1,2,0.1,0.1,0.1,0.3,0.4,0.1,0.3,0.2,0.3,0.1,0
2,46,1,8,0.3,0.7,0.6,1.5,2.1,0.3,0.6,1,0.8,0.1,0
3,46,1,4,0.1,0.3,0.3,0.8,1.1,0.1,0.3,0.5,0.4,0.1,0
7,46,1,4,0.1,0.3,0.3,0.8,1.1,0.1,0.3,0.5,0.4,0.1,0
12,46,1,5,0.2,0.6,0.7,0.6,1.3,0,1.1,0.5,0,0,0
13,46,1,1,0,0.1,0.2,0.1,0.3,0,0.2,0.1,0,0,0
14,46,1,8,0.3,0.9,1.2,0.9,2.1,0,1.8,0.8,0,0,0
16,46,0,27,0,2,5,1,9,0,3,4,2,1,0
17,46,0,62,2,9,4,12,16,2,3,3,7,4,0
18,46,0,136,7,10,10,33,25,2,19,9,11,10,0
19,46,0,62,3,8,7.5,10,13,0.5,8,3,8,1,0
20,46,0,49,1,7,3,4,15,1,6,6,4,2,0
21,46,1,1,0.1,0.1,0,0.2,0.2,0,0.1,0.1,0.1,0.1,0
22,46,1,15,1,2.3,0.8,2,4.1,0.3,1.3,1.5,1.2,0.5,0
29,46,1,8,0.3,1.1,0.9,2,1.6,0.1,1,0.6,0.3,0.1,0
30,46,1,3.5,0.1,0.5,0.4,0.9,0.7,0.1,0.4,0.2,0.1,0.1,0
32,46,1,4,0.2,0.3,0.2,0.7,1,0.1,0.8,0.3,0.3,0.1,0
38,46,1,3,0.2,0.2,0.2,0.5,0.7,0.1,0.6,0.2,0.2,0.1,0
42,46,1,6,0.2,0.8,1,0.5,1.6,0,1.2,0.3,0.2,0.2,0
43,46,1,5,0.1,0.7,0.8,0.4,1.4,0,1,0.3,0.1,0.2,0
44,46,1,13,0.3,1.8,2.2,1.1,3.6,0,2.5,0.7,0.4,0.4,0
48,46,1,4,0.1,0.4,0.5,0.7,0.6,0.1,0.2,0.6,0.3,0.5,0
49,46,1,5,0.1,0.6,0.6,0.9,0.7,0.1,0.3,0.7,0.4,0.6,0
58,46,1,2,0.1,0.1,0.1,0.5,0.2,0,0.5,0.4,0.1,0,0
59,46,1,11,0.8,0.4,0.4,2.6,1.1,0,2.6,2.3,0.8,0,0
61,46,1,5,0.3,0.2,0.2,1.2,0.5,0,1.2,1,0.4,0,0
65,46,1,10,1.3,0.7,0.3,3.1,1.7,0.6,0.9,0.4,0.9,0.1,0
67,46,1,1,0.1,0.1,0,0.3,0.2,0.1,0.1,0,0.1,0,0
68,46,1,4,0.5,0.3,0.1,1.2,0.7,0.2,0.4,0.1,0.4,0.1,0
73,46,1,1,0.1,0.1,0.1,0.2,0.3,0,0.1,0,0.1,0,0
74,46,1,38,2.3,4.2,3.8,6.6,10.8,1.4,1.9,1.4,5.6,0,0
75,46,1,13,0.8,1.4,1.3,2.3,3.7,0.5,0.6,0.5,1.9,0,0
76,46,1,5,0.3,0.6,0.5,0.9,1.4,0.2,0.2,0.2,0.7,0,0
77,46,1,4,0.2,0.4,0.5,0.7,1,0.1,0.1,0.4,0.3,0.3,0
78,46,1,6,0.3,0.6,0.8,0.9,1.4,0.2,0.2,0.6,0.5,0.5,0
79,46,1,2.5,0.1,0.2,0.3,0.4,0.6,0.1,0.1,0.3,0.2,0.2,0
80,46,1,1,0.1,0.1,0.1,0.2,0.2,0,0,0.1,0.1,0.1,0
84,46,1,3,0.1,0,0.2,0.2,0.3,0,1.3,0.7,0.1,0.1,0
86,46,1,1,0,0,0.1,0.1,0.1,0,0.4,0.2,0,0.1,0
90,46,1,2,0.1,0.2,0.2,0.4,0.4,0,0.3,0,0.2,0.2,0
92,46,1,1,0,0.1,0.2,0.1,0.1,0,0.3,0.1,0,0.1,0
93,46,1,2,0,0.1,0.4,0.2,0.2,0,0.5,0.3,0.1,0.2,0
95,46,1,3,0,0.1,0.6,0.3,0.4,0,0.8,0.4,0.1,0.3,0
99,46,1,4,0,0.2,0.9,0.3,0.5,0,1,0.5,0.2,0.4,0
104,46,1,1,0.1,0.1,0.1,0.1,0.3,0,0,0.1,0.1,0.1,0
109,46,1,1,0.1,0.1,0.1,0.1,0.3,0,0,0.1,0.1,0.1,0
12,47,1,6,0.2,0.7,0.9,0.7,1.6,0,1.3,0.6,0,0,0
16,47,1,11,0.4,1.2,1.7,1.3,2.9,0,2.5,1,0,0,0
17,47,1,1,0.1,0.1,0,0.2,0.2,0,0.1,0.1,0.1,0.1,0
18,47,1,17,1,2.1,0.7,2.9,4,0.2,1.6,0.8,1.6,2.1,0
19,47,0,64,2,10,7,10,14,1,7,7,3,3,0
20,47,0,101,4,17,12,9,30,1,14,6,7,1,0
21,47,0,75.5,2.5,13,1,17,15,1,5,6,11,4,0
22,47,1,20.5,1.4,3.2,1,2.8,5.6,0.3,1.8,2.1,1.6,0.7,0
23,47,1,1,0.1,0.2,0,0.1,0.3,0,0.1,0.1,0.1,0,0
24,47,1,5,0.3,0.8,0.2,0.7,1.4,0.1,0.4,0.5,0.4,0.2,0
27,47,1,6,0.2,0.9,0.7,1.5,1.2,0.1,0.7,0.4,0.2,0.1,0
30,47,1,2,0.1,0.3,0.2,0.5,0.4,0,0.3,0.1,0.1,0,0
44,47,1,4,0.1,0.6,0.7,0.3,1.1,0,0.8,0.2,0.1,0.1,0
47,47,1,2,0.1,0.2,0.2,0.3,0.3,0.1,0.1,0.3,0.2,0.2,0
49,47,1,2,0.1,0.2,0.2,0.3,0.3,0.1,0.1,0.3,0.2,0.2,0
54,47,1,2,0.2,0.2,0.1,0.4,0.4,0.1,0.2,0.2,0.2,0,0
60,47,1,5,0.3,0.2,0.2,1.2,0.5,0,1.2,1,0.4,0,0
62,47,1,7,0.9,0.5,0.2,2.2,1.2,0.4,0.7,0.2,0.6,0.1,0
63,47,1,5,0.6,0.3,0.2,1.5,0.9,0.3,0.5,0.2,0.5,0,0
68,47,1,3,0.4,0.2,0.1,0.9,0.5,0.2,0.3,0.1,0.3,0,0
70,47,1,1,0.1,0.1,0,0.3,0.2,0.1,0.1,0,0.1,0,0
71,47,1,3,0.4,0.2,0.1,0.9,0.5,0.2,0.3,0.1,0.3,0,0
72,47,1,3,0.2,0.3,0.3,0.5,0.9,0.1,0.2,0.1,0.4,0,0
73,47,1,6,0.4,0.7,0.6,1,1.7,0.2,0.3,0.2,0.9,0,0
78,47,1,1,0.1,0.1,0.1,0.2,0.2,0,0,0.1,0.1,0.1,0
83,47,1,2,0.1,0,0.1,0.1,0.2,0,0.8,0.5,0.1,0.1,0
84,47,1,5,0.2,0,0.4,0.4,0.4,0,2.1,1.1,0.2,0.2,0
89,47,1,5,0.3,0.4,0.4,1,1,0,0.7,0.1,0.6,0.5,0
92,47,1,3,0,0.1,0.6,0.3,0.4,0,0.8,0.4,0.1,0.3,0
94,47,1,1,0,0.1,0.2,0.1,0.1,0,0.3,0.1,0,0.1,0
95,47,1,4,0,0.2,0.9,0.3,0.5,0,1,0.5,0.2,0.4,0
111,47,1,4,0.2,0.5,0.5,0.5,1.2,0.2,0.2,0.2,0.3,0.2,0
125,47,1,3,0.1,0.1,0.2,0.7,0.6,0.1,0.7,0,0.4,0.1,0
3,48,1,3,0.1,0.3,0.2,0.6,0.8,0.1,0.2,0.4,0.3,0,0
9,48,1,2,0.1,0.2,0.1,0.4,0.5,0.1,0.1,0.3,0.2,0,0
19,48,1,29,1.6,3.6,1.1,5,6.9,0.3,2.8,1.4,2.7,3.6,0
20,48,0,96.5,7,15.5,6,26,21,3,4,0,14,0,0
21,48,1,25,1.4,3.1,1,4.3,5.9,0.2,2.4,1.2,2.4,3.1,0
22,48,1,2,0.1,0.3,0.1,0.3,0.5,0,0.2,0.2,0.2,0.1,0
24,48,1,6,0.4,0.9,0.3,0.8,1.7,0.1,0.5,0.6,0.5,0.2,0
32,48,1,7,0.4,0.5,0.4,1.1,1.7,0.2,1.3,0.6,0.6,0.2,0
40,48,1,7,0.4,0.5,0.4,1.1,1.7,0.2,1.3,0.6,0.6,0.2,0
43,48,1,4,0.1,0.6,0.7,0.3,1.1,0,0.8,0.2,0.1,0.1,0
48,48,1,2,0.1,0.2,0.2,0.3,0.3,0.1,0.1,0.3,0.2,0.2,0
49,48,1,2,0.1,0.2,0.2,0.3,0.3,0.1,0.1,0.3,0.2,0.2,0
50,48,1,3,0.1,0.3,0.3,0.5,0.4,0.1,0.2,0.4,0.3,0.4,0
51,48,1,1,0,0.1,0.1,0.2,0.1,0,0.1,0.2,0.1,0.1,0
58,48,1,2,0.1,0.1,0.1,0.5,0.2,0,0.5,0.4,0.1,0,0
59,48,1,2,0.1,0.1,0.1,0.5,0.2,0,0.5,0.4,0.1,0,0
63,48,1,2,0.3,0.1,0.1,0.6,0.3,0.1,0.2,0.1,0.2,0,0
68,48,1,5,0.6,0.3,0.2,1.5,0.9,0.3,0.5,0.2,0.5,0,0
70,48,1,1,0.1,0.1,0,0.3,0.2,0.1,0.1,0,0.1,0,0
83,48,1,7,0.3,0,0.5,0.5,0.5,0,3,1.6,0.3,0.3,0
86,48,1,4,0.1,0,0.3,0.3,0.3,0,1.7,0.9,0.2,0.2,0
92,48,1,2,0,0.1,0.4,0.2,0.2,0,0.5,0.3,0.1,0.2,0
106,48,1,5,0.3,0.6,0.6,0.7,1.4,0.2,0.2,0.3,0.4,0.3,0
110,48,1,5,0.3,0.6,0.6,0.7,1.4,0.2,0.2,0.3,0.4,0.3,0
117,48,1,2,0.1,0.1,0.1,0.3,0.4,0.1,0.3,0.2,0.3,0.1,0
126,48,1,2,0.1,0.1,0.1,0.4,0.4,0.1,0.5,0,0.2,0.1,0
5,49,1,2,0.2,0.1,0,0.5,0.3,0.1,0.2,0.3,0.2,0.1,0
6,49,1,4,0.5,0.3,0,1,0.6,0.2,0.4,0.5,0.3,0.2,0
12,49,1,1,0.1,0.1,0.1,0.3,0.2,0,0.1,0.1,0,0,0
13,49,1,3,0.4,0.2,0.2,0.8,0.5,0.1,0.2,0.3,0.2,0.1,0
16,49,1,5,0.6,0.4,0.3,1.3,0.9,0.1,0.4,0.5,0.3,0.2,0
19,49,1,5,0.6,0.4,0.3,1.3,0.9,0.1,0.4,0.5,0.3,0.2,0
22,49,1,4,0.2,0.6,0.4,1,0.8,0,0.5,0.3,0.2,0,0
26,49,1,8,0.3,1.1,0.9,2,1.6,0.1,1,0.6,0.3,0.1,0
29,49,1,5,0.2,0.7,0.6,1.2,1,0.1,0.6,0.3,0.2,0.1,0
32,49,1,2,0,0.2,0.1,0.2,0.5,0.1,0.3,0.3,0.2,0.1,0
37,49,1,2,0,0.4,0.4,0.1,0.4,0,0.1,0.5,0,0.1,0
38,49,1,5,0,0.9,0.9,0.3,1,0,0.3,1.2,0,0.4,0
45,49,1,5,0.2,0.3,0.1,1.2,0.5,0.2,0.5,1.1,0.4,0.5,0
46,49,1,15,0.5,0.8,0.3,3.6,1.7,0.6,1.7,3.3,1.1,1.4,0
48,49,1,9,0.7,1.1,0.7,1.6,1.8,0.3,0.9,0.8,0.7,0.4,0
57,49,1,5,0,0.4,0.4,1.3,0.9,0.3,0,0.3,0.8,0.6,0
59,49,1,2,0,0.2,0.2,0.5,0.4,0.1,0,0.1,0.3,0.2,0
61,49,1,5,0,0.4,0.4,1.3,0.9,0.3,0,0.3,0.8,0.6,0
74,49,1,2,0.1,0.2,0.1,0.3,0.4,0.1,0.3,0.3,0.1,0.1,0
89,49,1,2,0.1,0.2,0.2,0.4,0.4,0,0.3,0,0.2,0.2,0
104,49,1,2,0.1,0.3,0.2,0.3,0.6,0.1,0.1,0.1,0.1,0.1,0
114,49,1,5,0.2,0.3,0.2,0.9,1,0.2,0.9,0.4,0.7,0.2,0
127,49,1,3,0.1,0.1,0.2,0.7,0.6,0.1,0.7,0,0.4,0.1,0
1,50,1,2,0.2,0.2,0.1,0.6,0.2,0,0.3,0.2,0.1,0.1,0
2,50,1,13,1.7,0.8,0,3.4,2,0.6,1.1,1.7,1.1,0.6,0
3,50,1,4,0.5,0.3,0,1,0.6,0.2,0.4,0.5,0.3,0.2,0
5,50,1,2,0.2,0.1,0,0.5,0.3,0.1,0.2,0.3,0.2,0.1,0
9,50,1,2,0.1,0.2,0.1,0.4,0.5,0.1,0.1,0.3,0.2,0,0
12,50,1,2,0.2,0.2,0.1,0.5,0.4,0,0.2,0.2,0.1,0.1,0
16,50,1,2,0.2,0.2,0.1,0.5,0.4,0,0.2,0.2,0.1,0.1,0
21,50,1,2,0.2,0.2,0.1,0.5,0.4,0,0.2,0.2,0.1,0.1,0
23,50,1,5,0.2,0.7,0.6,1.2,1,0.1,0.6,0.3,0.2,0.1,0
24,50,1,1,0,0.2,0.1,0.3,0.2,0,0.1,0.1,0,0,0
28,50,1,10,0.4,1.4,1.1,2.5,2.1,0.1,1.2,0.7,0.4,0.1,0
29,50,1,1,0,0.2,0.1,0.3,0.2,0,0.1,0.1,0,0,0
30,50,1,4,0.2,0.6,0.4,1,0.8,0,0.5,0.3,0.2,0,0
34,50,1,3,0,0.2,0.2,0.4,0.8,0.1,0.5,0.5,0.2,0.1,0
41,50,1,2,0,0.4,0.4,0.1,0.4,0,0.1,0.5,0,0.1,0
42,50,1,8,0.3,0.4,0.2,1.9,0.9,0.3,0.9,1.8,0.6,0.7,0
43,50,1,3,0.1,0.2,0.1,0.7,0.3,0.1,0.3,0.7,0.2,0.3,0
44,50,1,2,0.1,0.1,0,0.5,0.2,0.1,0.2,0.4,0.2,0.2,0
45,50,1,7,0.3,0.4,0.1,1.7,0.8,0.3,0.8,1.5,0.5,0.6,0
46,50,0,74.5,4.5,9.5,4,14,19,2.5,7,3,7,4,0
47,50,0,78,8,7,5,21.5,13,2,10,3,4.5,4,0
48,50,1,6,0.4,0.7,0.5,1.1,1.2,0.2,0.6,0.5,0.5,0.3,0
54,50,1,5,0.4,0.6,0.3,1,1,0.2,0.4,0.6,0.5,0,0
64,50,1,4,0.5,0.3,0.1,1.2,0.7,0.2,0.4,0.1,0.4,0.1,0
66,50,1,2,0.3,0.1,0.1,0.6,0.3,0.1,0.2,0.1,0.2,0,0
70,50,1,6,0.8,0.4,0.2,1.9,1,0.3,0.6,0.2,0.5,0.1,0
78,50,1,2,0.1,0.2,0.1,0.3,0.4,0.1,0.3,0.3,0.1,0.1,0
79,50,1,3,0.2,0.3,0.2,0.4,0.5,0.2,0.5,0.5,0.1,0.1,0
80,50,1,4,0.2,0.4,0.3,0.5,0.7,0.2,0.7,0.7,0.1,0.2,0
92,50,1,1,0.1,0.1,0.1,0.2,0.2,0,0.1,0.1,0.1,0,0
93,50,1,5,0.2,0.7,0.3,1,1.1,0.2,0.5,0.3,0.5,0.2,0
96,50,1,1,0.1,0.1,0.1,0.2,0.2,0,0.1,0.1,0.1,0,0
102,50,1,2,0.1,0.3,0.2,0.3,0.6,0.1,0.1,0.1,0.1,0.1,0
105,50,1,9,0.5,1.2,1,1.2,2.6,0.4,0.4,0.5,0.7,0.5,0
109,50,1,2,0.1,0.3,0.2,0.3,0.6,0.1,0.1,0.1,0.1,0.1,0
118,50,1,2,0.1,0.1,0.1,0.3,0.4,0.1,0.3,0.2,0.3,0.1,0
122,50,1,6,0.3,0.2,0.3,1.3,1.2,0.3,1.5,0,0.7,0.2,0
125,50,1,5,0.2,0.2,0.3,1.1,1,0.3,1.2,0,0.6,0.1,0
0,51,1,14,1.3,1.1,0.9,4.2,1.6,0.2,2,1.1,0.9,0.7,0
1,51,1,6,0.5,0.5,0.4,1.8,0.7,0.1,0.8,0.5,0.4,0.3,0
2,51,1,2,0.2,0.1,0,0.5,0.3,0.1,0.2,0.3,0.2,0.1,0
11,51,1,1,0,0.1,0.1,0.2,0.3,0,0.1,0.1,0.1,0,0
23,51,1,3,0.1,0.4,0.3,0.7,0.6,0.1,0.4,0.2,0.1,0.1,0
30,51,1,2,0.1,0.3,0.2,0.5,0.4,0,0.3,0.1,0.1,0,0
34,51,1,3,0,0.2,0.2,0.4,0.8,0.1,0.5,0.5,0.2,0.1,0
36,51,1,6,0.1,0.5,0.3,0.7,1.5,0.2,1.1,0.9,0.5,0.2,0
37,51,1,2,0,0.4,0.4,0.1,0.4,0,0.1,0.5,0,0.1,0
40,51,1,2,0,0.4,0.4,0.1,0.4,0,0.1,0.5,0,0.1,0
41,51,1,2,0,0.4,0.4,0.1,0.4,0,0.1,0.5,0,0.1,0
45,51,1,2,0.1,0.1,0,0.5,0.2,0.1,0.2,0.4,0.2,0.2,0
46,51,0,67,3,9,7,17,17,2,4,3,4,1,0
47,51,0,105,4,10,4,22,21,5,10,7,18,4,0
48,51,1,25,1.8,3.1,1.9,4.6,4.9,0.9,2.5,2.2,1.9,1.2,0
49,51,1,2,0.1,0.2,0.2,0.4,0.4,0.1,0.2,0.2,0.1,0.1,0
54,51,1,1,0.1,0.1,0.1,0.2,0.2,0,0.1,0.1,0.1,0,0
60,51,1,3,0,0.2,0.3,0.8,0.5,0.2,0,0.2,0.5,0.3,0
65,51,1,4,0.5,0.3,0.1,1.2,0.7,0.2,0.4,0.1,0.4,0.1,0
70,51,1,2,0.3,0.1,0.1,0.6,0.3,0.1,0.2,0.1,0.2,0,0
75,51,1,2,0.1,0.2,0.1,0.3,0.4,0.1,0.3,0.3,0.1,0.1,0
83,51,1,2,0.1,0.2,0.2,0.4,0.4,0,0.3,0,0.2,0.2,0
87,51,1,4,0.2,0.3,0.3,0.8,0.9,0,0.5,0.1,0.5,0.4,0
89,51,1,4,0.2,0.3,0.3,0.8,0.9,0,0.5,0.1,0.5,0.4,0
91,51,1,1,0.1,0.1,0.1,0.2,0.2,0,0.1,0,0.1,0.1,0
93,51,1,6,0.3,0.8,0.4,1.2,1.3,0.2,0.6,0.4,0.6,0.2,0
94,51,1,3,0.1,0.4,0.2,0.6,0.7,0.1,0.3,0.2,0.3,0.1,0
97,51,1,13,0.9,1.2,0.2,2.2,3.3,0.3,1.5,1.5,1.7,0.2,0
100,51,1,19,1.4,1.8,0.2,3.2,4.7,0.4,2.3,2.3,2.5,0.2,0
101,51,1,10,0.7,1,0.1,1.7,2.5,0.2,1.2,1.2,1.3,0.1,0
107,51,1,2,0.1,0.3,0.2,0.3,0.6,0.1,0.1,0.1,0.1,0.1,0
111,51,1,5,0.3,0.6,0.6,0.7,1.4,0.2,0.2,0.3,0.4,0.3,0
117,51,1,5,0.2,0.3,0.2,0.9,1,0.2,0.9,0.4,0.7,0.2,0
125,51,1,3,0.1,0.1,0.2,0.7,0.6,0.1,0.7,0,0.4,0.1,0
1,52,1,12,1.1,0.9,0.8,3.6,1.4,0.2,1.7,0.9,0.8,0.6,0
2,52,1,4,0.5,0.3,0,1,0.6,0.2,0.4,0.5,0.3,0.2,0
3,52,1,11,1.4,0.7,0,2.9,1.7,0.5,1,1.4,0.9,0.5,0
9,52,1,9,0.3,0.8,0.6,1.7,2.4,0.3,0.6,1.1,1,0.2,0
13,52,1,4,0.5,0.3,0.2,1.1,0.7,0.1,0.3,0.4,0.2,0.2,0
21,52,1,1,0.1,0.1,0.1,0.3,0.2,0,0.1,0.1,0,0,0
28,52,1,1,0,0.2,0.1,0.3,0.2,0,0.1,0.1,0,0,0
31,52,1,1,0,0.2,0.1,0.3,0.2,0,0.1,0.1,0,0,0
35,52,1,6,0.1,0.5,0.3,0.7,1.5,0.2,1.1,0.9,0.5,0.2,0
40,52,1,5,0,0.9,0.9,0.3,1,0,0.3,1.2,0,0.4,0
42,52,1,1,0,0.1,0,0.3,0.1,0,0.1,0.2,0.1,0.1,0
43,52,1,2,0.1,0.1,0,0.5,0.2,0.1,0.2,0.4,0.2,0.2,0
44,52,1,3,0.1,0.2,0.1,0.7,0.3,0.1,0.3,0.7,0.2,0.3,0
46,52,0,52.5,1.5,11,5,7,14,2,7,2,3,0,0
47,52,0,92.5,11,9,7,23,18,4,6,5,6.5,3,0
48,52,1,33,2.4,4.1,2.5,6.1,6.5,1.2,3.3,2.9,2.4,1.6,0
50,52,1,6,0.4,0.7,0.5,1.1,1.2,0.2,0.6,0.5,0.5,0.3,0
57,52,1,2,0,0.2,0.2,0.5,0.4,0.1,0,0.1,0.3,0.2,0
59,52,1,2,0,0.2,0.2,0.5,0.4,0.1,0,0.1,0.3,0.2,0
60,52,1,9,0,0.8,0.8,2.3,1.6,0.5,0,0.5,1.5,1,0
63,52,1,4,0.5,0.3,0.1,1.2,0.7,0.2,0.4,0.1,0.4,0.1,0
67,52,1,2,0.3,0.1,0.1,0.6,0.3,0.1,0.2,0.1,0.2,0,0
69,52,1,2,0.3,0.1,0.1,0.6,0.3,0.1,0.2,0.1,0.2,0,0
73,52,1,4,0.2,0.4,0.3,0.5,0.7,0.2,0.7,0.7,0.1,0.2,0
74,52,1,4,0.2,0.4,0.3,0.5,0.7,0.2,0.7,0.7,0.1,0.2,0
76,52,1,1,0,0.1,0.1,0.1,0.2,0.1,0.2,0.2,0,0,0
78,52,1,12,0.7,1.1,0.9,1.6,2.2,0.7,2,2,0.4,0.4,0
79,52,1,10,0.5,0.9,0.7,1.3,1.8,0.6,1.7,1.7,0.4,0.4,0
80,52,1,6,0.3,0.6,0.5,0.8,1.1,0.3,1,1,0.2,0.2,0
87,52,1,1,0.1,0.1,0.1,0.2,0.2,0,0.1,0,0.1,0.1,0
88,52,1,1.5,0.1,0.1,0.1,0.3,0.3,0,0.2,0,0.2,0.2,0
89,52,1,5,0.3,0.4,0.4,1,1,0,0.7,0.1,0.6,0.5,0
92,52,1,5,0.2,0.7,0.3,1,1.1,0.2,0.5,0.3,0.5,0.2,0
93,52,1,17.5,0.9,2.3,1.1,3.5,3.9,0.6,1.7,1.1,1.7,0.7,0
94,52,1,8,0.4,1,0.5,1.6,1.8,0.3,0.8,0.5,0.8,0.3,0
95,52,1,1,0.1,0.1,0.1,0.2,0.2,0,0.1,0.1,0.1,0,0
106,52,1,4,0.2,0.5,0.5,0.5,1.2,0.2,0.2,0.2,0.3,0.2,0
107,52,1,2,0.1,0.3,0.2,0.3,0.6,0.1,0.1,0.1,0.1,0.1,0
123,52,1,3,0.1,0.1,0.2,0.7,0.6,0.1,0.7,0,0.4,0.1,0
127,52,1,2,0.1,0.1,0.1,0.4,0.4,0.1,0.5,0,0.2,0.1,0
1,53,0,43,5,1,4,10,7,2,1,7,4,2,0
4,53,1,4,0.5,0.3,0,1,0.6,0.2,0.4,0.5,0.3,0.2,0
8,53,1,1,0,0.1,0.1,0.2,0.3,0,0.1,0.1,0.1,0,0
9,53,1,3,0.1,0.3,0.2,0.6,0.8,0.1,0.2,0.4,0.3,0,0
16,53,1,6,0.7,0.5,0.4,1.6,1.1,0.1,0.5,0.6,0.3,0.2,0
19,53,1,12,1.4,1,0.7,3.1,2.2,0.2,1,1.2,0.7,0.5,0
20,53,1,7,0.8,0.6,0.4,1.8,1.3,0.1,0.6,0.7,0.4,0.3,0
22,53,1,4,0.2,0.6,0.4,1,0.8,0,0.5,0.3,0.2,0,0
25,53,1,5,0.2,0.7,0.6,1.2,1,0.1,0.6,0.3,0.2,0.1,0
33,53,1,4,0.1,0.3,0.2,0.5,1,0.1,0.7,0.6,0.3,0.2,0
34,53,1,3,0,0.2,0.2,0.4,0.8,0.1,0.5,0.5,0.2,0.1,0
35,53,1,19,0.2,1.5,1.1,2.2,4.8,0.6,3.4,3,1.5,0.7,0
36,53,1,5,0,0.4,0.3,0.6,1.3,0.1,0.9,0.8,0.4,0.2,0
37,53,1,4,0,0.7,0.7,0.3,0.8,0,0.3,0.9,0,0.3,0
40,53,1,4,0,0.7,0.7,0.3,0.8,0,0.3,0.9,0,0.3,0
41,53,1,1,0,0.2,0.2,0,0.2,0,0.1,0.2,0,0.1,0
44,53,1,3,0.1,0.2,0.1,0.7,0.3,0.1,0.3,0.7,0.2,0.3,0
46,53,1,3,0.1,0.2,0.1,0.7,0.3,0.1,0.3,0.7,0.2,0.3,0
47,53,0,40,6,4,1,16,4,2,3,2,2,0,0
56,53,1,2,0.2,0.2,0.1,0.4,0.4,0.1,0.2,0.2,0.2,0,0
58,53,1,2,0,0.2,0.2,0.5,0.4,0.1,0,0.1,0.3,0.2,0
61,53,1,5,0,0.4,0.4,1.3,0.9,0.3,0,0.3,0.8,0.6,0
63,53,1,3,0.4,0.2,0.1,0.9,0.5,0.2,0.3,0.1,0.3,0,0
64,53,1,4,0.5,0.3,0.1,1.2,0.7,0.2,0.4,0.1,0.4,0.1,0
67,53,1,4,0.5,0.3,0.1,1.2,0.7,0.2,0.4,0.1,0.4,0.1,0
69,53,1,1,0.1,0.1,0,0.3,0.2,0.1,0.1,0,0.1,0,0
72,53,1,2,0.1,0.2,0.1,0.3,0.4,0.1,0.3,0.3,0.1,0.1,0
79,53,1,2,0.1,0.2,0.1,0.3,0.4,0.1,0.3,0.3,0.1,0.1,0
82,53,1,5,0.3,0.4,0.4,1,1,0,0.7,0.1,0.6,0.5,0
85,53,1,5,0.3,0.4,0.4,1,1,0,0.7,0.1,0.6,0.5,0
91,53,1,1,0.1,0.1,0.1,0.2,0.2,0,0.1,0,0.1,0.1,0
93,53,1,5,0.2,0.7,0.3,1,1.1,0.2,0.5,0.3,0.5,0.2,0
94,53,1,11,0.5,1.4,0.7,2.2,2.5,0.4,1.1,0.7,1.1,0.4,0
95,53,1,17,0.8,2.2,1.1,3.4,3.8,0.6,1.7,1.1,1.7,0.6,0
96,53,0,36.5,5,5.5,1,10,5,0,1,3,6,0,0
97,53,1,15,1.1,1.4,0.2,2.5,3.7,0.3,1.8,1.8,2,0.2,0
98,53,1,13,0.9,1.2,0.2,2.2,3.3,0.3,1.5,1.5,1.7,0.2,0
99,53,1,14,1,1.3,0.2,2.3,3.5,0.3,1.7,1.7,1.8,0.2,0
108,53,1,1,0.1,0.1,0.1,0.1,0.3,0,0,0.1,0.1,0.1,0
112,53,1,1,0,0.1,0.1,0.2,0.2,0,0.2,0.1,0.1,0,0
118,53,1,6,0.2,0.4,0.3,1.1,1.1,0.3,1.1,0.5,0.8,0.2,0
127,53,1,2,0.1,0.1,0.1,0.4,0.4,0.1,0.5,0,0.2,0.1,0
1,54,1,3,0,0.8,0,0.3,0.6,0,0.2,0.7,0,0.4,0
4,54,1,4,0.4,0.1,0.2,0.8,0.4,0.1,0.3,1.2,0.3,0.2,0
7,54,1,1,0.1,0.1,0,0.2,0.3,0,0.1,0.1,0.1,0,0
9,54,1,6,0.4,0.9,0,0.9,1.9,0.2,0.4,0.4,0.6,0.3,0
10,54,1,4,0.2,0.6,0,0.6,1.2,0.2,0.3,0.3,0.4,0.2,0
12,54,1,4,0.2,0.3,0.3,0.8,0.7,0.2,0.5,0.5,0.2,0.3,0
17,54,1,5,0.1,0.5,0.4,0.9,1.4,0.2,0.8,0,0.5,0.2,0
21,54,1,4,0.1,0.4,0.3,0.7,1.1,0.2,0.6,0,0.4,0.2,0
22,54,1,3,0.3,0.1,0.4,0.4,0.5,0,0.3,0.5,0,0.5,0
29,54,1,8,0.3,0.9,0.4,2.1,1.2,0.3,0.5,1.1,0.9,0.3,0
35,54,1,6,0,0.8,0.4,0.8,1.8,0,0.6,0.8,0.5,0.3,0
36,54,1,3,0,0.4,0.2,0.4,0.9,0,0.3,0.4,0.3,0.1,0
37,54,1,5,0.4,0.3,0.6,1.1,0.7,0.1,0.8,0.3,0.5,0.2,0
39,54,1,7,0.6,0.5,0.8,1.5,1,0.1,1.1,0.5,0.7,0.2,0
40,54,1,3,0.3,0.2,0.3,0.6,0.4,0.1,0.5,0.2,0.3,0.1,0
43,54,1,13,0,2.5,0.8,1.5,3.1,0.4,1.3,1.4,1,1,0
44,54,1,2,0,0.4,0.1,0.2,0.5,0.1,0.2,0.2,0.1,0.2,0
45,54,1,4,0,0.8,0.2,0.5,1,0.1,0.4,0.4,0.3,0.3,0
53,54,1,8,0.3,0.5,0.3,1.1,1.1,0.3,1.7,1.9,0.3,0.5,0
54,54,1,4,0.1,0.3,0.1,0.6,0.6,0.1,0.8,1,0.1,0.3,0
55,54,1,2,0,0.1,0.1,0.3,0.3,0.1,0.4,0.5,0.1,0.1,0
57,54,1,5,0.4,0.4,0.5,0.8,1.1,0,1,0.4,0.3,0.1,0
58,54,1,5,0.4,0.4,0.5,0.8,1.1,0,1,0.4,0.3,0.1,0
59,54,1,4,0.3,0.3,0.4,0.6,0.9,0,0.9,0.3,0.2,0.1,0
60,54,1,2,0.1,0.2,0.2,0.3,0.5,0,0.4,0.2,0.1,0,0
66,54,1,4,0.2,0.6,0.2,0.8,1,0,0.2,0.6,0.4,0,0
67,54,1,2,0.1,0.3,0.1,0.4,0.5,0,0.1,0.3,0.2,0,0
68,54,1,5,0.2,0.8,0.3,0.9,1.2,0,0.3,0.8,0.5,0,0
71,54,1,2,0.1,0.3,0.1,0.4,0.5,0,0.1,0.3,0.2,0,0
74,54,1,2,0.1,0.3,0.1,0.4,0.2,0.1,0.3,0.2,0.2,0.1,0
77,54,1,4,0.3,0.3,0.4,0.8,0.9,0.1,0.6,0.3,0.2,0.1,0
78,54,1,7,0.5,0.5,0.7,1.4,1.6,0.2,1,0.5,0.4,0.2,0
79,54,1,1,0.1,0.1,0.1,0.2,0.2,0,0.1,0.1,0.1,0,0
85,54,1,5,0.3,0.7,0,0.3,1.3,0.1,1,0.4,0.6,0.3,0
92,54,1,1,0,0.2,0.1,0.2,0.2,0,0.1,0.1,0,0.1,0
93,54,1,3,0.1,0.6,0.2,0.6,0.5,0.2,0.2,0.3,0.1,0.2,0
94,54,1,13,0.5,2.4,1,2.4,2.3,0.8,1,1.2,0.5,0.9,0
95,54,0,32,0,3,3,1,9,0,6,4,2,4,0
96,54,0,53,0,2,4,6,10,1,5,14,1,10,0
97,54,0,75,4,2,4,9,4,2,17,19,1,13,0
98,54,0,37,1,3,5,8,8,0,2,2,3,5,0
99,54,0,37,2,6,0,11,4,3,4,5,2,0,0
100,54,1,4,0.1,0.3,0.4,0.6,0.8,0,0.6,0.8,0.1,0.3,0
101,54,1,9,0.1,0.6,1,1.3,1.9,0,1.3,1.9,0.2,0.7,0
102,54,1,4,0,0.3,0.6,0.6,0.8,0.1,1.2,0.1,0.2,0.1,0
117,54,1,4,0.1,0.3,0.2,0.7,0.8,0.2,0.7,0.3,0.5,0.2,0
122,54,1,4,0,0.8,0.2,0.3,0.8,0.1,0.6,0.4,0.3,0.5,0
125,54,1,3,0,0.6,0.2,0.2,0.6,0.1,0.4,0.3,0.2,0.4,0
126,54,1,2,0,0.4,0.1,0.2,0.4,0,0.3,0.2,0.2,0.2,0
1,55,0,26,1.5,1,1,8,2,0,1,4,1.5,6,0
2,55,0,41,4.5,1.5,1,10,5,2.5,2,2,7.5,5,0
3,55,1,17,1.7,0.4,0.7,3.6,1.7,0.2,1.2,5.3,1.5,0.7,0
8,55,1,2,0.1,0.3,0,0.3,0.6,0.1,0.1,0.2,0.2,0.1,0
9,55,1,7,0.4,1,0,1.1,2.2,0.3,0.5,0.5,0.7,0.3,0
10,55,1,2,0.1,0.3,0,0.3,0.6,0.1,0.1,0.2,0.2,0.1,0
14,55,1,12,0.8,0.8,1,2.3,2.1,0.6,1.5,1.5,0.6,0.8,0
29,55,1,3,0.1,0.4,0.1,0.8,0.4,0.1,0.2,0.4,0.4,0.1,0
33,55,1,1,0,0.1,0.1,0.1,0.3,0,0.1,0.1,0.1,0.1,0
34,55,1,3,0,0.4,0.2,0.4,0.9,0,0.3,0.4,0.3,0.1,0
36,55,1,4,0,0.5,0.3,0.5,1.2,0,0.4,0.5,0.4,0.2,0
37,55,0,35,2,9,2,9,10,0,0,2,1,0,0
38,55,1,30,2.5,2,3.4,6.4,4.4,0.5,4.9,2,2.9,1,0
39,55,1,1,0.1,0.1,0.1,0.2,0.1,0,0.2,0.1,0.1,0,0
40,55,1,2,0.2,0.1,0.2,0.4,0.3,0.1,0.3,0.1,0.2,0.1,0
53,55,1,2,0,0.1,0.1,0.3,0.3,0.1,0.4,0.5,0.1,0.1,0
54,55,1,4,0.1,0.3,0.1,0.6,0.6,0.1,0.8,1,0.1,0.3,0
55,55,1,4,0.1,0.3,0.1,0.6,0.6,0.1,0.8,1,0.1,0.3,0
57,55,1,2,0.1,0.2,0.2,0.3,0.5,0,0.4,0.2,0.1,0,0
58,55,1,3,0.2,0.2,0.3,0.5,0.7,0,0.6,0.2,0.2,0.1,0
59,55,1,5,0.4,0.4,0.5,0.8,1.1,0,1,0.4,0.3,0.1,0
66,55,1,2,0.1,0.3,0.1,0.4,0.5,0,0.1,0.3,0.2,0,0
73,55,1,5,0.2,0.7,0.2,1,0.6,0.2,0.7,0.5,0.6,0.3,0
74,55,1,4,0.1,0.6,0.1,0.9,0.5,0.1,0.6,0.4,0.5,0.2,0
75,55,1,4,0.1,0.6,0.1,0.9,0.5,0.1,0.6,0.4,0.5,0.2,0
77,55,1,3,0.2,0.2,0.3,0.6,0.7,0.1,0.4,0.2,0.2,0.1,0
84,55,1,4,0.2,0.5,0,0.2,1.1,0.1,0.9,0.3,0.5,0.2,0
88,55,1,1,0,0.1,0,0.1,0.3,0,0.2,0.1,0.1,0.1,0
93,55,1,25.5,1,4.7,2,4.7,4.5,1.5,2,2.3,1,1.8,0
94,55,0,42,0,5.5,6,3,14,3,3,4,3.5,0,0
95,55,1,3,0.1,0.6,0.2,0.6,0.5,0.2,0.2,0.3,0.1,0.2,0
96,55,0,56,2,5,6,9,9,1,6,11,0,7,0
97,55,0,103.5,3,4,8,16,22,3,8,16,11.5,12,0
98,55,0,82,2.5,11,3,13,17,0.5,7,10,5,13,0
99,55,0,41,1,9,2,5,12,0,4,5,2,1,0
100,55,0,33,1,4,1,3,8,0,6,9,1,0,0
101,55,0,25,0,3,0,5,5,1,7,3,1,0,0
102,55,1,6,0,0.3,0.9,0.9,1.2,0.2,1.8,0.2,0.3,0.2,0
105,55,1,4,0,0.3,0.6,0.6,0.8,0.1,1.2,0.1,0.2,0.1,0
111,55,1,2,0.1,0.1,0.1,0.3,0.4,0,0.7,0.1,0.1,0.1,0
0,56,0,33,1,2,2,11,0,3,1,4,3,6,0
1,56,0,101.5,6,7,7,26,19,2,9,12,8.5,5,0
2,56,0,121.5,8,10,5,24,25,4,15,9,9.5,12,0
3,56,0,66,6,3,2,14,11,2,7,13,2,6,0
4,56,1,7,0.7,0.1,0.3,1.5,0.7,0.1,0.5,2.2,0.6,0.3,0
8,56,1,4,0.2,0.6,0,0.6,1.2,0.2,0.3,0.3,0.4,0.2,0
10,56,1,3,0.2,0.4,0,0.5,1,0.1,0.2,0.2,0.3,0.1,0
13,56,1,6,0.4,0.4,0.5,1.1,1,0.3,0.8,0.8,0.3,0.4,0
15,56,1,1,0.1,0.1,0.1,0.2,0.2,0,0.1,0.1,0,0.1,0
17,56,1,10,0.2,1.1,0.8,1.7,2.8,0.4,1.5,0,1.1,0.4,0
18,56,1,9,0.2,1,0.8,1.5,2.5,0.4,1.3,0,0.9,0.4,0
25,56,1,2,0.2,0.1,0.3,0.3,0.3,0,0.2,0.3,0,0.3,0
26,56,1,4,0.4,0.1,0.5,0.5,0.7,0,0.4,0.7,0,0.7,0
31,56,1,2,0.1,0.2,0.1,0.5,0.3,0.1,0.1,0.3,0.2,0.1,0
37,56,1,3,0.3,0.2,0.3,0.6,0.4,0.1,0.5,0.2,0.3,0.1,0
56,56,1,1,0,0.1,0,0.1,0.2,0,0.2,0.3,0,0.1,0
59,56,1,4,0.3,0.3,0.4,0.6,0.9,0,0.9,0.3,0.2,0.1,0
60,56,1,8,0.6,0.6,0.8,1.2,1.8,0,1.7,0.6,0.5,0.2,0
64,56,1,2,0.1,0.3,0.1,0.4,0.5,0,0.1,0.3,0.2,0,0
65,56,1,5,0.2,0.8,0.3,0.9,1.2,0,0.3,0.8,0.5,0,0
69,56,1,5,0.2,0.8,0.3,0.9,1.2,0,0.3,0.8,0.5,0,0
71,56,1,2,0.1,0.3,0.1,0.4,0.5,0,0.1,0.3,0.2,0,0
75,56,1,4,0.1,0.6,0.1,0.9,0.5,0.1,0.6,0.4,0.5,0.2,0
76,56,1,6,0.2,0.9,0.2,1.3,0.7,0.2,0.9,0.6,0.7,0.3,0
80,56,1,5,0.3,0.3,0.5,1,1.1,0.2,0.7,0.4,0.3,0.2,0
81,56,1,4,0.3,0.3,0.4,0.8,0.9,0.1,0.6,0.3,0.2,0.1,0
83,56,1,7,0.4,0.9,0,0.4,1.8,0.2,1.5,0.5,0.9,0.4,0
85,56,1,2,0.1,0.3,0,0.1,0.5,0,0.4,0.2,0.3,0.1,0
88,56,1,3,0.1,0.4,0,0.2,0.8,0.1,0.6,0.2,0.4,0.2,0
93,56,0,42,0,8,3,9,10,2,0,2,8,0,0
94,56,0,64.5,4,10,3,13,17,3,4,2,8.5,0,0
95,56,1,13.5,0.5,2.5,1.1,2.5,2.4,0.8,1.1,1.2,0.5,0.9,0
96,56,0,60,4,5,1,13,10,1,7,6,6,7,0
97,56,1,18,0.3,1.2,2,2.6,3.8,0,2.6,3.8,0.3,1.4,0
100,56,1,9,0.1,0.6,1,1.3,1.9,0,1.3,1.9,0.2,0.7,0
102,56,1,14,0,0.8,2.1,2.1,2.9,0.4,4.1,0.4,0.8,0.4,0
103,56,1,4,0,0.3,0.6,0.6,0.8,0.1,1.2,0.1,0.2,0.1,0
0,57,0,45,1,4,5,11,6,1,3,8,2,4,0
1,57,0,75.5,5,4.5,6.5,19,9,2.5,7,8,6,8,0
2,57,0,98,4,24,3,20,21,0,5,5,12,4,0
3,57,0,93.5,2,15.5,8,23,20,3,6,3,12,1,0
4,57,1,2,0.2,0.1,0.1,0.4,0.2,0,0.1,0.6,0.2,0.1,0
6,57,1,2,0.2,0.1,0.1,0.4,0.2,0,0.1,0.6,0.2,0.1,0
10,57,1,9,0.6,1.3,0,1.4,2.8,0.4,0.6,0.6,0.9,0.4,0
15,57,1,5,0.3,0.3,0.4,1,0.9,0.2,0.7,0.7,0.2,0.3,0
18,57,1,3,0.1,0.3,0.3,0.5,0.8,0.1,0.5,0,0.3,0.1,0
21,57,1,7,0.2,0.8,0.6,1.2,1.9,0.3,1,0,0.7,0.3,0
22,57,1,2,0.2,0.1,0.3,0.3,0.3,0,0.2,0.3,0,0.3,0
28,57,1,5,0.2,0.6,0.2,1.3,0.7,0.2,0.3,0.7,0.6,0.2,0
30,57,1,4,0.1,0.5,0.2,1.1,0.6,0.1,0.3,0.5,0.5,0.1,0
31,57,1,33,1.1,3.9,1.6,8.8,4.9,1.1,2.2,4.4,3.9,1.1,0
32,57,1,23,0,3.1,1.6,3.1,6.8,0,2.1,3.1,2.1,1.1,0
38,57,1,6,0.5,0.4,0.7,1.2,0.9,0.1,1,0.4,0.6,0.2,0
44,57,1,3,0,0.6,0.2,0.4,0.7,0.1,0.3,0.3,0.2,0.2,0
56,57,1,4,0.1,0.3,0.1,0.6,0.6,0.1,0.8,1,0.1,0.3,0
58,57,1,8,0.6,0.6,0.8,1.2,1.8,0,1.7,0.6,0.5,0.2,0
59,57,1,2,0.1,0.2,0.2,0.3,0.5,0,0.4,0.2,0.1,0,0
68,57,1,3,0.1,0.4,0.2,0.6,0.7,0,0.2,0.5,0.3,0,0
69,57,1,9,0.3,1.4,0.5,1.7,2.3,0,0.5,1.4,0.9,0,0
74,57,1,2,0.1,0.3,0.1,0.4,0.2,0.1,0.3,0.2,0.2,0.1,0
75,57,1,18,0.6,2.5,0.7,3.8,2.2,0.6,2.5,1.9,2.2,1,0
77,57,1,3,0.2,0.2,0.3,0.6,0.7,0.1,0.4,0.2,0.2,0.1,0
93,57,1,7,0.3,1.3,0.5,1.3,1.2,0.4,0.6,0.6,0.3,0.5,0
95,57,1,6,0.2,1.1,0.5,1.1,1.1,0.4,0.5,0.5,0.2,0.4,0
96,57,0,39,0,0,4,4,2,1,5,13,2,8,0
97,57,1,14,0.2,0.9,1.6,2,3,0,2,3,0.2,1.1,0
98,57,1,4,0.1,0.3,0.4,0.6,0.8,0,0.6,0.8,0.1,0.3,0
104,57,1,2,0,0.1,0.3,0.3,0.4,0,0.6,0.1,0.1,0.1,0
108,57,1,1,0.1,0,0,0.1,0.2,0,0.3,0.1,0.1,0.1,0
126,57,1,5,0,1,0.3,0.4,1,0.1,0.7,0.5,0.4,0.6,0
0,58,0,51,1,2,4,10,7,2,6,9,2,8,0
1,58,0,44,2,5,2,7,10,2,2,10,0,4,0
2,58,0,47,4,6,3,11,10,4,1,1,5,2,0
3,58,0,83,7,8.5,4.5,17,19,2,4,10,11,0,0
4,58,1,12.5,1.2,0.3,0.5,2.7,1.2,0.2,0.9,3.9,1.1,0.5,0
5,58,1,9,0.9,0.2,0.4,1.9,0.9,0.1,0.6,2.8,0.8,0.4,0
6,58,1,17,1.7,0.4,0.7,3.6,1.7,0.2,1.2,5.3,1.5,0.7,0
7,58,1,7,0.4,1,0,1.1,2.2,0.3,0.5,0.5,0.7,0.3,0
15,58,1,4,0.2,0.3,0.3,0.8,0.7,0.2,0.5,0.5,0.2,0.3,0
18,58,1,2,0,0.2,0.2,0.3,0.6,0.1,0.3,0,0.2,0.1,0
19,58,1,4,0.1,0.4,0.3,0.7,1.1,0.2,0.6,0,0.4,0.2,0
21,58,1,3,0.1,0.3,0.3,0.5,0.8,0.1,0.5,0,0.3,0.1,0
24,58,1,7,0.7,0.2,0.9,0.9,1.2,0,0.7,1.2,0,1.2,0
25,58,1,1,0.1,0,0.1,0.1,0.2,0,0.1,0.2,0,0.2,0
29,58,1,3,0.1,0.4,0.1,0.8,0.4,0.1,0.2,0.4,0.4,0.1,0
31,58,1,2,0.1,0.2,0.1,0.5,0.3,0.1,0.1,0.3,0.2,0.1,0
32,58,0,38,1,4,4,5,6,1,5,9,3,0,0
33,58,1,2,0,0.2,0.1,0.3,0.6,0,0.2,0.3,0.2,0.1,0
34,58,1,2,0,0.2,0.1,0.3,0.6,0,0.2,0.3,0.2,0.1,0
37,58,1,2,0.2,0.1,0.2,0.4,0.3,0.1,0.3,0.1,0.2,0.1,0
38,58,1,2,0.2,0.1,0.2,0.4,0.3,0.1,0.3,0.1,0.2,0.1,0
42,58,1,4,0,0.8,0.2,0.5,1,0.1,0.4,0.4,0.3,0.3,0
43,58,1,3,0,0.6,0.2,0.4,0.7,0.1,0.3,0.3,0.2,0.2,0
57,58,1,4,0.3,0.3,0.4,0.6,0.9,0,0.9,0.3,0.2,0.1,0
64,58,1,1,0,0.1,0.1,0.2,0.2,0,0.1,0.2,0.1,0,0
66,58,1,3,0.1,0.4,0.2,0.6,0.7,0,0.2,0.5,0.3,0,0
69,58,1,2,0.1,0.3,0.1,0.4,0.5,0,0.1,0.3,0.2,0,0
70,58,1,2,0.1,0.3,0.1,0.4,0.5,0,0.1,0.3,0.2,0,0
73,58,1,7,0.2,1,0.2,1.5,0.9,0.2,1,0.7,0.9,0.4,0
74,58,1,5,0.2,0.7,0.2,1,0.6,0.2,0.7,0.5,0.6,0.3,0
86,58,1,5,0.3,0.7,0,0.3,1.3,0.1,1,0.4,0.6,0.3,0
93,58,1,6,0.2,1.1,0.5,1.1,1.1,0.4,0.5,0.5,0.2,0.4,0
94,58,1,23,0.9,4.3,1.8,4.3,4.1,1.3,1.8,2,0.9,1.6,0
96,58,1,1,0,0.2,0.1,0.2,0.2,0,0.1,0.1,0,0.1,0
97,58,1,4,0.1,0.3,0.4,0.6,0.8,0,0.6,0.8,0.1,0.3,0
107,58,1,1,0.1,0,0,0.1,0.2,0,0.3,0.1,0.1,0.1,0
108,58,1,4,0.2,0.1,0.1,0.6,0.8,0,1.4,0.3,0.2,0.3,0
116,58,1,7,0.2,0.5,0.3,1.3,1.4,0.3,1.3,0.6,0.9,0.2,0
122,58,1,2,0,0.4,0.1,0.2,0.4,0,0.3,0.2,0.2,0.2,0
123,58,1,2,0,0.4,0.1,0.2,0.4,0,0.3,0.2,0.2,0.2,0
0,59,0,135,4,22.5,13,30,32,2,15,8,5.5,3,0
1,59,0,69,9,6.5,5,26,8,4,3,1,6.5,0,0
2,59,1,4,0.2,0.4,0.7,0.8,0.8,0.2,0.3,0,0.2,0.4,0
3,59,1,7,0.3,0.8,1.2,1.4,1.4,0.4,0.5,0,0.4,0.6,0
7,59,1,3,0.1,0.3,0.5,0.6,0.6,0.2,0.2,0,0.2,0.3,0
13,59,1,2,0.1,0.1,0.2,0.4,0.3,0.1,0.3,0.3,0.1,0.1,0
24,59,1,4,0.1,0.8,0.4,0.2,1.3,0.1,0.4,0.4,0.1,0.2,0
25,59,1,3,0.1,0.6,0.2,0.2,1,0.1,0.2,0.3,0.1,0.2,0
34,59,1,4,0,0.6,0,0.8,0.8,0,0.7,0.7,0.2,0.2,0
36,59,1,2,0,0.3,0,0.4,0.4,0,0.3,0.4,0.1,0.1,0
37,59,1,10,0.5,0.7,0.5,2,1.3,1,0.8,2,1.2,0,0
38,59,1,3,0.1,0.2,0.2,0.6,0.4,0.3,0.2,0.6,0.4,0,0
41,59,1,2,0.1,0.2,0.1,0.4,0.2,0.2,0.2,0.4,0.2,0,0
43,59,1,2,0,0.4,0.1,0.2,0.5,0.1,0.2,0.2,0.1,0.2,0
47,59,1,1,0,0.2,0.1,0.1,0.2,0,0.1,0.1,0.1,0.1,0
51,59,1,3,0,0.6,0.2,0.4,0.7,0.1,0.3,0.3,0.2,0.2,0
58,59,1,3,0.1,0.5,0.1,0.2,1.1,0,0.3,0.3,0.3,0.1,0
65,59,1,3,0.1,0.4,0.2,0.6,0.7,0,0.2,0.5,0.3,0,0
73,59,1,4,0.3,0.3,0.4,0.8,0.9,0.1,0.6,0.3,0.2,0.1,0
77,59,1,3,0.2,0.2,0.3,0.6,0.7,0.1,0.4,0.2,0.2,0.1,0
87,59,1,6,0.3,0.6,0.8,1.1,1.4,0,0.3,0.6,0.8,0.1,0
90,59,1,2,0.1,0.2,0.3,0.4,0.5,0,0.1,0.2,0.2,0,0
91,59,1,10,0.5,1,1.3,1.8,2.3,0,0.5,1,1.3,0.3,0
92,59,1,2,0,0.4,0.1,0.5,0.5,0.1,0.3,0,0.1,0,0
97,59,1,3,0,0.6,0.1,0.7,0.7,0.2,0.5,0,0.2,0,0
101,59,1,4,0.1,0.7,0.1,0.9,0.9,0.3,0.7,0,0.2,0.1,0
111,59,1,7,0.4,0.2,0.2,1.1,1.3,0,2.4,0.5,0.4,0.5,0
112,59,1,5,0.2,0.3,0.2,0.9,1,0.2,0.9,0.4,0.7,0.2,0
122,59,1,1,0,0.1,0.1,0.1,0.2,0,0.2,0.2,0,0.1,0
0,60,0,59,6,4,3,16,11,4,3,2,10,0,0
1,60,1,8,0.5,0.6,0.1,1.9,1.8,1,0.8,0.4,0.8,0.1,0
7,60,1,11,0.4,1.2,1.8,2.3,2.3,0.6,0.8,0,0.6,1,0
9,60,1,3,0.1,0.3,0.5,0.6,0.6,0.2,0.2,0,0.2,0.3,0
16,60,1,2,0.1,0.1,0.2,0.4,0.3,0.1,0.3,0.3,0.1,0.1,0
26,60,1,2,0,0.4,0.2,0.1,0.6,0.1,0.2,0.2,0.1,0.1,0
34,60,1,2,0,0.3,0,0.4,0.4,0,0.3,0.4,0.1,0.1,0
37,60,1,5,0.2,0.4,0.3,1,0.6,0.5,0.4,1,0.6,0,0
41,60,1,3,0.1,0.2,0.2,0.6,0.4,0.3,0.2,0.6,0.4,0,0
45,60,1,2,0,0.4,0.1,0.2,0.5,0.1,0.2,0.2,0.1,0.2,0
46,60,1,2,0,0.4,0.1,0.2,0.5,0.1,0.2,0.2,0.1,0.2,0
52,60,1,1,0,0.2,0,0.1,0.4,0,0.1,0.1,0.1,0,0
67,60,1,6,0.1,1,0.7,0.8,1.6,0,0.8,0.7,0.3,0,0
72,60,1,2,0.1,0.1,0.2,0.4,0.5,0.1,0.3,0.1,0.1,0.1,0
75,60,1,1,0.1,0.1,0.1,0.2,0.2,0,0.1,0.1,0.1,0,0
82,60,1,2,0.1,0.3,0,0.1,0.5,0,0.4,0.2,0.3,0.1,0
83,60,1,2,0.1,0.3,0,0.1,0.5,0,0.4,0.2,0.3,0.1,0
108,60,1,10,0.6,0.3,0.3,1.6,1.9,0,3.5,0.6,0.6,0.6,0
110,60,1,2,0.1,0.1,0.1,0.3,0.4,0,0.7,0.1,0.1,0.1,0
112,60,1,2,0.1,0.1,0.1,0.3,0.4,0.1,0.3,0.2,0.3,0.1,0
114,60,1,2,0.1,0.1,0.1,0.3,0.4,0.1,0.3,0.2,0.3,0.1,0
119,60,1,2,0.1,0.1,0.1,0.3,0.4,0.1,0.3,0.2,0.3,0.1,0
124,60,1,4,0,0.4,0.3,0.3,1,0.1,0.7,0.8,0.2,0.2,0
0,61,1,3,0.2,0.2,0,0.7,0.7,0.4,0.3,0.2,0.3,0,0
1,61,1,3,0.2,0.2,0,0.7,0.7,0.4,0.3,0.2,0.3,0,0
6,61,1,4,0.2,0.4,0.7,0.8,0.8,0.2,0.3,0,0.2,0.4,0
15,61,1,3,0.2,0.2,0.2,0.6,0.5,0.1,0.4,0.4,0.2,0.2,0
16,61,1,3,0.2,0.2,0.2,0.6,0.5,0.1,0.4,0.4,0.2,0.2,0
26,61,1,7,0.2,1.5,0.6,0.4,2.3,0.2,0.6,0.6,0.2,0.4,0
29,61,1,5,0.5,0.2,0.7,0.7,0.8,0,0.5,0.8,0,0.8,0
30,61,1,2,0.2,0.1,0.3,0.3,0.3,0,0.2,0.3,0,0.3,0
34,61,1,6,0,1,0,1.2,1.3,0,1,1,0.2,0.3,0
36,61,1,7,0,1.2,0,1.4,1.4,0,1.2,1.2,0.3,0.3,0
41,61,1,4,0.2,0.3,0.2,0.8,0.5,0.4,0.3,0.8,0.5,0,0
52,61,1,2,0,0.3,0,0.2,0.8,0,0.2,0.2,0.2,0.1,0
53,61,1,4,0.1,0.7,0.1,0.3,1.5,0,0.3,0.5,0.4,0.1,0
68,61,1,2,0,0.4,0.2,0.3,0.5,0,0.3,0.2,0.1,0,0
71,61,1,4,0.1,0.7,0.4,0.5,1.1,0,0.5,0.5,0.2,0,0
72,61,1,2,0.1,0.1,0.2,0.4,0.5,0.1,0.3,0.1,0.1,0.1,0
79,61,1,5,0.3,0.3,0.5,1,1.1,0.2,0.7,0.4,0.3,0.2,0
83,61,1,1,0,0.1,0,0.1,0.3,0,0.2,0.1,0.1,0.1,0
89,61,1,1,0.1,0.1,0.1,0.2,0.2,0,0.1,0.1,0.1,0,0
90,61,1,10,0.5,1,1.3,1.8,2.3,0,0.5,1,1.3,0.3,0
92,61,1,2,0,0.4,0.1,0.5,0.5,0.1,0.3,0,0.1,0,0
93,61,1,1,0,0.2,0,0.2,0.2,0.1,0.2,0,0.1,0,0
94,61,1,16,0.3,3,0.5,3.6,3.6,1.1,2.8,0,0.8,0.3,0
96,61,1,6,0.1,1.1,0.2,1.4,1.4,0.4,1,0,0.3,0.1,0
104,61,1,1,0.1,0,0,0.1,0.2,0,0.3,0.1,0.1,0.1,0
116,61,1,2,0.1,0.1,0.1,0.3,0.4,0.1,0.3,0.2,0.3,0.1,0
126,61,1,12,0,1.3,1,1,2.9,0.3,1.9,2.3,0.6,0.7,0
127,61,1,4,0.6,0.4,0.2,1,0.5,0.1,0.2,0.4,0.5,0.1,0
6,62,1,7,0.3,0.8,1.2,1.4,1.4,0.4,0.5,0,0.4,0.6,0
9,62,1,5,0.2,0.5,0.8,1,1,0.3,0.4,0,0.3,0.5,0
12,62,1,4,0.2,0.3,0.3,0.8,0.7,0.2,0.5,0.5,0.2,0.3,0
14,62,1,4,0.2,0.3,0.3,0.8,0.7,0.2,0.5,0.5,0.2,0.3,0
15,62,1,1,0.1,0.1,0.1,0.2,0.2,0,0.1,0.1,0,0.1,0
19,62,1,2,0.1,0.1,0.2,0.4,0.3,0.1,0.3,0.3,0.1,0.1,0
20,62,1,5,0.3,0.3,0.4,1,0.9,0.2,0.7,0.7,0.2,0.3,0
22,62,1,9,0.3,1.8,0.8,0.5,2.9,0.3,0.8,0.8,0.3,0.5,0
23,62,1,7,0.2,1.5,0.6,0.4,2.3,0.2,0.6,0.6,0.2,0.4,0
26,62,1,1,0,0.2,0.1,0.1,0.3,0,0.1,0.1,0,0.1,0
30,62,1,1,0.1,0,0.1,0.1,0.2,0,0.1,0.2,0,0.2,0
34,62,1,1,0,0.2,0,0.2,0.2,0,0.2,0.2,0,0,0
35,62,1,2,0,0.3,0,0.4,0.4,0,0.3,0.4,0.1,0.1,0
37,62,1,2,0.1,0.2,0.1,0.4,0.2,0.2,0.2,0.4,0.2,0,0
49,62,1,6,0,1.2,0.4,0.7,1.4,0.2,0.6,0.6,0.4,0.5,0
52,62,1,3,0.1,0.5,0.1,0.2,1.1,0,0.3,0.3,0.3,0.1,0
55,62,1,1,0,0.2,0,0.1,0.4,0,0.1,0.1,0.1,0,0
57,62,1,5,0.1,0.8,0.1,0.4,1.9,0,0.4,0.6,0.6,0.1,0
60,62,1,2,0,0.3,0,0.2,0.8,0,0.2,0.2,0.2,0.1,0
71,62,1,15,0.3,2.6,1.7,2,4,0,2,1.7,0.7,0,0
83,62,1,2,0.1,0.3,0,0.1,0.5,0,0.4,0.2,0.3,0.1,0
85,62,1,4,0.2,0.5,0,0.2,1.1,0.1,0.9,0.3,0.5,0.2,0
92,62,1,1,0,0.2,0,0.2,0.2,0.1,0.2,0,0.1,0,0
97,62,1,6,0.1,1.1,0.2,1.4,1.4,0.4,1,0,0.3,0.1,0
99,62,1,5,0.1,0.9,0.2,1.1,1.1,0.3,0.9,0,0.3,0.1,0
117,62,1,2,0.1,0.1,0.1,0.3,0.4,0.1,0.3,0.2,0.3,0.1,0
125,62,1,2,0,0.2,0.2,0.2,0.5,0,0.3,0.4,0.1,0.1,0
126,62,1,3,0,0.3,0.2,0.2,0.7,0.1,0.5,0.6,0.2,0.2,0
127,62,1,4,0.6,0.4,0.2,1,0.5,0.1,0.2,0.4,0.5,0.1,0
8,63,1,2,0.1,0.2,0.3,0.4,0.4,0.1,0.2,0,0.1,0.2,0
10,63,1,8,0.3,0.9,1.3,1.6,1.6,0.5,0.6,0,0.5,0.7,0
14,63,1,2,0.1,0.1,0.2,0.4,0.3,0.1,0.3,0.3,0.1,0.1,0
17,63,1,2,0.1,0.1,0.2,0.4,0.3,0.1,0.3,0.3,0.1,0.1,0
23,63,1,1,0,0.2,0.1,0.1,0.3,0,0.1,0.1,0,0.1,0
29,63,1,2,0.2,0.1,0.3,0.3,0.3,0,0.2,0.3,0,0.3,0
30,63,1,1,0.1,0,0.1,0.1,0.2,0,0.1,0.2,0,0.2,0
37,63,1,5,0.2,0.4,0.3,1,0.6,0.5,0.4,1,0.6,0,0
38,63,1,1,0,0.1,0.1,0.2,0.1,0.1,0.1,0.2,0.1,0,0
41,63,1,5,0.2,0.4,0.3,1,0.6,0.5,0.4,1,0.6,0,0
42,63,1,3,0,0.6,0.2,0.4,0.7,0.1,0.3,0.3,0.2,0.2,0
44,63,1,4,0,0.8,0.2,0.5,1,0.1,0.4,0.4,0.3,0.3,0
47,63,1,3,0,0.6,0.2,0.4,0.7,0.1,0.3,0.3,0.2,0.2,0
48,63,1,6,0,1.2,0.4,0.7,1.4,0.2,0.6,0.6,0.4,0.5,0
50,63,1,5,0,1,0.3,0.6,1.2,0.1,0.5,0.5,0.4,0.4,0
51,63,1,1,0,0.2,0.1,0.1,0.2,0,0.1,0.1,0.1,0.1,0
52,63,1,2,0,0.3,0,0.2,0.8,0,0.2,0.2,0.2,0.1,0
54,63,1,4,0.1,0.7,0.1,0.3,1.5,0,0.3,0.5,0.4,0.1,0
57,63,1,4,0.1,0.7,0.1,0.3,1.5,0,0.3,0.5,0.4,0.1,0
58,63,1,4,0.1,0.7,0.1,0.3,1.5,0,0.3,0.5,0.4,0.1,0
61,63,1,2,0,0.3,0,0.2,0.8,0,0.2,0.2,0.2,0.1,0
69,63,1,4,0.1,0.7,0.4,0.5,1.1,0,0.5,0.5,0.2,0,0
70,63,1,7,0.2,1.2,0.8,0.9,1.9,0,0.9,0.8,0.3,0,0
71,63,1,7,0.2,1.2,0.8,0.9,1.9,0,0.9,0.8,0.3,0,0
72,63,1,4,0.3,0.3,0.4,0.8,0.9,0.1,0.6,0.3,0.2,0.1,0
73,63,1,4,0.3,0.3,0.4,0.8,0.9,0.1,0.6,0.3,0.2,0.1,0
80,63,1,1,0.1,0.1,0.1,0.2,0.2,0,0.1,0.1,0.1,0,0
81,63,1,4,0.3,0.3,0.4,0.8,0.9,0.1,0.6,0.3,0.2,0.1,0
88,63,1,1,0.1,0.1,0.1,0.2,0.2,0,0.1,0.1,0.1,0,0
90,63,1,4,0.2,0.4,0.5,0.7,1,0,0.2,0.4,0.5,0.1,0
91,63,1,5,0.3,0.5,0.6,0.9,1.2,0,0.3,0.5,0.6,0.1,0
94,63,1,4,0.1,0.7,0.1,0.9,0.9,0.3,0.7,0,0.2,0.1,0
97,63,1,8,0.1,1.5,0.3,1.8,1.8,0.6,1.4,0,0.4,0.1,0
104,63,1,2,0.1,0.1,0.1,0.3,0.4,0,0.7,0.1,0.1,0.1,0
105,63,1,2,0.1,0.1,0.1,0.3,0.4,0,0.7,0.1,0.1,0.1,0
112,63,1,2,0.1,0.1,0.1,0.3,0.4,0.1,0.3,0.2,0.3,0.1,0
118,63,1,5,0.2,0.3,0.2,0.9,1,0.2,0.9,0.4,0.7,0.2,0
123,63,1,4,0,0.4,0.3,0.3,1,0.1,0.7,0.8,0.2,0.2,0
124,63,1,3,0,0.3,0.2,0.2,0.7,0.1,0.5,0.6,0.2,0.2,0
126,63,1,8,0,0.9,0.7,0.7,1.9,0.2,1.3,1.5,0.4,0.4,0
127,63,0,26,2,1,1,4,5,0,6,5,0,2,0
1,64,1,4,0.3,0.3,0.7,0.7,0.9,0.2,0.5,0,0.2,0.2,0
3,64,1,9,1.4,0.2,0.3,2.6,1.2,0.2,1,1.2,0.9,0,0
4,64,1,11,1.7,0.2,0.4,3.2,1.5,0.2,1.3,1.5,1,0,0
9,64,1,3,0,0.4,0.3,0.3,1,0,0.2,0.3,0.3,0.2,0
15,64,1,8,0.1,0.5,0.8,1.6,1.4,0.3,1.1,1.2,0.5,0.5,0
17,64,1,2,0,0.2,0.3,0.3,0.5,0,0.3,0.2,0.1,0.1,0
21,64,1,3,0,0.3,0.4,0.4,0.7,0,0.5,0.4,0.2,0.1,0
24,64,1,4,0.2,0.7,0.2,0.3,0.9,0.2,0.7,0.5,0.2,0.1,0
25,64,1,2,0.1,0.3,0.1,0.2,0.5,0.1,0.3,0.2,0.1,0.1,0
31,64,1,5,0.3,0.8,0.3,0.4,1.1,0.3,0.8,0.6,0.3,0.1,0
36,64,1,1,0,0.1,0.1,0.1,0.3,0,0.2,0.1,0.1,0,0
37,64,1,6,0.5,0.7,0.6,0.8,0.9,0.1,1.2,0.8,0.4,0,0
38,64,1,2,0.2,0.2,0.2,0.3,0.3,0,0.4,0.3,0.1,0,0
44,64,1,2,0.1,0.2,0.2,0.3,0.2,0,0.4,0.4,0.2,0,0
45,64,1,9,0.3,0.7,0.8,1.5,0.7,0.2,2,1.8,1,0,0
49,64,1,10,0,1.2,0.7,2,1.7,0.3,1.4,1.2,1.5,0,0
50,64,1,4,0,0.5,0.3,0.8,0.7,0.1,0.5,0.5,0.6,0,0
51,64,1,5,0,0.6,0.3,1,0.8,0.2,0.7,0.6,0.8,0,0
70,64,1,4.5,0.2,0.4,0.5,0.7,1,0.3,0.5,0.6,0.1,0.2,0
71,64,1,10.5,0.5,1,1.2,1.6,2.3,0.6,1,1.4,0.4,0.5,0
80,64,1,2,0.2,0.1,0.2,0.3,0.5,0.1,0.2,0.1,0.2,0.1,0
97,64,1,4,0,0.7,0.4,0.4,1.2,0.1,0.3,0.2,0.4,0.3,0
113,64,1,2,0.1,0.2,0.1,0.4,0.6,0.1,0.2,0,0.2,0.1,0
123,64,1,5.5,0.2,0.4,0.5,1.3,0.9,0.3,0.5,0.6,0.6,0.2,0
124,64,1,9,0.4,0.7,0.8,2.2,1.5,0.5,0.8,0.9,0.9,0.3,0
126,64,1,27,1.2,2,2.4,6.5,4.5,1.6,2.4,2.8,2.8,0.8,0
127,64,1,4,0,0.4,0.1,0.3,0.6,0,0.5,1.5,0.3,0.3,0
3,65,1,5,0.7,0.1,0.2,1.4,0.7,0.1,0.6,0.7,0.5,0,0
4,65,1,2,0.3,0,0.1,0.6,0.3,0,0.2,0.3,0.2,0,0
5,65,1,4,0.6,0.1,0.1,1.2,0.5,0.1,0.5,0.5,0.4,0,0
6,65,1,2,0.3,0,0.1,0.6,0.3,0,0.2,0.3,0.2,0,0
8,65,1,1,0,0.1,0.1,0.1,0.3,0,0.1,0.1,0.1,0.1,0
11,65,1,2,0,0.3,0.2,0.2,0.7,0,0.1,0.2,0.2,0.1,0
14,65,1,3,0,0.2,0.3,0.6,0.5,0.1,0.4,0.5,0.2,0.2,0
20,65,1,6,0,0.5,0.8,0.9,1.4,0.1,1.1,0.7,0.3,0.2,0
21,65,1,1,0,0.1,0.1,0.2,0.2,0,0.2,0.1,0.1,0,0
28,65,1,3,0.2,0.5,0.2,0.2,0.6,0.2,0.5,0.3,0.2,0.1,0
32,65,1,1,0,0.1,0.1,0.1,0.3,0,0.2,0.1,0.1,0,0
33,65,1,3,0.1,0.2,0.3,0.3,0.9,0,0.4,0.3,0.4,0.1,0
34,65,1,4,0.1,0.3,0.4,0.4,1.2,0,0.6,0.4,0.5,0.1,0
36,65,1,6,0.2,0.4,0.6,0.6,1.8,0.1,0.9,0.6,0.7,0.1,0
37,65,1,24,1.9,2.8,2.5,3.1,3.7,0.3,4.7,3.4,1.6,0,0
38,65,1,6,0.5,0.7,0.6,0.8,0.9,0.1,1.2,0.8,0.4,0,0
40,65,1,7,0.5,0.8,0.7,0.9,1.1,0.1,1.4,1,0.5,0,0
41,65,1,5,0.4,0.6,0.5,0.6,0.8,0.1,1,0.7,0.3,0,0
43,65,1,3,0.1,0.2,0.3,0.5,0.2,0.1,0.7,0.6,0.3,0,0
45,65,1,5,0.2,0.4,0.5,0.8,0.4,0.1,1.1,1,0.5,0,0
46,65,1,4,0.1,0.3,0.4,0.7,0.3,0.1,0.9,0.8,0.4,0,0
47,65,1,2,0,0.2,0.1,0.4,0.4,0.1,0.3,0.2,0.3,0,0
49,65,1,16,0,1.9,1.1,3.3,2.7,0.5,2.2,1.9,2.4,0,0
50,65,1,16,0,1.9,1.1,3.3,2.7,0.5,2.2,1.9,2.4,0,0
57,65,1,3,0.1,0.3,0.2,0.6,0.5,0.1,0.4,0.3,0.2,0.3,0
58,65,1,2,0.1,0.2,0.1,0.4,0.3,0.1,0.3,0.2,0.1,0.2,0
60,65,1,3,0.1,0.3,0.2,0.6,0.5,0.1,0.4,0.3,0.2,0.3,0
66,65,1,5,0.5,0.9,0.2,1.1,0.9,0.2,0.2,0.5,0.4,0.1,0
67,65,1,2,0.1,0.2,0.2,0.3,0.4,0.1,0.2,0.3,0.1,0.1,0
69,65,1,1,0,0.1,0.1,0.2,0.2,0.1,0.1,0.1,0,0.1,0
70,65,1,15,0.7,1.4,1.7,2.2,3.3,0.9,1.5,2,0.5,0.8,0
95,65,1,10,0,1.7,1.1,0.9,3.2,0.2,0.7,0.6,0.9,0.7,0
97,65,1,2,0,0.3,0.2,0.2,0.6,0,0.2,0.1,0.2,0.2,0
100,65,1,4,0,0.7,0.4,0.4,1.2,0.1,0.3,0.2,0.4,0.3,0
116,65,1,6,0.3,0.7,0.2,1.2,1.8,0.4,0.7,0.1,0.5,0.1,0
117,65,1,2,0.1,0.2,0.1,0.4,0.6,0.1,0.2,0,0.2,0.1,0
119,65,1,2,0.1,0.2,0.1,0.4,0.6,0.1,0.2,0,0.2,0.1,0
124,65,1,15,0.7,1.1,1.3,3.6,2.5,0.9,1.3,1.6,1.6,0.4,0
3,66,1,2,0.3,0,0.1,0.6,0.3,0,0.2,0.3,0.2,0,0
5,66,1,1,0.2,0,0.1,0.3,0.1,0,0.1,0.1,0.1,0,0
8,66,1,6,0,0.8,0.6,0.7,1.9,0,0.3,0.7,0.7,0.3,0
9,66,1,5,0,0.7,0.5,0.5,1.6,0,0.3,0.5,0.6,0.3,0
16,66,1,1,0,0.1,0.1,0.2,0.2,0,0.1,0.1,0.1,0.1,0
21,66,1,3,0,0.3,0.4,0.4,0.7,0,0.5,0.4,0.2,0.1,0
22,66,1,5,0.3,0.8,0.3,0.4,1.1,0.3,0.8,0.6,0.3,0.1,0
28,66,1,2,0.1,0.3,0.1,0.2,0.5,0.1,0.3,0.2,0.1,0.1,0
30,66,1,5,0.3,0.8,0.3,0.4,1.1,0.3,0.8,0.6,0.3,0.1,0
34,66,1,2,0.1,0.1,0.2,0.2,0.6,0,0.3,0.2,0.3,0,0
36,66,1,6,0.2,0.4,0.6,0.6,1.8,0.1,0.9,0.6,0.7,0.1,0
43,66,1,3,0.1,0.2,0.3,0.5,0.2,0.1,0.7,0.6,0.3,0,0
49,66,1,4,0,0.5,0.3,0.8,0.7,0.1,0.5,0.5,0.6,0,0
54,66,1,8,0.4,0.8,0.5,1.5,1.4,0.2,1.1,0.9,0.4,0.8,0
56,66,1,1,0,0.1,0.1,0.2,0.2,0,0.1,0.1,0.1,0.1,0
69,66,1,5,0.2,0.5,0.6,0.7,1.1,0.3,0.5,0.7,0.2,0.2,0
70,66,1,3,0.1,0.3,0.4,0.4,0.6,0.2,0.3,0.4,0.1,0.2,0
71,66,1,4,0.2,0.4,0.5,0.6,0.9,0.2,0.4,0.5,0.1,0.2,0
72,66,1,3,0.1,0.2,0.3,0.8,0.7,0,0.3,0.4,0.2,0,0
76,66,1,20,0.6,1.2,1.8,5.3,4.7,0,1.8,2.9,1.7,0,0
77,66,1,5,0.4,0.3,0.6,0.8,1.2,0.1,0.6,0.3,0.6,0.1,0
95,66,1,5,0,0.8,0.5,0.5,1.6,0.1,0.4,0.3,0.4,0.4,0
102,66,1,1,0,0.2,0.1,0.1,0.2,0,0.1,0.2,0.1,0,0
103,66,1,3,0,0.5,0.2,0.4,0.7,0.1,0.2,0.6,0.2,0.1,0
106,66,1,11,0,1.9,0.8,1.3,2.7,0.5,0.8,2.2,0.5,0.3,0
113,66,1,1,0.1,0.1,0,0.2,0.3,0.1,0.1,0,0.1,0,0
2,67,1,3,0.5,0.1,0.1,0.9,0.4,0,0.3,0.4,0.3,0,0
3,67,1,11,1.7,0.2,0.4,3.2,1.5,0.2,1.3,1.5,1,0,0
12,67,1,2,0,0.1,0.2,0.4,0.4,0.1,0.3,0.3,0.1,0.1,0
13,67,1,5,0.1,0.3,0.5,0.9,0.9,0.2,0.7,0.8,0.3,0.3,0
27,67,1,4,0.2,0.7,0.2,0.3,0.9,0.2,0.7,0.5,0.2,0.1,0
36,67,1,3,0.1,0.2,0.3,0.3,0.9,0,0.4,0.3,0.4,0.1,0
37,67,1,4,0.3,0.5,0.4,0.5,0.6,0,0.8,0.6,0.3,0,0
49,67,1,2,0,0.2,0.1,0.4,0.4,0.1,0.3,0.2,0.3,0,0
52,67,1,7,0.3,0.7,0.5,1.3,1.2,0.2,1,0.8,0.3,0.7,0
53,67,1,13,0.6,1.2,0.8,2.5,2.3,0.4,1.9,1.5,0.6,1.2,0
54,67,1,3,0.1,0.3,0.2,0.6,0.5,0.1,0.4,0.3,0.2,0.3,0
55,67,1,6,0.3,0.6,0.4,1.1,1,0.2,0.8,0.7,0.3,0.6,0
57,67,1,2,0.1,0.2,0.1,0.4,0.3,0.1,0.3,0.2,0.1,0.2,0
59,67,1,4,0.2,0.4,0.2,0.8,0.7,0.1,0.6,0.4,0.2,0.4,0
60,67,1,5,0.2,0.5,0.3,0.9,0.9,0.2,0.7,0.6,0.2,0.5,0
63,67,1,2,0.2,0.4,0.1,0.4,0.4,0.1,0.1,0.2,0.1,0,0
69,67,1,6,0.3,0.5,0.7,0.9,1.3,0.4,0.6,0.8,0.2,0.3,0
73,67,1,3,0.1,0.2,0.3,0.8,0.7,0,0.3,0.4,0.2,0,0
92,67,1,1,0,0.2,0.1,0.1,0.3,0,0.1,0,0.1,0.1,0
106,67,1,3,0,0.5,0.2,0.4,0.7,0.1,0.2,0.6,0.2,0.1,0
108,67,1,8,0,1.4,0.6,1,1.9,0.4,0.6,1.5,0.4,0.2,0
121,67,1,2,0.1,0.2,0.1,0.4,0.6,0.1,0.2,0,0.2,0.1,0
126,67,1,2,0.1,0.1,0.2,0.5,0.3,0.1,0.2,0.2,0.2,0.1,0
0,68,1,3,0.2,0.3,0.5,0.5,0.7,0.1,0.4,0,0.2,0.1,0
6,68,1,2,0.3,0,0.1,0.6,0.3,0,0.2,0.3,0.2,0,0
12,68,1,32,0.6,1.9,3.1,6.3,5.6,1.3,4.4,5,1.9,1.9,0
13,68,0,31.5,2,4.5,2,9,6,0,1,1,6,0,0
18,68,1,4,0,0.3,0.5,0.6,1,0.1,0.7,0.5,0.2,0.1,0
24,68,1,4,0.2,0.7,0.2,0.3,0.9,0.2,0.7,0.5,0.2,0.1,0
26,68,1,2,0.1,0.3,0.1,0.2,0.5,0.1,0.3,0.2,0.1,0.1,0
36,68,1,30,0.8,2,3.1,3.2,9.1,0.4,4.3,3.2,3.5,0.4,0
37,68,1,18,1.4,2.1,1.9,2.3,2.8,0.2,3.5,2.6,1.2,0,0
41,68,1,5,0.4,0.6,0.5,0.6,0.8,0.1,1,0.7,0.3,0,0
42,68,1,2,0.1,0.2,0.2,0.3,0.2,0,0.4,0.4,0.2,0,0
45,68,1,5,0.2,0.4,0.5,0.8,0.4,0.1,1.1,1,0.5,0,0
55,68,1,1,0,0.1,0.1,0.2,0.2,0,0.1,0.1,0.1,0.1,0
57,68,1,5,0.2,0.5,0.3,0.9,0.9,0.2,0.7,0.6,0.2,0.5,0
63,68,1,5,0.5,0.9,0.2,1.1,0.9,0.2,0.2,0.5,0.4,0.1,0
67,68,1,2,0.1,0.2,0.2,0.3,0.4,0.1,0.2,0.3,0.1,0.1,0
68,68,1,7,0.4,0.6,0.8,1.1,1.5,0.4,0.7,0.9,0.2,0.4,0
73,68,1,1,0,0.1,0.1,0.3,0.2,0,0.1,0.1,0.1,0,0
74,68,1,4,0.1,0.2,0.4,1.1,0.9,0,0.4,0.6,0.3,0,0
76,68,1,3,0.1,0.2,0.3,0.8,0.7,0,0.3,0.4,0.2,0,0
107,68,1,4,0,0.7,0.3,0.5,0.9,0.2,0.3,0.8,0.2,0.1,0
108,68,1,4,0,0.7,0.3,0.5,0.9,0.2,0.3,0.8,0.2,0.1,0
113,68,1,1,0.1,0.1,0,0.2,0.3,0.1,0.1,0,0.1,0,0
114,68,1,2,0.1,0.2,0.1,0.4,0.6,0.1,0.2,0,0.2,0.1,0
116,68,1,4,0.2,0.5,0.1,0.8,1.2,0.2,0.5,0.1,0.3,0.1,0
119,68,1,3,0.2,0.3,0.1,0.6,0.9,0.2,0.3,0.1,0.2,0.1,0
122,68,1,4,0.2,0.3,0.4,0.9,0.7,0.2,0.4,0.4,0.4,0.1,0
123,68,1,3,0.1,0.2,0.3,0.7,0.5,0.2,0.3,0.3,0.3,0.1,0
126,68,1,1.5,0.1,0.1,0.1,0.4,0.2,0.1,0.1,0.2,0.2,0,0
6,69,1,2,0,0.3,0.2,0.2,0.7,0,0.1,0.2,0.2,0.1,0
9,69,1,1,0.1,0.1,0.1,0.2,0.1,0.1,0.1,0.1,0.1,0,0
12,69,0,43,1,3,3,11,8,0.5,6,5,1.5,4,0
13,69,0,89,1,15,6,25,18,3,6,0,12,3,0
14,69,0,25,2,4.5,1,9,5,1,0,0,2.5,0,0
18,69,1,5,0,0.4,0.6,0.7,1.2,0.1,0.9,0.6,0.3,0.2,0
26,69,1,4,0.3,0.5,0.2,0.3,0.9,0.1,0.5,0.6,0.5,0.1,0
28,69,1,2,0.1,0.3,0,0.3,0.4,0,0.4,0.2,0.2,0.1,0
30,69,1,3,0.2,0.5,0,0.4,0.6,0,0.5,0.3,0.3,0.2,0
36,69,1,2,0.1,0.1,0.2,0.2,0.6,0,0.3,0.2,0.3,0,0
41,69,1,2,0,0.3,0.2,0.2,0.5,0.1,0.3,0.2,0.1,0.1,0
42,69,1,5,0.2,0.4,0.5,0.8,0.4,0.1,1.1,1,0.5,0,0
43,69,1,3,0.1,0.2,0.3,0.5,0.2,0.1,0.7,0.6,0.3,0,0
53,69,1,5,0.3,0.4,0.2,1.4,1,0.3,0.1,0.3,1,0,0
54,69,1,6,0.3,0.5,0.2,1.6,1.2,0.3,0.2,0.4,1.3,0,0
55,69,1,13,0.7,1.1,0.4,3.6,2.6,0.7,0.3,0.9,2.7,0,0
56,69,1,19,1,1.6,0.6,5.2,3.8,1,0.5,1.3,4,0,0
57,69,0,40.5,1,13,4,7,11,0,0,3,1.5,0,0
66,69,1,6,0.2,0.4,0,1.1,1.7,0,0.5,1.7,0.4,0,0
67,69,1,5.5,0.5,1,0.3,1.1,1,0.3,0.3,0.5,0.4,0.1,0
73,69,1,15,1.2,0.8,1.7,2.5,3.8,0.4,1.7,0.8,1.7,0.4,0
74,69,1,4,0.3,0.2,0.5,0.7,1,0.1,0.5,0.2,0.4,0.1,0
75,69,1,5,0.4,0.3,0.6,0.8,1.2,0.1,0.6,0.3,0.6,0.1,0
108,69,1,2,0,0.3,0.1,0.2,0.5,0.1,0.2,0.4,0.1,0.1,0
114,69,1,5,0.3,0.6,0.2,1,1.4,0.3,0.6,0.1,0.4,0.1,0
117,69,1,5,0.3,0.6,0.2,1,1.4,0.3,0.6,0.1,0.4,0.1,0
119,69,1,5,0.3,0.6,0.2,1,1.4,0.3,0.6,0.1,0.4,0.1,0
7,70,1,3,0.2,0.2,0.3,0.7,0.4,0.2,0.4,0.3,0.2,0.1,0
8,70,1,2,0.1,0.2,0.2,0.5,0.3,0.1,0.3,0.2,0.1,0,0
11,70,1,20.5,1.2,1.8,1.8,4.7,2.9,1.5,3,1.8,1.2,0.6,0
12,70,0,58,4,5,6,16,11,4,6,2,4,0,0
13,70,0,75,6,3,5,19,19,2,7,4,6,4,0
14,70,1,6,0.5,0.6,0.5,1.1,1.9,0.4,0,0.5,0.5,0,0
15,70,1,2.5,0.2,0.3,0.2,0.4,0.8,0.2,0,0.2,0.2,0,0
17,70,1,1,0,0.1,0.1,0.2,0.2,0,0.2,0.1,0.1,0,0
18,70,1,9,0,0.8,1.2,1.3,2.1,0.1,1.6,1.1,0.5,0.3,0
25,70,1,10,0.7,1.3,0.4,0.9,2.2,0.2,1.3,1.5,1.3,0.2,0
27,70,1,7,0.4,1.2,0,1,1.5,0,1.3,0.6,0.6,0.4,0
31,70,1,2,0.1,0.3,0,0.3,0.4,0,0.4,0.2,0.2,0.1,0
34,70,1,4,0.1,0.3,0.4,0.4,1.2,0,0.6,0.4,0.5,0.1,0
37,70,1,7,0,1,0.9,0.6,1.9,0.3,1,0.6,0.4,0.3,0
38,70,1,3,0,0.4,0.4,0.3,0.8,0.1,0.4,0.3,0.2,0.1,0
41,70,1,1,0,0.1,0.1,0.1,0.3,0.1,0.1,0.1,0.1,0,0
44,70,1,2,0.1,0.2,0.2,0.3,0.2,0,0.4,0.4,0.2,0,0
50,70,1,5,0.3,0.4,0.6,1.1,1.3,0.2,0.3,0.2,0.6,0,0
53,70,1,4,0.2,0.4,0.1,1.1,0.8,0.2,0.1,0.3,0.8,0,0
55,70,0,75,9,13,6,24,8,1,6,1,7,0,0
56,70,0,52,3,4.5,7,7,15,4,4,2,2.5,3,0
57,70,0,119,13,20.5,10,23,26,3,9,5,8.5,1,0
58,70,0,52.5,11,6,2,17,10,3.5,0,0,3,0,0
63,70,1,3,0.1,0.2,0,0.6,0.8,0,0.3,0.8,0.2,0,0
64,70,1,1,0,0.1,0,0.2,0.3,0,0.1,0.3,0,0,0
65,70,1,1,0,0.1,0,0.2,0.3,0,0.1,0.3,0,0,0
69,70,1,9,0.8,1.7,0.4,1.9,1.7,0.4,0.4,0.8,0.7,0.2,0
71,70,1,2,0.2,0.4,0.1,0.4,0.4,0.1,0.1,0.2,0.1,0,0
106,70,1,4,0.3,0.1,0.3,0.7,1,0.1,0.8,0.1,0.6,0,0
114,70,1,4,0.2,0.5,0.1,0.8,1.2,0.2,0.5,0.1,0.3,0.1,0
123,70,1,1,0.1,0.1,0.1,0.2,0.2,0,0.1,0.1,0.1,0,0
124,70,1,2,0.2,0.2,0.2,0.3,0.4,0.1,0.2,0.2,0.2,0,0
2,71,1,8,0,1.1,0.8,0.8,2.6,0,0.4,0.9,1,0.4,0
6,71,1,4,0,0.6,0.4,0.4,1.3,0,0.2,0.4,0.5,0.2,0
9,71,1,4,0.2,0.3,0.4,0.9,0.6,0.3,0.6,0.4,0.2,0.1,0
12,71,1,22,1.9,2.3,1.9,3.8,7,1.3,0,1.9,1.9,0,0
13,71,0,43.5,0,11,7.5,2,18,1,0,0,4,0,0
18,71,1,7,0,0.6,0.9,1,1.7,0.1,1.2,0.8,0.4,0.3,0
19,71,1,14,0,1.2,1.8,2,3.3,0.2,2.5,1.7,0.8,0.5,0
20,71,1,12,0,1,1.6,1.7,2.9,0.2,2.1,1.4,0.7,0.4,0
21,71,1,4,0,0.3,0.5,0.6,1,0.1,0.7,0.5,0.2,0.1,0
28,71,1,11,0.6,1.9,0,1.6,2.3,0,1.9,1,1,0.7,0
34,71,1,4,0.1,0.3,0.4,0.4,1.2,0,0.6,0.4,0.5,0.1,0
37,71,0,35,3,1,3,10,5,0,7,5,1,0,0
38,71,0,33.5,1,4.5,2,9,10,0,3,0,4,0,0
39,71,1,5,0,0.7,0.6,0.5,1.3,0.2,0.7,0.5,0.3,0.2,0
47,71,1,5,0.3,0.4,0.6,1.1,1.3,0.2,0.3,0.2,0.6,0,0
51,71,1,7,0.4,0.6,0.9,1.5,1.8,0.2,0.4,0.3,0.9,0,0
52,71,1,5,0.3,0.4,0.2,1.4,1,0.3,0.1,0.3,1,0,0
55,71,0,71,8,10,3,20,19,2,0,0,9,0,0
56,71,0,149.5,7.5,21.5,17,27,34,6.5,14,6,12,4,0
57,71,0,90,2.5,16.5,9.5,16,27,2.5,3,3,10,0,0
60,71,1,3,0,0.8,0.6,0.1,1,0,0.3,0,0.2,0,0
70,71,1,4,0.4,0.7,0.2,0.8,0.7,0.2,0.2,0.4,0.3,0.1,0
114,71,1,2,0.1,0.2,0.1,0.4,0.6,0.1,0.2,0,0.2,0.1,0
125,71,1,5,0.4,0.5,0.4,0.9,1.2,0.2,0.4,0.6,0.4,0,0
2,72,1,2.5,0,0.3,0.3,0.3,0.8,0,0.1,0.3,0.3,0.1,0
13,72,1,4,0.3,0.4,0.4,0.7,1.3,0.2,0,0.4,0.3,0,0
18,72,1,1,0,0.1,0.1,0.2,0.2,0,0.2,0.1,0.1,0,0
19,72,1,10,0,0.8,1.3,1.4,2.4,0.1,1.8,1.2,0.6,0.4,0
20,72,1,2,0,0.2,0.3,0.3,0.5,0,0.3,0.2,0.1,0.1,0
22,72,1,1,0.1,0.1,0.1,0.1,0.2,0,0.1,0.2,0.1,0,0
23,72,1,10,0.7,1.3,0.4,0.9,2.2,0.2,1.3,1.5,1.3,0.2,0
34,72,1,9,0.2,0.6,0.9,1,2.7,0.1,1.3,1,1.1,0.1,0
37,72,1,21,0,3,2.6,1.9,5.6,0.9,3,1.9,1.3,0.8,0
38,72,1,15,0,2.2,1.9,1.3,4,0.7,2.2,1.3,0.9,0.5,0
39,72,1,2,0,0.3,0.2,0.2,0.5,0.1,0.3,0.2,0.1,0.1,0
49,72,1,5,0.3,0.4,0.6,1.1,1.3,0.2,0.3,0.2,0.6,0,0
50,72,0,64.5,3,9.5,4,17,11,4,3,3,10,0,0
51,72,1,28,1.8,2.5,3.4,6,7.1,0.9,1.5,1.2,3.6,0,0
54,72,1,24,1.3,2,0.8,6.6,4.7,1.3,0.6,1.6,5.1,0,0
55,72,0,121,4,35,6,10,42,3,2,5,14,0,0
56,72,0,112,4,18,8,14,26,1,13,17,5,6,0
57,72,0,49.5,0,2,3,6,11,0,10,15,0.5,2,0
58,72,0,60,1,8.5,5.5,7,22,0,8,6,1,1,0
59,72,0,81,3,15,9,6,28,1,3,11,4,1,0
60,72,1,39.5,0,10.2,7.4,1.9,14,0,3.7,0,2.3,0,0
62,72,1,9,0.3,0.6,0,1.7,2.5,0,0.8,2.5,0.6,0,0
63,72,0,31.5,4,1.5,0,6,4,0,15,1,0,0,0
65,72,1,3,0.1,0.2,0,0.6,0.8,0,0.3,0.8,0.2,0,0
66,72,1,2,0,0.1,0,0.4,0.6,0,0.2,0.6,0.1,0,0
68,72,1,10,0.9,1.8,0.5,2.1,1.8,0.5,0.5,0.9,0.8,0.2,0
103,72,1,7,0.5,0.2,0.5,1.3,1.6,0.2,1.4,0.2,1.1,0,0
106,72,1,5,0.4,0.1,0.4,0.9,1.2,0.1,1,0.1,0.8,0,0
107,72,1,3,0,0.5,0.2,0.4,0.7,0.1,0.2,0.6,0.2,0.1,0
108,72,1,2,0,0.3,0.1,0.2,0.5,0.1,0.2,0.4,0.1,0.1,0
124,72,1,2,0.2,0.2,0.2,0.3,0.4,0.1,0.2,0.2,0.2,0,0
126,72,1,2,0.2,0.2,0.2,0.3,0.4,0.1,0.2,0.2,0.2,0,0
2,73,1,4,0,0.6,0.4,0.4,1.3,0,0.2,0.4,0.5,0.2,0
10,73,1,4,0.2,0.3,0.4,0.9,0.6,0.3,0.6,0.4,0.2,0.1,0
22,73,1,4,0.3,0.5,0.2,0.3,0.9,0.1,0.5,0.6,0.5,0.1,0
23,73,1,8,0.5,1,0.4,0.7,1.7,0.2,1.1,1.2,1,0.2,0
24,73,1,9,0.6,1.2,0.4,0.8,1.9,0.2,1.2,1.3,1.2,0.2,0
28,73,1,3,0.2,0.5,0,0.4,0.6,0,0.5,0.3,0.3,0.2,0
31,73,1,6,0.3,1.1,0,0.9,1.2,0,1.1,0.5,0.5,0.4,0
36,73,1,1,0,0.1,0.1,0.1,0.3,0,0.2,0.1,0.1,0,0
42,73,1,6,0.2,0.4,0.6,1,0.5,0.1,1.3,1.2,0.7,0,0
45,73,1,5,0.2,0.4,0.5,0.8,0.4,0.1,1.1,1,0.5,0,0
49,73,1,8,0.5,0.7,1,1.7,2.1,0.3,0.4,0.3,1,0,0
50,73,1,29,1.9,2.6,3.6,6.2,7.4,0.9,1.5,1.2,3.7,0,0
51,73,1,7,0.4,0.6,0.9,1.5,1.8,0.2,0.4,0.3,0.9,0,0
53,73,0,48,1,1,6,7,9,0,6,11,3,4,0
54,73,0,97.5,6,15.5,0,30,15,7,4,3,17,0,0
55,73,0,33,0,4,9,8,8,1,0,2,1,0,0
56,73,0,44,2,2.5,1,5,5,0.5,12,7,2,7,0
57,73,0,118.5,0,11,9,12,16,1,23,41,0.5,5,0
58,73,0,113,3,12,11,13,26,2,18,11,9,8,0
59,73,0,123,6,14.5,18,13,35,2,17,6,5.5,6,0
60,73,0,63.5,1,13,4,4,20,2,4,10,3.5,2,0
61,73,0,45,2,5,1,7,6,1,10,7,6,0,0
62,73,0,26,0,4,1,2,5,0,6,6,1,1,0
63,73,0,42,0,2,3,5,7,1,3,16,5,0,0
64,73,1,1,0,0.1,0,0.2,0.3,0,0.1,0.3,0,0,0
65,73,1,4,0.1,0.3,0,0.8,1.1,0,0.4,1.1,0.2,0,0
66,73,1,2,0,0.1,0,0.4,0.6,0,0.2,0.6,0.1,0,0
67,73,1,1,0.1,0.2,0,0.2,0.2,0,0.1,0.1,0.1,0,0
100,73,1,5,0,0.8,0.5,0.5,1.6,0.1,0.4,0.3,0.4,0.4,0
104,73,1,7,0.5,0.2,0.5,1.3,1.6,0.2,1.4,0.2,1.1,0,0
105,73,1,14,1.1,0.4,1.1,2.5,3.2,0.3,2.9,0.4,2.1,0,0
106,73,1,2,0.2,0,0.2,0.4,0.5,0,0.4,0,0.3,0,0
117,73,1,5,0.3,0.6,0.2,1,1.4,0.3,0.6,0.1,0.4,0.1,0
122,73,1,2,0.2,0.2,0.2,0.3,0.4,0.1,0.2,0.2,0.2,0,0
125,73,1,1,0.1,0.1,0.1,0.2,0.2,0,0.1,0.1,0.1,0,0
127,73,1,3,0.2,0.3,0.3,0.5,0.7,0.1,0.3,0.3,0.3,0,0
0,74,1,2,0,0.4,0.3,0.1,0.6,0,0.2,0.2,0.1,0.1,0
3,74,1,2,0.1,0.2,0,0.7,0.2,0.1,0.2,0.1,0.4,0,0
9,74,1,10,0,0.6,2.3,1.5,1.7,0.3,1.8,0.9,0.9,0,0
10,74,1,4,0,0.2,0.9,0.6,0.7,0.1,0.7,0.4,0.4,0,0
16,74,1,4,0.1,0.8,0.3,0.5,1.1,0.2,0.3,0.2,0.4,0.1,0
18,74,1,5,0.3,0.5,0.6,0.8,0.9,0,0.9,0.4,0.3,0.3,0
21,74,1,2,0.1,0.2,0.2,0.3,0.4,0,0.4,0.2,0.1,0.1,0
22,74,1,23,1.1,3.5,1.9,3.2,4.1,0.5,5.7,1.6,1.1,0.3,0
23,74,1,21,1,3.2,1.7,3,3.7,0.5,5.2,1.5,1,0.2,0
24,74,1,1,0,0.2,0.1,0.1,0.2,0,0.3,0.1,0,0,0
29,74,1,3,0,0.2,0.3,0.4,0.6,0,0.7,0.5,0.1,0.2,0
39,74,1,5,0.3,0.4,0.4,1,1.3,0,0.3,0.8,0.3,0.2,0
46,74,1,2,0.1,0.2,0.1,0.3,0.4,0.1,0.3,0.3,0.1,0.1,0
47,74,1,1,0.1,0.1,0.1,0.2,0.1,0,0.1,0.1,0.1,0.1,0
50,74,1,8,0.6,0.7,0.9,2,0.9,0.4,0.6,0.7,0.7,0.5,0
51,74,1,3,0.2,0.3,0.3,0.7,0.4,0.1,0.2,0.3,0.3,0.2,0
52,74,1,13.5,0.6,1.3,1,2.7,1.7,0.4,2.3,1.9,0.8,0.8,0
53,74,0,115,2,7,14,18,23,1,28,9,6,7,0
54,74,0,46,3,2,5,7,9,0,5,9,2,4,0
55,74,0,75.5,3.5,4.5,9,22,11,1,4,5,3.5,12,0
56,74,0,141.5,4,13,19,34,29,4.5,10,7,7,14,0
57,74,0,129,4.5,6.5,6,30,24,7,16,15,9,11,0
58,74,0,65,0,3,5,10,14,2,9,10,4,8,0
59,74,0,90.5,3,7,7,13,16,2,14,16,5.5,7,0
60,74,0,81.5,5,7,7,12,20,2,18,4,6.5,0,0
61,74,0,44,3,6,6,4,7,0,10,5,3,0,0
62,74,1,7,0.3,1.1,1.1,1.1,1.6,0.1,0.6,0.4,0.6,0.1,0
64,74,1,5,0.2,0.8,0.8,0.8,1.1,0.1,0.4,0.3,0.4,0.1,0
65,74,1,10,0.4,1.6,1.6,1.6,2.2,0.2,0.8,0.6,0.8,0.2,0
66,74,1,7,0.3,1.1,1.1,1.1,1.6,0.1,0.6,0.4,0.6,0.1,0
69,74,1,2,0,0.3,0.3,0.3,0.4,0,0.1,0.2,0.2,0.2,0
104,74,1,13,0.3,1.5,0.9,3.2,2.9,0.6,0.9,0.9,1.5,0.3,0
105,74,0,46.5,2,6,3,10,15,1,5,2,2.5,0,0
106,74,1,5,0.1,0.6,0.3,1.3,1.1,0.2,0.3,0.4,0.6,0.1,0
107,74,1,13,0.4,1.3,1.3,1.7,2.7,0.6,1.9,2.1,0.4,0.6,0
108,74,1,3,0.1,0.3,0.3,0.4,0.6,0.1,0.4,0.5,0.1,0.2,0
110,74,1,2,0.1,0.2,0.2,0.2,0.4,0.1,0.3,0.3,0.1,0.1,0
111,74,1,5,0.2,0.5,0.5,0.6,1.1,0.2,0.7,0.8,0.2,0.2,0
123,74,1,1,0,0.2,0.1,0,0.3,0,0.2,0.1,0.1,0,0
126,74,1,5,0,0.9,0.6,0.2,1.7,0.2,0.8,0.3,0.3,0,0
0,75,1,5,0,1,0.8,0.2,1.6,0,0.5,0.5,0.1,0.3,0
4,75,1,5,0.3,0.5,0.1,1.8,0.5,0.2,0.5,0.2,0.9,0,0
7,75,1,4,0,0.2,0.9,0.6,0.7,0.1,0.7,0.4,0.4,0,0
8,75,1,3,0,0.2,0.7,0.4,0.5,0.1,0.5,0.3,0.3,0,0
11,75,1,6,0,0.3,1.4,0.9,1.1,0.2,1.1,0.5,0.5,0,0
13,75,1,3,0.1,0.6,0.3,0.4,0.8,0.1,0.2,0.1,0.3,0.1,0
14,75,1,8,0.2,1.6,0.7,1.1,2.1,0.3,0.5,0.4,0.9,0.2,0
22,75,1,26,1.2,4,2.2,3.7,4.6,0.6,6.4,1.8,1.2,0.3,0
23,75,1,1,0,0.2,0.1,0.1,0.2,0,0.3,0.1,0,0,0
25,75,1,1,0,0.2,0.1,0.1,0.2,0,0.3,0.1,0,0,0
36,75,1,4,0.3,0.6,0.4,0.7,0.8,0.1,0.8,0.1,0.2,0,0
41,75,1,18,1.2,1.6,1.6,3.4,4.7,0,0.9,2.8,1.2,0.6,0
42,75,1,1,0.1,0.1,0.1,0.1,0.2,0,0.2,0.1,0.1,0,0
43,75,1,2,0.1,0.2,0.1,0.3,0.4,0.1,0.3,0.3,0.1,0.1,0
47,75,1,5,0.4,0.4,0.6,1.2,0.6,0.2,0.4,0.5,0.4,0.3,0
49,75,1,2,0.2,0.2,0.2,0.5,0.2,0.1,0.1,0.2,0.2,0.1,0
50,75,1,2,0.2,0.2,0.2,0.5,0.2,0.1,0.1,0.2,0.2,0.1,0
51,75,1,26,2.1,2.2,2.9,6.4,3.1,1.2,1.9,2.4,2.1,1.7,0
52,75,0,33,1,4,5,4,9,0,1,9,0,0,0
53,75,0,94,4,10,4,11,14,3,11,19,5,13,0
54,75,0,60,1,6,5,7,7,1,11,10,1,11,0
55,75,0,18,0,2.5,2,3,5,0,3,2,0.5,0,0
56,75,0,93.5,0,7.5,8.5,9,24,2.5,8,6,5,23,0
57,75,0,45,0,2,4,3,8,0,6,7,5,10,0
58,75,0,98,0.5,8,5,12,19,2,19,16,4.5,12,0
59,75,0,108,2,3,11,18,16,0,29,19,3,7,0
60,75,1,33.5,2.3,4,4.8,4.6,9.7,0.6,2.3,2.3,0.6,2.3,0
61,75,1,3,0.2,0.4,0.4,0.4,0.9,0,0.2,0.2,0.1,0.2,0
63,75,1,7,0.3,1.1,1.1,1.1,1.6,0.1,0.6,0.4,0.6,0.1,0
64,75,1,3,0.1,0.5,0.5,0.5,0.6,0.1,0.2,0.2,0.2,0.1,0
66,75,1,3,0.1,0.5,0.5,0.5,0.6,0.1,0.2,0.2,0.2,0.1,0
73,75,1,6,0.2,0.5,0.4,1,0.6,0.1,1.6,1.2,0.4,0,0
74,75,1,2,0.1,0.2,0.2,0.3,0.2,0,0.5,0.4,0.1,0,0
105,75,1,2,0.1,0.2,0.1,0.5,0.5,0.1,0.1,0.1,0.2,0.1,0
106,75,1,14,0.3,1.6,0.9,3.5,3.2,0.6,1,1,1.6,0.3,0
107,75,0,43,3,2,4,9,9,2,1,9,1,3,0
108,75,0,44,1,6,2,7,12,1,5,3,2,5,0
110,75,1,12,0.4,1.2,1.2,1.5,2.5,0.6,1.7,1.9,0.4,0.6,0
111,75,1,2,0.1,0.2,0.2,0.2,0.4,0.1,0.3,0.3,0.1,0.1,0
112,75,1,1,0,0,0.1,0.2,0.3,0,0.2,0.2,0,0,0
123,75,1,1,0,0.2,0.1,0,0.3,0,0.2,0.1,0.1,0,0
124,75,1,8,0,1.5,1,0.2,2.8,0.2,1.3,0.5,0.5,0,0
125,75,1,1,0,0.2,0.1,0,0.3,0,0.2,0.1,0.1,0,0
126,75,1,10,0,1.9,1.3,0.3,3.4,0.3,1.6,0.6,0.6,0,0
0,76,1,12,0,2.3,1.9,0.4,3.9,0,1.1,1.2,0.4,0.8,0
2,76,1,5,0.3,0.5,0.1,1.8,0.5,0.2,0.5,0.2,0.9,0,0
8,76,1,5,0,0.3,1.2,0.7,0.9,0.2,0.9,0.4,0.4,0,0
14,76,1,3,0.1,0.6,0.3,0.4,0.8,0.1,0.2,0.1,0.3,0.1,0
15,76,1,5,0.1,1,0.5,0.7,1.3,0.2,0.3,0.2,0.6,0.1,0
22,76,1,4,0.2,0.6,0.3,0.6,0.7,0.1,1,0.3,0.2,0,0
23,76,1,6,0.3,0.9,0.5,0.8,1.1,0.1,1.5,0.4,0.3,0.1,0
32,76,1,2,0.2,0.3,0.2,0.4,0.4,0,0.4,0,0.1,0,0
33,76,1,5,0.4,0.8,0.5,0.9,1,0.1,1,0.1,0.2,0,0
36,76,1,18,1.4,2.9,1.7,3.1,3.7,0.3,3.7,0.3,0.9,0,0
38,76,1,8,0.5,0.7,0.7,1.5,2.1,0,0.4,1.2,0.6,0.3,0
39,76,1,12,0.8,1,1.1,2.3,3.1,0,0.6,1.9,0.8,0.4,0
40,76,0,121,3,27,12,15,39,0,8,6,10,1,0
41,76,0,103.5,3,14,17,16,29,1,11,4,6.5,2,0
42,76,1,7,0.4,0.8,0.3,0.9,1.5,0.2,1.2,1,0.5,0.2,0
43,76,1,3,0.2,0.3,0.1,0.4,0.7,0.1,0.5,0.4,0.2,0.1,0
44,76,1,25,1.4,2.8,1.1,3.3,5.4,0.8,4.1,3.5,1.8,0.8,0
45,76,1,12,0.6,1.4,0.5,1.6,2.6,0.4,2,1.7,0.8,0.4,0
46,76,1,2,0.1,0.2,0.1,0.3,0.4,0.1,0.3,0.3,0.1,0.1,0
50,76,1,5,0.4,0.4,0.6,1.2,0.6,0.2,0.4,0.5,0.4,0.3,0
51,76,1,2,0.2,0.2,0.2,0.5,0.2,0.1,0.1,0.2,0.2,0.1,0
53,76,0,85,3,8,1,9,10,1,3,31,9,10,0
54,76,1,19,0.8,1.9,1.5,3.8,2.4,0.5,3.2,2.7,1.1,1.1,0
55,76,1,4,0.2,0.4,0.3,0.8,0.5,0.1,0.7,0.6,0.2,0.2,0
56,76,1,18,0.8,1.8,1.4,3.6,2.3,0.5,3.1,2.5,1,1,0
57,76,0,31,0,1,3,5,2,0,7,10,1,2,0
58,76,1,5,0.3,0.6,0.7,0.7,1.5,0.1,0.3,0.3,0.1,0.4,0
64,76,1,2,0.1,0.3,0.3,0.3,0.5,0,0.2,0.1,0.2,0,0
70,76,1,1,0,0.2,0.1,0.2,0.2,0,0,0.1,0.1,0.1,0
75,76,1,6,0.2,0.5,0.4,1,0.6,0.1,1.6,1.2,0.4,0,0
106,76,0,106.5,15,14,4,20,18,4,10,5,14.5,2,0
107,76,0,56.5,4,9.5,5,10,15,0,7,6,0,0,0
108,76,1,1,0,0.1,0.1,0.1,0.2,0.1,0.1,0.2,0,0.1,0
109,76,1,8,0.2,0.8,0.8,1,1.7,0.4,1.2,1.3,0.2,0.4,0
110,76,1,3,0.1,0.3,0.3,0.4,0.6,0.1,0.4,0.5,0.1,0.2,0
112,76,1,10,0.2,0.4,1,1.7,3.2,0,2,1.5,0,0,0
113,76,1,3,0.1,0.1,0.3,0.5,1,0,0.6,0.4,0,0,0
115,76,1,7,0.2,0.3,0.7,1.2,2.2,0,1.4,1,0,0,0
116,76,1,3,0.1,0.1,0.3,0.5,1,0,0.6,0.4,0,0,0
0,77,1,2,0,0.4,0.3,0.1,0.6,0,0.2,0.2,0.1,0.1,0
1,77,1,2,0,0.4,0.3,0.1,0.6,0,0.2,0.2,0.1,0.1,0
13,77,1,11,0.2,2.2,1,1.5,2.9,0.5,0.7,0.5,1.2,0.3,0
16,77,1,5,0.1,1,0.5,0.7,1.3,0.2,0.3,0.2,0.6,0.1,0
19,77,1,17,1.1,1.8,1.8,2.6,3,0,3,1.5,1.1,1.1,0
20,77,1,4,0.3,0.4,0.4,0.6,0.7,0,0.7,0.3,0.3,0.3,0
24,77,1,2,0.1,0.3,0.2,0.3,0.4,0,0.5,0.1,0.1,0,0
30,77,1,5,0,0.3,0.5,0.6,1,0,1.3,0.8,0.2,0.3,0
34,77,1,4,0.3,0.6,0.4,0.7,0.8,0.1,0.8,0.1,0.2,0,0
37,77,1,3,0.2,0.2,0.3,0.6,0.8,0,0.1,0.5,0.2,0.1,0
38,77,1,4,0.3,0.3,0.4,0.8,1,0,0.2,0.6,0.3,0.1,0
39,77,0,110.5,4,20.5,8,23,28,6,4,5,12,0,0
40,77,0,54.5,2,8,4,7,14,1,5,8,3.5,2,0
41,77,0,80,4,5,7,18,15,1,9,8,7,6,0
42,77,0,85,6,6,19,25,14,1.5,8,2,3.5,0,0
43,77,1,26,1.4,3,1.1,3.4,5.7,0.8,4.2,3.7,1.8,0.9,0
44,77,0,61,12,0,2,27,7,2,3,1,7,0,0
45,77,1,3,0.2,0.3,0.1,0.4,0.7,0.1,0.5,0.4,0.2,0.1,0
46,77,1,6,0.3,0.7,0.3,0.8,1.3,0.2,1,0.8,0.4,0.2,0
51,77,1,23,1.9,1.9,2.5,5.7,2.7,1.1,1.7,2.1,1.9,1.5,0
52,77,1,2,0.1,0.2,0.2,0.4,0.2,0.1,0.3,0.3,0.1,0.1,0
53,77,1,4,0.2,0.4,0.3,0.8,0.5,0.1,0.7,0.6,0.2,0.2,0
58,77,1,2,0.1,0.3,0.3,0.3,0.6,0,0.1,0.1,0,0.2,0
60,77,1,4,0.3,0.5,0.6,0.5,1.1,0,0.3,0.3,0.1,0.3,0
62,77,1,5,0.2,0.8,0.8,0.8,1.1,0.1,0.4,0.3,0.4,0.1,0
63,77,1,1,0,0.2,0.2,0.2,0.2,0,0.1,0,0.1,0,0
68,77,1,6,0.2,1,0.8,1,1.3,0,0.2,0.5,0.5,0.5,0
75,77,1,3,0.1,0.3,0.2,0.5,0.3,0,0.8,0.6,0.2,0,0
99,77,1,2,0,0.3,0.2,0.2,0.6,0,0.2,0.1,0.2,0.2,0
103,77,1,1,0,0.1,0.1,0.3,0.2,0,0.1,0.1,0.1,0,0
111,77,1,5,0.2,0.5,0.5,0.6,1.1,0.2,0.7,0.8,0.2,0.2,0
121,77,1,3.5,0.1,0.1,0.4,0.6,1.1,0,0.7,0.5,0,0,0
127,77,1,5,0,0.5,0.1,0.6,1.3,0.2,0.5,1.2,0.3,0.3,0
11,78,1,2,0,0.1,0.5,0.3,0.3,0.1,0.3,0.2,0.2,0,0
16,78,1,6,0.1,1.2,0.5,0.8,1.6,0.3,0.4,0.3,0.7,0.1,0
17,78,1,1,0,0.1,0.1,0.1,0.2,0,0.2,0.1,0.1,0.1,0
19,78,1,6,0.4,0.7,0.7,0.9,1,0,1,0.5,0.4,0.4,0
28,78,1,6,0,0.4,0.6,0.7,1.2,0,1.5,1,0.2,0.4,0
38,78,1,8,0.5,0.7,0.7,1.5,2.1,0,0.4,1.2,0.6,0.3,0
39,78,0,61,1,6,5,8,10,0,17,5,5,4,0
40,78,0,81,4,11,10,13,17,1.5,4,13,3.5,4,0
41,78,0,100.5,5,12,7,21,14,3.5,8,4,12,13,1
42,78,0,34,0,1,2,2,6,0,4,16,2,1,0
43,78,0,35,0,0,1,10,1,1.5,11,6,2.5,2,0
44,78,0,42,7,4,1,18,6,3,0,0,3,0,0
46,78,1,3,0.2,0.3,0.1,0.4,0.7,0.1,0.5,0.4,0.2,0.1,0
47,78,1,4,0.3,0.3,0.4,1,0.5,0.2,0.3,0.4,0.3,0.3,0
51,78,1,4,0.3,0.3,0.4,1,0.5,0.2,0.3,0.4,0.3,0.3,0
52,78,1,4,0.2,0.4,0.3,0.8,0.5,0.1,0.7,0.6,0.2,0.2,0
55,78,1,6,0.3,0.6,0.5,1.2,0.8,0.2,1,0.8,0.3,0.3,0
57,78,1,1,0.1,0.1,0.1,0.1,0.3,0,0.1,0.1,0,0.1,0
58,78,1,10,0.7,1.2,1.4,1.3,2.9,0.2,0.7,0.7,0.2,0.7,0
72,78,1,4,0.1,0.4,0.3,0.6,0.4,0,1.1,0.8,0.3,0,0
104,78,1,6,0.1,0.7,0.4,1.5,1.4,0.3,0.4,0.4,0.7,0.1,0
105,78,1,3,0.1,0.3,0.2,0.8,0.7,0.1,0.2,0.2,0.3,0.1,0
107,78,1,6,0.2,0.6,0.6,0.8,1.2,0.3,0.9,0.9,0.2,0.3,0
109,78,1,2,0.1,0.2,0.2,0.2,0.4,0.1,0.3,0.3,0.1,0.1,0
116,78,1,5,0.1,0.2,0.5,0.9,1.6,0,1,0.7,0,0,0
127,78,1,2,0,0.2,0,0.3,0.5,0.1,0.2,0.5,0.1,0.1,0
2,79,1,2,0.1,0.2,0,0.7,0.2,0.1,0.2,0.1,0.4,0,0
4,79,1,8,0.5,0.8,0.2,2.8,0.8,0.3,0.8,0.3,1.5,0,0
12,79,1,3,0.3,0.3,0.1,0.5,0.8,0.1,0.3,0.1,0.4,0.1,0
13,79,1,4.5,0.5,0.4,0.2,0.7,1.2,0.1,0.5,0.2,0.5,0.2,0
14,79,1,5,0.5,0.5,0.2,0.8,1.3,0.2,0.5,0.2,0.6,0.2,0
22,79,1,1,0,0.1,0.1,0.1,0.2,0,0.2,0.2,0,0.1,0
25,79,1,2,0,0.1,0.2,0.3,0.4,0,0.5,0.3,0.1,0.1,0
26,79,1,2,0,0.1,0.2,0.3,0.4,0,0.5,0.3,0.1,0.1,0
27,79,1,2,0,0.1,0.2,0.3,0.4,0,0.5,0.3,0.1,0.1,0
34,79,1,3,0.2,0.5,0.3,0.5,0.6,0.1,0.6,0.1,0.1,0,0
39,79,0,52,2,6,5,5,12,1,9,9,3,0,0
40,79,0,121.5,6,12.5,10,22,20,1,22,15,6,7,0
41,79,0,34,1,1,4,9,1,0,4,7,2,5,0
42,79,0,78,3,7,9,23,20,0,6,3,5,2,0
43,79,0,68.5,6,10,9,14,18,4,3,0,4.5,0,0
44,79,1,17,1.3,1.3,1,3.6,2.6,2,0.3,1.3,2.3,1.3,0
55,79,1,6,0.5,0,0,2.3,0.2,0.4,1.3,0.8,0.5,0,0
74,79,1,5,0.3,0.3,0.5,0.6,1,0.2,0.8,0.7,0.3,0.3,0
98,79,1,4,0,0.7,0.4,0.4,1.2,0.1,0.3,0.2,0.4,0.3,0
99,79,1,2,0,0.3,0.2,0.2,0.6,0,0.2,0.1,0.2,0.2,0
103,79,1,20,0.7,3,1.4,3.7,3,0.7,3.1,2.7,1,0.7,0
104,79,1,1,0,0.2,0.1,0.2,0.2,0,0.2,0.1,0,0,0
111,79,1,3,0.1,0.4,0.2,0.6,0.5,0.1,0.5,0.4,0.1,0.1,0
126,79,1,4,0,0.8,0.5,0.1,1.4,0.1,0.6,0.3,0.2,0,0
8,80,1,5,0.3,0.5,0.1,1.8,0.5,0.2,0.5,0.2,0.9,0,0
13,80,1,5,0.5,0.5,0.2,0.8,1.3,0.2,0.5,0.2,0.6,0.2,0
22,80,1,1,0,0.1,0.1,0.1,0.2,0,0.2,0.2,0,0.1,0
24,80,1,5,0,0.3,0.5,0.6,1,0,1.3,0.8,0.2,0.3,0
34,80,1,6,0.5,1,0.6,1,1.2,0.1,1.2,0.1,0.3,0,0
36,80,1,3,0.2,0.5,0.3,0.5,0.6,0.1,0.6,0.1,0.1,0,0
37,80,1,1,0,0.2,0.1,0.2,0.2,0,0.1,0.1,0,0.1,0
38,80,1,8,0,1.5,0.8,1.3,1.7,0.2,0.8,1,0.3,0.4,0
39,80,1,15,0,2.8,1.6,2.5,3.1,0.3,1.6,1.9,0.6,0.6,0
40,80,0,114.5,5,11.5,17,13,25,1,29,6,7,0,0
41,80,0,83,2,4,6,8,14,4,17,17,6,5,0
42,80,1,4,0.3,0.3,0.2,0.9,0.6,0.5,0.1,0.3,0.5,0.3,0
49,80,1,2,0.2,0.2,0.2,0.5,0.2,0.1,0.1,0.2,0.2,0.1,0
50,80,1,6,0.5,0.5,0.7,1.5,0.7,0.3,0.4,0.5,0.5,0.4,0
68,80,1,1,0,0.2,0.1,0.2,0.2,0,0,0.1,0.1,0.1,0
82,80,1,3,0.2,0.2,0.3,0.5,0.8,0.1,0.3,0.2,0.3,0.1,0
83,80,1,2,0.2,0.1,0.2,0.3,0.5,0.1,0.2,0.1,0.2,0.1,0
102,80,1,2,0,0.3,0.1,0.4,0.3,0.1,0.3,0.3,0.1,0.1,0
103,80,1,8,0.3,1.2,0.5,1.5,1.2,0.3,1.2,1.1,0.4,0.3,0
104,80,1,1,0,0.2,0.1,0.2,0.2,0,0.2,0.1,0,0,0
116,80,1,1,0,0,0.1,0.2,0.3,0,0.2,0.2,0,0,0
20,81,1,2,0.1,0.2,0.2,0.3,0.4,0,0.4,0.2,0.1,0.1,0
21,81,1,2,0.1,0.2,0.2,0.3,0.4,0,0.4,0.2,0.1,0.1,0
28,81,1,4,0,0.2,0.4,0.5,0.8,0,1,0.7,0.2,0.2,0
31,81,1,9,0,0.5,0.9,1.1,1.8,0,2.2,1.5,0.4,0.6,0
34,81,1,2,0.2,0.3,0.2,0.4,0.4,0,0.4,0,0.1,0,0
35,81,1,7,0.6,1.1,0.7,1.2,1.4,0.1,1.5,0.1,0.3,0,0
36,81,1,3,0.2,0.5,0.3,0.5,0.6,0.1,0.6,0.1,0.1,0,0
40,81,0,60.5,1,2.5,12,7,18,1,9,8,2,0,0
41,81,0,50,4,2,9,7,8,0,14,3,1,2,0
42,81,1,9,0.7,0.7,0.5,1.9,1.4,1,0.2,0.7,1.2,0.7,0
45,81,1,8,0.6,0.6,0.5,1.7,1.2,0.9,0.2,0.6,1.1,0.6,0
53,81,1,8,0.7,0,0,3.1,0.2,0.4,1.8,1.1,0.7,0,0
58,81,1,2,0.2,0,0,0.8,0,0.1,0.4,0.3,0.2,0,0
67,81,1,4,0.1,0.7,0.6,0.7,0.9,0,0.1,0.3,0.3,0.3,0
81,81,1,5,0.2,0.4,0.4,0.8,0.5,0,1.3,1,0.4,0,0
98,81,1,1,0,0.2,0.1,0.1,0.3,0,0.1,0,0.1,0.1,0
101,81,1,2,0,0.3,0.2,0.2,0.6,0,0.2,0.1,0.2,0.2,0
113,81,1,3,0.1,0.1,0.3,0.5,1,0,0.6,0.4,0,0,0
114,81,1,3,0.1,0.1,0.3,0.5,1,0,0.6,0.4,0,0,0
116,81,1,1,0,0,0.1,0.2,0.3,0,0.2,0.2,0,0,0
126,81,1,2,0,0.4,0.2,0.1,0.7,0.1,0.3,0.1,0.1,0,0
3,82,1,18,1.1,1.8,0.4,6.3,1.8,0.7,1.9,0.7,3.3,0,0
13,82,1,26.5,2.8,2.5,1.2,4.4,7.1,0.7,2.6,0.9,3.1,1.2,0
14,82,0,42,2,5,1,17,5,1,2,5,4,0,0
15,82,0,52,9,3,1,28,5,3,0,0,3,0,0
16,82,1,22,2.3,2.1,1,3.7,5.9,0.6,2.2,0.7,2.5,1,0
21,82,1,1,0,0.1,0.1,0.1,0.2,0,0.2,0.1,0.1,0.1,0
22,82,1,2,0,0.1,0.2,0.3,0.4,0,0.5,0.3,0.1,0.1,0
31,82,1,3,0,0.2,0.3,0.4,0.6,0,0.7,0.5,0.1,0.2,0
32,82,1,3,0.2,0.5,0.3,0.5,0.6,0.1,0.6,0.1,0.1,0,0
40,82,1,5,0,1,0.5,0.8,1.1,0.1,0.5,0.6,0.2,0.2,0
41,82,1,8,0,1.5,0.8,1.3,1.7,0.2,0.8,1,0.3,0.4,0
42,82,1,10,0.8,0.8,0.6,2.1,1.5,1.1,0.2,0.8,1.3,0.8,0
43,82,1,2,0.1,0.2,0.1,0.4,0.3,0.2,0,0.2,0.3,0.2,0
45,82,1,2,0.1,0.2,0.1,0.4,0.3,0.2,0,0.2,0.3,0.2,0
47,82,1,4,0.3,0.3,0.4,1,0.5,0.2,0.3,0.4,0.3,0.3,0
48,82,1,4,0.3,0.3,0.4,1,0.5,0.2,0.3,0.4,0.3,0.3,0
52,82,1,7,0.6,0,0,2.7,0.2,0.4,1.5,1,0.6,0,0
53,82,1,6,0.5,0,0,2.3,0.2,0.4,1.3,0.8,0.5,0,0
54,82,1,3,0.2,0,0,1.2,0.1,0.2,0.7,0.4,0.2,0,0
67,82,1,15,0.4,2.5,2.1,2.5,3.3,0,0.4,1.3,1.2,1.3,0
68,82,1,3,0.1,0.5,0.4,0.5,0.7,0,0.1,0.2,0.2,0.3,0
73,82,1,3,0.1,0.2,0.3,0.4,0.6,0.1,0.5,0.4,0.2,0.2,0
74,82,1,5,0.3,0.3,0.5,0.6,1,0.2,0.8,0.7,0.3,0.3,0
76,82,1,7,0.4,0.4,0.8,0.9,1.4,0.2,1.1,1,0.4,0.4,0
77,82,1,7.5,0.3,0.7,0.5,1.2,0.8,0.1,2,1.4,0.5,0,0
95,82,1,4,0,0.7,0.4,0.4,1.2,0.1,0.3,0.2,0.4,0.3,0
98,82,1,2,0,0.3,0.2,0.2,0.6,0,0.2,0.1,0.2,0.2,0
100,82,1,1,0,0.2,0.1,0.1,0.3,0,0.1,0,0.1,0.1,0
111,82,1,6,0.2,0.9,0.4,1.2,0.9,0.2,0.9,0.8,0.3,0.2,0
1,83,1,3,0,0.2,0.1,0.4,0.7,0.1,0.6,0.4,0.3,0.2,0
6,83,1,2,0.1,0.2,0,0.7,0.2,0.1,0.2,0.1,0.4,0,0
7,83,1,2,0.1,0.2,0,0.7,0.2,0.1,0.2,0.1,0.4,0,0
12,83,1,2,0.2,0.2,0.1,0.3,0.5,0.1,0.2,0.1,0.2,0.1,0
13,83,0,86,3,12,10,17,21,2,7,7,5,2,0
14,83,0,112,5.5,7,11,17,19,1,21,13,14.5,3,0
15,83,0,117.5,9,8.5,7,36,16,8,12,6,10,5,0
16,83,1,22,2.3,2.1,1,3.7,5.9,0.6,2.2,0.7,2.5,1,0
20,83,1,1,0,0.1,0.1,0.1,0.2,0,0.2,0.1,0.1,0.1,0
21,83,1,5,0.3,0.5,0.6,0.8,0.9,0,0.9,0.4,0.3,0.3,0
22,83,1,1,0,0.1,0.1,0.1,0.2,0,0.2,0.2,0,0.1,0
29,83,1,3,0,0.2,0.3,0.4,0.6,0,0.7,0.5,0.1,0.2,0
34,83,1,3,0.2,0.5,0.3,0.5,0.6,0.1,0.6,0.1,0.1,0,0
38,83,1,11,0,2.1,1.1,1.8,2.3,0.2,1.1,1.4,0.5,0.5,0
49,83,1,5,0.4,0.4,0.6,1.2,0.6,0.2,0.4,0.5,0.4,0.3,0
50,83,1,3,0.2,0.3,0.3,0.7,0.4,0.1,0.2,0.3,0.3,0.2,0
52,83,1,2,0.2,0,0,0.8,0,0.1,0.4,0.3,0.2,0,0
55,83,1,2,0.2,0,0,0.8,0,0.1,0.4,0.3,0.2,0,0
63,83,1,4,0.1,0.7,0.6,0.7,0.9,0,0.1,0.3,0.3,0.3,0
73,83,1,5,0.3,0.3,0.5,0.6,1,0.2,0.8,0.7,0.3,0.3,0
74,83,1,7,0.4,0.4,0.8,0.9,1.4,0.2,1.1,1,0.4,0.4,0
75,83,1,12,0.6,0.7,1.3,1.5,2.4,0.4,2,1.7,0.7,0.7,0
76,83,1,11,0.6,0.6,1.2,1.4,2.2,0.4,1.8,1.6,0.6,0.6,0
77,83,1,18,0.6,1.6,1.3,2.9,1.9,0.1,4.8,3.5,1.3,0,0
78,83,1,5,0.2,0.4,0.4,0.8,0.5,0,1.3,1,0.4,0,0
99,83,1,2,0,0.3,0.2,0.2,0.6,0,0.2,0.1,0.2,0.2,0
100,83,1,3,0,0.5,0.3,0.3,0.9,0.1,0.2,0.2,0.3,0.2,0
106,83,1,3,0.1,0.4,0.2,0.6,0.5,0.1,0.5,0.4,0.1,0.1,0
107,83,1,6,0.2,0.9,0.4,1.2,0.9,0.2,0.9,0.8,0.3,0.2,0
108,83,1,5,0.2,0.7,0.3,0.9,0.8,0.2,0.8,0.7,0.2,0.2,0
111,83,1,4,0.1,0.6,0.3,0.8,0.6,0.1,0.6,0.6,0.2,0.1,0
8,84,1,3,0.1,0.1,0.4,0.7,0.4,0.1,0.5,0.5,0.1,0.1,0
10,84,1,4,0.2,0.1,0.5,1,0.6,0.1,0.6,0.6,0.2,0.1,0
12,84,0,60,4,11,7,7,17,0,4,4,5,1,0
13,84,0,102,4,14,9,16,33,3,4,7,9,3,0
14,84,0,52,0,6,3,7,13,1,11,5,4,2,0
15,84,1,2,0,0.2,0.1,0.4,0.5,0.1,0.1,0.3,0.3,0,0
23,84,1,2,0,0,0.1,0.4,0.3,0.1,0.5,0.4,0.2,0,0
24,84,1,3,0.1,0,0.2,0.5,0.4,0.1,0.8,0.5,0.3,0.1,0
30,84,1,5,0.3,0.8,0.7,0.6,1.4,0,0.1,0.6,0.3,0.2,0
31,84,1,5,0.3,0.8,0.7,0.6,1.4,0,0.1,0.6,0.3,0.2,0
37,84,1,4,0.1,0.8,0.1,0.6,0.7,0,0.4,0.4,0.5,0.4,0
46,84,1,3,0.2,0.4,0.5,0.6,0.5,0.1,0.5,0,0.2,0,0
73,84,1,3,0.2,0,0.9,0.5,1.1,0,0,0.1,0.2,0,0
79,84,1,12,0.6,0.6,1,2.9,2.7,0.3,2.3,0.4,1,0.1,0.1
81,84,1,5,0.2,0.2,0.4,1.2,1.1,0.1,1,0.2,0.4,0.1,0.1
98,84,1,9,1.2,0.3,0,3.4,0.5,1.1,0.5,0.9,0.7,0.4,0
99,84,1,15,2,0.6,0,5.6,0.9,1.7,0.9,1.5,1.2,0.6,0
108,84,1,3,0.2,0.1,0.4,0.4,0.6,0,0.6,0.5,0.1,0.1,0
127,84,1,14,0.2,1.8,1.1,1.2,3.5,0.3,2.3,2.1,1.3,0.2,0
5,85,1,2,0.1,0,0.3,0.5,0.3,0,0.3,0.3,0.1,0.1,0
6,85,1,3,0.1,0.1,0.4,0.7,0.4,0.1,0.5,0.5,0.1,0.1,0
7,85,1,3,0.1,0.1,0.4,0.7,0.4,0.1,0.5,0.5,0.1,0.1,0
11,85,1,1,0,0,0.1,0.3,0.2,0,0.2,0.2,0,0,0
12,85,1,21.5,0.5,2.4,1.4,4.3,4.8,1,1,2.9,2.7,0.5,0
13,85,0,114,6,27.5,10.5,13,38,1,9,2,6,1,0
14,85,0,35,0,1,4,1,8,1,9,10,1,0,0
18,85,1,5,0.3,0.4,0.5,1.2,1,0.2,0.4,0.5,0.3,0.2,0
23,85,1,17,0.3,0,1,3,2.3,0.7,4.7,3,1.7,0.3,0
24,85,1,13,0.2,0,0.8,2.3,1.8,0.5,3.6,2.3,1.3,0.2,0
26,85,1,4,0.1,0,0.2,0.7,0.5,0.2,1.1,0.7,0.4,0.1,0
27,85,1,4,0.3,0.6,0.5,0.4,1.1,0,0.1,0.5,0.3,0.2,0
30,85,1,7,0.5,1.1,0.9,0.8,1.9,0,0.2,0.8,0.5,0.3,0
33,85,1,9,0.2,0.7,1,3.1,2.1,0.2,1,0.2,0.2,0.3,0
36,85,1,7,0.2,0.5,0.7,2.4,1.7,0.2,0.7,0.2,0.2,0.2,0
37,85,1,5,0.1,1.1,0.1,0.8,0.9,0,0.4,0.5,0.6,0.5,0
39,85,1,2,0,0.4,0.1,0.3,0.4,0,0.2,0.2,0.2,0.2,0
59,85,1,4,0,0.4,0.6,0.5,0.9,0.1,0.6,0.7,0.1,0.1,0
64,85,1,5,0.4,0.5,0.3,1.2,1,0.2,0.3,0.3,0.7,0.1,0
78,85,1,10,0.5,0.5,0.8,2.4,2.3,0.2,1.9,0.4,0.8,0.1,0.1
79,85,0,52,3,6,2,11,11,1,11,0,4,3,0
80,85,1,7,0.3,0.3,0.6,1.7,1.6,0.2,1.3,0.2,0.6,0.1,0.1
81,85,1,1,0.1,0.1,0.1,0.2,0.2,0,0.2,0,0.1,0,0
82,85,1,4,0.2,0.3,0.5,0.7,1.1,0.1,0.5,0.3,0.1,0.2,0
96,85,1,4,0.3,0.6,0.3,0.8,1,0.1,0.3,0.2,0.4,0,0
97,85,1,6,0.8,0.2,0,2.2,0.4,0.7,0.4,0.6,0.5,0.2,0
98,85,1,16,2.2,0.6,0,6,0.9,1.9,0.9,1.6,1.3,0.6,0
99,85,1,3,0.4,0.1,0,1.1,0.2,0.4,0.2,0.3,0.2,0.1,0
108,85,1,11,0.9,0.4,1.3,1.3,2.2,0,2.2,1.8,0.4,0.5,0
109,85,1,1,0.1,0,0.1,0.1,0.2,0,0.2,0.2,0,0.1,0
127,85,1,8,0.1,1,0.6,0.7,2,0.2,1.3,1.2,0.8,0.1,0
4,86,1,4,0.2,0.1,0.5,1,0.6,0.1,0.6,0.6,0.2,0.1,0
5,86,1,1,0,0,0.1,0.3,0.2,0,0.2,0.2,0,0,0
7,86,1,2,0.1,0,0.3,0.5,0.3,0,0.3,0.3,0.1,0.1,0
10,86,1,2,0.1,0,0.3,0.5,0.3,0,0.3,0.3,0.1,0.1,0
14,86,1,9,0.2,1,0.6,1.8,2.1,0.4,0.4,1.2,1.1,0.2,0
15,86,1,2,0,0.2,0.1,0.4,0.5,0.1,0.1,0.3,0.3,0,0
18,86,1,3,0.2,0.3,0.3,0.7,0.6,0.1,0.2,0.3,0.2,0.1,0
20,86,1,4,0.3,0.3,0.3,0.9,0.8,0.2,0.3,0.4,0.3,0.2,0
21,86,1,12.5,0.8,1,1.1,2.9,2.6,0.6,0.9,1.1,0.9,0.6,0
22,86,1,4,0.1,0,0.2,0.7,0.5,0.2,1.1,0.7,0.4,0.1,0
23,86,1,2,0,0,0.1,0.4,0.3,0.1,0.5,0.4,0.2,0,0
26,86,1,1,0,0,0.1,0.2,0.1,0,0.3,0.2,0.1,0,0
30,86,1,7,0.5,1.1,0.9,0.8,1.9,0,0.2,0.8,0.5,0.3,0
31,86,1,3,0.2,0.5,0.4,0.3,0.8,0,0.1,0.4,0.2,0.1,0
37,86,1,2,0,0.4,0.1,0.3,0.4,0,0.2,0.2,0.2,0.2,0
41,86,1,4,0.1,0.8,0.1,0.6,0.7,0,0.4,0.4,0.5,0.4,0
42,86,1,6,0.4,0.8,1,1.3,0.9,0.2,0.9,0.1,0.4,0,0
43,86,1,6,0.4,0.8,1,1.3,0.9,0.2,0.9,0.1,0.4,0,0
76,86,1,28,1.4,0.5,8.5,4.8,10.4,0,0.5,0.5,1.4,0,0
77,86,0,51.5,2,2,3,14,11,1,4,8,4.5,2,0
78,86,0,32,2,2.5,0.5,8,6,0,3,6,1,3,0
79,86,0,91.5,10,10,4.5,28,17,4,1,0,17,0,0
80,86,0,32,9,2,0,16,1,0,0,1,3,0,0
81,86,1,1,0.1,0.1,0.1,0.2,0.2,0,0.2,0,0.1,0,0
82,86,1,18.5,0.7,1.4,2.4,3.4,4.8,0.5,2.4,1.4,0.5,1,0
97,86,1,2,0.3,0.1,0,0.7,0.1,0.2,0.1,0.2,0.2,0.1,0
108,86,1,2,0.2,0.1,0.2,0.2,0.4,0,0.4,0.3,0.1,0.1,0
109,86,1,1,0.1,0,0.1,0.1,0.2,0,0.2,0.2,0,0.1,0
114,86,1,2,0,0,0,0.7,0.1,0.1,0.6,0.2,0.2,0.1,0
6,87,1,1,0,0,0.1,0.3,0.2,0,0.2,0.2,0,0,0
7,87,1,4,0.2,0.1,0.5,1,0.6,0.1,0.6,0.6,0.2,0.1,0
12,87,1,5,0.1,0.6,0.4,1,1.1,0.2,0.2,0.7,0.6,0.1,0
17,87,1,1,0.1,0.1,0.1,0.2,0.2,0,0.1,0.1,0.1,0,0
18,87,1,2,0.1,0.2,0.2,0.5,0.4,0.1,0.1,0.2,0.1,0.1,0
26,87,1,2,0,0,0.1,0.4,0.3,0.1,0.5,0.4,0.2,0,0
34,87,1,4,0.1,0.3,0.4,1.4,1,0.1,0.4,0.1,0.1,0.1,0
40,87,1,4,0.1,0.8,0.1,0.6,0.7,0,0.4,0.4,0.5,0.4,0
41,87,1,4,0.1,0.8,0.1,0.6,0.7,0,0.4,0.4,0.5,0.4,0
42,87,1,5,0.3,0.6,0.8,1.1,0.8,0.2,0.8,0.1,0.3,0,0
44,87,1,3,0.2,0.4,0.5,0.6,0.5,0.1,0.5,0,0.2,0,0
46,87,1,6,0.4,0.8,1,1.3,0.9,0.2,0.9,0.1,0.4,0,0
48,87,1,5,0.3,0.6,0.8,1.1,0.8,0.2,0.8,0.1,0.3,0,0
55,87,1,1,0,0.1,0.2,0.1,0.2,0,0.2,0.2,0,0,0
63,87,1,4,0.3,0.4,0.2,1,0.8,0.2,0.3,0.2,0.5,0.1,0
69,87,1,4,0.3,0.4,0.2,1,0.8,0.2,0.3,0.2,0.5,0.1,0
70,87,1,5,0.4,0.5,0.3,1.2,1,0.2,0.3,0.3,0.7,0.1,0
75,87,1,3,0.2,0,0.9,0.5,1.1,0,0,0.1,0.2,0,0
76,87,1,15,0.8,0.2,4.6,2.5,5.6,0,0.2,0.3,0.8,0,0
77,87,0,101,6,14.5,11,19,25,0,11,4,10.5,0,0
78,87,0,55.5,1,9.5,2,8,18,3.5,4,4,3.5,2,0
79,87,0,89,5,13,7,22,24,5,1,5,7,0,0
80,87,1,13,0.6,0.6,1.1,3.1,2.9,0.3,2.5,0.5,1.1,0.1,0.2
81,87,1,4,0.2,0.2,0.3,1,0.9,0.1,0.8,0.1,0.3,0,0.1
93,87,1,6,0.5,0.9,0.5,1.1,1.4,0.2,0.5,0.3,0.6,0,0
94,87,1,2,0.1,0.3,0.2,0.4,0.5,0,0.2,0.1,0.2,0,0
96,87,1,4,0.3,0.6,0.3,0.8,1,0.1,0.3,0.2,0.4,0,0
109,87,1,1,0.1,0,0.1,0.1,0.2,0,0.2,0.2,0,0.1,0
111,87,1,2,0.2,0.1,0.2,0.2,0.4,0,0.4,0.3,0.1,0.1,0
4,88,1,3,0.1,0.1,0.4,0.7,0.4,0.1,0.5,0.5,0.1,0.1,0
16,88,1,5,0.1,0.6,0.4,1,1.1,0.2,0.2,0.7,0.6,0.1,0
22,88,1,3,0.1,0,0.2,0.5,0.4,0.1,0.8,0.5,0.3,0.1,0
38,88,1,7,0.2,1.5,0.2,1.1,1.3,0,0.6,0.6,0.9,0.6,0
41,88,1,1,0,0.2,0,0.2,0.2,0,0.1,0.1,0.1,0.1,0
52,88,1,5,0.1,0.5,0.7,0.6,1.2,0.1,0.8,0.8,0.1,0.1,0
60,88,1,3,0,0.3,0.4,0.4,0.7,0,0.5,0.5,0.1,0.1,0
69,88,1,5,0.4,0.5,0.3,1.2,1,0.2,0.3,0.3,0.7,0.1,0
73,88,1,7,0.4,0.1,2.1,1.2,2.6,0,0.1,0.1,0.4,0,0
74,88,1,3,0.2,0,0.9,0.5,1.1,0,0,0.1,0.2,0,0
77,88,0,30,1,2,0,6,5,0,11,5,0,0,0
78,88,1,16,0.8,0.8,1.3,3.8,3.6,0.4,3,0.6,1.3,0.2,0.2
80,88,1,5,0.2,0.2,0.4,1.2,1.1,0.1,1,0.2,0.4,0.1,0.1
81,88,1,10,0.5,0.5,0.8,2.4,2.3,0.2,1.9,0.4,0.8,0.1,0.1
82,88,1,16,0.6,1.2,2.1,2.9,4.2,0.4,2.1,1.3,0.4,0.8,0
91,88,1,2,0,0,0.2,0.4,0.3,0.1,0.5,0,0.2,0.3,0
94,88,1,12,0.9,1.9,1,2.2,2.8,0.3,1,0.6,1.3,0,0
110,88,1,4,0.3,0.2,0.5,0.5,0.8,0,0.8,0.6,0.1,0.2,0
0,89,1,2,0.2,0.1,0.1,0.5,0.4,0.1,0.1,0.2,0.2,0.1,0
4,89,1,1,0,0,0.1,0.3,0.2,0,0.2,0.2,0,0,0
5,89,1,3,0.1,0.1,0.4,0.7,0.4,0.1,0.5,0.5,0.1,0.1,0
8,89,1,1,0.1,0.1,0.1,0.2,0.1,0,0.2,0.1,0.1,0,0
10,89,1,2,0.2,0.2,0.2,0.3,0.3,0,0.3,0.3,0.1,0.1,0
11,89,1,6,0.6,0.5,0.7,1,0.8,0.1,1,0.7,0.4,0.2,0
12,89,1,5,0.5,0.3,0.5,1.1,0.5,0.1,0.6,0.6,0.2,0.6,0
13,89,1,2,0.2,0.1,0.2,0.4,0.2,0,0.2,0.3,0.1,0.3,0
15,89,1,1,0.1,0.1,0.1,0.2,0.1,0,0.1,0.1,0.1,0.1,0
16,89,1,10,1,0.7,1.1,2.1,1.1,0.1,1.2,1.2,0.3,1.2,0
20,89,1,4,0.3,0.3,0.3,0.9,0.8,0.2,0.3,0.4,0.3,0.2,0
25,89,1,4,0.3,0.6,0.5,0.4,1.1,0,0.1,0.5,0.3,0.2,0
31,89,1,9,0.4,0.4,1,1.4,1.7,0.4,1,1,1,0.7,0
32,89,1,7,0.2,0.5,0.7,2.4,1.7,0.2,0.7,0.2,0.2,0.2,0
37,89,1,7,0.5,0.5,0.2,1.6,1.3,0.2,1.1,0.7,0.7,0.2,0
38,89,1,2,0.1,0.1,0,0.5,0.4,0.1,0.3,0.2,0.2,0.1,0
40,89,1,2,0.1,0.1,0,0.5,0.4,0.1,0.3,0.2,0.2,0.1,0
45,89,1,1,0.1,0.1,0.2,0.2,0.1,0,0.2,0,0.1,0,0
53,89,1,3,0,0.3,0.4,0.4,0.7,0,0.5,0.5,0.1,0.1,0
59,89,1,3,0,0.3,0.4,0.4,0.7,0,0.5,0.5,0.1,0.1,0
60,89,1,6,0.1,0.6,0.9,0.8,1.4,0.1,0.9,1,0.1,0.1,0
64,89,1,14,1.1,1.2,0.8,3.5,2.9,0.6,1,0.8,1.9,0.2,0
65,89,1,9,0.8,0.8,0.5,2.2,1.9,0.4,0.6,0.5,1.2,0.1,0
66,89,1,4.5,0.4,0.4,0.2,1.1,0.9,0.2,0.3,0.3,0.6,0.1,0
77,89,1,6,0,0.2,0.6,0.4,1,0,1.8,2,0,0,0
81,89,1,7,0,0.2,0.7,0.5,1.2,0,2.1,2.3,0,0,0
82,89,1,3,0,0.1,0.3,0.6,0.4,0.1,0.8,0,0.3,0.4,0
83,89,1,7.5,0,0.2,0.7,1.4,1,0.4,2.1,0,0.7,1,0
91,89,1,4,0,0.6,0.3,0.4,1.1,0.1,0.6,0.5,0.2,0.2,0
92,89,1,9,0.6,0.7,0.4,2.2,1.6,0.1,1.5,0.6,1,0.3,0
94,89,0,38,6,1,3,12,5,2,4,1,4,0,0
95,89,1,6,0.4,0.5,0.3,1.4,1.1,0.1,1,0.4,0.6,0.2,0
109,89,1,5,0.3,0.6,0.1,1,1.3,0.2,0.2,0.7,0.5,0.1,0
8,90,1,2,0.2,0.2,0.2,0.3,0.3,0,0.3,0.3,0.1,0.1,0
10,90,1,19,1.9,1.6,2.2,3.2,2.5,0.3,3.2,2.2,1.3,0.6,0
11,90,1,15,1.5,1.2,1.8,2.5,2,0.2,2.5,1.8,1,0.5,0
12,90,1,18,1.8,1.2,1.9,3.8,1.9,0.3,2.2,2.2,0.5,2.2,0
15,90,1,3,0.3,0.2,0.3,0.6,0.3,0,0.4,0.4,0.1,0.4,0
16,90,1,8,0.8,0.5,0.8,1.7,0.9,0.1,1,1,0.2,1,0
28,90,1,1,0,0.1,0.1,0.2,0.2,0,0.1,0.1,0.1,0.1,0
30,90,1,3,0.1,0.1,0.3,0.5,0.6,0.1,0.4,0.4,0.3,0.2,0
37,90,1,7,0.5,0.5,0.2,1.6,1.3,0.2,1.1,0.7,0.7,0.2,0
39,90,1,5,0.3,0.4,0.1,1.2,0.9,0.2,0.8,0.5,0.5,0.1,0
45,90,1,6,0.4,0.8,1,1.3,0.9,0.2,0.9,0.1,0.4,0,0
57,90,1,5,0.1,0.5,0.7,0.6,1.2,0.1,0.8,0.8,0.1,0.1,0
61,90,1,4,0,0.4,0.6,0.5,0.9,0.1,0.6,0.7,0.1,0.1,0
63,90,1,1,0.1,0.1,0.1,0.2,0.2,0,0.1,0.1,0.1,0,0
64,90,1,8,0.7,0.7,0.4,2,1.7,0.3,0.6,0.4,1.1,0.1,0
65,90,1,3,0.3,0.3,0.2,0.7,0.6,0.1,0.2,0.2,0.4,0,0
82,90,1,3,0,0.1,0.3,0.6,0.4,0.1,0.8,0,0.3,0.4,0
85,90,1,4,0,0.1,0.4,0.7,0.5,0.2,1.1,0,0.4,0.6,0
89,90,1,5,0,0.7,0.4,0.4,1.4,0.2,0.7,0.6,0.3,0.3,0
90,90,1,2,0,0.3,0.2,0.2,0.6,0,0.3,0.2,0.1,0.1,0
94,90,1,11,0.7,0.9,0.5,2.7,2,0.1,1.8,0.8,1.2,0.3,0
95,90,1,14,0.9,1.1,0.7,3.4,2.6,0.1,2.3,1,1.5,0.4,0
109,90,1,2,0.1,0.3,0,0.4,0.5,0.1,0.1,0.3,0.2,0,0
110,90,1,2,0.1,0.3,0,0.4,0.5,0.1,0.1,0.3,0.2,0,0
127,90,1,3,0.2,0.2,0.2,0.5,0.5,0.1,0.2,0.9,0.2,0,0
4,91,1,3,0.1,0.1,0.4,0.7,0.4,0.1,0.5,0.5,0.1,0.1,0
6,91,1,4,0.2,0.1,0.5,1,0.6,0.1,0.6,0.6,0.2,0.1,0
11,91,1,5,0.5,0.4,0.6,0.8,0.7,0.1,0.8,0.6,0.3,0.2,0
12,91,1,14,1.4,0.9,1.5,3,1.5,0.2,1.7,1.7,0.4,1.7,0
14,91,1,2,0.2,0.1,0.2,0.4,0.2,0,0.2,0.3,0.1,0.3,0
15,91,1,3,0.3,0.2,0.3,0.6,0.3,0,0.4,0.4,0.1,0.4,0
21,91,1,2,0.1,0.2,0.2,0.5,0.4,0.1,0.1,0.2,0.1,0.1,0
22,91,1,5,0.3,0.8,0.7,0.6,1.4,0,0.1,0.6,0.3,0.2,0
27,91,1,7,0.3,0.3,0.8,1.1,1.3,0.3,0.8,0.8,0.8,0.5,0
28,91,1,2,0.1,0.1,0.2,0.3,0.4,0.1,0.2,0.2,0.2,0.2,0
35,91,1,4,0.1,0.3,0.4,1.4,1,0.1,0.4,0.1,0.1,0.1,0
36,91,1,2,0,0.2,0.2,0.7,0.5,0,0.2,0.1,0,0.1,0
39,91,1,1,0.1,0.1,0,0.2,0.2,0,0.2,0.1,0.1,0,0
40,91,1,4,0.3,0.3,0.1,0.9,0.7,0.1,0.7,0.4,0.4,0.1,0
46,91,1,3,0.2,0.4,0.5,0.6,0.5,0.1,0.5,0,0.2,0,0
57,91,1,6,0.1,0.6,0.9,0.8,1.4,0.1,0.9,1,0.1,0.1,0
61,91,1,4,0,0.4,0.6,0.5,0.9,0.1,0.6,0.7,0.1,0.1,0
64,91,1,4,0.3,0.4,0.2,1,0.8,0.2,0.3,0.2,0.5,0.1,0
71,91,1,6,0.9,0.5,0,1.5,1,0.1,0.6,0.4,0.7,0.3,0
74,91,1,4,0,0.1,0.4,0.3,0.7,0,1.2,1.3,0,0,0
81,91,1,2,0,0.1,0.2,0.1,0.3,0,0.6,0.7,0,0,0
88,91,1,4,0,0.6,0.3,0.4,1.1,0.1,0.6,0.5,0.2,0.2,0
90,91,1,6,0,0.9,0.5,0.5,1.7,0.2,0.9,0.7,0.3,0.3,0
92,91,1,2,0.1,0.2,0.1,0.5,0.4,0,0.3,0.1,0.2,0.1,0
94,91,1,7,0.5,0.5,0.3,1.7,1.3,0.1,1.2,0.5,0.7,0.2,0
95,91,1,8,0.5,0.6,0.4,1.9,1.5,0.1,1.3,0.6,0.9,0.2,0
96,91,1,1,0.1,0.1,0,0.2,0.2,0,0.2,0.1,0.1,0,0
126,91,1,2,0,0.2,0.2,0.1,0.5,0,0.2,0.7,0,0.1,0
127,91,1,17,1,1.1,1.1,2.7,2.7,0.5,1.3,5.1,1.1,0.4,0
4,92,1,1,0,0,0.1,0.3,0.2,0,0.2,0.2,0,0,0
6,92,1,3,0.1,0.1,0.4,0.7,0.4,0.1,0.5,0.5,0.1,0.1,0
7,92,1,7,0.7,0.6,0.8,1.2,0.9,0.1,1.2,0.8,0.5,0.2,0
11,92,1,3,0.3,0.2,0.4,0.5,0.4,0,0.5,0.4,0.2,0.1,0
39,92,1,2,0.1,0.1,0,0.5,0.4,0.1,0.3,0.2,0.2,0.1,0
40,92,1,7,0.5,0.5,0.2,1.6,1.3,0.2,1.1,0.7,0.7,0.2,0
48,92,1,3,0.2,0.4,0.5,0.6,0.5,0.1,0.5,0,0.2,0,0
56,92,1,4,0,0.4,0.6,0.5,0.9,0.1,0.6,0.7,0.1,0.1,0
67,92,1,7,1,0.6,0,1.7,1.2,0.2,0.7,0.5,0.8,0.3,0
70,92,1,5,0.7,0.4,0,1.2,0.9,0.1,0.5,0.4,0.6,0.2,0
71,92,1,2,0.3,0.2,0,0.5,0.3,0.1,0.2,0.1,0.2,0.1,0
73,92,1,1,0,0,0.1,0.1,0.2,0,0.3,0.3,0,0,0
84,92,1,2,0,0,0.2,0.4,0.3,0.1,0.5,0,0.2,0.3,0
88,92,1,14,0,2,1.2,1.2,4,0.4,2,1.6,0.8,0.8,0
92,92,1,2,0.1,0.2,0.1,0.5,0.4,0,0.3,0.1,0.2,0.1,0
93,92,1,8,0.5,0.6,0.4,1.9,1.5,0.1,1.3,0.6,0.9,0.2,0
94,92,1,7,0.5,0.5,0.3,1.7,1.3,0.1,1.2,0.5,0.7,0.2,0
95,92,1,8,0.5,0.6,0.4,1.9,1.5,0.1,1.3,0.6,0.9,0.2,0
97,92,1,4,0.3,0.6,0.3,0.8,1,0.1,0.3,0.2,0.4,0,0
112,92,1,4,0.1,0,0.1,1.3,0.1,0.2,1.2,0.5,0.4,0.1,0
123,92,1,50.5,0,4.9,4.4,3.2,12.1,0,4.9,17,0,4,0
126,92,1,6,0,0.6,0.5,0.4,1.4,0,0.6,2,0,0.5,0
127,92,1,2,0.1,0.1,0.1,0.3,0.3,0.1,0.2,0.6,0.1,0.1,0
18,93,1,7,0.5,0.6,0.6,1.6,1.5,0.3,0.5,0.6,0.5,0.3,0
19,93,1,3,0.2,0.3,0.3,0.7,0.6,0.1,0.2,0.3,0.2,0.1,0
25,93,1,4,0.3,0.6,0.5,0.4,1.1,0,0.1,0.5,0.3,0.2,0
30,93,1,2,0.1,0.1,0.2,0.3,0.4,0.1,0.2,0.2,0.2,0.2,0
31,93,1,2,0.1,0.1,0.2,0.3,0.4,0.1,0.2,0.2,0.2,0.2,0
32,93,1,4,0.1,0.3,0.4,1.4,1,0.1,0.4,0.1,0.1,0.1,0
33,93,1,1,0,0.1,0.1,0.4,0.3,0,0.1,0,0,0,0
39,93,1,4,0.3,0.3,0.1,0.9,0.7,0.1,0.7,0.4,0.4,0.1,0
40,93,1,2,0.1,0.1,0,0.5,0.4,0.1,0.3,0.2,0.2,0.1,0
51,93,1,4,0.2,0.5,0.7,0.9,0.6,0.2,0.6,0.1,0.2,0,0
56,93,1,6,0.1,0.6,0.9,0.8,1.4,0.1,0.9,1,0.1,0.1,0
57,93,1,9,0.1,0.9,1.3,1.1,2.1,0.1,1.4,1.6,0.2,0.2,0
63,93,1,6,0.5,0.5,0.3,1.5,1.3,0.3,0.4,0.3,0.8,0.1,0
71,93,1,21.5,3.1,1.8,0,5.2,3.6,0.5,2.1,1.6,2.6,1,0
72,93,1,4,0,0.1,0.4,0.3,0.7,0,1.2,1.3,0,0,0
79,93,1,4,0,0.1,0.4,0.3,0.7,0,1.2,1.3,0,0,0
81,93,1,2,0,0.1,0.2,0.1,0.3,0,0.6,0.7,0,0,0
93,93,1,11,0.7,0.9,0.5,2.7,2,0.1,1.8,0.8,1.2,0.3,0
94,93,1,9,0.6,0.7,0.4,2.2,1.6,0.1,1.5,0.6,1,0.3,0
97,93,1,6,0.5,0.9,0.5,1.1,1.4,0.2,0.5,0.3,0.6,0,0
107,93,1,8,0.4,1,0.1,1.6,2,0.3,0.3,1.2,0.9,0.2,0
108,93,1,16,0.9,2,0.3,3.2,4.1,0.6,0.6,2.3,1.7,0.3,0
109,93,1,22,1.2,2.8,0.4,4.4,5.6,0.8,0.8,3.2,2.4,0.4,0
112,93,1,6,0.2,0,0.2,2,0.2,0.3,1.8,0.6,0.5,0.2,0
121,93,1,3,0.1,0,0.1,1,0.1,0.2,0.9,0.3,0.2,0.1,0
122,93,1,4,0,0.4,0.3,0.3,1,0,0.4,1.3,0,0.3,0
123,93,0,78,0,4.5,7.5,9,19,2.5,15,10,4.5,6,0
124,93,0,49,1,3,3,6,10,1,5,5,2,13,0
126,93,0,39,1,0,3,11,6,0,5,6,0,7,0
127,93,0,66.5,1,5,4,8,18,2,7,16,3.5,2,0
1,94,1,1,0.1,0.1,0.1,0.3,0.1,0,0.1,0.1,0.1,0,0
2,94,1,5,0.1,1,0.5,0.4,1.3,0.2,0.4,0.4,0.3,0.4,0
5,94,1,10,0.2,1.9,1,0.7,2.6,0.3,0.8,0.9,0.7,0.9,0
9,94,1,3,0,0.3,0.3,0.2,0.9,0,0.3,0.4,0.4,0.2,0
18,94,1,5,0.3,0.3,0.5,1,1,0.2,0.6,0.1,0.5,0.5,0
19,94,1,3,0.2,0.2,0.3,0.6,0.6,0.1,0.3,0.1,0.3,0.3,0
20,94,1,5,0.3,0.3,0.5,1,1,0.2,0.6,0.1,0.5,0.5,0
21,94,1,3,0.2,0.2,0.3,0.6,0.6,0.1,0.3,0.1,0.3,0.3,0
24,94,1,3,0.2,0.2,0.1,0.3,0.6,0.1,0.6,0.4,0.3,0.2,0
25,94,1,4,0.3,0.3,0.1,0.4,0.8,0.1,0.8,0.5,0.4,0.3,0
27,94,1,4,0.2,0.2,0.3,0.9,0.8,0.3,0.4,0.3,0.4,0.2,0
32,94,1,5,0.1,0.5,0.1,1.1,0.8,0.2,1,0.6,0.5,0.1,0
40,94,1,3,0.1,0.3,0,0.7,0.5,0.1,0.6,0.4,0.3,0,0
42,94,1,2,0.1,0.1,0,0.5,0.3,0.1,0.2,0.5,0.1,0.1,0
45,94,1,4,0.2,0.1,0,1.1,0.6,0.1,0.4,1.1,0.2,0.2,0
46,94,1,7,0.4,0.2,0,1.9,1,0.2,0.6,1.9,0.4,0.4,0
47,94,1,4,0,0.3,0.3,0.9,0.9,0,0.9,0.7,0,0,0
48,94,1,3,0,0.3,0.3,0.6,0.6,0,0.7,0.5,0,0,0
58,94,1,2,0,0.1,0.2,0.2,0.5,0.1,0.3,0.3,0.1,0.2,0
60,94,1,3,0,0.2,0.4,0.2,0.7,0.1,0.5,0.5,0.1,0.3,0
62,94,1,13,0.3,1,1.6,2.1,2.5,0.4,1.2,3,0.3,0.6,0
63,94,1,7,0.2,0.5,0.9,1.1,1.4,0.2,0.6,1.6,0.2,0.3,0
65,94,1,7,0.2,0.5,0.9,1.1,1.4,0.2,0.6,1.6,0.2,0.3,0
68,94,1,5,0.3,0.4,0.2,1.1,1,0.2,0.4,0.6,0.6,0.2,0
69,94,0,63,0,7,10,9,21,1,11,3,1,0,0
70,94,1,21.5,1.4,1.7,0.9,4.6,4.4,0.7,1.9,2.4,2.8,0.7,0
71,94,0,37,4,2,2,8,9,4,3,2,0,3,0
72,94,1,5,0.2,0.3,0.7,0.7,1.3,0.1,0.7,0.7,0,0.3,0
75,94,1,7,0.3,0.5,0.9,0.9,1.7,0.2,1,1,0,0.5,0
91,94,0,56,6,5,4,12,16,1,4,2,4,2,0
92,94,1,6,0.3,0.5,0.6,1.1,1.2,0.3,0.6,0.7,0.4,0.3,0
93,94,0,35.5,1,2.5,1,8,6,1,8,7,0,1,0
94,94,1,6,0.3,0.5,0.6,1.1,1.2,0.3,0.6,0.7,0.4,0.3,0
95,94,1,3,0.2,0.3,0.3,0.5,0.6,0.2,0.3,0.3,0.2,0.1,0
107,94,1,21,0.6,3.3,2.4,2.3,5,0.2,2.3,3,1.3,0.6,0
108,94,0,40,1,2,4,6,12,1,5,3,3,3,0
109,94,1,22,0.6,3.4,2.5,2.4,5.3,0.2,2.4,3.2,1.4,0.6,0
110,94,0,52.5,6,4,4.5,11,8,2,9,2,5,1,0
111,94,1,11,0.3,1.7,1.3,1.2,2.6,0.1,1.2,1.6,0.7,0.3,0
120,94,1,5,0.1,0,0.1,1.7,0.1,0.3,1.5,0.6,0.4,0.2,0
123,94,1,3,0.3,0.4,0.2,0.8,0.6,0.1,0.3,0.1,0.2,0,0
124,94,1,18,1.7,2.2,1.4,4.6,3.7,0.4,2,0.6,1.4,0,0
126,94,0,102,7,12.5,6,14,25,1,11,13,4.5,8,0
127,94,0,129,10,6,6,18,28,0,16,21,7,17,0
0,95,0,40,1,8,5,5,13,2,3,1,2,0,0
1,95,0,36,2,4,3,11,4,1,2,2,4,3,0
2,95,0,35,0,8,0,6,14,0,2,4,1,0,0
4,95,1,2,0,0.4,0.2,0.1,0.5,0.1,0.2,0.2,0.1,0.2,0
21,95,1,3,0.2,0.2,0.3,0.6,0.6,0.1,0.3,0.1,0.3,0.3,0
22,95,1,22,1.5,1.5,0.6,2.3,4.2,0.6,4.6,3.1,2.1,1.5,0
23,95,1,4,0.3,0.3,0.1,0.4,0.8,0.1,0.8,0.5,0.4,0.3,0
30,95,1,4,0.2,0.2,0.3,0.9,0.8,0.3,0.4,0.3,0.4,0.2,0
35,95,1,1,0,0.1,0,0.2,0.2,0.1,0.2,0.1,0.1,0,0
38,95,1,3,0.1,0.3,0,0.7,0.5,0.1,0.6,0.4,0.3,0,0
39,95,1,2,0.1,0.2,0,0.5,0.3,0.1,0.4,0.2,0.2,0,0
40,95,1,5,0.1,0.5,0.1,1.1,0.8,0.2,1,0.6,0.5,0.1,0
41,95,1,1,0,0.1,0,0.2,0.2,0.1,0.2,0.1,0.1,0,0
45,95,1,7,0.4,0.2,0,1.9,1,0.2,0.6,1.9,0.4,0.4,0
50,95,1,4,0,0.3,0.3,0.9,0.9,0,0.9,0.7,0,0,0
52,95,1,2,0,0.1,0.2,0.2,0.5,0.1,0.3,0.3,0.1,0.2,0
53,95,1,4,0.1,0.3,0.5,0.3,0.9,0.1,0.6,0.6,0.2,0.4,0
62,95,1,2,0,0.1,0.3,0.3,0.4,0.1,0.2,0.5,0,0.1,0
63,95,1,5,0.1,0.4,0.6,0.8,1,0.2,0.5,1.1,0.1,0.2,0
64,95,1,16.5,0.4,1.2,2.1,2.6,3.2,0.6,1.5,3.8,0.4,0.7,0
65,95,1,12,0.3,0.9,1.5,1.9,2.3,0.4,1.1,2.7,0.3,0.6,0
66,95,1,9,0.2,0.7,1.1,1.4,1.8,0.3,0.8,2.1,0.2,0.4,0
67,95,1,11,0.7,0.9,0.4,2.3,2.2,0.4,1,1.3,1.4,0.4,0
68,95,0,47,0,8,7,3,17,0,12,0,0,0,0
69,95,0,94,6,10,14,17,19,1,8,8,9,2,0
70,95,0,104,5.5,10.5,11,13,26,5,12,11,6,4,0
71,95,1,29,1.9,2.3,1.2,6.2,5.9,0.9,2.6,3.3,3.8,0.9,0
73,95,1,8,0.4,0.5,1.1,1.1,2,0.2,1.1,1.1,0,0.5,0
80,95,1,7,0.2,0.7,1,1,1.2,0.2,1.2,0.6,0.7,0.2,0
83,95,1,5,0.4,0.4,0.2,1,0.8,0.2,1.2,0.6,0.1,0.1,0
86,95,1,5,0.4,0.4,0.2,1,0.8,0.2,1.2,0.6,0.1,0.1,0
88,95,1,1,0,0.2,0.1,0.2,0.2,0,0.1,0.1,0.1,0,0
89,95,1,3,0.1,0.4,0.2,0.6,0.7,0.1,0.3,0.3,0.2,0.1,0
90,95,1,2,0,0.3,0.2,0.4,0.5,0,0.2,0.2,0.1,0.1,0
91,95,1,2,0,0.3,0.2,0.4,0.5,0,0.2,0.2,0.1,0.1,0
92,95,1,8,0.4,0.7,0.9,1.4,1.6,0.4,0.9,0.9,0.5,0.3,0
93,95,0,84.5,5,11.5,3,14,18,0,11,16,6,0,0
94,95,0,66.5,4,9,9,14,17,0.5,5,5,3,0,0
95,95,1,19,1,1.6,2,3.4,3.8,1,2,2.2,1.2,0.8,0
107,95,0,22,2,1,0,7,2,0,4,4,0,2,0
108,95,1,22,0.6,3.4,2.5,2.4,5.3,0.2,2.4,3.2,1.4,0.6,0
109,95,0,51.5,5,5.5,2,15,5,2,6,4,5,2,0
110,95,0,54,7,4,0,15,2,1,7,5,11,2,0
111,95,1,14,0.4,2.2,1.6,1.5,3.3,0.2,1.5,2,0.9,0.4,0
112,95,1,2,0.1,0.2,0.1,0.4,0.4,0.1,0.2,0.2,0.2,0.1,0
121,95,1,1,0,0,0,0.4,0,0.1,0.3,0.1,0.1,0,0
125,95,1,10.5,1,1.3,0.8,2.7,2.1,0.3,1.2,0.3,0.8,0,0
126,95,0,67.5,1.5,2,6,18,6,3,6,10,6,9,0
127,95,0,83,3,3.5,5.5,16,15,1,8,18,2,11,0
0,96,0,75,4,7,4,19,14,6,7,4,6,4,0
1,96,0,47,1,1.5,1,6,15,0,2,10,1.5,9,0
2,96,1,11,0.2,2.1,1.1,0.8,2.8,0.4,0.9,0.9,0.8,1,0
14,96,1,2,0.1,0.1,0.2,0.4,0.4,0.1,0.2,0.1,0.2,0.2,0
16,96,1,7,0.4,0.4,0.8,1.4,1.4,0.3,0.8,0.1,0.7,0.7,0
23,96,1,8.5,0.6,0.6,0.2,0.9,1.6,0.2,1.8,1.2,0.8,0.6,0
26,96,1,2,0.1,0.1,0.1,0.2,0.4,0.1,0.4,0.3,0.2,0.1,0
29,96,1,4,0.2,0.2,0.3,0.9,0.8,0.3,0.4,0.3,0.4,0.2,0
30,96,1,6,0.3,0.3,0.5,1.3,1.1,0.5,0.6,0.5,0.6,0.3,0
39,96,1,4,0.1,0.4,0.1,0.9,0.6,0.1,0.8,0.5,0.4,0.1,0
46,96,1,2,0.1,0.1,0,0.5,0.3,0.1,0.2,0.5,0.1,0.1,0
48,96,1,1,0,0.1,0.1,0.2,0.2,0,0.2,0.2,0,0,0
52,96,1,6,0.1,0.4,0.7,0.5,1.4,0.2,1,0.9,0.3,0.5,0
60,96,1,7,0.1,0.5,0.8,0.5,1.7,0.2,1.2,1.1,0.3,0.6,0
63,96,1,4,0.1,0.3,0.5,0.6,0.8,0.1,0.4,0.9,0.1,0.2,0
66,96,1,4,0.1,0.3,0.5,0.6,0.8,0.1,0.4,0.9,0.1,0.2,0
67,96,1,1,0.1,0.1,0.1,0.2,0.2,0,0.1,0.1,0.1,0,0
68,96,0,50.5,1,0.5,1,7,5,3,10,16,1,6,0
69,96,0,75,3,7,4,9,13,0,16,16,4,3,0
70,96,0,70.5,4,5,6,15,14,3,9,5,7.5,2,0
71,96,1,5,0.3,0.4,0.2,1.1,1,0.2,0.4,0.6,0.6,0.2,0
81,96,1,2,0,0.2,0.3,0.3,0.3,0.1,0.3,0.2,0.2,0.1,0
91,96,1,22,0.4,3.3,1.9,4.7,5.1,0.5,1.9,2.3,1.4,0.5,0
92,96,1,28,1.5,2.4,2.9,5,5.6,1.5,2.9,3.2,1.8,1.2,0
93,96,0,61.5,3,5,3,18,16,1.5,5,6,4,0,0
94,96,0,30,0,3,2,10,7,0,6,0,0,2,0
96,96,1,14,0.7,1.2,1.5,2.5,2.8,0.7,1.5,1.6,0.9,0.6,0
97,96,1,2,0,0.2,0.1,0.3,0.2,0.1,0.3,0.2,0.3,0.3,0
106,96,1,9,0.5,1.4,0.5,1.6,1.5,0,0.4,1.9,0.7,0.5,0
107,96,0,41,0,3,3,8,5,0,10,8,2,2,0
108,96,0,76,2,12.5,4.5,8,18,3,13,4,8,3,0
109,96,0,105,8.5,12.5,4,29,20,5,10,5,11,0,0
110,96,0,78.5,4,9.5,4,30,8,4.5,2,3,12.5,1,0
111,96,1,4,0.1,0.6,0.5,0.4,1,0,0.4,0.6,0.3,0.1,0
113,96,1,10,0.4,1.2,0.6,2,2.1,0.4,1.2,0.8,1,0.3,0
114,96,1,15,0.7,1.8,1,2.9,3.1,0.6,1.8,1.2,1.4,0.5,0
115,96,1,32,1.4,3.8,2,6.3,6.6,1.3,3.9,2.5,3.1,1.1,0
116,96,1,2,0.1,0.2,0.1,0.4,0.4,0.1,0.2,0.2,0.2,0.1,0
125,96,1,24,2.3,3,1.8,6.1,4.9,0.6,2.7,0.8,1.8,0,0
126,96,0,47,0,1,6,2,6,0,8,23,0,1,0
127,96,1,23,0.5,3.3,1.9,1.9,5.4,0.5,2.2,3.3,1.8,2.2,0
0,97,0,36,4,3,4,12,8,1,1,2,1,0,0
1,97,0,25,3,1,2,8,4,1,2,2,2,0,0
2,97,0,40,1,7,4,7,9,2,7,0,3,0,0
4,97,1,1,0,0.2,0.1,0.1,0.2,0,0.1,0.1,0.1,0.1,0
5,97,1,15,0.3,2.8,1.6,1,3.9,0.5,1.3,1.3,1,1.3,0
12,97,1,5,0.3,0.3,0.5,1,1,0.2,0.6,0.1,0.5,0.5,0
19,97,1,3,0.2,0.2,0.3,0.6,0.6,0.1,0.3,0.1,0.3,0.3,0
21,97,1,8,0.5,0.5,0.9,1.6,1.6,0.4,0.9,0.1,0.7,0.8,0
25,97,1,6,0.4,0.4,0.2,0.6,1.1,0.2,1.3,0.8,0.6,0.4,0
26,97,1,2,0.1,0.1,0.1,0.2,0.4,0.1,0.4,0.3,0.2,0.1,0
31,97,1,2,0.1,0.1,0.2,0.4,0.4,0.1,0.2,0.2,0.2,0.1,0
35,97,1,1,0,0.1,0,0.2,0.2,0.1,0.2,0.1,0.1,0,0
40,97,1,2,0.1,0.2,0,0.5,0.3,0.1,0.4,0.2,0.2,0,0
41,97,1,4,0.1,0.4,0.1,0.9,0.6,0.1,0.8,0.5,0.4,0.1,0
46,97,1,3,0.2,0.1,0,0.8,0.4,0.1,0.2,0.8,0.2,0.2,0
49,97,1,3,0,0.3,0.3,0.6,0.6,0,0.7,0.5,0,0,0
50,97,1,3,0,0.3,0.3,0.6,0.6,0,0.7,0.5,0,0,0
52,97,1,4,0.1,0.3,0.5,0.3,0.9,0.1,0.6,0.6,0.2,0.4,0
57,97,1,1,0,0.1,0.1,0.1,0.2,0,0.2,0.2,0,0.1,0
63,97,1,2,0,0.1,0.3,0.3,0.4,0.1,0.2,0.5,0,0.1,0
66,97,1,6,0.1,0.4,0.8,1,1.2,0.2,0.5,1.4,0.1,0.3,0
67,97,1,4,0.3,0.3,0.2,0.8,0.8,0.1,0.4,0.5,0.5,0.1,0
68,97,1,16,1.1,1.2,0.7,3.4,3.3,0.5,1.4,1.8,2.1,0.5,0
69,97,0,84,2,8,4,14,29,0,7,5,10,5,0
70,97,0,77.5,5,10.5,7,20,16,2,7,0,10,0,0
71,97,1,30,2,2.3,1.2,6.4,6.1,1,2.7,3.4,3.9,1,0
76,97,1,2,0.1,0.1,0.3,0.3,0.5,0,0.3,0.3,0,0.1,0
78,97,1,4,0.1,0.4,0.6,0.6,0.7,0.1,0.7,0.3,0.4,0.1,0
90,97,1,5,0.1,0.8,0.4,1.1,1.2,0.1,0.4,0.5,0.3,0.1,0
96,97,1,2,0.1,0.2,0.2,0.4,0.4,0.1,0.2,0.2,0.1,0.1,0
97,97,1,1,0,0.1,0,0.2,0.1,0.1,0.2,0.1,0.1,0.1,0
98,97,1,1,0,0.1,0,0.2,0.1,0.1,0.2,0.1,0.1,0.1,0
105,97,1,10.5,0.6,1.6,0.6,1.9,1.7,0,0.5,2.2,0.8,0.6,0
106,97,0,70,3,2,2,17,6,4,2,20,3,11,0
107,97,0,79,0,8,8,9,17,2,8,15,5,7,0
108,97,0,88.5,5,10.5,12.5,12,23,3,13,3,3.5,3,0
109,97,0,97,1,15,7,13,29,2,9,5,15,1,0
110,97,0,79.5,3,12,6.5,14,25,5,5,0,9,0,0
111,97,1,2,0.1,0.3,0.2,0.2,0.5,0,0.2,0.3,0.1,0.1,0
113,97,1,10,0.4,1.2,0.6,2,2.1,0.4,1.2,0.8,1,0.3,0
114,97,1,42,1.9,4.9,2.7,8.2,8.6,1.8,5.2,3.3,4,1.4,0
115,97,1,16,0.7,1.9,1,3.1,3.3,0.7,2,1.3,1.5,0.5,0
116,97,1,4,0.2,0.5,0.2,0.8,0.8,0.2,0.5,0.3,0.4,0.1,0
125,97,1,38.5,3.8,4.7,2.9,9.8,7.8,1,4.3,1.3,2.9,0,0
127,97,1,19.5,0.5,2.8,1.6,1.6,4.6,0.5,1.8,2.8,1.5,1.8,0
0,98,1,12,1.6,0.4,1.4,3.6,1.4,0.4,1.6,0.8,0.6,0.2,0
1,98,1,17,2.2,0.6,2,5.1,2,0.6,2.3,1.1,0.8,0.3,0
3,98,1,11,0.2,2.1,1.1,0.8,2.8,0.4,0.9,0.9,0.8,1,0
5,98,1,3,0,0.6,0.3,0.2,0.8,0.1,0.2,0.3,0.2,0.3,0
12,98,1,4,0.2,0.3,0.4,0.8,0.8,0.2,0.4,0.1,0.4,0.4,0
16,98,1,4,0.2,0.3,0.4,0.8,0.8,0.2,0.4,0.1,0.4,0.4,0
22,98,1,6,0.4,0.4,0.2,0.6,1.1,0.2,1.3,0.8,0.6,0.4,0
28,98,1,2,0.1,0.1,0.2,0.4,0.4,0.1,0.2,0.2,0.2,0.1,0
32,98,1,10,0.3,1,0.1,2.2,1.6,0.3,2.1,1.2,1,0.2,0
36,98,1,5,0.1,0.5,0.1,1.1,0.8,0.2,1,0.6,0.5,0.1,0
37,98,1,9,0.3,0.9,0.1,2,1.5,0.3,1.8,1.1,0.9,0.1,0
38,98,1,3,0.1,0.3,0,0.7,0.5,0.1,0.6,0.4,0.3,0,0
39,98,1,7,0.2,0.7,0.1,1.6,1.1,0.2,1.5,0.8,0.7,0.1,0
41,98,1,3,0.1,0.3,0,0.7,0.5,0.1,0.6,0.4,0.3,0,0
46,98,1,9,0.5,0.3,0,2.4,1.3,0.3,0.8,2.4,0.5,0.5,0
51,98,1,2,0,0.2,0.2,0.4,0.4,0,0.4,0.4,0,0,0
56,98,1,4,0.1,0.3,0.5,0.3,0.9,0.1,0.6,0.6,0.2,0.4,0
61,98,1,1,0,0.1,0.1,0.1,0.2,0,0.2,0.2,0,0.1,0
69,98,0,40,2,8,3,4,15,1,3,0,4,0,0
72,98,1,8,0.4,0.5,1.1,1.1,2,0.2,1.1,1.1,0,0.5,0
74,98,1,14,0.6,1,1.9,1.9,3.5,0.3,1.9,1.9,0,1,0
78,98,1,13,0.3,1.4,1.9,1.9,2.2,0.3,2.2,1.1,1.4,0.3,0
79,98,1,4,0.1,0.4,0.6,0.6,0.7,0.1,0.7,0.3,0.4,0.1,0
80,98,1,2,0,0.2,0.3,0.3,0.3,0.1,0.3,0.2,0.2,0.1,0
81,98,1,2,0,0.2,0.3,0.3,0.3,0.1,0.3,0.2,0.2,0.1,0
85,98,1,5,0.4,0.4,0.2,1,0.8,0.2,1.2,0.6,0.1,0.1,0
86,98,1,6,0.4,0.5,0.2,1.2,1,0.2,1.5,0.8,0.1,0.1,0
90,98,1,8,0.1,1.2,0.7,1.7,1.9,0.2,0.7,0.8,0.5,0.2,0
91,98,1,4,0.1,0.6,0.3,0.9,0.9,0.1,0.3,0.4,0.3,0.1,0
96,98,1,9,0.5,0.8,0.9,1.6,1.8,0.5,0.9,1,0.6,0.4,0
106,98,1,48,2.8,7.5,2.8,8.5,7.8,0,2.1,10,3.6,2.9,0
107,98,0,49,0,5,2,7,10,0,5,10,5,5,0
108,98,1,23.5,0.7,3.7,2.7,2.5,5.6,0.3,2.5,3.4,1.4,0.7,0
109,98,0,47,2,6,2,9,14,4,4,0,2,4,0
110,98,1,19,0.5,3,2.2,2.1,4.5,0.2,2.1,2.7,1.2,0.5,0
112,98,1,23,1,2.7,1.5,4.5,4.7,1,2.8,1.8,2.2,0.8,0
113,98,1,22,1,2.6,1.4,4.3,4.5,0.9,2.7,1.7,2.1,0.8,0
114,98,1,16,0.7,1.9,1,3.1,3.3,0.7,2,1.3,1.5,0.5,0
115,98,1,10,0.4,1.2,0.6,2,2.1,0.4,1.2,0.8,1,0.3,0
4,99,1,2,0.1,0.2,0.2,0.2,0.6,0.1,0.2,0.1,0.3,0,0
6,99,1,10,0.5,1.2,0.8,1.2,3.2,0.3,0.8,0.3,1.5,0.2,0
10,99,1,13,0.2,1.3,1.1,0.7,4.1,0.2,1.3,1.5,1.9,0.7,0
11,99,1,6,0.1,0.6,0.5,0.3,1.9,0.1,0.6,0.7,0.9,0.3,0
14,99,1,10,0.2,0.4,0.6,1,2.1,0.2,1.2,3.7,0.6,0,0
24,99,1,6,0.3,0.3,0.5,1.3,1.1,0.5,0.6,0.5,0.6,0.3,0
28,99,1,6,0.2,0.5,0.6,1.3,1.1,0,0.9,0.9,0.5,0,0
39,99,1,2,0.2,0.2,0,0.7,0.4,0,0.1,0.2,0.2,0,0
44,99,1,9,0.7,0.7,0.6,1.8,1.6,0.3,0.9,0.4,1.4,0.6,0
46,99,1,6,0.5,0.5,0.4,1.2,1.1,0.2,0.6,0.2,0.9,0.4,0
55,99,1,8,0.1,0.6,1,0.6,1.9,0.2,1.3,1.2,0.4,0.7,0
58,99,1,5,0.1,0.4,0.6,0.4,1.2,0.2,0.8,0.7,0.2,0.4,0
65,99,1,8,0,0.7,0.5,0.9,1.4,0,1.7,2.6,0.2,0,0
73,99,1,5,0.1,0.1,0.4,1.1,0.8,0.2,1,0.5,0.2,0.6,0
75,99,1,5,0.1,0.1,0.4,1.1,0.8,0.2,1,0.5,0.2,0.6,0
76,99,1,6,0.2,0.1,0.5,1.3,1,0.2,1.1,0.6,0.2,0.8,0
87,99,1,4,0.3,0.3,0.1,0.8,0.7,0.1,1,0.5,0.1,0.1,0
91,99,1,2,0.1,0.2,0.1,0.4,0.3,0.1,0.5,0.3,0,0,0
92,99,1,5,0,0.5,0.1,0.8,0.5,0.3,0.8,0.6,0.8,0.6,0
96,99,1,2,0,0.2,0.1,0.3,0.2,0.1,0.3,0.2,0.3,0.3,0
105,99,1,20,0,2.6,1.7,3.8,3.1,0.7,1.4,3.1,2.6,1,0
106,99,0,38.5,0,0.5,3,3,6,0,1,7,2,16,0
107,99,0,76.5,0,3.5,4,12,12,0,12,23,3,7,0
108,99,1,22,0.7,2,0,2.6,0.7,0.7,3.3,8,0.7,3.3,0
111,99,1,1,0,0.1,0,0.1,0,0,0.2,0.4,0,0.2,0
7,100,1,9,0.1,0.9,0.8,0.5,2.8,0.2,0.9,1,1.3,0.5,0
9,100,1,5,0.1,0.5,0.4,0.3,1.5,0.1,0.5,0.6,0.7,0.3,0
10,100,1,4,0.1,0.4,0.3,0.2,1.2,0.1,0.4,0.5,0.6,0.2,0
15,100,1,13,0.3,0.5,0.8,1.3,2.6,0.3,1.6,4.8,0.8,0,0
16,100,1,4,0.1,0.2,0.2,0.4,0.8,0.1,0.5,1.5,0.2,0,0
17,100,1,2,0.1,0.1,0.2,0.4,0.4,0.1,0.2,0.1,0.2,0.2,0
18,100,1,4,0.2,0.3,0.4,0.8,0.8,0.2,0.4,0.1,0.4,0.4,0
23,100,1,4,0.2,0.2,0.3,0.9,0.8,0.3,0.4,0.3,0.4,0.2,0
30,100,1,4,0.1,0.4,0.4,0.8,0.7,0,0.6,0.6,0.4,0,0
45,100,1,10,0.8,0.8,0.6,1.9,1.8,0.4,1,0.4,1.6,0.7,0
54,100,1,3,0,0.2,0.4,0.2,0.7,0.1,0.5,0.5,0.1,0.3,0
63,100,1,5,0,0.4,0.3,0.6,0.9,0,1,1.6,0.2,0,0
66,100,1,3,0,0.3,0.2,0.3,0.5,0,0.6,1,0.1,0,0
67,100,1,3,0.2,0.3,0.3,0.3,0.9,0,0.2,0.3,0.5,0,0
68,100,1,5,0.4,0.4,0.6,0.6,1.5,0,0.3,0.4,0.8,0,0
71,100,1,10,0.8,0.8,1.1,1.1,3.1,0,0.6,0.8,1.7,0,0
72,100,1,4,0.1,0.1,0.3,0.9,0.7,0.1,0.8,0.4,0.1,0.5,0
75,100,1,6,0.2,0.1,0.5,1.3,1,0.2,1.1,0.6,0.2,0.8,0
81,100,1,5,0.1,0.5,0.7,0.8,0.9,0.1,0.9,0.4,0.5,0.1,0
82,100,1,1,0.1,0.1,0,0.2,0.2,0,0.3,0.1,0,0,0
96,100,1,2,0,0.2,0.1,0.3,0.2,0.1,0.3,0.2,0.3,0.3,0
100,100,1,6,0,0.6,0.2,0.9,0.6,0.4,0.9,0.7,0.9,0.8,0
105,100,0,55,2,9.5,8,3,16,1,2,5,3.5,5,0
106,100,0,70,1,2.5,3.5,5,10,0,8,21,1,18,0
107,100,0,56.5,2,5,3,13,8,4,4,4,5.5,8,0
108,100,1,1,0,0.1,0,0.1,0,0,0.2,0.4,0,0.2,0
112,100,1,1,0,0,0,0.4,0,0.1,0.3,0.1,0.1,0,0
114,100,1,2,0,0,0,0.7,0.1,0.1,0.6,0.2,0.2,0.1,0
124,100,1,12,1.2,1.5,0.9,3.1,2.4,0.3,1.3,0.4,0.9,0,0
0,101,1,2,0.1,0.1,0.2,0.5,0.4,0,0.4,0.1,0.1,0.1,0
3,101,1,10,0.5,1.2,0.8,1.2,3.2,0.3,0.8,0.3,1.5,0.2,0
5,101,1,1,0.1,0.1,0.1,0.1,0.3,0,0.1,0,0.2,0,0
14,101,1,4,0.1,0.2,0.2,0.4,0.8,0.1,0.5,1.5,0.2,0,0
28,101,1,1,0,0.1,0.1,0.2,0.2,0,0.1,0.2,0.1,0,0
43,101,1,5,0.4,0.4,0.3,1,0.9,0.2,0.5,0.2,0.8,0.3,0
56,101,1,2,0,0.1,0.2,0.2,0.5,0.1,0.3,0.3,0.1,0.2,0
60,101,1,4,0.1,0.3,0.5,0.3,0.9,0.1,0.6,0.6,0.2,0.4,0
79,101,1,4,0.1,0.4,0.6,0.6,0.7,0.1,0.7,0.3,0.4,0.1,0
90,101,1,2,0.1,0.2,0.1,0.4,0.3,0.1,0.5,0.3,0,0,0
96,101,1,2,0,0.2,0.1,0.3,0.2,0.1,0.3,0.2,0.3,0.3,0
104,101,0,72,3,10,4,15,16,1,4,11,6,1,1
105,101,0,84.5,0,10.5,8,7,25,1,10,20,2,1,0
106,101,0,55.5,0,2,2,4,7,1,10,16,3.5,10,0
107,101,0,42.5,1,5.5,0,6,8,1,8,4,4,5,0
109,101,1,4,0.1,0.4,0,0.5,0.1,0.1,0.6,1.5,0.1,0.6,0
117,101,1,4,0.1,0,0.1,1.3,0.1,0.2,1.2,0.5,0.4,0.1,0
121,101,1,1,0,0,0,0.4,0,0.1,0.3,0.1,0.1,0,0
122,101,1,2,0.2,0.2,0.2,0.5,0.4,0,0.2,0.1,0.2,0,0
123,101,1,4,0.4,0.5,0.3,1,0.8,0.1,0.5,0.1,0.3,0,0
125,101,1,5,0.5,0.6,0.4,1.3,1,0.1,0.5,0.2,0.4,0,0
0,102,1,2,0.1,0.1,0.2,0.5,0.4,0,0.4,0.1,0.1,0.1,0
6,102,1,26,1.3,3,2.2,3,8.2,0.9,2.2,0.9,3.9,0.4,0
14,102,1,7,0.1,0.3,0.4,0.7,1.4,0.2,0.9,2.6,0.4,0,0
17,102,1,1,0.1,0.1,0.1,0.2,0.2,0,0.1,0,0.1,0.1,0
24,102,1,2,0.1,0.1,0.2,0.4,0.4,0.1,0.2,0.2,0.2,0.1,0
27,102,1,2,0,0.2,0.2,0.4,0.4,0,0.3,0.3,0.2,0,0
30,102,1,3,0.1,0.3,0.3,0.6,0.5,0,0.4,0.5,0.3,0,0
31,102,1,4,0.1,0.4,0.4,0.8,0.7,0,0.6,0.6,0.4,0,0
32,102,1,5,0.9,0.3,0.2,1.4,0.8,0.3,0.3,0.4,0.3,0.1,0
34,102,1,2,0.4,0.1,0.1,0.6,0.3,0.1,0.1,0.1,0.1,0.1,0
37,102,0,51,4,5,7,10,12,2,5,1,4,1,0
38,102,0,86,8,6.5,4,29,14,4,2,5,13.5,0,0
39,102,1,6,0.6,0.6,0.1,2,1,0.1,0.3,0.6,0.6,0.1,0
43,102,1,5,0.4,0.4,0.3,1,0.9,0.2,0.5,0.2,0.8,0.3,0
44,102,0,84.5,6,9.5,8,17,25,2.5,5,2,9.5,0,0
45,102,0,55.5,3,9,1,9,17,1,2,2,11.5,0,0
49,102,1,2,0,0.2,0.2,0.4,0.4,0,0.4,0.4,0,0,0
54,102,1,2,0,0.1,0.2,0.2,0.5,0.1,0.3,0.3,0.1,0.2,0
56,102,1,6,0.1,0.4,0.7,0.5,1.4,0.2,1,0.9,0.3,0.5,0
63,102,1,4,0,0.4,0.2,0.5,0.7,0,0.8,1.3,0.1,0,0
64,102,1,7,0,0.6,0.4,0.8,1.2,0,1.5,2.3,0.2,0,0
69,102,1,11,0.9,0.9,1.2,1.2,3.4,0,0.6,0.9,1.9,0,0
76,102,1,4,0.1,0.1,0.3,0.9,0.7,0.1,0.8,0.4,0.1,0.5,0
90,102,1,6,0.4,0.5,0.2,1.2,1,0.2,1.5,0.8,0.1,0.1,0
101,102,1,4,0,0.4,0.1,0.6,0.4,0.3,0.6,0.5,0.6,0.5,0
102,102,1,6,0,0.8,0.5,1.2,0.9,0.2,0.4,0.9,0.8,0.3,0
103,102,1,8,0,1,0.7,1.5,1.2,0.3,0.6,1.3,1,0.4,0
104,102,0,40,3,8,1,7,9,1,1,3,6,1,0
105,102,0,50,2,6,4,9,15,0,7,3,4,0,0
106,102,1,12,0,1.6,1,2.3,1.9,0.4,0.8,1.9,1.5,0.6,0
107,102,1,2,0,0.2,0,0.2,0.1,0.1,0.3,0.7,0.1,0.3,0
108,102,1,1,0,0.1,0,0.1,0,0,0.2,0.4,0,0.2,0
118,102,1,5,0.1,0,0.1,1.7,0.1,0.3,1.5,0.6,0.4,0.2,0
122,102,1,1,0.1,0.1,0.1,0.3,0.2,0,0.1,0,0.1,0,0
3,103,1,9,0.4,1,0.7,1.1,2.9,0.3,0.8,0.3,1.3,0.2,0
4,103,1,2,0.1,0.2,0.2,0.2,0.6,0.1,0.2,0.1,0.3,0,0
5,103,0,24.5,0,1.5,2,7,7,0,4,1,1,1,0
6,103,0,84.5,5,9,5,16,13,2.5,11,10,10,3,0
7,103,1,27,0.4,2.7,2.3,1.5,8.5,0.4,2.7,3.1,3.9,1.5,0
9,103,1,3,0,0.3,0.3,0.2,0.9,0,0.3,0.4,0.4,0.2,0
13,103,1,2,0,0.1,0.1,0.2,0.4,0.1,0.3,0.7,0.1,0,0
16,103,1,9,0.2,0.4,0.6,0.9,1.8,0.2,1.1,3.3,0.5,0,0
20,103,1,5,0.3,0.3,0.5,1,1,0.2,0.6,0.1,0.5,0.5,0
26,103,1,4,0.2,0.2,0.3,0.9,0.8,0.3,0.4,0.3,0.4,0.2,0
27,103,1,2,0,0.2,0.2,0.4,0.4,0,0.3,0.3,0.2,0,0
30,103,1,5,0.1,0.4,0.5,1.1,0.9,0,0.8,0.8,0.4,0,0
31,103,1,6,0.2,0.5,0.6,1.3,1.1,0,0.9,0.9,0.5,0,0
34,103,1,6,1.1,0.4,0.2,1.7,0.9,0.4,0.4,0.4,0.4,0.1,0
36,103,1,70.5,12.7,4.2,2.9,19.4,11,4.2,5.1,5.1,4.2,1.7,0
37,103,0,136,12.5,15,8,44,25,8,6,3,14.5,0,0
38,103,0,74,8,9.5,6,18,19,2.5,3,2,3,3,0
39,103,1,33,3.6,3.6,0.5,10.8,5.7,0.5,1.6,3.1,3.1,0.5,0
40,103,1,23,2.5,2.5,0.4,7.5,3.9,0.4,1.1,2.2,2.1,0.4,0
42,103,1,12,0.9,0.9,0.8,2.3,2.2,0.5,1.2,0.5,1.9,0.8,0
43,103,1,30,2.3,2.3,1.9,5.8,5.5,1.2,3.1,1.2,4.7,2,0
44,103,0,103.5,2,19.5,7,9,33,4,10,4,13,2,0
45,103,0,112.5,5,18.5,9,20,32,6,7,0,13,2,0
49,103,1,1,0,0.1,0.1,0.2,0.2,0,0.2,0.2,0,0,0
60,103,1,3,0,0.2,0.4,0.2,0.7,0.1,0.5,0.5,0.1,0.3,0
62,103,1,3,0,0.3,0.2,0.3,0.5,0,0.6,1,0.1,0,0
64,103,1,2,0,0.2,0.1,0.2,0.4,0,0.4,0.6,0.1,0,0
65,103,1,2,0,0.2,0.1,0.2,0.4,0,0.4,0.6,0.1,0,0
70,103,1,7,0.6,0.6,0.8,0.8,2.1,0,0.4,0.6,1.1,0,0
74,103,1,1,0,0,0.1,0.2,0.2,0,0.2,0.1,0.1,0.1,0
77,103,1,4,0.1,0.4,0.6,0.6,0.7,0.1,0.7,0.3,0.4,0.1,0
86,103,1,4,0.3,0.3,0.1,0.8,0.7,0.1,1,0.5,0.1,0.1,0
88,103,1,6,0.4,0.5,0.2,1.2,1,0.2,1.5,0.8,0.1,0.1,0
90,103,1,2,0.1,0.2,0.1,0.4,0.3,0.1,0.5,0.3,0,0,0
91,103,1,6,0.4,0.5,0.2,1.2,1,0.2,1.5,0.8,0.1,0.1,0
101,103,1,7,0,0.6,0.2,1.1,0.7,0.4,1.1,0.9,1.1,0.9,0
104,103,1,12,0,1.6,1,2.3,1.9,0.4,0.8,1.9,1.5,0.6,0
107,103,1,2,0,0.2,0,0.2,0.1,0.1,0.3,0.7,0.1,0.3,0
114,103,1,2,0,0,0,0.7,0.1,0.1,0.6,0.2,0.2,0.1,0
5,104,1,69,0.8,5.5,15.9,6.3,20.6,1.6,4.8,8.7,0.8,4,0
6,104,0,103,3,10,13,9,27,1,27,5,5,3,0
7,104,0,68,7,0,5,15,10,3,9,8,8,3,0
9,104,1,6,0.2,0.6,0.8,1,1.3,0.2,0.7,0.5,0.5,0.2,0
27,104,1,1,0.1,0.1,0.1,0.2,0.1,0,0.2,0.1,0.1,0,0
34,104,1,5,0.4,0.4,0.2,1,0.8,0.1,0.7,0.7,0.2,0.5,0
36,104,1,14,1,1,0.6,2.9,2.3,0.4,1.9,2,0.6,1.3,0
38,104,1,3,0.1,0.1,0.2,0.5,0.2,0,0.6,0.8,0.2,0.3,0
41,104,0,63,1,9,9,6,18,0,15,3,2,0,0
42,104,0,105,5,18.5,3,18,23,4,12,8,13.5,0,0
43,104,0,90,1,20,6.5,11,29,2,7,6,5.5,2,0
44,104,1,6,0.1,0.7,0.7,0.6,1.4,0.2,0.8,0.7,0.6,0.2,0
45,104,1,9,0.1,1,1.1,0.9,2.1,0.3,1.1,1.1,1,0.3,0
46,104,1,9,0.1,1,1.1,0.9,2.1,0.3,1.1,1.1,1,0.3,0
51,104,1,4,0.3,0.2,0.1,1,0.5,0.2,0.4,0.7,0.3,0.3,0
66,104,1,5,0.1,0.5,0.1,0.7,1.3,0.2,0.6,0.9,0.1,0.5,0
71,104,1,6,0.1,0.3,0.2,0.8,0.2,0.5,1.6,2.3,0,0,0
72,104,1,6,0,0.2,0.2,1.1,0.9,0.2,1.5,1.3,0.4,0.2,0
73,104,1,9,0,0.3,0.3,1.7,1.4,0.3,2.2,2,0.5,0.3,0
74,104,1,6,0,0.2,0.2,1.1,0.9,0.2,1.5,1.3,0.4,0.2,0
75,104,1,2,0,0.1,0.1,0.4,0.3,0,0.5,0.4,0.1,0.1,0
82,104,1,4,0.3,0.3,0.4,0.9,0.8,0.1,0.5,0.3,0.3,0.1,0
85,104,1,11,0.8,0.8,1,2.6,2.3,0.1,1.4,0.8,0.8,0.4,0
88,104,1,8,0.6,0.6,0.8,1.8,1.7,0.1,1,0.6,0.6,0.2,0
90,104,1,4,0.3,0.3,0.4,0.9,0.8,0.1,0.5,0.3,0.3,0.1,0
91,104,1,6,0.4,0.4,0.6,1.4,1.3,0.1,0.8,0.4,0.4,0.2,0
92,104,1,6,0.1,0.8,0.4,1.1,2,0.1,0.5,0.1,0.4,0.5,0
103,104,1,2,0.2,0.1,0.1,0.5,0.3,0.1,0.4,0.3,0,0,0
113,104,1,2,0.1,0.3,0.2,0.5,0.5,0.1,0.1,0,0.2,0,0
119,104,1,1,0,0.2,0.1,0.2,0.2,0,0.1,0.1,0,0.1,0
121,104,1,2,0.1,0.3,0.2,0.3,0.4,0,0.2,0.3,0.1,0.1,0
4,105,1,1,0,0.1,0.2,0.1,0.3,0,0.1,0.1,0,0.1,0
6,105,1,7,0.1,0.6,1.6,0.6,2.1,0.1,0.5,0.9,0.1,0.4,0
7,105,0,29.5,3,2.5,1,11,8,2,0,0,2,0,0
9,105,1,2,0.1,0.2,0.2,0.3,0.4,0.1,0.2,0.2,0.2,0.1,0
11,105,1,9,0.3,0.9,1.2,1.5,1.9,0.3,1,0.8,0.8,0.3,0
12,105,1,3,0.3,0.1,0.3,0.9,0.5,0.2,0.4,0.1,0.2,0,0
13,105,1,3,0.3,0.1,0.3,0.9,0.5,0.2,0.4,0.1,0.2,0,0
14,105,1,2,0.2,0.1,0.2,0.6,0.3,0.1,0.3,0.1,0.1,0,0
20,105,1,5,0.6,0.1,0.5,1.5,0.8,0.3,0.7,0.2,0.3,0,0
26,105,1,3,0.2,0.2,0.2,0.7,0.4,0,0.5,0.3,0.5,0,0
28,105,1,2,0.1,0.1,0.1,0.5,0.3,0,0.4,0.2,0.3,0,0
30,105,1,2,0.1,0.1,0.1,0.5,0.3,0,0.4,0.2,0.3,0,0
34,105,1,8,0.6,0.6,0.4,1.7,1.3,0.2,1.1,1.1,0.3,0.7,0
35,105,1,17,1.2,1.2,0.8,3.5,2.7,0.5,2.4,2.4,0.7,1.6,0
39,105,1,3,0.1,0.1,0.2,0.5,0.2,0,0.6,0.8,0.2,0.3,0
40,105,0,35,1,0,0,3,6,0,11,12,1,1,0
41,105,0,157,6,8.5,22,16,39,1,35,16,8.5,5,0
42,105,0,120,5,14.5,20,14,26,4,18,10,6.5,2,0
43,105,0,99,0,15,16,10,28,1,13,14,1,1,0
46,105,1,13,0.2,1.5,1.5,1.3,3.1,0.4,1.7,1.5,1.4,0.4,0
47,105,1,2,0.2,0.1,0,0.5,0.3,0.1,0.2,0.4,0.1,0.1,0
54,105,1,4.5,0.5,0.1,0.4,1.2,0.4,0.3,0.5,0.3,0.4,0.4,0
55,105,1,14,1.5,0.3,1.2,3.9,1.2,0.9,1.5,0.9,1.4,1.2,0
65,105,1,2,0,0.2,0,0.3,0.6,0.1,0.2,0.4,0,0.2,0
67,105,1,4,0.1,0.2,0.1,0.6,0.1,0.3,1.1,1.5,0,0,0
76,105,1,2,0,0.1,0.1,0.4,0.3,0,0.5,0.4,0.1,0.1,0
78,105,1,5,0.1,0.5,0.7,0.6,1.4,0.3,0.3,0.3,0.6,0.2,0
79,105,1,4,0.1,0.4,0.6,0.5,1.1,0.2,0.2,0.2,0.5,0.2,0
83,105,1,5,0.4,0.4,0.5,1.2,1,0,0.6,0.4,0.4,0.1,0
86,105,1,3,0.2,0.2,0.3,0.7,0.7,0,0.4,0.2,0.2,0.1,0
91,105,1,1,0.1,0.1,0.1,0.2,0.2,0,0.1,0.1,0.1,0,0
96,105,1,12,0.2,1.6,0.9,2.1,3.9,0.2,1.1,0.2,0.9,0.9,0
99,105,1,2,0,0.3,0.1,0.4,0.7,0,0.2,0,0.1,0.2,0
102,105,1,3,0.3,0.1,0.2,0.7,0.5,0.1,0.5,0.5,0.1,0,0
104,105,1,1,0.1,0,0.1,0.2,0.2,0,0.2,0.2,0,0,0
108,105,1,2,0.2,0.1,0.1,0.5,0.3,0.1,0.4,0.3,0,0,0
111,105,1,3,0.3,0.1,0.2,0.7,0.5,0.1,0.5,0.5,0.1,0,0
117,105,1,3,0.1,0.5,0.2,0.5,0.6,0.1,0.3,0.4,0.1,0.2,0
118,105,1,2,0.1,0.3,0.2,0.3,0.4,0,0.2,0.3,0.1,0.1,0
120,105,1,2,0.1,0.3,0.2,0.3,0.4,0,0.2,0.3,0.1,0.1,0
121,105,1,2,0.1,0.3,0.2,0.3,0.4,0,0.2,0.3,0.1,0.1,0
124,105,1,2,0.2,0.2,0.1,0.3,0.4,0,0.3,0.3,0.1,0.1,0
127,105,1,8,0.6,0.8,0.4,1.4,1.6,0.1,1,1.2,0.4,0.5,0
7,106,1,2,0.1,0.2,0.2,0.3,0.4,0.1,0.2,0.2,0.2,0.1,0
9,106,1,2,0.1,0.2,0.2,0.3,0.4,0.1,0.2,0.2,0.2,0.1,0
10,106,1,13,0.5,1.3,1.8,2.1,2.7,0.5,1.4,1.1,1.1,0.5,0
11,106,1,4,0.2,0.4,0.5,0.6,0.8,0.2,0.4,0.4,0.3,0.2,0
15,106,1,4,0.4,0.1,0.4,1.2,0.6,0.3,0.5,0.2,0.3,0,0
25,106,1,1,0.1,0.1,0.1,0.2,0.1,0,0.2,0.1,0.1,0,0
33,106,1,8,0.6,0.6,0.4,1.7,1.3,0.2,1.1,1.1,0.3,0.7,0
34,106,1,8,0.6,0.6,0.4,1.7,1.3,0.2,1.1,1.1,0.3,0.7,0
35,106,1,18,1.3,1.3,0.8,3.8,2.9,0.5,2.5,2.5,0.7,1.7,0
36,106,1,6,0.4,0.4,0.3,1.3,1,0.2,0.8,0.8,0.2,0.6,0
38,106,1,3,0.1,0.1,0.2,0.5,0.2,0,0.6,0.8,0.2,0.3,0
39,106,1,9,0.2,0.2,0.5,1.5,0.8,0,1.8,2.5,0.5,1,0
40,106,0,128,4,8.5,15,18,28,3,30,16,5.5,0,0
41,106,0,195,4,18,29.5,19,48,3,38,19,9.5,6,1
42,106,0,148,6,21,19,17,41,2,26,12,4,0,0
43,106,0,70,0,8.5,11,12,16,0,9,11,1.5,1,0
46,106,1,22,0.2,2.6,2.6,2.1,5.2,0.7,2.9,2.6,2.4,0.7,0
47,106,1,10,0.8,0.6,0.2,2.5,1.2,0.6,1,1.8,0.7,0.6,0
53,106,1,2,0.2,0,0.2,0.6,0.2,0.1,0.2,0.1,0.2,0.2,0
55,106,1,1,0.1,0,0.1,0.3,0.1,0,0.1,0.1,0.1,0.1,0
57,106,1,4,0.1,0.6,0.4,0.2,1.6,0,0.5,0.2,0.4,0,0
60,106,1,7,0.2,0.9,0.8,0.4,2.8,0,0.8,0.4,0.7,0,0
61,106,1,1,0,0.1,0.1,0.1,0.4,0,0.1,0.1,0.1,0,0
64,106,1,21,0.4,2,0.4,2.9,5.8,0.8,2.5,3.7,0.4,2.1,0
65,106,1,6,0.1,0.6,0.1,0.8,1.7,0.2,0.7,1.1,0.1,0.6,0
66,106,1,2,0,0.2,0,0.3,0.6,0.1,0.2,0.4,0,0.2,0
74,106,1,3,0,0.1,0.1,0.6,0.5,0.1,0.7,0.6,0.2,0.1,0
82,106,1,2,0.1,0.1,0.2,0.5,0.4,0,0.3,0.2,0.1,0.1,0
83,106,1,2,0.1,0.1,0.2,0.5,0.4,0,0.3,0.2,0.1,0.1,0
87,106,1,2,0.1,0.1,0.2,0.5,0.4,0,0.3,0.2,0.1,0.1,0
90,106,1,2,0.1,0.1,0.2,0.5,0.4,0,0.3,0.2,0.1,0.1,0
96,106,1,5,0.1,0.6,0.4,0.9,1.6,0.1,0.4,0.1,0.4,0.4,0
101,106,1,1,0,0.1,0.1,0.2,0.3,0,0.1,0,0.1,0.1,0
107,106,1,5,0.5,0.1,0.4,1.2,0.8,0.2,0.9,0.8,0.1,0,0
111,106,1,1,0.1,0,0.1,0.2,0.2,0,0.2,0.2,0,0,0
125,106,1,1,0.1,0.1,0,0.2,0.2,0,0.1,0.2,0,0.1,0
127,106,1,4,0.3,0.4,0.2,0.7,0.8,0.1,0.5,0.6,0.2,0.2,0
0,107,1,2,0.1,0.1,0.2,0.4,0.4,0.1,0.2,0.3,0.1,0.1,0
2,107,1,2,0,0.2,0.5,0.2,0.6,0,0.1,0.3,0,0.1,0
6,107,1,2,0,0.2,0.5,0.2,0.6,0,0.1,0.3,0,0.1,0
7,107,1,8,0.3,0.8,1.1,1.3,1.6,0.3,0.9,0.7,0.7,0.3,0
8,107,1,2,0.1,0.2,0.2,0.3,0.4,0.1,0.2,0.2,0.2,0.1,0
9,107,1,11,0.4,1.1,1.5,1.8,2.3,0.4,1.2,1,0.9,0.4,0
10,107,0,27.5,1,2,4,4,5,1,6,4,0.5,0,0
14,107,1,6,0.7,0.1,0.6,1.8,0.9,0.4,0.8,0.3,0.4,0,0
20,107,1,2,0.2,0.1,0.2,0.6,0.3,0.1,0.3,0.1,0.1,0,0
26,107,1,4,0.2,0.2,0.2,1,0.6,0.1,0.7,0.4,0.6,0,0
32,107,1,2,0.1,0.1,0.1,0.4,0.3,0.1,0.3,0.3,0.1,0.2,0
39,107,1,18,0.5,0.5,1,3,1.5,0,3.5,5,1,2,0
40,107,0,38.5,1,3.5,1,1,7,0,2,17,2,4,0
41,107,0,77,2,2,2,7,10,1,8,27,1,17,0
42,107,0,84.5,0,5.5,10,8,9,1.5,16,18,2.5,14,0
43,107,0,32.5,2,2.5,1,2,10,1,2,7,3,2,0
44,107,1,9,0.1,1,1.1,0.9,2.1,0.3,1.1,1.1,1,0.3,0
45,107,0,69,1,8.5,15,6,15,1,14,5,3.5,0,0
46,107,1,6,0.1,0.7,0.7,0.6,1.4,0.2,0.8,0.7,0.6,0.2,0
48,107,1,2,0.2,0.1,0,0.5,0.3,0.1,0.2,0.4,0.1,0.1,0
49,107,1,13.5,1.1,0.8,0.3,3.3,1.6,0.8,1.4,2.4,1,0.8,0
57,107,1,8,0.2,1.1,0.9,0.4,3.2,0,0.9,0.4,0.9,0,0
58,107,1,2,0.1,0.3,0.2,0.1,0.8,0,0.2,0.1,0.2,0,0
62,107,1,2,0,0.2,0,0.3,0.6,0.1,0.2,0.4,0,0.2,0
64,107,1,9,0.2,0.9,0.2,1.2,2.5,0.3,1,1.6,0.2,0.9,0
74,107,1,4,0,0.1,0.1,0.8,0.6,0.1,1,0.9,0.3,0.1,0
78,107,1,3,0,0.3,0.4,0.4,0.8,0.2,0.2,0.2,0.4,0.1,0
86,107,1,2,0.1,0.1,0.2,0.5,0.4,0,0.3,0.2,0.1,0.1,0
101,107,1,2,0,0.3,0.1,0.4,0.7,0,0.2,0,0.1,0.2,0
110,107,1,7,0.7,0.2,0.5,1.6,1.1,0.3,1.3,1.1,0.2,0,0
115,107,1,4,0.3,0.5,0.4,0.9,1,0.2,0.1,0.1,0.4,0.1,0
124,107,1,2,0.2,0.2,0.1,0.3,0.4,0,0.3,0.3,0.1,0.1,0
125,107,1,1,0.1,0.1,0,0.2,0.2,0,0.1,0.2,0,0.1,0
2,108,1,1,0,0.1,0.2,0.1,0.3,0,0.1,0.1,0,0.1,0
3,108,1,1,0,0.1,0.2,0.1,0.3,0,0.1,0.1,0,0.1,0
6,108,1,4,0,0.3,0.9,0.4,1.2,0.1,0.3,0.5,0.1,0.2,0
7,108,1,4,0.2,0.4,0.5,0.6,0.8,0.2,0.4,0.4,0.3,0.2,0
9,108,0,36,0,4,2,5,10,0,3,8,4,0,0
10,108,1,18,0.7,1.8,2.4,2.9,3.8,0.7,2,1.5,1.5,0.7,0
13,108,1,5,0.6,0.1,0.5,1.5,0.8,0.3,0.7,0.2,0.3,0,0
25,108,1,2,0.1,0.1,0.1,0.5,0.3,0,0.4,0.2,0.3,0,0
26,108,1,6,0.3,0.4,0.4,1.5,0.8,0.1,1,0.6,0.9,0,0
29,108,1,3,0.2,0.2,0.2,0.7,0.4,0,0.5,0.3,0.5,0,0
36,108,0,28,0,6,2,3,6,0,3,5,2,1,0
37,108,0,115,3,18,15.5,5,30,0,9,28,3.5,3,0
38,108,0,54,4,5,3,6,6,3,8,11,4,4,0
39,108,0,106,1,7,7,14,13,3,12,25,6,18,0
40,108,0,62,3,1,4,10,7,0,8,20,2,7,0
41,108,0,28,2,2,2,4,5,0,3,9,1,0,0
42,108,0,64,1,5,3,3,13,1,11,9,6,12,0
43,108,0,81,2,4,5,7,9,1,19,31,2,1,0
44,108,1,19,0.2,2.2,2.3,1.8,4.5,0.6,2.5,2.3,2,0.6,0
45,108,0,32,2,0,3,5,4,0,9,5,2,2,0
48,108,1,3,0.2,0.2,0.1,0.7,0.4,0.2,0.3,0.5,0.2,0.2,0
49,108,1,2,0.2,0.1,0,0.5,0.3,0.1,0.2,0.4,0.1,0.1,0
50,108,1,2,0.2,0.1,0,0.5,0.3,0.1,0.2,0.4,0.1,0.1,0
51,108,1,11,0.9,0.7,0.2,2.6,1.3,0.7,1.1,2,0.8,0.7,0
59,108,1,13,0.3,1.8,1.4,0.7,5.3,0,1.4,0.7,1.4,0,0
61,108,1,2,0.1,0.3,0.2,0.1,0.8,0,0.2,0.1,0.2,0,0
65,108,1,4,0.1,0.4,0.1,0.5,1.1,0.1,0.5,0.7,0.1,0.4,0
91,108,1,2,0.1,0.1,0.2,0.5,0.4,0,0.3,0.2,0.1,0.1,0
93,108,1,2,0,0.3,0.1,0.4,0.7,0,0.2,0,0.1,0.2,0
96,108,1,4,0.1,0.5,0.3,0.7,1.3,0.1,0.3,0.1,0.3,0.3,0
99,108,1,2,0,0.3,0.1,0.4,0.7,0,0.2,0,0.1,0.2,0
107,108,1,2,0.2,0.1,0.1,0.5,0.3,0.1,0.4,0.3,0,0,0
108,108,1,2,0.2,0.1,0.1,0.5,0.3,0.1,0.4,0.3,0,0,0
112,108,1,3,0.2,0.4,0.3,0.7,0.8,0.1,0.1,0,0.3,0.1,0
115,108,1,59,4.1,8.2,5.7,13.1,15.6,2.5,1.6,0.8,6.6,0.8,0
116,108,1,4,0.3,0.5,0.4,0.9,1,0.2,0.1,0.1,0.4,0.1,0
127,108,1,1,0.1,0.1,0,0.2,0.2,0,0.1,0.2,0,0.1,0
7,109,1,1,0,0.1,0.1,0.2,0.2,0,0.1,0.2,0.1,0,0
8,109,1,2,0.1,0.2,0.1,0.5,0.4,0,0.2,0.3,0.2,0,0
9,109,1,4,0.1,0.4,0.2,0.9,0.8,0.1,0.4,0.6,0.4,0.1,0
13,109,1,15,0.7,1.5,1.9,1.1,2.6,0.4,4.5,1.5,0,0.8,0
14,109,1,4,0.2,0.4,0.5,0.3,0.7,0.1,1.2,0.4,0,0.2,0
15,109,1,1,0,0.1,0.1,0.1,0.2,0,0.3,0.1,0,0.1,0
16,109,1,4,0.2,0.4,0.5,0.3,0.7,0.1,1.2,0.4,0,0.2,0
21,109,1,3,0.3,0.1,0.3,0.9,0.5,0.2,0.4,0.1,0.2,0,0
25,109,1,1,0,0,0.1,0.2,0.2,0,0.2,0.2,0,0.1,0
31,109,1,2,0.1,0.1,0.1,0.5,0.3,0,0.4,0.2,0.3,0,0
34,109,0,73.5,1,9,8,13,17,3,8,11,3.5,0,0
35,109,0,40.5,0,7,5,5.5,14,0,6,0,3,0,0
36,109,1,13,0.7,0.9,1,1.9,2.4,0.4,1.6,2.6,1.3,0.2,0
37,109,0,399.5,34,45.5,32,69,90,15,26,30,48,10,0
38,109,0,249.5,10,28,23,28,53,5,34,39,20.5,9,0
39,109,0,142.5,4,5,8,24,20,2,25,30,8.5,16,0
40,109,0,240.5,4,10.5,7,38,31,2.5,13,39,5.5,90,0
41,109,0,56,0,3,0,1,8,1,3,18,3,19,0
42,109,0,94,1,5,11,6,16,1,25,21,0,8,0
43,109,0,254.5,8,34,25,27,48,6,33,33,22.5,17,1
44,109,0,147.5,2,8.5,10,23,18,1,44,29,2,10,0
45,109,0,421.5,29,48,35,100,93,17,48,16,33.5,2,0
46,109,0,65,0,3,4,9,12,4,6,19,8,0,0
47,109,0,30,0,4,2,1,7,0,3,12,1,0,0
49,109,1,26,1.4,3.8,2.2,4.2,5.3,0.6,3.7,3,1.3,0.5,0
50,109,0,88,3,17,6.5,14,26,9,6,0,6.5,0,0
51,109,1,26,1.4,3.8,2.2,4.2,5.3,0.6,3.7,3,1.3,0.5,0
56,109,1,2,0.1,0,0,0.3,0.3,0.1,0.2,0.6,0.3,0.1,0
59,109,1,4,0.4,0.1,0.3,1.1,0.3,0.3,0.4,0.3,0.4,0.4,0
71,109,1,2,0,0.1,0,0.3,0.1,0.2,0.5,0.8,0,0,0
74,109,1,4,0.1,0.4,0.6,0.5,1.1,0.2,0.2,0.2,0.5,0.2,0
75,109,1,2,0,0.2,0.3,0.3,0.6,0.1,0.1,0.1,0.2,0.1,0
80,109,1,4.5,0.1,0.4,0.6,0.5,1.3,0.3,0.3,0.3,0.5,0.2,0
84,109,1,5,0.4,0.4,0.5,1.2,1,0,0.6,0.4,0.4,0.1,0
87,109,1,6,0.4,0.4,0.6,1.4,1.3,0.1,0.8,0.4,0.4,0.2,0
90,109,1,2,0.1,0.1,0.2,0.5,0.4,0,0.3,0.2,0.1,0.1,0
91,109,1,4,0.3,0.3,0.4,0.9,0.8,0.1,0.5,0.3,0.3,0.1,0
95,109,1,7,0.1,1,0.5,1.3,2.3,0.1,0.6,0.1,0.5,0.5,0
107,109,1,12,0.3,1.3,1.8,2.7,1.8,0,2.4,0.6,1.1,0,0
109,109,1,4,0.1,0.4,0.6,0.9,0.6,0,0.8,0.2,0.4,0,0
112,109,1,4,0.3,0.5,0.5,0.8,0.6,0.1,0.3,0.6,0.3,0,0
114,109,0,30,1,4,0,7,2,1,6,8,1,0,0
115,109,0,51,3,4,2,10,11,5,4,4,4,4,0
116,109,1,13,1.1,1.5,1.6,2.4,2,0.4,0.9,2,1.1,0,0
117,109,1,6,0.3,0.9,0.5,1,1.2,0.1,0.6,0.8,0.3,0.3,0
118,109,1,4,0.2,0.6,0.3,0.7,0.8,0.1,0.4,0.5,0.2,0.2,0
121,109,1,3,0.1,0.5,0.2,0.5,0.6,0.1,0.3,0.4,0.1,0.2,0
125,109,1,6,0.5,0.6,0.3,1,1.2,0.1,0.7,0.9,0.3,0.4,0
1,110,1,5,0.5,0.5,0.2,0.6,0.9,0.2,0.9,0.8,0.2,0.2,0
4,110,1,7,0.2,0.7,0.5,1.5,1.4,0.1,0.7,1.1,0.7,0.1,0
5,110,1,2,0.1,0.2,0.1,0.5,0.4,0,0.2,0.3,0.2,0,0
6,110,1,4,0.1,0.4,0.2,0.9,0.8,0.1,0.4,0.6,0.4,0.1,0
7,110,1,4,0.1,0.4,0.2,0.9,0.8,0.1,0.4,0.6,0.4,0.1,0
11,110,1,2,0.1,0.2,0.1,0.5,0.4,0,0.2,0.3,0.2,0,0
12,110,1,6,0.3,0.6,0.7,0.5,1.1,0.1,1.8,0.6,0,0.3,0
16,110,1,4,0.2,0.4,0.5,0.3,0.7,0.1,1.2,0.4,0,0.2,0
22,110,1,6,0.2,0.2,0.8,1,1.1,0.2,1,1.1,0.1,0.3,0
26,110,1,1,0,0,0.1,0.2,0.2,0,0.2,0.2,0,0.1,0
32,110,1,2,0.1,0.1,0.2,0.3,0.4,0.1,0.2,0.4,0.2,0,0
33,110,1,31.5,1.7,2.1,2.5,4.7,5.9,0.9,3.8,6.3,3.2,0.4,0
34,110,0,151,1,26,18,11,45,5,16,15,13,1,0
35,110,0,143.5,6,19,7,31,43,4,21,4,7.5,1,0
36,110,0,149.5,5,13,18,43,42,4,11,8,4.5,1,0
37,110,0,34.5,0.5,1,2,2,7,0.5,4,6,1.5,10,0
38,110,0,105,0,1,4.5,10,10,0,5,48,2.5,24,0
39,110,0,130.5,3,13,16,15,30,2,14,19,9.5,9,0
40,110,0,187,3,18.5,13,31,50,3.5,21,22,11,14,0
41,110,0,70,1,2.5,2,11,11,0,12,11,3.5,16,0
42,110,0,105,0,10,7,7,18,0,16,29,3,15,0
43,110,0,122,2,10,11,9,24,0,27,25,4,10,0
44,110,0,147.5,1,15.5,19,13,33,3,38,18,3,4,0
45,110,0,108.5,4,4.5,2,7,11,2,25,43,3,7,0
46,110,0,134.5,5,6.5,7,12,21,2,21,47,4,9,0
47,110,0,52.5,1,3,2,7,15,1,8,12,3.5,0,0
48,110,1,2,0.1,0.3,0.2,0.3,0.4,0.1,0.3,0.2,0.1,0,0
49,110,1,15,0.8,2.2,1.3,2.4,3,0.3,2.2,1.8,0.7,0.3,0
50,110,0,47,2,8,8,9,11,3,4,1,1,0,0
51,110,0,83.5,10,10,2,28,15,5,5,2,6.5,0,0
52,110,1,2,0.1,0,0,0.3,0.3,0.1,0.2,0.6,0.3,0.1,0
53,110,0,64.5,3,7.5,5,14,10,4,8,6,6,1,0
54,110,1,18,0.6,0,0,2.6,2.6,0.6,1.9,5.2,3.2,1.3,0
62,110,1,2,0,0.1,0,0.3,0.1,0.2,0.5,0.8,0,0,0
63,110,1,2,0,0.1,0,0.3,0.1,0.2,0.5,0.8,0,0,0
66,110,1,1,0,0.1,0,0.1,0,0.1,0.3,0.4,0,0,0
76,110,1,6,0.1,0.5,0.9,0.7,1.7,0.4,0.4,0.4,0.7,0.2,0
80,110,1,5,0.1,0.5,0.7,0.6,1.4,0.3,0.3,0.3,0.6,0.2,0
85,110,1,3,0.2,0.2,0.3,0.7,0.7,0,0.4,0.2,0.2,0.1,0
86,110,1,2,0.1,0.1,0.2,0.5,0.4,0,0.3,0.2,0.1,0.1,0
90,110,1,2,0.1,0.1,0.2,0.5,0.4,0,0.3,0.2,0.1,0.1,0
100,110,1,2,0,0.3,0.1,0.4,0.7,0,0.2,0,0.1,0.2,0
101,110,1,7,0.1,1,0.5,1.3,2.3,0.1,0.6,0.1,0.5,0.5,0
102,110,1,7,0.7,0.2,0.5,1.6,1.1,0.3,1.3,1.1,0.2,0,0
107,110,1,8,0.2,0.9,1.2,1.8,1.2,0,1.6,0.4,0.7,0,0
109,110,1,6,0.2,0.7,0.9,1.3,0.9,0,1.2,0.3,0.5,0,0
111,110,1,2,0,0.2,0.3,0.5,0.3,0,0.4,0.1,0.2,0,0
113,110,1,20,1.7,2.4,2.4,3.7,3,0.7,1.4,3,1.7,0,0
114,110,1,15,1.2,1.8,1.8,2.8,2.3,0.5,1,2.3,1.3,0,0
117,110,1,7,0.3,1.1,0.6,1.2,1.5,0.1,0.7,0.9,0.3,0.3,0
118,110,1,4,0.2,0.6,0.3,0.7,0.8,0.1,0.4,0.5,0.2,0.2,0
121,110,1,12,0.6,1.9,0.9,2.1,2.5,0.2,1.1,1.5,0.6,0.6,0
123,110,1,3,0.2,0.3,0.1,0.5,0.6,0.1,0.4,0.5,0.1,0.2,0
2,111,1,5,0.2,0.5,0.3,1.1,1,0.1,0.5,0.7,0.5,0.1,0
15,111,1,6,0.3,0.6,0.7,0.5,1.1,0.1,1.8,0.6,0,0.3,0
22,111,1,3,0.1,0.1,0.4,0.5,0.6,0.1,0.5,0.6,0,0.1,0
24,111,1,8,0.3,0.2,1.1,1.3,1.5,0.3,1.3,1.5,0.2,0.3,0
25,111,1,19,0.7,0.5,2.5,3.2,3.5,0.7,3.2,3.6,0.4,0.7,0
26,111,1,6,0.2,0.2,0.8,1,1.1,0.2,1,1.1,0.1,0.3,0
33,111,0,43,3,7,3,6,12,1,1,3,7,0,0
34,111,0,74,4,8,17,12,21,1,5,3,3,0,0
35,111,0,61,3,2,7,13,13,1,5,10,6,1,0
36,111,1,9,0.5,0.6,0.7,1.3,1.7,0.3,1.1,1.8,0.9,0.1,0
37,111,1,27,0,0,1.6,0,4.1,0.8,3.3,4.9,0.8,11.5,0
38,111,0,86.5,0,6.5,3,8,12,1,12,22,3,19,0
39,111,0,152,3,9.5,15.5,25,32,1,22,19,8,17,0
40,111,0,64,1,4.5,0,4,6,0,6,17,1.5,24,0
41,111,1,6,0,0,0.4,0,0.9,0.2,0.7,1.1,0.2,2.5,0
42,111,0,74,2,1,2,10,10,0,10,12,4,23,0
43,111,0,101,0,4,11,6,18,2,28,27,2,3,0
44,111,0,97.5,7,1,2,17,11,3,22,26,2.5,6,0
45,111,0,114,1,2.5,3.5,7,14,2,12,55,4,13,0
46,111,0,116,4,7.5,10.5,11,13,0,25,41,2,2,0
50,111,1,25,1.3,3.7,2.1,4.1,5,0.6,3.6,2.9,1.2,0.5,0
51,111,0,48.5,3.5,3.5,7,15,7,2,0,3,4.5,3,0
52,111,1,2,0.1,0,0,0.3,0.3,0.1,0.2,0.6,0.3,0.1,0
53,111,1,4,0.1,0,0,0.6,0.6,0.2,0.4,1.1,0.7,0.3,0
62,111,1,10,0.3,0.5,0.3,1.3,0.3,0.8,2.7,3.8,0,0,0
67,111,1,2,0,0.1,0,0.3,0.1,0.2,0.5,0.8,0,0,0
70,111,1,2,0,0.1,0,0.3,0.1,0.2,0.5,0.8,0,0,0
81,111,1,11,0.2,1,1.6,1.3,3.1,0.7,0.7,0.7,1.3,0.4,0
84,111,1,6,0.4,0.4,0.6,1.4,1.3,0.1,0.8,0.4,0.4,0.2,0
92,111,1,3,0,0.4,0.2,0.5,1,0.1,0.3,0.1,0.2,0.2,0
94,111,1,8,0.1,1.1,0.6,1.5,2.6,0.1,0.7,0.1,0.6,0.6,0
0,112,1,2,0.2,0.2,0.1,0.2,0.4,0.1,0.3,0.3,0.1,0.1,0
2,112,1,16,0.5,1.6,1,3.5,3.2,0.3,1.6,2.4,1.6,0.3,0
3,112,1,6,0.2,0.6,0.4,1.3,1.2,0.1,0.6,0.9,0.6,0.1,0
4,112,1,3,0.1,0.3,0.2,0.6,0.6,0,0.3,0.5,0.3,0.1,0
23,112,1,9.5,0.3,0.3,1.2,1.6,1.8,0.3,1.6,1.8,0.2,0.4,0
24,112,0,70,6,5,11,6,12,1,6,18,1,4,0
25,112,0,95,8,12,11,18,18,2,9,13,4,0,0
26,112,0,51,2,7,8,6,13,2,3,6,2,2,0
27,112,1,2,0.1,0.1,0.1,0.5,0.3,0,0.4,0.2,0.3,0,0
28,112,1,3,0.2,0.2,0.2,0.7,0.4,0,0.5,0.3,0.5,0,0
29,112,1,4,0.2,0.2,0.2,1,0.6,0.1,0.7,0.4,0.6,0,0
30,112,1,6,0.3,0.4,0.4,1.5,0.8,0.1,1,0.6,0.9,0,0
31,112,1,1,0.1,0.1,0.1,0.2,0.1,0,0.2,0.1,0.1,0,0
32,112,1,2,0.1,0.1,0.2,0.3,0.4,0.1,0.2,0.4,0.2,0,0
34,112,1,8,0.4,0.5,0.7,1.2,1.5,0.2,1,1.6,0.8,0.1,0
35,112,1,9,0.5,0.6,0.7,1.3,1.7,0.3,1.1,1.8,0.9,0.1,0
36,112,0,42,0,3,6,2,6,2.5,13,3,2.5,4,0
37,112,0,54.5,1,7,4.5,5,9,0,17,4,4,3,0
38,112,0,31,4,1,2,10,3,1,5,2,1,2,0
39,112,0,90,2,5,12,21,17,1.5,15,7,2.5,7,0
40,112,0,190,6,5,12,23,16,3,17,37,4,67,0
41,112,0,137.5,4,19,12,34,40,5.5,6,4,9,4,0
42,112,0,115.5,6,9.5,10,23,13,2,9,14,10,19,0
43,112,0,111,1,13,7,10,16,0,11,33,7,13,0
44,112,0,103,2,13,4,10,16,0,7,24,5,22,0
45,112,0,123,2,11,11,13,16,0,14,28,3,25,0
46,112,0,173.5,1,15,10,15,22,3,37,51,10.5,9,0
47,112,1,2,0.1,0.3,0.2,0.3,0.4,0.1,0.3,0.2,0.1,0,0
48,112,1,18,0.9,2.7,1.5,2.9,3.6,0.4,2.6,2.1,0.9,0.4,0
49,112,0,47,1,7,3,6,7,1,7,13,1,1,0
50,112,1,19.5,1,2.9,1.6,3.2,3.9,0.4,2.8,2.3,1,0.4,0
51,112,1,18,0.9,2.7,1.5,2.9,3.6,0.4,2.6,2.1,0.9,0.4,0
59,112,1,14,1.5,0.3,1.2,3.9,1.2,0.9,1.5,0.9,1.4,1.2,0
61,112,1,7,0.8,0.1,0.6,2,0.6,0.4,0.8,0.4,0.7,0.6,0
67,112,1,4,0.1,0.2,0.1,0.6,0.1,0.3,1.1,1.5,0,0,0
74,112,1,2,0,0.2,0.3,0.3,0.6,0.1,0.1,0.1,0.2,0.1,0
86,112,1,4,0.3,0.3,0.4,0.9,0.8,0.1,0.5,0.3,0.3,0.1,0
87,112,1,4,0.3,0.3,0.4,0.9,0.8,0.1,0.5,0.3,0.3,0.1,0
89,112,1,3,0.2,0.2,0.3,0.7,0.7,0,0.4,0.2,0.2,0.1,0
92,112,1,4,0.1,0.5,0.3,0.7,1.3,0.1,0.3,0.1,0.3,0.3,0
102,112,1,4,0.4,0.1,0.3,0.9,0.6,0.2,0.7,0.7,0.1,0,0
107,112,1,2,0,0.2,0.3,0.5,0.3,0,0.4,0.1,0.2,0,0
115,112,1,7,0.6,0.8,0.8,1.3,1.1,0.2,0.5,1.1,0.6,0,0
119,112,1,4,0.2,0.6,0.3,0.7,0.8,0.1,0.4,0.5,0.2,0.2,0
122,112,1,3,0.2,0.3,0.1,0.5,0.6,0.1,0.4,0.5,0.1,0.2,0
1,113,1,7,0.7,0.7,0.2,0.9,1.3,0.2,1.2,1.1,0.3,0.4,0
2,113,1,1,0,0.1,0.1,0.2,0.2,0,0.1,0.2,0.1,0,0
10,113,1,3,0.1,0.3,0.2,0.6,0.6,0,0.3,0.5,0.3,0.1,0
17,113,1,27,3.1,0.4,2.6,8.3,4.4,1.7,3.5,1.3,1.7,0,0
20,113,1,2,0.2,0.1,0.2,0.6,0.3,0.1,0.3,0.1,0.1,0,0
23,113,0,82,2,5,1,12,11,5,15,18,8,5,0
24,113,0,126,7,12,11,26,24,4,33,2,6,1,0
25,113,0,122.5,3,19,19,15,40,3,10,2,11.5,0,0
26,113,0,59.5,3,11,9,6,18,2,7,2,1.5,0,0
30,113,1,4,0.2,0.2,0.2,1,0.6,0.1,0.7,0.4,0.6,0,0
31,113,1,6,0.3,0.4,0.4,1.5,0.8,0.1,1,0.6,0.9,0,0
36,113,0,46,1,5.5,3.5,5,12,0,14,5,0,0,0
37,113,0,74.5,2,2.5,4,9,8,2,19,15,2,11,0
38,113,0,104,2,8,12,16,25,1,12,18,2,8,0
39,113,0,169,2.5,8,24,32,31,1,22,30,5.5,13,0
40,113,0,210.5,1,16,29,25,49,1.5,24,38,5,22,0
41,113,0,249,5.5,19.5,22,53,46,3,21,39,8,32,0
42,113,0,167,4,15.5,19,21,34,1.5,23,21,5,23,0
43,113,0,145,7,14,4,19,29,3,16,20,13,20,0
44,113,0,160.5,1,11.5,15,16,37,3,23,15,12,27,0
45,113,0,128,3,5.5,12,9,33,3,13,31,7.5,10,1
46,113,0,111,1,15.5,8,11,29,1,16,21,4.5,4,0
47,113,0,71.5,4,5,5,10,11,1.5,8,12,6,9,0
48,113,0,91,6.5,8,12,22,19,5,4,3,11.5,0,0
49,113,0,67,5,7,2.5,23,12,6.5,1,0,10,0,0
51,113,1,2,0.1,0.3,0.2,0.3,0.4,0.1,0.3,0.2,0.1,0,0
67,113,1,2,0,0.1,0,0.3,0.1,0.2,0.5,0.8,0,0,0
77,113,1,3,0,0.3,0.4,0.4,0.8,0.2,0.2,0.2,0.4,0.1,0
106,113,1,4,0.4,0.1,0.3,0.9,0.6,0.2,0.7,0.7,0.1,0,0
109,113,1,3,0.1,0.3,0.4,0.7,0.4,0,0.6,0.2,0.3,0,0
111,113,1,3,0.1,0.3,0.4,0.7,0.4,0,0.6,0.2,0.3,0,0
119,113,1,5,0.2,0.8,0.4,0.9,1,0.1,0.5,0.6,0.2,0.3,0
121,113,1,6,0.3,0.9,0.5,1,1.2,0.1,0.6,0.8,0.3,0.3,0
125,113,1,4,0.3,0.4,0.2,0.7,0.8,0.1,0.5,0.6,0.2,0.2,0
1,114,1,6,0.2,0.6,0.4,0.9,0.9,0,0.7,1.3,0.2,0.8,0
4,114,1,3,0.1,0.2,0.5,0.5,0.8,0.1,0.1,0.6,0.1,0,0
5,114,1,6,0.3,0.4,1.1,1.1,1.6,0.1,0.2,1.1,0.1,0,0
11,114,1,2,0.1,0.1,0.4,0.4,0.5,0,0.1,0.4,0,0,0
12,114,1,8,0.3,1.5,0.9,0.9,1.8,0.1,1.3,1.1,0,0.1,0
15,114,1,3,0.1,0.5,0.4,0.4,0.6,0,0.5,0.4,0,0.1,0
17,114,1,6,0.6,0.6,0.3,1.4,1.1,0.3,0.3,0.4,0.9,0.1,0
20,114,1,10,0.9,1.1,0.6,2.3,1.8,0.6,0.4,0.7,1.5,0.1,0
22,114,1,7.5,0.7,1.3,0.2,1.5,1.5,0.2,1.8,0.3,0,0,0
23,114,0,91,7,4,2,31,19,5,0,3,20,0,0
24,114,0,117,7,13,4,31,25,6,5,3,23,0,0
25,114,0,109,4,13,11.5,22,27,6,6,4,14.5,1,0
26,114,1,11,1,1.9,0.3,2.2,2.2,0.2,2.7,0.5,0,0,0
33,114,1,10,0.3,1.3,1,1.3,2.9,0.3,1.4,1,0.4,0.1,0
34,114,1,22,0.7,3,2.2,2.8,6.3,0.8,3,2.1,0.9,0.2,0
35,114,1,15,0.5,2,1.5,1.9,4.3,0.5,2,1.5,0.6,0.2,0
36,114,0,34,0,5,2,6,7,0,9,5,0,0,0
37,114,0,84.5,4,5.5,12,9,19,0,11,16,3,5,0
38,114,0,65,1,3,8,14,13,0,13,8,0,5,0
39,114,0,95,3,4.5,18,31,25,0,3,3,3.5,4,0
40,114,0,218,5.5,10,30.5,66,42,3.5,22,26,3.5,9,0
41,114,0,240.5,8,14,22,65,44,6,25,23,10.5,23,0
42,114,0,189,6,15.5,21.5,50,38,5,24,8,7,14,0
43,114,0,145.5,5.5,13,13,32,29,3,18,10,10,12,0
44,114,0,87,1,9,11,14,25,1,9,8,5,4,0
45,114,0,143,3,15,16,21,29,3,20,12,9,15,0
46,114,1,19,1.1,1.9,0.8,2.4,2.7,0.3,4.9,2.7,1.1,1.1,0
47,114,1,5,0.2,0.9,0.1,0.9,1.3,0.1,0.4,0.5,0.6,0,0
48,114,1,5,0.2,0.9,0.1,0.9,1.3,0.1,0.4,0.5,0.6,0,0
52,114,1,5,0,0.6,0.1,0.3,1.1,0,0.3,1.1,0.6,0.9,0
75,114,1,2,0.3,0.1,0.1,0.5,0.4,0,0.1,0.1,0.3,0.1,0
77,114,1,2,0.1,0.2,0.2,0.4,0.5,0.1,0.2,0.1,0.2,0,0
79,114,1,5,0.3,0.6,0.4,1.1,1.2,0.2,0.4,0.3,0.5,0,0
81,114,1,2,0.1,0.2,0.2,0.4,0.5,0.1,0.2,0.1,0.2,0,0
83,114,1,3,0.2,0.4,0.1,0.7,0.6,0.2,0.2,0.2,0.3,0.1,0
84,114,0,41,2,7,2,8,9,1,5,3,3,1,0
85,114,1,34.5,2.4,4.9,1.5,7.5,7.1,1.7,2.4,2.4,3.2,1.4,0
86,114,1,8,0.5,1.1,0.4,1.7,1.7,0.4,0.6,0.6,0.7,0.3,0
90,114,1,3,0.1,0.5,0.1,0.5,0.8,0,0.5,0.2,0.1,0.2,0
91,114,1,4,0.2,0.7,0.1,0.7,1.2,0,0.6,0.2,0.1,0.2,0
93,114,1,1,0,0.2,0,0.2,0.2,0.1,0.1,0,0.1,0.1,0
98,114,1,8,0.5,1.6,0.3,1,1.3,0,1.2,1.6,0.5,0,0
104,114,1,2,0.1,0.3,0.2,0.4,0.6,0,0.1,0.1,0.2,0,0
109,114,1,2,0.1,0.2,0.3,0.3,0.4,0,0.2,0.3,0.1,0.1,0
117,114,1,2,0.1,0.1,0.1,0.3,0.5,0,0.3,0.4,0.1,0.1,0
119,114,1,5,0.2,0.3,0.3,0.7,1.3,0,0.7,1,0.3,0.2,0
124,114,1,4,0.1,0.5,0.5,0.4,1.1,0.1,0.6,0.4,0.1,0.2,0
11,115,1,5,0.2,0.4,0.9,0.9,1.4,0.1,0.1,0.9,0.1,0,0
15,115,1,5,0.2,0.9,0.6,0.6,1.1,0.1,0.8,0.6,0,0.1,0
20,115,1,8,0.7,0.9,0.4,1.9,1.5,0.4,0.3,0.6,1.2,0.1,0
21,115,1,9,0.8,1,0.5,2.1,1.6,0.5,0.4,0.6,1.4,0.1,0
22,115,1,10,0.9,1.7,0.2,2,2,0.2,2.5,0.5,0,0,0
30,115,1,8,0,0.8,1.3,0.3,1.8,0,1.7,1.7,0.3,0.1,0
33,115,1,15,0.5,2,1.5,1.9,4.3,0.5,2,1.5,0.6,0.2,0
35,115,0,31,4,1,2,7,9,0,3,2,1,2,0
36,115,0,60,4,4,3,13,16,0,6,6,5,3,0
37,115,0,163.5,10,19,14,40,41,1.5,12,6,11,9,0
38,115,0,230.5,5,14.5,28.5,70,48,3,17,29,12.5,3,0
39,115,0,338.5,11,25.5,50.5,94,77,7,35,20,12.5,6,0
40,115,0,205,3.5,20,33,50,47,5,14,13,7.5,12,0
41,115,0,187.5,5,14,33.5,43,45,1.5,17,14,7.5,7,0
42,115,0,105,1,12.5,15,24,29,2,9,6,5.5,1,0
43,115,0,61.5,3,4.5,9,13,11,2,5,6,3,5,0
44,115,0,53,0,11,2,9,12,1,6,2,3,7,0
45,115,0,67,8,5.5,5,18,12,0.5,6,6,4,2,0
46,115,1,25,1.4,2.5,1.1,3.2,3.6,0.4,6.4,3.6,1.4,1.4,0
47,115,1,8,0.3,1.4,0.1,1.5,2.1,0.2,0.6,0.8,1,0,0
48,115,1,9,0.4,1.6,0.1,1.6,2.4,0.2,0.7,0.9,1.1,0,0
51,115,1,2,0.1,0.3,0,0.4,0.5,0.1,0.2,0.2,0.2,0,0
52,115,1,1,0,0.1,0,0.1,0.2,0,0.1,0.2,0.1,0.2,0
55,115,1,2,0,0.3,0.1,0.1,0.4,0,0.1,0.4,0.2,0.4,0
58,115,1,10,0.2,1.5,0.4,1.5,1.3,0.4,0.8,1.5,1.3,1.1,0
59,115,1,4,0.1,0.6,0.2,0.6,0.5,0.1,0.3,0.6,0.5,0.5,0
64,115,1,2,0,0.2,0.3,0.3,0.5,0,0.5,0.1,0.1,0,0
76,115,1,2,0.3,0.1,0.1,0.5,0.4,0,0.1,0.1,0.3,0.1,0
81,115,1,24,1.3,2.8,1.7,5.2,6,1,1.9,1.3,2.6,0.2,0
82,115,1,8,0.5,1.1,0.4,1.7,1.7,0.4,0.6,0.6,0.7,0.3,0
88,115,1,8,0.4,1.4,0.2,1.5,2.3,0,1.2,0.4,0.2,0.4,0
90,115,1,8,0.4,1.4,0.2,1.5,2.3,0,1.2,0.4,0.2,0.4,0
91,115,1,4,0.2,0.7,0.1,0.7,1.2,0,0.6,0.2,0.1,0.2,0
93,115,1,4,0.2,0.7,0.1,0.7,1,0.3,0.2,0.2,0.3,0.3,0
97,115,1,2,0.1,0.4,0.1,0.3,0.3,0,0.3,0.4,0.1,0,0
98,115,1,26,1.6,5.3,1.1,3.2,4.2,0,3.7,5.3,1.6,0,0
99,115,1,2,0.1,0.4,0.1,0.3,0.3,0,0.3,0.4,0.1,0,0
104,115,1,2,0.1,0.3,0.2,0.4,0.6,0,0.1,0.1,0.2,0,0
108,115,1,4,0.1,0.4,0.6,0.7,0.9,0,0.4,0.5,0.3,0.1,0
111,115,1,9,0.3,0.9,1.4,1.4,2,0,0.9,1.2,0.6,0.3,0
113,115,1,7,0.3,0.4,0.4,0.9,1.9,0,0.9,1.5,0.4,0.3,0
11,116,1,2,0.1,0.1,0.4,0.4,0.5,0,0.1,0.4,0,0,0
12,116,1,4,0.1,0.7,0.5,0.5,0.9,0.1,0.6,0.5,0,0.1,0
15,116,1,4,0.1,0.7,0.5,0.5,0.9,0.1,0.6,0.5,0,0.1,0
16,116,1,1,0.1,0.2,0.1,0.1,0.2,0,0.2,0.1,0,0,0
18,116,1,3,0.3,0.3,0.2,0.7,0.5,0.2,0.1,0.2,0.5,0,0
21,116,1,7,0.6,0.7,0.4,1.6,1.3,0.4,0.3,0.5,1.1,0.1,0
24,116,1,12,1.1,2,0.3,2.4,2.4,0.3,3,0.5,0,0,0
25,116,1,4,0.3,0.7,0.1,0.8,0.8,0.1,1,0.2,0,0,0
27,116,1,7,0,0.7,1.1,0.2,1.6,0,1.5,1.5,0.3,0.1,0
29,116,1,3,0,0.3,0.5,0.1,0.7,0,0.6,0.6,0.1,0.1,0
30,116,1,9,0,0.9,1.4,0.3,2,0,1.9,1.9,0.4,0.2,0
31,116,1,8,0,0.8,1.3,0.3,1.8,0,1.7,1.7,0.3,0.1,0
32,116,0,148.5,8.5,24.5,9,35,27,12,8,5,17.5,2,0
33,116,0,243,23.5,38.5,10.5,73,49,6,9,6,26.5,1,0
34,116,0,97.5,12,8.5,3,25,22,3,5,2,17,0,0
35,116,1,29,1,3.9,3,3.7,8.3,1,3.9,2.8,1.1,0.3,0
36,116,1,11,0.4,1.5,1.1,1.4,3.1,0.4,1.5,1.1,0.4,0.1,0
37,116,1,16,1.3,2,0.7,2.4,4.1,0.3,1.4,1.6,1.4,0.8,0
38,116,0,137,12,9.5,8,44,26,6,9,6,15.5,1,0
39,116,1,14,1.2,1.8,0.6,2.1,3.6,0.2,1.2,1.4,1.2,0.7,0
40,116,1,12,1,1.5,0.5,1.9,3.1,0.2,1,1.2,1,0.6,0
41,116,1,12,1,1.5,0.5,1.9,3.1,0.2,1,1.2,1,0.6,0
43,116,1,9,0.5,0.9,0.4,1.2,1.3,0.1,2.3,1.3,0.5,0.5,0
44,116,1,13,0.7,1.3,0.6,1.7,1.9,0.2,3.3,1.9,0.7,0.7,0
45,116,0,75,1,2,4,8,6,0,36,13,4,1,0
46,116,0,109,8,14,6,24,20,4,9,8,14,2,0
47,116,1,29,1.1,5.1,0.4,5.3,7.5,0.7,2.3,3,3.6,0,0
48,116,1,1,0,0.2,0,0.2,0.3,0,0.1,0.1,0.1,0,0
53,116,1,2,0,0.3,0.1,0.1,0.4,0,0.1,0.4,0.2,0.4,0
55,116,1,6,0,0.7,0.2,0.3,1.3,0,0.4,1.3,0.7,1.1,0
56,116,1,7,0,0.9,0.2,0.4,1.5,0,0.4,1.5,0.8,1.3,0
57,116,1,2,0,0.3,0.1,0.3,0.3,0.1,0.1,0.3,0.3,0.2,0
58,116,1,3,0.1,0.4,0.1,0.5,0.4,0.1,0.2,0.5,0.4,0.3,0
59,116,0,39,2,1,0,7,3,2,10,11,1,2,0
60,116,1,28,0.5,4.2,1.1,4.2,3.7,1.1,2.1,4.2,3.7,3.2,0
75,116,1,2,0.3,0.1,0.1,0.5,0.4,0,0.1,0.1,0.3,0.1,0
76,116,1,10,1.3,0.6,0.4,2.6,1.9,0.3,0.6,0.3,1.4,0.6,0
81,116,1,18,1,2.1,1.3,3.9,4.5,0.7,1.4,1,1.9,0.2,0
82,116,1,18,1.2,2.6,0.8,3.9,3.7,0.9,1.2,1.3,1.7,0.7,0
83,116,1,16,1.1,2.3,0.7,3.5,3.3,0.8,1.1,1.1,1.5,0.6,0
84,116,1,4,0.3,0.6,0.2,0.8,0.8,0.2,0.3,0.3,0.4,0.1,0
98,116,1,1,0.1,0.2,0,0.1,0.2,0,0.1,0.2,0.1,0,0
107,116,1,4,0.1,0.4,0.6,0.7,0.9,0,0.4,0.5,0.3,0.1,0
111,116,1,5,0.2,0.5,0.8,0.8,1.1,0,0.5,0.6,0.3,0.2,0
0,117,1,1,0,0.1,0.1,0.2,0.2,0,0.1,0.2,0,0.1,0
7,117,1,2,0.1,0.1,0.4,0.4,0.5,0,0.1,0.4,0,0,0
8,117,1,1,0,0.1,0.2,0.2,0.3,0,0,0.2,0,0,0
13,117,1,12,0.4,2.2,1.4,1.4,2.6,0.2,2,1.6,0,0.2,0
17,117,1,2,0.2,0.2,0.1,0.5,0.4,0.1,0.1,0.1,0.3,0,0
20,117,1,22.5,2.1,2.4,1.3,5.2,4.1,1.3,0.9,1.6,3.4,0.2,0
21,117,1,5,0.5,0.5,0.3,1.2,0.9,0.3,0.2,0.3,0.8,0,0
27,117,1,3,0,0.3,0.5,0.1,0.7,0,0.6,0.6,0.1,0.1,0
32,117,0,55,4,7,2,19,11,3,0,2,7,0,0
33,117,1,34,1.2,4.6,3.5,4.3,9.7,1.2,4.6,3.3,1.3,0.3,0
34,117,1,10,0.3,1.3,1,1.3,2.9,0.3,1.4,1,0.4,0.1,0
35,117,1,19,0.7,2.6,1.9,2.4,5.4,0.7,2.6,1.8,0.7,0.2,0
36,117,0,28,1,0,4,6,4,2,6,4,1,0,0
37,117,0,56,2,5.5,6.5,8,5,2,11,7,5,3,1
38,117,0,149,7,6.5,14,29,28,4.5,25,17,9,9,0
39,117,0,116.5,3,10.5,9,12,30,2,16,20,5,9,0
40,117,0,63,1,1,5,6,10,1,15,15,3,6,0
41,117,1,5,0.4,0.6,0.2,0.8,1.3,0.1,0.4,0.5,0.4,0.3,0
45,117,1,2,0.1,0.2,0.1,0.3,0.3,0,0.5,0.3,0.1,0.1,0
46,117,1,2,0.1,0.2,0.1,0.3,0.3,0,0.5,0.3,0.1,0.1,0
51,117,1,5,0.2,0.9,0.1,0.9,1.3,0.1,0.4,0.5,0.6,0,0
55,117,1,1,0,0.1,0,0.1,0.2,0,0.1,0.2,0.1,0.2,0
56,117,1,4,0,0.5,0.1,0.2,0.9,0,0.2,0.9,0.5,0.7,0
59,117,1,6,0.1,0.9,0.2,0.9,0.8,0.2,0.5,0.9,0.8,0.7,0
67,117,1,2,0,0.2,0.3,0.3,0.5,0,0.5,0.1,0.1,0,0
69,117,1,2,0,0.2,0.3,0.3,0.5,0,0.5,0.1,0.1,0,0
73,117,1,3,0.4,0.2,0.1,0.8,0.5,0.1,0.2,0.1,0.4,0.2,0
74,117,1,3,0.4,0.2,0.1,0.8,0.5,0.1,0.2,0.1,0.4,0.2,0
77,117,1,11.5,0.6,1.4,0.8,2.5,2.9,0.5,0.9,0.6,1.2,0.1,0
81,117,1,25,1.3,2.9,1.8,5.5,6.3,1,2,1.3,2.7,0.2,0
82,117,0,111,6,14,3,22,18,3,15,13,9,8,0
83,117,0,43,2,5,2,6,10,1,3,12,0,2,0
89,117,1,4,0.2,0.7,0.1,0.7,1.2,0,0.6,0.2,0.1,0.2,0
107,117,1,3,0.1,0.3,0.5,0.5,0.6,0,0.3,0.4,0.2,0.1,0
111,117,1,4,0.1,0.4,0.6,0.7,0.9,0,0.4,0.5,0.3,0.1,0
113,117,1,2,0.1,0.1,0.1,0.3,0.5,0,0.3,0.4,0.1,0.1,0
117,117,1,8,0.3,0.5,0.5,1.1,2.1,0,1.1,1.7,0.4,0.3,0
119,117,1,3,0.1,0.2,0.2,0.4,0.8,0,0.4,0.6,0.2,0.1,0
127,117,1,6,0.1,0.7,0.7,0.6,1.7,0.2,1,0.6,0.2,0.2,0
0,118,1,10,0.3,0.9,0.6,1.6,1.6,0,1.2,2.2,0.3,1.3,0
4,118,1,5,0.2,0.4,0.9,0.9,1.4,0.1,0.1,0.9,0.1,0,0
15,118,1,5,0.2,0.9,0.6,0.6,1.1,0.1,0.8,0.6,0,0.1,0
16,118,1,2,0.1,0.4,0.2,0.2,0.5,0,0.3,0.3,0,0,0
18,118,1,4,0.4,0.4,0.2,0.9,0.7,0.2,0.2,0.3,0.6,0.1,0
20,118,1,17,1.6,1.8,0.9,4,3.1,0.9,0.7,1.2,2.6,0.2,0
21,118,1,5,0.5,0.5,0.3,1.2,0.9,0.3,0.2,0.3,0.8,0,0
27,118,1,3,0,0.3,0.5,0.1,0.7,0,0.6,0.6,0.1,0.1,0
33,118,1,2,0,0.3,0.2,0.2,0.6,0.1,0.3,0.2,0.1,0,0
34,118,1,9,0.3,1.2,0.9,1.1,2.6,0.3,1.2,0.9,0.4,0.1,0
36,118,1,30,1,4.1,3,3.8,8.6,1,4.1,2.9,1.2,0.3,0
37,118,0,141.5,2,16.5,13,17,26,4,22,17,14,10,0
38,118,0,100,4,4,3,19,12,1,15,25,4,13,0
39,118,0,147.5,5,11,22,18,31,3.5,15,14,6,22,0
40,118,0,173.5,6,22,22.5,20,48,4.5,26,12,12.5,0,0
41,118,0,184,18,23.5,13,36,51,6,8,8,20.5,0,0
47,118,1,2,0.1,0.3,0,0.4,0.5,0.1,0.2,0.2,0.2,0,0
48,118,1,11,0.4,1.9,0.1,2,2.9,0.3,0.9,1.1,1.4,0,0
54,118,1,1,0,0.1,0,0.1,0.2,0,0.1,0.2,0.1,0.2,0
55,118,1,4,0,0.5,0.1,0.2,0.9,0,0.2,0.9,0.5,0.7,0
63,118,1,11,0.3,1,1.6,1.6,2.6,0,2.9,0.5,0.5,0,0
75,118,1,5,0.7,0.3,0.2,1.3,1,0.1,0.3,0.1,0.7,0.3,0
77,118,1,6,0.3,0.7,0.4,1.3,1.5,0.2,0.5,0.3,0.7,0.1,0
78,118,1,4.5,0.2,0.5,0.3,1,1.1,0.2,0.4,0.3,0.5,0,0
80,118,1,14,0.7,1.6,1,3.1,3.5,0.6,1.1,0.8,1.5,0.1,0
81,118,0,38.5,4,1,2,11,3,6,3,2,2.5,4,0
82,118,0,49.5,1,7.5,3,13,7,3,4,5,5,1,0
83,118,1,10,0.7,1.4,0.4,2.2,2.1,0.5,0.7,0.7,0.9,0.4,0
87,118,1,5,0.2,0.9,0.1,0.9,1.4,0,0.8,0.3,0.1,0.3,0
89,118,1,3,0.1,0.5,0.1,0.5,0.8,0,0.5,0.2,0.1,0.2,0
97,118,1,4,0.2,0.8,0.2,0.5,0.7,0,0.6,0.8,0.2,0,0
98,118,1,1,0.1,0.2,0,0.1,0.2,0,0.1,0.2,0.1,0,0
101,118,1,5,0.3,1,0.2,0.6,0.8,0,0.7,1.1,0.3,0,0
103,118,1,5,0.2,0.9,0.4,0.9,1.4,0.1,0.2,0.3,0.6,0,0
106,118,1,5,0.2,0.9,0.4,0.9,1.4,0.1,0.2,0.3,0.6,0,0
114,118,1,4,0.2,0.2,0.2,0.5,1.1,0,0.5,0.9,0.2,0.2,0
127,118,1,4,0.1,0.5,0.5,0.4,1.1,0.1,0.6,0.4,0.1,0.2,0
4,119,1,4,0.2,0,0.2,0.8,0.8,0.2,0.8,0.8,0,0.2,0
23,119,1,2,0,0.2,0.3,0.1,0.5,0,0.4,0.4,0.1,0,0
31,119,1,8,0.4,1.1,0.4,1.6,1.6,0,1.6,0.3,0.9,0.1,0
33,119,1,13,0.3,1.7,0.9,2.1,2.6,0.4,1.2,2.7,0.8,0.3,0
35,119,1,22,0.5,2.9,1.6,3.6,4.3,0.7,2,4.5,1.4,0.5,0
36,119,0,98.5,3,13.5,10,11,24,2,17,6,6,6,0
37,119,0,91.5,3,7,1,9,21,1,16,20,1.5,12,0
38,119,0,58,3,4,6,11,9,3,10,2,2,8,0
39,119,1,12,0.6,1,1.9,1.3,4.1,0.6,0.3,1,0.6,0.6,0
40,119,0,43.5,0,12.5,4,0,21,0,3,0,3,0,0
41,119,0,56.5,2,5,3,5,17,3,6,8,6.5,1,0
47,119,1,1,0,0,0,0.2,0.1,0.1,0.3,0.1,0.1,0.1,0
49,119,1,3,0.1,0.1,0,0.6,0.4,0.1,0.9,0.3,0.2,0.3,0
54,119,1,5,0.1,0.1,0.1,0.9,0.8,0.3,0.6,1.1,0.6,0.4,0
62,119,1,7,0.2,0.7,1,1,1.7,0,1.8,0.3,0.3,0,0
73,119,1,5,0.7,0.3,0.2,1.3,1,0.1,0.3,0.1,0.7,0.3,0
76,119,1,6,0.8,0.3,0.3,1.6,1.1,0.2,0.3,0.2,0.8,0.4,0
77,119,1,4,0.5,0.2,0.2,1.1,0.8,0.1,0.2,0.1,0.6,0.2,0
79,119,1,2,0.3,0.1,0.1,0.5,0.4,0,0.1,0.1,0.3,0.1,0
85,119,1,2,0,0.2,0.1,0.2,0.3,0,0.7,0.3,0.1,0.1,0
87,119,1,7,0.2,0.6,0.3,0.6,1.1,0.2,2.4,1,0.3,0.3,0
89,119,1,2,0,0.2,0.1,0.2,0.3,0,0.7,0.3,0.1,0.1,0
92,119,1,2,0.1,0.3,0,0.3,0.5,0.2,0.1,0.1,0.2,0.2,0
100,119,1,13,0.8,2.1,0.2,2.2,3.3,1,0.8,0.6,1,1,0
101,119,1,2,0.1,0.3,0,0.3,0.5,0.2,0.1,0.1,0.2,0.2,0
106,119,1,1.5,0.1,0.2,0.1,0.3,0.4,0,0.1,0.1,0.2,0,0
107,119,1,5,0.2,0.9,0.4,0.9,1.4,0.1,0.2,0.3,0.6,0,0
117,119,1,2,0.1,0.1,0.1,0.3,0.5,0,0.3,0.4,0.1,0.1,0
126,119,1,3,0.1,0.3,0.2,0.4,0.8,0,0.6,0.2,0.2,0.2,0
127,119,1,6,0.1,0.5,0.6,0.9,1.1,0.2,0.8,0.9,0.5,0.4,0
2,120,1,1,0,0,0.1,0.2,0.2,0,0.2,0.2,0,0.1,0
6,120,1,2,0.1,0,0.1,0.4,0.4,0.1,0.4,0.4,0,0.1,0
10,120,1,4,0.2,0.3,0.7,0.7,1.1,0.1,0.1,0.7,0.1,0,0
11,120,1,7,0.3,0.5,1.3,1.3,1.9,0.1,0.2,1.3,0.1,0,0
18,120,1,1,0.1,0.2,0.1,0.1,0.2,0,0.2,0.1,0,0,0
20,120,1,3,0.1,0.5,0.4,0.4,0.6,0,0.5,0.4,0,0.1,0
27,120,1,10,0.5,1.3,0.5,2,2,0,2,0.3,1.2,0.2,0
29,120,1,2,0.1,0.3,0.1,0.4,0.4,0,0.4,0.1,0.2,0,0
35,120,1,6,0.1,0.8,0.4,1,1.2,0.2,0.6,1.2,0.4,0.1,0
36,120,1,19,0.4,2.5,1.4,3.1,3.7,0.6,1.8,3.9,1.2,0.4,0
37,120,0,118,2,21,10,8,34,0,24,14,5,0,0
38,120,0,73,0,17,5,6,19,1,9,15,1,0,0
39,120,0,183.5,6,30,20,29,44,5.5,18,15,13,3,0
40,120,0,75,2,19,5,11,22,1,3,6,5,1,0
41,120,1,1,0,0.1,0.2,0.1,0.3,0,0,0.1,0.1,0.1,0
48,120,1,3,0.1,0.1,0,0.6,0.4,0.1,0.9,0.3,0.2,0.3,0
49,120,1,1,0,0,0,0.2,0.1,0.1,0.3,0.1,0.1,0.1,0
52,120,1,8,0.2,0.2,0.2,1.4,1.2,0.4,1,1.8,1,0.6,0
54,120,1,1,0,0,0,0.2,0.2,0.1,0.1,0.2,0.1,0.1,0
56,120,1,5,0.1,0.1,0.1,0.9,0.8,0.3,0.6,1.1,0.6,0.4,0
59,120,1,4,0.1,0.1,0.1,0.7,0.6,0.2,0.5,0.9,0.5,0.3,0
60,120,1,2,0,0,0,0.4,0.3,0.1,0.3,0.5,0.2,0.2,0
63,120,1,5,0.1,0.5,0.7,0.7,1.2,0,1.3,0.3,0.2,0,0
68,120,1,4,0.1,0.4,0.6,0.6,0.9,0,1,0.2,0.2,0,0
73,120,1,9.5,1.2,0.5,0.4,2.5,1.8,0.3,0.6,0.3,1.3,0.6,0
78,120,1,4,0.5,0.2,0.2,1.1,0.8,0.1,0.2,0.1,0.6,0.2,0
79,120,1,1,0.1,0.1,0,0.3,0.2,0,0.1,0,0.1,0.1,0
85,120,1,6,0.1,0.5,0.3,0.6,1,0.1,2,0.8,0.3,0.3,0
91,120,1,4,0.1,0.3,0.2,0.4,0.6,0.1,1.4,0.5,0.2,0.2,0
92,120,1,4,0.2,0.7,0.1,0.7,1,0.3,0.2,0.2,0.3,0.3,0
93,120,1,7,0.4,1.2,0.1,1.2,1.8,0.5,0.4,0.3,0.5,0.6,0
97,120,1,7,0.4,1.2,0.1,1.2,1.8,0.5,0.4,0.3,0.5,0.6,0
98,120,1,2,0.1,0.3,0,0.3,0.5,0.2,0.1,0.1,0.2,0.2,0
106,120,1,10,0.4,1.7,0.8,1.9,2.8,0.2,0.4,0.6,1.2,0,0
107,120,1,4,0.1,0.7,0.3,0.8,1.1,0.1,0.2,0.2,0.5,0,0
121,120,1,4,0.2,0.2,0.2,0.5,1.1,0,0.5,0.9,0.2,0.2,0
125,120,1,2,0.1,0.2,0.1,0.3,0.5,0,0.4,0.2,0.1,0.1,0
0,121,1,5,0.1,0.9,0.5,0.4,1.3,0.1,0.7,0.3,0.3,0.4,0
5,121,1,3,0.1,0,0.1,0.6,0.6,0.1,0.6,0.7,0,0.2,0
8,121,1,2,0.1,0.1,0.4,0.4,0.5,0,0.1,0.4,0,0,0
10,121,1,1,0,0.1,0.2,0.2,0.3,0,0,0.2,0,0,0
12,121,1,1,0.1,0.2,0.1,0.1,0.2,0,0.2,0.1,0,0,0
18,121,1,2,0.1,0.4,0.2,0.2,0.5,0,0.3,0.3,0,0,0
21,121,1,5,0.2,0.9,0.6,0.6,1.1,0.1,0.8,0.6,0,0.1,0
30,121,1,4,0.2,0.5,0.2,0.8,0.8,0,0.8,0.1,0.5,0.1,0
31,121,1,13,0.7,1.7,0.7,2.5,2.6,0,2.6,0.5,1.5,0.2,0
34,121,1,2,0,0.3,0.2,0.3,0.4,0.1,0.2,0.4,0.1,0,0
36,121,1,5,0.1,0.7,0.4,0.8,1,0.1,0.5,1,0.3,0.1,0
39,121,0,33,0,2,6,5,10,0,5,0,5,0,0
40,121,0,30,2,3,1,8,5,0,4,4,3,0,0
41,121,1,16,0.8,1.3,2.5,1.7,5.5,0.8,0.4,1.3,0.8,0.9,0
43,121,1,2.5,0.1,0.1,0,0.5,0.3,0.1,0.8,0.2,0.2,0.2,0
46,121,1,1,0,0,0,0.2,0.1,0.1,0.3,0.1,0.1,0.1,0
56,121,1,1,0,0,0,0.2,0.2,0.1,0.1,0.2,0.1,0.1,0
66,121,1,2,0,0.2,0.3,0.3,0.5,0,0.5,0.1,0.1,0,0
69,121,1,3,0.1,0.3,0.4,0.4,0.7,0,0.8,0.2,0.1,0,0
81,121,1,4,0.5,0.2,0.2,1.1,0.8,0.1,0.2,0.1,0.6,0.2,0
82,121,1,8,0.2,0.7,0.4,0.7,1.3,0.2,2.7,1.1,0.3,0.4,0
90,121,1,2,0,0.2,0.1,0.2,0.3,0,0.7,0.3,0.1,0.1,0
91,121,1,2,0,0.2,0.1,0.2,0.3,0,0.7,0.3,0.1,0.1,0
94,121,1,4,0.2,0.7,0.1,0.7,1,0.3,0.2,0.2,0.3,0.3,0
95,121,1,2,0.1,0.3,0,0.3,0.5,0.2,0.1,0.1,0.2,0.2,0
97,121,1,6,0.4,1,0.1,1,1.5,0.4,0.4,0.3,0.4,0.5,0
98,121,1,4,0.2,0.7,0.1,0.7,1,0.3,0.2,0.2,0.3,0.3,0
111,121,1,8,0.3,1.4,0.6,1.5,2.3,0.1,0.3,0.5,1,0,0
112,121,1,4,0.2,0.2,0.2,0.5,1.1,0,0.5,0.9,0.2,0.2,0
117,121,1,2,0.1,0.1,0.1,0.3,0.5,0,0.3,0.4,0.1,0.1,0
123,121,1,1,0,0.1,0.1,0.1,0.3,0,0.2,0.1,0,0.1,0
124,121,1,8,0.2,0.9,0.5,1.1,2.1,0,1.6,0.6,0.5,0.5,0
125,121,1,5,0.1,0.6,0.3,0.7,1.3,0,1,0.4,0.3,0.3,0
126,121,1,2,0.1,0.2,0.1,0.3,0.5,0,0.4,0.2,0.1,0.1,0
3,122,1,3,0.1,0,0.1,0.6,0.6,0.1,0.6,0.7,0,0.2,0
4,122,1,2,0.1,0,0.1,0.4,0.4,0.1,0.4,0.4,0,0.1,0
23,122,1,5,0,0.5,0.8,0.2,1.1,0,1,1.1,0.2,0.1,0
29,122,1,7,0.4,0.9,0.4,1.4,1.4,0,1.4,0.2,0.8,0.1,0
32,122,1,12,0.2,1.6,0.9,2,2.4,0.4,1.1,2.5,0.7,0.2,0
33,122,1,7,0.1,0.9,0.5,1.2,1.4,0.2,0.7,1.4,0.4,0.2,0
36,122,1,9,0.2,1.2,0.6,1.5,1.8,0.3,0.8,1.8,0.6,0.2,0
38,122,1,2,0.1,0.2,0.3,0.2,0.7,0.1,0,0.2,0.1,0.1,0
39,122,1,3,0.1,0.2,0.5,0.3,1,0.2,0.1,0.2,0.2,0.2,0
43,122,1,7,0.3,0.1,0,1.5,0.9,0.3,2.1,0.6,0.6,0.6,0
55,122,1,4,0.1,0.1,0.1,0.7,0.6,0.2,0.5,0.9,0.5,0.3,0
74,122,1,1,0.1,0.1,0,0.3,0.2,0,0.1,0,0.1,0.1,0
75,122,1,4,0.5,0.2,0.2,1.1,0.8,0.1,0.2,0.1,0.6,0.2,0
82,122,1,3,0.1,0.3,0.1,0.3,0.5,0.1,1,0.4,0.1,0.1,0
102,122,1,4,0.1,0.7,0.3,0.8,1.1,0.1,0.2,0.2,0.5,0,0
107,122,1,6,0.2,1,0.5,1.1,1.7,0.1,0.2,0.4,0.8,0,0
114,122,1,2,0.1,0.1,0.1,0.3,0.5,0,0.3,0.4,0.1,0.1,0
118,122,1,5,0.2,0.3,0.3,0.7,1.3,0,0.7,1,0.3,0.2,0
124,122,1,2,0.1,0.2,0.1,0.3,0.5,0,0.4,0.2,0.1,0.1,0
126,122,1,4,0.1,0.5,0.2,0.6,1.1,0,0.8,0.3,0.2,0.2,0
4,123,1,9,0.3,0,0.4,1.9,1.9,0.3,1.9,1.9,0,0.4,0
5,123,0,35,1,0,3,8,1,0,15,5,2,0,0
7,123,1,1,0,0.1,0.2,0.2,0.3,0,0,0.2,0,0,0
10,123,1,3,0.1,0.2,0.5,0.5,0.8,0.1,0.1,0.6,0.1,0,0
13,123,1,4,0.1,0.7,0.5,0.5,0.9,0.1,0.6,0.5,0,0.1,0
23,123,1,4,0,0.4,0.6,0.1,0.9,0,0.8,0.9,0.2,0.1,0
24,123,1,5,0,0.5,0.8,0.2,1.1,0,1,1.1,0.2,0.1,0
27,123,1,2,0.1,0.3,0.1,0.4,0.4,0,0.4,0.1,0.2,0,0
31,123,1,10,0.5,1.3,0.5,2,2,0,2,0.3,1.2,0.2,0
34,123,1,2,0,0.3,0.2,0.3,0.4,0.1,0.2,0.4,0.1,0,0
38,123,1,4,0.2,0.3,0.7,0.4,1.4,0.2,0.1,0.3,0.2,0.2,0
44,123,1,2,0.1,0,0,0.4,0.2,0.1,0.6,0.2,0.2,0.2,0
49,123,1,3,0.1,0.1,0,0.6,0.4,0.1,0.9,0.3,0.2,0.3,0
54,123,1,2,0,0,0,0.4,0.3,0.1,0.3,0.5,0.2,0.2,0
55,123,1,4,0.1,0.1,0.1,0.7,0.6,0.2,0.5,0.9,0.5,0.3,0
56,123,1,2,0,0,0,0.4,0.3,0.1,0.3,0.5,0.2,0.2,0
60,123,1,2,0,0,0,0.4,0.3,0.1,0.3,0.5,0.2,0.2,0
70,123,1,4,0.1,0.4,0.6,0.6,0.9,0,1,0.2,0.2,0,0
72,123,1,1,0.1,0.1,0,0.3,0.2,0,0.1,0,0.1,0.1,0
88,123,1,1,0,0.1,0.1,0.1,0.2,0,0.3,0.1,0,0.1,0
91,123,1,7,0.2,0.6,0.3,0.6,1.1,0.2,2.4,1,0.3,0.3,0
93,123,1,4,0.2,0.7,0.1,0.7,1,0.3,0.2,0.2,0.3,0.3,0
98,123,1,4,0.2,0.7,0.1,0.7,1,0.3,0.2,0.2,0.3,0.3,0
116,123,1,2,0.1,0.1,0.1,0.3,0.5,0,0.3,0.4,0.1,0.1,0
122,123,1,2,0.1,0.2,0.1,0.3,0.5,0,0.4,0.2,0.1,0.1,0
124,123,1,6.5,0.2,0.7,0.4,0.9,1.7,0,1.3,0.5,0.4,0.4,0
125,123,1,14,0.3,1.6,0.8,2,3.7,0,2.8,1.1,0.8,0.9,0
5,124,1,29,1.2,4.1,1.2,4.5,9,0.8,2,2.5,2.9,0.4,0.4
7,124,1,2,0.1,0.3,0.1,0.3,0.6,0.1,0.1,0.2,0.2,0,0
13,124,1,1,0,0,0.1,0.1,0.3,0,0.1,0.2,0.1,0.1,0
18,124,1,5,0.2,0.4,0.4,0.3,1.2,0.1,1,1.1,0,0.3,0
20,124,1,1,0,0.1,0.1,0.1,0.2,0,0.2,0.2,0,0.1,0
21,124,1,4,0.2,0.3,0.3,0.2,1,0.1,0.8,0.9,0,0.2,0
22,124,1,19,0.4,1.8,0.6,2.9,2.6,0.4,2.2,6.1,1.4,0.6,0
23,124,1,18,0.4,1.7,0.6,2.7,2.5,0.4,2.1,5.7,1.3,0.6,0
24,124,1,2,0,0.2,0.1,0.3,0.3,0,0.2,0.6,0.2,0.1,0
25,124,1,3,0.1,0.3,0.1,0.4,0.4,0.1,0.3,1,0.2,0.1,0
28,124,1,11.5,0.1,1.1,1.3,0.9,2.6,0.1,2.3,1.9,0.8,0.4,0
30,124,1,2,0,0.2,0.2,0.2,0.5,0,0.4,0.3,0.1,0.1,0
39,124,1,7,0.1,0.4,0.1,1.5,0.8,0.2,1.6,1.2,1.1,0,0
44,124,1,3,0,0.6,0.2,0.2,1.1,0,0.2,0.4,0.2,0.1,0
52,124,1,4,0.2,0.1,0.5,0.7,0.5,0.2,0.9,0.8,0.1,0,0
58,124,1,5,0,0.4,0,1.2,0.7,0.5,0.5,1,0.3,0.4,0
61,124,1,2,0,0.1,0,0.5,0.3,0.2,0.2,0.4,0.1,0.2,0
62,124,1,3,0.1,0.2,0.3,0.2,0.6,0,1,0.3,0.1,0.2,0
66,124,1,6,0.1,0.5,0.5,0.4,1.2,0.1,2,0.6,0.1,0.5,0
69,124,1,5,0,0.7,0.2,0.4,1.4,0,0.8,1.4,0,0.1,0
71,124,1,1,0,0.1,0,0.1,0.3,0,0.2,0.3,0,0,0
72,124,1,4,0.1,0,0.2,0.7,0.7,0.1,1,1.1,0.1,0,0
73,124,1,4,0.1,0,0.2,0.7,0.7,0.1,1,1.1,0.1,0,0
97,124,1,4,0.5,0.2,0.2,1.4,0.9,0,0,0.4,0.2,0.2,0
98,124,1,3,0.4,0.1,0.1,1.1,0.7,0,0,0.3,0.1,0.2,0
99,124,1,3,0.4,0.1,0.1,1.1,0.7,0,0,0.3,0.1,0.2,0
100,124,1,2,0.3,0.1,0.1,0.7,0.4,0,0,0.2,0.1,0.1,0
103,124,1,3,0.2,0.4,0.2,0.5,0.5,0.2,0.5,0.1,0.1,0.3,0
117,124,1,2,0.1,0.3,0.1,0.4,0.5,0.1,0,0.2,0.2,0.1,0
119,124,1,5,0.3,0.6,0.3,1,1.3,0.3,0.1,0.5,0.5,0.1,0
124,124,1,3,0,0.1,0.5,0,0.7,0,0.8,0.7,0,0.2,0
125,124,1,4,0,0.1,0.7,0,1,0,1,0.9,0,0.3,0
13,125,1,3,0,0.1,0.3,0.3,0.7,0,0.4,0.6,0.2,0.4,0
17,125,1,4,0.2,0.3,0.3,0.2,1,0.1,0.8,0.9,0,0.2,0
21,125,1,9,0.4,0.7,0.7,0.5,2.2,0.2,1.8,2,0,0.5,0
22,125,1,3,0.1,0.3,0.1,0.4,0.4,0.1,0.3,1,0.2,0.1,0
24,125,1,6,0.1,0.6,0.2,0.9,0.8,0.1,0.7,1.9,0.5,0.2,0
25,125,1,9,0.2,0.9,0.3,1.3,1.2,0.2,1,2.9,0.7,0.3,0
28,125,1,3,0,0.3,0.4,0.2,0.7,0,0.6,0.5,0.2,0.1,0
29,125,1,23,0.1,2.3,2.7,1.8,5.1,0.2,4.5,3.9,1.6,0.8,0
30,125,1,9,0,0.9,1.1,0.7,2,0.1,1.8,1.5,0.6,0.3,0
41,125,1,4,0.1,0.2,0.1,0.9,0.5,0.1,0.9,0.6,0.6,0,0
50,125,1,7,0.1,1.5,0.5,0.5,2.5,0,0.4,0.9,0.4,0.2,0
61,125,1,5,0,0.4,0,1.2,0.7,0.5,0.5,1,0.3,0.4,0
66,125,1,1,0,0.1,0.1,0.1,0.2,0,0.3,0.1,0,0.1,0
69,125,1,2,0,0.3,0.1,0.2,0.5,0,0.3,0.5,0,0.1,0
72,125,1,4,0.1,0,0.2,0.7,0.7,0.1,1,1.1,0.1,0,0
77,125,1,6,0.2,0,0.3,1,1.1,0.2,1.4,1.6,0.2,0,0
79,125,1,3,0.1,0,0.2,0.5,0.5,0.1,0.7,0.8,0.1,0,0
80,125,1,6,0.2,0,0.3,1,1.1,0.2,1.4,1.6,0.2,0,0
84,125,1,1,0,0.1,0.1,0.1,0.3,0,0.2,0.1,0,0.1,0
93,125,1,9,0.5,1.7,1.1,1.1,2,0.6,1.1,0,0.3,0.6,0
94,125,1,1,0.1,0.2,0.1,0.1,0.2,0.1,0.1,0,0,0.1,0
96,125,1,1,0.1,0.2,0.1,0.1,0.2,0.1,0.1,0,0,0.1,0
97,125,1,5,0.7,0.2,0.2,1.8,1.2,0,0,0.5,0.2,0.2,0
106,125,1,1,0.1,0.1,0.1,0.1,0.2,0.1,0.2,0,0,0.1,0
121,125,1,3.5,0.2,0.4,0.2,0.7,0.9,0.2,0.1,0.4,0.3,0.1,0
127,125,1,2,0.1,0.3,0.2,0.4,0.4,0.1,0.1,0.2,0.2,0,0
10,126,1,14,0.6,2,0.6,2.1,4.3,0.4,1,1.2,1.4,0.2,0.2
12,126,1,4,0,0.1,0.4,0.5,1,0,0.5,0.8,0.2,0.5,0
22,126,1,7,0.2,0.7,0.2,1,1,0.2,0.8,2.2,0.5,0.2,0
25,126,1,4,0.1,0.4,0.1,0.6,0.5,0.1,0.5,1.3,0.3,0.1,0
26,126,1,2,0,0.2,0.1,0.3,0.3,0,0.2,0.6,0.2,0.1,0
27,126,1,9,0,0.9,1.1,0.7,2,0.1,1.8,1.5,0.6,0.3,0
28,126,0,32,1,4,3,4,4,0,9,5,0,2,0
37,126,1,8,0.1,0.4,0.1,1.8,0.9,0.3,1.9,1.3,1.2,0,0
52,126,1,4,0.2,0.1,0.5,0.7,0.5,0.2,0.9,0.8,0.1,0,0
54,126,1,15,0.8,0.4,1.8,2.5,2.1,0.8,3.3,2.9,0.4,0,0
55,126,1,2,0.1,0.1,0.2,0.3,0.3,0.1,0.4,0.4,0.1,0,0
58,126,1,2,0,0.1,0,0.5,0.3,0.2,0.2,0.4,0.1,0.2,0
59,126,1,7,0,0.5,0,1.7,1,0.7,0.7,1.4,0.5,0.5,0
61,126,1,4,0,0.3,0,1,0.5,0.4,0.4,0.8,0.3,0.3,0
62,126,1,4,0.1,0.3,0.4,0.2,0.8,0.1,1.3,0.4,0.1,0.3,0
64,126,1,11,0.3,0.9,1,0.7,2.2,0.1,3.6,1,0.3,0.9,0
65,126,1,3,0.1,0.2,0.3,0.2,0.6,0,1,0.3,0.1,0.2,0
66,126,1,14,0.3,1.1,1.3,0.8,2.9,0.2,4.6,1.3,0.3,1.2,0
84,126,1,6,0.1,0.7,0.6,0.5,1.8,0.1,1.1,0.6,0.1,0.4,0
85,126,1,4,0.1,0.4,0.4,0.4,1.2,0,0.7,0.4,0.1,0.3,0
86,126,1,4,0.1,0.4,0.4,0.4,1.2,0,0.7,0.4,0.1,0.3,0
88,126,1,5,0.1,0.6,0.5,0.4,1.5,0.1,0.9,0.5,0.1,0.3,0
93,126,1,8,0.5,1.5,1,1,1.8,0.5,1,0,0.2,0.5,0
94,126,1,1,0.1,0.2,0.1,0.1,0.2,0.1,0.1,0,0,0.1,0
102,126,1,2,0.1,0.3,0.2,0.3,0.3,0.1,0.3,0.1,0.1,0.2,0
108,126,1,2.5,0.1,0.3,0.2,0.4,0.4,0.2,0.4,0.1,0.1,0.3,0
109,126,1,1,0.1,0.1,0.1,0.1,0.2,0.1,0.2,0,0,0.1,0
113,126,1,2,0.1,0.3,0.1,0.4,0.5,0.1,0,0.2,0.2,0.1,0
115,126,1,5,0.3,0.6,0.3,1,1.3,0.3,0.1,0.5,0.5,0.1,0
125,126,1,2,0,0.1,0.3,0,0.5,0,0.5,0.5,0,0.1,0
0,127,1,4,0.1,0.2,0.4,1,1.1,0.3,0.3,0.4,0.2,0,0
14,127,1,8,0,0.2,0.7,1,1.9,0,1,1.7,0.5,1,0
17,127,1,3,0.1,0.2,0.2,0.2,0.7,0.1,0.6,0.7,0,0.2,0
26,127,1,21,0.4,2,0.7,3.1,2.9,0.4,2.5,6.7,1.6,0.7,0
27,127,1,28,0.1,2.7,3.2,2.3,6.2,0.3,5.5,4.7,2,1,0
28,127,1,20,0.1,2,2.3,1.6,4.4,0.2,3.9,3.4,1.4,0.7,0
29,127,1,7,0,0.7,0.8,0.6,1.5,0.1,1.4,1.2,0.5,0.2,0
35,127,1,4,0.1,0.2,0.1,0.9,0.5,0.1,0.9,0.6,0.6,0,0
36,127,1,2,0,0.1,0,0.5,0.2,0.1,0.5,0.3,0.3,0,0
40,127,1,4,0.1,0.2,0.1,0.9,0.5,0.1,0.9,0.6,0.6,0,0
43,127,1,4,0.1,0.8,0.3,0.3,1.5,0,0.2,0.5,0.2,0.1,0
44,127,1,5,0.1,1,0.4,0.4,1.8,0,0.3,0.6,0.3,0.1,0
48,127,1,8,0.1,1.7,0.6,0.6,2.9,0,0.5,1.1,0.4,0.1,0
50,127,1,6,0.1,1.2,0.5,0.5,2.2,0,0.3,0.8,0.3,0.1,0
51,127,1,3,0,0.6,0.2,0.2,1.1,0,0.2,0.4,0.2,0.1,0
54,127,1,4,0.2,0.1,0.5,0.7,0.5,0.2,0.9,0.8,0.1,0,0
65,127,1,23,0.5,1.8,2.1,1.4,4.7,0.3,7.5,2.2,0.6,1.9,0
66,127,0,48,3,3,8,6,13,0,5,8,1,1,0
67,127,1,6,0,0.9,0.3,0.4,1.6,0,0.9,1.7,0,0.2,0
68,127,1,4,0,0.6,0.2,0.3,1.1,0,0.6,1.1,0,0.1,0
69,127,1,2,0,0.3,0.1,0.2,0.5,0,0.3,0.5,0,0.1,0
77,127,1,2,0.1,0,0.1,0.3,0.3,0.1,0.5,0.5,0.1,0,0
82,127,1,4,0.1,0.4,0.4,0.4,1.2,0,0.7,0.4,0.1,0.3,0
87,127,1,3,0.1,0.3,0.3,0.3,0.9,0,0.5,0.3,0.1,0.2,0
89,127,1,6,0.1,0.7,0.6,0.5,1.8,0.1,1.1,0.6,0.1,0.4,0
95,127,1,1,0.1,0.2,0.1,0.1,0.2,0.1,0.1,0,0,0.1,0
109,127,1,4,0.3,0.5,0.3,0.6,0.6,0.3,0.6,0.2,0.2,0.4,0
113,127,1,4,0.2,0.5,0.3,0.8,1,0.2,0.1,0.4,0.4,0.1,0
121,127,1,6,0.3,0.8,0.4,1.2,1.5,0.4,0.1,0.6,0.5,0.2,0
123,127,1,6,0,0.2,1,0,1.5,0,1.5,1.4,0,0.4,0
