x,y,imputed,ind,ind_0_3,ind_11_17,ind_18_24,ind_25_39,ind_40_54,ind_4_5,ind_55_64,ind_65_79,ind_6_10,ind_80p,ind_inc
0,7,1,5.0,0.0,0.5,0.0,1.1,0.5,0.1,1.6,0.7,0.2,0.3,0.0
0,9,1,2.0,0.0,0.2,0.0,0.4,0.2,0.1,0.6,0.3,0.1,0.1,0.0
0,26,1,5.0,0.2,0.5,0.0,0.7,0.7,0.0,1.3,0.9,0.2,0.5,0.0
0,47,1,6.0,0.2,0.1,0.2,0.9,1.0,0.1,0.4,2.3,0.2,0.6,0.0
0,48,1,1.0,0.0,0.0,0.0,0.2,0.2,0.0,0.1,0.4,0.0,0.1,0.0
0,49,1,2.0,0.1,0.0,0.1,0.3,0.3,0.0,0.1,0.8,0.1,0.2,0.0
0,79,1,5.0,0.1,0.1,0.0,0.6,0.3,0.0,1.5,2.0,0.2,0.2,0.0
0,85,1,2.0,0.1,0.0,0.0,0.2,0.1,0.0,0.6,0.8,0.1,0.1,0.0
0,86,1,4.0,0.1,0.2,0.2,0.6,0.6,0.1,1.2,0.7,0.1,0.2,0.0
0,91,1,2.0,0.0,0.0,0.1,0.0,0.5,0.0,0.5,0.5,0.1,0.3,0.0
0,96,1,4.5,0.0,0.0,0.4,0.3,0.7,0.0,1.1,1.2,0.3,0.5,0.0
0,100,1,6.0,0.0,0.0,0.6,0.4,0.9,0.0,1.5,1.6,0.4,0.6,0.0
0,101,1,4.0,0.1,0.2,0.3,0.4,0.6,0.0,0.5,0.9,0.0,1.0,0.0
0,103,1,2.0,0.1,0.1,0.2,0.2,0.3,0.0,0.2,0.4,0.0,0.5,0.0
0,104,1,5.0,0.2,0.3,0.4,0.4,0.7,0.0,0.6,1.1,0.0,1.3,0.0
0,119,1,2.0,0.0,0.2,0.0,0.3,0.2,0.0,0.7,0.2,0.1,0.3,0.0
1,7,1,9.0,0.0,0.9,0.0,2.0,0.9,0.2,2.9,1.3,0.4,0.4,0.0
1,25,1,2.0,0.1,0.0,0.0,0.2,0.2,0.0,0.6,0.3,0.0,0.6,0.0
1,27,1,3.0,0.1,0.3,0.0,0.4,0.4,0.0,0.8,0.6,0.1,0.3,0.0
1,46,1,1.0,0.0,0.0,0.0,0.2,0.2,0.0,0.1,0.4,0.0,0.1,0.0
1,48,1,9.0,0.4,0.2,0.4,1.4,1.4,0.1,0.5,3.4,0.3,0.9,0.0
1,60,1,1.0,0.0,0.0,0.0,0.1,0.2,0.0,0.2,0.4,0.0,0.1,0.0
1,71,1,3.0,0.0,0.2,0.1,0.2,0.5,0.0,0.7,0.7,0.4,0.2,0.0
1,86,1,8.0,0.2,0.4,0.4,1.1,1.1,0.2,2.3,1.5,0.3,0.5,0.0
1,91,1,3.0,0.0,0.0,0.2,0.0,0.7,0.0,0.8,0.8,0.1,0.4,0.0
1,101,1,6.0,0.2,0.3,0.5,0.5,0.9,0.0,0.7,1.4,0.0,1.5,0.0
1,104,1,3.0,0.1,0.2,0.2,0.3,0.4,0.0,0.3,0.7,0.0,0.8,0.0
1,108,1,5.0,0.5,0.2,0.2,0.5,0.8,0.3,0.5,1.5,0.0,0.5,0.0
1,115,1,6.0,0.6,0.2,0.2,0.6,1.0,0.4,0.6,1.8,0.0,0.6,0.0
1,116,1,1.0,0.0,0.1,0.0,0.1,0.1,0.0,0.4,0.1,0.1,0.1,0.0
1,117,1,5.0,0.0,0.7,0.0,0.7,0.4,0.0,1.8,0.5,0.2,0.7,0.0
1,118,1,14.0,0.0,1.9,0.0,1.9,1.3,0.0,5.1,1.3,0.6,1.9,0.0
2,2,1,1.0,0.1,0.2,0.0,0.1,0.3,0.0,0.0,0.1,0.0,0.2,0.0
2,8,1,1.0,0.0,0.0,0.1,0.2,0.2,0.0,0.2,0.2,0.0,0.1,0.0
2,11,1,2.0,0.0,0.1,0.1,0.3,0.4,0.0,0.5,0.4,0.1,0.1,0.0
2,25,1,1.0,0.0,0.0,0.1,0.0,0.2,0.0,0.3,0.2,0.0,0.2,0.0
2,26,1,1.0,0.0,0.1,0.1,0.1,0.2,0.0,0.2,0.2,0.0,0.1,0.0
2,27,1,6.0,0.0,0.4,0.8,0.7,1.0,0.0,1.2,1.0,0.2,0.7,0.0
2,28,1,3.0,0.0,0.2,0.4,0.3,0.5,0.0,0.6,0.5,0.1,0.4,0.0
2,34,1,2.0,0.1,0.2,0.0,0.0,0.7,0.0,0.2,0.4,0.3,0.1,0.0
2,41,1,10.0,0.2,0.5,0.3,1.0,2.3,0.0,2.8,1.8,0.3,0.8,0.0
2,42,1,6.0,0.1,0.3,0.2,0.6,1.4,0.0,1.7,1.1,0.1,0.5,0.0
2,47,1,1.0,0.0,0.1,0.1,0.1,0.2,0.0,0.1,0.2,0.1,0.1,0.0
2,69,1,1.0,0.0,0.0,0.1,0.0,0.2,0.0,0.3,0.2,0.0,0.2,0.0
2,71,1,4.0,0.0,0.1,0.3,0.0,0.8,0.1,1.2,0.9,0.1,0.5,0.0
2,77,1,5.0,0.4,0.5,0.2,1.1,0.4,0.1,0.6,1.1,0.2,0.4,0.0
2,78,1,4.0,0.3,0.4,0.1,0.9,0.3,0.1,0.5,0.9,0.2,0.3,0.0
2,79,1,5.0,0.4,0.5,0.2,1.1,0.4,0.1,0.6,1.1,0.2,0.4,0.0
2,82,1,6.0,0.4,0.6,0.2,1.4,0.4,0.1,0.7,1.4,0.3,0.5,0.0
2,86,1,6.0,0.1,0.4,0.7,0.3,1.1,0.1,1.2,1.3,0.3,0.5,0.0
2,87,1,7.0,0.2,0.5,0.8,0.3,1.2,0.2,1.4,1.5,0.3,0.6,0.0
2,91,1,7.5,0.0,0.5,0.2,0.5,1.7,0.2,1.6,1.6,0.3,0.9,0.0
2,94,1,2.0,0.0,0.1,0.0,0.1,0.5,0.1,0.4,0.4,0.1,0.3,0.0
2,114,1,2.0,0.0,0.1,0.1,0.0,0.4,0.0,0.6,0.8,0.0,0.0,0.0
2,115,1,6.0,0.0,0.3,0.3,0.0,1.3,0.0,1.9,2.2,0.0,0.0,0.0
2,117,1,4.5,0.0,0.7,0.1,0.7,1.1,0.1,0.8,0.4,0.3,0.3,0.0
3,8,1,2.0,0.0,0.1,0.1,0.3,0.4,0.0,0.5,0.4,0.1,0.1,0.0
3,12,1,10.0,0.0,0.4,0.7,1.5,1.9,0.2,2.3,1.9,0.4,0.7,0.0
3,13,1,4.0,0.0,0.1,0.3,0.6,0.8,0.1,0.9,0.8,0.1,0.3,0.0
3,14,1,1.0,0.0,0.0,0.1,0.2,0.2,0.0,0.2,0.2,0.0,0.1,0.0
3,23,1,6.0,0.0,0.1,0.6,0.2,1.1,0.1,1.5,1.3,0.0,1.1,0.0
3,24,1,11.5,0.0,0.2,1.1,0.3,2.2,0.2,2.8,2.5,0.0,2.2,0.0
3,25,1,7.0,0.0,0.1,0.7,0.2,1.3,0.1,1.8,1.5,0.0,1.3,0.0
3,26,1,5.0,0.0,0.4,0.7,0.6,0.8,0.0,1.0,0.8,0.1,0.6,0.0
3,27,1,6.0,0.0,0.4,0.8,0.7,1.0,0.0,1.2,1.0,0.2,0.7,0.0
3,29,1,1.0,0.0,0.1,0.1,0.1,0.2,0.0,0.2,0.2,0.0,0.1,0.0
3,31,1,5.0,0.1,0.5,0.0,0.0,1.7,0.0,0.5,1.1,0.9,0.2,0.0
3,34,1,3.0,0.1,0.3,0.0,0.0,1.0,0.0,0.3,0.7,0.5,0.1,0.0
3,35,1,2.0,0.1,0.2,0.0,0.0,0.7,0.0,0.2,0.4,0.3,0.1,0.0
3,40,1,3.0,0.1,0.2,0.1,0.3,0.7,0.0,0.8,0.5,0.1,0.2,0.0
3,47,1,1.0,0.0,0.1,0.1,0.1,0.2,0.0,0.1,0.2,0.1,0.1,0.0
3,48,1,2.0,0.1,0.1,0.1,0.2,0.5,0.1,0.2,0.4,0.1,0.2,0.0
3,49,1,3.0,0.1,0.2,0.2,0.3,0.7,0.1,0.3,0.6,0.1,0.4,0.0
3,60,1,3.0,0.1,0.1,0.1,0.5,0.7,0.0,0.3,0.8,0.2,0.2,0.0
3,64,1,6.0,0.1,0.2,0.3,1.0,1.4,0.0,0.6,1.6,0.5,0.3,0.0
3,65,1,1.0,0.0,0.0,0.0,0.2,0.2,0.0,0.1,0.3,0.1,0.1,0.0
3,69,1,2.0,0.0,0.1,0.2,0.0,0.4,0.0,0.6,0.4,0.0,0.3,0.0
3,75,1,9.0,0.0,0.3,0.7,0.0,1.7,0.2,2.7,2.0,0.2,1.2,0.0
3,84,1,3.0,0.2,0.3,0.1,0.7,0.2,0.1,0.4,0.7,0.1,0.2,0.0
3,86,1,4.0,0.1,0.3,0.4,0.2,0.7,0.1,0.8,0.9,0.2,0.3,0.0
3,87,1,7.0,0.2,0.5,0.8,0.3,1.2,0.2,1.4,1.5,0.3,0.6,0.0
3,88,1,3.0,0.1,0.2,0.3,0.1,0.5,0.1,0.6,0.7,0.1,0.3,0.0
3,91,1,2.0,0.0,0.1,0.0,0.1,0.5,0.1,0.4,0.4,0.1,0.3,0.0
3,127,1,3.0,0.1,0.1,0.0,0.7,0.6,0.0,0.3,0.3,0.5,0.4,0.0
4,11,1,2.0,0.0,0.1,0.1,0.3,0.4,0.0,0.5,0.4,0.1,0.1,0.0
4,14,1,5.0,0.0,0.2,0.4,0.8,0.9,0.1,1.1,0.9,0.2,0.4,0.0
4,22,1,3.0,0.0,0.0,0.3,0.1,0.6,0.0,0.7,0.7,0.0,0.6,0.0
4,23,1,4.0,0.0,0.0,0.4,0.1,0.8,0.0,1.0,0.9,0.0,0.8,0.0
4,24,1,10.0,0.0,0.1,1.0,0.3,1.9,0.1,2.5,2.2,0.0,1.9,0.0
4,25,1,10.0,0.0,0.1,1.0,0.3,1.9,0.1,2.5,2.2,0.0,1.9,0.0
4,27,1,4.0,0.0,0.3,0.6,0.4,0.7,0.0,0.8,0.7,0.1,0.4,0.0
4,28,1,3.0,0.0,0.2,0.4,0.3,0.5,0.0,0.6,0.5,0.1,0.4,0.0
4,38,1,3.0,0.1,0.2,0.1,0.3,0.7,0.0,0.8,0.5,0.1,0.2,0.0
4,48,1,4.0,0.1,0.2,0.3,0.4,0.9,0.2,0.4,0.8,0.2,0.5,0.0
4,58,1,5.0,0.1,0.2,0.2,0.9,1.2,0.0,0.5,1.3,0.4,0.2,0.0
4,59,1,8.0,0.2,0.3,0.3,1.4,1.9,0.0,0.9,2.1,0.6,0.3,0.0
4,64,1,1.0,0.0,0.0,0.0,0.2,0.2,0.0,0.1,0.3,0.1,0.1,0.0
4,65,1,4.0,0.1,0.1,0.2,0.7,1.0,0.0,0.4,1.0,0.3,0.2,0.0
4,86,1,1.0,0.0,0.1,0.1,0.1,0.2,0.0,0.2,0.2,0.0,0.1,0.0
4,88,1,1.0,0.0,0.1,0.1,0.1,0.2,0.0,0.2,0.2,0.0,0.1,0.0
4,93,1,2.0,0.0,0.1,0.0,0.1,0.5,0.1,0.4,0.4,0.1,0.3,0.0
4,98,1,3.5,0.0,0.5,0.4,0.2,0.5,0.0,0.5,0.9,0.0,0.5,0.0
4,100,1,4.0,0.0,0.5,0.4,0.2,0.5,0.0,0.6,1.1,0.1,0.6,0.0
4,102,1,2.0,0.0,0.1,0.1,0.2,0.4,0.0,0.4,0.5,0.1,0.2,0.0
4,105,1,2.0,0.0,0.1,0.1,0.2,0.4,0.0,0.4,0.5,0.1,0.2,0.0
4,108,1,3.0,0.0,0.2,0.2,0.0,0.6,0.0,0.9,1.1,0.0,0.0,0.0
4,110,1,1.0,0.0,0.0,0.1,0.0,0.2,0.0,0.3,0.4,0.0,0.0,0.0
5,0,1,2.0,0.1,0.3,0.0,0.2,0.6,0.1,0.1,0.1,0.1,0.4,0.0
5,14,1,16.0,0.0,0.6,1.2,2.4,3.0,0.3,3.7,3.0,0.6,1.2,0.0
5,27,1,2.5,0.0,0.2,0.3,0.3,0.4,0.0,0.5,0.4,0.1,0.3,0.0
5,32,1,4.0,0.1,0.4,0.0,0.0,1.4,0.0,0.4,0.9,0.7,0.1,0.0
5,38,1,5.0,0.1,0.3,0.1,0.5,1.2,0.0,1.4,0.9,0.1,0.4,0.0
5,45,1,3.0,0.1,0.2,0.1,0.3,0.7,0.0,0.8,0.5,0.1,0.2,0.0
5,47,1,7.0,0.2,0.3,0.5,0.7,1.7,0.3,0.7,1.5,0.3,0.8,0.0
5,48,1,5.0,0.1,0.2,0.4,0.5,1.2,0.2,0.5,1.1,0.2,0.6,0.0
5,49,1,3.0,0.1,0.2,0.2,0.3,0.7,0.1,0.3,0.6,0.1,0.4,0.0
5,57,1,3.0,0.1,0.1,0.1,0.5,0.7,0.0,0.3,0.8,0.2,0.2,0.0
5,62,1,2.0,0.0,0.1,0.1,0.3,0.5,0.0,0.2,0.5,0.2,0.1,0.0
5,65,1,1.0,0.0,0.0,0.0,0.2,0.2,0.0,0.1,0.3,0.1,0.1,0.0
5,69,1,2.0,0.0,0.1,0.2,0.0,0.4,0.0,0.6,0.4,0.0,0.3,0.0
5,89,1,2.0,0.0,0.1,0.2,0.1,0.4,0.0,0.4,0.5,0.1,0.2,0.0
5,92,1,5.5,0.0,0.4,0.1,0.3,1.3,0.2,1.1,1.2,0.2,0.7,0.0
5,93,1,4.0,0.0,0.3,0.1,0.3,0.9,0.1,0.8,0.8,0.2,0.5,0.0
5,94,1,7.0,0.0,0.5,0.1,0.4,1.6,0.2,1.5,1.5,0.3,0.9,0.0
5,96,1,2.0,0.0,0.3,0.2,0.1,0.3,0.0,0.3,0.5,0.0,0.3,0.0
5,97,1,1.0,0.0,0.1,0.1,0.1,0.1,0.0,0.1,0.3,0.0,0.2,0.0
5,98,0,39.0,4.0,5.0,2.0,8.0,7.0,1.0,1.0,6.0,2.0,3.0,0.0
5,99,1,2.0,0.0,0.3,0.2,0.1,0.3,0.0,0.3,0.5,0.0,0.3,0.0
5,106,1,1.0,0.0,0.0,0.1,0.0,0.2,0.0,0.3,0.4,0.0,0.0,0.0
6,15,1,1.0,0.0,0.0,0.1,0.2,0.2,0.0,0.2,0.2,0.0,0.1,0.0
6,25,1,2.0,0.0,0.0,0.2,0.1,0.4,0.0,0.5,0.4,0.0,0.4,0.0
6,26,1,3.0,0.0,0.2,0.4,0.3,0.5,0.0,0.6,0.5,0.1,0.4,0.0
6,28,1,1.0,0.0,0.1,0.1,0.1,0.2,0.0,0.2,0.2,0.0,0.1,0.0
6,47,1,2.0,0.1,0.1,0.1,0.2,0.5,0.1,0.2,0.4,0.1,0.2,0.0
6,49,1,1.0,0.0,0.1,0.1,0.1,0.2,0.0,0.1,0.2,0.1,0.1,0.0
6,76,1,1.0,0.1,0.1,0.0,0.2,0.1,0.0,0.1,0.2,0.1,0.1,0.0
6,79,1,4.0,0.3,0.4,0.1,0.9,0.3,0.1,0.5,0.9,0.2,0.3,0.0
6,83,1,1.0,0.1,0.1,0.0,0.2,0.1,0.0,0.1,0.2,0.1,0.1,0.0
6,84,1,7.0,0.5,0.7,0.3,1.6,0.5,0.2,0.8,1.6,0.3,0.5,0.0
6,85,1,2.0,0.1,0.2,0.1,0.5,0.1,0.0,0.2,0.5,0.1,0.2,0.0
6,88,1,1.0,0.0,0.1,0.1,0.1,0.2,0.0,0.2,0.2,0.0,0.1,0.0
6,89,1,6.0,0.1,0.4,0.7,0.3,1.1,0.1,1.2,1.3,0.3,0.5,0.0
6,90,1,7.0,0.2,0.5,0.8,0.3,1.2,0.2,1.4,1.5,0.3,0.6,0.0
6,91,1,4.0,0.0,0.3,0.1,0.3,0.9,0.1,0.8,0.8,0.2,0.5,0.0
6,93,1,6.0,0.0,0.4,0.1,0.4,1.4,0.2,1.2,1.3,0.2,0.8,0.0
6,94,1,6.0,0.0,0.4,0.1,0.4,1.4,0.2,1.2,1.3,0.2,0.8,0.0
6,95,1,2.0,0.0,0.1,0.0,0.1,0.5,0.1,0.4,0.4,0.1,0.3,0.0
6,96,1,4.0,0.0,0.5,0.4,0.2,0.5,0.0,0.6,1.1,0.1,0.6,0.0
6,97,0,59.5,0.0,1.5,2.0,5.0,7.0,0.0,11.0,22.0,1.0,10.0,0.0
6,98,0,44.0,1.0,3.0,1.0,4.0,9.0,0.0,8.0,10.0,2.0,6.0,0.0
6,99,1,16.0,0.0,2.2,1.7,0.9,2.2,0.0,2.2,4.4,0.2,2.2,0.0
6,100,1,4.0,0.0,0.5,0.4,0.2,0.5,0.0,0.6,1.1,0.1,0.6,0.0
6,103,1,6.0,0.0,0.4,0.1,0.7,1.1,0.1,1.0,1.6,0.4,0.6,0.0
6,106,1,2.0,0.0,0.1,0.1,0.0,0.4,0.0,0.6,0.8,0.0,0.0,0.0
7,1,1,1.0,0.0,0.0,0.2,0.1,0.2,0.0,0.2,0.1,0.1,0.1,0.0
7,2,1,3.0,0.1,0.1,0.5,0.2,0.7,0.0,0.6,0.4,0.3,0.1,0.0
7,4,1,4.0,0.1,0.1,0.6,0.3,0.9,0.0,0.8,0.5,0.5,0.2,0.0
7,15,1,4.0,0.0,0.1,0.3,0.6,0.8,0.1,0.9,0.8,0.1,0.3,0.0
7,16,1,1.0,0.0,0.0,0.1,0.0,0.2,0.0,0.3,0.2,0.0,0.2,0.0
7,22,1,4.0,0.0,0.0,0.4,0.1,0.8,0.0,1.0,0.9,0.0,0.8,0.0
7,27,1,1.5,0.0,0.2,0.0,0.0,0.5,0.0,0.1,0.3,0.3,0.1,0.0
7,31,1,2.0,0.1,0.3,0.1,0.2,0.3,0.0,0.2,0.5,0.1,0.2,0.0
7,32,1,5.0,0.3,0.7,0.3,0.4,0.8,0.1,0.5,1.2,0.3,0.4,0.0
7,48,1,2.0,0.1,0.1,0.1,0.2,0.5,0.1,0.2,0.4,0.1,0.2,0.0
7,64,1,2.0,0.0,0.1,0.1,0.3,0.5,0.0,0.2,0.5,0.2,0.1,0.0
7,76,1,2.0,0.1,0.2,0.1,0.5,0.1,0.0,0.2,0.5,0.1,0.2,0.0
7,86,1,1.0,0.0,0.1,0.0,0.1,0.1,0.0,0.2,0.3,0.0,0.2,0.0
7,87,1,1.0,0.0,0.1,0.0,0.1,0.1,0.0,0.2,0.3,0.0,0.2,0.0
7,89,1,1.0,0.0,0.1,0.0,0.1,0.1,0.0,0.2,0.3,0.0,0.2,0.0
7,90,1,3.0,0.0,0.3,0.1,0.2,0.4,0.0,0.6,0.9,0.0,0.5,0.0
7,91,1,7.0,0.3,0.7,0.1,0.8,0.9,0.0,1.1,2.3,0.4,0.4,0.0
7,92,0,35.0,2.0,1.0,0.0,7.0,2.0,1.0,1.0,8.0,1.0,12.0,0.0
7,93,0,17.0,0.0,1.0,0.0,1.0,1.0,0.0,3.0,6.0,0.0,5.0,0.0
7,94,0,25.0,0.0,2.0,2.0,3.0,6.0,1.0,4.0,5.0,1.0,1.0,0.0
7,95,0,26.0,3.0,0.0,0.0,6.0,4.0,1.0,1.0,5.0,1.0,5.0,0.0
7,96,0,33.0,0.0,2.0,1.0,2.0,6.0,0.0,3.0,8.0,1.0,10.0,0.0
7,97,0,24.0,0.0,1.0,0.0,3.0,2.0,0.0,7.0,4.0,0.0,7.0,0.0
7,98,1,1.0,0.0,0.0,0.0,0.1,0.1,0.0,0.3,0.3,0.0,0.2,0.0
7,99,1,3.0,0.1,0.1,0.0,0.4,0.2,0.0,0.8,0.9,0.0,0.5,0.0
7,100,1,9.0,0.3,0.3,0.0,1.2,0.6,0.0,2.3,2.9,0.0,1.4,0.0
7,101,1,9.0,0.0,0.6,0.2,1.0,1.7,0.1,1.6,2.4,0.6,0.8,0.0
7,103,1,4.0,0.0,0.2,0.1,0.5,0.7,0.0,0.7,1.1,0.3,0.4,0.0
7,106,1,2.0,0.1,0.1,0.1,0.1,0.4,0.0,0.5,0.5,0.0,0.2,0.0
7,114,1,2.0,0.0,0.1,0.1,0.0,0.4,0.0,0.6,0.8,0.0,0.0,0.0
8,11,1,2.0,0.0,0.1,0.1,0.3,0.4,0.0,0.5,0.4,0.1,0.1,0.0
8,18,1,2.0,0.0,0.0,0.2,0.1,0.4,0.0,0.5,0.4,0.0,0.4,0.0
8,22,1,2.0,0.0,0.0,0.2,0.1,0.4,0.0,0.5,0.4,0.0,0.4,0.0
8,27,1,6.0,0.2,0.6,0.0,0.0,2.1,0.0,0.6,1.3,1.0,0.2,0.0
8,31,1,2.0,0.1,0.3,0.1,0.2,0.3,0.0,0.2,0.5,0.1,0.2,0.0
8,32,1,7.0,0.4,1.0,0.5,0.6,1.1,0.2,0.7,1.6,0.4,0.5,0.0
8,52,1,4.0,0.1,0.2,0.3,0.4,0.9,0.2,0.4,0.8,0.2,0.5,0.0
8,66,1,2.0,0.0,0.1,0.2,0.0,0.4,0.0,0.6,0.4,0.0,0.3,0.0
8,69,1,4.0,0.0,0.1,0.3,0.0,0.8,0.1,1.2,0.9,0.1,0.5,0.0
8,84,1,8.0,0.6,0.8,0.3,1.8,0.6,0.2,0.9,1.8,0.4,0.6,0.0
8,85,1,3.5,0.2,0.3,0.1,0.8,0.3,0.1,0.4,0.8,0.2,0.3,0.0
8,89,1,1.0,0.0,0.1,0.0,0.1,0.1,0.0,0.2,0.3,0.0,0.2,0.0
8,90,1,6.0,0.0,0.5,0.2,0.4,0.9,0.0,1.3,1.8,0.0,0.9,0.0
8,91,1,5.0,0.2,0.5,0.1,0.6,0.6,0.0,0.8,1.6,0.3,0.3,0.0
8,92,1,11.5,0.5,1.2,0.1,1.4,1.5,0.0,1.9,3.7,0.6,0.6,0.0
8,93,0,26.0,1.0,0.5,0.0,9.0,4.0,1.0,1.0,3.0,4.5,2.0,0.0
8,94,1,3.0,0.1,0.3,0.0,0.3,0.4,0.0,0.5,1.0,0.2,0.2,0.0
8,95,1,13.0,0.6,1.3,0.1,1.6,1.7,0.0,2.1,4.2,0.7,0.7,0.0
8,99,1,3.0,0.1,0.1,0.0,0.4,0.2,0.0,0.8,0.9,0.0,0.5,0.0
8,100,1,7.0,0.2,0.2,0.0,0.9,0.5,0.0,1.8,2.3,0.0,1.1,0.0
8,101,1,9.0,0.0,0.6,0.2,1.0,1.7,0.1,1.6,2.4,0.6,0.8,0.0
8,102,1,4.0,0.0,0.2,0.1,0.5,0.7,0.0,0.7,1.1,0.3,0.4,0.0
8,106,1,5.0,0.2,0.1,0.3,0.4,0.9,0.0,1.4,1.1,0.0,0.6,0.0
8,107,1,2.0,0.1,0.1,0.1,0.1,0.4,0.0,0.5,0.5,0.0,0.2,0.0
8,108,1,2.0,0.1,0.1,0.1,0.1,0.4,0.0,0.5,0.5,0.0,0.2,0.0
8,110,1,2.0,0.1,0.1,0.1,0.1,0.4,0.0,0.5,0.5,0.0,0.2,0.0
9,2,1,2.0,0.1,0.1,0.3,0.1,0.5,0.0,0.4,0.2,0.2,0.1,0.0
9,13,1,3.0,0.0,0.1,0.2,0.4,0.6,0.1,0.7,0.6,0.1,0.2,0.0
9,27,1,5.5,0.2,0.6,0.0,0.0,1.9,0.0,0.5,1.2,0.9,0.2,0.0
9,30,1,3.0,0.1,0.3,0.0,0.0,1.0,0.0,0.3,0.7,0.5,0.1,0.0
9,31,0,21.0,0.0,0.0,1.0,2.0,8.0,0.0,3.0,5.0,0.0,2.0,0.0
9,32,1,14.0,0.7,1.9,0.9,1.3,2.2,0.4,1.4,3.3,0.8,1.1,0.0
9,33,1,1.0,0.0,0.1,0.1,0.1,0.2,0.0,0.1,0.2,0.1,0.1,0.0
9,43,1,2.0,0.0,0.1,0.0,0.2,0.5,0.0,0.6,0.4,0.0,0.2,0.0
9,62,1,2.0,0.0,0.1,0.1,0.3,0.5,0.0,0.2,0.5,0.2,0.1,0.0
9,89,1,4.0,0.0,0.4,0.1,0.2,0.6,0.0,0.9,1.2,0.0,0.6,0.0
9,91,1,5.0,0.2,0.5,0.1,0.6,0.6,0.0,0.8,1.6,0.3,0.3,0.0
9,92,1,11.0,0.5,1.1,0.1,1.3,1.4,0.0,1.8,3.6,0.6,0.6,0.0
9,94,1,2.0,0.1,0.2,0.0,0.2,0.3,0.0,0.3,0.7,0.1,0.1,0.0
9,95,1,10.0,0.4,1.0,0.1,1.2,1.3,0.0,1.6,3.3,0.5,0.6,0.0
9,96,1,1.0,0.0,0.0,0.0,0.1,0.1,0.0,0.3,0.3,0.0,0.2,0.0
9,100,1,1.0,0.0,0.0,0.0,0.1,0.1,0.0,0.3,0.3,0.0,0.2,0.0
9,101,1,6.0,0.0,0.4,0.1,0.7,1.1,0.1,1.0,1.6,0.4,0.6,0.0
9,103,1,7.0,0.0,0.4,0.2,0.8,1.3,0.1,1.2,1.9,0.5,0.6,0.0
9,104,1,2.0,0.0,0.1,0.1,0.2,0.4,0.0,0.4,0.5,0.1,0.2,0.0
9,105,1,1.0,0.0,0.0,0.0,0.1,0.2,0.0,0.2,0.3,0.1,0.1,0.0
9,106,1,6.0,0.2,0.2,0.4,0.4,1.1,0.0,1.6,1.4,0.0,0.7,0.0
9,107,1,10.0,0.4,0.3,0.6,0.7,1.9,0.0,2.7,2.3,0.0,1.1,0.0
9,108,1,5.0,0.2,0.1,0.3,0.4,0.9,0.0,1.4,1.1,0.0,0.6,0.0
9,112,1,2.0,0.0,0.1,0.1,0.0,0.4,0.0,0.6,0.8,0.0,0.0,0.0
10,1,1,2.0,0.1,0.1,0.3,0.1,0.5,0.0,0.4,0.2,0.2,0.1,0.0
10,2,1,3.0,0.1,0.1,0.5,0.2,0.7,0.0,0.6,0.4,0.3,0.1,0.0
10,3,1,3.0,0.1,0.1,0.5,0.2,0.7,0.0,0.6,0.4,0.3,0.1,0.0
10,4,1,4.0,0.1,0.1,0.6,0.3,0.9,0.0,0.8,0.5,0.5,0.2,0.0
10,31,1,15.0,0.8,2.0,1.0,1.4,2.3,0.4,1.5,3.5,0.9,1.2,0.0
10,32,1,11.5,0.6,1.6,0.7,1.0,1.8,0.3,1.2,2.7,0.7,0.9,0.0
10,33,1,6.0,0.3,0.8,0.4,0.5,0.9,0.2,0.6,1.4,0.4,0.5,0.0
10,35,1,5.0,0.3,0.7,0.3,0.4,0.8,0.1,0.5,1.2,0.3,0.4,0.0
10,39,1,3.0,0.0,0.0,0.1,0.1,0.4,0.0,0.6,1.4,0.0,0.4,0.0
10,40,1,6.0,0.0,0.0,0.2,0.2,0.8,0.0,1.3,2.7,0.0,0.8,0.0
10,42,1,2.0,0.0,0.1,0.0,0.2,0.5,0.0,0.6,0.4,0.0,0.2,0.0
10,43,1,1.0,0.0,0.1,0.0,0.1,0.2,0.0,0.3,0.2,0.0,0.1,0.0
10,44,1,3.0,0.1,0.2,0.1,0.3,0.7,0.0,0.8,0.5,0.1,0.2,0.0
10,47,1,4.0,0.1,0.2,0.3,0.4,0.9,0.2,0.4,0.8,0.2,0.5,0.0
10,48,1,3.0,0.1,0.2,0.2,0.3,0.7,0.1,0.3,0.6,0.1,0.4,0.0
10,61,1,2.0,0.0,0.1,0.1,0.3,0.5,0.0,0.2,0.5,0.2,0.1,0.0
10,64,1,3.0,0.1,0.1,0.1,0.5,0.7,0.0,0.3,0.8,0.2,0.2,0.0
10,65,1,2.0,0.0,0.1,0.1,0.3,0.5,0.0,0.2,0.5,0.2,0.1,0.0
10,68,1,2.0,0.0,0.1,0.2,0.0,0.4,0.0,0.6,0.4,0.0,0.3,0.0
10,72,1,1.0,0.0,0.0,0.1,0.0,0.2,0.0,0.3,0.2,0.0,0.2,0.0
10,73,1,1.0,0.0,0.0,0.1,0.0,0.2,0.0,0.3,0.2,0.0,0.2,0.0
10,89,1,5.0,0.0,0.4,0.1,0.3,0.8,0.0,1.1,1.5,0.0,0.8,0.0
10,90,1,9.0,0.0,0.8,0.3,0.5,1.4,0.0,1.9,2.7,0.0,1.4,0.0
10,92,1,13.0,0.6,1.3,0.1,1.6,1.7,0.0,2.1,4.2,0.7,0.7,0.0
10,95,1,2.0,0.1,0.2,0.0,0.2,0.3,0.0,0.3,0.7,0.1,0.1,0.0
10,96,1,1.0,0.0,0.0,0.0,0.1,0.1,0.0,0.3,0.3,0.0,0.2,0.0
10,97,1,2.0,0.1,0.1,0.0,0.3,0.1,0.0,0.5,0.6,0.0,0.3,0.0
10,101,1,4.0,0.0,0.2,0.1,0.5,0.7,0.0,0.7,1.1,0.3,0.4,0.0
10,103,1,3.0,0.0,0.2,0.1,0.3,0.6,0.0,0.5,0.8,0.2,0.3,0.0
10,104,1,5.0,0.0,0.3,0.1,0.6,0.9,0.1,0.9,1.3,0.3,0.5,0.0
10,105,1,8.5,0.0,0.5,0.2,1.0,1.6,0.1,1.5,2.2,0.6,0.8,0.0
10,106,1,3.0,0.1,0.1,0.2,0.2,0.6,0.0,0.8,0.7,0.0,0.3,0.0
10,107,1,7.0,0.3,0.2,0.4,0.5,1.3,0.0,1.9,1.6,0.0,0.8,0.0
10,108,1,3.0,0.1,0.1,0.2,0.2,0.6,0.0,0.8,0.7,0.0,0.3,0.0
10,118,1,2.0,0.0,0.3,0.1,0.3,0.5,0.0,0.4,0.2,0.1,0.1,0.0
11,1,1,4.0,0.1,0.1,0.6,0.3,0.9,0.0,0.8,0.5,0.5,0.2,0.0
11,22,1,5.0,0.0,0.1,0.5,0.1,0.9,0.1,1.2,1.1,0.0,1.0,0.0
11,31,1,3.5,0.2,0.5,0.2,0.3,0.5,0.1,0.4,0.8,0.2,0.3,0.0
11,32,1,3.0,0.1,0.4,0.2,0.3,0.5,0.1,0.3,0.7,0.2,0.2,0.0
11,34,1,2.0,0.1,0.3,0.1,0.2,0.3,0.0,0.2,0.5,0.1,0.2,0.0
11,36,1,3.0,0.0,0.0,0.1,0.1,0.4,0.0,0.6,1.4,0.0,0.4,0.0
11,37,1,4.0,0.0,0.0,0.1,0.1,0.6,0.0,0.8,1.8,0.0,0.6,0.0
11,38,1,6.0,0.0,0.0,0.2,0.2,0.8,0.0,1.3,2.7,0.0,0.8,0.0
11,39,1,5.0,0.0,0.0,0.2,0.2,0.7,0.0,1.0,2.2,0.0,0.7,0.0
11,40,1,2.0,0.0,0.0,0.0,0.1,0.3,0.0,0.4,0.9,0.0,0.3,0.0
11,44,1,1.0,0.0,0.1,0.0,0.1,0.2,0.0,0.3,0.2,0.0,0.1,0.0
11,64,1,1.0,0.0,0.0,0.0,0.2,0.2,0.0,0.1,0.3,0.1,0.1,0.0
11,66,1,2.0,0.0,0.1,0.2,0.0,0.4,0.0,0.6,0.4,0.0,0.3,0.0
11,73,1,7.0,0.0,0.2,0.6,0.0,1.3,0.2,2.1,1.5,0.2,0.9,0.0
11,85,1,1.0,0.1,0.1,0.0,0.2,0.1,0.0,0.1,0.2,0.1,0.1,0.0
11,87,1,2.0,0.0,0.2,0.1,0.1,0.3,0.0,0.4,0.6,0.0,0.3,0.0
11,92,1,5.0,0.2,0.5,0.1,0.6,0.6,0.0,0.8,1.6,0.3,0.3,0.0
11,95,1,5.0,0.2,0.5,0.1,0.6,0.6,0.0,0.8,1.6,0.3,0.3,0.0
11,100,1,3.0,0.1,0.1,0.0,0.4,0.2,0.0,0.8,0.9,0.0,0.5,0.0
11,101,1,5.0,0.0,0.3,0.1,0.6,0.9,0.1,0.9,1.3,0.3,0.5,0.0
11,104,1,3.0,0.0,0.2,0.1,0.3,0.6,0.0,0.5,0.8,0.2,0.3,0.0
11,105,1,6.0,0.0,0.4,0.1,0.7,1.1,0.1,1.0,1.6,0.4,0.6,0.0
11,108,1,13.5,0.5,0.4,0.8,1.0,2.5,0.0,3.7,3.1,0.0,1.5,0.0
11,109,1,9.0,0.3,0.3,0.5,0.6,1.7,0.0,2.5,2.1,0.0,1.0,0.0
12,2,1,3.0,0.3,0.4,0.0,0.3,0.5,0.0,0.3,1.0,0.1,0.1,0.0
12,4,1,18.0,1.9,2.3,0.0,1.9,2.7,0.0,1.5,6.1,0.8,0.8,0.0
12,5,1,9.0,0.9,1.1,0.0,1.0,1.3,0.0,0.8,3.1,0.4,0.4,0.0
12,10,1,2.0,0.0,0.1,0.2,0.1,0.3,0.0,0.5,0.5,0.0,0.3,0.0
12,30,1,3.0,0.1,0.1,0.1,0.4,0.4,0.0,0.5,1.0,0.1,0.3,0.0
12,35,1,1.0,0.0,0.1,0.0,0.1,0.2,0.0,0.2,0.2,0.0,0.2,0.0
12,36,1,7.0,0.4,0.5,1.2,0.5,2.1,0.0,0.9,1.4,0.0,0.0,0.0
12,39,1,2.0,0.1,0.1,0.3,0.2,0.6,0.0,0.3,0.4,0.0,0.0,0.0
12,40,1,6.0,0.4,0.4,1.0,0.4,1.8,0.0,0.8,1.2,0.0,0.0,0.0
12,57,1,2.0,0.0,0.1,0.1,0.2,0.2,0.2,0.4,0.5,0.2,0.1,0.0
12,59,1,2.0,0.0,0.1,0.1,0.2,0.2,0.2,0.4,0.5,0.2,0.1,0.0
12,70,1,1.0,0.0,0.1,0.1,0.1,0.2,0.0,0.2,0.2,0.1,0.0,0.0
12,72,1,5.0,0.1,0.2,0.0,0.7,0.7,0.0,0.7,1.4,0.6,0.6,0.0
12,77,1,2.0,0.1,0.1,0.1,0.2,0.4,0.0,0.4,0.5,0.1,0.1,0.0
12,81,1,4.0,0.1,0.2,0.3,0.4,0.7,0.0,0.9,1.1,0.1,0.2,0.0
12,83,1,3.0,0.1,0.1,0.2,0.3,0.5,0.0,0.7,0.8,0.1,0.2,0.0
12,84,1,2.0,0.1,0.1,0.1,0.2,0.4,0.0,0.4,0.5,0.1,0.1,0.0
12,85,1,3.0,0.1,0.1,0.2,0.3,0.5,0.0,0.7,0.8,0.1,0.2,0.0
12,87,1,2.0,0.0,0.3,0.3,0.2,0.5,0.0,0.3,0.1,0.2,0.1,0.0
12,88,1,4.0,0.1,0.5,0.6,0.3,1.1,0.0,0.6,0.2,0.3,0.3,0.0
12,89,1,1.0,0.0,0.1,0.1,0.1,0.3,0.0,0.2,0.0,0.1,0.1,0.0
12,95,1,4.0,0.1,0.5,0.6,0.3,1.1,0.0,0.6,0.2,0.3,0.3,0.0
12,96,1,2.0,0.0,0.1,0.1,0.5,0.3,0.1,0.3,0.1,0.1,0.4,0.0
12,98,1,4.0,0.0,0.3,0.3,0.9,0.7,0.1,0.7,0.1,0.1,0.8,0.0
12,100,1,8.0,0.0,0.5,0.5,1.9,1.3,0.3,1.3,0.3,0.3,1.6,0.0
12,105,1,10.0,0.3,1.6,0.3,0.8,2.2,0.3,2.4,0.8,0.8,0.5,0.0
12,107,1,3.0,0.0,0.4,0.1,0.5,0.3,0.1,0.7,0.6,0.1,0.2,0.0
12,108,1,3.0,0.0,0.4,0.1,0.5,0.3,0.1,0.7,0.6,0.1,0.2,0.0
12,109,1,1.0,0.0,0.1,0.0,0.2,0.1,0.0,0.3,0.2,0.0,0.1,0.0
12,110,1,3.0,0.0,0.4,0.1,0.5,0.3,0.1,0.7,0.6,0.1,0.2,0.0
13,0,1,2.0,0.0,0.0,0.1,0.1,0.4,0.0,0.3,0.8,0.0,0.3,0.0
13,4,1,2.0,0.2,0.2,0.0,0.2,0.3,0.0,0.2,0.7,0.1,0.1,0.0
13,7,1,7.0,0.0,0.4,0.8,0.4,1.0,0.0,1.6,1.8,0.0,1.0,0.0
13,8,1,3.0,0.0,0.2,0.3,0.2,0.4,0.0,0.7,0.8,0.0,0.4,0.0
13,13,1,2.0,0.0,0.1,0.2,0.1,0.3,0.0,0.5,0.5,0.0,0.3,0.0
13,21,1,10.0,0.2,0.4,1.0,1.0,2.1,0.2,1.7,1.8,0.0,1.6,0.0
13,28,1,2.0,0.1,0.1,0.0,0.3,0.3,0.0,0.3,0.6,0.1,0.2,0.0
13,31,1,1.0,0.0,0.1,0.0,0.1,0.2,0.0,0.2,0.2,0.0,0.2,0.0
13,32,1,10.0,0.0,0.7,0.4,0.8,1.6,0.2,1.6,2.6,0.1,2.0,0.0
13,33,1,6.0,0.0,0.4,0.2,0.5,1.0,0.1,1.0,1.5,0.1,1.2,0.0
13,34,0,36.0,2.0,2.0,3.0,8.0,7.0,0.0,9.0,0.0,1.0,4.0,0.0
13,35,1,10.0,0.0,0.7,0.4,0.8,1.6,0.2,1.6,2.6,0.1,2.0,0.0
13,38,1,3.0,0.2,0.2,0.5,0.2,0.9,0.0,0.4,0.6,0.0,0.0,0.0
13,39,0,38.5,1.0,8.0,1.0,7.0,10.0,1.0,3.0,3.0,1.5,3.0,0.0
13,44,1,23.0,0.0,2.4,0.5,0.5,4.9,0.0,5.4,5.4,1.9,2.0,0.0
13,45,1,3.0,0.0,0.3,0.1,0.1,0.6,0.0,0.7,0.7,0.2,0.3,0.0
13,65,1,1.0,0.0,0.0,0.1,0.1,0.1,0.1,0.2,0.2,0.1,0.1,0.0
13,70,1,2.0,0.1,0.1,0.2,0.1,0.5,0.0,0.5,0.4,0.1,0.0,0.0
13,71,1,3.0,0.1,0.1,0.0,0.4,0.4,0.0,0.5,0.8,0.3,0.4,0.0
13,72,1,5.0,0.1,0.2,0.0,0.7,0.7,0.0,0.7,1.4,0.6,0.6,0.0
13,74,1,8.0,0.2,0.3,0.0,1.1,1.2,0.0,1.2,2.1,0.9,1.0,0.0
13,75,1,4.0,0.1,0.1,0.0,0.6,0.6,0.0,0.6,1.1,0.4,0.5,0.0
13,77,1,2.0,0.1,0.1,0.1,0.2,0.4,0.0,0.4,0.5,0.1,0.1,0.0
13,83,1,2.0,0.1,0.1,0.1,0.2,0.4,0.0,0.4,0.5,0.1,0.1,0.0
13,84,1,3.0,0.1,0.1,0.2,0.3,0.5,0.0,0.7,0.8,0.1,0.2,0.0
13,86,1,6.0,0.1,0.8,0.9,0.5,1.6,0.0,0.9,0.3,0.5,0.4,0.0
13,90,1,6.0,0.1,0.8,0.9,0.5,1.6,0.0,0.9,0.3,0.5,0.4,0.0
13,94,1,5.0,0.1,0.7,0.7,0.4,1.4,0.0,0.8,0.2,0.4,0.3,0.0
13,96,1,8.0,0.0,0.5,0.5,1.9,1.3,0.3,1.3,0.3,0.3,1.6,0.0
13,100,1,1.0,0.0,0.1,0.1,0.2,0.2,0.0,0.2,0.0,0.0,0.2,0.0
13,105,1,12.0,0.3,1.9,0.3,1.0,2.6,0.3,2.9,1.0,1.0,0.7,0.0
13,108,1,11.0,0.2,1.4,0.2,1.8,1.2,0.2,2.7,2.3,0.4,0.6,0.0
13,111,1,5.0,0.2,0.3,0.0,0.9,0.6,0.3,0.3,1.6,0.4,0.4,0.0
13,117,1,2.0,0.0,0.3,0.2,0.1,0.5,0.1,0.2,0.3,0.1,0.2,0.0
14,5,1,1.0,0.1,0.1,0.0,0.1,0.2,0.0,0.1,0.3,0.0,0.1,0.0
14,9,1,3.0,0.0,0.2,0.3,0.2,0.4,0.0,0.7,0.8,0.0,0.4,0.0
14,12,1,1.0,0.0,0.1,0.1,0.1,0.1,0.0,0.2,0.3,0.0,0.1,0.0
14,26,1,1.0,0.1,0.0,0.0,0.1,0.1,0.0,0.2,0.3,0.1,0.1,0.0
14,27,1,6.0,0.3,0.2,0.1,0.8,0.8,0.1,1.0,1.9,0.3,0.5,0.0
14,31,1,1.0,0.0,0.1,0.0,0.1,0.2,0.0,0.2,0.2,0.0,0.2,0.0
14,32,1,15.5,0.0,1.0,0.6,1.3,2.5,0.4,2.5,4.0,0.2,3.0,0.0
14,33,0,29.0,1.0,0.0,1.0,5.0,1.0,0.0,6.0,9.0,2.0,4.0,0.0
14,34,0,18.0,0.0,0.0,1.0,2.0,4.0,0.0,3.0,7.0,0.0,1.0,0.0
14,38,1,3.0,0.2,0.2,0.5,0.2,0.9,0.0,0.4,0.6,0.0,0.0,0.0
14,39,1,9.0,0.6,0.6,1.5,0.6,2.7,0.0,1.2,1.8,0.0,0.0,0.0
14,43,1,5.0,0.0,0.5,0.1,0.1,1.1,0.0,1.2,1.2,0.4,0.4,0.0
14,44,1,4.0,0.0,0.4,0.1,0.1,0.9,0.0,0.9,0.9,0.3,0.4,0.0
14,45,1,3.0,0.0,0.3,0.1,0.1,0.6,0.0,0.7,0.7,0.2,0.3,0.0
14,51,1,3.0,0.0,0.1,0.0,0.3,0.7,0.0,0.3,0.9,0.3,0.4,0.0
14,52,1,1.0,0.0,0.1,0.0,0.1,0.2,0.0,0.1,0.3,0.1,0.1,0.0
14,72,1,2.0,0.1,0.1,0.0,0.3,0.3,0.0,0.3,0.5,0.2,0.2,0.0
14,74,1,13.0,0.3,0.5,0.0,1.9,1.9,0.0,1.9,3.5,1.4,1.6,0.0
14,77,1,2.0,0.1,0.1,0.1,0.2,0.4,0.0,0.4,0.5,0.1,0.1,0.0
14,79,1,1.0,0.0,0.0,0.1,0.1,0.2,0.0,0.2,0.3,0.0,0.1,0.0
14,82,1,3.0,0.1,0.1,0.2,0.3,0.5,0.0,0.7,0.8,0.1,0.2,0.0
14,83,1,4.5,0.2,0.2,0.3,0.4,0.8,0.0,1.0,1.2,0.2,0.2,0.0
14,94,1,4.0,0.1,0.5,0.6,0.3,1.1,0.0,0.6,0.2,0.3,0.3,0.0
14,96,1,1.0,0.0,0.1,0.1,0.2,0.2,0.0,0.2,0.0,0.0,0.2,0.0
14,97,1,4.0,0.0,0.3,0.3,0.9,0.7,0.1,0.7,0.1,0.1,0.8,0.0
14,101,1,2.0,0.0,0.3,0.1,0.2,0.4,0.0,0.5,0.2,0.2,0.1,0.0
14,106,1,10.0,0.2,1.3,0.2,1.7,1.1,0.2,2.4,2.0,0.4,0.5,0.0
14,108,1,4.0,0.1,0.5,0.1,0.7,0.4,0.1,1.0,0.8,0.1,0.2,0.0
14,109,1,8.0,0.2,1.0,0.2,1.3,0.9,0.2,1.9,1.6,0.3,0.4,0.0
14,116,1,1.0,0.0,0.2,0.1,0.0,0.2,0.0,0.1,0.2,0.1,0.1,0.0
15,4,1,5.0,0.5,0.7,0.0,0.5,0.8,0.0,0.4,1.7,0.2,0.2,0.0
15,33,1,12.0,0.0,0.8,0.4,1.0,1.9,0.3,1.9,3.1,0.2,2.4,0.0
15,34,1,2.0,0.0,0.1,0.1,0.2,0.3,0.1,0.3,0.5,0.0,0.4,0.0
15,43,1,3.0,0.0,0.3,0.1,0.1,0.6,0.0,0.7,0.7,0.2,0.3,0.0
15,44,1,1.0,0.0,0.1,0.0,0.0,0.2,0.0,0.2,0.3,0.1,0.1,0.0
15,45,1,5.0,0.0,0.5,0.1,0.1,1.1,0.0,1.2,1.2,0.4,0.4,0.0
15,53,1,2.0,0.0,0.1,0.0,0.2,0.4,0.0,0.2,0.6,0.2,0.3,0.0
15,55,1,3.0,0.0,0.1,0.0,0.3,0.7,0.0,0.3,0.9,0.3,0.4,0.0
15,57,1,6.0,0.0,0.3,0.3,0.6,0.6,0.5,1.4,1.4,0.6,0.3,0.0
15,77,1,2.0,0.1,0.1,0.1,0.2,0.4,0.0,0.4,0.5,0.1,0.1,0.0
15,79,1,3.0,0.1,0.1,0.2,0.3,0.5,0.0,0.7,0.8,0.1,0.2,0.0
15,80,1,2.0,0.1,0.1,0.1,0.2,0.4,0.0,0.4,0.5,0.1,0.1,0.0
15,95,1,3.0,0.1,0.4,0.4,0.3,0.8,0.0,0.4,0.1,0.3,0.2,0.0
15,97,1,2.0,0.0,0.1,0.1,0.5,0.3,0.1,0.3,0.1,0.1,0.4,0.0
15,101,1,1.0,0.0,0.2,0.0,0.1,0.2,0.0,0.2,0.1,0.1,0.1,0.0
15,106,1,9.0,0.2,1.1,0.2,1.5,1.0,0.2,2.2,1.8,0.3,0.5,0.0
15,108,1,2.0,0.0,0.3,0.1,0.3,0.2,0.0,0.5,0.4,0.1,0.1,0.0
15,111,1,3.0,0.2,0.2,0.0,0.5,0.4,0.2,0.2,0.9,0.2,0.2,0.0
15,116,1,1.0,0.0,0.2,0.1,0.0,0.2,0.0,0.1,0.2,0.1,0.1,0.0
15,127,1,5.0,0.0,0.1,0.1,0.8,0.3,0.3,1.1,1.5,0.6,0.2,0.0
16,4,1,9.0,0.9,1.1,0.0,1.0,1.3,0.0,0.8,3.1,0.4,0.4,0.0
16,31,1,2.0,0.0,0.1,0.1,0.2,0.3,0.1,0.3,0.5,0.0,0.4,0.0
16,33,1,6.0,0.0,0.4,0.2,0.5,1.0,0.1,1.0,1.5,0.1,1.2,0.0
16,34,1,15.0,0.0,1.0,0.5,1.3,2.4,0.4,2.4,3.9,0.2,2.9,0.0
16,53,1,1.0,0.0,0.1,0.0,0.1,0.2,0.0,0.1,0.3,0.1,0.1,0.0
16,55,1,3.0,0.0,0.1,0.0,0.3,0.7,0.0,0.3,0.9,0.3,0.4,0.0
16,57,1,1.0,0.0,0.0,0.1,0.1,0.1,0.1,0.2,0.2,0.1,0.1,0.0
16,59,1,1.0,0.0,0.0,0.1,0.1,0.1,0.1,0.2,0.2,0.1,0.1,0.0
16,75,1,1.0,0.0,0.0,0.0,0.1,0.2,0.0,0.2,0.3,0.1,0.1,0.0
16,78,1,6.0,0.2,0.3,0.4,0.6,1.1,0.0,1.3,1.6,0.2,0.3,0.0
16,80,1,1.0,0.0,0.0,0.1,0.1,0.2,0.0,0.2,0.3,0.0,0.1,0.0
16,87,1,4.0,0.1,0.5,0.6,0.3,1.1,0.0,0.6,0.2,0.3,0.3,0.0
16,117,1,2.0,0.0,0.3,0.2,0.1,0.5,0.1,0.2,0.3,0.1,0.2,0.0
17,3,1,1.0,0.0,0.0,0.1,0.1,0.1,0.0,0.1,0.3,0.0,0.3,0.0
17,13,1,2.0,0.0,0.1,0.2,0.1,0.3,0.0,0.5,0.5,0.0,0.3,0.0
17,27,1,1.0,0.1,0.0,0.0,0.1,0.1,0.0,0.2,0.3,0.1,0.1,0.0
17,28,1,3.0,0.1,0.1,0.1,0.4,0.4,0.0,0.5,1.0,0.1,0.3,0.0
17,30,1,3.0,0.1,0.1,0.1,0.4,0.4,0.0,0.5,1.0,0.1,0.3,0.0
17,31,1,3.0,0.0,0.1,0.1,0.3,0.6,0.0,0.3,1.2,0.1,0.3,0.0
17,32,1,7.0,0.1,0.3,0.4,0.6,1.4,0.0,0.6,2.7,0.3,0.6,0.0
17,33,1,11.0,0.2,0.5,0.6,0.9,2.1,0.0,1.0,4.3,0.4,1.0,0.0
17,34,1,16.5,0.3,0.7,0.9,1.4,3.2,0.0,1.5,6.4,0.6,1.5,0.0
17,43,1,8.5,0.4,0.4,0.6,1.6,1.4,0.1,1.8,1.4,0.1,0.6,0.1
17,53,1,3.0,0.0,0.1,0.0,0.3,0.7,0.0,0.3,0.9,0.3,0.4,0.0
17,54,1,5.0,0.0,0.2,0.0,0.5,1.1,0.0,0.5,1.6,0.4,0.7,0.0
17,58,1,1.0,0.0,0.0,0.1,0.1,0.1,0.1,0.2,0.2,0.1,0.1,0.0
17,79,1,4.0,0.1,0.2,0.3,0.4,0.7,0.0,0.9,1.1,0.1,0.2,0.0
17,81,1,4.0,0.1,0.2,0.3,0.4,0.7,0.0,0.9,1.1,0.1,0.2,0.0
17,88,1,13.0,0.0,0.3,0.7,0.4,3.5,0.0,2.8,4.6,0.3,0.4,0.0
17,89,1,7.0,0.0,0.2,0.4,0.2,1.9,0.0,1.5,2.4,0.2,0.2,0.0
17,113,1,2.0,0.1,0.1,0.0,0.4,0.3,0.1,0.1,0.6,0.1,0.2,0.0
17,114,1,1.0,0.0,0.1,0.0,0.2,0.1,0.0,0.1,0.3,0.1,0.1,0.0
17,115,1,3.0,0.2,0.2,0.0,0.5,0.4,0.2,0.2,0.9,0.2,0.2,0.0
17,116,1,3.0,0.1,0.4,0.3,0.1,0.7,0.1,0.3,0.5,0.2,0.3,0.0
17,120,1,5.0,0.1,0.8,0.4,0.2,1.2,0.2,0.5,0.8,0.3,0.5,0.0
17,123,1,8.0,0.2,1.2,0.7,0.3,1.9,0.3,0.8,1.2,0.5,0.9,0.0
18,1,1,4.0,0.1,0.0,0.5,0.2,0.5,0.2,0.3,1.1,0.0,1.1,0.0
18,12,1,3.0,0.0,0.2,0.3,0.2,0.4,0.0,0.7,0.8,0.0,0.4,0.0
18,13,1,1.0,0.0,0.1,0.1,0.1,0.1,0.0,0.2,0.3,0.0,0.1,0.0
18,26,1,2.0,0.1,0.1,0.0,0.3,0.3,0.0,0.3,0.6,0.1,0.2,0.0
18,31,1,2.0,0.0,0.1,0.1,0.2,0.4,0.0,0.2,0.8,0.0,0.2,0.0
18,34,1,4.0,0.1,0.2,0.2,0.3,0.8,0.0,0.3,1.6,0.1,0.4,0.0
18,35,1,1.0,0.0,0.0,0.1,0.1,0.2,0.0,0.1,0.4,0.0,0.1,0.0
18,43,1,6.0,0.3,0.3,0.4,1.1,1.0,0.1,1.3,1.0,0.0,0.4,0.1
18,51,1,1.0,0.0,0.1,0.0,0.1,0.2,0.0,0.1,0.3,0.1,0.1,0.0
18,56,1,1.0,0.0,0.0,0.1,0.1,0.1,0.1,0.2,0.2,0.1,0.1,0.0
18,71,1,4.0,0.1,0.3,0.4,0.3,0.9,0.0,1.0,0.7,0.3,0.0,0.0
18,75,1,1.0,0.0,0.1,0.1,0.1,0.2,0.0,0.2,0.2,0.1,0.0,0.0
18,79,1,4.0,0.1,0.2,0.3,0.4,0.7,0.0,0.9,1.1,0.1,0.2,0.0
18,80,1,3.0,0.1,0.1,0.2,0.3,0.5,0.0,0.7,0.8,0.1,0.2,0.0
18,87,1,1.0,0.0,0.0,0.1,0.0,0.3,0.0,0.2,0.4,0.0,0.0,0.0
18,88,1,10.0,0.0,0.3,0.5,0.3,2.7,0.0,2.1,3.5,0.3,0.3,0.0
18,89,1,5.0,0.0,0.1,0.3,0.1,1.4,0.0,1.1,1.8,0.1,0.1,0.0
18,90,1,1.0,0.0,0.0,0.1,0.0,0.3,0.0,0.2,0.4,0.0,0.0,0.0
18,93,1,1.0,0.0,0.1,0.1,0.1,0.3,0.0,0.2,0.0,0.1,0.1,0.0
18,103,1,5.0,0.1,0.8,0.2,0.4,1.1,0.1,1.2,0.4,0.4,0.3,0.0
18,104,1,2.0,0.0,0.3,0.1,0.2,0.4,0.0,0.5,0.2,0.2,0.1,0.0
18,113,1,8.0,0.4,0.4,0.0,1.5,1.1,0.4,0.4,2.5,0.6,0.7,0.0
18,115,1,8.0,0.4,0.4,0.0,1.5,1.1,0.4,0.4,2.5,0.6,0.7,0.0
18,117,1,1.0,0.0,0.2,0.1,0.0,0.2,0.0,0.1,0.2,0.1,0.1,0.0
19,0,1,1.0,0.0,0.0,0.1,0.1,0.2,0.0,0.1,0.2,0.1,0.2,0.0
19,1,1,4.0,0.1,0.0,0.5,0.2,0.5,0.2,0.3,1.1,0.0,1.1,0.0
19,5,1,2.0,0.1,0.0,0.2,0.1,0.2,0.1,0.1,0.6,0.0,0.6,0.0
19,9,1,7.0,0.0,0.4,0.8,0.4,1.0,0.0,1.6,1.8,0.0,1.0,0.0
19,13,1,2.0,0.0,0.1,0.2,0.1,0.3,0.0,0.5,0.5,0.0,0.3,0.0
19,25,1,4.0,0.1,0.1,0.4,0.4,0.9,0.1,0.7,0.7,0.0,0.6,0.0
19,26,1,6.0,0.3,0.2,0.1,0.8,0.8,0.1,1.0,1.9,0.3,0.5,0.0
19,27,1,4.5,0.2,0.2,0.1,0.6,0.6,0.1,0.7,1.4,0.2,0.4,0.0
19,28,1,2.0,0.1,0.1,0.0,0.3,0.3,0.0,0.3,0.6,0.1,0.2,0.0
19,34,1,2.0,0.0,0.1,0.1,0.2,0.4,0.0,0.2,0.8,0.0,0.2,0.0
19,35,1,2.0,0.0,0.1,0.1,0.2,0.4,0.0,0.2,0.8,0.0,0.2,0.0
19,36,1,8.0,0.4,0.4,0.5,1.5,1.3,0.1,1.7,1.3,0.1,0.5,0.2
19,37,1,2.0,0.1,0.1,0.1,0.4,0.3,0.1,0.4,0.3,0.0,0.1,0.1
19,42,1,6.0,0.3,0.3,0.4,1.1,1.0,0.1,1.3,1.0,0.0,0.4,0.1
19,67,1,4.0,0.1,0.3,0.4,0.3,0.9,0.0,1.0,0.7,0.3,0.0,0.0
19,81,1,2.0,0.1,0.1,0.1,0.2,0.4,0.0,0.4,0.5,0.1,0.1,0.0
19,112,1,1.0,0.0,0.1,0.0,0.2,0.1,0.0,0.1,0.3,0.1,0.1,0.0
19,114,1,7.0,0.4,0.4,0.0,1.3,0.9,0.4,0.4,2.2,0.5,0.5,0.0
19,117,1,6.0,0.1,0.9,0.5,0.3,1.4,0.3,0.6,0.9,0.4,0.6,0.0
20,4,1,4.0,0.1,0.0,0.5,0.2,0.5,0.2,0.3,1.1,0.0,1.1,0.0
20,25,1,2.0,0.0,0.1,0.2,0.2,0.4,0.0,0.4,0.4,0.0,0.3,0.0
20,28,1,1.5,0.1,0.1,0.0,0.2,0.2,0.0,0.2,0.5,0.1,0.1,0.0
20,29,1,9.0,0.4,0.3,0.2,1.2,1.2,0.1,1.5,2.9,0.4,0.8,0.0
20,35,1,6.0,0.1,0.3,0.3,0.5,1.2,0.0,0.5,2.4,0.2,0.5,0.0
20,36,1,3.0,0.1,0.2,0.2,0.5,0.5,0.1,0.6,0.5,0.0,0.2,0.1
20,42,1,4.0,0.2,0.2,0.3,0.7,0.6,0.1,0.8,0.7,0.0,0.3,0.1
20,67,1,2.0,0.1,0.1,0.2,0.1,0.5,0.0,0.5,0.4,0.1,0.0,0.0
20,69,1,3.0,0.1,0.2,0.3,0.2,0.7,0.0,0.8,0.5,0.2,0.0,0.0
20,70,1,2.0,0.1,0.1,0.2,0.1,0.5,0.0,0.5,0.4,0.1,0.0,0.0
21,0,1,1.0,0.0,0.0,0.1,0.1,0.2,0.0,0.1,0.2,0.1,0.2,0.0
21,3,1,5.0,0.2,0.0,0.6,0.2,0.6,0.2,0.4,1.4,0.0,1.4,0.0
21,4,1,2.0,0.1,0.0,0.2,0.1,0.2,0.1,0.1,0.6,0.0,0.6,0.0
21,5,1,3.0,0.1,0.0,0.4,0.1,0.4,0.1,0.2,0.8,0.0,0.9,0.0
21,8,1,2.0,0.0,0.1,0.2,0.1,0.3,0.0,0.5,0.5,0.0,0.3,0.0
21,16,1,3.0,0.1,0.1,0.3,0.3,0.6,0.1,0.5,0.5,0.0,0.5,0.0
21,17,1,3.0,0.1,0.1,0.3,0.3,0.6,0.1,0.5,0.5,0.0,0.5,0.0
21,35,1,2.0,0.0,0.1,0.1,0.2,0.4,0.0,0.2,0.8,0.0,0.2,0.0
21,36,1,9.0,0.4,0.4,0.6,1.6,1.5,0.2,1.9,1.5,0.1,0.6,0.2
21,37,1,4.0,0.2,0.2,0.3,0.7,0.6,0.1,0.8,0.7,0.0,0.3,0.1
21,39,1,10.0,0.5,0.5,0.7,1.8,1.6,0.2,2.1,1.6,0.1,0.7,0.2
21,68,1,1.0,0.0,0.1,0.1,0.1,0.2,0.0,0.2,0.2,0.1,0.0,0.0
21,70,1,9.0,0.3,0.6,0.9,0.6,2.2,0.0,2.2,1.6,0.6,0.0,0.0
21,91,1,1.0,0.0,0.1,0.1,0.1,0.3,0.0,0.2,0.0,0.1,0.1,0.0
21,95,1,6.5,0.1,0.9,1.0,0.5,1.8,0.0,1.0,0.3,0.5,0.4,0.0
21,99,1,2.0,0.0,0.3,0.1,0.2,0.4,0.0,0.5,0.2,0.2,0.1,0.0
21,100,1,2.0,0.0,0.3,0.1,0.2,0.4,0.0,0.5,0.2,0.2,0.1,0.0
21,102,1,1.0,0.0,0.2,0.0,0.1,0.2,0.0,0.2,0.1,0.1,0.1,0.0
22,1,1,6.0,0.0,0.4,0.2,0.7,1.1,0.0,0.9,1.9,0.4,0.4,0.0
22,13,1,4.0,0.0,0.3,0.1,0.4,0.7,0.1,0.6,1.1,0.1,0.6,0.0
22,14,1,6.5,0.0,0.5,0.2,0.6,1.2,0.2,0.9,1.8,0.2,0.9,0.0
22,17,1,2.0,0.2,0.0,0.0,0.4,0.3,0.0,0.5,0.4,0.0,0.2,0.0
22,18,1,3.0,0.2,0.0,0.1,0.5,0.5,0.0,0.7,0.6,0.1,0.3,0.0
22,19,1,8.0,0.6,0.0,0.2,1.4,1.3,0.1,1.9,1.7,0.1,0.7,0.0
22,20,1,2.0,0.2,0.0,0.0,0.4,0.3,0.0,0.5,0.4,0.0,0.2,0.0
22,39,1,3.0,0.0,0.1,0.2,0.2,0.8,0.0,0.5,0.8,0.0,0.4,0.0
22,40,1,3.0,0.0,0.1,0.2,0.2,0.8,0.0,0.5,0.8,0.0,0.4,0.0
22,43,1,2.0,0.0,0.1,0.2,0.0,0.2,0.0,0.6,0.7,0.0,0.2,0.0
22,53,1,1.0,0.1,0.1,0.0,0.2,0.2,0.0,0.1,0.1,0.1,0.1,0.0
22,68,1,3.0,0.0,0.0,0.0,0.1,0.3,0.0,0.6,1.1,0.0,0.9,0.0
22,69,1,3.0,0.0,0.0,0.0,0.1,0.3,0.0,0.6,1.1,0.0,0.9,0.0
22,70,1,1.0,0.0,0.0,0.0,0.0,0.1,0.0,0.2,0.4,0.0,0.3,0.0
22,71,1,1.0,0.0,0.0,0.0,0.1,0.3,0.0,0.1,0.4,0.0,0.1,0.0
22,72,1,2.0,0.0,0.1,0.1,0.2,0.5,0.0,0.2,0.8,0.0,0.1,0.0
22,75,1,3.0,0.0,0.1,0.1,0.3,0.8,0.0,0.3,1.1,0.1,0.2,0.0
22,92,1,2.0,0.0,0.1,0.2,0.2,0.4,0.0,0.4,0.6,0.0,0.1,0.0
22,97,1,2.0,0.0,0.1,0.1,0.4,0.4,0.0,0.4,0.4,0.1,0.1,0.0
22,99,1,2.0,0.0,0.1,0.1,0.4,0.4,0.0,0.4,0.4,0.1,0.1,0.0
23,4,1,2.0,0.0,0.1,0.1,0.2,0.4,0.0,0.3,0.6,0.1,0.2,0.0
23,7,1,1.0,0.0,0.1,0.0,0.1,0.2,0.0,0.1,0.3,0.0,0.2,0.0
23,13,1,4.0,0.0,0.3,0.1,0.4,0.7,0.1,0.6,1.1,0.1,0.6,0.0
23,17,1,3.0,0.2,0.0,0.1,0.5,0.5,0.0,0.7,0.6,0.1,0.3,0.0
23,18,1,7.0,0.5,0.0,0.1,1.3,1.1,0.1,1.6,1.5,0.1,0.7,0.0
23,19,1,9.0,0.6,0.0,0.2,1.6,1.4,0.2,2.1,1.9,0.2,0.8,0.0
23,25,1,1.0,0.1,0.0,0.0,0.2,0.2,0.0,0.2,0.2,0.0,0.1,0.0
23,39,1,5.0,0.0,0.2,0.3,0.3,1.3,0.0,0.8,1.5,0.0,0.6,0.0
23,40,1,10.0,0.0,0.3,0.6,0.7,2.6,0.0,1.6,2.9,0.0,1.3,0.0
23,41,1,1.0,0.0,0.0,0.1,0.0,0.1,0.0,0.3,0.4,0.0,0.1,0.0
23,74,1,4.0,0.0,0.1,0.1,0.4,1.0,0.0,0.4,1.6,0.1,0.3,0.0
23,75,1,7.0,0.0,0.2,0.2,0.7,1.8,0.0,0.7,2.7,0.2,0.5,0.0
23,87,1,2.0,0.0,0.1,0.2,0.2,0.4,0.0,0.4,0.6,0.0,0.1,0.0
23,99,1,1.0,0.0,0.1,0.1,0.2,0.2,0.0,0.2,0.2,0.0,0.0,0.0
23,101,1,2.0,0.0,0.1,0.1,0.4,0.4,0.0,0.4,0.4,0.1,0.1,0.0
23,102,1,3.0,0.0,0.1,0.2,0.6,0.6,0.0,0.7,0.6,0.1,0.1,0.0
23,104,1,5.0,0.0,0.2,0.3,1.1,1.0,0.0,1.1,1.0,0.2,0.1,0.0
23,109,1,9.0,0.0,0.6,0.0,1.0,1.0,0.0,1.6,4.8,0.0,0.0,0.0
24,1,1,2.0,0.0,0.1,0.1,0.2,0.4,0.0,0.3,0.6,0.1,0.2,0.0
24,4,1,2.0,0.0,0.1,0.1,0.2,0.4,0.0,0.3,0.6,0.1,0.2,0.0
24,5,1,4.0,0.0,0.3,0.1,0.4,0.7,0.0,0.6,1.3,0.3,0.3,0.0
24,7,1,2.0,0.0,0.1,0.0,0.2,0.4,0.1,0.3,0.6,0.0,0.3,0.0
24,9,1,2.0,0.0,0.1,0.0,0.2,0.4,0.1,0.3,0.6,0.0,0.3,0.0
24,12,1,2.0,0.0,0.1,0.0,0.2,0.4,0.1,0.3,0.6,0.0,0.3,0.0
24,14,1,2.0,0.0,0.1,0.0,0.2,0.4,0.1,0.3,0.6,0.0,0.3,0.0
24,16,1,4.0,0.3,0.0,0.1,0.7,0.6,0.1,0.9,0.8,0.1,0.4,0.0
24,17,1,2.0,0.2,0.0,0.0,0.4,0.3,0.0,0.5,0.4,0.0,0.2,0.0
24,18,1,3.0,0.2,0.0,0.1,0.5,0.5,0.0,0.7,0.6,0.1,0.3,0.0
24,31,1,2.0,0.1,0.1,0.1,0.1,0.5,0.0,0.6,0.2,0.1,0.2,0.0
24,40,1,6.0,0.0,0.2,0.4,0.4,1.5,0.0,1.0,1.7,0.0,0.8,0.0
24,41,1,1.0,0.0,0.0,0.1,0.0,0.1,0.0,0.3,0.4,0.0,0.1,0.0
24,42,1,3.0,0.0,0.1,0.2,0.0,0.4,0.0,0.9,1.1,0.0,0.3,0.0
24,50,1,4.0,0.3,0.1,0.0,0.9,0.6,0.1,0.5,0.5,0.5,0.5,0.0
24,69,1,1.0,0.0,0.0,0.0,0.0,0.1,0.0,0.2,0.4,0.0,0.3,0.0
24,73,1,2.0,0.0,0.1,0.1,0.2,0.5,0.0,0.2,0.8,0.0,0.1,0.0
24,76,1,2.0,0.1,0.2,0.1,0.3,0.3,0.0,0.3,0.5,0.2,0.0,0.0
24,84,1,2.0,0.1,0.2,0.1,0.3,0.3,0.0,0.3,0.5,0.2,0.0,0.0
24,89,1,1.0,0.0,0.0,0.1,0.1,0.2,0.0,0.2,0.3,0.0,0.1,0.0
24,95,1,4.0,0.0,0.1,0.4,0.4,0.8,0.0,0.8,1.3,0.1,0.1,0.0
24,107,1,2.0,0.0,0.1,0.0,0.2,0.2,0.0,0.4,1.1,0.0,0.0,0.0
25,0,1,2.0,0.0,0.2,0.0,0.1,0.4,0.0,0.4,0.6,0.0,0.3,0.0
25,29,1,1.0,0.0,0.0,0.1,0.1,0.2,0.0,0.2,0.2,0.0,0.2,0.0
25,31,1,2.0,0.1,0.1,0.1,0.1,0.5,0.0,0.6,0.2,0.1,0.2,0.0
25,37,1,2.0,0.0,0.1,0.1,0.1,0.5,0.0,0.3,0.6,0.0,0.3,0.0
25,40,1,1.0,0.0,0.0,0.1,0.1,0.2,0.0,0.2,0.3,0.0,0.1,0.0
25,41,1,4.0,0.0,0.2,0.3,0.0,0.5,0.0,1.2,1.5,0.0,0.3,0.0
25,42,1,2.0,0.0,0.1,0.2,0.0,0.2,0.0,0.6,0.7,0.0,0.2,0.0
25,53,1,2.0,0.2,0.1,0.0,0.5,0.3,0.0,0.2,0.2,0.3,0.2,0.0
25,56,1,2.0,0.0,0.1,0.1,0.2,0.2,0.2,0.4,0.5,0.2,0.1,0.0
25,58,1,4.0,0.0,0.2,0.2,0.4,0.4,0.4,0.9,0.9,0.4,0.2,0.0
25,68,1,1.0,0.0,0.0,0.0,0.0,0.1,0.0,0.2,0.4,0.0,0.3,0.0
25,69,1,2.0,0.0,0.0,0.0,0.1,0.2,0.0,0.4,0.7,0.0,0.6,0.0
25,70,1,3.0,0.0,0.0,0.0,0.1,0.3,0.0,0.6,1.1,0.0,0.9,0.0
25,71,1,2.0,0.0,0.1,0.1,0.2,0.5,0.0,0.2,0.8,0.0,0.1,0.0
25,72,1,1.0,0.0,0.0,0.0,0.1,0.3,0.0,0.1,0.4,0.0,0.1,0.0
25,73,1,6.0,0.0,0.2,0.2,0.6,1.5,0.0,0.6,2.3,0.2,0.4,0.0
25,83,1,2.0,0.1,0.2,0.1,0.3,0.3,0.0,0.3,0.5,0.2,0.0,0.0
25,84,1,2.0,0.1,0.2,0.1,0.3,0.3,0.0,0.3,0.5,0.2,0.0,0.0
25,85,1,6.0,0.3,0.6,0.2,0.8,0.9,0.0,0.9,1.6,0.7,0.0,0.0
25,86,1,6.0,0.0,0.2,0.6,0.6,1.1,0.0,1.2,1.9,0.2,0.2,0.0
25,89,1,1.0,0.0,0.0,0.1,0.1,0.2,0.0,0.2,0.3,0.0,0.1,0.0
25,90,1,1.0,0.0,0.0,0.1,0.1,0.2,0.0,0.2,0.3,0.0,0.1,0.0
25,94,1,2.0,0.0,0.1,0.2,0.2,0.4,0.0,0.4,0.6,0.0,0.1,0.0
25,95,1,4.0,0.0,0.1,0.4,0.4,0.8,0.0,0.8,1.3,0.1,0.1,0.0
25,96,1,4.0,0.0,0.2,0.2,0.9,0.8,0.0,0.9,0.8,0.1,0.1,0.0
25,102,1,3.0,0.0,0.1,0.2,0.6,0.6,0.0,0.7,0.6,0.1,0.1,0.0
25,106,1,2.0,0.0,0.1,0.0,0.2,0.2,0.0,0.4,1.1,0.0,0.0,0.0
25,107,1,3.0,0.0,0.2,0.0,0.3,0.3,0.0,0.6,1.6,0.0,0.0,0.0
25,109,1,2.0,0.0,0.1,0.0,0.2,0.2,0.0,0.4,1.1,0.0,0.0,0.0
25,111,1,2.0,0.0,0.1,0.0,0.2,0.2,0.0,0.4,1.1,0.0,0.0,0.0
26,2,1,12.0,0.0,0.9,0.4,1.3,2.1,0.0,1.7,3.8,0.9,0.9,0.0
26,9,1,2.0,0.0,0.1,0.0,0.2,0.4,0.1,0.3,0.6,0.0,0.3,0.0
26,10,1,5.0,0.0,0.4,0.1,0.5,0.9,0.2,0.7,1.4,0.1,0.7,0.0
26,12,1,1.0,0.0,0.1,0.0,0.1,0.2,0.0,0.1,0.3,0.0,0.2,0.0
26,13,1,2.0,0.0,0.1,0.0,0.2,0.4,0.1,0.3,0.6,0.0,0.3,0.0
26,14,1,4.0,0.0,0.3,0.1,0.4,0.7,0.1,0.6,1.1,0.1,0.6,0.0
26,15,1,5.0,0.0,0.4,0.1,0.5,0.9,0.2,0.7,1.4,0.1,0.7,0.0
26,31,1,14.5,0.6,0.9,0.6,0.6,3.7,0.0,4.3,1.3,0.6,1.9,0.0
26,32,1,1.0,0.0,0.1,0.0,0.1,0.3,0.0,0.3,0.1,0.0,0.1,0.0
26,33,1,4.0,0.2,0.2,0.2,0.2,1.0,0.0,1.2,0.3,0.2,0.5,0.0
26,37,1,1.0,0.0,0.0,0.1,0.1,0.2,0.0,0.2,0.3,0.0,0.1,0.0
26,73,1,2.0,0.0,0.1,0.1,0.2,0.5,0.0,0.2,0.8,0.0,0.1,0.0
26,74,1,1.0,0.0,0.0,0.0,0.1,0.3,0.0,0.1,0.4,0.0,0.1,0.0
26,77,1,4.0,0.2,0.4,0.1,0.5,0.6,0.0,0.6,1.1,0.5,0.0,0.0
26,84,1,2.0,0.1,0.2,0.1,0.3,0.3,0.0,0.3,0.5,0.2,0.0,0.0
26,85,1,15.5,0.8,1.6,0.4,2.0,2.4,0.0,2.4,4.1,1.8,0.0,0.0
26,87,1,2.0,0.0,0.1,0.2,0.2,0.4,0.0,0.4,0.6,0.0,0.1,0.0
26,92,1,2.0,0.0,0.1,0.2,0.2,0.4,0.0,0.4,0.6,0.0,0.1,0.0
26,95,1,4.0,0.0,0.1,0.4,0.4,0.8,0.0,0.8,1.3,0.1,0.1,0.0
26,100,1,2.0,0.0,0.1,0.1,0.4,0.4,0.0,0.4,0.4,0.1,0.1,0.0
26,104,1,4.0,0.0,0.2,0.2,0.9,0.8,0.0,0.9,0.8,0.1,0.1,0.0
26,105,1,2.0,0.0,0.1,0.1,0.4,0.4,0.0,0.4,0.4,0.1,0.1,0.0
26,109,1,1.0,0.0,0.1,0.0,0.1,0.1,0.0,0.2,0.5,0.0,0.0,0.0
26,111,1,1.0,0.0,0.1,0.0,0.1,0.1,0.0,0.2,0.5,0.0,0.0,0.0
26,118,1,1.0,0.0,0.1,0.0,0.3,0.1,0.1,0.1,0.2,0.1,0.0,0.0
27,1,1,2.0,0.0,0.1,0.2,0.2,0.2,0.0,0.5,0.5,0.1,0.2,0.0
27,2,1,4.0,0.0,0.1,0.3,0.4,0.5,0.1,1.0,1.0,0.1,0.5,0.0
27,4,1,4.0,0.0,0.1,0.3,0.4,0.5,0.1,1.0,1.0,0.1,0.5,0.0
27,10,1,9.0,0.0,0.9,0.7,0.5,2.4,0.0,1.6,1.7,0.5,0.7,0.0
27,13,1,6.0,0.3,0.6,0.3,0.7,1.0,0.2,1.1,1.1,0.5,0.2,0.0
27,14,1,6.0,0.3,0.6,0.3,0.7,1.0,0.2,1.1,1.1,0.5,0.2,0.0
27,25,1,2.0,0.2,0.0,0.0,0.4,0.3,0.0,0.5,0.4,0.0,0.2,0.0
27,28,1,1.0,0.0,0.0,0.1,0.1,0.2,0.0,0.2,0.2,0.0,0.2,0.0
27,30,1,2.0,0.0,0.1,0.2,0.2,0.4,0.0,0.4,0.4,0.0,0.3,0.0
27,31,1,4.0,0.1,0.1,0.4,0.4,0.9,0.1,0.7,0.7,0.0,0.6,0.0
27,32,1,2.0,0.0,0.1,0.2,0.2,0.4,0.0,0.4,0.4,0.0,0.3,0.0
27,33,1,8.0,0.2,0.3,0.8,0.8,1.7,0.2,1.4,1.4,0.0,1.2,0.0
27,44,1,2.0,0.0,0.1,0.2,0.0,0.2,0.0,0.6,0.7,0.0,0.2,0.0
27,50,1,10.0,0.8,0.4,0.0,2.3,1.4,0.2,1.2,1.2,1.3,1.2,0.0
27,51,1,9.0,0.0,0.2,0.9,0.6,1.3,0.0,2.7,2.7,0.2,0.4,0.0
27,52,1,1.0,0.0,0.0,0.1,0.1,0.2,0.0,0.3,0.3,0.0,0.0,0.0
27,53,1,3.0,0.0,0.1,0.3,0.2,0.4,0.0,0.9,0.9,0.1,0.1,0.0
27,56,1,1.0,0.0,0.1,0.1,0.1,0.1,0.0,0.2,0.3,0.0,0.1,0.0
27,59,1,3.0,0.1,0.1,0.2,0.4,0.2,0.1,0.7,0.9,0.0,0.3,0.0
27,74,1,10.0,0.3,0.0,0.3,1.3,2.9,0.3,2.9,1.0,0.5,0.5,0.0
27,78,1,1.0,0.0,0.1,0.0,0.1,0.2,0.0,0.2,0.3,0.1,0.0,0.0
27,86,1,1.0,0.0,0.0,0.0,0.1,0.1,0.0,0.2,0.4,0.0,0.2,0.0
27,87,1,2.0,0.1,0.0,0.1,0.1,0.2,0.1,0.3,0.8,0.0,0.3,0.0
27,95,1,4.0,0.0,0.5,0.0,0.4,0.7,0.0,1.2,1.0,0.0,0.2,0.0
27,105,1,6.0,0.0,0.3,0.3,1.3,1.2,0.0,1.3,1.2,0.2,0.2,0.0
27,106,1,2.0,0.0,0.1,0.0,0.2,0.2,0.0,0.4,1.1,0.0,0.0,0.0
28,0,1,2.0,0.0,0.1,0.2,0.2,0.2,0.0,0.5,0.5,0.1,0.2,0.0
28,8,1,2.0,0.0,0.2,0.2,0.1,0.5,0.0,0.3,0.4,0.1,0.2,0.0
28,10,1,16.0,0.0,1.6,1.2,0.9,4.3,0.0,2.8,3.1,0.9,1.2,0.0
28,13,1,6.0,0.3,0.6,0.3,0.7,1.0,0.2,1.1,1.1,0.5,0.2,0.0
28,14,1,8.0,0.3,0.8,0.4,0.9,1.4,0.3,1.5,1.5,0.7,0.2,0.0
28,32,1,2.0,0.0,0.1,0.2,0.2,0.4,0.0,0.4,0.4,0.0,0.3,0.0
28,36,1,2.0,0.0,0.1,0.2,0.0,0.2,0.0,0.6,0.7,0.0,0.2,0.0
28,48,1,2.0,0.2,0.1,0.0,0.5,0.3,0.0,0.2,0.2,0.3,0.2,0.0
28,49,1,11.5,0.9,0.5,0.0,2.6,1.6,0.2,1.4,1.4,1.5,1.4,0.0
28,50,1,16.0,1.3,0.7,0.0,3.6,2.3,0.3,1.9,1.9,2.1,1.9,0.0
28,51,1,5.0,0.0,0.1,0.5,0.3,0.8,0.0,1.5,1.5,0.1,0.2,0.0
28,52,1,2.0,0.0,0.1,0.2,0.1,0.3,0.0,0.6,0.6,0.0,0.1,0.0
28,53,1,4.0,0.0,0.1,0.4,0.2,0.6,0.0,1.2,1.2,0.1,0.2,0.0
28,57,1,7.0,0.3,0.3,0.4,0.9,0.5,0.1,1.5,2.2,0.0,0.8,0.0
28,59,1,6.0,0.2,0.2,0.3,0.8,0.5,0.1,1.3,1.9,0.0,0.7,0.0
28,60,1,4.0,0.1,0.2,0.2,0.5,0.3,0.1,0.9,1.3,0.0,0.4,0.0
28,72,1,5.0,0.1,0.0,0.1,0.7,1.4,0.1,1.5,0.5,0.3,0.3,0.0
28,81,1,2.0,0.1,0.2,0.1,0.2,0.4,0.1,0.4,0.3,0.2,0.0,0.0
28,82,1,3.0,0.2,0.3,0.1,0.3,0.7,0.1,0.5,0.4,0.3,0.1,0.0
28,83,1,6.0,0.3,0.7,0.2,0.6,1.3,0.2,1.1,0.9,0.6,0.1,0.0
28,85,1,7.0,0.4,0.8,0.3,0.6,1.6,0.3,1.3,1.0,0.6,0.1,0.0
28,87,1,4.0,0.1,0.0,0.1,0.3,0.5,0.1,0.6,1.6,0.0,0.7,0.0
28,89,1,2.0,0.1,0.0,0.1,0.1,0.2,0.1,0.3,0.8,0.0,0.3,0.0
28,94,1,4.0,0.0,0.5,0.0,0.4,0.7,0.0,1.2,1.0,0.0,0.2,0.0
28,95,1,2.0,0.0,0.2,0.0,0.2,0.4,0.0,0.6,0.5,0.0,0.1,0.0
28,97,1,2.0,0.0,0.0,0.2,0.1,0.5,0.0,0.5,0.7,0.0,0.0,0.0
28,98,1,2.0,0.0,0.0,0.2,0.1,0.5,0.0,0.5,0.7,0.0,0.0,0.0
28,111,1,4.0,0.0,0.3,0.0,0.4,0.4,0.0,0.7,2.2,0.0,0.0,0.0
28,116,1,2.5,0.0,0.3,0.0,0.6,0.3,0.2,0.3,0.5,0.2,0.1,0.0
29,9,1,3.0,0.0,0.3,0.2,0.2,0.8,0.0,0.5,0.6,0.2,0.2,0.0
29,10,1,5.0,0.0,0.5,0.4,0.3,1.3,0.0,0.9,0.9,0.3,0.4,0.0
29,15,1,1.5,0.1,0.1,0.1,0.2,0.3,0.0,0.3,0.3,0.1,0.0,0.0
29,17,1,1.0,0.1,0.0,0.0,0.2,0.2,0.0,0.2,0.2,0.0,0.1,0.0
29,27,1,2.0,0.0,0.1,0.2,0.2,0.4,0.0,0.4,0.4,0.0,0.3,0.0
29,30,1,2.0,0.0,0.1,0.2,0.2,0.4,0.0,0.4,0.4,0.0,0.3,0.0
29,37,1,4.0,0.0,0.2,0.3,0.0,0.5,0.0,1.2,1.5,0.0,0.3,0.0
29,49,1,1.0,0.1,0.1,0.0,0.2,0.2,0.0,0.1,0.1,0.1,0.1,0.0
29,51,1,5.0,0.0,0.1,0.5,0.3,0.8,0.0,1.5,1.5,0.1,0.2,0.0
29,52,1,8.0,0.0,0.2,0.8,0.5,1.2,0.0,2.4,2.4,0.2,0.3,0.0
29,53,1,4.0,0.0,0.1,0.4,0.2,0.6,0.0,1.2,1.2,0.1,0.2,0.0
29,56,1,9.0,0.3,0.3,0.5,1.2,0.7,0.2,2.0,2.8,0.0,1.0,0.0
29,57,1,4.0,0.1,0.2,0.2,0.5,0.3,0.1,0.9,1.3,0.0,0.4,0.0
29,58,1,5.0,0.2,0.2,0.3,0.6,0.4,0.1,1.1,1.6,0.0,0.5,0.0
29,59,1,2.0,0.1,0.1,0.1,0.3,0.2,0.0,0.4,0.6,0.0,0.2,0.0
29,60,1,1.0,0.0,0.1,0.1,0.1,0.1,0.0,0.2,0.3,0.0,0.1,0.0
29,81,1,2.0,0.1,0.2,0.1,0.2,0.4,0.1,0.4,0.3,0.2,0.0,0.0
29,82,1,1.0,0.1,0.1,0.0,0.1,0.2,0.0,0.2,0.2,0.1,0.0,0.0
29,85,1,2.0,0.1,0.2,0.1,0.2,0.4,0.1,0.4,0.3,0.2,0.0,0.0
29,86,1,1.0,0.0,0.0,0.0,0.1,0.1,0.0,0.2,0.4,0.0,0.2,0.0
29,87,1,1.0,0.0,0.0,0.0,0.1,0.1,0.0,0.2,0.4,0.0,0.2,0.0
29,88,1,1.0,0.0,0.0,0.0,0.1,0.1,0.0,0.2,0.4,0.0,0.2,0.0
29,89,1,5.0,0.1,0.0,0.1,0.4,0.6,0.1,0.7,2.1,0.1,0.8,0.0
29,92,1,3.0,0.0,0.4,0.0,0.3,0.5,0.0,0.9,0.7,0.0,0.2,0.0
29,98,1,6.0,0.0,0.0,0.6,0.3,1.6,0.0,1.6,1.9,0.0,0.0,0.0
29,117,1,2.0,0.0,0.3,0.0,0.5,0.2,0.1,0.2,0.4,0.2,0.1,0.0
29,119,1,7.0,0.0,1.0,0.0,1.7,0.7,0.5,0.7,1.5,0.6,0.3,0.0
30,9,1,3.0,0.0,0.3,0.2,0.2,0.8,0.0,0.5,0.6,0.2,0.2,0.0
30,10,0,23.0,0.0,1.0,1.0,5.0,3.0,1.0,4.0,5.0,0.0,3.0,0.0
30,11,1,19.0,0.8,2.0,1.0,2.2,3.2,0.7,3.4,3.6,1.6,0.5,0.0
30,12,1,3.0,0.1,0.3,0.2,0.3,0.5,0.1,0.5,0.6,0.3,0.1,0.0
30,13,1,5.0,0.2,0.5,0.3,0.6,0.9,0.2,0.9,0.9,0.4,0.1,0.0
30,14,1,4.0,0.2,0.4,0.2,0.5,0.7,0.1,0.7,0.8,0.3,0.1,0.0
30,15,1,15.0,0.6,1.5,0.8,1.8,2.6,0.5,2.7,2.8,1.3,0.4,0.0
30,16,1,1.0,0.1,0.0,0.0,0.2,0.2,0.0,0.2,0.2,0.0,0.1,0.0
30,19,1,2.0,0.2,0.0,0.0,0.4,0.3,0.0,0.5,0.4,0.0,0.2,0.0
30,27,1,1.0,0.0,0.0,0.1,0.1,0.2,0.0,0.2,0.2,0.0,0.2,0.0
30,28,1,1.0,0.0,0.0,0.1,0.1,0.2,0.0,0.2,0.2,0.0,0.2,0.0
30,50,1,1.0,0.1,0.1,0.0,0.2,0.2,0.0,0.1,0.1,0.1,0.1,0.0
30,52,1,5.0,0.0,0.1,0.5,0.3,0.8,0.0,1.5,1.5,0.1,0.2,0.0
30,56,1,8.0,0.3,0.3,0.4,1.0,0.6,0.2,1.8,2.5,0.0,0.9,0.0
30,57,1,2.0,0.1,0.1,0.1,0.3,0.2,0.0,0.4,0.6,0.0,0.2,0.0
30,58,1,2.0,0.1,0.1,0.1,0.3,0.2,0.0,0.4,0.6,0.0,0.2,0.0
30,68,1,3.0,0.0,0.0,0.0,0.1,0.3,0.0,0.6,1.1,0.0,0.9,0.0
30,72,1,14.0,0.4,0.0,0.4,1.8,4.0,0.4,4.1,1.5,0.7,0.7,0.0
30,74,1,7.0,0.2,0.0,0.2,0.9,2.0,0.2,2.0,0.7,0.4,0.4,0.0
30,77,1,2.0,0.1,0.2,0.1,0.3,0.3,0.0,0.3,0.5,0.2,0.0,0.0
30,81,1,1.0,0.1,0.1,0.0,0.1,0.2,0.0,0.2,0.2,0.1,0.0,0.0
30,85,1,11.0,0.6,1.2,0.4,1.0,2.5,0.4,2.1,1.6,1.0,0.2,0.0
30,86,1,3.5,0.1,0.0,0.1,0.3,0.4,0.1,0.5,1.4,0.0,0.6,0.0
30,87,0,32.0,0.0,0.0,2.0,1.0,3.0,0.0,8.0,12.0,1.0,5.0,0.0
30,88,1,8.0,0.2,0.0,0.2,0.6,1.0,0.2,1.1,3.3,0.1,1.3,0.0
30,89,1,6.0,0.1,0.0,0.2,0.4,0.7,0.1,0.9,2.5,0.1,1.0,0.0
30,90,1,2.0,0.1,0.0,0.1,0.1,0.2,0.1,0.3,0.8,0.0,0.3,0.0
30,93,1,5.0,0.0,0.6,0.0,0.5,0.9,0.0,1.5,1.2,0.0,0.3,0.0
30,94,1,2.0,0.0,0.2,0.0,0.2,0.4,0.0,0.6,0.5,0.0,0.1,0.0
30,95,1,1.0,0.0,0.1,0.0,0.1,0.2,0.0,0.3,0.2,0.0,0.1,0.0
30,116,1,3.0,0.0,0.4,0.0,0.8,0.3,0.2,0.3,0.6,0.3,0.1,0.0
30,119,1,2.0,0.0,0.3,0.0,0.5,0.2,0.1,0.2,0.4,0.2,0.1,0.0
31,0,1,7.0,0.0,0.2,0.6,0.8,0.8,0.2,1.7,1.7,0.2,0.8,0.0
31,2,1,6.0,0.0,0.2,0.5,0.6,0.6,0.2,1.5,1.5,0.2,0.7,0.0
31,3,1,4.0,0.0,0.1,0.3,0.4,0.5,0.1,1.0,1.0,0.1,0.5,0.0
31,6,1,3.0,0.0,0.3,0.2,0.2,0.8,0.0,0.5,0.6,0.2,0.2,0.0
31,7,1,3.0,0.0,0.3,0.2,0.2,0.8,0.0,0.5,0.6,0.2,0.2,0.0
31,8,1,3.0,0.0,0.3,0.2,0.2,0.8,0.0,0.5,0.6,0.2,0.2,0.0
31,10,1,5.0,0.0,0.5,0.4,0.3,1.3,0.0,0.9,0.9,0.3,0.4,0.0
31,11,0,34.0,0.0,0.0,3.0,5.0,4.0,1.0,9.0,7.0,2.0,3.0,0.0
31,12,0,56.0,3.0,10.0,7.0,14.0,7.0,4.0,1.0,4.0,5.0,1.0,0.0
31,13,1,4.0,0.2,0.4,0.2,0.5,0.7,0.1,0.7,0.8,0.3,0.1,0.0
31,14,1,16.0,0.6,1.6,0.9,1.9,2.7,0.6,2.9,3.0,1.4,0.4,0.0
31,15,1,18.0,0.7,1.9,1.0,2.1,3.1,0.6,3.2,3.4,1.5,0.5,0.0
31,17,1,6.0,0.4,0.0,0.1,1.1,1.0,0.1,1.4,1.3,0.1,0.5,0.0
31,32,1,2.0,0.0,0.1,0.2,0.2,0.4,0.0,0.4,0.4,0.0,0.3,0.0
31,35,1,1.0,0.0,0.0,0.1,0.1,0.2,0.0,0.2,0.2,0.0,0.2,0.0
31,43,1,3.0,0.0,0.1,0.2,0.0,0.4,0.0,0.9,1.1,0.0,0.3,0.0
31,47,1,1.0,0.1,0.1,0.0,0.2,0.2,0.0,0.1,0.1,0.1,0.1,0.0
31,53,1,1.0,0.0,0.0,0.1,0.1,0.2,0.0,0.3,0.3,0.0,0.0,0.0
31,67,1,2.0,0.0,0.0,0.0,0.1,0.2,0.0,0.4,0.7,0.0,0.6,0.0
31,68,1,2.0,0.0,0.0,0.0,0.1,0.2,0.0,0.4,0.7,0.0,0.6,0.0
31,74,1,2.0,0.0,0.0,0.1,0.3,0.6,0.0,0.6,0.2,0.1,0.1,0.0
31,85,1,19.0,1.1,2.1,0.7,1.8,4.2,0.7,3.5,2.8,1.8,0.3,0.0
31,86,1,2.0,0.1,0.0,0.1,0.1,0.2,0.1,0.3,0.8,0.0,0.3,0.0
31,87,1,3.0,0.1,0.0,0.1,0.2,0.4,0.1,0.4,1.2,0.0,0.5,0.0
31,93,1,12.0,0.0,1.5,0.0,1.1,2.2,0.0,3.6,2.9,0.0,0.7,0.0
31,96,1,4.0,0.0,0.0,0.4,0.2,1.0,0.0,1.1,1.3,0.0,0.0,0.0
31,97,1,2.0,0.0,0.0,0.2,0.1,0.5,0.0,0.5,0.7,0.0,0.0,0.0
31,98,1,1.0,0.0,0.0,0.1,0.0,0.3,0.0,0.3,0.3,0.0,0.0,0.0
31,99,1,2.0,0.0,0.0,0.2,0.1,0.5,0.0,0.5,0.7,0.0,0.0,0.0
31,116,1,3.0,0.0,0.4,0.0,0.8,0.3,0.2,0.3,0.6,0.3,0.1,0.0
31,122,1,5.0,0.0,0.7,0.0,1.2,0.5,0.4,0.5,1.1,0.4,0.2,0.0
31,124,1,3.0,0.0,0.4,0.0,0.8,0.3,0.2,0.3,0.6,0.3,0.1,0.0
32,5,1,3.0,0.2,0.1,0.1,0.6,0.5,0.1,0.3,1.0,0.0,0.1,0.0
32,8,1,4.0,0.2,0.1,0.5,0.7,0.5,0.2,0.6,0.6,0.0,0.6,0.0
32,9,1,2.0,0.1,0.0,0.2,0.4,0.3,0.1,0.3,0.3,0.0,0.3,0.0
32,10,1,6.0,0.4,0.1,0.7,1.1,0.8,0.2,0.9,1.0,0.0,0.8,0.0
32,11,1,1.0,0.0,0.1,0.1,0.2,0.2,0.0,0.1,0.2,0.1,0.0,0.0
32,13,1,3.0,0.1,0.3,0.2,0.5,0.7,0.0,0.4,0.5,0.2,0.1,0.0
32,14,1,19.0,0.6,1.8,1.2,3.0,4.3,0.2,2.2,3.4,1.5,0.8,0.0
32,15,1,1.0,0.0,0.1,0.1,0.2,0.2,0.0,0.1,0.2,0.1,0.0,0.0
32,16,1,5.0,0.3,0.7,0.4,0.8,0.7,0.2,1.1,0.5,0.2,0.1,0.0
32,17,1,6.0,0.3,0.8,0.5,1.0,0.9,0.2,1.3,0.6,0.3,0.1,0.0
32,18,1,4.0,0.2,0.5,0.3,0.7,0.6,0.1,0.9,0.4,0.2,0.1,0.0
32,27,1,1.0,0.0,0.1,0.0,0.1,0.2,0.0,0.2,0.2,0.0,0.2,0.0
32,40,1,2.0,0.1,0.1,0.1,0.2,0.3,0.0,0.4,0.6,0.0,0.2,0.0
32,45,1,6.0,0.3,0.3,0.2,0.6,1.0,0.0,1.3,1.6,0.1,0.6,0.0
32,48,1,3.0,0.1,0.0,0.1,0.7,0.3,0.3,0.1,1.3,0.1,0.0,0.0
32,50,1,3.0,0.1,0.0,0.1,0.7,0.3,0.3,0.1,1.3,0.1,0.0,0.0
32,53,1,1.0,0.0,0.0,0.1,0.1,0.2,0.0,0.3,0.2,0.0,0.1,0.0
32,54,1,2.0,0.0,0.0,0.2,0.1,0.4,0.0,0.7,0.4,0.0,0.2,0.0
32,62,1,1.0,0.0,0.0,0.0,0.1,0.3,0.0,0.2,0.4,0.0,0.0,0.0
32,67,1,7.0,0.0,0.2,0.5,0.7,1.7,0.0,2.4,0.9,0.4,0.2,0.0
32,68,1,1.0,0.0,0.0,0.1,0.1,0.2,0.0,0.4,0.1,0.1,0.0,0.0
32,69,1,2.0,0.0,0.0,0.1,0.2,0.5,0.0,0.7,0.3,0.1,0.1,0.0
32,72,1,1.0,0.0,0.1,0.1,0.0,0.2,0.0,0.3,0.1,0.0,0.2,0.0
32,75,1,6.0,0.0,0.8,0.3,0.0,1.4,0.0,2.0,0.6,0.0,0.9,0.0
32,84,1,1.0,0.0,0.1,0.0,0.1,0.2,0.0,0.1,0.3,0.0,0.2,0.0
32,85,1,2.0,0.1,0.2,0.0,0.2,0.3,0.0,0.2,0.6,0.1,0.3,0.0
32,88,1,2.0,0.0,0.1,0.1,0.3,0.2,0.1,0.3,0.5,0.1,0.3,0.0
32,89,1,1.0,0.0,0.1,0.1,0.1,0.1,0.0,0.1,0.2,0.1,0.2,0.0
32,90,1,6.0,0.0,0.4,0.4,0.7,0.6,0.2,0.9,1.5,0.4,0.9,0.0
32,92,1,5.0,0.0,0.3,0.3,0.6,0.5,0.2,0.8,1.2,0.3,0.8,0.0
32,97,1,1.0,0.0,0.0,0.1,0.1,0.2,0.0,0.2,0.3,0.0,0.1,0.0
32,98,1,4.0,0.0,0.1,0.3,0.5,1.0,0.0,0.7,1.2,0.0,0.2,0.0
32,99,1,3.0,0.0,0.1,0.2,0.4,0.7,0.0,0.5,0.9,0.0,0.2,0.0
32,107,1,5.5,0.0,0.3,0.6,0.4,0.6,0.0,2.4,1.2,0.0,0.0,0.0
32,108,1,6.0,0.0,0.4,0.6,0.4,0.6,0.0,2.6,1.4,0.0,0.0,0.0
32,115,1,1.0,0.0,0.1,0.1,0.1,0.1,0.0,0.4,0.2,0.0,0.0,0.0
32,116,1,3.0,0.0,0.2,0.3,0.4,0.8,0.1,0.4,0.6,0.1,0.1,0.0
32,118,1,1.0,0.0,0.1,0.1,0.1,0.3,0.0,0.1,0.2,0.0,0.1,0.0
33,2,1,2.0,0.1,0.1,0.1,0.4,0.3,0.1,0.2,0.7,0.0,0.0,0.0
33,3,1,2.0,0.1,0.1,0.1,0.4,0.3,0.1,0.2,0.7,0.0,0.0,0.0
33,6,1,3.0,0.2,0.1,0.3,0.5,0.4,0.1,0.5,0.5,0.0,0.4,0.0
33,7,1,2.0,0.1,0.0,0.2,0.4,0.3,0.1,0.3,0.3,0.0,0.3,0.0
33,8,1,5.0,0.3,0.1,0.6,0.8,0.7,0.2,0.8,0.8,0.0,0.7,0.0
33,9,1,1.0,0.1,0.0,0.1,0.2,0.1,0.0,0.2,0.2,0.0,0.1,0.0
33,11,1,1.0,0.0,0.1,0.1,0.2,0.2,0.0,0.1,0.2,0.1,0.0,0.0
33,12,1,4.0,0.1,0.4,0.3,0.6,0.9,0.0,0.5,0.7,0.3,0.2,0.0
33,14,1,4.0,0.1,0.4,0.3,0.6,0.9,0.0,0.5,0.7,0.3,0.2,0.0
33,15,1,8.0,0.3,0.8,0.5,1.3,1.8,0.1,0.9,1.4,0.6,0.3,0.0
33,16,1,4.0,0.2,0.5,0.3,0.7,0.6,0.1,0.9,0.4,0.2,0.1,0.0
33,19,1,4.0,0.2,0.5,0.3,0.7,0.6,0.1,0.9,0.4,0.2,0.1,0.0
33,20,1,2.0,0.1,0.3,0.2,0.3,0.3,0.1,0.4,0.2,0.1,0.0,0.0
33,33,1,1.0,0.0,0.1,0.0,0.1,0.2,0.0,0.2,0.2,0.0,0.2,0.0
33,40,1,4.0,0.2,0.2,0.1,0.4,0.6,0.0,0.9,1.1,0.1,0.4,0.0
33,41,1,1.0,0.0,0.1,0.0,0.1,0.2,0.0,0.2,0.3,0.0,0.1,0.0
33,46,1,3.0,0.1,0.0,0.1,0.7,0.3,0.3,0.1,1.3,0.1,0.0,0.0
33,49,1,7.0,0.3,0.0,0.3,1.7,0.5,0.5,0.3,3.1,0.3,0.0,0.0
33,52,1,5.0,0.0,0.0,0.5,0.3,0.9,0.0,1.8,1.1,0.0,0.4,0.0
33,57,1,2.0,0.1,0.0,0.1,0.3,0.1,0.0,0.4,0.9,0.0,0.1,0.0
33,59,1,1.0,0.1,0.0,0.0,0.2,0.0,0.0,0.2,0.4,0.0,0.1,0.0
33,67,1,7.5,0.0,0.2,0.5,0.8,1.8,0.0,2.5,1.0,0.4,0.3,0.0
33,68,1,2.0,0.0,0.0,0.1,0.2,0.5,0.0,0.7,0.3,0.1,0.1,0.0
33,73,1,4.0,0.0,0.6,0.2,0.0,0.9,0.0,1.3,0.4,0.0,0.6,0.0
33,74,1,4.0,0.0,0.6,0.2,0.0,0.9,0.0,1.3,0.4,0.0,0.6,0.0
33,83,1,2.0,0.1,0.2,0.0,0.2,0.3,0.0,0.2,0.6,0.1,0.3,0.0
33,84,1,2.0,0.1,0.2,0.0,0.2,0.3,0.0,0.2,0.6,0.1,0.3,0.0
33,98,1,2.0,0.0,0.0,0.2,0.2,0.5,0.0,0.4,0.6,0.0,0.1,0.0
33,101,1,2.0,0.0,0.0,0.2,0.2,0.5,0.0,0.4,0.6,0.0,0.1,0.0
33,107,1,1.0,0.0,0.1,0.1,0.1,0.1,0.0,0.4,0.2,0.0,0.0,0.0
33,108,1,2.0,0.0,0.1,0.2,0.1,0.2,0.0,0.9,0.5,0.0,0.0,0.0
33,116,1,3.0,0.0,0.2,0.3,0.4,0.8,0.1,0.4,0.6,0.1,0.1,0.0
33,122,1,4.0,0.0,0.3,0.2,0.5,0.6,0.1,0.9,0.9,0.0,0.5,0.0
33,123,1,7.0,0.0,0.5,0.3,0.8,1.1,0.3,1.6,1.6,0.0,0.8,0.0
34,10,1,5.0,0.3,0.1,0.6,0.8,0.7,0.2,0.8,0.8,0.0,0.7,0.0
34,11,1,11.5,0.4,1.1,0.7,1.8,2.7,0.1,1.3,2.0,0.9,0.5,0.0
34,13,1,1.0,0.0,0.1,0.1,0.2,0.2,0.0,0.1,0.2,0.1,0.0,0.0
34,15,1,5.0,0.2,0.5,0.3,0.8,1.1,0.0,0.6,0.9,0.4,0.2,0.0
34,16,1,2.0,0.1,0.3,0.2,0.3,0.3,0.1,0.4,0.2,0.1,0.0,0.0
34,33,1,2.0,0.0,0.2,0.0,0.3,0.4,0.1,0.3,0.3,0.1,0.3,0.0
34,41,1,2.0,0.1,0.1,0.1,0.2,0.3,0.0,0.4,0.6,0.0,0.2,0.0
34,49,1,6.0,0.2,0.0,0.3,1.4,0.5,0.5,0.3,2.6,0.2,0.0,0.0
34,51,1,3.0,0.0,0.0,0.3,0.2,0.5,0.0,1.1,0.7,0.0,0.2,0.0
34,61,1,2.0,0.0,0.1,0.0,0.1,0.7,0.0,0.3,0.7,0.1,0.0,0.0
34,65,1,1.0,0.0,0.0,0.0,0.1,0.3,0.0,0.2,0.4,0.0,0.0,0.0
34,67,1,3.0,0.0,0.1,0.2,0.3,0.7,0.0,1.0,0.4,0.2,0.1,0.0
34,68,1,2.0,0.0,0.0,0.1,0.2,0.5,0.0,0.7,0.3,0.1,0.1,0.0
34,71,1,4.0,0.0,0.6,0.2,0.0,0.9,0.0,1.3,0.4,0.0,0.6,0.0
34,78,1,8.0,0.0,0.5,0.3,1.7,1.0,0.0,2.1,1.7,0.0,0.7,0.0
34,82,1,2.0,0.1,0.2,0.0,0.2,0.3,0.0,0.2,0.6,0.1,0.3,0.0
34,85,1,2.0,0.1,0.2,0.0,0.2,0.3,0.0,0.2,0.6,0.1,0.3,0.0
34,87,1,1.0,0.0,0.1,0.1,0.1,0.1,0.0,0.1,0.2,0.1,0.2,0.0
34,91,1,2.0,0.0,0.1,0.1,0.3,0.2,0.1,0.3,0.5,0.1,0.3,0.0
34,100,1,7.0,0.0,0.2,0.5,0.9,1.7,0.0,1.2,2.1,0.0,0.4,0.0
34,103,1,1.0,0.0,0.0,0.1,0.1,0.2,0.0,0.2,0.3,0.0,0.1,0.0
34,119,1,9.0,0.0,0.7,0.7,1.1,2.3,0.4,1.1,1.9,0.4,0.4,0.0
34,120,1,3.0,0.0,0.2,0.3,0.4,0.8,0.1,0.4,0.6,0.1,0.1,0.0
34,125,1,2.0,0.0,0.1,0.1,0.2,0.3,0.1,0.5,0.5,0.0,0.2,0.0
35,2,1,1.0,0.1,0.0,0.1,0.2,0.2,0.0,0.1,0.3,0.0,0.0,0.0
35,3,1,3.0,0.2,0.1,0.1,0.6,0.5,0.1,0.3,1.0,0.0,0.1,0.0
35,10,1,1.0,0.1,0.0,0.1,0.2,0.1,0.0,0.2,0.2,0.0,0.1,0.0
35,11,1,8.0,0.3,0.8,0.5,1.3,1.8,0.1,0.9,1.4,0.6,0.3,0.0
35,12,1,11.0,0.3,1.0,0.7,1.7,2.5,0.1,1.3,2.0,0.9,0.5,0.0
35,13,1,1.0,0.0,0.1,0.1,0.2,0.2,0.0,0.1,0.2,0.1,0.0,0.0
35,20,1,24.5,1.4,3.2,1.8,4.1,3.7,0.9,5.5,2.3,1.1,0.5,0.0
35,26,1,5.0,0.1,0.5,0.1,0.7,1.0,0.2,0.7,0.7,0.2,0.7,0.1
35,41,1,4.5,0.2,0.2,0.1,0.5,0.7,0.0,1.0,1.2,0.1,0.5,0.0
35,44,1,3.0,0.2,0.2,0.1,0.3,0.5,0.0,0.6,0.8,0.0,0.3,0.0
35,50,1,1.0,0.0,0.0,0.0,0.2,0.1,0.1,0.1,0.5,0.0,0.0,0.0
35,60,1,3.5,0.2,0.0,0.1,0.6,0.1,0.0,0.7,1.5,0.1,0.2,0.0
35,63,1,7.0,0.1,0.3,0.0,0.3,2.3,0.0,1.1,2.4,0.3,0.2,0.0
35,64,1,20.0,0.4,0.9,0.0,0.9,6.5,0.0,3.0,7.0,0.9,0.4,0.0
35,65,1,4.0,0.1,0.2,0.0,0.2,1.3,0.0,0.6,1.4,0.1,0.1,0.0
35,72,1,2.0,0.0,0.3,0.1,0.0,0.5,0.0,0.6,0.2,0.0,0.3,0.0
35,79,1,9.5,0.0,0.6,0.4,2.0,1.2,0.0,2.5,2.0,0.0,0.8,0.0
35,80,1,2.0,0.0,0.1,0.1,0.4,0.3,0.0,0.5,0.4,0.0,0.2,0.0
35,82,1,2.0,0.1,0.2,0.0,0.2,0.3,0.0,0.2,0.6,0.1,0.3,0.0
35,83,1,1.0,0.0,0.1,0.0,0.1,0.2,0.0,0.1,0.3,0.0,0.2,0.0
35,84,1,1.0,0.0,0.1,0.0,0.1,0.2,0.0,0.1,0.3,0.0,0.2,0.0
35,93,1,3.0,0.0,0.2,0.2,0.4,0.3,0.1,0.4,0.7,0.2,0.5,0.0
35,95,1,5.0,0.0,0.3,0.3,0.6,0.5,0.2,0.8,1.2,0.3,0.8,0.0
35,101,1,6.0,0.0,0.1,0.4,0.8,1.5,0.0,1.1,1.8,0.0,0.3,0.0
35,118,1,4.0,0.0,0.3,0.3,0.5,1.0,0.2,0.5,0.8,0.2,0.2,0.0
35,119,1,1.0,0.0,0.1,0.1,0.1,0.3,0.0,0.1,0.2,0.0,0.1,0.0
35,122,1,4.0,0.0,0.3,0.2,0.5,0.6,0.1,0.9,0.9,0.0,0.5,0.0
36,0,1,2.0,0.1,0.1,0.1,0.4,0.3,0.1,0.2,0.7,0.0,0.0,0.0
36,2,1,1.0,0.1,0.0,0.1,0.2,0.2,0.0,0.1,0.3,0.0,0.0,0.0
36,9,1,15.0,0.9,0.3,1.8,2.6,2.1,0.6,2.3,2.3,0.0,2.1,0.0
36,10,1,7.0,0.4,0.1,0.8,1.2,1.0,0.3,1.1,1.1,0.0,1.0,0.0
36,11,1,10.0,0.3,0.9,0.6,1.6,2.3,0.1,1.2,1.8,0.8,0.4,0.0
36,12,1,7.0,0.2,0.7,0.4,1.1,1.6,0.1,0.8,1.2,0.6,0.3,0.0
36,44,1,3.0,0.2,0.2,0.1,0.3,0.5,0.0,0.6,0.8,0.0,0.3,0.0
36,50,1,2.0,0.1,0.0,0.1,0.5,0.1,0.1,0.1,0.9,0.1,0.0,0.0
36,60,1,2.0,0.1,0.0,0.1,0.3,0.1,0.0,0.4,0.9,0.0,0.1,0.0
36,63,1,5.0,0.1,0.2,0.0,0.2,1.6,0.0,0.8,1.8,0.2,0.1,0.0
36,64,1,6.0,0.1,0.3,0.0,0.3,1.9,0.0,0.9,2.1,0.3,0.1,0.0
36,80,1,4.0,0.0,0.3,0.2,0.8,0.5,0.0,1.0,0.9,0.0,0.3,0.0
36,84,1,3.0,0.1,0.2,0.0,0.2,0.5,0.0,0.3,1.0,0.2,0.5,0.0
36,87,1,5.0,0.0,0.3,0.3,0.6,0.5,0.2,0.8,1.2,0.3,0.8,0.0
36,91,1,2.0,0.0,0.1,0.1,0.3,0.2,0.1,0.3,0.5,0.1,0.3,0.0
36,110,1,3.0,0.0,0.2,0.3,0.2,0.3,0.0,1.3,0.7,0.0,0.0,0.0
36,111,1,2.0,0.0,0.1,0.2,0.1,0.2,0.0,0.9,0.5,0.0,0.0,0.0
37,9,1,4.0,0.2,0.1,0.2,0.5,0.6,0.1,1.1,0.8,0.0,0.4,0.0
37,11,1,5.0,0.3,0.1,0.3,0.6,0.8,0.1,1.3,1.0,0.0,0.5,0.0
37,33,1,22.0,0.3,2.1,0.3,3.0,4.3,0.9,3.3,3.3,0.9,3.3,0.3
37,35,1,2.0,0.0,0.2,0.0,0.3,0.4,0.1,0.3,0.3,0.1,0.3,0.0
37,42,1,2.0,0.1,0.1,0.1,0.2,0.3,0.0,0.4,0.6,0.0,0.2,0.0
37,44,1,1.0,0.0,0.1,0.0,0.1,0.2,0.0,0.2,0.3,0.0,0.1,0.0
37,63,1,1.0,0.1,0.0,0.0,0.2,0.0,0.0,0.2,0.4,0.0,0.1,0.0
37,64,1,5.0,0.3,0.1,0.1,0.8,0.1,0.0,1.0,2.1,0.1,0.4,0.0
37,65,1,3.0,0.2,0.0,0.1,0.5,0.1,0.0,0.6,1.3,0.0,0.2,0.0
37,81,1,2.0,0.0,0.0,0.2,0.3,0.3,0.0,0.3,0.7,0.0,0.2,0.0
37,83,1,7.0,0.1,0.2,0.5,1.1,0.9,0.1,1.1,2.5,0.0,0.5,0.0
37,89,1,1.0,0.0,0.0,0.0,0.0,0.1,0.0,0.3,0.4,0.0,0.2,0.0
37,108,1,2.0,0.0,0.1,0.2,0.1,0.2,0.0,0.9,0.5,0.0,0.0,0.0
38,10,1,4.0,0.2,0.1,0.2,0.5,0.6,0.1,1.1,0.8,0.0,0.4,0.0
38,11,1,4.0,0.2,0.1,0.2,0.5,0.6,0.1,1.1,0.8,0.0,0.4,0.0
38,12,1,3.0,0.1,0.1,0.1,0.4,0.5,0.1,0.8,0.6,0.0,0.3,0.0
38,13,1,7.0,0.3,0.2,0.4,0.9,1.1,0.2,1.8,1.4,0.0,0.7,0.0
38,33,1,16.0,0.2,1.5,0.2,2.2,3.1,0.7,2.4,2.4,0.7,2.4,0.2
38,39,1,2.0,0.1,0.1,0.1,0.2,0.3,0.0,0.4,0.6,0.0,0.2,0.0
38,40,1,1.0,0.0,0.1,0.0,0.1,0.2,0.0,0.2,0.3,0.0,0.1,0.0
38,44,1,1.0,0.0,0.1,0.0,0.1,0.2,0.0,0.2,0.3,0.0,0.1,0.0
38,55,1,1.0,0.0,0.0,0.1,0.1,0.2,0.0,0.3,0.2,0.0,0.1,0.0
38,59,1,1.0,0.1,0.0,0.0,0.2,0.0,0.0,0.2,0.4,0.0,0.1,0.0
38,62,1,6.0,0.4,0.1,0.1,1.0,0.1,0.0,1.2,2.6,0.1,0.4,0.0
38,63,1,4.0,0.3,0.0,0.1,0.6,0.1,0.0,0.8,1.7,0.1,0.3,0.0
38,64,1,3.0,0.2,0.0,0.1,0.5,0.1,0.0,0.6,1.3,0.0,0.2,0.0
38,66,1,13.5,0.7,1.1,0.7,1.0,3.4,0.0,4.2,1.7,0.4,0.3,0.0
38,67,1,6.0,0.3,0.5,0.3,0.4,1.5,0.0,1.9,0.8,0.2,0.1,0.0
38,68,1,2.0,0.1,0.2,0.1,0.1,0.5,0.0,0.6,0.3,0.1,0.0,0.0
38,69,1,6.0,0.3,0.5,0.3,0.4,1.5,0.0,1.9,0.8,0.2,0.1,0.0
38,70,1,2.0,0.1,0.2,0.1,0.1,0.5,0.0,0.6,0.3,0.1,0.0,0.0
38,73,1,1.0,0.0,0.0,0.1,0.1,0.2,0.0,0.4,0.1,0.1,0.0,0.0
38,82,1,1.0,0.0,0.0,0.1,0.1,0.1,0.0,0.2,0.4,0.0,0.1,0.0
38,84,1,8.0,0.1,0.2,0.6,1.2,1.1,0.1,1.2,2.9,0.0,0.6,0.0
38,85,1,3.0,0.1,0.1,0.2,0.4,0.4,0.1,0.4,1.1,0.0,0.2,0.0
38,88,1,3.0,0.0,0.0,0.1,0.1,0.4,0.0,0.7,1.3,0.0,0.4,0.0
38,108,1,6.0,0.0,0.4,0.6,0.4,0.6,0.0,2.6,1.4,0.0,0.0,0.0
38,115,1,4.0,0.0,0.3,0.4,0.3,0.4,0.0,1.7,0.9,0.0,0.0,0.0
39,4,1,8.0,0.5,0.3,0.4,1.5,1.3,0.3,0.8,2.7,0.0,0.2,0.0
39,10,1,4.0,0.2,0.1,0.2,0.5,0.6,0.1,1.1,0.8,0.0,0.4,0.0
39,33,1,1.0,0.0,0.1,0.0,0.1,0.2,0.0,0.2,0.2,0.0,0.2,0.0
39,55,1,10.0,0.0,0.0,1.1,0.7,1.8,0.0,3.6,2.1,0.0,0.7,0.0
39,56,1,3.0,0.2,0.0,0.1,0.5,0.1,0.0,0.6,1.3,0.0,0.2,0.0
39,62,1,2.0,0.1,0.0,0.1,0.3,0.1,0.0,0.4,0.9,0.0,0.1,0.0
39,64,1,5.0,0.3,0.1,0.1,0.8,0.1,0.0,1.0,2.1,0.1,0.4,0.0
39,66,1,3.0,0.2,0.2,0.2,0.2,0.8,0.0,0.9,0.4,0.1,0.0,0.0
39,70,1,14.5,0.8,1.2,0.8,1.0,3.7,0.0,4.5,1.8,0.4,0.3,0.0
39,73,1,2.0,0.0,0.0,0.1,0.2,0.5,0.0,0.7,0.3,0.1,0.1,0.0
39,80,1,6.5,0.3,0.5,0.0,0.5,1.1,0.0,0.5,2.1,0.4,1.1,0.0
39,84,1,3.0,0.1,0.1,0.2,0.4,0.4,0.1,0.4,1.1,0.0,0.2,0.0
39,85,1,10.0,0.2,0.2,0.7,1.5,1.3,0.2,1.5,3.6,0.0,0.8,0.0
39,87,1,3.0,0.0,0.0,0.1,0.1,0.4,0.0,0.7,1.3,0.0,0.4,0.0
39,92,1,2.0,0.1,0.3,0.0,0.0,0.2,0.0,0.5,0.7,0.0,0.2,0.0
39,93,1,3.0,0.1,0.4,0.1,0.1,0.3,0.0,0.7,1.0,0.0,0.3,0.0
39,108,1,3.0,0.0,0.2,0.3,0.2,0.3,0.0,1.3,0.7,0.0,0.0,0.0
39,112,1,4.0,0.0,0.3,0.4,0.3,0.4,0.0,1.7,0.9,0.0,0.0,0.0
39,116,1,4.0,0.0,0.3,0.2,0.5,0.6,0.1,0.9,0.9,0.0,0.5,0.0
39,125,1,1.0,0.0,0.1,0.1,0.1,0.2,0.0,0.2,0.2,0.0,0.1,0.0
40,32,1,1.0,0.0,0.1,0.0,0.1,0.2,0.0,0.2,0.2,0.0,0.2,0.0
40,34,1,8.0,0.1,0.8,0.1,1.1,1.6,0.3,1.2,1.2,0.3,1.2,0.1
40,42,1,5.0,0.3,0.3,0.1,0.5,0.8,0.0,1.1,1.3,0.1,0.5,0.0
40,47,1,2.0,0.0,0.0,0.2,0.1,0.4,0.0,0.7,0.4,0.0,0.2,0.0
40,52,1,1.0,0.0,0.0,0.1,0.1,0.2,0.0,0.3,0.2,0.0,0.1,0.0
40,55,1,1.0,0.0,0.0,0.1,0.1,0.2,0.0,0.3,0.2,0.0,0.1,0.0
40,65,1,3.0,0.2,0.0,0.1,0.5,0.1,0.0,0.6,1.3,0.0,0.2,0.0
40,66,1,1.0,0.1,0.1,0.1,0.1,0.2,0.0,0.3,0.1,0.0,0.0,0.0
40,69,1,2.0,0.1,0.2,0.1,0.1,0.5,0.0,0.6,0.3,0.1,0.0,0.0
40,82,1,2.0,0.0,0.0,0.2,0.3,0.3,0.0,0.3,0.7,0.0,0.2,0.0
40,83,1,4.0,0.1,0.1,0.3,0.6,0.5,0.1,0.6,1.4,0.0,0.3,0.0
40,84,1,1.0,0.0,0.0,0.1,0.1,0.1,0.0,0.2,0.4,0.0,0.1,0.0
40,85,1,3.0,0.1,0.1,0.2,0.4,0.4,0.1,0.4,1.1,0.0,0.2,0.0
40,86,1,5.0,0.0,0.0,0.1,0.2,0.6,0.0,1.2,2.1,0.0,0.8,0.0
40,87,1,4.0,0.0,0.0,0.1,0.1,0.5,0.0,1.0,1.7,0.0,0.6,0.0
40,88,1,1.0,0.0,0.0,0.0,0.0,0.1,0.0,0.3,0.4,0.0,0.2,0.0
40,93,1,19.0,0.9,2.6,0.4,0.4,2.2,0.0,4.3,6.5,0.0,1.7,0.0
40,94,1,8.0,0.4,1.1,0.2,0.2,0.9,0.0,1.8,2.7,0.0,0.7,0.0
40,119,1,1.0,0.0,0.1,0.1,0.1,0.2,0.0,0.2,0.2,0.0,0.1,0.0
41,14,1,8.0,0.4,0.2,0.4,1.0,1.2,0.2,2.1,1.7,0.0,0.8,0.0
41,17,1,2.0,0.1,0.3,0.2,0.3,0.3,0.1,0.4,0.2,0.1,0.0,0.0
41,31,1,6.0,0.1,0.6,0.1,0.8,1.2,0.2,0.9,0.9,0.2,0.9,0.1
41,32,1,8.0,0.1,0.8,0.1,1.1,1.6,0.3,1.2,1.2,0.3,1.2,0.1
41,53,1,2.0,0.0,0.0,0.2,0.1,0.4,0.0,0.7,0.4,0.0,0.2,0.0
41,67,1,5.0,0.3,0.4,0.3,0.4,1.3,0.0,1.5,0.6,0.1,0.1,0.0
41,71,1,2.0,0.0,0.0,0.1,0.2,0.5,0.0,0.7,0.3,0.1,0.1,0.0
41,84,1,1.0,0.0,0.0,0.1,0.1,0.1,0.0,0.2,0.4,0.0,0.1,0.0
41,85,1,8.0,0.1,0.2,0.6,1.2,1.1,0.1,1.2,2.9,0.0,0.6,0.0
41,86,1,6.0,0.0,0.0,0.2,0.2,0.7,0.0,1.5,2.5,0.0,0.9,0.0
41,87,1,1.0,0.0,0.0,0.0,0.0,0.1,0.0,0.3,0.4,0.0,0.2,0.0
41,89,1,2.0,0.0,0.0,0.1,0.1,0.2,0.0,0.5,0.8,0.0,0.3,0.0
41,90,1,7.0,0.0,0.0,0.2,0.2,0.8,0.0,1.7,3.0,0.0,1.1,0.0
41,91,1,2.0,0.1,0.3,0.0,0.0,0.2,0.0,0.5,0.7,0.0,0.2,0.0
41,92,1,2.0,0.1,0.3,0.0,0.0,0.2,0.0,0.5,0.7,0.0,0.2,0.0
41,93,1,5.0,0.2,0.7,0.1,0.1,0.6,0.0,1.1,1.7,0.0,0.5,0.0
41,94,1,3.0,0.1,0.4,0.1,0.1,0.3,0.0,0.7,1.0,0.0,0.3,0.0
41,120,1,1.0,0.0,0.1,0.1,0.1,0.2,0.0,0.2,0.2,0.0,0.1,0.0
41,125,1,2.0,0.0,0.1,0.1,0.2,0.3,0.1,0.5,0.5,0.0,0.2,0.0
42,11,1,2.0,0.1,0.0,0.1,0.4,0.1,0.0,0.4,0.7,0.1,0.1,0.0
42,12,1,1.0,0.0,0.0,0.0,0.2,0.1,0.0,0.2,0.3,0.1,0.1,0.0
42,13,1,1.0,0.0,0.0,0.0,0.2,0.1,0.0,0.2,0.3,0.1,0.1,0.0
42,14,1,1.0,0.0,0.0,0.0,0.2,0.1,0.0,0.2,0.3,0.1,0.1,0.0
42,17,1,9.0,0.2,0.5,0.4,0.7,1.9,0.0,2.1,1.3,0.2,1.7,0.0
42,26,1,7.0,0.1,0.4,0.4,1.5,1.4,0.1,0.6,1.0,0.6,0.9,0.0
42,30,1,7.0,0.1,0.4,0.4,1.5,1.4,0.1,0.6,1.0,0.6,0.9,0.0
42,43,1,2.0,0.0,0.1,0.1,0.2,0.3,0.0,0.5,0.5,0.0,0.3,0.0
42,50,1,6.0,0.3,0.0,0.0,0.7,0.8,0.2,1.3,1.5,0.4,0.8,0.0
42,52,1,10.0,0.0,1.0,0.7,1.4,1.4,0.0,2.5,2.5,0.5,0.0,0.0
42,60,1,2.0,0.0,0.2,0.1,0.0,0.4,0.0,0.6,0.4,0.0,0.3,0.0
42,61,1,5.0,0.0,0.6,0.3,0.1,1.0,0.1,1.4,0.9,0.0,0.6,0.0
42,65,1,6.0,0.0,0.7,0.3,0.1,1.2,0.1,1.7,1.1,0.0,0.8,0.0
42,83,1,4.0,0.0,0.0,0.2,0.4,0.4,0.0,0.7,1.8,0.3,0.2,0.0
42,84,1,6.0,0.0,0.0,0.2,0.7,0.7,0.0,1.1,2.7,0.4,0.2,0.0
42,86,1,2.0,0.0,0.2,0.0,0.2,0.4,0.1,0.5,0.4,0.1,0.1,0.0
42,87,1,2.0,0.0,0.2,0.0,0.2,0.4,0.1,0.5,0.4,0.1,0.1,0.0
42,116,1,3.0,0.0,0.0,0.1,0.1,0.5,0.0,1.1,1.0,0.0,0.2,0.0
42,120,1,2.0,0.0,0.0,0.1,0.1,0.3,0.0,0.7,0.7,0.0,0.1,0.0
43,13,1,8.0,0.3,0.0,0.3,1.5,0.6,0.0,1.5,2.7,0.5,0.6,0.0
43,14,1,7.5,0.3,0.0,0.3,1.4,0.6,0.0,1.4,2.5,0.4,0.6,0.0
43,17,1,2.0,0.0,0.1,0.1,0.2,0.4,0.0,0.5,0.3,0.0,0.4,0.0
43,19,1,2.0,0.0,0.1,0.1,0.2,0.4,0.0,0.5,0.3,0.0,0.4,0.0
43,21,1,2.0,0.0,0.1,0.1,0.2,0.4,0.0,0.5,0.3,0.0,0.4,0.0
43,25,1,2.0,0.0,0.1,0.1,0.2,0.4,0.0,0.5,0.3,0.0,0.4,0.0
43,26,1,4.0,0.1,0.2,0.2,0.8,0.8,0.1,0.4,0.6,0.3,0.5,0.0
43,38,1,2.0,0.0,0.1,0.1,0.2,0.3,0.0,0.5,0.5,0.0,0.3,0.0
43,48,1,3.0,0.1,0.0,0.0,0.4,0.4,0.1,0.6,0.8,0.2,0.4,0.0
43,49,1,1.0,0.1,0.0,0.0,0.1,0.1,0.0,0.2,0.3,0.1,0.1,0.0
43,53,1,1.0,0.0,0.1,0.1,0.1,0.1,0.0,0.2,0.3,0.1,0.0,0.0
43,58,1,2.0,0.0,0.2,0.1,0.0,0.4,0.0,0.6,0.4,0.0,0.3,0.0
43,61,1,6.0,0.0,0.7,0.3,0.1,1.2,0.1,1.7,1.1,0.0,0.8,0.0
43,62,1,1.0,0.0,0.1,0.1,0.0,0.2,0.0,0.3,0.2,0.0,0.1,0.0
43,63,1,4.0,0.0,0.5,0.2,0.1,0.8,0.1,1.1,0.7,0.0,0.5,0.0
43,68,1,2.0,0.2,0.1,0.0,0.3,0.3,0.0,0.3,0.6,0.1,0.1,0.0
43,70,1,7.0,0.7,0.3,0.0,1.1,1.1,0.1,1.1,2.0,0.3,0.3,0.0
43,71,1,4.0,0.1,0.1,0.3,0.6,0.7,0.0,0.7,1.2,0.2,0.1,0.0
43,76,1,2.0,0.0,0.2,0.0,0.2,0.4,0.1,0.5,0.4,0.1,0.1,0.0
43,80,1,3.0,0.0,0.3,0.1,0.3,0.6,0.1,0.8,0.5,0.1,0.2,0.0
43,83,1,2.0,0.0,0.0,0.1,0.2,0.2,0.0,0.4,0.9,0.1,0.1,0.0
43,84,1,4.0,0.0,0.0,0.2,0.4,0.4,0.0,0.7,1.8,0.3,0.2,0.0
43,114,1,4.0,0.1,0.3,0.3,0.3,0.7,0.0,0.8,0.9,0.2,0.4,0.0
43,116,1,1.0,0.0,0.0,0.0,0.0,0.2,0.0,0.4,0.3,0.0,0.1,0.0
43,118,1,4.0,0.0,0.0,0.1,0.2,0.6,0.0,1.5,1.4,0.0,0.2,0.0
43,121,1,3.0,0.1,0.3,0.0,0.5,0.9,0.0,0.3,0.6,0.0,0.3,0.0
43,122,1,15.0,0.7,1.5,0.0,2.3,4.5,0.0,1.5,3.0,0.0,1.5,0.0
44,1,1,16.0,0.4,0.9,0.9,1.8,2.6,0.0,2.7,3.1,0.9,2.7,0.0
44,2,1,10.0,0.3,0.5,0.6,1.1,1.7,0.0,1.7,1.9,0.5,1.7,0.0
44,4,1,4.0,0.1,0.2,0.2,0.4,0.7,0.0,0.7,0.8,0.2,0.7,0.0
44,13,1,4.0,0.1,0.0,0.1,0.8,0.3,0.0,0.8,1.4,0.2,0.3,0.0
44,15,1,2.0,0.1,0.0,0.1,0.4,0.1,0.0,0.4,0.7,0.1,0.1,0.0
44,16,1,4.0,0.1,0.2,0.2,0.3,0.8,0.0,0.9,0.6,0.1,0.8,0.0
44,19,1,3.0,0.1,0.2,0.1,0.2,0.6,0.0,0.7,0.4,0.1,0.6,0.0
44,27,1,4.0,0.1,0.2,0.2,0.8,0.8,0.1,0.4,0.6,0.3,0.5,0.0
44,30,1,1.0,0.0,0.1,0.1,0.2,0.2,0.0,0.1,0.1,0.1,0.1,0.0
44,38,1,3.5,0.0,0.2,0.1,0.4,0.5,0.0,0.8,0.9,0.1,0.5,0.0
44,39,1,11.0,0.0,0.6,0.3,1.2,1.7,0.0,2.7,2.7,0.3,1.5,0.0
44,45,1,1.0,0.0,0.1,0.0,0.1,0.2,0.0,0.2,0.3,0.0,0.1,0.0
44,58,1,2.0,0.0,0.2,0.1,0.0,0.4,0.0,0.6,0.4,0.0,0.3,0.0
44,60,1,1.0,0.0,0.1,0.1,0.0,0.2,0.0,0.3,0.2,0.0,0.1,0.0
44,71,1,8.0,0.2,0.2,0.5,1.1,1.5,0.0,1.5,2.4,0.4,0.2,0.0
44,72,1,13.0,0.3,0.3,0.9,1.8,2.4,0.0,2.4,4.0,0.6,0.3,0.0
44,82,1,5.0,0.0,0.0,0.2,0.5,0.6,0.0,0.9,2.2,0.4,0.2,0.0
44,83,1,6.0,0.0,0.0,0.2,0.7,0.7,0.0,1.1,2.7,0.4,0.2,0.0
44,105,1,4.0,0.0,0.1,0.3,0.5,1.0,0.0,0.7,1.2,0.0,0.2,0.0
44,113,1,2.0,0.0,0.1,0.2,0.1,0.4,0.0,0.4,0.5,0.1,0.2,0.0
44,116,1,3.0,0.0,0.0,0.1,0.1,0.5,0.0,1.1,1.0,0.0,0.2,0.0
45,1,1,4.0,0.1,0.2,0.2,0.4,0.7,0.0,0.7,0.8,0.2,0.7,0.0
45,27,1,1.0,0.0,0.1,0.1,0.2,0.2,0.0,0.1,0.1,0.1,0.1,0.0
45,39,1,8.0,0.0,0.4,0.2,0.9,1.2,0.0,2.0,2.0,0.2,1.1,0.0
45,40,1,2.0,0.0,0.1,0.1,0.2,0.3,0.0,0.5,0.5,0.0,0.3,0.0
45,46,1,6.0,0.3,0.0,0.0,0.7,0.8,0.2,1.3,1.5,0.4,0.8,0.0
45,68,1,1.0,0.1,0.0,0.0,0.2,0.2,0.0,0.2,0.3,0.0,0.0,0.0
45,69,1,12.0,1.2,0.5,0.0,1.9,1.9,0.2,1.9,3.4,0.5,0.5,0.0
45,70,1,7.0,0.7,0.3,0.0,1.1,1.1,0.1,1.1,2.0,0.3,0.3,0.0
45,71,1,1.0,0.0,0.0,0.1,0.1,0.2,0.0,0.2,0.3,0.1,0.0,0.0
45,72,1,1.0,0.0,0.0,0.1,0.1,0.2,0.0,0.2,0.3,0.1,0.0,0.0
45,73,1,1.0,0.0,0.0,0.1,0.1,0.2,0.0,0.2,0.3,0.1,0.0,0.0
45,74,1,3.0,0.1,0.1,0.2,0.4,0.5,0.0,0.6,0.9,0.1,0.1,0.0
45,80,1,8.5,0.0,0.9,0.1,0.8,1.7,0.3,2.2,1.6,0.4,0.5,0.0
45,105,1,2.0,0.0,0.0,0.2,0.2,0.5,0.0,0.4,0.6,0.0,0.1,0.0
45,108,1,3.0,0.1,0.2,0.3,0.2,0.5,0.0,0.6,0.7,0.1,0.3,0.0
45,118,1,2.0,0.0,0.0,0.1,0.1,0.3,0.0,0.7,0.7,0.0,0.1,0.0
46,1,1,2.0,0.1,0.1,0.1,0.2,0.3,0.0,0.3,0.4,0.1,0.4,0.0
46,37,1,5.0,0.0,0.3,0.1,0.6,0.8,0.0,1.2,1.2,0.1,0.7,0.0
46,50,1,2.0,0.1,0.0,0.0,0.2,0.3,0.1,0.4,0.5,0.1,0.3,0.0
46,51,1,3.0,0.0,0.3,0.2,0.4,0.4,0.0,0.7,0.8,0.2,0.0,0.0
46,52,1,10.0,0.0,1.0,0.7,1.4,1.4,0.0,2.5,2.5,0.5,0.0,0.0
46,53,1,4.5,0.0,0.5,0.3,0.6,0.6,0.0,1.1,1.1,0.3,0.0,0.0
46,69,1,4.0,0.4,0.2,0.0,0.6,0.6,0.1,0.6,1.1,0.2,0.2,0.0
46,70,1,1.0,0.1,0.0,0.0,0.2,0.2,0.0,0.2,0.3,0.0,0.0,0.0
46,71,1,3.0,0.1,0.1,0.2,0.4,0.5,0.0,0.6,0.9,0.1,0.1,0.0
46,72,1,3.0,0.1,0.1,0.2,0.4,0.5,0.0,0.6,0.9,0.1,0.1,0.0
46,73,1,6.0,0.1,0.2,0.4,0.8,1.1,0.0,1.1,1.8,0.3,0.2,0.0
46,80,1,2.0,0.0,0.2,0.0,0.2,0.4,0.1,0.5,0.4,0.1,0.1,0.0
46,111,1,2.0,0.0,0.1,0.2,0.1,0.4,0.0,0.4,0.5,0.1,0.2,0.0
46,119,1,2.0,0.0,0.0,0.1,0.1,0.3,0.0,0.7,0.7,0.0,0.1,0.0
46,124,1,2.0,0.1,0.2,0.0,0.3,0.6,0.0,0.2,0.4,0.0,0.2,0.0
47,15,1,6.0,0.4,0.3,0.3,0.9,1.6,0.0,0.8,1.6,0.1,0.0,0.0
47,22,1,5.0,0.1,0.3,0.2,0.4,1.1,0.0,1.2,0.7,0.1,0.9,0.0
47,43,1,4.0,0.0,0.2,0.1,0.5,0.6,0.0,1.0,1.0,0.1,0.5,0.0
47,51,1,4.0,0.2,0.0,0.0,0.5,0.5,0.1,0.8,1.0,0.3,0.6,0.0
47,53,1,4.0,0.2,0.0,0.0,0.5,0.5,0.1,0.8,1.0,0.3,0.6,0.0
47,64,1,2.0,0.0,0.2,0.1,0.0,0.4,0.0,0.6,0.4,0.0,0.3,0.0
47,70,1,2.0,0.2,0.1,0.0,0.3,0.3,0.0,0.3,0.6,0.1,0.1,0.0
47,71,1,7.0,0.2,0.5,0.6,0.8,0.9,0.4,1.4,1.2,0.3,0.7,0.0
47,72,1,3.0,0.1,0.2,0.2,0.4,0.4,0.2,0.6,0.5,0.1,0.3,0.0
47,80,1,1.0,0.0,0.1,0.0,0.1,0.2,0.0,0.3,0.2,0.0,0.1,0.0
47,87,1,1.0,0.0,0.1,0.0,0.1,0.2,0.0,0.3,0.2,0.0,0.1,0.0
47,106,1,5.0,0.1,0.3,0.5,0.4,0.9,0.0,1.0,1.1,0.2,0.5,0.0
47,110,1,5.0,0.1,0.3,0.5,0.4,0.9,0.0,1.0,1.1,0.2,0.5,0.0
47,115,1,6.0,0.1,0.4,0.5,0.4,1.1,0.0,1.2,1.4,0.3,0.6,0.0
47,125,1,2.0,0.0,0.0,0.1,0.1,0.3,0.0,0.7,0.7,0.0,0.1,0.0
48,9,1,6.0,0.4,0.3,0.3,0.9,1.6,0.0,0.8,1.6,0.1,0.0,0.0
48,11,1,1.0,0.1,0.0,0.0,0.2,0.3,0.0,0.1,0.3,0.0,0.0,0.0
48,12,1,4.0,0.3,0.2,0.2,0.6,1.0,0.0,0.5,1.1,0.1,0.0,0.0
48,15,1,1.0,0.1,0.0,0.0,0.2,0.3,0.0,0.1,0.3,0.0,0.0,0.0
48,27,1,1.0,0.0,0.1,0.1,0.2,0.2,0.0,0.1,0.1,0.1,0.1,0.0
48,44,1,1.0,0.0,0.1,0.0,0.1,0.2,0.0,0.2,0.3,0.0,0.1,0.0
48,47,1,4.0,0.2,0.0,0.0,0.5,0.5,0.1,0.8,1.0,0.3,0.6,0.0
48,52,1,2.0,0.1,0.0,0.0,0.2,0.3,0.1,0.4,0.5,0.1,0.3,0.0
48,60,1,1.0,0.0,0.1,0.0,0.2,0.1,0.0,0.2,0.2,0.1,0.1,0.0
48,61,1,2.0,0.0,0.2,0.1,0.0,0.4,0.0,0.6,0.4,0.0,0.3,0.0
48,62,1,4.0,0.0,0.5,0.2,0.1,0.8,0.1,1.1,0.7,0.0,0.5,0.0
48,71,0,28.5,0.0,3.5,1.0,3.0,7.0,0.0,5.0,6.0,0.0,3.0,0.0
48,72,1,17.0,0.4,1.2,1.4,2.1,2.3,1.0,3.5,2.9,0.6,1.6,0.0
48,73,1,6.0,0.2,0.4,0.5,0.7,0.8,0.4,1.2,1.0,0.2,0.6,0.0
48,76,1,2.0,0.0,0.2,0.0,0.2,0.4,0.1,0.5,0.4,0.1,0.1,0.0
48,78,1,2.0,0.0,0.2,0.0,0.2,0.4,0.1,0.5,0.4,0.1,0.1,0.0
48,79,1,4.0,0.0,0.4,0.1,0.4,0.8,0.2,1.0,0.7,0.2,0.2,0.0
48,85,1,1.0,0.0,0.1,0.0,0.1,0.2,0.0,0.3,0.2,0.0,0.1,0.0
48,86,1,2.0,0.0,0.2,0.0,0.2,0.4,0.1,0.5,0.4,0.1,0.1,0.0
48,103,1,4.0,0.0,0.1,0.3,0.5,1.0,0.0,0.7,1.2,0.0,0.2,0.0
48,108,1,2.0,0.0,0.1,0.2,0.1,0.4,0.0,0.4,0.5,0.1,0.2,0.0
48,124,1,4.0,0.0,0.0,0.1,0.2,0.6,0.0,1.5,1.4,0.0,0.2,0.0
49,9,1,2.0,0.1,0.1,0.1,0.3,0.5,0.0,0.3,0.5,0.1,0.0,0.0
49,12,1,5.0,0.4,0.2,0.2,0.8,1.3,0.0,0.7,1.3,0.1,0.0,0.0
49,13,1,4.0,0.3,0.2,0.2,0.6,1.0,0.0,0.5,1.1,0.1,0.0,0.0
49,17,1,2.0,0.0,0.1,0.1,0.2,0.4,0.0,0.5,0.3,0.0,0.4,0.0
49,18,1,3.0,0.1,0.2,0.1,0.2,0.6,0.0,0.7,0.4,0.1,0.6,0.0
49,19,1,2.0,0.0,0.1,0.1,0.2,0.4,0.0,0.5,0.3,0.0,0.4,0.0
49,24,1,1.0,0.0,0.1,0.0,0.1,0.2,0.0,0.2,0.2,0.0,0.2,0.0
49,35,1,3.0,0.0,0.2,0.2,0.6,0.6,0.0,0.3,0.4,0.3,0.4,0.0
49,36,1,1.0,0.0,0.1,0.0,0.1,0.2,0.0,0.2,0.3,0.0,0.1,0.0
49,38,1,2.0,0.0,0.1,0.1,0.2,0.3,0.0,0.5,0.5,0.0,0.3,0.0
49,42,1,2.0,0.0,0.1,0.1,0.2,0.3,0.0,0.5,0.5,0.0,0.3,0.0
49,46,1,1.0,0.1,0.0,0.0,0.1,0.1,0.0,0.2,0.3,0.1,0.1,0.0
49,51,1,5.0,0.2,0.0,0.0,0.6,0.7,0.1,1.0,1.3,0.4,0.7,0.0
49,62,1,3.0,0.0,0.4,0.1,0.1,0.6,0.1,0.8,0.5,0.0,0.4,0.0
49,71,1,8.0,0.2,0.6,0.7,1.0,1.0,0.5,1.6,1.3,0.3,0.8,0.0
49,72,1,15.0,0.4,1.1,1.3,1.8,2.0,0.9,3.1,2.5,0.5,1.4,0.0
49,73,1,8.0,0.2,0.6,0.7,1.0,1.0,0.5,1.6,1.3,0.3,0.8,0.0
49,74,1,1.0,0.0,0.1,0.1,0.1,0.1,0.1,0.2,0.2,0.0,0.1,0.0
49,75,1,1.0,0.0,0.1,0.1,0.1,0.1,0.1,0.2,0.2,0.0,0.1,0.0
49,77,1,7.0,0.0,0.8,0.1,0.6,1.4,0.3,1.8,1.3,0.3,0.4,0.0
49,78,1,4.0,0.0,0.4,0.1,0.4,0.8,0.2,1.0,0.7,0.2,0.2,0.0
49,79,1,2.0,0.0,0.2,0.0,0.2,0.4,0.1,0.5,0.4,0.1,0.1,0.0
49,83,1,4.0,0.0,0.4,0.1,0.4,0.8,0.2,1.0,0.7,0.2,0.2,0.0
49,111,1,5.0,0.1,0.3,0.5,0.4,0.9,0.0,1.0,1.1,0.2,0.5,0.0
49,123,1,2.0,0.0,0.0,0.1,0.1,0.3,0.0,0.7,0.7,0.0,0.1,0.0
49,125,1,4.0,0.0,0.0,0.1,0.2,0.6,0.0,1.5,1.4,0.0,0.2,0.0
50,6,1,4.0,0.3,0.2,0.2,0.6,1.0,0.0,0.5,1.1,0.1,0.0,0.0
50,7,1,3.0,0.2,0.1,0.1,0.5,0.8,0.0,0.4,0.8,0.1,0.0,0.0
50,8,1,1.0,0.1,0.0,0.0,0.2,0.3,0.0,0.1,0.3,0.0,0.0,0.0
50,9,1,4.0,0.3,0.2,0.2,0.6,1.0,0.0,0.5,1.1,0.1,0.0,0.0
50,19,1,1.0,0.0,0.1,0.0,0.1,0.2,0.0,0.2,0.2,0.0,0.2,0.0
50,22,1,2.0,0.0,0.1,0.1,0.2,0.4,0.0,0.5,0.3,0.0,0.4,0.0
50,23,1,8.0,0.2,0.5,0.3,0.7,1.6,0.0,1.8,1.2,0.2,1.5,0.0
50,29,1,8.0,0.1,0.5,0.4,1.7,1.6,0.2,0.7,1.1,0.7,1.0,0.0
50,31,1,5.0,0.1,0.3,0.3,1.1,1.0,0.1,0.4,0.7,0.4,0.6,0.0
50,32,1,6.0,0.1,0.4,0.3,1.3,1.2,0.1,0.5,0.9,0.5,0.7,0.0
50,48,1,2.0,0.1,0.0,0.0,0.2,0.3,0.1,0.4,0.5,0.1,0.3,0.0
50,53,1,3.0,0.1,0.0,0.0,0.4,0.4,0.1,0.6,0.8,0.2,0.4,0.0
50,59,1,1.0,0.0,0.1,0.0,0.2,0.1,0.0,0.2,0.2,0.1,0.1,0.0
50,60,1,6.0,0.2,0.9,0.0,1.1,0.4,0.2,0.9,0.9,0.9,0.5,0.0
50,70,1,6.0,0.6,0.2,0.0,1.0,1.0,0.1,1.0,1.7,0.2,0.2,0.0
50,71,1,5.0,0.1,0.4,0.4,0.6,0.7,0.3,1.0,0.8,0.2,0.5,0.0
50,72,1,1.0,0.0,0.1,0.1,0.1,0.1,0.1,0.2,0.2,0.0,0.1,0.0
50,73,1,2.0,0.1,0.1,0.2,0.2,0.3,0.1,0.4,0.3,0.1,0.2,0.0
50,74,1,4.0,0.1,0.3,0.3,0.5,0.5,0.2,0.8,0.7,0.2,0.4,0.0
50,85,1,2.0,0.0,0.2,0.0,0.2,0.4,0.1,0.5,0.4,0.1,0.1,0.0
50,105,1,4.0,0.0,0.1,0.3,0.5,1.0,0.0,0.7,1.2,0.0,0.2,0.0
50,117,1,2.0,0.0,0.0,0.1,0.1,0.3,0.0,0.7,0.7,0.0,0.1,0.0
50,127,1,4.0,0.2,0.3,0.4,0.5,0.9,0.0,0.6,1.0,0.1,0.0,0.0
51,14,1,4.0,0.3,0.2,0.2,0.6,1.0,0.0,0.5,1.1,0.1,0.0,0.0
51,27,1,6.5,0.1,0.4,0.3,1.4,1.3,0.1,0.6,0.9,0.6,0.8,0.0
51,29,1,3.0,0.0,0.2,0.2,0.6,0.6,0.0,0.3,0.4,0.3,0.4,0.0
51,58,1,13.0,0.5,1.9,0.0,2.4,1.0,0.5,1.9,1.9,1.9,1.0,0.0
51,59,1,6.0,0.2,0.9,0.0,1.1,0.4,0.2,0.9,0.9,0.9,0.5,0.0
51,68,1,1.0,0.1,0.0,0.0,0.2,0.2,0.0,0.2,0.3,0.0,0.0,0.0
51,69,1,1.0,0.1,0.0,0.0,0.2,0.2,0.0,0.2,0.3,0.0,0.0,0.0
51,70,1,6.0,0.6,0.2,0.0,1.0,1.0,0.1,1.0,1.7,0.2,0.2,0.0
51,71,1,1.0,0.0,0.1,0.1,0.1,0.1,0.1,0.2,0.2,0.0,0.1,0.0
51,72,1,2.0,0.1,0.1,0.2,0.2,0.3,0.1,0.4,0.3,0.1,0.2,0.0
51,74,1,2.0,0.1,0.1,0.2,0.2,0.3,0.1,0.4,0.3,0.1,0.2,0.0
51,78,1,1.0,0.0,0.1,0.0,0.1,0.2,0.0,0.3,0.2,0.0,0.1,0.0
51,94,1,2.0,0.0,0.2,0.0,0.2,0.4,0.1,0.5,0.4,0.1,0.1,0.0
51,108,1,7.0,0.2,0.5,0.6,0.5,1.3,0.0,1.4,1.6,0.3,0.6,0.0
51,110,1,3.0,0.1,0.2,0.3,0.2,0.5,0.0,0.6,0.7,0.1,0.3,0.0
51,116,1,7.0,0.0,0.0,0.2,0.3,1.1,0.0,2.6,2.4,0.0,0.4,0.0
51,126,1,4.0,0.2,0.3,0.4,0.5,0.9,0.0,0.6,1.0,0.1,0.0,0.0
52,13,1,2.0,0.1,0.1,0.2,0.3,0.4,0.0,0.3,0.3,0.1,0.2,0.0
52,14,1,1.0,0.0,0.1,0.1,0.2,0.2,0.0,0.2,0.1,0.0,0.1,0.0
52,28,1,4.0,0.2,0.3,0.0,0.5,0.5,0.0,0.5,1.6,0.2,0.2,0.0
52,38,1,2.0,0.0,0.3,0.1,0.0,0.4,0.0,0.5,0.1,0.2,0.4,0.0
52,57,1,2.0,0.0,0.2,0.2,0.1,0.6,0.0,0.2,0.5,0.2,0.0,0.0
52,58,1,8.0,0.0,0.7,1.0,0.3,2.6,0.0,0.7,2.0,0.7,0.0,0.0
52,64,1,1.0,0.0,0.1,0.0,0.2,0.1,0.0,0.4,0.1,0.0,0.1,0.0
52,65,1,3.0,0.1,0.2,0.0,0.5,0.2,0.0,1.2,0.2,0.2,0.4,0.0
52,68,1,6.0,0.1,0.8,0.2,0.3,1.5,0.0,0.7,1.3,0.3,0.8,0.0
52,70,1,2.0,0.0,0.3,0.1,0.1,0.5,0.0,0.2,0.4,0.1,0.3,0.0
52,73,1,1.0,0.0,0.1,0.0,0.1,0.2,0.0,0.2,0.3,0.0,0.1,0.0
52,74,1,5.0,0.0,0.6,0.1,0.3,0.8,0.0,1.1,1.6,0.1,0.4,0.0
52,93,1,1.0,0.0,0.1,0.1,0.1,0.3,0.1,0.1,0.1,0.0,0.1,0.0
52,105,1,1.0,0.0,0.1,0.1,0.0,0.2,0.0,0.3,0.2,0.0,0.1,0.0
52,112,1,1.0,0.1,0.0,0.0,0.2,0.2,0.0,0.2,0.2,0.1,0.0,0.0
52,114,1,3.0,0.3,0.1,0.1,0.6,0.4,0.0,0.7,0.5,0.2,0.1,0.0
52,117,1,1.0,0.0,0.1,0.1,0.1,0.2,0.0,0.2,0.2,0.0,0.1,0.0
52,119,1,3.0,0.0,0.2,0.3,0.3,0.6,0.0,0.7,0.5,0.2,0.2,0.0
52,121,1,2.0,0.0,0.1,0.2,0.2,0.4,0.0,0.4,0.4,0.1,0.2,0.0
52,126,1,4.0,0.1,0.5,0.3,0.3,1.0,0.0,0.4,0.7,0.3,0.4,0.0
53,0,1,4.0,0.1,0.3,0.4,0.6,0.8,0.0,0.7,0.6,0.2,0.3,0.0
53,14,1,6.0,0.2,0.4,0.6,1.0,1.1,0.0,1.0,0.9,0.3,0.5,0.0
53,15,1,12.0,0.4,0.9,1.2,1.9,2.3,0.0,1.9,1.8,0.6,1.0,0.0
53,19,1,1.0,0.0,0.1,0.1,0.1,0.1,0.0,0.3,0.3,0.0,0.0,0.0
53,25,1,3.0,0.0,0.4,0.2,0.2,0.3,0.1,0.7,0.9,0.1,0.1,0.0
53,26,1,4.0,0.2,0.3,0.0,0.5,0.5,0.0,0.5,1.6,0.2,0.2,0.0
53,40,1,2.0,0.0,0.3,0.1,0.0,0.4,0.0,0.5,0.1,0.2,0.4,0.0
53,54,1,2.0,0.3,0.0,0.0,0.5,0.2,0.1,0.4,0.1,0.1,0.3,0.0
53,70,1,4.0,0.1,0.5,0.1,0.2,1.0,0.0,0.5,0.8,0.2,0.6,0.0
53,72,1,4.0,0.0,0.4,0.1,0.2,0.7,0.0,0.9,1.3,0.1,0.3,0.0
53,76,1,1.0,0.0,0.0,0.1,0.1,0.1,0.0,0.2,0.5,0.0,0.0,0.0
53,79,1,2.0,0.0,0.1,0.1,0.2,0.3,0.0,0.4,0.9,0.0,0.0,0.0
53,91,1,6.0,0.2,0.5,0.4,0.4,1.7,0.4,0.7,0.6,0.2,0.9,0.0
53,92,1,3.0,0.1,0.3,0.2,0.2,0.8,0.2,0.4,0.3,0.1,0.4,0.0
53,102,1,19.0,0.3,1.7,1.7,0.0,3.1,0.0,5.4,4.4,0.0,2.4,0.0
53,111,1,1.0,0.1,0.0,0.0,0.2,0.2,0.0,0.2,0.2,0.1,0.0,0.0
53,117,1,2.0,0.0,0.1,0.2,0.2,0.4,0.0,0.4,0.4,0.1,0.2,0.0
53,125,1,2.0,0.0,0.1,0.2,0.2,0.4,0.0,0.4,0.4,0.1,0.2,0.0
54,11,1,16.0,0.5,1.2,1.6,2.6,3.1,0.0,2.6,2.3,0.8,1.3,0.0
54,24,1,3.0,0.0,0.4,0.2,0.2,0.3,0.1,0.7,0.9,0.1,0.1,0.0
54,27,1,1.0,0.0,0.1,0.0,0.1,0.1,0.0,0.1,0.4,0.1,0.1,0.0
54,30,1,3.0,0.1,0.2,0.0,0.4,0.4,0.0,0.4,1.3,0.1,0.1,0.0
54,31,1,2.0,0.1,0.2,0.0,0.2,0.2,0.0,0.3,0.8,0.1,0.1,0.0
54,32,1,2.0,0.1,0.2,0.0,0.2,0.2,0.0,0.3,0.8,0.1,0.1,0.0
54,33,1,2.0,0.1,0.2,0.0,0.2,0.2,0.0,0.3,0.8,0.1,0.1,0.0
54,35,1,4.0,0.2,0.3,0.0,0.5,0.5,0.0,0.5,1.6,0.2,0.2,0.0
54,42,1,3.0,0.1,0.4,0.2,0.0,0.6,0.0,0.7,0.2,0.2,0.6,0.0
54,55,1,2.0,0.3,0.0,0.0,0.5,0.2,0.1,0.4,0.1,0.1,0.3,0.0
54,58,1,6.0,0.0,0.5,0.7,0.3,2.0,0.0,0.5,1.5,0.5,0.0,0.0
54,66,1,10.0,0.2,1.4,0.2,0.5,2.5,0.0,1.2,2.1,0.5,1.4,0.0
54,67,1,2.0,0.0,0.3,0.1,0.1,0.5,0.0,0.2,0.4,0.1,0.3,0.0
54,72,1,6.0,0.0,0.6,0.2,0.3,1.0,0.0,1.3,1.9,0.2,0.5,0.0
54,76,1,1.0,0.0,0.0,0.1,0.1,0.1,0.0,0.2,0.5,0.0,0.0,0.0
54,77,1,4.0,0.1,0.1,0.2,0.4,0.5,0.1,0.7,1.8,0.0,0.1,0.0
54,78,1,3.0,0.1,0.1,0.1,0.3,0.4,0.1,0.5,1.3,0.0,0.1,0.0
54,84,1,4.0,0.1,0.1,0.2,0.4,0.5,0.1,0.7,1.8,0.0,0.1,0.0
54,86,1,4.0,0.1,0.4,0.3,0.3,1.1,0.2,0.5,0.4,0.1,0.6,0.0
54,100,1,2.0,0.0,0.2,0.2,0.0,0.3,0.0,0.6,0.5,0.0,0.2,0.0
54,101,1,20.0,0.4,1.8,1.8,0.0,3.2,0.0,5.7,4.6,0.0,2.5,0.0
54,102,1,9.0,0.2,0.8,0.8,0.0,1.4,0.0,2.6,2.1,0.0,1.1,0.0
54,104,1,1.0,0.0,0.1,0.1,0.0,0.2,0.0,0.3,0.2,0.0,0.1,0.0
54,112,1,1.0,0.1,0.0,0.0,0.2,0.2,0.0,0.2,0.2,0.1,0.0,0.0
54,124,1,3.0,0.0,0.2,0.3,0.3,0.6,0.0,0.7,0.5,0.2,0.2,0.0
54,125,1,5.0,0.0,0.3,0.5,0.5,1.1,0.0,1.1,0.9,0.3,0.3,0.0
55,4,1,3.0,0.1,0.2,0.3,0.5,0.6,0.0,0.5,0.4,0.2,0.2,0.0
55,6,1,1.0,0.0,0.1,0.1,0.2,0.2,0.0,0.2,0.1,0.0,0.1,0.0
55,10,1,3.0,0.1,0.2,0.3,0.5,0.6,0.0,0.5,0.4,0.2,0.2,0.0
55,11,1,2.5,0.1,0.2,0.2,0.4,0.5,0.0,0.4,0.4,0.1,0.2,0.0
55,19,1,4.0,0.0,0.5,0.2,0.4,0.5,0.1,0.9,1.2,0.1,0.1,0.0
55,30,1,1.0,0.0,0.1,0.0,0.1,0.1,0.0,0.1,0.4,0.1,0.1,0.0
55,42,1,10.0,0.3,1.4,0.6,0.0,1.9,0.0,2.5,0.6,0.8,1.9,0.0
55,43,1,6.0,0.2,0.8,0.3,0.0,1.2,0.0,1.5,0.3,0.5,1.2,0.0
55,44,1,9.0,0.2,1.2,0.5,0.0,1.8,0.0,2.3,0.5,0.7,1.8,0.0
55,59,1,1.0,0.0,0.1,0.1,0.0,0.3,0.0,0.1,0.3,0.1,0.0,0.0
55,67,1,6.0,0.1,0.8,0.2,0.3,1.5,0.0,0.7,1.3,0.3,0.8,0.0
55,77,1,8.0,0.1,0.3,0.3,0.8,1.0,0.2,1.5,3.6,0.0,0.2,0.0
55,79,1,4.0,0.1,0.1,0.2,0.4,0.5,0.1,0.7,1.8,0.0,0.1,0.0
55,91,1,1.0,0.0,0.1,0.1,0.1,0.3,0.1,0.1,0.1,0.0,0.1,0.0
55,92,1,7.0,0.2,0.7,0.4,0.4,2.0,0.4,0.9,0.7,0.2,1.1,0.0
55,108,1,2.0,0.2,0.1,0.0,0.4,0.3,0.0,0.5,0.3,0.1,0.1,0.0
55,113,1,5.0,0.5,0.2,0.1,1.0,0.7,0.0,1.2,0.9,0.3,0.1,0.0
55,116,1,5.0,0.0,0.3,0.5,0.5,1.1,0.0,1.1,0.9,0.3,0.3,0.0
55,122,1,2.0,0.0,0.1,0.2,0.2,0.4,0.0,0.4,0.4,0.1,0.2,0.0
55,126,1,2.0,0.1,0.3,0.1,0.1,0.5,0.0,0.2,0.4,0.1,0.2,0.0
55,127,1,3.0,0.1,0.4,0.2,0.2,0.7,0.0,0.3,0.6,0.2,0.3,0.0
56,3,1,1.0,0.0,0.1,0.1,0.2,0.2,0.0,0.2,0.1,0.0,0.1,0.0
56,13,1,4.0,0.1,0.3,0.4,0.6,0.8,0.0,0.7,0.6,0.2,0.3,0.0
56,19,1,3.0,0.0,0.4,0.2,0.2,0.3,0.1,0.7,0.9,0.1,0.1,0.0
56,20,1,2.0,0.0,0.3,0.1,0.2,0.2,0.0,0.5,0.6,0.0,0.1,0.0
56,21,1,1.0,0.0,0.1,0.1,0.1,0.1,0.0,0.3,0.3,0.0,0.0,0.0
56,27,1,1.0,0.0,0.1,0.0,0.1,0.1,0.0,0.1,0.4,0.1,0.1,0.0
56,43,1,4.0,0.1,0.6,0.2,0.0,0.8,0.0,1.0,0.2,0.3,0.8,0.0
56,58,1,7.0,0.0,0.6,0.9,0.3,2.3,0.0,0.6,1.7,0.6,0.0,0.0
56,65,1,6.0,0.2,0.4,0.0,1.1,0.4,0.0,2.4,0.4,0.4,0.7,0.0
56,68,1,4.0,0.1,0.5,0.1,0.2,1.0,0.0,0.5,0.8,0.2,0.6,0.0
56,69,1,1.0,0.0,0.1,0.0,0.1,0.3,0.0,0.1,0.2,0.1,0.1,0.0
56,70,1,8.0,0.2,1.1,0.2,0.4,2.0,0.0,0.9,1.7,0.4,1.1,0.0
56,71,1,4.0,0.0,0.4,0.1,0.2,0.7,0.0,0.9,1.3,0.1,0.3,0.0
56,79,1,4.0,0.1,0.1,0.2,0.4,0.5,0.1,0.7,1.8,0.0,0.1,0.0
56,80,1,3.0,0.1,0.1,0.1,0.3,0.4,0.1,0.5,1.3,0.0,0.1,0.0
56,81,1,3.0,0.1,0.1,0.1,0.3,0.4,0.1,0.5,1.3,0.0,0.1,0.0
56,88,1,2.0,0.1,0.2,0.1,0.1,0.6,0.1,0.2,0.2,0.1,0.3,0.0
56,107,1,4.0,0.4,0.1,0.1,0.8,0.6,0.0,1.0,0.7,0.2,0.1,0.0
56,110,1,2.0,0.2,0.1,0.0,0.4,0.3,0.0,0.5,0.3,0.1,0.1,0.0
57,3,1,1.0,0.0,0.1,0.1,0.2,0.2,0.0,0.2,0.1,0.0,0.1,0.0
57,4,1,3.0,0.1,0.2,0.3,0.5,0.6,0.0,0.5,0.4,0.2,0.2,0.0
57,16,1,1.0,0.0,0.1,0.1,0.1,0.1,0.0,0.3,0.3,0.0,0.0,0.0
57,19,1,2.0,0.0,0.3,0.1,0.2,0.2,0.0,0.5,0.6,0.0,0.1,0.0
57,21,1,1.5,0.0,0.2,0.1,0.1,0.2,0.0,0.4,0.4,0.0,0.1,0.0
57,27,1,4.0,0.3,0.4,0.1,0.4,0.6,0.1,0.5,0.8,0.2,0.6,0.0
57,29,1,5.0,0.3,0.5,0.2,0.6,0.7,0.1,0.6,1.1,0.2,0.7,0.0
57,30,1,1.0,0.1,0.1,0.0,0.1,0.2,0.0,0.1,0.2,0.0,0.2,0.0
57,35,1,2.0,0.1,0.0,0.1,0.4,0.1,0.0,0.7,0.4,0.0,0.2,0.0
57,51,1,3.0,0.4,0.0,0.0,0.8,0.3,0.2,0.6,0.2,0.1,0.4,0.0
57,58,1,9.0,0.3,0.6,0.0,1.7,0.6,0.0,3.6,0.6,0.5,1.1,0.0
57,59,1,1.0,0.0,0.1,0.0,0.2,0.1,0.0,0.4,0.1,0.0,0.1,0.0
57,60,1,3.0,0.1,0.2,0.0,0.5,0.2,0.0,1.2,0.2,0.2,0.4,0.0
57,65,1,3.0,0.1,0.2,0.0,0.5,0.2,0.0,1.2,0.2,0.2,0.4,0.0
57,67,1,1.0,0.0,0.1,0.0,0.1,0.2,0.0,0.1,0.3,0.1,0.1,0.0
57,68,1,8.0,0.0,0.5,0.0,0.9,1.6,0.0,0.7,2.5,1.1,0.7,0.0
57,70,1,2.0,0.0,0.1,0.0,0.2,0.4,0.0,0.2,0.6,0.3,0.2,0.0
57,73,1,4.0,0.0,0.4,0.1,0.2,0.7,0.0,0.9,1.3,0.1,0.3,0.0
57,78,1,2.0,0.0,0.1,0.1,0.2,0.3,0.1,0.5,0.4,0.1,0.2,0.0
57,88,1,1.0,0.0,0.1,0.1,0.1,0.3,0.1,0.1,0.1,0.0,0.1,0.0
57,90,1,1.0,0.0,0.1,0.1,0.1,0.3,0.1,0.1,0.1,0.0,0.1,0.0
57,122,1,1.0,0.0,0.1,0.1,0.1,0.2,0.0,0.2,0.2,0.0,0.1,0.0
58,21,1,2.0,0.0,0.3,0.1,0.2,0.2,0.0,0.5,0.6,0.0,0.1,0.0
58,26,1,2.0,0.1,0.2,0.1,0.2,0.3,0.0,0.3,0.4,0.1,0.3,0.0
58,27,1,4.0,0.3,0.4,0.1,0.4,0.6,0.1,0.5,0.8,0.2,0.6,0.0
58,28,1,4.0,0.3,0.4,0.1,0.4,0.6,0.1,0.5,0.8,0.2,0.6,0.0
58,33,1,1.0,0.1,0.0,0.0,0.2,0.1,0.0,0.3,0.2,0.0,0.1,0.0
58,34,1,3.0,0.2,0.0,0.1,0.6,0.2,0.0,1.0,0.5,0.1,0.3,0.0
58,35,1,3.0,0.2,0.0,0.1,0.6,0.2,0.0,1.0,0.5,0.1,0.3,0.0
58,49,1,4.0,0.5,0.1,0.0,1.0,0.4,0.2,0.8,0.3,0.2,0.5,0.0
58,51,1,4.0,0.5,0.1,0.0,1.0,0.4,0.2,0.8,0.3,0.2,0.5,0.0
58,66,1,5.0,0.0,0.3,0.0,0.6,1.0,0.0,0.4,1.6,0.7,0.4,0.0
58,67,1,4.0,0.0,0.2,0.0,0.5,0.8,0.0,0.3,1.3,0.6,0.3,0.0
58,68,1,4.0,0.0,0.2,0.0,0.5,0.8,0.0,0.3,1.3,0.6,0.3,0.0
58,69,1,1.0,0.0,0.1,0.0,0.1,0.2,0.0,0.1,0.3,0.1,0.1,0.0
58,72,1,3.0,0.0,0.3,0.1,0.2,0.5,0.0,0.6,1.0,0.1,0.2,0.0
58,74,1,2.0,0.0,0.2,0.1,0.1,0.3,0.0,0.4,0.6,0.1,0.2,0.0
58,80,1,3.0,0.0,0.1,0.2,0.3,0.5,0.1,0.7,0.6,0.1,0.4,0.0
58,81,1,2.0,0.0,0.1,0.1,0.2,0.3,0.0,0.4,0.9,0.0,0.0,0.0
58,86,1,2.0,0.1,0.2,0.1,0.1,0.6,0.1,0.2,0.2,0.1,0.3,0.0
58,88,1,2.0,0.1,0.2,0.1,0.1,0.6,0.1,0.2,0.2,0.1,0.3,0.0
59,0,1,1.0,0.0,0.1,0.1,0.2,0.2,0.0,0.2,0.1,0.0,0.1,0.0
59,26,1,2.0,0.1,0.2,0.1,0.2,0.3,0.0,0.3,0.4,0.1,0.3,0.0
59,28,1,7.5,0.5,0.7,0.2,0.9,1.1,0.1,1.0,1.6,0.3,1.1,0.0
59,29,1,7.0,0.5,0.7,0.2,0.8,1.0,0.1,0.9,1.5,0.3,1.0,0.0
59,33,1,6.0,0.4,0.0,0.1,1.2,0.4,0.0,2.1,1.1,0.1,0.6,0.0
59,37,1,4.0,0.0,0.2,0.3,0.5,0.8,0.0,0.8,0.9,0.3,0.2,0.0
59,38,1,1.0,0.0,0.0,0.1,0.1,0.2,0.0,0.2,0.2,0.1,0.1,0.0
59,47,1,1.0,0.1,0.0,0.0,0.3,0.1,0.1,0.2,0.1,0.0,0.1,0.0
59,49,1,2.0,0.3,0.0,0.0,0.5,0.2,0.1,0.4,0.1,0.1,0.3,0.0
59,50,1,1.0,0.1,0.0,0.0,0.3,0.1,0.1,0.2,0.1,0.0,0.1,0.0
59,51,1,2.0,0.3,0.0,0.0,0.5,0.2,0.1,0.4,0.1,0.1,0.3,0.0
59,68,1,3.0,0.0,0.2,0.0,0.3,0.6,0.0,0.3,0.9,0.4,0.3,0.0
59,69,1,5.0,0.0,0.3,0.0,0.6,1.0,0.0,0.4,1.6,0.7,0.4,0.0
59,72,1,4.0,0.0,0.4,0.1,0.2,0.7,0.0,0.9,1.3,0.1,0.3,0.0
59,75,1,3.0,0.0,0.3,0.1,0.2,0.5,0.0,0.6,1.0,0.1,0.2,0.0
59,76,0,24.0,1.0,2.0,1.0,2.0,7.0,0.0,2.0,4.0,0.0,5.0,0.0
59,77,1,6.0,0.1,0.2,0.3,0.7,1.0,0.2,1.4,1.2,0.2,0.7,0.0
59,78,1,11.0,0.2,0.4,0.6,1.3,1.8,0.3,2.5,2.2,0.4,1.3,0.0
59,79,1,7.0,0.1,0.3,0.4,0.8,1.1,0.2,1.6,1.4,0.2,0.9,0.0
59,80,1,9.0,0.1,0.4,0.5,1.0,1.5,0.2,2.1,1.8,0.3,1.1,0.0
59,81,1,2.0,0.0,0.1,0.1,0.2,0.3,0.0,0.4,0.9,0.0,0.0,0.0
59,92,1,2.0,0.1,0.2,0.1,0.1,0.6,0.1,0.2,0.2,0.1,0.3,0.0
59,126,1,1.0,0.0,0.1,0.1,0.1,0.2,0.0,0.1,0.2,0.1,0.1,0.0
60,29,1,5.0,0.3,0.5,0.2,0.6,0.7,0.1,0.6,1.1,0.2,0.7,0.0
60,30,1,2.0,0.1,0.2,0.1,0.2,0.3,0.0,0.3,0.4,0.1,0.3,0.0
60,31,1,2.0,0.1,0.0,0.1,0.4,0.1,0.0,0.7,0.4,0.0,0.2,0.0
60,32,1,8.0,0.5,0.0,0.2,1.6,0.6,0.0,2.7,1.5,0.2,0.7,0.0
60,36,1,2.0,0.0,0.1,0.1,0.3,0.4,0.0,0.4,0.5,0.1,0.1,0.0
60,37,1,13.5,0.0,0.7,1.0,1.7,2.7,0.0,2.7,3.1,0.9,0.7,0.0
60,49,1,1.0,0.1,0.0,0.0,0.3,0.1,0.1,0.2,0.1,0.0,0.1,0.0
60,52,1,4.0,0.5,0.1,0.0,1.0,0.4,0.2,0.8,0.3,0.2,0.5,0.0
60,59,1,2.0,0.1,0.1,0.0,0.4,0.1,0.0,0.8,0.1,0.1,0.3,0.0
60,61,1,1.0,0.0,0.1,0.0,0.2,0.1,0.0,0.4,0.1,0.0,0.1,0.0
60,68,1,2.0,0.0,0.1,0.0,0.2,0.4,0.0,0.2,0.6,0.3,0.2,0.0
60,74,1,1.0,0.0,0.1,0.0,0.1,0.2,0.0,0.2,0.3,0.0,0.1,0.0
60,76,1,2.0,0.0,0.1,0.1,0.2,0.3,0.1,0.5,0.4,0.1,0.2,0.0
60,77,1,15.0,0.2,0.6,0.9,1.7,2.5,0.4,3.4,3.0,0.5,1.8,0.0
60,78,1,6.0,0.1,0.2,0.3,0.7,1.0,0.2,1.4,1.2,0.2,0.7,0.0
60,79,1,12.0,0.2,0.5,0.7,1.4,2.0,0.3,2.7,2.3,0.4,1.5,0.0
60,80,1,11.0,0.2,0.4,0.6,1.3,1.8,0.3,2.5,2.2,0.4,1.3,0.0
60,81,1,4.0,0.1,0.1,0.2,0.4,0.5,0.1,0.7,1.8,0.0,0.1,0.0
60,82,1,2.0,0.0,0.1,0.1,0.2,0.3,0.0,0.4,0.9,0.0,0.0,0.0
60,112,1,4.0,0.4,0.1,0.1,0.8,0.6,0.0,1.0,0.7,0.2,0.1,0.0
60,114,1,2.0,0.2,0.1,0.0,0.4,0.3,0.0,0.5,0.3,0.1,0.1,0.0
61,23,1,9.0,0.0,1.2,0.5,0.8,1.0,0.2,2.1,2.6,0.3,0.3,0.0
61,24,1,2.0,0.0,0.3,0.1,0.2,0.2,0.0,0.5,0.6,0.0,0.1,0.0
61,29,1,10.0,0.6,1.0,0.3,1.1,1.5,0.2,1.3,2.1,0.4,1.5,0.0
61,30,1,8.0,0.5,0.8,0.3,0.9,1.2,0.1,1.0,1.7,0.3,1.2,0.0
61,31,1,3.0,0.2,0.0,0.1,0.6,0.2,0.0,1.0,0.5,0.1,0.3,0.0
61,32,0,25.0,0.0,2.5,0.0,1.0,8.0,1.0,3.0,8.0,0.5,1.0,0.0
61,33,1,8.0,0.5,0.0,0.2,1.6,0.6,0.0,2.7,1.5,0.2,0.7,0.0
61,35,1,8.0,0.5,0.0,0.2,1.6,0.6,0.0,2.7,1.5,0.2,0.7,0.0
61,36,1,15.0,0.0,0.8,1.1,1.9,3.0,0.0,3.0,3.4,1.0,0.8,0.0
61,37,1,4.0,0.0,0.2,0.3,0.5,0.8,0.0,0.8,0.9,0.3,0.2,0.0
61,52,1,5.0,0.6,0.1,0.0,1.3,0.5,0.3,1.0,0.3,0.2,0.7,0.0
61,61,1,3.0,0.1,0.2,0.0,0.5,0.2,0.0,1.2,0.2,0.2,0.4,0.0
61,77,1,18.0,0.3,0.7,1.0,2.1,3.0,0.5,4.1,3.5,0.6,2.2,0.0
61,78,1,5.0,0.1,0.2,0.3,0.6,0.8,0.1,1.1,1.0,0.2,0.6,0.0
61,80,1,15.0,0.2,0.6,0.9,1.7,2.5,0.4,3.4,3.0,0.5,1.8,0.0
61,82,1,2.0,0.0,0.1,0.1,0.2,0.3,0.0,0.4,0.9,0.0,0.0,0.0
61,98,1,4.0,0.1,0.4,0.4,0.0,0.6,0.0,1.1,0.9,0.0,0.5,0.0
61,108,1,2.0,0.2,0.1,0.0,0.4,0.3,0.0,0.5,0.3,0.1,0.1,0.0
61,113,1,8.5,0.8,0.3,0.2,1.7,1.3,0.0,2.1,1.5,0.4,0.2,0.0
61,114,1,5.0,0.5,0.2,0.1,1.0,0.7,0.0,1.2,0.9,0.3,0.1,0.0
61,119,1,2.0,0.0,0.1,0.2,0.2,0.4,0.0,0.4,0.4,0.1,0.2,0.0
61,126,1,2.0,0.1,0.3,0.1,0.1,0.5,0.0,0.2,0.4,0.1,0.2,0.0
61,127,1,5.0,0.2,0.7,0.3,0.4,1.2,0.0,0.5,0.9,0.3,0.5,0.0
62,14,1,2.0,0.1,0.4,0.0,0.3,0.4,0.0,0.4,0.1,0.2,0.1,0.0
62,15,1,4.0,0.2,0.7,0.1,0.6,0.7,0.1,0.8,0.2,0.4,0.2,0.0
62,21,1,2.0,0.1,0.1,0.0,0.3,0.2,0.0,0.5,0.5,0.1,0.2,0.0
62,23,1,1.0,0.0,0.1,0.0,0.2,0.1,0.0,0.3,0.2,0.0,0.1,0.0
62,24,1,2.0,0.1,0.1,0.0,0.3,0.2,0.0,0.5,0.5,0.1,0.2,0.0
62,28,1,1.0,0.1,0.0,0.1,0.3,0.1,0.0,0.1,0.2,0.0,0.1,0.0
62,30,1,4.0,0.4,0.1,0.2,1.0,0.4,0.0,0.5,0.9,0.1,0.4,0.0
62,31,1,1.0,0.0,0.2,0.0,0.1,0.3,0.0,0.2,0.1,0.0,0.1,0.0
62,34,1,3.0,0.1,0.4,0.0,0.3,0.9,0.1,0.6,0.3,0.1,0.2,0.0
62,36,1,7.0,0.0,0.5,0.3,0.5,1.7,0.3,1.0,1.4,0.5,0.8,0.0
62,41,1,2.0,0.0,0.1,0.1,0.2,0.5,0.1,0.3,0.4,0.1,0.2,0.0
62,42,1,3.0,0.0,0.2,0.1,0.2,0.8,0.1,0.4,0.6,0.2,0.4,0.0
62,43,1,4.0,0.0,0.3,0.2,0.3,1.0,0.2,0.5,0.8,0.3,0.4,0.0
62,45,1,7.0,0.0,0.5,0.3,0.5,1.7,0.3,1.0,1.4,0.5,0.8,0.0
62,46,1,10.0,0.0,0.6,0.3,2.0,1.7,0.3,2.5,0.7,0.7,1.2,0.0
62,48,1,1.0,0.0,0.1,0.0,0.2,0.2,0.0,0.2,0.1,0.1,0.1,0.0
62,49,1,5.0,0.0,0.3,0.1,1.0,0.9,0.1,1.2,0.4,0.4,0.6,0.0
62,74,1,2.0,0.0,0.3,0.0,0.3,0.2,0.0,0.4,0.7,0.0,0.1,0.0
62,78,1,2.0,0.0,0.4,0.1,0.3,0.3,0.0,0.3,0.2,0.1,0.3,0.0
62,86,1,5.0,0.3,0.6,0.5,0.8,0.9,0.0,1.0,0.5,0.3,0.1,0.0
62,102,1,3.0,0.2,0.1,0.0,0.3,0.3,0.1,0.9,0.7,0.0,0.4,0.0
62,103,1,2.0,0.1,0.1,0.0,0.2,0.2,0.0,0.6,0.5,0.0,0.3,0.0
62,127,1,2.0,0.0,0.1,0.2,0.2,0.4,0.1,0.4,0.4,0.1,0.1,0.0
63,0,1,12.5,0.7,0.6,1.6,0.9,2.1,0.0,1.9,3.3,0.7,0.7,0.0
63,2,1,1.5,0.0,0.1,0.0,0.1,0.4,0.1,0.3,0.2,0.1,0.2,0.0
63,3,1,4.0,0.2,0.2,0.0,0.2,1.0,0.2,0.8,0.6,0.2,0.6,0.0
63,4,1,2.0,0.1,0.1,0.0,0.1,0.5,0.1,0.4,0.3,0.1,0.3,0.0
63,10,1,2.0,0.1,0.4,0.0,0.3,0.4,0.0,0.4,0.1,0.2,0.1,0.0
63,11,1,19.0,0.8,3.3,0.4,2.9,3.3,0.4,3.7,0.8,2.1,1.3,0.0
63,22,1,5.0,0.1,0.3,0.0,0.9,0.6,0.0,1.3,1.2,0.2,0.4,0.0
63,28,1,3.0,0.3,0.1,0.1,0.7,0.3,0.0,0.4,0.7,0.1,0.3,0.0
63,29,1,6.0,0.5,0.2,0.3,1.5,0.5,0.0,0.8,1.4,0.2,0.6,0.0
63,30,1,6.0,0.5,0.2,0.3,1.5,0.5,0.0,0.8,1.4,0.2,0.6,0.0
63,43,1,5.0,0.0,0.3,0.2,0.4,1.3,0.2,0.7,1.0,0.3,0.6,0.0
63,46,1,2.5,0.0,0.1,0.1,0.5,0.4,0.1,0.6,0.2,0.2,0.3,0.0
63,47,1,2.0,0.0,0.1,0.1,0.4,0.3,0.1,0.5,0.2,0.1,0.2,0.0
63,48,1,11.0,0.0,0.7,0.3,2.2,1.9,0.3,2.7,0.8,0.8,1.3,0.0
63,86,1,2.0,0.1,0.3,0.2,0.3,0.4,0.0,0.4,0.2,0.1,0.0,0.0
63,98,1,2.0,0.1,0.1,0.0,0.2,0.2,0.0,0.6,0.5,0.0,0.3,0.0
63,102,1,2.0,0.1,0.1,0.0,0.2,0.2,0.0,0.6,0.5,0.0,0.3,0.0
63,108,1,1.0,0.1,0.0,0.0,0.1,0.1,0.0,0.2,0.4,0.0,0.1,0.0
63,109,1,1.0,0.1,0.0,0.0,0.1,0.1,0.0,0.2,0.4,0.0,0.1,0.0
63,120,1,6.0,0.2,0.2,1.1,0.6,1.1,0.0,1.5,1.1,0.0,0.2,0.0
63,123,1,1.0,0.0,0.0,0.2,0.1,0.2,0.0,0.3,0.2,0.0,0.0,0.0
64,0,1,6.0,0.3,0.3,0.8,0.5,1.0,0.0,0.9,1.6,0.3,0.3,0.0
64,1,1,4.0,0.2,0.2,0.0,0.2,1.0,0.2,0.8,0.6,0.2,0.6,0.0
64,3,1,7.0,0.3,0.4,0.0,0.3,1.7,0.3,1.4,1.1,0.3,1.2,0.0
64,4,1,3.0,0.1,0.2,0.0,0.1,0.8,0.1,0.6,0.5,0.1,0.5,0.0
64,22,1,3.0,0.1,0.2,0.0,0.5,0.3,0.0,0.8,0.7,0.1,0.3,0.0
64,24,1,4.0,0.1,0.2,0.0,0.7,0.5,0.0,1.1,0.9,0.1,0.4,0.0
64,25,1,1.0,0.0,0.1,0.0,0.2,0.1,0.0,0.3,0.2,0.0,0.1,0.0
64,26,1,1.0,0.1,0.0,0.1,0.3,0.1,0.0,0.1,0.2,0.0,0.1,0.0
64,27,1,5.0,0.5,0.2,0.2,1.2,0.5,0.0,0.7,1.1,0.1,0.5,0.0
64,28,1,17.0,1.5,0.5,0.8,4.1,1.6,0.0,2.3,3.9,0.5,1.8,0.0
64,29,1,5.0,0.5,0.2,0.2,1.2,0.5,0.0,0.7,1.1,0.1,0.5,0.0
64,30,1,5.0,0.5,0.2,0.2,1.2,0.5,0.0,0.7,1.1,0.1,0.5,0.0
64,31,1,3.0,0.1,0.4,0.0,0.3,0.9,0.1,0.6,0.3,0.1,0.2,0.0
64,40,1,2.0,0.0,0.1,0.1,0.2,0.5,0.1,0.3,0.4,0.1,0.2,0.0
64,45,1,3.0,0.0,0.2,0.1,0.2,0.8,0.1,0.4,0.6,0.2,0.4,0.0
64,48,1,3.0,0.0,0.2,0.1,0.6,0.5,0.1,0.7,0.2,0.2,0.4,0.0
64,62,1,1.0,0.0,0.0,0.0,0.0,0.3,0.0,0.3,0.2,0.0,0.2,0.0
64,63,1,2.0,0.0,0.1,0.0,0.1,0.5,0.0,0.5,0.4,0.0,0.4,0.0
64,69,1,1.0,0.0,0.2,0.0,0.2,0.1,0.0,0.2,0.3,0.0,0.0,0.0
64,73,1,12.0,0.0,1.8,0.0,1.8,1.4,0.0,2.3,4.2,0.0,0.5,0.0
64,75,1,2.0,0.0,0.3,0.0,0.3,0.2,0.0,0.4,0.7,0.0,0.1,0.0
64,76,1,2.0,0.0,0.4,0.1,0.3,0.3,0.0,0.3,0.2,0.1,0.3,0.0
64,80,1,3.0,0.0,0.6,0.2,0.5,0.5,0.0,0.5,0.2,0.1,0.4,0.0
64,86,1,4.0,0.2,0.5,0.4,0.6,0.7,0.0,0.9,0.4,0.2,0.1,0.0
64,87,1,3.0,0.1,0.4,0.3,0.5,0.5,0.0,0.6,0.3,0.2,0.1,0.0
64,94,1,2.0,0.0,0.2,0.2,0.2,0.5,0.0,0.1,0.6,0.1,0.1,0.0
64,111,1,4.5,0.5,0.1,0.0,0.6,0.6,0.0,0.6,1.6,0.1,0.4,0.0
64,121,1,3.0,0.1,0.1,0.5,0.3,0.5,0.0,0.8,0.6,0.0,0.1,0.0
64,125,1,3.0,0.1,0.1,0.5,0.3,0.5,0.0,0.8,0.6,0.0,0.1,0.0
65,1,1,1.0,0.0,0.1,0.0,0.0,0.3,0.0,0.2,0.2,0.0,0.2,0.0
65,12,1,2.0,0.1,0.4,0.0,0.3,0.4,0.0,0.4,0.1,0.2,0.1,0.0
65,19,1,3.0,0.0,0.2,0.2,0.3,0.6,0.1,0.4,0.4,0.3,0.5,0.0
65,24,1,3.0,0.1,0.2,0.0,0.5,0.3,0.0,0.8,0.7,0.1,0.3,0.0
65,25,1,5.0,0.1,0.3,0.0,0.9,0.6,0.0,1.3,1.2,0.2,0.4,0.0
65,28,1,6.0,0.5,0.2,0.3,1.5,0.5,0.0,0.8,1.4,0.2,0.6,0.0
65,30,1,2.0,0.2,0.1,0.1,0.5,0.2,0.0,0.3,0.4,0.0,0.2,0.0
65,37,1,1.0,0.0,0.1,0.0,0.1,0.3,0.0,0.1,0.2,0.1,0.1,0.0
65,41,1,1.0,0.0,0.1,0.0,0.1,0.3,0.0,0.1,0.2,0.1,0.1,0.0
65,43,1,1.0,0.0,0.1,0.0,0.1,0.3,0.0,0.1,0.2,0.1,0.1,0.0
65,53,1,1.0,0.0,0.0,0.0,0.1,0.1,0.0,0.5,0.2,0.0,0.1,0.0
65,63,1,5.0,0.0,0.2,0.0,0.2,1.4,0.0,1.4,0.9,0.0,0.9,0.0
65,64,1,2.0,0.0,0.1,0.0,0.1,0.5,0.0,0.5,0.4,0.0,0.4,0.0
65,75,1,2.0,0.0,0.3,0.0,0.3,0.2,0.0,0.4,0.7,0.0,0.1,0.0
65,85,1,5.0,0.0,1.0,0.3,0.8,0.8,0.0,0.8,0.4,0.2,0.7,0.0
65,86,1,13.0,0.7,1.7,1.3,2.0,2.3,0.0,2.7,1.3,0.7,0.3,0.0
65,89,1,2.0,0.1,0.3,0.2,0.3,0.4,0.0,0.4,0.2,0.1,0.0,0.0
65,112,1,3.0,0.3,0.1,0.0,0.4,0.4,0.0,0.4,1.1,0.0,0.3,0.0
65,121,1,6.0,0.2,0.2,1.1,0.6,1.1,0.0,1.5,1.1,0.0,0.2,0.0
65,123,1,5.0,0.2,0.2,0.9,0.5,0.9,0.0,1.2,0.9,0.0,0.2,0.0
66,1,1,2.0,0.1,0.1,0.0,0.1,0.5,0.1,0.4,0.3,0.1,0.3,0.0
66,6,1,2.0,0.1,0.4,0.0,0.3,0.4,0.0,0.4,0.1,0.2,0.1,0.0
66,7,1,13.0,0.6,2.2,0.3,2.0,2.3,0.3,2.5,0.6,1.4,0.8,0.0
66,8,1,1.0,0.0,0.2,0.0,0.2,0.2,0.0,0.2,0.0,0.1,0.1,0.0
66,13,1,1.0,0.0,0.2,0.0,0.2,0.2,0.0,0.2,0.0,0.1,0.1,0.0
66,18,1,6.0,0.0,0.4,0.4,0.6,1.2,0.2,0.8,0.8,0.6,1.0,0.0
66,19,1,4.0,0.0,0.3,0.3,0.4,0.8,0.1,0.5,0.5,0.4,0.7,0.0
66,23,1,2.0,0.1,0.1,0.0,0.3,0.2,0.0,0.5,0.5,0.1,0.2,0.0
66,24,1,6.0,0.2,0.3,0.0,1.1,0.7,0.0,1.6,1.4,0.2,0.5,0.0
66,28,1,3.0,0.3,0.1,0.1,0.7,0.3,0.0,0.4,0.7,0.1,0.3,0.0
66,30,1,2.0,0.2,0.1,0.1,0.5,0.2,0.0,0.3,0.4,0.0,0.2,0.0
66,36,1,1.0,0.0,0.1,0.0,0.1,0.3,0.0,0.1,0.2,0.1,0.1,0.0
66,45,1,1.0,0.0,0.1,0.0,0.1,0.3,0.0,0.1,0.2,0.1,0.1,0.0
66,46,1,6.0,0.0,0.4,0.2,1.2,1.0,0.2,1.5,0.4,0.4,0.7,0.0
66,53,1,4.0,0.0,0.1,0.2,0.4,0.5,0.0,1.9,0.7,0.0,0.2,0.0
66,68,1,2.0,0.0,0.3,0.0,0.3,0.2,0.0,0.4,0.7,0.0,0.1,0.0
66,74,1,5.0,0.0,0.8,0.0,0.8,0.6,0.0,0.9,1.7,0.0,0.2,0.0
66,77,1,2.0,0.0,0.4,0.1,0.3,0.3,0.0,0.3,0.2,0.1,0.3,0.0
66,79,1,1.0,0.0,0.2,0.0,0.2,0.2,0.0,0.2,0.1,0.0,0.1,0.0
66,81,1,12.0,0.0,2.3,0.7,2.0,2.0,0.0,2.0,1.0,0.3,1.7,0.0
66,82,1,9.0,0.0,1.7,0.5,1.5,1.5,0.0,1.5,0.8,0.2,1.3,0.0
66,89,1,10.0,0.5,1.3,1.0,1.5,1.8,0.0,2.1,1.0,0.5,0.3,0.0
66,114,1,2.0,0.2,0.0,0.0,0.3,0.3,0.0,0.3,0.7,0.0,0.2,0.0
66,122,1,1.0,0.0,0.0,0.2,0.1,0.2,0.0,0.3,0.2,0.0,0.0,0.0
67,1,1,2.0,0.1,0.3,0.2,0.2,0.6,0.0,0.2,0.2,0.1,0.1,0.0
67,3,1,3.0,0.1,0.5,0.2,0.4,0.8,0.0,0.3,0.4,0.2,0.1,0.0
67,6,1,14.0,0.6,1.0,1.6,2.6,4.1,0.8,1.0,1.2,0.3,0.8,0.0
67,7,1,14.5,0.6,1.0,1.7,2.7,4.3,0.8,1.0,1.3,0.3,0.8,0.0
67,8,1,7.0,0.3,0.5,0.8,1.3,2.1,0.4,0.5,0.6,0.1,0.4,0.0
67,11,1,1.0,0.0,0.1,0.0,0.1,0.2,0.0,0.2,0.3,0.1,0.0,0.0
67,12,1,15.0,0.0,2.1,0.5,1.1,2.7,0.0,2.7,4.3,1.1,0.5,0.0
67,13,1,1.0,0.0,0.1,0.0,0.1,0.2,0.0,0.2,0.3,0.1,0.0,0.0
67,18,1,2.0,0.1,0.0,0.1,0.4,0.3,0.0,0.3,0.6,0.1,0.1,0.0
67,19,1,1.0,0.1,0.0,0.0,0.2,0.2,0.0,0.1,0.3,0.1,0.0,0.0
67,26,1,3.0,0.1,0.4,0.0,0.3,0.9,0.1,0.6,0.3,0.1,0.2,0.0
67,30,1,7.0,0.2,1.0,0.0,0.8,2.0,0.2,1.3,0.8,0.2,0.5,0.0
67,31,1,4.0,0.0,0.4,0.4,0.2,1.0,0.0,1.0,0.6,0.0,0.4,0.0
67,46,1,1.0,0.0,0.0,0.1,0.2,0.2,0.0,0.2,0.3,0.0,0.0,0.0
67,53,1,1.0,0.0,0.0,0.0,0.1,0.1,0.0,0.5,0.2,0.0,0.1,0.0
67,56,1,6.0,0.0,0.3,0.0,0.3,1.6,0.0,1.6,1.1,0.0,1.1,0.0
67,68,1,3.0,0.1,0.1,0.0,0.5,0.4,0.1,0.6,0.7,0.3,0.2,0.0
67,74,1,3.0,0.1,0.2,0.2,0.3,0.5,0.1,0.7,0.6,0.2,0.1,0.0
67,82,1,1.0,0.0,0.0,0.0,0.1,0.0,0.0,0.2,0.5,0.1,0.1,0.0
67,87,1,2.0,0.0,0.2,0.2,0.2,0.5,0.0,0.1,0.6,0.1,0.1,0.0
67,88,1,1.0,0.0,0.1,0.1,0.1,0.2,0.0,0.1,0.3,0.0,0.1,0.0
67,90,1,2.0,0.0,0.2,0.2,0.2,0.5,0.0,0.1,0.6,0.1,0.1,0.0
67,94,1,2.0,0.0,0.2,0.2,0.2,0.5,0.0,0.1,0.6,0.1,0.1,0.0
68,0,1,5.0,0.3,0.7,0.2,0.7,0.7,0.0,0.9,0.8,0.2,0.5,0.0
68,1,1,12.0,0.4,1.8,0.9,1.4,3.3,0.2,1.2,1.4,0.8,0.6,0.0
68,3,1,2.0,0.1,0.3,0.2,0.2,0.6,0.0,0.2,0.2,0.1,0.1,0.0
68,10,1,5.0,0.2,0.3,0.6,0.9,1.5,0.3,0.4,0.4,0.1,0.3,0.0
68,11,1,4.0,0.0,0.6,0.1,0.3,0.7,0.0,0.7,1.1,0.3,0.2,0.0
68,18,1,6.0,0.3,0.2,0.2,1.1,1.0,0.1,0.8,1.8,0.3,0.2,0.0
68,25,1,2.0,0.0,0.1,0.1,0.2,0.4,0.1,0.3,0.3,0.2,0.3,0.0
68,29,1,1.0,0.0,0.2,0.0,0.1,0.3,0.0,0.2,0.1,0.0,0.1,0.0
68,31,1,4.0,0.0,0.4,0.4,0.2,1.0,0.0,1.0,0.6,0.0,0.4,0.0
68,32,1,11.0,0.0,1.2,1.2,0.5,2.6,0.0,2.9,1.7,0.0,0.9,0.0
68,36,1,1.0,0.0,0.1,0.0,0.1,0.3,0.0,0.1,0.2,0.1,0.1,0.0
68,41,1,8.0,0.0,0.2,0.4,2.1,0.7,0.6,1.5,1.7,0.4,0.4,0.0
68,42,1,2.0,0.0,0.1,0.1,0.5,0.2,0.1,0.4,0.4,0.1,0.1,0.0
68,43,1,9.0,0.0,0.2,0.4,2.4,0.9,0.7,1.7,1.9,0.4,0.4,0.0
68,44,1,7.0,0.0,0.2,0.3,1.8,0.7,0.5,1.3,1.5,0.3,0.4,0.0
68,46,1,2.0,0.1,0.1,0.1,0.4,0.3,0.0,0.3,0.5,0.1,0.1,0.0
68,55,1,1.0,0.0,0.0,0.0,0.1,0.1,0.0,0.5,0.2,0.0,0.1,0.0
68,56,1,2.0,0.0,0.1,0.0,0.1,0.5,0.0,0.5,0.4,0.0,0.4,0.0
68,67,1,2.0,0.1,0.1,0.0,0.3,0.3,0.1,0.4,0.4,0.2,0.1,0.0
68,68,1,2.0,0.1,0.1,0.0,0.3,0.3,0.1,0.4,0.4,0.2,0.1,0.0
68,69,1,1.0,0.0,0.0,0.0,0.2,0.2,0.0,0.2,0.2,0.1,0.1,0.0
68,70,1,4.0,0.1,0.2,0.0,0.7,0.6,0.1,0.8,0.8,0.4,0.3,0.0
68,72,1,1.0,0.0,0.1,0.1,0.1,0.2,0.0,0.2,0.2,0.1,0.0,0.0
68,74,1,3.0,0.1,0.2,0.2,0.3,0.5,0.1,0.7,0.6,0.2,0.1,0.0
68,81,1,1.0,0.0,0.0,0.0,0.1,0.0,0.0,0.2,0.5,0.1,0.1,0.0
68,82,1,2.0,0.0,0.1,0.0,0.2,0.1,0.0,0.4,0.9,0.2,0.1,0.0
68,86,1,3.0,0.0,0.4,0.2,0.4,0.7,0.0,0.1,1.0,0.1,0.1,0.0
68,101,1,4.0,0.2,0.1,0.0,0.4,0.4,0.1,1.2,1.0,0.0,0.6,0.0
68,109,1,1.0,0.1,0.0,0.0,0.1,0.1,0.0,0.2,0.4,0.0,0.1,0.0
68,113,1,2.0,0.2,0.0,0.0,0.3,0.3,0.0,0.3,0.7,0.0,0.2,0.0
68,114,1,1.0,0.1,0.0,0.0,0.1,0.1,0.0,0.2,0.4,0.0,0.1,0.0
69,0,1,2.0,0.1,0.3,0.1,0.3,0.3,0.0,0.3,0.3,0.1,0.2,0.0
69,2,1,15.0,0.5,2.3,1.1,1.8,4.1,0.2,1.5,1.8,1.0,0.7,0.0
69,9,1,1.0,0.0,0.1,0.1,0.2,0.3,0.0,0.1,0.1,0.0,0.1,0.0
69,10,1,3.0,0.1,0.2,0.3,0.5,0.9,0.2,0.2,0.3,0.1,0.2,0.0
69,18,1,2.0,0.1,0.0,0.1,0.4,0.3,0.0,0.3,0.6,0.1,0.1,0.0
69,19,1,11.0,0.6,0.3,0.3,2.1,1.8,0.3,1.5,3.2,0.6,0.3,0.0
69,25,1,6.0,0.0,0.4,0.4,0.6,1.2,0.2,0.8,0.8,0.6,1.0,0.0
69,26,1,4.0,0.1,0.6,0.0,0.4,1.1,0.2,0.7,0.4,0.2,0.3,0.0
69,28,1,1.0,0.0,0.2,0.0,0.1,0.3,0.0,0.2,0.1,0.0,0.1,0.0
69,34,1,4.0,0.0,0.4,0.4,0.2,1.0,0.0,1.0,0.6,0.0,0.4,0.0
69,35,1,5.0,0.0,0.5,0.6,0.2,1.2,0.0,1.3,0.8,0.0,0.4,0.0
69,37,1,2.0,0.0,0.1,0.1,0.2,0.5,0.1,0.3,0.4,0.1,0.2,0.0
69,43,1,1.0,0.0,0.0,0.0,0.3,0.1,0.1,0.2,0.2,0.0,0.1,0.0
69,44,1,11.0,0.0,0.3,0.5,2.9,1.0,0.8,2.1,2.4,0.5,0.5,0.0
69,45,1,4.0,0.0,0.1,0.2,1.0,0.4,0.3,0.8,0.8,0.2,0.2,0.0
69,46,1,6.0,0.1,0.3,0.4,1.1,1.0,0.0,1.0,1.6,0.2,0.3,0.0
69,55,1,5.0,0.0,0.1,0.2,0.5,0.7,0.0,2.3,0.9,0.0,0.3,0.0
69,59,1,2.0,0.0,0.1,0.0,0.1,0.5,0.0,0.5,0.4,0.0,0.4,0.0
69,67,1,3.0,0.1,0.1,0.0,0.5,0.4,0.1,0.6,0.7,0.3,0.2,0.0
69,68,1,8.0,0.3,0.3,0.0,1.4,1.1,0.3,1.6,1.7,0.8,0.5,0.0
69,71,1,2.0,0.1,0.1,0.2,0.2,0.3,0.1,0.4,0.4,0.1,0.1,0.0
69,73,1,15.0,0.7,0.7,1.2,1.7,2.7,0.5,3.4,2.9,0.7,0.5,0.0
69,74,1,3.0,0.1,0.2,0.2,0.3,0.5,0.1,0.7,0.6,0.2,0.1,0.0
69,75,1,1.0,0.0,0.1,0.1,0.1,0.2,0.0,0.2,0.2,0.1,0.0,0.0
69,80,1,2.0,0.1,0.1,0.1,0.2,0.5,0.0,0.2,0.6,0.0,0.2,0.0
69,81,1,4.0,0.0,0.2,0.0,0.3,0.2,0.0,0.9,1.9,0.3,0.2,0.0
69,90,1,5.0,0.0,0.6,0.4,0.6,1.2,0.0,0.2,1.6,0.2,0.2,0.0
69,99,1,5.0,0.3,0.1,0.0,0.5,0.5,0.1,1.5,1.2,0.0,0.8,0.0
69,102,1,1.0,0.1,0.0,0.0,0.1,0.1,0.0,0.3,0.2,0.0,0.2,0.0
69,110,1,8.0,0.9,0.2,0.0,1.1,1.1,0.0,1.1,2.8,0.1,0.7,0.0
69,112,1,1.0,0.1,0.0,0.0,0.1,0.1,0.0,0.2,0.4,0.0,0.1,0.0
69,115,1,1.0,0.1,0.0,0.0,0.1,0.1,0.0,0.2,0.4,0.0,0.1,0.0
70,1,1,6.0,0.2,0.9,0.4,0.7,1.7,0.1,0.6,0.7,0.4,0.3,0.0
70,2,1,5.0,0.1,0.8,0.4,0.6,1.4,0.1,0.5,0.6,0.3,0.2,0.0
70,3,1,15.0,0.5,2.3,1.1,1.8,4.1,0.2,1.5,1.8,1.0,0.7,0.0
70,4,1,29.0,0.9,4.4,2.1,3.5,8.0,0.5,2.8,3.5,1.9,1.4,0.0
70,5,1,4.0,0.1,0.6,0.3,0.5,1.1,0.1,0.4,0.5,0.2,0.2,0.0
70,7,1,7.0,0.3,0.5,0.8,1.3,2.1,0.4,0.5,0.6,0.1,0.4,0.0
70,8,1,7.0,0.3,0.5,0.8,1.3,2.1,0.4,0.5,0.6,0.1,0.4,0.0
70,18,1,3.0,0.1,0.1,0.1,0.6,0.5,0.1,0.4,0.9,0.1,0.1,0.0
70,19,1,6.0,0.3,0.2,0.2,1.1,1.0,0.1,0.8,1.8,0.3,0.2,0.0
70,20,1,6.0,0.3,0.2,0.2,1.1,1.0,0.1,0.8,1.8,0.3,0.2,0.0
70,24,1,7.0,0.0,0.5,0.5,0.7,1.4,0.2,0.9,0.9,0.7,1.2,0.0
70,27,1,3.0,0.1,0.4,0.0,0.3,0.9,0.1,0.6,0.3,0.1,0.2,0.0
70,34,1,2.0,0.0,0.2,0.2,0.1,0.5,0.0,0.5,0.3,0.0,0.2,0.0
70,37,1,1.0,0.0,0.1,0.0,0.1,0.3,0.0,0.1,0.2,0.1,0.1,0.0
70,39,1,1.0,0.0,0.1,0.0,0.1,0.3,0.0,0.1,0.2,0.1,0.1,0.0
70,46,1,11.0,0.3,0.5,0.8,2.1,1.8,0.0,1.8,2.9,0.3,0.5,0.0
70,47,1,8.0,0.2,0.4,0.6,1.5,1.3,0.0,1.3,2.1,0.2,0.4,0.0
70,48,1,2.0,0.1,0.1,0.1,0.4,0.3,0.0,0.3,0.5,0.1,0.1,0.0
70,50,1,4.0,0.1,0.2,0.3,0.7,0.7,0.0,0.7,1.0,0.1,0.2,0.0
70,54,1,2.0,0.0,0.0,0.1,0.2,0.3,0.0,0.9,0.4,0.0,0.1,0.0
70,58,1,2.0,0.0,0.1,0.0,0.1,0.5,0.0,0.5,0.4,0.0,0.4,0.0
70,67,1,5.0,0.2,0.2,0.0,0.9,0.7,0.2,1.0,1.0,0.5,0.3,0.0
70,68,1,1.0,0.0,0.0,0.0,0.2,0.2,0.0,0.2,0.2,0.1,0.1,0.0
70,74,1,5.0,0.2,0.2,0.4,0.6,0.9,0.2,1.1,1.0,0.2,0.2,0.0
70,76,1,7.0,0.5,0.2,0.5,0.8,1.6,0.0,0.7,2.0,0.0,0.7,0.0
70,77,1,8.0,0.6,0.2,0.6,0.9,1.9,0.0,0.7,2.3,0.0,0.8,0.0
70,81,1,1.0,0.0,0.0,0.0,0.1,0.0,0.0,0.2,0.5,0.1,0.1,0.0
70,82,1,6.0,0.0,0.2,0.0,0.5,0.3,0.0,1.3,2.9,0.5,0.3,0.0
70,83,1,1.0,0.0,0.0,0.0,0.1,0.0,0.0,0.2,0.5,0.1,0.1,0.0
70,108,1,4.0,0.4,0.1,0.0,0.5,0.6,0.0,0.6,1.4,0.1,0.3,0.0
70,110,1,1.0,0.1,0.0,0.0,0.1,0.1,0.0,0.2,0.4,0.0,0.1,0.0
70,111,1,1.0,0.1,0.0,0.0,0.1,0.1,0.0,0.2,0.4,0.0,0.1,0.0
70,115,1,3.0,0.3,0.1,0.0,0.4,0.4,0.0,0.4,1.1,0.0,0.3,0.0
70,123,1,6.0,0.0,0.4,0.5,0.5,1.2,0.0,1.3,1.6,0.0,0.5,0.0
70,125,1,2.0,0.0,0.1,0.2,0.2,0.4,0.0,0.4,0.5,0.0,0.2,0.0
70,126,1,2.0,0.0,0.1,0.2,0.2,0.4,0.1,0.4,0.4,0.1,0.1,0.0
71,0,1,11.0,0.7,1.5,0.5,1.5,1.6,0.0,2.0,1.8,0.3,1.1,0.0
71,1,1,25.0,0.8,3.9,1.8,3.0,6.9,0.4,2.4,3.0,1.6,1.2,0.0
71,2,1,6.0,0.2,0.9,0.4,0.7,1.7,0.1,0.6,0.7,0.4,0.3,0.0
71,6,1,5.0,0.2,0.3,0.6,0.9,1.5,0.3,0.4,0.4,0.1,0.3,0.0
71,7,1,7.0,0.3,0.5,0.8,1.3,2.1,0.4,0.5,0.6,0.1,0.4,0.0
71,14,1,2.0,0.0,0.3,0.1,0.1,0.3,0.0,0.4,0.6,0.1,0.1,0.0
71,15,1,5.0,0.0,0.7,0.2,0.4,0.9,0.0,0.9,1.4,0.3,0.2,0.0
71,25,1,2.0,0.0,0.1,0.1,0.2,0.4,0.1,0.3,0.3,0.2,0.3,0.0
71,29,1,2.0,0.1,0.3,0.0,0.2,0.6,0.1,0.3,0.2,0.1,0.1,0.0
71,33,1,14.0,0.0,1.5,1.5,0.6,3.4,0.0,3.7,2.1,0.0,1.2,0.0
71,34,1,2.0,0.0,0.2,0.2,0.1,0.5,0.0,0.5,0.3,0.0,0.2,0.0
71,36,1,1.0,0.0,0.1,0.0,0.1,0.3,0.0,0.1,0.2,0.1,0.1,0.0
71,47,1,1.0,0.0,0.0,0.1,0.2,0.2,0.0,0.2,0.3,0.0,0.0,0.0
71,48,1,5.0,0.1,0.2,0.4,1.0,0.8,0.0,0.8,1.3,0.1,0.3,0.0
71,49,1,2.0,0.1,0.1,0.1,0.4,0.3,0.0,0.3,0.5,0.1,0.1,0.0
71,53,1,5.5,0.0,0.1,0.2,0.5,0.8,0.0,2.6,1.0,0.0,0.3,0.0
71,54,1,2.0,0.0,0.0,0.1,0.2,0.3,0.0,0.9,0.4,0.0,0.1,0.0
71,71,1,11.0,0.5,0.5,0.9,1.2,2.0,0.4,2.5,2.1,0.5,0.4,0.0
71,72,1,8.0,0.4,0.4,0.6,0.9,1.4,0.3,1.8,1.5,0.4,0.3,0.0
71,73,1,2.0,0.1,0.1,0.2,0.2,0.3,0.1,0.4,0.4,0.1,0.1,0.0
71,74,1,4.0,0.2,0.2,0.3,0.5,0.7,0.1,0.9,0.8,0.2,0.1,0.0
71,75,1,4.0,0.2,0.2,0.3,0.5,0.7,0.1,0.9,0.8,0.2,0.1,0.0
71,76,1,3.0,0.2,0.1,0.2,0.3,0.7,0.0,0.3,0.9,0.0,0.3,0.0
71,77,1,14.0,1.0,0.4,1.0,1.7,3.3,0.0,1.3,4.0,0.0,1.3,0.0
71,78,1,8.0,0.6,0.2,0.6,0.9,1.9,0.0,0.7,2.3,0.0,0.8,0.0
71,82,1,7.0,0.0,0.3,0.0,0.6,0.3,0.0,1.5,3.4,0.6,0.3,0.0
71,88,1,5.0,0.0,0.6,0.4,0.6,1.2,0.0,0.2,1.6,0.2,0.2,0.0
71,91,1,3.0,0.0,0.4,0.2,0.4,0.7,0.0,0.1,1.0,0.1,0.1,0.0
71,103,1,2.0,0.1,0.1,0.0,0.2,0.2,0.0,0.6,0.5,0.0,0.3,0.0
71,104,1,3.0,0.2,0.1,0.0,0.3,0.3,0.1,0.9,0.7,0.0,0.4,0.0
71,105,1,9.0,0.5,0.3,0.0,0.8,0.8,0.3,2.7,2.2,0.0,1.4,0.0
71,113,1,2.0,0.2,0.0,0.0,0.3,0.3,0.0,0.3,0.7,0.0,0.2,0.0
71,116,1,3.0,0.1,0.1,0.5,0.3,0.5,0.0,0.8,0.6,0.0,0.1,0.0
71,121,1,9.0,0.0,0.5,0.8,0.8,1.8,0.0,1.9,2.4,0.0,0.8,0.0
71,123,1,16.0,0.0,1.0,1.4,1.4,3.3,0.0,3.3,4.2,0.0,1.4,0.0
71,124,1,1.0,0.0,0.0,0.1,0.1,0.2,0.0,0.2,0.3,0.0,0.1,0.0
71,126,1,1.0,0.0,0.0,0.1,0.1,0.2,0.0,0.2,0.2,0.1,0.1,0.0
72,0,1,8.0,0.5,0.3,0.8,1.3,1.0,0.0,2.8,0.5,0.3,0.5,0.0
72,1,1,15.0,0.7,1.1,1.3,1.7,2.0,0.2,3.0,3.5,0.2,1.3,0.0
72,2,1,6.0,0.3,0.4,0.5,0.7,0.8,0.1,1.2,1.4,0.1,0.5,0.0
72,3,1,7.0,0.3,0.5,0.6,0.8,0.9,0.1,1.4,1.7,0.1,0.6,0.0
72,4,1,6.0,0.3,0.4,0.5,0.7,0.8,0.1,1.2,1.4,0.1,0.5,0.0
72,5,1,4.0,0.2,0.3,0.3,0.5,0.5,0.1,0.8,0.9,0.1,0.3,0.0
72,6,1,10.0,0.0,0.9,1.3,0.0,3.1,0.2,2.2,1.9,0.2,0.2,0.0
72,13,1,8.0,0.5,0.3,0.0,0.5,1.9,0.3,1.0,2.9,0.2,0.4,0.0
72,14,1,1.0,0.1,0.0,0.0,0.1,0.2,0.0,0.1,0.4,0.0,0.1,0.0
72,15,1,8.0,0.5,0.3,0.0,0.5,1.9,0.3,1.0,2.9,0.2,0.4,0.0
72,21,1,6.0,0.2,0.4,0.0,1.2,0.9,0.3,0.7,1.0,0.7,0.6,0.0
72,26,1,5.0,0.3,0.6,0.0,1.0,0.9,0.2,0.0,0.9,0.7,0.4,0.0
72,32,1,1.0,0.1,0.1,0.0,0.2,0.2,0.0,0.0,0.2,0.1,0.1,0.0
72,33,1,4.0,0.2,0.5,0.0,0.8,0.7,0.1,0.0,0.7,0.6,0.4,0.0
72,44,1,2.0,0.1,0.2,0.1,0.6,0.3,0.0,0.1,0.4,0.1,0.1,0.0
72,46,1,4.0,0.1,0.4,0.5,0.5,1.0,0.0,0.6,0.5,0.2,0.2,0.0
72,51,1,4.0,0.2,0.2,0.2,0.8,0.8,0.5,0.2,0.5,0.5,0.1,0.0
72,52,1,26.0,1.0,1.5,1.5,5.5,5.5,3.0,1.0,3.5,3.0,0.5,0.0
72,55,1,2.0,0.1,0.1,0.1,0.4,0.4,0.2,0.1,0.3,0.2,0.1,0.0
72,56,1,8.0,0.0,0.9,0.6,0.6,1.9,0.0,1.3,1.7,0.2,0.8,0.0
72,66,1,4.0,0.0,0.3,0.1,0.0,1.1,0.2,0.9,1.0,0.2,0.2,0.0
72,70,1,2.0,0.0,0.1,0.0,0.0,0.6,0.1,0.5,0.5,0.1,0.1,0.0
72,71,1,10.0,0.0,1.6,0.5,0.0,2.9,0.0,0.8,3.2,0.5,0.5,0.0
72,78,1,2.0,0.0,0.2,0.1,0.3,0.3,0.0,0.3,0.4,0.2,0.2,0.0
72,79,1,2.0,0.0,0.2,0.1,0.3,0.3,0.0,0.3,0.4,0.2,0.2,0.0
72,82,1,2.0,0.0,0.2,0.1,0.3,0.3,0.0,0.3,0.4,0.2,0.2,0.0
72,90,1,1.0,0.0,0.1,0.1,0.1,0.2,0.0,0.2,0.2,0.0,0.1,0.0
72,91,1,2.0,0.0,0.1,0.0,0.3,0.4,0.0,0.3,0.5,0.1,0.3,0.0
72,92,1,4.0,0.1,0.2,0.1,0.6,0.7,0.1,0.6,0.9,0.2,0.5,0.0
72,93,1,1.0,0.0,0.1,0.0,0.2,0.2,0.0,0.2,0.2,0.0,0.1,0.0
72,104,1,2.0,0.1,0.3,0.1,0.2,0.5,0.0,0.3,0.4,0.1,0.0,0.0
72,110,1,7.0,0.0,0.8,0.4,0.4,1.0,0.0,1.4,1.7,0.3,1.0,0.0
72,111,1,3.0,0.0,0.3,0.2,0.2,0.4,0.0,0.6,0.8,0.1,0.4,0.0
72,121,0,24.5,0.0,1.0,0.0,2.0,3.0,0.0,3.0,9.0,2.5,4.0,0.0
72,122,0,33.5,0.0,1.0,5.0,5.0,7.0,1.0,5.0,6.0,2.5,1.0,0.0
73,0,1,2.0,0.1,0.1,0.2,0.3,0.3,0.0,0.7,0.1,0.1,0.1,0.0
73,3,1,6.0,0.3,0.4,0.5,0.7,0.8,0.1,1.2,1.4,0.1,0.5,0.0
73,5,1,1.0,0.1,0.1,0.1,0.1,0.1,0.0,0.2,0.2,0.0,0.1,0.0
73,6,1,2.0,0.0,0.2,0.3,0.0,0.6,0.0,0.5,0.4,0.0,0.0,0.0
73,7,1,8.0,0.0,0.7,1.0,0.0,2.5,0.1,1.8,1.5,0.2,0.2,0.0
73,13,1,2.0,0.1,0.1,0.0,0.1,0.5,0.1,0.3,0.7,0.0,0.1,0.0
73,14,1,2.0,0.1,0.1,0.0,0.1,0.5,0.1,0.3,0.7,0.0,0.1,0.0
73,20,1,8.0,0.2,0.6,0.0,1.5,1.2,0.4,1.0,1.3,1.0,0.8,0.0
73,21,1,5.0,0.1,0.4,0.0,1.0,0.7,0.2,0.6,0.9,0.6,0.5,0.0
73,25,1,3.0,0.1,0.2,0.0,0.6,0.4,0.1,0.4,0.5,0.4,0.3,0.0
73,31,1,4.0,0.2,0.5,0.0,0.8,0.7,0.1,0.0,0.7,0.6,0.4,0.0
73,39,1,5.0,0.2,0.4,0.2,1.6,0.8,0.1,0.2,1.1,0.3,0.1,0.0
73,47,1,1.0,0.0,0.1,0.1,0.1,0.3,0.0,0.2,0.1,0.0,0.1,0.0
73,51,1,10.0,0.4,0.6,0.6,2.1,2.1,1.1,0.4,1.3,1.2,0.2,0.0
73,52,1,6.0,0.2,0.3,0.4,1.3,1.3,0.7,0.2,0.8,0.7,0.1,0.0
73,57,1,1.0,0.0,0.1,0.1,0.1,0.2,0.0,0.2,0.2,0.0,0.1,0.0
73,65,1,5.0,0.0,0.6,0.3,0.4,1.2,0.0,0.8,1.1,0.1,0.5,0.0
73,72,1,4.0,0.0,0.6,0.2,0.0,1.2,0.0,0.3,1.3,0.2,0.2,0.0
73,86,1,3.0,0.0,0.2,0.3,0.4,0.5,0.1,0.6,0.5,0.1,0.3,0.0
73,88,1,3.0,0.0,0.2,0.3,0.4,0.5,0.1,0.6,0.5,0.1,0.3,0.0
73,90,1,5.0,0.0,0.4,0.5,0.7,0.9,0.1,1.0,0.8,0.2,0.4,0.0
73,91,1,9.0,0.2,0.3,0.3,1.4,1.6,0.2,1.4,2.1,0.3,1.2,0.0
73,92,0,34.0,1.0,0.0,0.0,2.0,1.0,1.0,4.0,21.0,0.0,4.0,0.0
73,93,1,11.0,0.2,0.4,0.3,1.8,1.9,0.2,1.8,2.5,0.4,1.5,0.0
73,95,1,7.0,0.2,0.3,0.2,1.1,1.2,0.1,1.1,1.6,0.3,0.9,0.0
73,99,1,2.0,0.0,0.1,0.0,0.5,0.4,0.0,0.3,0.5,0.1,0.1,0.0
73,101,1,4.0,0.1,0.6,0.1,0.4,0.9,0.0,0.7,0.8,0.3,0.1,0.0
73,103,1,11.0,0.3,1.6,0.4,1.1,2.5,0.1,1.9,2.3,0.7,0.1,0.0
73,110,1,1.0,0.0,0.1,0.1,0.1,0.1,0.0,0.2,0.3,0.0,0.1,0.0
73,120,1,2.0,0.1,0.1,0.1,0.5,0.3,0.0,0.4,0.3,0.1,0.1,0.0
73,122,1,16.0,0.9,1.4,0.0,1.8,2.3,0.0,0.9,5.9,0.5,2.3,0.0
73,123,1,5.0,0.3,0.4,0.0,0.6,0.7,0.0,0.3,1.9,0.1,0.7,0.0
74,3,1,2.0,0.1,0.1,0.2,0.2,0.3,0.0,0.4,0.5,0.0,0.2,0.0
74,4,1,1.0,0.1,0.1,0.1,0.1,0.1,0.0,0.2,0.2,0.0,0.1,0.0
74,12,1,2.0,0.1,0.1,0.0,0.1,0.5,0.1,0.3,0.7,0.0,0.1,0.0
74,14,1,6.0,0.4,0.2,0.0,0.4,1.4,0.2,0.8,2.2,0.1,0.3,0.0
74,31,1,4.0,0.2,0.5,0.0,0.8,0.7,0.1,0.0,0.7,0.6,0.4,0.0
74,33,1,1.0,0.1,0.1,0.0,0.2,0.2,0.0,0.0,0.2,0.1,0.1,0.0
74,45,1,3.0,0.1,0.3,0.1,0.9,0.5,0.1,0.1,0.6,0.2,0.1,0.0
74,46,1,3.0,0.1,0.3,0.3,0.3,0.8,0.0,0.5,0.4,0.1,0.2,0.0
74,48,1,10.0,0.2,1.0,1.2,1.2,2.5,0.0,1.5,1.4,0.4,0.6,0.0
74,49,1,2.0,0.1,0.2,0.2,0.2,0.5,0.0,0.3,0.3,0.1,0.1,0.0
74,54,1,2.0,0.1,0.1,0.1,0.4,0.4,0.2,0.1,0.3,0.2,0.1,0.0
74,65,1,3.0,0.0,0.4,0.2,0.2,0.7,0.0,0.5,0.6,0.1,0.3,0.0
74,67,1,4.0,0.0,0.3,0.1,0.0,1.1,0.2,0.9,1.0,0.2,0.2,0.0
74,70,1,3.0,0.0,0.2,0.1,0.0,0.9,0.1,0.7,0.7,0.1,0.2,0.0
74,71,1,4.0,0.0,0.6,0.2,0.0,1.2,0.0,0.3,1.3,0.2,0.2,0.0
74,86,1,2.0,0.0,0.2,0.2,0.3,0.3,0.0,0.4,0.3,0.1,0.2,0.0
74,88,1,2.0,0.0,0.2,0.2,0.3,0.3,0.0,0.4,0.3,0.1,0.2,0.0
74,90,1,3.0,0.0,0.2,0.3,0.4,0.5,0.1,0.6,0.5,0.1,0.3,0.0
74,92,1,23.0,0.5,0.8,0.6,3.7,4.1,0.4,3.7,5.3,0.8,3.1,0.0
74,93,1,21.0,0.5,0.7,0.6,3.4,3.7,0.4,3.4,4.8,0.7,2.8,0.0
74,94,1,3.0,0.1,0.1,0.1,0.5,0.5,0.0,0.5,0.7,0.1,0.4,0.0
74,96,1,9.0,0.2,0.4,0.0,2.2,1.8,0.2,1.4,2.2,0.4,0.2,0.0
74,97,1,2.0,0.0,0.1,0.0,0.5,0.4,0.0,0.3,0.5,0.1,0.1,0.0
74,98,1,1.0,0.0,0.0,0.0,0.3,0.2,0.0,0.2,0.3,0.0,0.0,0.0
74,99,1,2.0,0.0,0.1,0.0,0.5,0.4,0.0,0.3,0.5,0.1,0.1,0.0
74,101,1,12.0,0.3,1.7,0.4,1.2,2.8,0.1,2.0,2.5,0.8,0.2,0.0
74,102,1,3.0,0.1,0.4,0.1,0.3,0.7,0.0,0.5,0.6,0.2,0.1,0.0
74,103,1,4.0,0.1,0.6,0.1,0.4,0.9,0.0,0.7,0.8,0.3,0.1,0.0
74,104,1,2.5,0.1,0.4,0.1,0.2,0.6,0.0,0.4,0.5,0.2,0.0,0.0
74,106,1,2.0,0.0,0.2,0.1,0.1,0.3,0.0,0.4,0.5,0.1,0.3,0.0
74,108,1,2.0,0.0,0.2,0.1,0.1,0.3,0.0,0.4,0.5,0.1,0.3,0.0
74,111,1,3.0,0.0,0.3,0.2,0.2,0.4,0.0,0.6,0.8,0.1,0.4,0.0
74,113,1,2.0,0.0,0.2,0.1,0.1,0.3,0.0,0.4,0.5,0.1,0.3,0.0
74,114,1,4.0,0.0,0.4,0.2,0.2,0.6,0.0,0.8,1.0,0.2,0.6,0.0
74,121,1,3.0,0.2,0.3,0.0,0.3,0.4,0.0,0.2,1.1,0.1,0.4,0.0
74,122,1,7.0,0.4,0.6,0.0,0.8,1.0,0.0,0.4,2.6,0.2,1.0,0.0
75,3,1,2.0,0.1,0.1,0.2,0.2,0.3,0.0,0.4,0.5,0.0,0.2,0.0
75,11,1,9.0,0.6,0.4,0.0,0.6,2.1,0.4,1.1,3.2,0.2,0.4,0.0
75,12,1,4.0,0.2,0.2,0.0,0.3,0.9,0.2,0.5,1.4,0.1,0.2,0.0
75,13,1,2.0,0.1,0.1,0.0,0.1,0.5,0.1,0.3,0.7,0.0,0.1,0.0
75,32,1,1.0,0.1,0.1,0.0,0.2,0.2,0.0,0.0,0.2,0.1,0.1,0.0
75,37,1,9.0,0.4,0.7,0.4,2.8,1.5,0.2,0.4,1.9,0.5,0.2,0.0
75,48,1,4.0,0.1,0.4,0.5,0.5,1.0,0.0,0.6,0.5,0.2,0.2,0.0
75,49,1,8.0,0.2,0.8,0.9,0.9,2.0,0.0,1.3,1.1,0.3,0.5,0.0
75,59,1,2.0,0.0,0.2,0.1,0.2,0.5,0.0,0.3,0.4,0.1,0.2,0.0
75,70,1,2.0,0.0,0.1,0.0,0.0,0.6,0.1,0.5,0.5,0.1,0.1,0.0
75,71,1,2.0,0.0,0.3,0.1,0.0,0.6,0.0,0.2,0.6,0.1,0.1,0.0
75,86,1,1.0,0.0,0.1,0.1,0.1,0.2,0.0,0.2,0.2,0.0,0.1,0.0
75,88,1,13.0,0.0,1.1,1.3,1.7,2.4,0.3,2.5,2.0,0.6,1.1,0.0
75,89,1,19.0,0.0,1.6,1.8,2.5,3.4,0.5,3.7,3.0,0.9,1.6,0.0
75,92,1,1.0,0.0,0.1,0.0,0.2,0.2,0.0,0.2,0.2,0.0,0.1,0.0
75,94,1,7.0,0.2,0.3,0.2,1.1,1.2,0.1,1.1,1.6,0.3,0.9,0.0
75,95,1,9.0,0.2,0.3,0.3,1.4,1.6,0.2,1.4,2.1,0.3,1.2,0.0
75,96,1,5.0,0.1,0.3,0.0,1.2,1.0,0.1,0.8,1.2,0.2,0.1,0.0
75,97,1,8.0,0.2,0.3,0.0,2.0,1.6,0.2,1.2,2.0,0.3,0.2,0.0
75,98,1,2.0,0.0,0.1,0.0,0.5,0.4,0.0,0.3,0.5,0.1,0.1,0.0
75,99,1,8.0,0.2,0.3,0.0,2.0,1.6,0.2,1.2,2.0,0.3,0.2,0.0
75,100,1,2.0,0.0,0.1,0.0,0.5,0.4,0.0,0.3,0.5,0.1,0.1,0.0
75,101,1,11.0,0.3,1.6,0.4,1.1,2.5,0.1,1.9,2.3,0.7,0.1,0.0
75,102,1,5.0,0.1,0.7,0.2,0.5,1.2,0.1,0.8,1.0,0.3,0.1,0.0
75,110,1,1.0,0.0,0.1,0.1,0.1,0.1,0.0,0.2,0.3,0.0,0.1,0.0
75,120,1,1.0,0.0,0.0,0.1,0.2,0.1,0.0,0.2,0.2,0.1,0.1,0.0
75,121,1,2.0,0.1,0.2,0.0,0.2,0.3,0.0,0.1,0.7,0.1,0.3,0.0
76,1,1,8.0,0.4,0.6,0.7,0.9,1.0,0.1,1.6,1.9,0.1,0.7,0.0
76,2,1,7.0,0.3,0.5,0.6,0.8,0.9,0.1,1.4,1.7,0.1,0.6,0.0
76,3,1,4.0,0.2,0.3,0.3,0.5,0.5,0.1,0.8,0.9,0.1,0.3,0.0
76,12,1,3.0,0.2,0.1,0.0,0.2,0.7,0.1,0.4,1.1,0.1,0.1,0.0
76,16,1,4.0,0.1,0.3,0.0,0.7,0.6,0.2,0.5,0.7,0.5,0.4,0.0
76,35,1,1.0,0.1,0.1,0.0,0.2,0.2,0.0,0.0,0.2,0.1,0.1,0.0
76,36,1,3.0,0.1,0.3,0.1,0.9,0.5,0.1,0.1,0.6,0.2,0.1,0.0
76,37,1,3.0,0.1,0.3,0.1,0.9,0.5,0.1,0.1,0.6,0.2,0.1,0.0
76,38,1,6.0,0.2,0.5,0.2,1.9,1.0,0.1,0.3,1.3,0.4,0.1,0.0
76,44,1,2.0,0.1,0.2,0.1,0.6,0.3,0.0,0.1,0.4,0.1,0.1,0.0
76,51,1,2.0,0.1,0.1,0.1,0.4,0.4,0.2,0.1,0.3,0.2,0.1,0.0
76,61,1,1.0,0.0,0.1,0.1,0.1,0.2,0.0,0.2,0.2,0.0,0.1,0.0
76,69,1,4.0,0.0,0.3,0.1,0.0,1.1,0.2,0.9,1.0,0.2,0.2,0.0
76,70,1,2.0,0.0,0.1,0.0,0.0,0.6,0.1,0.5,0.5,0.1,0.1,0.0
76,74,1,3.0,0.0,0.5,0.2,0.0,0.9,0.0,0.2,0.9,0.1,0.2,0.0
76,84,1,8.0,0.0,0.7,0.2,1.1,1.4,0.0,1.2,1.8,0.9,0.7,0.0
76,85,1,3.0,0.0,0.3,0.1,0.4,0.5,0.0,0.4,0.7,0.3,0.3,0.0
76,88,1,1.0,0.0,0.1,0.1,0.1,0.2,0.0,0.2,0.2,0.0,0.1,0.0
76,89,1,1.0,0.0,0.1,0.1,0.1,0.2,0.0,0.2,0.2,0.0,0.1,0.0
76,94,1,14.5,0.3,0.5,0.4,2.3,2.6,0.3,2.3,3.4,0.5,1.9,0.0
76,95,0,56.0,2.0,4.0,3.0,5.0,11.0,1.0,6.0,10.0,2.0,12.0,0.0
76,96,0,40.0,0.0,1.0,2.0,8.0,5.0,1.0,8.0,8.0,5.0,2.0,0.0
76,97,1,1.0,0.0,0.0,0.0,0.3,0.2,0.0,0.2,0.3,0.0,0.0,0.0
76,99,1,3.0,0.1,0.1,0.0,0.7,0.6,0.1,0.5,0.7,0.1,0.1,0.0
76,101,1,9.0,0.2,1.3,0.3,0.9,2.1,0.1,1.5,1.9,0.6,0.1,0.0
76,102,1,5.0,0.1,0.7,0.2,0.5,1.2,0.1,0.8,1.0,0.3,0.1,0.0
76,103,1,13.0,0.3,1.9,0.5,1.3,3.0,0.1,2.2,2.7,0.9,0.1,0.0
76,105,1,1.0,0.0,0.2,0.0,0.1,0.2,0.0,0.2,0.2,0.1,0.0,0.0
76,106,1,1.5,0.0,0.2,0.1,0.1,0.2,0.0,0.3,0.4,0.0,0.2,0.0
76,109,1,1.0,0.0,0.1,0.1,0.1,0.1,0.0,0.2,0.3,0.0,0.1,0.0
76,110,1,5.0,0.0,0.5,0.3,0.3,0.7,0.0,1.0,1.3,0.2,0.7,0.0
76,111,1,1.0,0.0,0.1,0.1,0.1,0.1,0.0,0.2,0.3,0.0,0.1,0.0
76,113,1,2.0,0.0,0.2,0.1,0.1,0.3,0.0,0.4,0.5,0.1,0.3,0.0
76,119,1,1.0,0.0,0.0,0.1,0.2,0.1,0.0,0.2,0.2,0.1,0.1,0.0
76,120,1,1.0,0.0,0.0,0.1,0.2,0.1,0.0,0.2,0.2,0.1,0.1,0.0
76,121,1,2.0,0.1,0.2,0.0,0.2,0.3,0.0,0.1,0.7,0.1,0.3,0.0
76,126,1,1.0,0.1,0.0,0.0,0.2,0.2,0.0,0.2,0.2,0.0,0.1,0.0
77,0,1,18.5,0.3,1.3,0.5,3.5,3.2,0.0,4.0,2.9,1.5,1.3,0.0
77,1,1,1.0,0.0,0.1,0.1,0.0,0.2,0.0,0.2,0.3,0.1,0.0,0.0
77,3,1,2.0,0.0,0.2,0.2,0.1,0.3,0.0,0.4,0.6,0.1,0.1,0.0
77,5,1,4.0,0.0,0.3,0.4,0.2,0.6,0.0,0.8,1.3,0.2,0.2,0.0
77,11,1,3.0,0.0,0.3,0.1,0.4,0.6,0.0,0.5,0.6,0.1,0.4,0.0
77,13,1,4.0,0.0,0.5,0.2,0.5,0.8,0.0,0.6,0.7,0.2,0.5,0.0
77,22,1,2.0,0.1,0.2,0.0,0.4,0.3,0.1,0.2,0.3,0.2,0.2,0.0
77,32,1,1.0,0.0,0.1,0.1,0.1,0.2,0.0,0.3,0.2,0.0,0.0,0.0
77,33,1,3.0,0.1,0.3,0.2,0.2,0.5,0.0,0.9,0.7,0.0,0.1,0.0
77,34,1,5.0,0.2,0.5,0.4,0.4,0.7,0.0,1.5,1.1,0.0,0.2,0.0
77,35,1,5.0,0.2,0.5,0.4,0.4,0.7,0.0,1.5,1.1,0.0,0.2,0.0
77,54,1,2.0,0.1,0.2,0.2,0.2,0.5,0.0,0.3,0.3,0.1,0.1,0.0
77,55,1,7.0,0.1,0.7,0.8,0.8,1.8,0.0,1.1,1.0,0.3,0.4,0.0
77,58,1,1.0,0.0,0.1,0.1,0.1,0.2,0.0,0.2,0.2,0.0,0.1,0.0
77,61,1,8.0,0.0,0.9,0.6,0.6,1.9,0.0,1.3,1.7,0.2,0.8,0.0
77,84,1,3.0,0.0,0.1,0.1,0.2,0.3,0.0,0.6,1.4,0.0,0.3,0.0
77,85,1,4.0,0.0,0.2,0.2,0.3,0.3,0.0,0.8,1.8,0.0,0.4,0.0
77,86,1,4.0,0.0,0.3,0.4,0.5,0.7,0.1,0.8,0.6,0.2,0.4,0.0
77,91,1,5.0,0.1,0.7,0.3,0.3,1.3,0.0,0.5,1.2,0.3,0.3,0.0
77,94,1,2.0,0.0,0.3,0.1,0.1,0.5,0.0,0.2,0.5,0.1,0.2,0.0
77,95,0,96.5,3.0,18.0,7.0,11.0,22.0,2.0,4.0,15.0,7.5,7.0,0.0
77,96,1,4.0,0.1,0.1,0.4,0.4,0.6,0.0,0.5,0.9,0.1,0.9,0.0
77,97,1,14.0,0.3,0.3,1.4,1.4,1.9,0.0,1.7,3.3,0.3,3.4,0.0
77,98,1,11.0,0.2,0.2,1.1,1.1,1.5,0.0,1.3,2.7,0.2,2.7,0.0
77,100,1,1.0,0.0,0.0,0.1,0.1,0.2,0.0,0.1,0.2,0.0,0.3,0.0
77,101,1,5.0,0.2,0.6,0.1,0.8,0.9,0.1,0.9,0.6,0.4,0.4,0.0
77,102,1,2.0,0.1,0.3,0.1,0.3,0.4,0.0,0.4,0.2,0.1,0.1,0.0
77,103,1,3.0,0.1,0.4,0.1,0.5,0.5,0.1,0.6,0.3,0.2,0.2,0.0
77,104,1,7.0,0.3,0.9,0.2,1.1,1.3,0.1,1.3,0.8,0.5,0.5,0.0
77,105,1,2.5,0.1,0.3,0.1,0.4,0.4,0.0,0.5,0.3,0.2,0.2,0.0
77,106,1,3.0,0.0,0.2,0.6,0.0,0.9,0.1,0.5,0.3,0.0,0.4,0.0
77,108,1,4.0,0.0,0.2,0.9,0.0,1.2,0.1,0.7,0.4,0.0,0.5,0.0
77,110,1,3.0,0.0,0.2,0.6,0.0,0.9,0.1,0.5,0.3,0.0,0.4,0.0
77,111,1,4.0,0.0,0.2,0.4,0.4,0.9,0.1,0.6,1.1,0.1,0.2,0.0
77,112,1,1.0,0.0,0.0,0.1,0.1,0.2,0.0,0.2,0.3,0.0,0.1,0.0
77,113,1,5.0,0.0,0.2,0.4,0.5,1.1,0.2,0.7,1.4,0.2,0.3,0.0
77,119,1,2.0,0.1,0.1,0.1,0.5,0.3,0.0,0.4,0.3,0.1,0.1,0.0
77,121,1,1.0,0.0,0.0,0.1,0.2,0.1,0.0,0.2,0.2,0.1,0.1,0.0
78,0,1,19.0,0.3,1.4,0.5,3.5,3.3,0.0,4.1,3.0,1.5,1.4,0.0
78,1,1,4.0,0.0,0.3,0.4,0.2,0.6,0.0,0.8,1.3,0.2,0.2,0.0
78,3,1,6.0,0.1,0.5,0.6,0.2,1.0,0.0,1.2,1.9,0.3,0.2,0.0
78,6,1,16.0,0.0,1.5,2.1,0.0,5.0,0.3,3.5,3.0,0.3,0.3,0.0
78,9,1,3.0,0.0,0.3,0.4,0.0,0.9,0.0,0.7,0.5,0.1,0.1,0.0
78,23,1,2.0,0.1,0.2,0.0,0.4,0.3,0.1,0.2,0.3,0.2,0.2,0.0
78,25,1,5.0,0.1,0.4,0.0,1.0,0.7,0.2,0.6,0.9,0.6,0.5,0.0
78,50,1,3.0,0.1,0.3,0.3,0.3,0.8,0.0,0.5,0.4,0.1,0.2,0.0
78,79,1,1.0,0.0,0.1,0.0,0.1,0.2,0.0,0.2,0.2,0.1,0.1,0.0
78,84,1,4.0,0.0,0.2,0.2,0.3,0.3,0.0,0.8,1.8,0.0,0.4,0.0
78,85,1,4.0,0.0,0.2,0.2,0.3,0.3,0.0,0.8,1.8,0.0,0.4,0.0
78,89,1,5.0,0.0,0.4,0.5,0.7,0.9,0.1,1.0,0.8,0.2,0.4,0.0
78,90,1,4.0,0.0,0.3,0.4,0.5,0.7,0.1,0.8,0.6,0.2,0.4,0.0
78,92,1,1.0,0.0,0.1,0.1,0.1,0.3,0.0,0.1,0.2,0.0,0.1,0.0
78,95,1,5.0,0.1,0.7,0.3,0.3,1.3,0.0,0.5,1.2,0.3,0.3,0.0
78,97,0,28.0,0.0,2.0,5.0,0.0,9.0,0.0,6.0,3.0,0.0,3.0,0.0
78,98,0,26.0,0.0,0.0,1.0,0.0,4.0,0.0,0.0,14.0,1.0,6.0,0.0
78,99,0,24.0,0.0,0.0,0.0,0.0,0.0,0.0,1.0,11.0,0.0,12.0,0.0
78,100,1,1.0,0.0,0.0,0.1,0.1,0.2,0.0,0.1,0.2,0.0,0.3,0.0
78,101,1,6.0,0.2,0.8,0.2,0.9,1.1,0.1,1.1,0.7,0.4,0.5,0.0
78,102,1,3.0,0.1,0.4,0.1,0.5,0.5,0.1,0.6,0.3,0.2,0.2,0.0
78,103,1,2.0,0.1,0.3,0.1,0.3,0.4,0.0,0.4,0.2,0.1,0.1,0.0
78,104,1,18.0,0.7,2.3,0.5,2.7,3.3,0.3,3.3,2.1,1.4,1.4,0.0
78,107,1,4.0,0.0,0.2,0.9,0.0,1.2,0.1,0.7,0.4,0.0,0.5,0.0
78,109,1,1.0,0.0,0.1,0.2,0.0,0.3,0.0,0.2,0.1,0.0,0.1,0.0
78,110,1,7.0,0.0,0.4,1.5,0.0,2.1,0.2,1.3,0.6,0.0,0.9,0.0
78,111,1,2.0,0.0,0.1,0.2,0.2,0.4,0.1,0.3,0.5,0.1,0.1,0.0
78,112,1,1.0,0.0,0.0,0.1,0.1,0.2,0.0,0.2,0.3,0.0,0.1,0.0
78,115,1,1.0,0.0,0.0,0.1,0.1,0.2,0.0,0.2,0.3,0.0,0.1,0.0
78,116,1,3.0,0.1,0.1,0.2,0.7,0.4,0.0,0.6,0.5,0.2,0.2,0.0
78,118,1,1.0,0.0,0.0,0.1,0.2,0.1,0.0,0.2,0.2,0.1,0.1,0.0
78,127,1,3.0,0.2,0.1,0.1,0.6,0.5,0.0,0.6,0.5,0.1,0.3,0.0
79,0,1,1.0,0.0,0.1,0.0,0.2,0.2,0.0,0.2,0.1,0.1,0.1,0.0
79,1,1,22.0,0.3,1.7,2.3,0.9,3.5,0.0,4.3,6.9,1.2,0.9,0.0
79,3,1,6.0,0.1,0.5,0.6,0.2,1.0,0.0,1.2,1.9,0.3,0.2,0.0
79,4,1,1.0,0.0,0.1,0.1,0.0,0.2,0.0,0.2,0.3,0.1,0.0,0.0
79,5,1,2.0,0.0,0.2,0.2,0.1,0.3,0.0,0.4,0.6,0.1,0.1,0.0
79,6,1,4.0,0.0,0.4,0.5,0.0,1.2,0.1,0.9,0.7,0.1,0.1,0.0
79,11,1,15.0,0.0,1.7,0.7,1.7,3.1,0.0,2.4,2.7,0.7,2.0,0.0
79,15,1,1.0,0.0,0.1,0.1,0.1,0.2,0.0,0.2,0.2,0.0,0.1,0.0
79,16,1,2.0,0.1,0.2,0.0,0.4,0.3,0.1,0.2,0.3,0.2,0.2,0.0
79,21,1,1.0,0.0,0.1,0.0,0.2,0.1,0.1,0.1,0.2,0.1,0.1,0.0
79,44,1,1.0,0.0,0.1,0.0,0.3,0.2,0.0,0.1,0.2,0.1,0.0,0.0
79,59,1,1.0,0.0,0.1,0.1,0.1,0.2,0.0,0.2,0.2,0.0,0.1,0.0
79,63,1,9.0,0.0,1.1,0.6,0.7,2.1,0.0,1.5,1.9,0.2,0.9,0.0
79,65,1,3.0,0.0,0.4,0.2,0.2,0.7,0.0,0.5,0.6,0.1,0.3,0.0
79,68,1,1.0,0.0,0.2,0.0,0.0,0.3,0.0,0.1,0.3,0.0,0.1,0.0
79,83,1,2.0,0.0,0.1,0.1,0.1,0.2,0.0,0.4,0.9,0.0,0.2,0.0
79,84,1,5.0,0.0,0.2,0.2,0.4,0.4,0.0,1.1,2.3,0.0,0.4,0.0
79,87,1,10.0,0.0,0.8,1.0,1.3,1.8,0.2,1.9,1.6,0.5,0.9,0.0
79,91,1,2.0,0.0,0.3,0.1,0.1,0.5,0.0,0.2,0.5,0.1,0.2,0.0
79,92,1,4.0,0.1,0.5,0.3,0.2,1.0,0.0,0.4,1.0,0.2,0.3,0.0
79,94,1,8.0,0.1,1.0,0.6,0.4,2.1,0.0,0.8,2.0,0.4,0.6,0.0
79,95,0,36.0,2.0,5.0,3.0,12.0,4.0,4.0,4.0,0.0,2.0,0.0,0.0
79,96,1,5.0,0.1,0.1,0.5,0.5,0.7,0.0,0.6,1.2,0.1,1.2,0.0
79,97,0,19.0,1.0,0.0,0.0,2.0,0.0,0.0,5.0,4.0,0.0,7.0,0.0
79,98,0,69.5,1.0,2.5,4.0,12.0,11.0,1.0,12.0,16.0,2.0,8.0,0.0
79,99,0,77.5,1.0,3.0,8.0,6.0,15.0,1.0,15.0,21.0,1.5,6.0,0.0
79,100,1,11.0,0.2,0.2,1.1,1.1,1.5,0.0,1.3,2.7,0.2,2.7,0.0
79,101,1,8.0,0.3,1.0,0.2,1.2,1.5,0.2,1.5,0.9,0.6,0.6,0.0
79,102,1,3.0,0.1,0.4,0.1,0.5,0.5,0.1,0.6,0.3,0.2,0.2,0.0
79,103,1,3.0,0.1,0.4,0.1,0.5,0.5,0.1,0.6,0.3,0.2,0.2,0.0
79,104,1,24.0,0.9,3.1,0.7,3.7,4.4,0.5,4.4,2.7,1.8,1.8,0.0
79,107,1,3.0,0.0,0.2,0.6,0.0,0.9,0.1,0.5,0.3,0.0,0.4,0.0
79,109,1,3.0,0.0,0.2,0.6,0.0,0.9,0.1,0.5,0.3,0.0,0.4,0.0
79,112,1,4.0,0.0,0.2,0.4,0.4,0.9,0.1,0.6,1.1,0.1,0.2,0.0
79,113,1,3.0,0.0,0.1,0.3,0.3,0.7,0.1,0.4,0.8,0.1,0.2,0.0
79,114,1,14.0,0.0,0.5,1.3,1.3,3.1,0.5,2.1,3.9,0.5,0.8,0.0
79,115,1,5.0,0.0,0.2,0.4,0.5,1.1,0.2,0.7,1.4,0.2,0.3,0.0
79,118,1,4.0,0.2,0.1,0.2,1.0,0.6,0.0,0.7,0.7,0.2,0.3,0.0
79,119,1,7.0,0.3,0.2,0.4,1.8,1.0,0.0,1.3,1.2,0.4,0.4,0.0
80,1,1,10.0,0.1,0.8,1.0,0.4,1.6,0.0,2.0,3.2,0.5,0.4,0.0
80,2,1,9.0,0.1,0.7,0.9,0.4,1.4,0.0,1.8,2.8,0.5,0.4,0.0
80,10,1,1.0,0.0,0.1,0.2,0.0,0.3,0.0,0.2,0.2,0.0,0.0,0.0
80,11,1,4.0,0.0,0.5,0.2,0.5,0.8,0.0,0.6,0.7,0.2,0.5,0.0
80,12,1,5.0,0.0,0.6,0.2,0.6,1.0,0.0,0.8,0.9,0.2,0.7,0.0
80,13,1,5.0,0.0,0.6,0.2,0.6,1.0,0.0,0.8,0.9,0.2,0.7,0.0
80,14,1,2.0,0.0,0.2,0.1,0.2,0.4,0.0,0.3,0.4,0.1,0.3,0.0
80,27,1,1.0,0.1,0.1,0.0,0.2,0.2,0.0,0.0,0.2,0.1,0.1,0.0
80,28,1,10.0,0.6,1.2,0.0,2.0,1.7,0.3,0.0,1.8,1.5,0.9,0.0
80,34,1,4.0,0.1,0.4,0.3,0.3,0.6,0.0,1.2,0.9,0.0,0.2,0.0
80,45,1,2.0,0.1,0.2,0.1,0.6,0.3,0.0,0.1,0.4,0.1,0.1,0.0
80,48,1,2.0,0.1,0.2,0.2,0.2,0.5,0.0,0.3,0.3,0.1,0.1,0.0
80,49,1,3.0,0.1,0.3,0.3,0.3,0.8,0.0,0.5,0.4,0.1,0.2,0.0
80,69,1,5.0,0.0,0.8,0.3,0.0,1.4,0.0,0.4,1.6,0.2,0.3,0.0
80,95,1,20.5,0.4,2.7,1.4,1.1,5.3,0.0,2.1,5.0,1.1,1.4,0.0
80,96,0,31.0,0.0,4.0,1.0,1.0,2.0,0.0,5.0,6.0,2.0,10.0,0.0
80,97,0,90.0,1.0,10.5,8.0,9.0,18.0,0.5,14.0,15.0,1.0,13.0,0.0
80,98,0,87.0,1.0,8.0,6.0,8.0,14.0,0.0,10.0,29.0,3.0,8.0,0.0
80,99,0,149.0,0.0,14.0,10.0,22.0,39.0,2.0,30.0,18.0,5.0,9.0,0.0
80,100,0,15.0,0.0,0.0,2.0,1.0,4.0,0.0,4.0,2.0,0.0,2.0,0.0
80,101,1,1.0,0.0,0.1,0.0,0.2,0.2,0.0,0.2,0.1,0.1,0.1,0.0
80,102,1,6.0,0.2,0.8,0.2,0.9,1.1,0.1,1.1,0.7,0.4,0.5,0.0
80,103,1,3.0,0.1,0.4,0.1,0.5,0.5,0.1,0.6,0.3,0.2,0.2,0.0
80,104,1,4.0,0.2,0.5,0.1,0.6,0.7,0.1,0.7,0.5,0.3,0.3,0.0
80,107,1,2.0,0.0,0.1,0.4,0.0,0.6,0.1,0.4,0.2,0.0,0.2,0.0
80,108,1,2.0,0.0,0.1,0.4,0.0,0.6,0.1,0.4,0.2,0.0,0.2,0.0
80,114,1,9.0,0.0,0.4,0.8,0.8,2.0,0.3,1.3,2.5,0.4,0.5,0.0
80,115,1,5.0,0.0,0.2,0.4,0.5,1.1,0.2,0.7,1.4,0.2,0.3,0.0
80,118,1,8.0,0.3,0.3,0.5,2.0,1.2,0.0,1.5,1.3,0.4,0.5,0.0
80,119,1,7.0,0.3,0.2,0.4,1.8,1.0,0.0,1.3,1.2,0.4,0.4,0.0
80,120,1,6.0,0.2,0.2,0.4,1.5,0.9,0.0,1.1,1.0,0.3,0.4,0.0
81,0,1,1.0,0.0,0.1,0.0,0.2,0.2,0.0,0.2,0.1,0.1,0.1,0.0
81,1,1,1.0,0.0,0.1,0.1,0.0,0.2,0.0,0.2,0.3,0.1,0.0,0.0
81,2,1,6.0,0.1,0.5,0.6,0.2,1.0,0.0,1.2,1.9,0.3,0.2,0.0
81,5,1,2.0,0.0,0.2,0.2,0.1,0.3,0.0,0.4,0.6,0.1,0.1,0.0
81,6,1,7.0,0.0,0.7,0.9,0.0,2.2,0.1,1.6,1.3,0.1,0.1,0.0
81,7,1,1.0,0.0,0.1,0.2,0.0,0.3,0.0,0.2,0.2,0.0,0.0,0.0
81,10,1,2.0,0.0,0.2,0.3,0.0,0.6,0.0,0.5,0.4,0.0,0.0,0.0
81,12,1,2.0,0.0,0.2,0.1,0.2,0.4,0.0,0.3,0.4,0.1,0.3,0.0
81,13,1,3.0,0.0,0.3,0.1,0.4,0.6,0.0,0.5,0.6,0.1,0.4,0.0
81,19,1,3.0,0.1,0.2,0.0,0.6,0.4,0.1,0.4,0.5,0.4,0.3,0.0
81,30,1,2.0,0.1,0.2,0.0,0.4,0.3,0.1,0.0,0.4,0.3,0.2,0.0
81,33,1,2.0,0.1,0.2,0.1,0.2,0.3,0.0,0.6,0.4,0.0,0.1,0.0
81,34,1,7.0,0.3,0.8,0.5,0.5,1.0,0.0,2.1,1.5,0.0,0.3,0.0
81,36,1,2.0,0.1,0.2,0.1,0.6,0.3,0.0,0.1,0.4,0.1,0.1,0.0
81,45,1,10.0,0.4,0.9,0.4,3.1,1.7,0.2,0.4,2.1,0.6,0.2,0.0
81,50,1,2.0,0.1,0.2,0.2,0.2,0.5,0.0,0.3,0.3,0.1,0.1,0.0
81,66,1,4.0,0.0,0.6,0.2,0.0,1.2,0.0,0.3,1.3,0.2,0.2,0.0
81,68,1,5.0,0.0,0.8,0.3,0.0,1.4,0.0,0.4,1.6,0.2,0.3,0.0
81,82,1,2.0,0.0,0.1,0.1,0.1,0.2,0.0,0.4,0.9,0.0,0.2,0.0
81,87,1,1.0,0.0,0.1,0.1,0.1,0.2,0.0,0.2,0.2,0.0,0.1,0.0
81,88,1,5.0,0.0,0.4,0.5,0.7,0.9,0.1,1.0,0.8,0.2,0.4,0.0
81,93,1,1.0,0.0,0.1,0.1,0.1,0.3,0.0,0.1,0.2,0.0,0.1,0.0
81,94,1,9.0,0.2,1.2,0.6,0.5,2.3,0.0,0.9,2.2,0.5,0.6,0.0
81,95,0,21.0,0.0,1.0,0.0,0.0,5.0,0.0,5.0,8.0,0.0,2.0,0.0
81,96,0,19.0,0.0,0.0,0.0,0.0,3.0,0.0,4.0,9.0,0.0,3.0,0.0
81,97,0,51.5,2.0,3.0,3.5,5.0,6.0,0.0,6.0,16.0,1.0,9.0,0.0
81,98,0,42.0,0.0,4.0,1.0,2.0,7.0,0.0,13.0,9.0,1.0,5.0,0.0
81,99,1,3.0,0.1,0.1,0.3,0.3,0.4,0.0,0.3,0.7,0.1,0.7,0.0
81,100,0,47.5,4.0,4.0,1.0,11.0,5.0,0.0,4.0,9.0,3.5,6.0,0.0
81,101,1,4.0,0.2,0.5,0.1,0.6,0.7,0.1,0.7,0.5,0.3,0.3,0.0
81,102,0,68.0,4.0,11.0,4.0,6.0,12.0,0.0,12.0,9.0,6.0,4.0,0.0
81,110,1,1.0,0.0,0.1,0.2,0.0,0.3,0.0,0.2,0.1,0.0,0.1,0.0
81,118,1,1.0,0.0,0.0,0.1,0.2,0.1,0.0,0.2,0.2,0.1,0.1,0.0
81,124,1,3.0,0.1,0.1,0.2,0.7,0.4,0.0,0.6,0.5,0.2,0.2,0.0
82,0,1,5.0,0.1,0.2,0.1,0.4,0.6,0.0,1.0,1.5,0.1,1.0,0.0
82,1,1,19.0,0.5,1.8,0.8,2.0,3.6,0.0,2.0,5.4,0.4,2.5,0.0
82,2,1,5.0,0.1,0.5,0.2,0.5,1.0,0.0,0.5,1.4,0.1,0.7,0.0
82,4,1,5.0,0.1,0.5,0.2,0.5,1.0,0.0,0.5,1.4,0.1,0.7,0.0
82,5,1,1.0,0.0,0.1,0.1,0.1,0.2,0.0,0.1,0.3,0.0,0.1,0.0
82,6,1,1.0,0.0,0.1,0.1,0.1,0.2,0.0,0.1,0.3,0.0,0.1,0.0
82,7,1,2.0,0.0,0.1,0.1,0.2,0.4,0.0,0.3,0.5,0.1,0.3,0.0
82,13,1,1.0,0.0,0.1,0.0,0.1,0.2,0.0,0.2,0.2,0.1,0.1,0.0
82,24,1,1.0,0.0,0.0,0.1,0.2,0.2,0.0,0.3,0.2,0.0,0.0,0.0
82,25,1,1.0,0.0,0.0,0.1,0.2,0.2,0.0,0.3,0.2,0.0,0.0,0.0
82,29,1,6.0,0.2,0.5,0.3,1.1,1.7,0.2,0.8,0.7,0.3,0.2,0.0
82,30,1,2.0,0.1,0.2,0.1,0.4,0.6,0.1,0.2,0.2,0.1,0.0,0.0
82,34,1,2.0,0.0,0.1,0.1,0.3,0.3,0.0,0.4,0.7,0.0,0.1,0.0
82,35,1,2.0,0.0,0.1,0.1,0.3,0.3,0.0,0.4,0.7,0.0,0.1,0.0
82,36,1,2.0,0.1,0.1,0.2,0.4,0.3,0.1,0.4,0.3,0.0,0.1,0.0
82,49,1,2.0,0.0,0.1,0.2,0.3,0.3,0.1,0.6,0.3,0.1,0.0,0.0
82,66,1,7.0,0.1,0.5,0.6,0.9,1.8,0.0,1.2,1.0,0.3,0.6,0.0
82,67,1,2.0,0.0,0.1,0.2,0.3,0.5,0.0,0.3,0.3,0.1,0.2,0.0
82,72,1,3.0,0.0,0.2,0.2,0.3,0.7,0.0,0.4,0.8,0.1,0.3,0.0
82,73,1,6.0,0.0,0.5,0.5,0.6,1.4,0.0,0.8,1.5,0.1,0.6,0.0
82,79,1,1.0,0.0,0.1,0.0,0.1,0.2,0.0,0.2,0.2,0.1,0.1,0.0
82,87,1,1.0,0.1,0.1,0.0,0.3,0.3,0.0,0.0,0.1,0.1,0.0,0.0
82,88,1,3.0,0.1,0.4,0.1,0.8,0.9,0.1,0.1,0.1,0.3,0.1,0.0
82,91,1,1.0,0.0,0.1,0.0,0.0,0.2,0.0,0.2,0.2,0.1,0.2,0.0
82,95,1,9.0,0.1,0.6,0.2,0.3,1.8,0.2,1.4,2.1,0.5,1.8,0.0
82,96,1,15.0,0.0,1.3,1.4,0.7,3.0,0.0,2.6,3.8,0.3,1.9,0.0
82,97,0,40.5,1.0,3.0,2.0,6.0,5.0,1.0,8.0,5.0,1.5,8.0,0.0
82,98,0,39.0,0.0,6.0,3.0,6.0,10.0,0.0,3.0,5.0,2.0,4.0,0.0
82,101,0,20.0,0.0,4.0,0.0,2.0,6.0,0.0,2.0,3.0,0.0,3.0,0.0
82,102,1,7.0,0.1,0.5,0.6,0.6,1.6,0.1,1.0,1.6,0.3,0.6,0.0
82,103,1,21.0,0.3,1.5,1.8,1.9,4.9,0.1,2.9,4.9,0.9,1.8,0.0
82,123,1,2.0,0.0,0.1,0.1,0.3,0.4,0.1,0.2,0.4,0.3,0.1,0.0
82,124,1,7.0,0.2,0.2,0.2,1.1,1.5,0.2,0.9,1.5,0.9,0.3,0.0
83,0,1,3.0,0.0,0.1,0.1,0.2,0.4,0.0,0.6,0.9,0.1,0.6,0.0
83,1,1,9.0,0.2,0.9,0.4,0.9,1.7,0.0,0.9,2.6,0.2,1.2,0.0
83,2,1,4.0,0.1,0.4,0.2,0.4,0.8,0.0,0.4,1.1,0.1,0.5,0.0
83,4,1,1.0,0.0,0.1,0.1,0.1,0.2,0.0,0.1,0.3,0.0,0.1,0.0
83,6,1,4.0,0.0,0.3,0.2,0.3,0.7,0.0,0.6,1.1,0.2,0.6,0.0
83,14,1,5.0,0.2,0.2,0.2,0.6,0.8,0.0,1.2,1.2,0.3,0.3,0.0
83,15,1,3.0,0.1,0.1,0.1,0.4,0.5,0.0,0.7,0.7,0.2,0.2,0.0
83,24,1,7.0,0.0,0.1,0.8,1.1,1.4,0.1,1.9,1.1,0.3,0.2,0.0
83,25,1,2.0,0.0,0.1,0.2,0.3,0.4,0.0,0.5,0.3,0.1,0.1,0.0
83,27,1,4.0,0.2,0.3,0.2,0.7,1.1,0.2,0.5,0.5,0.2,0.1,0.0
83,29,1,8.0,0.3,0.7,0.3,1.5,2.3,0.3,1.0,0.9,0.5,0.2,0.0
83,31,1,4.0,0.1,0.1,0.2,0.5,0.6,0.1,0.8,1.3,0.1,0.2,0.0
83,34,1,1.0,0.0,0.0,0.1,0.1,0.2,0.0,0.2,0.3,0.0,0.1,0.0
83,35,1,14.0,0.3,0.6,0.8,1.7,2.0,0.3,2.8,4.6,0.3,0.6,0.0
83,36,1,3.0,0.2,0.1,0.3,0.5,0.5,0.1,0.6,0.5,0.1,0.1,0.0
83,49,1,16.0,0.3,1.0,1.4,2.1,2.7,0.7,4.4,2.1,0.7,0.3,0.3
83,66,1,2.0,0.0,0.1,0.2,0.3,0.5,0.0,0.3,0.3,0.1,0.2,0.0
83,67,1,9.0,0.2,0.6,0.8,1.1,2.4,0.0,1.5,1.3,0.3,0.8,0.0
83,72,1,6.0,0.0,0.5,0.5,0.6,1.4,0.0,0.8,1.5,0.1,0.6,0.0
83,73,1,2.0,0.0,0.1,0.2,0.2,0.5,0.0,0.3,0.5,0.0,0.2,0.0
83,94,1,3.0,0.0,0.2,0.1,0.1,0.6,0.0,0.5,0.7,0.2,0.6,0.0
83,95,0,17.0,0.0,0.0,1.0,0.0,2.0,0.0,4.0,6.0,0.0,4.0,0.0
83,96,1,7.0,0.0,0.6,0.6,0.4,1.4,0.0,1.2,1.8,0.1,0.9,0.0
83,97,0,45.0,2.0,4.0,2.0,4.0,10.0,0.0,5.0,10.0,1.0,7.0,0.0
83,98,0,21.5,0.0,0.0,1.0,4.0,3.0,0.5,4.0,7.0,0.0,2.0,0.0
83,100,1,1.0,0.0,0.1,0.1,0.0,0.2,0.0,0.2,0.3,0.0,0.1,0.0
83,101,0,24.5,0.0,1.0,2.0,6.0,5.0,0.0,1.0,3.0,3.5,3.0,0.0
83,102,0,27.0,0.0,1.0,2.0,3.0,6.0,1.0,3.0,8.0,2.0,1.0,0.0
83,105,1,2.0,0.0,0.1,0.2,0.2,0.4,0.0,0.3,0.5,0.1,0.2,0.0
83,106,1,4.5,0.2,0.5,0.2,0.6,0.7,0.0,0.8,1.2,0.1,0.2,0.0
83,109,1,2.0,0.1,0.2,0.1,0.3,0.3,0.0,0.3,0.6,0.0,0.1,0.0
83,110,1,7.0,0.3,0.8,0.3,0.9,1.1,0.1,1.2,1.9,0.1,0.3,0.0
83,117,1,2.0,0.0,0.1,0.1,0.3,0.4,0.1,0.2,0.4,0.3,0.1,0.0
83,124,1,4.0,0.1,0.2,0.2,0.6,0.8,0.1,0.5,0.8,0.5,0.2,0.0
84,1,1,9.0,0.2,0.9,0.4,0.9,1.7,0.0,0.9,2.6,0.2,1.2,0.0
84,2,1,8.0,0.2,0.8,0.4,0.8,1.5,0.0,0.8,2.3,0.2,1.0,0.0
84,3,1,2.0,0.0,0.2,0.1,0.2,0.4,0.0,0.2,0.6,0.0,0.3,0.0
84,5,1,1.0,0.0,0.1,0.1,0.1,0.2,0.0,0.1,0.3,0.0,0.1,0.0
84,6,1,6.0,0.1,0.5,0.3,0.5,1.1,0.0,0.8,1.6,0.3,0.8,0.0
84,10,1,3.0,0.0,0.2,0.2,0.2,0.6,0.0,0.4,0.8,0.2,0.4,0.0
84,14,1,2.0,0.1,0.1,0.1,0.2,0.3,0.0,0.5,0.5,0.1,0.1,0.0
84,15,1,17.5,0.6,0.8,0.6,2.2,2.9,0.0,4.2,4.2,1.1,0.9,0.0
84,16,1,4.0,0.1,0.3,0.3,0.4,0.5,0.1,0.6,1.3,0.2,0.2,0.0
84,18,1,2.0,0.0,0.2,0.2,0.2,0.2,0.1,0.3,0.6,0.1,0.1,0.0
84,19,1,8.0,0.2,0.7,0.7,0.7,0.9,0.2,1.1,2.5,0.5,0.5,0.0
84,26,1,2.0,0.1,0.2,0.1,0.4,0.6,0.1,0.2,0.2,0.1,0.0,0.0
84,28,1,6.0,0.2,0.5,0.3,1.1,1.7,0.2,0.8,0.7,0.3,0.2,0.0
84,29,1,4.0,0.2,0.3,0.2,0.7,1.1,0.2,0.5,0.5,0.2,0.1,0.0
84,30,1,2.0,0.1,0.2,0.1,0.4,0.6,0.1,0.2,0.2,0.1,0.0,0.0
84,32,1,2.0,0.0,0.1,0.1,0.3,0.3,0.0,0.4,0.7,0.0,0.1,0.0
84,37,1,13.0,0.6,0.4,1.5,2.4,2.0,0.5,2.5,2.2,0.4,0.5,0.0
84,45,1,2.0,0.1,0.1,0.2,0.4,0.3,0.1,0.4,0.3,0.0,0.1,0.0
84,47,1,4.0,0.1,0.2,0.3,0.5,0.7,0.2,1.1,0.5,0.2,0.1,0.1
84,49,1,4.0,0.1,0.2,0.3,0.5,0.7,0.2,1.1,0.5,0.2,0.1,0.1
84,53,1,4.0,0.1,0.2,0.3,0.5,0.7,0.2,1.1,0.5,0.2,0.1,0.1
84,54,1,2.0,0.0,0.1,0.2,0.3,0.3,0.1,0.6,0.3,0.1,0.0,0.0
84,65,1,3.0,0.0,0.5,0.2,0.3,0.5,0.2,0.5,0.5,0.0,0.3,0.0
84,66,1,2.0,0.0,0.1,0.2,0.3,0.5,0.0,0.3,0.3,0.1,0.2,0.0
84,67,1,19.0,0.4,1.3,1.6,2.4,5.0,0.0,3.1,2.8,0.7,1.7,0.0
84,68,1,14.0,0.3,1.0,1.2,1.8,3.7,0.0,2.3,2.0,0.5,1.2,0.0
84,70,1,1.0,0.0,0.1,0.1,0.1,0.3,0.0,0.2,0.1,0.0,0.1,0.0
84,92,1,7.0,0.1,0.5,0.1,0.2,1.4,0.1,1.1,1.7,0.4,1.4,0.0
84,93,1,3.0,0.0,0.2,0.1,0.1,0.6,0.0,0.5,0.7,0.2,0.6,0.0
84,94,1,2.0,0.0,0.2,0.0,0.1,0.4,0.0,0.3,0.5,0.1,0.4,0.0
84,95,1,12.0,0.2,0.8,0.2,0.4,2.4,0.2,1.8,2.9,0.6,2.5,0.0
84,96,1,8.5,0.0,0.7,0.8,0.4,1.7,0.0,1.5,2.1,0.2,1.1,0.0
84,97,0,28.0,1.0,2.0,1.0,1.0,5.0,0.0,2.0,10.0,0.0,6.0,0.0
84,98,1,14.0,0.0,1.2,1.3,0.7,2.8,0.0,2.5,3.5,0.3,1.7,0.0
84,99,1,4.0,0.0,0.3,0.4,0.2,0.8,0.0,0.7,1.0,0.1,0.5,0.0
84,101,1,4.0,0.1,0.3,0.3,0.4,0.9,0.0,0.6,0.9,0.2,0.3,0.0
84,102,1,5.0,0.1,0.4,0.4,0.4,1.2,0.0,0.7,1.2,0.2,0.4,0.0
84,103,1,8.0,0.1,0.6,0.7,0.7,1.8,0.1,1.1,1.9,0.3,0.7,0.0
84,104,1,7.0,0.1,0.5,0.6,0.6,1.6,0.1,1.0,1.6,0.3,0.6,0.0
84,105,1,5.0,0.1,0.4,0.4,0.4,1.2,0.0,0.7,1.2,0.2,0.4,0.0
84,106,1,16.0,0.7,1.7,0.8,2.2,2.5,0.2,2.7,4.3,0.2,0.7,0.0
84,111,1,1.5,0.1,0.2,0.1,0.2,0.4,0.1,0.1,0.2,0.1,0.0,0.0
84,112,1,6.0,0.4,0.6,0.5,0.9,1.7,0.2,0.5,0.9,0.3,0.0,0.0
84,126,1,5.0,0.0,0.6,0.3,0.3,1.6,0.0,0.3,1.6,0.1,0.2,0.0
84,127,1,2.5,0.0,0.3,0.1,0.1,0.8,0.0,0.2,0.8,0.1,0.1,0.0
85,0,0,22.0,2.0,1.0,1.0,2.0,3.0,0.0,5.0,4.0,0.0,4.0,0.0
85,1,1,9.0,0.2,0.9,0.4,0.9,1.7,0.0,0.9,2.6,0.2,1.2,0.0
85,2,1,5.0,0.1,0.5,0.2,0.5,1.0,0.0,0.5,1.4,0.1,0.7,0.0
85,3,1,6.0,0.2,0.6,0.3,0.6,1.1,0.0,0.6,1.7,0.1,0.8,0.0
85,4,1,5.0,0.1,0.5,0.2,0.5,1.0,0.0,0.5,1.4,0.1,0.7,0.0
85,5,1,1.0,0.0,0.1,0.1,0.1,0.2,0.0,0.1,0.3,0.0,0.1,0.0
85,6,1,9.0,0.1,0.7,0.5,0.7,1.6,0.0,1.3,2.4,0.4,1.3,0.0
85,7,1,5.0,0.1,0.4,0.3,0.4,0.9,0.0,0.7,1.3,0.2,0.7,0.0
85,8,1,2.0,0.0,0.1,0.1,0.2,0.4,0.0,0.3,0.5,0.1,0.3,0.0
85,9,1,4.0,0.0,0.3,0.2,0.3,0.7,0.0,0.6,1.1,0.2,0.6,0.0
85,10,1,5.0,0.1,0.4,0.3,0.4,0.9,0.0,0.7,1.3,0.2,0.7,0.0
85,14,1,3.0,0.1,0.1,0.1,0.4,0.5,0.0,0.7,0.7,0.2,0.2,0.0
85,15,1,9.0,0.3,0.4,0.3,1.1,1.5,0.0,2.1,2.2,0.6,0.5,0.0
85,22,1,1.0,0.0,0.0,0.1,0.2,0.2,0.0,0.3,0.2,0.0,0.0,0.0
85,23,1,1.0,0.0,0.0,0.1,0.2,0.2,0.0,0.3,0.2,0.0,0.0,0.0
85,27,1,13.0,0.5,1.1,0.6,2.4,3.7,0.5,1.6,1.5,0.7,0.4,0.0
85,28,1,5.0,0.2,0.4,0.2,0.9,1.4,0.2,0.6,0.6,0.3,0.2,0.0
85,31,1,2.0,0.0,0.1,0.1,0.3,0.3,0.0,0.4,0.7,0.0,0.1,0.0
85,33,1,5.0,0.1,0.2,0.3,0.6,0.7,0.1,1.0,1.7,0.1,0.2,0.0
85,34,1,5.0,0.1,0.2,0.3,0.6,0.7,0.1,1.0,1.7,0.1,0.2,0.0
85,36,1,5.5,0.3,0.2,0.6,1.0,0.8,0.2,1.1,0.9,0.2,0.2,0.0
85,38,1,3.0,0.2,0.1,0.3,0.5,0.5,0.1,0.6,0.5,0.1,0.1,0.0
85,39,1,5.0,0.3,0.1,0.6,0.9,0.8,0.2,1.0,0.8,0.1,0.2,0.0
85,40,1,6.0,0.3,0.2,0.7,1.1,0.9,0.2,1.2,1.0,0.2,0.2,0.0
85,41,1,3.0,0.2,0.1,0.3,0.5,0.5,0.1,0.6,0.5,0.1,0.1,0.0
85,53,1,1.0,0.0,0.1,0.1,0.1,0.2,0.0,0.3,0.1,0.1,0.0,0.0
85,67,1,8.0,0.2,0.5,0.7,1.0,2.1,0.0,1.3,1.2,0.3,0.7,0.0
85,68,0,29.0,1.0,4.0,4.0,6.0,7.0,0.0,3.0,2.0,2.0,0.0,0.0
85,78,1,2.0,0.0,0.2,0.1,0.3,0.3,0.0,0.3,0.4,0.2,0.2,0.0
85,91,1,4.0,0.1,0.3,0.1,0.1,0.8,0.1,0.6,0.9,0.2,0.8,0.0
85,92,1,2.0,0.0,0.2,0.0,0.1,0.4,0.0,0.3,0.5,0.1,0.4,0.0
85,94,1,2.0,0.0,0.2,0.0,0.1,0.4,0.0,0.3,0.5,0.1,0.4,0.0
85,95,1,6.0,0.1,0.4,0.1,0.2,1.2,0.1,0.9,1.5,0.3,1.2,0.0
85,96,1,4.0,0.0,0.3,0.4,0.2,0.8,0.0,0.7,1.0,0.1,0.5,0.0
85,97,1,9.0,0.0,0.8,0.8,0.4,1.8,0.0,1.6,2.3,0.2,1.1,0.0
85,98,1,15.0,0.0,1.3,1.4,0.7,3.0,0.0,2.6,3.8,0.3,1.9,0.0
85,99,1,9.0,0.0,0.8,0.8,0.4,1.8,0.0,1.6,2.3,0.2,1.1,0.0
85,104,1,5.5,0.1,0.4,0.4,0.5,1.3,0.0,0.8,1.3,0.2,0.5,0.0
85,105,1,17.0,0.3,1.3,1.4,1.6,3.9,0.1,2.4,3.9,0.7,1.4,0.0
85,106,1,5.0,0.2,0.5,0.3,0.7,0.8,0.0,0.8,1.4,0.1,0.2,0.0
85,107,1,7.0,0.3,0.8,0.3,0.9,1.1,0.1,1.2,1.9,0.1,0.3,0.0
85,108,1,18.0,0.8,2.0,0.9,2.4,2.8,0.2,3.0,4.9,0.2,0.8,0.0
85,109,1,9.0,0.4,1.0,0.5,1.2,1.4,0.1,1.5,2.4,0.1,0.4,0.0
85,110,1,2.0,0.1,0.2,0.1,0.3,0.3,0.0,0.3,0.6,0.0,0.1,0.0
85,116,1,12.0,0.3,0.4,0.5,1.9,2.5,0.3,1.5,2.5,1.6,0.5,0.0
85,126,1,5.0,0.0,0.6,0.3,0.3,1.6,0.0,0.3,1.6,0.1,0.2,0.0
86,0,1,3.0,0.0,0.1,0.1,0.2,0.4,0.0,0.6,0.9,0.1,0.6,0.0
86,1,1,6.5,0.2,0.6,0.3,0.7,1.2,0.0,0.7,1.9,0.1,0.8,0.0
86,2,1,3.0,0.1,0.3,0.1,0.3,0.6,0.0,0.3,0.8,0.1,0.4,0.0
86,3,1,4.0,0.1,0.4,0.2,0.4,0.8,0.0,0.4,1.1,0.1,0.5,0.0
86,4,1,11.0,0.3,1.1,0.5,1.1,2.1,0.0,1.1,3.2,0.2,1.4,0.0
86,5,1,1.0,0.0,0.1,0.1,0.1,0.2,0.0,0.1,0.3,0.0,0.1,0.0
86,6,1,3.0,0.0,0.2,0.2,0.2,0.6,0.0,0.4,0.8,0.2,0.4,0.0
86,7,1,10.0,0.1,0.8,0.5,0.8,1.8,0.0,1.4,2.7,0.5,1.4,0.0
86,8,1,7.0,0.1,0.5,0.4,0.5,1.2,0.0,1.0,1.9,0.4,1.0,0.0
86,9,1,9.0,0.1,0.7,0.5,0.7,1.6,0.0,1.3,2.4,0.4,1.3,0.0
86,10,1,8.0,0.1,0.6,0.4,0.6,1.5,0.0,1.1,2.2,0.4,1.1,0.0
86,12,1,4.0,0.1,0.2,0.1,0.5,0.7,0.0,1.0,1.0,0.2,0.2,0.0
86,13,1,14.0,0.5,0.6,0.5,1.8,2.3,0.0,3.3,3.4,0.9,0.7,0.0
86,14,1,2.0,0.1,0.1,0.1,0.2,0.3,0.0,0.5,0.5,0.1,0.1,0.0
86,15,1,19.0,0.7,0.8,0.7,2.4,3.1,0.0,4.5,4.6,1.2,1.0,0.0
86,16,1,8.0,0.2,0.7,0.7,0.7,0.9,0.2,1.1,2.5,0.5,0.5,0.0
86,17,1,5.0,0.1,0.4,0.4,0.4,0.6,0.2,0.7,1.6,0.3,0.3,0.0
86,18,1,4.0,0.1,0.3,0.3,0.4,0.5,0.1,0.6,1.3,0.2,0.2,0.0
86,19,1,4.0,0.1,0.3,0.3,0.4,0.5,0.1,0.6,1.3,0.2,0.2,0.0
86,21,1,2.0,0.0,0.1,0.2,0.3,0.4,0.0,0.5,0.3,0.1,0.1,0.0
86,22,1,4.0,0.0,0.1,0.4,0.6,0.8,0.1,1.1,0.6,0.2,0.1,0.0
86,25,1,26.0,0.0,0.6,2.9,4.0,5.2,0.6,6.9,4.0,1.2,0.6,0.0
86,26,1,15.0,0.6,1.3,0.6,2.8,4.2,0.6,1.9,1.7,0.9,0.4,0.0
86,27,1,4.0,0.2,0.3,0.2,0.7,1.1,0.2,0.5,0.5,0.2,0.1,0.0
86,33,1,8.0,0.2,0.3,0.5,1.0,1.1,0.2,1.6,2.6,0.2,0.3,0.0
86,34,1,4.0,0.1,0.1,0.2,0.5,0.6,0.1,0.8,1.3,0.1,0.2,0.0
86,39,1,7.0,0.3,0.2,0.8,1.3,1.1,0.3,1.3,1.2,0.2,0.3,0.0
86,40,1,4.0,0.2,0.1,0.4,0.7,0.6,0.2,0.8,0.7,0.1,0.2,0.0
86,41,1,1.0,0.1,0.0,0.1,0.2,0.2,0.0,0.2,0.2,0.0,0.0,0.0
86,48,1,2.0,0.0,0.1,0.2,0.3,0.3,0.1,0.6,0.3,0.1,0.0,0.0
86,62,1,3.0,0.0,0.5,0.2,0.3,0.5,0.2,0.5,0.5,0.0,0.3,0.0
86,65,1,2.0,0.0,0.3,0.1,0.2,0.3,0.1,0.4,0.3,0.1,0.2,0.0
86,66,1,8.0,0.2,0.5,0.7,1.0,2.1,0.0,1.3,1.2,0.3,0.7,0.0
86,67,1,14.0,0.3,1.0,1.2,1.8,3.7,0.0,2.3,2.0,0.5,1.2,0.0
86,68,1,12.0,0.2,0.8,1.1,1.5,3.1,0.0,2.0,1.7,0.5,1.1,0.0
86,70,1,5.0,0.1,0.4,0.4,0.6,1.3,0.0,0.8,0.7,0.2,0.5,0.0
86,71,1,5.0,0.0,0.4,0.4,0.5,1.2,0.0,0.6,1.3,0.1,0.5,0.0
86,90,1,1.0,0.1,0.1,0.0,0.3,0.3,0.0,0.0,0.1,0.1,0.0,0.0
86,93,1,8.0,0.1,0.6,0.2,0.3,1.6,0.1,1.2,1.9,0.4,1.6,0.0
86,96,1,12.0,0.0,1.0,1.1,0.6,2.4,0.0,2.1,3.0,0.3,1.5,0.0
86,98,1,15.0,0.0,1.3,1.4,0.7,3.0,0.0,2.6,3.8,0.3,1.9,0.0
86,99,1,2.0,0.0,0.2,0.2,0.1,0.4,0.0,0.4,0.5,0.0,0.2,0.0
86,100,1,4.0,0.0,0.3,0.4,0.2,0.8,0.0,0.7,1.0,0.1,0.5,0.0
86,102,1,13.0,0.2,1.0,1.1,1.2,3.0,0.1,1.8,3.0,0.5,1.1,0.0
86,103,1,13.0,0.2,1.0,1.1,1.2,3.0,0.1,1.8,3.0,0.5,1.1,0.0
86,104,1,18.0,0.3,1.3,1.5,1.6,4.2,0.1,2.5,4.2,0.8,1.5,0.0
86,105,1,17.0,0.3,1.3,1.4,1.6,3.9,0.1,2.4,3.9,0.7,1.4,0.0
86,106,1,19.0,0.8,2.1,1.0,2.6,3.0,0.2,3.2,5.1,0.2,0.8,0.0
86,107,1,2.0,0.1,0.2,0.1,0.3,0.3,0.0,0.3,0.6,0.0,0.1,0.0
86,108,1,2.0,0.1,0.2,0.1,0.3,0.3,0.0,0.3,0.6,0.0,0.1,0.0
86,109,1,2.0,0.1,0.2,0.1,0.3,0.3,0.0,0.3,0.6,0.0,0.1,0.0
86,113,1,1.0,0.1,0.1,0.1,0.1,0.3,0.0,0.1,0.1,0.1,0.0,0.0
86,114,1,4.0,0.3,0.4,0.3,0.6,1.1,0.1,0.4,0.6,0.2,0.0,0.0
86,115,1,22.5,1.6,2.3,1.9,3.2,6.4,0.7,1.9,3.2,1.3,0.0,0.0
86,116,1,13.0,0.3,0.5,0.5,2.1,2.7,0.3,1.6,2.7,1.8,0.5,0.0
86,117,1,3.0,0.1,0.1,0.1,0.5,0.6,0.1,0.4,0.6,0.4,0.1,0.0
87,0,1,9.0,0.3,0.2,0.6,2.1,0.3,0.1,2.2,2.0,0.3,0.9,0.0
87,1,1,9.0,0.0,0.4,0.3,0.8,1.5,0.2,2.2,2.4,0.4,0.8,0.0
87,2,1,4.0,0.0,0.2,0.1,0.4,0.7,0.0,1.0,1.0,0.2,0.4,0.0
87,5,1,6.5,0.0,0.3,0.2,0.6,1.1,0.1,1.6,1.7,0.3,0.6,0.0
87,6,1,19.0,0.7,1.3,0.6,2.6,3.1,0.3,3.2,4.4,1.0,1.7,0.1
87,7,1,4.0,0.1,0.3,0.1,0.5,0.7,0.1,0.7,0.9,0.2,0.4,0.0
87,8,1,13.0,0.5,0.9,0.4,1.8,2.1,0.2,2.2,3.0,0.7,1.1,0.1
87,9,1,9.0,0.3,0.7,0.3,1.2,1.5,0.1,1.5,2.1,0.5,0.8,0.0
87,10,1,9.0,0.3,0.7,0.3,1.2,1.5,0.1,1.5,2.1,0.5,0.8,0.0
87,11,1,7.0,0.2,0.5,0.2,0.8,1.2,0.0,1.1,2.4,0.1,0.5,0.0
87,12,1,7.0,0.2,0.5,0.2,0.8,1.2,0.0,1.1,2.4,0.1,0.5,0.0
87,13,1,15.0,0.4,1.1,0.4,1.6,2.5,0.1,2.3,5.2,0.3,1.1,0.0
87,14,1,8.0,0.2,0.6,0.2,0.9,1.3,0.0,1.3,2.8,0.1,0.6,0.0
87,15,1,8.0,0.2,0.6,0.2,0.9,1.3,0.0,1.3,2.8,0.1,0.6,0.0
87,16,1,6.0,0.2,0.7,0.1,0.8,1.1,0.1,0.6,1.4,0.5,0.5,0.0
87,17,1,2.0,0.1,0.2,0.0,0.3,0.4,0.0,0.2,0.4,0.2,0.2,0.0
87,18,1,8.0,0.2,0.9,0.2,1.1,1.5,0.1,0.8,1.8,0.7,0.7,0.0
87,19,1,1.0,0.0,0.1,0.0,0.2,0.2,0.0,0.1,0.2,0.1,0.1,0.0
87,20,1,3.0,0.1,0.3,0.1,0.4,0.5,0.0,0.3,0.7,0.3,0.3,0.0
87,21,1,15.0,0.5,1.0,0.8,2.6,2.4,0.5,2.8,3.0,0.8,0.6,0.0
87,22,1,9.0,0.3,0.6,0.5,1.5,1.4,0.3,1.7,1.8,0.5,0.4,0.0
87,23,1,5.0,0.2,0.3,0.3,0.8,0.8,0.2,0.9,1.0,0.3,0.2,0.0
87,24,1,7.0,0.2,0.5,0.4,1.2,1.1,0.2,1.3,1.4,0.4,0.3,0.0
87,25,1,13.0,0.4,0.9,0.7,2.2,2.1,0.4,2.4,2.7,0.7,0.5,0.0
87,26,1,20.5,0.5,1.6,1.6,2.3,5.1,0.4,3.9,3.4,0.9,0.8,0.0
87,27,1,13.0,0.3,1.0,1.0,1.5,3.3,0.2,2.5,2.2,0.5,0.5,0.0
87,28,1,8.0,0.2,0.6,0.6,0.9,2.0,0.2,1.5,1.4,0.3,0.3,0.0
87,34,1,8.0,0.1,0.6,1.1,0.7,1.7,0.4,1.0,1.3,0.6,0.5,0.0
87,36,1,3.5,0.2,0.3,0.2,0.5,0.6,0.0,0.3,0.9,0.3,0.2,0.0
87,37,1,5.0,0.2,0.4,0.3,0.8,0.9,0.1,0.4,1.3,0.4,0.2,0.0
87,38,1,5.0,0.2,0.4,0.3,0.8,0.9,0.1,0.4,1.3,0.4,0.2,0.0
87,39,1,11.0,0.5,0.9,0.6,1.7,2.0,0.1,1.0,2.8,0.9,0.5,0.0
87,40,1,9.5,0.4,0.8,0.5,1.5,1.8,0.1,0.8,2.4,0.8,0.4,0.0
87,41,1,13.0,0.6,0.4,1.5,2.4,2.0,0.5,2.5,2.2,0.4,0.5,0.0
87,49,1,9.0,0.0,0.4,0.7,0.7,2.4,0.0,1.0,2.4,0.7,0.7,0.0
87,58,1,5.0,0.0,0.8,0.3,0.5,0.8,0.3,0.9,0.8,0.1,0.5,0.0
87,66,1,2.0,0.0,0.2,0.1,0.3,0.5,0.1,0.2,0.3,0.2,0.1,0.0
87,67,1,8.0,0.2,0.9,0.4,1.2,1.8,0.5,0.9,1.3,0.6,0.2,0.0
87,68,1,26.0,0.6,3.0,1.2,3.9,5.9,1.5,3.0,4.2,2.1,0.6,0.0
87,69,1,1.0,0.0,0.1,0.0,0.2,0.2,0.1,0.1,0.2,0.1,0.0,0.0
87,71,1,5.0,0.0,0.4,0.4,0.5,1.2,0.0,0.6,1.3,0.1,0.5,0.0
87,74,1,4.0,0.0,0.3,0.3,0.4,0.9,0.0,0.5,1.1,0.1,0.4,0.0
87,76,1,4.0,0.0,0.3,0.1,0.6,0.7,0.0,0.6,0.9,0.5,0.3,0.0
87,90,1,4.0,0.2,0.6,0.1,1.1,1.1,0.1,0.1,0.2,0.4,0.1,0.0
87,92,1,1.0,0.0,0.1,0.1,0.1,0.3,0.0,0.1,0.2,0.0,0.1,0.0
87,95,1,3.0,0.0,0.3,0.3,0.2,1.0,0.0,0.2,0.7,0.0,0.3,0.0
87,96,1,8.0,0.1,0.5,0.3,1.1,1.6,0.4,1.0,2.0,0.4,0.6,0.0
87,99,1,5.0,0.0,0.3,0.2,0.7,1.0,0.2,0.6,1.3,0.3,0.4,0.0
87,100,1,10.0,0.1,0.6,0.4,1.4,2.0,0.4,1.3,2.5,0.5,0.8,0.0
87,101,1,4.0,0.0,0.2,0.4,0.6,0.8,0.0,0.5,1.1,0.2,0.2,0.0
87,102,1,3.0,0.0,0.2,0.3,0.4,0.6,0.0,0.4,0.9,0.1,0.1,0.0
87,103,1,3.0,0.0,0.2,0.3,0.4,0.6,0.0,0.4,0.9,0.1,0.1,0.0
87,105,1,2.0,0.0,0.1,0.2,0.3,0.4,0.0,0.2,0.6,0.1,0.1,0.0
87,106,1,2.0,0.1,0.2,0.2,0.3,0.4,0.0,0.5,0.3,0.0,0.0,0.0
87,107,1,15.0,0.5,1.3,1.7,2.2,3.1,0.1,3.4,2.4,0.1,0.0,0.2
87,108,1,2.5,0.1,0.2,0.3,0.4,0.5,0.0,0.6,0.4,0.0,0.0,0.0
87,109,1,2.0,0.1,0.2,0.2,0.3,0.4,0.0,0.5,0.3,0.0,0.0,0.0
87,110,1,9.0,0.3,0.8,1.0,1.3,1.8,0.1,2.1,1.4,0.1,0.0,0.1
87,115,1,3.5,0.1,0.2,0.4,0.2,0.8,0.0,0.6,0.7,0.2,0.3,0.0
87,116,1,4.0,0.1,0.2,0.2,0.6,0.8,0.1,0.5,0.8,0.5,0.2,0.0
87,125,1,3.0,0.1,0.1,0.1,0.5,0.6,0.1,0.4,0.6,0.4,0.1,0.0
87,126,1,11.0,0.0,1.6,1.7,0.7,3.0,0.0,0.3,2.3,0.7,0.7,0.0
87,127,1,5.0,0.0,0.7,0.8,0.3,1.4,0.0,0.1,1.1,0.3,0.3,0.0
88,0,0,44.0,0.0,1.0,2.0,4.0,16.0,1.0,8.0,4.0,2.0,6.0,0.0
88,1,1,4.0,0.0,0.2,0.1,0.4,0.7,0.0,1.0,1.0,0.2,0.4,0.0
88,2,1,4.0,0.0,0.2,0.1,0.4,0.7,0.0,1.0,1.0,0.2,0.4,0.0
88,3,1,14.5,0.0,0.7,0.4,1.3,2.5,0.2,3.6,3.8,0.7,1.3,0.0
88,4,0,37.5,1.0,5.5,3.0,4.0,8.0,0.0,7.0,5.0,2.0,2.0,0.0
88,5,1,5.0,0.0,0.2,0.2,0.5,0.8,0.1,1.2,1.3,0.2,0.5,0.0
88,6,0,72.0,0.0,1.5,2.5,14.0,17.0,0.0,18.0,8.0,2.0,9.0,0.0
88,7,1,23.0,0.8,1.7,0.7,3.1,3.8,0.4,3.9,5.3,1.2,2.0,0.1
88,8,1,11.0,0.4,0.8,0.3,1.5,1.8,0.2,1.8,2.6,0.6,1.0,0.0
88,9,1,22.0,0.8,1.6,0.7,3.0,3.6,0.4,3.7,5.1,1.1,1.9,0.1
88,10,1,22.5,0.8,1.6,0.7,3.1,3.7,0.3,3.8,5.2,1.2,2.0,0.1
88,11,1,12.0,0.3,0.9,0.3,1.3,2.0,0.1,1.9,4.2,0.2,0.8,0.0
88,12,0,28.0,2.0,1.0,2.0,4.0,5.0,0.0,5.0,6.0,2.0,1.0,0.0
88,13,1,5.0,0.1,0.4,0.1,0.5,0.8,0.0,0.8,1.8,0.1,0.4,0.0
88,14,1,16.0,0.4,1.2,0.4,1.7,2.7,0.1,2.5,5.6,0.3,1.1,0.0
88,15,1,15.5,0.4,1.1,0.4,1.7,2.6,0.1,2.4,5.4,0.3,1.1,0.0
88,16,1,9.0,0.3,1.0,0.2,1.2,1.6,0.1,0.9,2.1,0.8,0.8,0.0
88,17,1,17.0,0.5,1.9,0.4,2.3,3.1,0.3,1.7,3.9,1.4,1.5,0.0
88,18,1,24.0,0.7,2.7,0.5,3.3,4.4,0.4,2.4,5.4,2.0,2.2,0.0
88,19,1,7.0,0.2,0.8,0.2,0.9,1.3,0.1,0.7,1.6,0.6,0.6,0.0
88,20,1,4.0,0.1,0.5,0.1,0.5,0.7,0.1,0.4,0.9,0.3,0.4,0.0
88,21,1,4.0,0.1,0.3,0.2,0.7,0.6,0.1,0.8,0.8,0.2,0.2,0.0
88,22,1,9.0,0.3,0.6,0.5,1.5,1.4,0.3,1.7,1.8,0.5,0.4,0.0
88,23,1,12.0,0.4,0.8,0.6,2.1,1.9,0.4,2.2,2.5,0.6,0.5,0.0
88,24,1,14.0,0.5,0.9,0.7,2.4,2.2,0.5,2.6,2.9,0.7,0.6,0.0
88,25,1,10.0,0.3,0.7,0.5,1.7,1.6,0.3,1.9,2.1,0.5,0.4,0.0
88,26,1,7.0,0.2,0.5,0.5,0.8,1.8,0.1,1.3,1.2,0.3,0.3,0.0
88,27,1,2.0,0.1,0.1,0.2,0.2,0.5,0.0,0.4,0.3,0.1,0.1,0.0
88,28,1,10.0,0.3,0.7,0.8,1.1,2.5,0.2,1.9,1.7,0.4,0.4,0.0
88,29,1,14.0,0.4,1.1,1.1,1.6,3.5,0.3,2.6,2.3,0.6,0.5,0.0
88,30,1,3.0,0.1,0.2,0.2,0.3,0.8,0.1,0.6,0.5,0.1,0.1,0.0
88,31,1,2.0,0.0,0.2,0.3,0.2,0.4,0.1,0.2,0.3,0.2,0.1,0.0
88,32,1,20.0,0.3,1.5,2.7,1.8,4.3,0.9,2.4,3.4,1.5,1.2,0.0
88,34,1,12.0,0.2,0.9,1.6,1.1,2.5,0.6,1.5,2.0,0.9,0.7,0.0
88,35,1,8.0,0.1,0.6,1.1,0.7,1.7,0.4,1.0,1.3,0.6,0.5,0.0
88,37,0,34.0,3.0,4.0,0.0,8.0,2.0,3.0,5.0,6.0,3.0,0.0,0.0
88,38,1,5.0,0.2,0.4,0.3,0.8,0.9,0.1,0.4,1.3,0.4,0.2,0.0
88,39,1,7.0,0.3,0.6,0.4,1.1,1.3,0.0,0.6,1.8,0.6,0.3,0.0
88,49,1,2.0,0.0,0.1,0.2,0.2,0.5,0.0,0.2,0.5,0.1,0.2,0.0
88,56,1,6.0,0.0,1.0,0.3,0.5,1.0,0.3,1.1,1.0,0.1,0.7,0.0
88,57,1,1.0,0.0,0.2,0.0,0.1,0.2,0.0,0.2,0.2,0.0,0.1,0.0
88,58,1,3.0,0.0,0.5,0.2,0.3,0.5,0.2,0.5,0.5,0.0,0.3,0.0
88,66,1,4.0,0.1,0.5,0.2,0.6,0.9,0.2,0.5,0.6,0.3,0.1,0.0
88,67,1,5.0,0.1,0.6,0.2,0.7,1.2,0.3,0.6,0.8,0.4,0.1,0.0
88,69,1,19.0,0.4,2.2,0.9,2.8,4.4,1.1,2.2,3.1,1.5,0.4,0.0
88,71,1,3.0,0.0,0.2,0.2,0.3,0.7,0.0,0.4,0.8,0.1,0.3,0.0
88,75,1,2.0,0.0,0.1,0.2,0.2,0.5,0.0,0.3,0.5,0.0,0.2,0.0
88,76,1,6.0,0.0,0.5,0.2,0.8,1.0,0.0,0.9,1.4,0.7,0.5,0.0
88,77,1,4.0,0.0,0.3,0.1,0.6,0.7,0.0,0.6,0.9,0.5,0.3,0.0
88,90,1,13.0,0.6,1.9,0.3,3.5,3.8,0.3,0.3,0.7,1.3,0.3,0.0
88,94,1,1.0,0.0,0.1,0.1,0.1,0.3,0.0,0.1,0.2,0.0,0.1,0.0
88,95,1,9.0,0.0,0.9,1.0,0.5,2.8,0.0,0.7,2.1,0.0,1.0,0.0
88,96,1,3.0,0.0,0.2,0.1,0.4,0.6,0.1,0.4,0.8,0.2,0.2,0.0
88,97,1,8.0,0.1,0.5,0.3,1.1,1.6,0.4,1.0,2.0,0.4,0.6,0.0
88,98,1,5.0,0.0,0.3,0.2,0.7,1.0,0.2,0.6,1.3,0.3,0.4,0.0
88,99,1,2.0,0.0,0.1,0.1,0.3,0.4,0.1,0.2,0.5,0.1,0.2,0.0
88,100,1,8.0,0.1,0.5,0.3,1.1,1.6,0.4,1.0,2.0,0.4,0.6,0.0
88,101,1,3.0,0.0,0.2,0.3,0.4,0.6,0.0,0.4,0.9,0.1,0.1,0.0
88,102,1,2.0,0.0,0.1,0.2,0.3,0.4,0.0,0.2,0.6,0.1,0.1,0.0
88,104,1,9.0,0.0,0.5,0.9,1.3,1.8,0.0,1.1,2.6,0.4,0.4,0.0
88,105,1,2.0,0.0,0.1,0.2,0.3,0.4,0.0,0.2,0.6,0.1,0.1,0.0
88,106,1,11.0,0.4,0.9,1.2,1.6,2.3,0.1,2.5,1.8,0.1,0.0,0.1
88,107,1,16.0,0.5,1.4,1.8,2.4,3.3,0.1,3.6,2.6,0.1,0.0,0.2
88,108,1,10.0,0.3,0.9,1.1,1.5,2.0,0.1,2.3,1.6,0.1,0.0,0.1
88,109,1,3.0,0.1,0.3,0.3,0.5,0.6,0.0,0.7,0.5,0.0,0.0,0.0
88,110,1,3.0,0.1,0.3,0.3,0.5,0.6,0.0,0.7,0.5,0.0,0.0,0.0
88,114,1,4.0,0.1,0.2,0.4,0.3,0.9,0.0,0.7,0.8,0.3,0.3,0.0
88,115,1,7.0,0.1,0.4,0.8,0.5,1.6,0.0,1.2,1.4,0.5,0.5,0.0
88,116,1,2.0,0.0,0.1,0.1,0.3,0.4,0.1,0.2,0.4,0.3,0.1,0.0
88,121,1,4.0,0.1,0.2,0.2,0.6,0.8,0.1,0.5,0.8,0.5,0.2,0.0
88,126,1,16.0,0.0,2.4,2.4,1.0,4.3,0.0,0.5,3.4,1.0,1.0,0.0
89,0,0,96.5,5.0,5.5,9.0,13.0,20.0,2.0,19.0,13.0,3.0,7.0,0.0
89,1,0,125.0,3.0,11.0,12.5,23.0,24.0,1.0,16.0,23.0,7.5,4.0,0.0
89,2,0,35.0,1.0,2.0,1.0,4.0,7.0,0.0,3.0,14.0,0.0,3.0,0.0
89,3,0,39.0,1.0,2.0,3.0,5.0,10.0,1.0,3.0,8.0,0.0,6.0,0.0
89,4,0,46.0,0.0,4.0,3.0,2.0,10.0,2.0,7.0,10.0,1.0,7.0,0.0
89,5,0,38.0,0.0,4.0,3.0,4.0,5.0,1.0,8.0,5.0,2.0,6.0,0.0
89,6,1,13.0,0.5,0.9,0.4,1.8,2.1,0.2,2.2,3.0,0.7,1.1,0.1
89,7,1,1.0,0.0,0.1,0.0,0.1,0.2,0.0,0.2,0.2,0.1,0.1,0.0
89,9,1,6.0,0.2,0.5,0.2,0.8,1.0,0.1,1.0,1.4,0.3,0.5,0.0
89,10,1,15.0,0.5,1.1,0.5,2.0,2.5,0.2,2.5,3.5,0.8,1.3,0.1
89,12,1,7.0,0.2,0.5,0.2,0.8,1.2,0.0,1.1,2.4,0.1,0.5,0.0
89,13,1,6.0,0.1,0.5,0.2,0.7,1.0,0.0,0.9,2.1,0.1,0.4,0.0
89,14,1,5.0,0.1,0.4,0.1,0.5,0.8,0.0,0.8,1.8,0.1,0.4,0.0
89,15,1,8.0,0.2,0.6,0.2,0.9,1.3,0.0,1.3,2.8,0.1,0.6,0.0
89,16,1,16.0,0.5,1.8,0.4,2.2,2.9,0.2,1.6,3.6,1.3,1.5,0.0
89,17,1,7.0,0.2,0.8,0.2,0.9,1.3,0.1,0.7,1.6,0.6,0.6,0.0
89,18,1,13.0,0.4,1.5,0.3,1.8,2.3,0.2,1.3,2.9,1.1,1.2,0.0
89,20,1,3.0,0.1,0.3,0.1,0.4,0.5,0.0,0.3,0.7,0.3,0.3,0.0
89,21,1,2.0,0.1,0.1,0.1,0.3,0.3,0.1,0.4,0.4,0.1,0.1,0.0
89,22,1,20.0,0.7,1.3,1.1,3.4,3.2,0.7,3.7,4.1,1.0,0.8,0.0
89,23,1,3.0,0.1,0.2,0.2,0.5,0.5,0.1,0.5,0.6,0.2,0.1,0.0
89,25,1,12.0,0.4,0.8,0.6,2.1,1.9,0.4,2.2,2.5,0.6,0.5,0.0
89,26,1,8.0,0.2,0.6,0.6,0.9,2.0,0.2,1.5,1.4,0.3,0.3,0.0
89,27,1,2.0,0.1,0.1,0.2,0.2,0.5,0.0,0.4,0.3,0.1,0.1,0.0
89,28,1,4.0,0.1,0.3,0.3,0.4,1.0,0.1,0.8,0.7,0.2,0.1,0.0
89,29,1,12.0,0.3,0.9,0.9,1.4,3.0,0.2,2.3,2.0,0.5,0.5,0.0
89,35,1,6.0,0.1,0.5,0.8,0.5,1.3,0.3,0.7,1.0,0.4,0.4,0.0
89,38,1,9.0,0.4,0.8,0.5,1.4,1.7,0.0,0.8,2.3,0.7,0.4,0.0
89,39,1,8.0,0.3,0.7,0.5,1.3,1.5,0.1,0.7,2.0,0.6,0.3,0.0
89,46,1,7.0,0.0,0.3,0.5,0.5,1.9,0.0,0.8,1.9,0.5,0.6,0.0
89,47,1,1.0,0.0,0.0,0.1,0.1,0.2,0.0,0.1,0.3,0.1,0.1,0.0
89,52,1,7.0,0.1,0.4,0.6,0.9,1.2,0.3,1.9,0.9,0.3,0.2,0.2
89,53,1,2.0,0.0,0.1,0.2,0.3,0.3,0.1,0.6,0.3,0.1,0.0,0.0
89,56,1,6.0,0.0,1.0,0.3,0.5,1.0,0.3,1.1,1.0,0.1,0.7,0.0
89,57,1,13.0,0.0,2.1,0.7,1.2,2.1,0.7,2.4,2.1,0.3,1.4,0.0
89,63,1,8.0,0.0,1.3,0.4,0.7,1.3,0.4,1.5,1.3,0.2,0.9,0.0
89,69,1,5.0,0.1,0.6,0.2,0.7,1.2,0.3,0.6,0.8,0.4,0.1,0.0
89,70,1,6.0,0.1,0.7,0.3,0.9,1.4,0.3,0.7,1.0,0.5,0.1,0.0
89,71,1,1.0,0.0,0.1,0.1,0.1,0.2,0.0,0.1,0.3,0.0,0.1,0.0
89,89,1,10.0,0.5,1.5,0.2,2.7,2.9,0.2,0.2,0.5,1.0,0.3,0.0
89,94,1,6.0,0.0,0.6,0.6,0.3,1.9,0.0,0.5,1.4,0.0,0.7,0.0
89,95,1,1.0,0.0,0.1,0.1,0.1,0.3,0.0,0.1,0.2,0.0,0.1,0.0
89,96,1,5.0,0.0,0.3,0.2,0.7,1.0,0.2,0.6,1.3,0.3,0.4,0.0
89,97,1,4.5,0.0,0.3,0.2,0.6,0.9,0.2,0.6,1.1,0.2,0.4,0.0
89,98,1,3.0,0.0,0.2,0.1,0.4,0.6,0.1,0.4,0.8,0.2,0.2,0.0
89,99,1,7.0,0.1,0.4,0.2,1.0,1.4,0.3,0.9,1.7,0.4,0.6,0.0
89,100,1,6.0,0.1,0.3,0.2,0.9,1.2,0.3,0.7,1.5,0.3,0.5,0.0
89,101,1,7.0,0.0,0.4,0.7,1.0,1.4,0.0,0.9,2.0,0.3,0.3,0.0
89,103,1,3.0,0.0,0.2,0.3,0.4,0.6,0.0,0.4,0.9,0.1,0.1,0.0
89,107,1,2.0,0.1,0.2,0.2,0.3,0.4,0.0,0.5,0.3,0.0,0.0,0.0
89,112,1,1.0,0.0,0.0,0.1,0.1,0.2,0.0,0.2,0.2,0.1,0.1,0.0
89,114,1,6.0,0.1,0.3,0.7,0.4,1.4,0.0,1.1,1.2,0.4,0.4,0.0
89,115,1,12.0,0.3,0.7,1.3,0.8,2.7,0.0,2.2,2.4,0.8,0.8,0.0
89,116,1,3.0,0.1,0.1,0.1,0.5,0.6,0.1,0.4,0.6,0.4,0.1,0.0
89,125,1,4.0,0.1,0.2,0.2,0.6,0.8,0.1,0.5,0.8,0.5,0.2,0.0
90,0,0,116.0,4.0,5.5,7.0,18.0,22.0,0.0,22.0,19.0,2.5,16.0,0.0
90,1,0,73.0,4.0,1.0,1.0,12.0,14.0,1.0,12.0,13.0,3.0,12.0,0.0
90,2,0,68.5,1.0,3.5,3.0,8.0,10.0,1.0,12.0,16.0,3.0,11.0,0.0
90,3,0,76.0,6.0,7.0,6.0,14.0,15.0,3.0,6.0,7.0,2.0,10.0,0.0
90,4,0,69.0,0.0,5.0,6.0,12.0,11.0,0.0,14.0,11.0,5.0,5.0,0.0
90,5,0,39.0,1.0,0.0,6.0,4.0,11.0,0.0,6.0,9.0,1.0,1.0,0.0
90,6,1,17.0,0.6,1.2,0.5,2.3,2.8,0.3,2.9,3.9,0.9,1.5,0.1
90,7,1,16.0,0.6,1.1,0.5,2.2,2.6,0.3,2.7,3.7,0.8,1.4,0.1
90,8,1,4.0,0.1,0.3,0.1,0.5,0.7,0.1,0.7,0.9,0.2,0.4,0.0
90,10,1,4.0,0.1,0.3,0.1,0.5,0.7,0.1,0.7,0.9,0.2,0.4,0.0
90,11,1,7.0,0.2,0.5,0.2,0.8,1.2,0.0,1.1,2.4,0.1,0.5,0.0
90,12,1,10.0,0.2,0.7,0.2,1.1,1.7,0.1,1.6,3.5,0.2,0.7,0.0
90,13,1,2.0,0.1,0.2,0.1,0.2,0.3,0.0,0.3,0.7,0.0,0.1,0.0
90,14,1,3.0,0.1,0.2,0.1,0.3,0.5,0.0,0.5,1.0,0.1,0.2,0.0
90,16,1,4.0,0.1,0.5,0.1,0.5,0.7,0.1,0.4,0.9,0.3,0.4,0.0
90,18,1,3.0,0.1,0.3,0.1,0.4,0.5,0.0,0.3,0.7,0.3,0.3,0.0
90,20,1,3.0,0.1,0.3,0.1,0.4,0.5,0.0,0.3,0.7,0.3,0.3,0.0
90,22,1,6.0,0.2,0.4,0.3,1.0,1.0,0.2,1.1,1.2,0.3,0.3,0.0
90,28,1,12.0,0.3,0.9,0.9,1.4,3.0,0.2,2.3,2.0,0.5,0.5,0.0
90,38,1,5.0,0.2,0.4,0.3,0.8,0.9,0.1,0.4,1.3,0.4,0.2,0.0
90,40,1,2.0,0.1,0.2,0.1,0.3,0.4,0.0,0.2,0.5,0.1,0.1,0.0
90,42,1,4.0,0.2,0.1,0.4,0.7,0.6,0.2,0.8,0.7,0.1,0.2,0.0
90,50,1,2.0,0.0,0.1,0.2,0.2,0.5,0.0,0.2,0.5,0.1,0.2,0.0
90,53,1,3.0,0.1,0.2,0.2,0.4,0.5,0.1,0.8,0.4,0.1,0.1,0.1
90,68,1,2.0,0.0,0.2,0.1,0.3,0.5,0.1,0.2,0.3,0.2,0.1,0.0
90,69,1,1.0,0.0,0.1,0.0,0.2,0.2,0.1,0.1,0.2,0.1,0.0,0.0
90,89,1,6.0,0.3,0.9,0.1,1.6,1.8,0.1,0.1,0.3,0.6,0.2,0.0
90,93,1,3.0,0.0,0.3,0.3,0.2,1.0,0.0,0.2,0.7,0.0,0.3,0.0
90,95,1,11.0,0.0,1.1,1.1,0.6,3.5,0.0,0.9,2.6,0.0,1.2,0.0
90,96,1,5.0,0.0,0.3,0.2,0.7,1.0,0.2,0.6,1.3,0.3,0.4,0.0
90,97,1,3.0,0.0,0.2,0.1,0.4,0.6,0.1,0.4,0.8,0.2,0.2,0.0
90,98,1,3.0,0.0,0.2,0.1,0.4,0.6,0.1,0.4,0.8,0.2,0.2,0.0
90,99,1,5.0,0.0,0.3,0.2,0.7,1.0,0.2,0.6,1.3,0.3,0.4,0.0
90,100,1,12.0,0.1,0.7,0.4,1.7,2.4,0.5,1.5,3.0,0.7,1.0,0.0
90,101,1,4.0,0.0,0.2,0.4,0.6,0.8,0.0,0.5,1.1,0.2,0.2,0.0
90,105,1,3.0,0.0,0.2,0.3,0.4,0.6,0.0,0.4,0.9,0.1,0.1,0.0
90,107,1,1.0,0.0,0.1,0.1,0.2,0.2,0.0,0.2,0.2,0.0,0.0,0.0
90,108,1,2.0,0.1,0.2,0.2,0.3,0.4,0.0,0.5,0.3,0.0,0.0,0.0
90,109,1,4.0,0.1,0.4,0.5,0.6,0.8,0.0,0.9,0.6,0.0,0.0,0.1
90,113,1,2.0,0.1,0.1,0.2,0.1,0.5,0.0,0.4,0.4,0.1,0.1,0.0
90,116,1,3.0,0.1,0.1,0.1,0.5,0.6,0.1,0.4,0.6,0.4,0.1,0.0
90,121,1,4.0,0.1,0.2,0.2,0.6,0.8,0.1,0.5,0.8,0.5,0.2,0.0
91,0,0,26.0,0.0,1.0,0.0,2.0,6.0,0.0,1.0,12.0,0.0,4.0,0.0
91,1,0,54.0,3.0,1.5,5.0,10.0,4.0,0.0,8.0,13.0,1.5,8.0,0.0
91,2,1,18.0,0.0,0.8,0.6,1.7,3.0,0.3,4.4,4.7,0.8,1.7,0.0
91,3,0,28.0,0.0,2.0,3.0,5.0,2.0,0.0,3.0,10.0,2.0,1.0,0.0
91,4,0,106.0,2.0,10.5,8.0,13.0,28.0,3.5,13.0,11.0,6.0,11.0,0.0
91,5,0,107.0,6.0,13.5,7.0,30.0,19.0,1.0,14.0,13.0,1.5,2.0,0.0
91,6,1,15.0,0.5,1.1,0.5,2.0,2.5,0.2,2.5,3.5,0.8,1.3,0.1
91,7,0,25.0,0.0,0.0,0.0,3.0,2.0,0.0,7.0,11.0,0.0,2.0,0.0
91,8,1,7.0,0.3,0.5,0.2,1.0,1.1,0.1,1.2,1.6,0.4,0.6,0.0
91,9,1,10.5,0.4,0.8,0.3,1.4,1.7,0.2,1.8,2.4,0.6,0.9,0.0
91,10,1,9.0,0.3,0.7,0.3,1.2,1.5,0.1,1.5,2.1,0.5,0.8,0.0
91,11,1,2.0,0.1,0.2,0.1,0.2,0.3,0.0,0.3,0.7,0.0,0.1,0.0
91,13,1,2.0,0.1,0.2,0.1,0.2,0.3,0.0,0.3,0.7,0.0,0.1,0.0
91,14,1,13.0,0.3,1.0,0.3,1.4,2.2,0.1,2.0,4.5,0.2,1.0,0.0
91,15,1,8.0,0.2,0.6,0.2,0.9,1.3,0.0,1.3,2.8,0.1,0.6,0.0
91,19,1,2.0,0.1,0.2,0.0,0.3,0.4,0.0,0.2,0.4,0.2,0.2,0.0
91,21,1,9.0,0.3,0.6,0.5,1.5,1.4,0.3,1.7,1.8,0.5,0.4,0.0
91,25,1,1.0,0.0,0.1,0.1,0.2,0.2,0.0,0.2,0.2,0.0,0.0,0.0
91,26,1,2.0,0.1,0.1,0.2,0.2,0.5,0.0,0.4,0.3,0.1,0.1,0.0
91,27,1,4.0,0.1,0.3,0.3,0.4,1.0,0.1,0.8,0.7,0.2,0.1,0.0
91,28,1,7.0,0.2,0.5,0.5,0.8,1.8,0.1,1.3,1.2,0.3,0.3,0.0
91,30,1,3.0,0.1,0.2,0.2,0.3,0.8,0.1,0.6,0.5,0.1,0.1,0.0
91,31,1,4.0,0.1,0.3,0.5,0.4,0.8,0.2,0.5,0.7,0.3,0.2,0.0
91,34,1,5.0,0.1,0.4,0.7,0.4,1.1,0.2,0.6,0.8,0.4,0.3,0.0
91,35,1,1.0,0.0,0.1,0.1,0.1,0.2,0.0,0.1,0.2,0.1,0.1,0.0
91,46,1,3.0,0.0,0.1,0.2,0.2,0.8,0.0,0.4,0.8,0.2,0.3,0.0
91,47,1,1.0,0.0,0.0,0.1,0.1,0.2,0.0,0.1,0.3,0.1,0.1,0.0
91,49,1,1.0,0.0,0.0,0.1,0.1,0.2,0.0,0.1,0.3,0.1,0.1,0.0
91,61,1,5.0,0.0,0.8,0.3,0.5,0.8,0.3,0.9,0.8,0.1,0.5,0.0
91,70,1,8.0,0.2,0.9,0.4,1.2,1.8,0.5,0.9,1.3,0.6,0.2,0.0
91,71,1,2.0,0.0,0.1,0.2,0.2,0.5,0.0,0.3,0.5,0.0,0.2,0.0
91,89,1,3.0,0.1,0.4,0.1,0.8,0.9,0.1,0.1,0.1,0.3,0.1,0.0
91,94,1,3.0,0.0,0.3,0.3,0.2,1.0,0.0,0.2,0.7,0.0,0.3,0.0
91,96,1,1.0,0.0,0.1,0.0,0.1,0.2,0.0,0.1,0.3,0.1,0.1,0.0
91,98,1,2.0,0.0,0.1,0.1,0.3,0.4,0.1,0.2,0.5,0.1,0.2,0.0
91,99,1,2.0,0.0,0.1,0.1,0.3,0.4,0.1,0.2,0.5,0.1,0.2,0.0
91,100,1,4.0,0.0,0.2,0.2,0.6,0.8,0.2,0.5,1.0,0.2,0.3,0.0
91,101,1,2.0,0.0,0.1,0.2,0.3,0.4,0.0,0.2,0.6,0.1,0.1,0.0
91,105,1,2.0,0.0,0.1,0.2,0.3,0.4,0.0,0.2,0.6,0.1,0.1,0.0
91,107,1,2.0,0.1,0.2,0.2,0.3,0.4,0.0,0.5,0.3,0.0,0.0,0.0
91,108,1,3.0,0.1,0.3,0.3,0.5,0.6,0.0,0.7,0.5,0.0,0.0,0.0
91,113,1,2.0,0.1,0.1,0.2,0.1,0.5,0.0,0.4,0.4,0.1,0.1,0.0
91,114,1,5.0,0.1,0.3,0.6,0.3,1.1,0.0,0.9,1.0,0.3,0.4,0.0
91,115,1,2.0,0.1,0.1,0.2,0.1,0.5,0.0,0.4,0.4,0.1,0.1,0.0
91,121,1,3.0,0.1,0.1,0.1,0.5,0.6,0.1,0.4,0.6,0.4,0.1,0.0
91,122,1,5.0,0.1,0.2,0.2,0.8,1.0,0.1,0.6,1.1,0.7,0.2,0.0
91,123,1,1.0,0.0,0.0,0.1,0.2,0.2,0.0,0.1,0.2,0.1,0.1,0.0
91,125,1,2.0,0.0,0.1,0.1,0.3,0.4,0.1,0.2,0.4,0.3,0.1,0.0
92,0,0,28.0,0.0,1.0,1.0,3.0,5.0,0.0,8.0,7.0,0.0,3.0,0.0
92,1,1,12.0,0.3,0.4,0.7,0.9,1.6,0.1,2.9,3.1,0.3,1.6,0.1
92,2,1,10.0,0.3,0.3,0.6,0.7,1.3,0.1,2.4,2.6,0.3,1.3,0.1
92,3,0,52.5,1.0,3.0,4.5,6.0,17.0,1.0,6.0,4.0,3.0,7.0,0.0
92,4,1,5.0,0.1,0.2,0.3,0.4,0.6,0.0,1.2,1.3,0.2,0.7,0.0
92,5,1,6.0,0.2,0.2,0.3,0.4,0.8,0.0,1.5,1.6,0.2,0.8,0.0
92,6,1,7.0,0.4,0.5,0.3,0.9,1.1,0.2,1.3,1.6,0.3,0.4,0.0
92,7,1,7.0,0.4,0.5,0.3,0.9,1.1,0.2,1.3,1.6,0.3,0.4,0.0
92,8,1,10.5,0.5,0.8,0.4,1.4,1.7,0.3,1.9,2.5,0.4,0.6,0.0
92,11,1,1.0,0.0,0.1,0.1,0.2,0.1,0.0,0.2,0.1,0.1,0.1,0.0
92,13,1,2.0,0.0,0.1,0.2,0.4,0.3,0.0,0.5,0.3,0.1,0.1,0.0
92,14,1,15.0,0.2,0.6,1.7,2.8,2.0,0.4,3.5,2.0,0.9,0.9,0.0
92,16,1,16.0,0.5,1.0,0.8,2.2,3.5,0.7,1.7,3.5,1.1,1.0,0.0
92,17,1,16.0,0.5,1.0,0.8,2.2,3.5,0.7,1.7,3.5,1.1,1.0,0.0
92,18,1,3.0,0.1,0.2,0.1,0.4,0.7,0.1,0.3,0.7,0.2,0.2,0.0
92,19,1,1.0,0.0,0.1,0.1,0.1,0.2,0.0,0.1,0.2,0.1,0.1,0.0
92,21,1,2.0,0.0,0.2,0.1,0.3,0.4,0.1,0.4,0.3,0.0,0.2,0.0
92,23,1,2.0,0.0,0.2,0.1,0.3,0.4,0.1,0.4,0.3,0.0,0.2,0.0
92,24,1,1.0,0.0,0.1,0.1,0.2,0.2,0.0,0.2,0.1,0.0,0.1,0.0
92,27,1,7.0,0.3,0.1,0.5,0.6,1.5,0.3,1.1,1.7,0.8,0.1,0.0
92,30,1,4.0,0.1,0.1,0.3,0.4,0.9,0.1,0.7,0.9,0.4,0.1,0.0
92,31,1,6.0,0.4,0.3,0.6,1.1,1.3,0.4,0.4,0.9,0.2,0.4,0.0
92,32,1,2.0,0.1,0.1,0.2,0.4,0.4,0.1,0.1,0.3,0.1,0.2,0.0
92,33,1,4.0,0.3,0.2,0.4,0.7,0.8,0.3,0.3,0.6,0.1,0.3,0.0
92,34,1,6.0,0.4,0.3,0.6,1.1,1.3,0.4,0.4,0.9,0.2,0.4,0.0
92,45,1,4.0,0.0,0.3,0.4,0.3,0.8,0.0,0.5,1.3,0.4,0.0,0.0
92,46,1,1.0,0.2,0.1,0.0,0.2,0.2,0.0,0.1,0.0,0.1,0.1,0.0
92,50,1,5.5,1.1,0.4,0.1,1.3,1.3,0.0,0.6,0.1,0.3,0.3,0.0
92,65,1,2.0,0.1,0.1,0.2,0.2,0.6,0.0,0.2,0.2,0.1,0.3,0.0
92,83,1,4.0,0.0,0.0,0.3,0.6,0.6,0.2,0.7,1.1,0.2,0.3,0.0
92,84,1,2.0,0.0,0.0,0.1,0.3,0.3,0.1,0.3,0.6,0.1,0.2,0.0
92,93,1,9.0,0.0,0.2,0.7,1.8,1.1,0.0,1.1,3.7,0.0,0.4,0.0
92,94,1,1.0,0.0,0.0,0.1,0.2,0.1,0.0,0.1,0.4,0.0,0.1,0.0
92,96,1,3.0,0.1,0.2,0.3,0.4,0.4,0.0,0.4,0.8,0.2,0.2,0.0
92,101,1,4.5,0.2,0.3,0.4,0.5,0.7,0.1,0.5,1.2,0.3,0.3,0.0
92,103,1,5.0,0.2,0.4,0.5,0.6,0.7,0.1,0.6,1.3,0.3,0.3,0.0
92,104,1,2.0,0.1,0.2,0.2,0.2,0.3,0.0,0.3,0.5,0.1,0.1,0.0
92,105,1,2.0,0.1,0.2,0.2,0.2,0.3,0.0,0.3,0.5,0.1,0.1,0.0
92,106,0,30.0,2.0,3.0,4.0,4.0,7.0,0.0,3.0,3.0,2.0,2.0,0.0
92,107,1,2.0,0.0,0.2,0.1,0.2,0.7,0.0,0.3,0.3,0.1,0.1,0.0
92,115,1,15.0,0.2,1.6,1.2,2.0,3.9,0.4,2.7,1.5,1.2,0.3,0.0
92,116,1,3.0,0.0,0.2,0.2,0.4,0.5,0.0,0.6,0.8,0.1,0.2,0.0
92,117,1,11.0,0.1,0.7,0.5,1.6,1.8,0.1,2.3,2.9,0.5,0.5,0.0
92,118,1,4.0,0.0,0.3,0.2,0.6,0.7,0.0,0.8,1.0,0.2,0.2,0.0
92,121,1,6.0,0.0,0.4,0.3,0.9,1.0,0.0,1.2,1.6,0.3,0.3,0.0
92,122,1,5.0,0.1,0.3,0.2,0.7,0.8,0.1,1.0,1.3,0.2,0.3,0.0
92,123,1,4.0,0.0,0.3,0.2,0.6,0.7,0.0,0.8,1.0,0.2,0.2,0.0
92,124,1,9.0,0.1,0.6,0.4,1.3,1.5,0.1,1.8,2.4,0.4,0.4,0.0
92,125,1,4.0,0.0,0.3,0.2,0.6,0.7,0.0,0.8,1.0,0.2,0.2,0.0
92,126,1,6.0,0.4,0.5,0.7,0.5,2.5,0.0,0.7,0.2,0.0,0.5,0.0
92,127,1,4.0,0.3,0.3,0.5,0.3,1.7,0.0,0.5,0.1,0.0,0.3,0.0
93,0,0,63.5,2.0,0.5,3.0,8.0,9.0,2.0,6.0,17.0,2.0,14.0,0.0
93,1,1,8.0,0.2,0.3,0.5,0.6,1.0,0.1,1.9,2.0,0.2,1.1,0.1
93,2,0,65.5,4.0,2.0,7.0,12.0,16.0,3.0,8.0,9.0,3.5,1.0,0.0
93,3,0,32.0,1.0,6.0,1.0,4.0,6.0,2.0,4.0,6.0,2.0,0.0,0.0
93,5,0,129.5,10.0,14.5,9.0,18.0,29.0,7.0,14.0,17.0,11.0,0.0,0.0
93,6,1,5.0,0.2,0.4,0.2,0.7,0.8,0.1,0.9,1.2,0.2,0.3,0.0
93,7,1,8.0,0.4,0.6,0.3,1.0,1.3,0.2,1.5,1.9,0.3,0.5,0.0
93,11,1,4.0,0.1,0.2,0.5,0.8,0.5,0.1,0.9,0.5,0.2,0.2,0.0
93,12,1,4.0,0.1,0.2,0.5,0.8,0.5,0.1,0.9,0.5,0.2,0.2,0.0
93,13,1,6.0,0.1,0.3,0.7,1.1,0.8,0.2,1.4,0.8,0.3,0.3,0.0
93,14,1,3.0,0.0,0.1,0.3,0.6,0.4,0.1,0.7,0.4,0.2,0.2,0.0
93,16,1,2.0,0.1,0.1,0.1,0.3,0.4,0.1,0.2,0.4,0.2,0.1,0.0
93,17,1,8.5,0.3,0.5,0.4,1.2,1.8,0.4,0.9,1.9,0.6,0.5,0.0
93,18,1,18.0,0.6,1.1,0.9,2.5,3.9,0.8,1.9,3.9,1.3,1.1,0.0
93,26,1,3.0,0.1,0.1,0.2,0.3,0.6,0.1,0.5,0.7,0.3,0.1,0.0
93,27,1,2.0,0.1,0.0,0.2,0.2,0.4,0.1,0.3,0.5,0.2,0.0,0.0
93,32,1,18.0,1.2,1.0,1.8,3.3,3.8,1.2,1.2,2.7,0.6,1.2,0.0
93,43,1,2.0,0.0,0.1,0.2,0.1,0.4,0.0,0.3,0.7,0.2,0.0,0.0
93,64,1,3.0,0.1,0.1,0.2,0.4,0.9,0.0,0.4,0.3,0.2,0.4,0.0
93,65,1,3.0,0.1,0.1,0.2,0.4,0.9,0.0,0.4,0.3,0.2,0.4,0.0
93,69,1,2.0,0.0,0.2,0.1,0.2,0.4,0.1,0.3,0.5,0.1,0.1,0.0
93,71,1,2.0,0.1,0.2,0.0,0.3,0.5,0.2,0.2,0.2,0.2,0.1,0.0
93,80,1,5.0,0.2,0.7,0.2,0.7,1.5,0.0,0.5,0.7,0.5,0.0,0.0
93,81,1,1.0,0.0,0.0,0.1,0.1,0.2,0.0,0.2,0.3,0.0,0.1,0.0
93,83,1,1.0,0.0,0.0,0.1,0.1,0.2,0.0,0.2,0.3,0.0,0.1,0.0
93,84,1,4.0,0.0,0.0,0.3,0.6,0.6,0.2,0.7,1.1,0.2,0.3,0.0
93,105,1,5.0,0.2,0.4,0.5,0.6,0.7,0.1,0.6,1.3,0.3,0.3,0.0
93,106,0,34.0,1.0,7.0,2.0,9.0,4.0,4.0,2.0,1.0,4.0,0.0,0.0
93,108,1,9.5,0.2,1.0,0.6,0.8,3.2,0.2,1.4,1.5,0.2,0.4,0.0
93,109,1,10.0,0.2,1.0,0.6,0.9,3.4,0.2,1.5,1.6,0.2,0.4,0.0
93,111,1,3.0,0.1,0.3,0.2,0.4,0.8,0.1,0.5,0.3,0.2,0.1,0.0
93,112,1,2.0,0.0,0.2,0.2,0.3,0.5,0.0,0.4,0.2,0.2,0.0,0.0
93,116,1,6.0,0.0,0.4,0.3,0.9,1.0,0.0,1.2,1.6,0.3,0.3,0.0
93,124,1,9.0,0.1,0.6,0.4,1.3,1.5,0.1,1.8,2.4,0.4,0.4,0.0
93,125,1,9.0,0.1,0.6,0.4,1.3,1.5,0.1,1.8,2.4,0.4,0.4,0.0
94,0,1,6.0,0.2,0.2,0.3,0.6,0.9,0.1,2.0,1.1,0.2,0.4,0.0
94,1,1,12.0,0.3,0.4,0.7,0.9,1.6,0.1,2.9,3.1,0.3,1.6,0.1
94,2,1,17.0,0.5,0.6,1.0,1.2,2.2,0.1,4.1,4.4,0.5,2.3,0.1
94,5,1,18.0,0.5,0.7,1.0,1.3,2.3,0.1,4.4,4.6,0.5,2.5,0.1
94,6,0,35.0,0.0,3.0,1.0,2.0,3.0,0.0,1.0,10.0,0.0,15.0,0.0
94,7,1,5.0,0.2,0.4,0.2,0.7,0.8,0.1,0.9,1.2,0.2,0.3,0.0
94,8,1,6.0,0.3,0.4,0.2,0.8,1.0,0.2,1.1,1.4,0.2,0.4,0.0
94,9,1,4.0,0.2,0.3,0.2,0.5,0.7,0.1,0.7,0.9,0.1,0.3,0.0
94,12,1,6.0,0.1,0.3,0.7,1.1,0.8,0.2,1.4,0.8,0.3,0.3,0.0
94,13,1,5.0,0.1,0.2,0.6,0.9,0.6,0.1,1.2,0.7,0.3,0.3,0.0
94,14,1,1.0,0.0,0.1,0.1,0.2,0.1,0.0,0.2,0.1,0.1,0.1,0.0
94,17,1,1.0,0.0,0.1,0.1,0.1,0.2,0.0,0.1,0.2,0.1,0.1,0.0
94,18,1,15.0,0.5,0.9,0.7,2.1,3.3,0.7,1.6,3.3,1.0,0.9,0.0
94,20,1,11.0,0.4,0.7,0.5,1.5,2.4,0.5,1.1,2.4,0.8,0.7,0.0
94,23,1,2.0,0.0,0.2,0.1,0.3,0.4,0.1,0.4,0.3,0.0,0.2,0.0
94,24,1,4.0,0.1,0.4,0.2,0.6,0.7,0.1,0.8,0.6,0.1,0.4,0.0
94,25,1,4.0,0.1,0.4,0.2,0.6,0.7,0.1,0.8,0.6,0.1,0.4,0.0
94,26,1,15.0,0.5,0.3,1.1,1.4,3.3,0.5,2.5,3.5,1.6,0.3,0.0
94,33,1,2.5,0.2,0.1,0.2,0.4,0.5,0.2,0.2,0.4,0.1,0.2,0.0
94,35,1,1.0,0.1,0.0,0.1,0.2,0.2,0.1,0.1,0.1,0.0,0.1,0.0
94,40,1,6.0,0.0,0.4,0.6,0.4,1.2,0.0,0.8,2.0,0.6,0.0,0.0
94,41,1,3.0,0.0,0.2,0.3,0.2,0.6,0.0,0.4,1.0,0.3,0.0,0.0
94,54,1,1.0,0.2,0.1,0.0,0.2,0.2,0.0,0.1,0.0,0.1,0.1,0.0
94,57,1,3.0,0.1,0.1,0.2,0.4,0.9,0.0,0.4,0.3,0.2,0.4,0.0
94,67,1,4.0,0.1,0.4,0.3,0.4,0.8,0.1,0.7,0.9,0.1,0.2,0.0
94,69,1,4.0,0.1,0.4,0.3,0.4,0.8,0.1,0.7,0.9,0.1,0.2,0.0
94,70,1,7.0,0.1,0.8,0.5,0.7,1.3,0.2,1.2,1.6,0.2,0.4,0.0
94,71,1,3.0,0.1,0.3,0.0,0.5,0.7,0.3,0.3,0.3,0.3,0.2,0.0
94,72,1,1.0,0.0,0.1,0.0,0.2,0.2,0.1,0.1,0.1,0.1,0.1,0.0
94,84,1,7.0,0.0,0.0,0.5,1.1,1.1,0.3,1.1,2.0,0.3,0.6,0.0
94,85,1,1.0,0.0,0.0,0.1,0.1,0.2,0.0,0.2,0.3,0.0,0.1,0.0
94,93,1,1.0,0.0,0.0,0.1,0.2,0.1,0.0,0.1,0.4,0.0,0.1,0.0
94,105,1,3.0,0.1,0.2,0.3,0.4,0.4,0.0,0.4,0.8,0.2,0.2,0.0
94,106,1,13.0,0.3,1.4,0.8,1.1,4.4,0.3,1.9,2.0,0.3,0.5,0.0
94,107,1,4.0,0.1,0.4,0.2,0.3,1.4,0.1,0.6,0.6,0.1,0.2,0.0
94,108,1,9.0,0.2,1.0,0.5,0.8,3.0,0.2,1.3,1.4,0.2,0.4,0.0
94,109,1,15.0,0.3,1.6,0.9,1.3,5.0,0.4,2.2,2.3,0.4,0.6,0.0
94,110,1,7.0,0.2,0.7,0.4,0.6,2.3,0.2,1.0,1.1,0.2,0.3,0.0
94,122,1,2.0,0.0,0.1,0.1,0.3,0.4,0.0,0.4,0.5,0.1,0.1,0.0
94,123,1,8.0,0.1,0.5,0.4,1.1,1.3,0.1,1.6,2.1,0.4,0.4,0.0
94,124,1,19.0,0.1,1.2,0.9,2.7,3.2,0.2,3.9,5.0,0.9,0.9,0.0
94,125,1,5.0,0.1,0.3,0.2,0.7,0.8,0.1,1.0,1.3,0.2,0.3,0.0
94,126,1,10.0,0.8,0.8,1.1,0.8,4.2,0.0,1.1,0.4,0.0,0.8,0.0
94,127,1,2.0,0.1,0.2,0.2,0.2,0.8,0.0,0.2,0.1,0.0,0.2,0.0
95,1,1,20.0,0.6,0.7,1.1,1.4,2.6,0.1,4.9,5.1,0.6,2.7,0.2
95,2,1,13.0,0.4,0.5,0.7,0.9,1.7,0.1,3.1,3.3,0.4,1.8,0.1
95,3,1,3.0,0.1,0.1,0.2,0.2,0.4,0.0,0.7,0.8,0.1,0.4,0.0
95,4,1,2.0,0.1,0.1,0.1,0.1,0.2,0.0,0.5,0.5,0.1,0.3,0.0
95,6,1,10.0,0.5,0.8,0.4,1.3,1.6,0.3,1.8,2.3,0.4,0.6,0.0
95,7,1,5.0,0.2,0.4,0.2,0.7,0.8,0.1,0.9,1.2,0.2,0.3,0.0
95,8,1,3.0,0.2,0.2,0.1,0.4,0.5,0.1,0.5,0.7,0.1,0.2,0.0
95,9,1,10.0,0.5,0.8,0.4,1.3,1.6,0.3,1.8,2.3,0.4,0.6,0.0
95,12,1,1.0,0.0,0.1,0.1,0.2,0.1,0.0,0.2,0.1,0.1,0.1,0.0
95,13,1,8.0,0.1,0.4,0.9,1.5,1.0,0.2,1.9,1.0,0.5,0.5,0.0
95,14,1,1.0,0.0,0.1,0.1,0.2,0.1,0.0,0.2,0.1,0.1,0.1,0.0
95,17,1,1.0,0.0,0.1,0.1,0.1,0.2,0.0,0.1,0.2,0.1,0.1,0.0
95,18,1,3.0,0.1,0.2,0.1,0.4,0.7,0.1,0.3,0.7,0.2,0.2,0.0
95,19,1,6.0,0.2,0.4,0.3,0.8,1.3,0.3,0.6,1.3,0.4,0.4,0.0
95,20,1,9.0,0.3,0.5,0.4,1.3,2.0,0.4,0.9,2.0,0.6,0.6,0.0
95,21,1,14.5,0.3,1.5,0.7,2.3,2.7,0.5,3.0,2.0,0.2,1.3,0.0
95,25,1,8.0,0.2,0.8,0.4,1.3,1.5,0.3,1.6,1.1,0.1,0.7,0.0
95,27,1,3.0,0.1,0.1,0.2,0.3,0.6,0.1,0.5,0.7,0.3,0.1,0.0
95,28,1,6.0,0.2,0.1,0.4,0.6,1.3,0.2,1.0,1.4,0.7,0.1,0.0
95,29,1,2.0,0.1,0.0,0.2,0.2,0.4,0.1,0.3,0.5,0.2,0.0,0.0
95,31,1,2.0,0.1,0.1,0.2,0.4,0.4,0.1,0.1,0.3,0.1,0.2,0.0
95,33,1,4.0,0.3,0.2,0.4,0.7,0.8,0.3,0.3,0.6,0.1,0.3,0.0
95,34,1,13.0,0.8,0.7,1.3,2.4,2.8,0.9,0.9,1.9,0.4,0.9,0.0
95,40,1,1.0,0.0,0.1,0.1,0.1,0.2,0.0,0.1,0.3,0.1,0.0,0.0
95,57,1,1.0,0.0,0.0,0.1,0.1,0.3,0.0,0.1,0.1,0.1,0.2,0.0
95,58,1,8.0,0.4,0.4,0.6,0.9,2.3,0.0,0.9,0.7,0.6,1.2,0.0
95,72,1,8.5,0.3,0.8,0.0,1.5,2.0,0.8,1.0,0.8,0.8,0.5,0.0
95,73,1,9.5,0.4,0.9,0.0,1.6,2.2,0.9,1.1,0.9,0.9,0.6,0.0
95,74,1,4.0,0.1,0.4,0.0,0.7,0.9,0.4,0.5,0.4,0.4,0.2,0.0
95,76,1,2.0,0.0,0.3,0.1,0.3,0.6,0.0,0.2,0.3,0.2,0.0,0.0
95,84,1,5.0,0.0,0.0,0.4,0.8,0.8,0.2,0.8,1.4,0.2,0.4,0.0
95,91,1,3.0,0.0,0.1,0.2,0.6,0.4,0.0,0.4,1.2,0.0,0.1,0.0
95,106,1,11.0,0.3,1.2,0.6,0.9,3.7,0.3,1.6,1.7,0.3,0.4,0.0
95,107,1,9.0,0.2,1.0,0.5,0.8,3.0,0.2,1.3,1.4,0.2,0.4,0.0
95,108,1,18.0,0.4,1.9,1.1,1.5,6.1,0.4,2.7,2.8,0.4,0.7,0.0
95,109,1,17.5,0.4,1.9,1.0,1.5,5.9,0.4,2.6,2.7,0.4,0.7,0.0
95,121,1,2.0,0.0,0.1,0.1,0.3,0.4,0.0,0.4,0.5,0.1,0.1,0.0
95,122,1,15.0,0.1,1.0,0.7,2.2,2.5,0.1,3.1,3.9,0.7,0.7,0.0
95,123,1,5.0,0.1,0.3,0.2,0.7,0.8,0.1,1.0,1.3,0.2,0.3,0.0
95,127,1,4.0,0.3,0.3,0.5,0.3,1.7,0.0,0.5,0.1,0.0,0.3,0.0
96,1,1,1.0,0.0,0.0,0.1,0.1,0.1,0.0,0.3,0.3,0.0,0.1,0.0
96,2,1,8.0,0.2,0.3,0.5,0.6,1.0,0.1,1.9,2.0,0.2,1.1,0.1
96,3,1,2.0,0.1,0.1,0.1,0.1,0.2,0.0,0.5,0.5,0.1,0.3,0.0
96,5,1,3.0,0.1,0.1,0.2,0.2,0.4,0.0,0.7,0.8,0.1,0.4,0.0
96,6,1,1.0,0.1,0.1,0.0,0.1,0.2,0.0,0.2,0.2,0.0,0.1,0.0
96,7,1,7.0,0.4,0.5,0.3,0.9,1.1,0.2,1.3,1.6,0.3,0.4,0.0
96,8,1,4.0,0.2,0.3,0.2,0.5,0.7,0.1,0.7,0.9,0.1,0.3,0.0
96,10,1,6.0,0.3,0.4,0.2,0.8,1.0,0.2,1.1,1.4,0.2,0.4,0.0
96,13,1,3.0,0.0,0.1,0.3,0.6,0.4,0.1,0.7,0.4,0.2,0.2,0.0
96,14,1,9.0,0.1,0.4,1.0,1.7,1.2,0.3,2.1,1.2,0.5,0.5,0.0
96,18,1,4.0,0.1,0.2,0.2,0.6,0.9,0.2,0.4,0.9,0.3,0.2,0.0
96,21,1,2.0,0.0,0.2,0.1,0.3,0.4,0.1,0.4,0.3,0.0,0.2,0.0
96,25,1,4.0,0.1,0.4,0.2,0.6,0.7,0.1,0.8,0.6,0.1,0.4,0.0
96,26,1,1.0,0.0,0.0,0.1,0.1,0.2,0.0,0.2,0.3,0.1,0.0,0.0
96,32,1,1.0,0.1,0.0,0.1,0.2,0.2,0.1,0.1,0.1,0.0,0.1,0.0
96,35,1,1.0,0.1,0.0,0.1,0.2,0.2,0.1,0.1,0.1,0.0,0.1,0.0
96,36,1,2.0,0.0,0.1,0.2,0.1,0.4,0.0,0.3,0.7,0.2,0.0,0.0
96,37,1,6.0,0.0,0.4,0.6,0.4,1.2,0.0,0.8,2.0,0.6,0.0,0.0
96,39,1,2.0,0.0,0.1,0.2,0.1,0.4,0.0,0.3,0.7,0.2,0.0,0.0
96,47,1,6.0,1.2,0.5,0.1,1.4,1.4,0.0,0.6,0.1,0.4,0.3,0.0
96,48,1,1.0,0.2,0.1,0.0,0.2,0.2,0.0,0.1,0.0,0.1,0.1,0.0
96,49,1,8.0,1.6,0.6,0.2,1.8,1.9,0.0,0.8,0.2,0.5,0.4,0.0
96,51,1,4.0,0.8,0.3,0.1,0.9,0.9,0.0,0.4,0.1,0.3,0.2,0.0
96,71,1,14.0,0.5,1.4,0.0,2.4,3.2,1.3,1.6,1.4,1.4,0.8,0.0
96,72,1,8.0,0.3,0.8,0.0,1.4,1.8,0.8,0.9,0.8,0.8,0.4,0.0
96,73,1,2.0,0.1,0.2,0.0,0.3,0.5,0.2,0.2,0.2,0.2,0.1,0.0
96,76,1,4.0,0.1,0.6,0.1,0.6,1.2,0.0,0.4,0.6,0.4,0.0,0.0
96,78,1,5.0,0.2,0.7,0.2,0.7,1.5,0.0,0.5,0.7,0.5,0.0,0.0
96,107,1,3.0,0.1,0.3,0.2,0.2,1.0,0.1,0.4,0.5,0.1,0.1,0.0
97,1,1,7.0,0.3,0.3,0.7,0.9,1.5,0.0,1.1,1.2,0.6,0.4,0.0
97,2,1,13.0,0.5,0.6,1.2,1.7,2.9,0.1,2.1,2.2,1.0,0.7,0.0
97,3,1,5.0,0.2,0.2,0.5,0.6,1.1,0.0,0.8,0.9,0.4,0.3,0.0
97,4,1,9.0,0.3,0.4,0.8,1.2,2.0,0.1,1.5,1.5,0.7,0.5,0.0
97,5,1,7.0,0.3,0.3,0.7,0.9,1.5,0.0,1.1,1.2,0.6,0.4,0.0
97,6,1,24.0,0.9,2.2,1.2,1.1,4.9,0.1,5.2,6.0,0.6,1.8,0.0
97,7,1,3.0,0.1,0.3,0.2,0.1,0.6,0.0,0.7,0.7,0.1,0.2,0.0
97,8,1,19.0,0.7,1.7,1.0,0.9,3.9,0.1,4.2,4.7,0.4,1.4,0.0
97,9,1,13.0,0.5,1.2,0.7,0.6,2.6,0.1,2.8,3.3,0.3,0.9,0.0
97,10,1,6.0,0.2,0.6,0.3,0.3,1.2,0.0,1.3,1.5,0.2,0.4,0.0
97,11,1,5.0,0.3,0.3,0.2,1.2,0.9,0.2,0.7,0.7,0.3,0.2,0.0
97,12,1,5.0,0.3,0.3,0.2,1.2,0.9,0.2,0.7,0.7,0.3,0.2,0.0
97,14,1,2.0,0.1,0.1,0.1,0.5,0.3,0.1,0.3,0.3,0.1,0.1,0.0
97,15,1,1.0,0.1,0.1,0.0,0.2,0.2,0.1,0.1,0.1,0.1,0.0,0.0
97,17,1,1.0,0.1,0.1,0.1,0.1,0.1,0.0,0.1,0.3,0.1,0.0,0.0
97,27,1,4.0,0.1,0.1,0.3,0.4,0.9,0.1,0.7,0.9,0.4,0.1,0.0
97,37,1,4.0,0.0,0.5,0.5,0.3,1.1,0.0,0.7,0.4,0.2,0.3,0.0
97,38,1,4.5,0.1,0.5,0.6,0.3,1.2,0.0,0.8,0.5,0.2,0.3,0.0
97,47,1,7.0,1.4,0.5,0.2,1.6,1.6,0.0,0.7,0.2,0.4,0.4,0.0
97,52,1,11.0,0.0,1.7,0.3,0.7,3.1,0.0,1.7,2.8,0.3,0.4,0.0
97,54,1,4.0,0.0,0.6,0.1,0.3,1.1,0.0,0.6,1.0,0.1,0.2,0.0
97,58,1,4.0,0.2,0.2,0.3,0.5,1.1,0.0,0.5,0.3,0.3,0.6,0.0
97,62,1,2.0,0.1,0.1,0.2,0.2,0.6,0.0,0.2,0.2,0.1,0.3,0.0
97,64,1,3.0,0.1,0.1,0.2,0.4,0.9,0.0,0.4,0.3,0.2,0.4,0.0
97,65,1,4.0,0.2,0.2,0.3,0.5,1.1,0.0,0.5,0.3,0.3,0.6,0.0
97,66,1,2.0,0.0,0.2,0.1,0.2,0.4,0.1,0.3,0.5,0.1,0.1,0.0
97,70,1,1.0,0.0,0.1,0.1,0.1,0.2,0.0,0.2,0.2,0.0,0.1,0.0
97,71,1,4.0,0.1,0.4,0.3,0.4,0.8,0.1,0.7,0.9,0.1,0.2,0.0
97,72,1,14.0,0.2,1.6,1.0,1.4,2.7,0.5,2.4,3.1,0.4,0.7,0.0
97,73,1,13.0,0.2,1.5,0.9,1.3,2.5,0.5,2.2,2.9,0.3,0.7,0.0
97,84,1,1.0,0.0,0.1,0.0,0.2,0.3,0.0,0.1,0.2,0.1,0.0,0.0
97,91,1,1.0,0.0,0.2,0.0,0.1,0.2,0.0,0.1,0.3,0.0,0.1,0.0
97,92,1,1.0,0.0,0.2,0.0,0.1,0.2,0.0,0.1,0.3,0.0,0.1,0.0
97,94,1,1.0,0.0,0.2,0.0,0.1,0.2,0.0,0.1,0.3,0.0,0.1,0.0
97,96,1,2.0,0.1,0.2,0.2,0.2,0.3,0.0,0.3,0.5,0.1,0.1,0.0
97,101,1,1.0,0.0,0.1,0.1,0.1,0.1,0.0,0.1,0.3,0.1,0.1,0.0
97,107,1,2.0,0.0,0.2,0.2,0.3,0.5,0.0,0.4,0.2,0.2,0.0,0.0
97,111,1,3.0,0.1,0.3,0.2,0.4,0.8,0.1,0.5,0.3,0.2,0.1,0.0
98,0,1,2.0,0.0,0.1,0.2,0.1,0.3,0.0,0.6,0.4,0.0,0.3,0.0
98,2,1,6.0,0.2,0.3,0.6,0.8,1.3,0.0,1.0,1.0,0.5,0.3,0.0
98,4,1,3.0,0.1,0.1,0.3,0.4,0.7,0.0,0.5,0.5,0.2,0.2,0.0
98,5,1,17.0,0.6,0.8,1.6,2.2,3.7,0.1,2.8,2.9,1.3,1.0,0.0
98,6,1,4.0,0.1,0.4,0.2,0.2,0.8,0.0,0.9,1.0,0.1,0.3,0.0
98,7,1,11.0,0.4,1.0,0.6,0.5,2.2,0.1,2.4,2.7,0.3,0.8,0.0
98,10,1,3.0,0.1,0.3,0.2,0.1,0.6,0.0,0.7,0.7,0.1,0.2,0.0
98,11,1,2.0,0.1,0.1,0.1,0.5,0.3,0.1,0.3,0.3,0.1,0.1,0.0
98,15,1,1.0,0.1,0.1,0.0,0.2,0.2,0.1,0.1,0.1,0.1,0.0,0.0
98,16,1,1.0,0.1,0.1,0.1,0.1,0.1,0.0,0.1,0.3,0.1,0.0,0.0
98,31,1,1.0,0.0,0.0,0.1,0.1,0.2,0.0,0.2,0.3,0.1,0.0,0.0
98,37,1,5.0,0.1,0.6,0.6,0.3,1.4,0.0,0.9,0.5,0.3,0.3,0.0
98,39,1,2.0,0.0,0.2,0.3,0.1,0.6,0.0,0.4,0.2,0.1,0.1,0.0
98,48,1,4.0,0.8,0.3,0.1,0.9,0.9,0.0,0.4,0.1,0.3,0.2,0.0
98,49,1,2.0,0.4,0.2,0.0,0.5,0.5,0.0,0.2,0.0,0.1,0.1,0.0
98,53,1,2.0,0.0,0.3,0.1,0.1,0.6,0.0,0.3,0.5,0.0,0.1,0.0
98,56,1,4.0,0.2,0.2,0.3,0.5,1.1,0.0,0.5,0.3,0.3,0.6,0.0
98,57,1,3.0,0.1,0.1,0.2,0.4,0.9,0.0,0.4,0.3,0.2,0.4,0.0
98,73,1,2.0,0.0,0.2,0.1,0.2,0.4,0.1,0.3,0.5,0.1,0.1,0.0
98,82,1,1.0,0.0,0.1,0.0,0.2,0.3,0.0,0.1,0.2,0.1,0.0,0.0
98,91,1,1.0,0.0,0.2,0.0,0.1,0.2,0.0,0.1,0.3,0.0,0.1,0.0
98,94,1,2.0,0.0,0.4,0.0,0.1,0.3,0.0,0.2,0.6,0.1,0.3,0.0
98,95,1,2.0,0.0,0.4,0.0,0.1,0.3,0.0,0.2,0.6,0.1,0.3,0.0
98,96,1,1.0,0.0,0.1,0.1,0.1,0.1,0.0,0.1,0.3,0.1,0.1,0.0
98,107,1,1.0,0.0,0.1,0.1,0.1,0.3,0.0,0.2,0.1,0.1,0.0,0.0
98,112,1,7.0,0.1,0.7,0.6,0.9,1.8,0.2,1.3,0.7,0.6,0.1,0.0
98,113,1,1.0,0.0,0.1,0.1,0.1,0.3,0.0,0.2,0.1,0.1,0.0,0.0
98,114,1,5.5,0.1,0.6,0.5,0.7,1.4,0.1,1.0,0.5,0.5,0.1,0.0
99,0,1,2.0,0.0,0.1,0.2,0.1,0.3,0.0,0.6,0.4,0.0,0.3,0.0
99,2,1,8.5,0.3,0.4,0.8,1.1,1.9,0.0,1.4,1.4,0.7,0.5,0.0
99,3,1,5.0,0.2,0.2,0.5,0.6,1.1,0.0,0.8,0.9,0.4,0.3,0.0
99,4,1,7.0,0.3,0.3,0.7,0.9,1.5,0.0,1.1,1.2,0.6,0.4,0.0
99,6,1,10.0,0.4,0.9,0.5,0.5,2.0,0.1,2.2,2.5,0.2,0.7,0.0
99,8,1,22.0,0.8,2.0,1.2,1.0,4.5,0.1,4.8,5.5,0.5,1.6,0.0
99,9,1,11.0,0.4,1.0,0.6,0.5,2.2,0.1,2.4,2.7,0.3,0.8,0.0
99,10,1,5.0,0.2,0.5,0.3,0.2,1.0,0.0,1.1,1.2,0.1,0.4,0.0
99,12,1,9.0,0.6,0.5,0.4,2.1,1.6,0.4,1.3,1.3,0.4,0.4,0.0
99,13,1,9.5,0.6,0.6,0.4,2.2,1.7,0.5,1.3,1.3,0.5,0.4,0.0
99,14,1,4.0,0.3,0.2,0.2,0.9,0.7,0.2,0.5,0.6,0.2,0.2,0.0
99,16,1,4.0,0.5,0.4,0.2,0.5,0.5,0.0,0.5,1.0,0.3,0.1,0.0
99,21,1,1.0,0.1,0.1,0.1,0.1,0.1,0.0,0.1,0.3,0.1,0.0,0.0
99,22,1,9.0,1.1,0.8,0.4,1.1,1.3,0.0,1.1,2.4,0.6,0.2,0.0
99,38,1,3.0,0.0,0.4,0.4,0.2,0.8,0.0,0.5,0.3,0.2,0.2,0.0
99,39,1,3.0,0.0,0.4,0.4,0.2,0.8,0.0,0.5,0.3,0.2,0.2,0.0
99,52,1,1.0,0.0,0.2,0.0,0.1,0.3,0.0,0.2,0.2,0.0,0.0,0.0
99,53,1,2.0,0.0,0.3,0.1,0.1,0.6,0.0,0.3,0.5,0.0,0.1,0.0
99,56,1,5.0,0.2,0.2,0.4,0.6,1.4,0.0,0.6,0.5,0.4,0.7,0.0
99,65,1,2.0,0.1,0.1,0.2,0.2,0.6,0.0,0.2,0.2,0.1,0.3,0.0
99,73,1,2.0,0.0,0.2,0.1,0.2,0.4,0.1,0.3,0.5,0.1,0.1,0.0
99,83,1,10.0,0.3,1.4,0.4,1.4,3.1,0.0,1.0,1.4,1.0,0.0,0.0
99,86,1,1.0,0.0,0.0,0.1,0.2,0.1,0.0,0.1,0.4,0.0,0.1,0.0
99,94,1,10.0,0.0,2.0,0.2,0.4,1.7,0.0,0.9,3.1,0.4,1.3,0.0
99,98,1,3.0,0.1,0.2,0.3,0.4,0.4,0.0,0.4,0.8,0.2,0.2,0.0
99,104,1,2.0,0.1,0.2,0.2,0.2,0.3,0.0,0.3,0.5,0.1,0.1,0.0
99,106,1,1.0,0.0,0.1,0.1,0.1,0.3,0.0,0.2,0.1,0.1,0.0,0.0
99,112,1,6.0,0.1,0.6,0.5,0.8,1.6,0.1,1.1,0.6,0.5,0.1,0.0
100,0,1,2.0,0.0,0.1,0.2,0.1,0.3,0.0,0.6,0.4,0.0,0.3,0.0
100,2,1,8.0,0.3,0.4,0.8,1.0,1.8,0.0,1.3,1.4,0.6,0.4,0.0
100,3,1,4.0,0.1,0.2,0.4,0.5,0.9,0.0,0.7,0.7,0.3,0.2,0.0
100,4,1,13.0,0.5,0.6,1.2,1.7,2.9,0.1,2.1,2.2,1.0,0.7,0.0
100,5,1,4.0,0.1,0.2,0.4,0.5,0.9,0.0,0.7,0.7,0.3,0.2,0.0
100,6,1,12.0,0.4,1.1,0.6,0.6,2.4,0.1,2.6,3.0,0.3,0.9,0.0
100,7,1,8.0,0.3,0.7,0.4,0.4,1.6,0.0,1.8,2.0,0.2,0.6,0.0
100,8,1,8.0,0.3,0.7,0.4,0.4,1.6,0.0,1.8,2.0,0.2,0.6,0.0
100,9,1,4.0,0.1,0.4,0.2,0.2,0.8,0.0,0.9,1.0,0.1,0.3,0.0
100,10,1,2.0,0.1,0.2,0.1,0.1,0.4,0.0,0.4,0.5,0.1,0.1,0.0
100,12,1,4.0,0.3,0.2,0.2,0.9,0.7,0.2,0.5,0.6,0.2,0.2,0.0
100,14,1,4.0,0.3,0.2,0.2,0.9,0.7,0.2,0.5,0.6,0.2,0.2,0.0
100,16,1,3.0,0.3,0.3,0.1,0.4,0.4,0.0,0.4,0.8,0.2,0.1,0.0
100,18,1,1.0,0.1,0.1,0.1,0.1,0.1,0.0,0.1,0.3,0.1,0.0,0.0
100,21,1,4.5,0.5,0.4,0.2,0.5,0.7,0.0,0.6,1.2,0.3,0.1,0.0
100,35,1,1.0,0.0,0.0,0.1,0.1,0.2,0.0,0.2,0.3,0.1,0.0,0.0
100,38,1,3.5,0.1,0.4,0.4,0.2,1.0,0.0,0.6,0.4,0.2,0.2,0.0
100,40,1,4.0,0.0,0.5,0.5,0.3,1.1,0.0,0.7,0.4,0.2,0.3,0.0
100,52,1,2.0,0.0,0.3,0.1,0.1,0.6,0.0,0.3,0.5,0.0,0.1,0.0
100,54,1,2.0,0.0,0.3,0.1,0.1,0.6,0.0,0.3,0.5,0.0,0.1,0.0
100,55,1,2.0,0.0,0.3,0.1,0.1,0.6,0.0,0.3,0.5,0.0,0.1,0.0
100,59,1,2.0,0.1,0.1,0.2,0.2,0.6,0.0,0.2,0.2,0.1,0.3,0.0
100,85,1,1.0,0.0,0.1,0.0,0.2,0.3,0.0,0.1,0.2,0.1,0.0,0.0
100,93,1,5.0,0.0,1.0,0.1,0.2,0.9,0.0,0.4,1.5,0.2,0.7,0.0
100,113,1,11.5,0.2,1.2,1.0,1.5,3.0,0.3,2.1,1.1,0.9,0.2,0.0
101,1,1,3.0,0.1,0.1,0.3,0.4,0.7,0.0,0.5,0.5,0.2,0.2,0.0
101,2,1,23.0,0.9,1.1,2.2,3.0,5.0,0.1,3.7,3.9,1.8,1.3,0.0
101,3,1,10.0,0.4,0.5,0.9,1.3,2.2,0.0,1.6,1.7,0.8,0.6,0.0
101,4,1,2.0,0.1,0.1,0.2,0.3,0.4,0.0,0.3,0.3,0.2,0.1,0.0
101,5,1,5.0,0.2,0.2,0.5,0.6,1.1,0.0,0.8,0.9,0.4,0.3,0.0
101,6,1,7.0,0.3,0.6,0.4,0.3,1.4,0.0,1.5,1.8,0.2,0.5,0.0
101,7,1,9.0,0.3,0.8,0.5,0.4,1.8,0.0,2.0,2.3,0.2,0.7,0.0
101,8,1,10.0,0.4,0.9,0.5,0.5,2.0,0.1,2.2,2.5,0.2,0.7,0.0
101,9,1,1.0,0.0,0.1,0.1,0.0,0.2,0.0,0.2,0.3,0.0,0.1,0.0
101,15,1,4.0,0.3,0.2,0.2,0.9,0.7,0.2,0.5,0.6,0.2,0.2,0.0
101,16,1,12.0,1.4,1.1,0.6,1.4,1.7,0.0,1.4,3.2,0.9,0.3,0.0
101,17,1,1.0,0.1,0.1,0.1,0.1,0.1,0.0,0.1,0.3,0.1,0.0,0.0
101,22,1,4.5,0.5,0.4,0.2,0.5,0.7,0.0,0.6,1.2,0.3,0.1,0.0
101,28,1,2.0,0.1,0.0,0.2,0.2,0.4,0.1,0.3,0.5,0.2,0.0,0.0
101,31,1,2.0,0.1,0.0,0.2,0.2,0.4,0.1,0.3,0.5,0.2,0.0,0.0
101,33,1,2.0,0.1,0.0,0.2,0.2,0.4,0.1,0.3,0.5,0.2,0.0,0.0
101,44,1,4.0,0.0,0.3,0.4,0.3,0.8,0.0,0.5,1.3,0.4,0.0,0.0
101,53,1,3.0,0.0,0.5,0.1,0.2,0.8,0.0,0.5,0.7,0.1,0.1,0.0
101,54,1,3.0,0.0,0.5,0.1,0.2,0.8,0.0,0.5,0.7,0.1,0.1,0.0
101,58,1,7.0,0.3,0.3,0.5,0.8,2.0,0.0,0.9,0.6,0.5,1.1,0.0
101,59,1,2.0,0.1,0.1,0.2,0.2,0.6,0.0,0.2,0.2,0.1,0.3,0.0
101,61,1,1.0,0.0,0.0,0.1,0.1,0.3,0.0,0.1,0.1,0.1,0.2,0.0
101,62,1,4.0,0.2,0.2,0.3,0.5,1.1,0.0,0.5,0.3,0.3,0.6,0.0
101,63,1,3.0,0.1,0.1,0.2,0.4,0.9,0.0,0.4,0.3,0.2,0.4,0.0
101,65,1,1.0,0.0,0.0,0.1,0.1,0.3,0.0,0.1,0.1,0.1,0.2,0.0
101,66,1,3.0,0.0,0.3,0.2,0.3,0.6,0.1,0.5,0.7,0.1,0.2,0.0
101,88,1,1.0,0.0,0.0,0.1,0.2,0.1,0.0,0.1,0.4,0.0,0.1,0.0
101,89,1,8.5,0.0,0.2,0.7,1.7,1.0,0.0,1.0,3.5,0.0,0.4,0.0
101,111,1,3.0,0.1,0.3,0.2,0.4,0.8,0.1,0.5,0.3,0.2,0.1,0.0
102,0,1,6.0,0.2,0.1,0.7,0.8,1.3,0.0,0.7,1.7,0.1,0.4,0.0
102,1,1,2.0,0.0,0.1,0.1,0.1,0.5,0.0,0.3,0.6,0.2,0.1,0.0
102,2,1,23.5,0.2,1.3,0.9,1.6,5.4,0.2,3.8,6.5,2.3,1.3,0.0
102,3,1,12.0,0.1,0.7,0.5,0.8,2.7,0.1,1.9,3.3,1.2,0.7,0.0
102,4,1,6.0,0.1,0.3,0.2,0.4,1.4,0.1,1.0,1.6,0.6,0.3,0.0
102,5,1,7.0,0.1,0.4,0.3,0.4,1.6,0.1,1.1,1.9,0.7,0.4,0.0
102,6,1,3.0,0.1,0.1,0.2,0.3,0.6,0.1,0.6,0.7,0.1,0.2,0.0
102,8,1,21.0,0.6,0.9,1.5,1.8,4.2,0.6,4.5,5.1,0.6,1.2,0.0
102,9,1,16.0,0.4,0.7,1.1,1.4,3.2,0.5,3.4,3.9,0.5,0.9,0.0
102,10,1,3.0,0.1,0.1,0.2,0.3,0.6,0.1,0.6,0.7,0.1,0.2,0.0
102,12,1,5.0,0.3,0.4,0.4,0.8,0.6,0.0,1.2,1.1,0.2,0.0,0.0
102,20,1,2.0,0.0,0.1,0.2,0.3,0.5,0.0,0.2,0.5,0.1,0.1,0.0
102,21,1,2.0,0.0,0.1,0.2,0.3,0.3,0.1,0.3,0.4,0.1,0.2,0.0
102,28,1,1.0,0.0,0.1,0.1,0.0,0.3,0.0,0.2,0.3,0.0,0.0,0.0
102,32,1,3.0,0.0,0.2,0.2,0.1,0.9,0.1,0.6,0.7,0.1,0.1,0.0
102,36,1,1.0,0.0,0.1,0.1,0.2,0.3,0.0,0.1,0.2,0.0,0.0,0.0
102,43,1,1.0,0.0,0.1,0.1,0.2,0.3,0.0,0.1,0.2,0.0,0.0,0.0
102,61,1,5.0,0.1,0.1,0.6,0.5,0.5,0.0,1.0,1.2,0.3,0.7,0.0
102,62,1,2.0,0.0,0.0,0.3,0.2,0.2,0.0,0.4,0.5,0.1,0.3,0.0
102,64,1,1.0,0.0,0.0,0.1,0.1,0.1,0.0,0.2,0.3,0.1,0.1,0.0
102,66,1,2.0,0.0,0.1,0.1,0.4,0.2,0.0,0.7,0.4,0.0,0.1,0.0
102,67,1,1.0,0.0,0.1,0.0,0.2,0.1,0.0,0.3,0.2,0.0,0.1,0.0
102,69,1,6.0,0.0,0.4,0.1,1.1,0.6,0.0,2.1,1.2,0.1,0.4,0.0
102,82,1,2.0,0.2,0.0,0.0,0.6,0.2,0.1,0.7,0.2,0.0,0.0,0.0
102,88,1,2.0,0.1,0.1,0.1,0.2,0.2,0.0,0.7,0.1,0.1,0.4,0.0
102,105,1,6.0,0.0,0.4,0.1,1.0,1.4,0.0,0.9,0.8,0.9,0.5,0.0
102,112,1,2.0,0.0,0.1,0.2,0.3,0.5,0.0,0.4,0.4,0.1,0.0,0.0
102,114,1,1.0,0.0,0.1,0.1,0.1,0.2,0.0,0.2,0.2,0.1,0.0,0.0
102,115,1,1.0,0.0,0.1,0.1,0.1,0.2,0.0,0.2,0.2,0.1,0.0,0.0
103,1,1,1.0,0.0,0.0,0.0,0.1,0.2,0.0,0.2,0.3,0.1,0.1,0.0
103,3,1,19.0,0.2,1.1,0.7,1.2,4.3,0.2,3.1,5.2,1.9,1.1,0.0
103,4,1,20.0,0.2,1.1,0.8,1.3,4.6,0.2,3.2,5.5,2.0,1.1,0.0
103,5,1,7.0,0.1,0.4,0.3,0.4,1.6,0.1,1.1,1.9,0.7,0.4,0.0
103,6,1,4.0,0.1,0.2,0.3,0.3,0.8,0.1,0.9,1.0,0.1,0.2,0.0
103,9,1,2.0,0.0,0.1,0.1,0.2,0.4,0.1,0.4,0.5,0.1,0.1,0.0
103,10,1,6.0,0.2,0.2,0.4,0.5,1.2,0.2,1.3,1.5,0.2,0.3,0.0
103,11,1,8.0,0.4,0.6,0.7,1.3,1.0,0.0,1.9,1.8,0.3,0.0,0.0
103,12,1,11.0,0.6,0.9,1.0,1.8,1.4,0.0,2.5,2.4,0.4,0.0,0.0
103,16,1,2.0,0.0,0.1,0.2,0.3,0.5,0.0,0.2,0.5,0.1,0.1,0.0
103,19,1,1.0,0.0,0.1,0.1,0.2,0.2,0.0,0.1,0.2,0.0,0.1,0.0
103,21,1,10.0,0.2,0.7,0.7,1.4,1.7,0.4,1.4,2.0,0.7,0.8,0.0
103,29,1,3.0,0.0,0.2,0.2,0.1,0.9,0.1,0.6,0.7,0.1,0.1,0.0
103,43,1,4.0,0.1,0.5,0.2,0.7,1.0,0.0,0.3,1.0,0.1,0.1,0.0
103,45,1,7.0,0.1,0.9,0.3,1.2,1.8,0.0,0.6,1.7,0.2,0.2,0.0
103,68,1,1.0,0.0,0.1,0.0,0.2,0.1,0.0,0.3,0.2,0.0,0.1,0.0
103,82,1,1.0,0.1,0.0,0.0,0.3,0.1,0.1,0.3,0.1,0.0,0.0,0.0
103,88,1,4.0,0.1,0.1,0.3,0.5,0.5,0.0,1.5,0.1,0.2,0.7,0.0
103,104,1,2.0,0.0,0.1,0.0,0.3,0.5,0.0,0.3,0.3,0.3,0.2,0.0
103,112,1,3.0,0.0,0.2,0.3,0.4,0.7,0.1,0.5,0.6,0.1,0.1,0.0
103,113,1,2.0,0.0,0.1,0.2,0.3,0.5,0.0,0.4,0.4,0.1,0.0,0.0
103,117,1,3.0,0.0,0.1,0.2,0.4,0.4,0.1,0.9,0.4,0.1,0.4,0.0
103,118,1,2.0,0.0,0.1,0.1,0.2,0.3,0.1,0.6,0.3,0.1,0.2,0.0
103,119,1,9.0,0.1,0.2,0.6,1.1,1.2,0.4,2.7,1.4,0.2,1.1,0.0
103,120,1,2.0,0.0,0.1,0.1,0.2,0.3,0.1,0.6,0.3,0.1,0.2,0.0
103,124,1,2.0,0.0,0.2,0.3,0.3,0.6,0.0,0.2,0.2,0.1,0.1,0.0
104,0,1,3.0,0.1,0.1,0.3,0.4,0.7,0.0,0.4,0.8,0.0,0.2,0.0
104,7,1,2.0,0.0,0.1,0.1,0.2,0.4,0.1,0.4,0.5,0.1,0.1,0.0
104,10,1,2.0,0.0,0.1,0.1,0.2,0.4,0.1,0.4,0.5,0.1,0.1,0.0
104,11,1,19.0,1.0,1.5,1.7,3.2,2.4,0.0,4.4,4.1,0.7,0.0,0.0
104,12,1,11.0,0.6,0.9,1.0,1.8,1.4,0.0,2.5,2.4,0.4,0.0,0.0
104,13,1,10.0,0.5,0.8,0.9,1.6,1.3,0.0,2.3,2.2,0.4,0.0,0.0
104,17,1,5.0,0.0,0.4,0.5,0.7,1.2,0.1,0.6,1.2,0.1,0.2,0.0
104,18,1,10.0,0.0,0.7,1.0,1.4,2.4,0.2,1.2,2.4,0.2,0.5,0.0
104,20,1,4.0,0.0,0.3,0.4,0.6,0.9,0.1,0.5,0.9,0.1,0.2,0.0
104,21,1,11.0,0.3,0.8,0.8,1.5,1.8,0.5,1.5,2.2,0.8,0.8,0.0
104,24,1,2.0,0.0,0.1,0.2,0.3,0.3,0.1,0.3,0.4,0.1,0.2,0.0
104,33,1,3.0,0.0,0.2,0.2,0.1,0.9,0.1,0.6,0.7,0.1,0.1,0.0
104,34,1,7.0,0.0,0.4,0.5,0.2,2.1,0.2,1.4,1.7,0.2,0.3,0.0
104,35,1,1.0,0.0,0.1,0.1,0.0,0.3,0.0,0.2,0.3,0.0,0.0,0.0
104,44,1,3.0,0.1,0.4,0.1,0.5,0.8,0.0,0.2,0.7,0.1,0.1,0.0
104,45,1,2.0,0.0,0.3,0.1,0.4,0.5,0.0,0.2,0.5,0.0,0.0,0.0
104,46,1,2.5,0.1,0.2,0.1,0.2,0.7,0.0,0.3,0.5,0.1,0.3,0.0
104,47,1,3.0,0.1,0.3,0.2,0.2,0.8,0.0,0.4,0.6,0.1,0.3,0.0
104,57,1,2.0,0.0,0.0,0.3,0.2,0.2,0.0,0.4,0.5,0.1,0.3,0.0
104,60,1,6.0,0.1,0.2,0.8,0.6,0.6,0.0,1.2,1.4,0.3,0.8,0.0
104,81,1,2.0,0.2,0.0,0.0,0.6,0.2,0.1,0.7,0.2,0.0,0.0,0.0
104,88,1,3.0,0.1,0.1,0.2,0.3,0.4,0.0,1.1,0.1,0.2,0.5,0.0
104,89,1,3.0,0.1,0.1,0.2,0.3,0.4,0.0,1.1,0.1,0.2,0.5,0.0
104,94,1,6.0,0.2,0.2,0.4,0.7,0.7,0.0,2.2,0.2,0.3,1.1,0.0
104,99,1,4.0,0.0,0.3,0.1,0.7,0.9,0.0,0.6,0.5,0.6,0.3,0.0
104,117,1,1.0,0.0,0.0,0.1,0.1,0.1,0.1,0.3,0.2,0.0,0.1,0.0
104,118,1,13.0,0.2,0.4,0.8,1.6,1.8,0.5,3.9,1.9,0.3,1.6,0.0
104,119,1,7.5,0.1,0.2,0.5,0.9,1.0,0.3,2.3,1.1,0.2,0.9,0.0
104,120,1,7.0,0.1,0.2,0.4,0.9,0.9,0.3,2.1,1.0,0.2,0.9,0.0
104,121,1,28.5,0.5,3.3,3.6,3.9,7.8,0.6,2.5,3.1,1.5,1.4,0.3
104,122,1,5.0,0.1,0.6,0.6,0.7,1.4,0.1,0.4,0.5,0.3,0.2,0.1
105,3,1,3.0,0.0,0.2,0.1,0.2,0.7,0.0,0.5,0.8,0.3,0.2,0.0
105,4,1,2.0,0.0,0.1,0.1,0.1,0.5,0.0,0.3,0.6,0.2,0.1,0.0
105,9,1,2.0,0.0,0.1,0.1,0.2,0.4,0.1,0.4,0.5,0.1,0.1,0.0
105,10,1,1.0,0.0,0.1,0.1,0.1,0.2,0.0,0.2,0.2,0.0,0.1,0.0
105,13,1,7.0,0.4,0.5,0.6,1.2,0.9,0.0,1.6,1.5,0.3,0.0,0.0
105,14,1,2.0,0.1,0.1,0.2,0.3,0.3,0.0,0.5,0.4,0.1,0.0,0.0
105,17,1,3.0,0.0,0.2,0.3,0.4,0.7,0.1,0.4,0.7,0.1,0.1,0.0
105,21,1,2.0,0.0,0.1,0.2,0.3,0.3,0.1,0.3,0.4,0.1,0.2,0.0
105,22,1,2.0,0.0,0.1,0.2,0.3,0.3,0.1,0.3,0.4,0.1,0.2,0.0
105,24,1,6.0,0.1,0.4,0.5,0.8,1.0,0.3,0.8,1.2,0.4,0.5,0.0
105,25,1,3.0,0.1,0.2,0.2,0.4,0.5,0.2,0.4,0.6,0.2,0.2,0.0
105,33,1,1.0,0.0,0.1,0.1,0.0,0.3,0.0,0.2,0.3,0.0,0.0,0.0
105,36,1,5.0,0.1,0.7,0.2,0.9,1.3,0.0,0.4,1.2,0.1,0.1,0.0
105,44,1,2.0,0.0,0.3,0.1,0.4,0.5,0.0,0.2,0.5,0.0,0.0,0.0
105,45,1,3.0,0.1,0.4,0.1,0.5,0.8,0.0,0.2,0.7,0.1,0.1,0.0
105,51,1,4.0,0.1,0.4,0.2,0.3,1.1,0.0,0.5,0.8,0.2,0.4,0.0
105,52,1,7.0,0.2,0.6,0.4,0.5,1.9,0.0,0.9,1.4,0.4,0.7,0.0
105,58,1,1.0,0.0,0.0,0.1,0.1,0.1,0.0,0.2,0.3,0.1,0.1,0.0
105,60,1,3.0,0.1,0.1,0.4,0.3,0.3,0.0,0.6,0.7,0.1,0.4,0.0
105,79,1,5.0,0.4,0.1,0.1,1.5,0.6,0.2,1.7,0.4,0.0,0.0,0.0
105,81,1,5.0,0.4,0.1,0.1,1.5,0.6,0.2,1.7,0.4,0.0,0.0,0.0
105,94,1,2.0,0.1,0.1,0.1,0.2,0.2,0.0,0.7,0.1,0.1,0.4,0.0
105,96,1,3.0,0.0,0.2,0.1,0.5,0.7,0.0,0.4,0.4,0.4,0.3,0.0
105,97,1,1.0,0.0,0.1,0.0,0.2,0.2,0.0,0.2,0.1,0.1,0.1,0.0
105,98,1,10.0,0.0,0.6,0.2,1.7,2.3,0.0,1.5,1.3,1.5,0.9,0.0
105,99,1,3.0,0.0,0.2,0.1,0.5,0.7,0.0,0.4,0.4,0.4,0.3,0.0
105,118,1,2.0,0.0,0.1,0.1,0.2,0.3,0.1,0.6,0.3,0.1,0.2,0.0
105,119,1,7.0,0.1,0.2,0.4,0.9,0.9,0.3,2.1,1.0,0.2,0.9,0.0
105,120,0,34.0,0.0,2.0,4.0,3.0,4.0,1.0,5.0,10.0,1.0,4.0,0.0
105,121,1,24.0,0.5,2.8,3.0,3.3,6.5,0.5,2.1,2.6,1.3,1.2,0.2
105,122,1,10.0,0.2,1.2,1.3,1.3,2.7,0.2,0.9,1.1,0.5,0.5,0.1
106,1,1,2.0,0.0,0.1,0.1,0.1,0.5,0.0,0.3,0.6,0.2,0.1,0.0
106,2,1,1.0,0.0,0.0,0.0,0.1,0.2,0.0,0.2,0.3,0.1,0.1,0.0
106,6,1,2.0,0.0,0.1,0.1,0.2,0.4,0.1,0.4,0.5,0.1,0.1,0.0
106,7,1,4.0,0.1,0.2,0.3,0.3,0.8,0.1,0.9,1.0,0.1,0.2,0.0
106,9,1,2.0,0.0,0.1,0.1,0.2,0.4,0.1,0.4,0.5,0.1,0.1,0.0
106,14,1,5.0,0.3,0.4,0.4,0.8,0.6,0.0,1.2,1.1,0.2,0.0,0.0
106,16,1,3.0,0.0,0.2,0.3,0.4,0.7,0.1,0.4,0.7,0.1,0.1,0.0
106,19,1,2.0,0.0,0.1,0.2,0.3,0.5,0.0,0.2,0.5,0.1,0.1,0.0
106,20,1,10.0,0.0,0.7,1.0,1.4,2.4,0.2,1.2,2.4,0.2,0.5,0.0
106,21,1,7.0,0.2,0.5,0.5,0.9,1.2,0.3,1.0,1.4,0.5,0.5,0.0
106,23,1,4.0,0.1,0.3,0.3,0.5,0.7,0.2,0.5,0.8,0.3,0.3,0.0
106,25,1,17.5,0.4,1.3,1.3,2.4,2.9,0.8,2.4,3.4,1.3,1.3,0.0
106,27,1,2.0,0.0,0.1,0.1,0.1,0.6,0.0,0.4,0.5,0.1,0.1,0.0
106,29,1,1.0,0.0,0.1,0.1,0.0,0.3,0.0,0.2,0.3,0.0,0.0,0.0
106,46,1,3.0,0.1,0.3,0.2,0.2,0.8,0.0,0.4,0.6,0.1,0.3,0.0
106,50,1,8.0,0.2,0.7,0.4,0.6,2.3,0.0,1.0,1.6,0.4,0.8,0.0
106,51,1,5.0,0.1,0.4,0.3,0.4,1.4,0.0,0.6,1.0,0.3,0.5,0.0
106,53,1,4.0,0.1,0.4,0.2,0.3,1.1,0.0,0.5,0.8,0.2,0.4,0.0
106,55,1,3.0,0.1,0.3,0.2,0.2,0.8,0.0,0.4,0.6,0.1,0.3,0.0
106,56,1,4.0,0.1,0.1,0.5,0.4,0.4,0.0,0.8,1.0,0.2,0.5,0.0
106,58,1,5.0,0.1,0.1,0.6,0.5,0.5,0.0,1.0,1.2,0.3,0.7,0.0
106,60,1,2.0,0.0,0.0,0.3,0.2,0.2,0.0,0.4,0.5,0.1,0.3,0.0
106,69,1,4.0,0.0,0.3,0.1,0.7,0.3,0.0,1.4,0.8,0.1,0.3,0.0
106,72,1,9.0,0.0,0.6,0.2,1.6,0.8,0.0,3.1,1.9,0.2,0.6,0.0
106,77,1,1.0,0.1,0.0,0.0,0.3,0.1,0.1,0.3,0.1,0.0,0.0,0.0
106,81,1,8.0,0.7,0.2,0.2,2.3,1.0,0.3,2.6,0.7,0.0,0.0,0.0
106,99,1,5.0,0.0,0.3,0.1,0.9,1.2,0.0,0.8,0.6,0.7,0.4,0.0
106,111,1,2.0,0.0,0.1,0.2,0.3,0.5,0.0,0.4,0.4,0.1,0.0,0.0
106,112,1,6.0,0.0,0.4,0.6,0.8,1.4,0.1,1.1,1.1,0.3,0.2,0.0
106,113,1,14.0,0.0,1.0,1.5,1.9,3.2,0.3,2.6,2.6,0.6,0.3,0.0
106,115,1,12.5,0.0,0.8,1.3,1.7,2.9,0.3,2.3,2.3,0.6,0.3,0.0
106,116,1,8.0,0.1,0.2,0.5,1.0,1.1,0.3,2.4,1.2,0.2,1.0,0.0
106,117,1,6.0,0.1,0.2,0.4,0.7,0.8,0.2,1.8,0.9,0.2,0.7,0.0
106,120,1,6.0,0.1,0.2,0.4,0.7,0.8,0.2,1.8,0.9,0.2,0.7,0.0
106,121,1,17.0,0.3,2.0,2.2,2.3,4.7,0.3,1.5,1.8,0.9,0.8,0.2
106,122,1,16.0,0.3,1.9,2.0,2.2,4.4,0.3,1.4,1.7,0.9,0.8,0.1
106,123,0,26.5,4.0,1.5,1.0,6.0,6.0,2.0,2.0,0.0,2.0,2.0,0.0
107,7,1,8.0,0.4,0.6,0.6,1.5,1.5,0.1,1.2,1.3,0.5,0.3,0.0
107,8,1,12.0,0.6,0.9,0.9,2.2,2.3,0.2,1.9,1.9,0.7,0.4,0.0
107,9,1,2.0,0.1,0.1,0.2,0.4,0.4,0.0,0.3,0.3,0.1,0.1,0.0
107,18,1,3.0,0.1,0.2,0.1,0.3,0.9,0.0,0.6,0.2,0.0,0.6,0.0
107,19,1,6.0,0.2,0.5,0.2,0.5,1.8,0.0,1.2,0.4,0.0,1.2,0.0
107,20,1,2.0,0.0,0.2,0.1,0.2,0.6,0.0,0.4,0.1,0.0,0.4,0.0
107,21,1,16.0,0.2,1.1,1.1,2.6,3.5,0.0,2.0,3.1,1.8,0.4,0.2
107,22,1,21.0,0.2,1.4,1.5,3.4,4.6,0.0,2.7,4.1,2.4,0.5,0.2
107,23,1,4.0,0.0,0.3,0.3,0.6,0.9,0.0,0.5,0.8,0.5,0.1,0.0
107,24,1,14.0,0.2,1.0,1.0,2.2,3.0,0.0,1.8,2.7,1.6,0.3,0.2
107,25,0,34.5,2.0,4.0,3.0,7.0,6.0,1.5,2.0,2.0,7.0,0.0,0.0
107,44,1,5.0,0.1,0.3,0.4,0.5,1.6,0.0,1.2,0.5,0.1,0.3,0.0
107,45,1,2.0,0.0,0.1,0.2,0.2,0.6,0.0,0.5,0.2,0.1,0.1,0.0
107,46,1,2.0,0.0,0.2,0.2,0.4,0.4,0.0,0.2,0.3,0.2,0.1,0.0
107,47,1,16.0,0.2,1.1,1.8,3.5,3.3,0.2,1.4,2.1,1.4,1.0,0.0
107,48,1,17.0,0.2,1.2,1.9,3.7,3.5,0.2,1.5,2.2,1.5,1.1,0.0
107,51,1,3.0,0.1,0.4,0.4,0.5,0.3,0.0,0.4,0.5,0.3,0.1,0.0
107,56,1,3.0,0.1,0.1,0.3,0.4,0.6,0.0,0.2,0.8,0.3,0.2,0.0
107,57,1,11.0,0.4,0.5,0.9,1.6,2.3,0.0,0.7,3.0,0.9,0.7,0.0
107,58,1,5.0,0.2,0.2,0.4,0.7,1.1,0.0,0.3,1.4,0.4,0.3,0.0
107,59,1,2.0,0.1,0.1,0.2,0.3,0.4,0.0,0.1,0.5,0.2,0.1,0.0
107,60,1,6.0,0.2,0.2,0.5,0.9,1.3,0.0,0.4,1.6,0.5,0.4,0.0
107,62,1,2.0,0.0,0.0,0.3,0.2,0.2,0.0,0.4,0.5,0.1,0.3,0.0
107,63,1,1.0,0.0,0.0,0.1,0.1,0.1,0.0,0.2,0.3,0.1,0.1,0.0
107,72,1,2.0,0.0,0.1,0.1,0.4,0.2,0.0,0.7,0.4,0.0,0.1,0.0
107,73,1,7.0,0.0,0.5,0.2,1.3,0.6,0.0,2.4,1.4,0.1,0.5,0.0
107,76,1,8.0,0.4,1.2,0.7,1.7,1.7,0.0,0.8,1.1,0.2,0.2,0.0
107,77,1,4.0,0.2,0.6,0.4,0.8,0.9,0.0,0.4,0.5,0.1,0.1,0.0
107,81,1,1.0,0.0,0.1,0.1,0.2,0.3,0.0,0.1,0.1,0.0,0.1,0.0
107,82,1,3.0,0.2,0.2,0.3,0.5,0.9,0.0,0.2,0.3,0.1,0.3,0.0
107,83,1,2.0,0.1,0.1,0.2,0.4,0.6,0.0,0.1,0.2,0.1,0.2,0.0
107,84,1,3.0,0.2,0.2,0.3,0.5,0.9,0.0,0.2,0.3,0.1,0.3,0.0
107,98,1,2.0,0.0,0.1,0.0,0.3,0.5,0.0,0.3,0.3,0.3,0.2,0.0
107,111,1,2.0,0.2,0.0,0.0,0.6,0.3,0.0,0.2,0.6,0.0,0.1,0.0
107,112,1,1.0,0.1,0.0,0.0,0.3,0.1,0.0,0.1,0.3,0.0,0.1,0.0
107,113,1,2.0,0.2,0.0,0.0,0.6,0.3,0.0,0.2,0.6,0.0,0.1,0.0
107,115,1,16.0,1.5,0.0,0.0,4.6,2.3,0.0,1.5,5.3,0.0,0.8,0.0
107,116,1,22.0,0.3,1.2,1.9,2.8,4.6,0.9,5.6,1.9,1.6,1.2,0.0
107,117,1,9.0,0.1,0.5,0.8,1.1,1.9,0.4,2.3,0.8,0.6,0.5,0.0
107,118,1,15.0,0.2,0.8,1.3,1.9,3.2,0.6,3.8,1.3,1.1,0.8,0.0
107,123,1,24.5,0.5,2.7,1.9,2.4,5.8,0.2,2.1,4.8,2.0,2.1,0.0
107,124,1,15.0,0.3,1.7,1.1,1.5,3.6,0.1,1.3,2.9,1.2,1.3,0.0
108,0,1,4.0,0.0,0.3,0.5,0.7,1.1,0.1,0.7,0.2,0.3,0.1,0.0
108,1,1,3.0,0.1,0.1,0.3,0.4,0.7,0.0,0.4,0.8,0.0,0.2,0.0
108,2,1,4.0,0.2,0.1,0.4,0.5,0.9,0.0,0.5,1.1,0.0,0.3,0.0
108,7,1,2.0,0.1,0.1,0.2,0.4,0.4,0.0,0.3,0.3,0.1,0.1,0.0
108,8,1,2.0,0.1,0.1,0.2,0.4,0.4,0.0,0.3,0.3,0.1,0.1,0.0
108,12,1,3.0,0.1,0.2,0.2,0.6,0.6,0.0,0.5,0.5,0.2,0.1,0.0
108,16,1,5.0,0.2,0.4,0.2,0.4,1.5,0.0,1.0,0.3,0.0,1.0,0.0
108,17,1,1.0,0.0,0.1,0.0,0.1,0.3,0.0,0.2,0.1,0.0,0.2,0.0
108,18,1,2.0,0.0,0.2,0.1,0.2,0.6,0.0,0.4,0.1,0.0,0.4,0.0
108,19,1,7.0,0.2,0.6,0.2,0.6,2.1,0.0,1.4,0.4,0.0,1.5,0.0
108,22,1,19.0,0.2,1.3,1.3,3.1,4.2,0.0,2.4,3.7,2.2,0.4,0.2
108,23,0,31.0,2.0,2.0,1.0,10.0,7.0,1.0,3.0,0.0,4.0,1.0,0.0
108,30,1,5.5,0.0,0.3,0.3,0.2,1.7,0.2,1.1,1.3,0.2,0.2,0.0
108,36,1,2.0,0.0,0.3,0.1,0.4,0.5,0.0,0.2,0.5,0.0,0.0,0.0
108,44,1,20.0,0.5,1.1,1.6,2.1,6.3,0.0,4.7,2.1,0.5,1.1,0.0
108,45,1,9.0,0.2,0.5,0.7,1.0,2.8,0.0,2.1,1.0,0.2,0.5,0.0
108,46,1,4.0,0.0,0.3,0.5,0.9,0.8,0.0,0.4,0.5,0.4,0.2,0.0
108,47,1,6.0,0.1,0.4,0.7,1.3,1.2,0.1,0.5,0.8,0.5,0.4,0.0
108,48,1,15.0,0.2,1.1,1.7,3.2,3.1,0.2,1.3,1.9,1.3,1.0,0.0
108,49,1,6.0,0.1,0.4,0.7,1.3,1.2,0.1,0.5,0.8,0.5,0.4,0.0
108,52,1,1.0,0.0,0.1,0.1,0.2,0.1,0.0,0.2,0.2,0.1,0.0,0.0
108,53,1,6.0,0.2,0.7,0.7,1.0,0.6,0.0,0.9,1.0,0.6,0.3,0.0
108,54,1,2.0,0.1,0.2,0.2,0.3,0.2,0.0,0.3,0.4,0.2,0.1,0.0
108,55,1,2.0,0.1,0.2,0.2,0.3,0.2,0.0,0.3,0.4,0.2,0.1,0.0
108,57,1,7.0,0.3,0.3,0.6,1.0,1.5,0.0,0.4,1.9,0.6,0.4,0.0
108,60,1,5.0,0.2,0.2,0.4,0.7,1.1,0.0,0.3,1.4,0.4,0.3,0.0
108,61,1,2.0,0.0,0.0,0.3,0.2,0.2,0.0,0.4,0.5,0.1,0.3,0.0
108,62,1,1.0,0.0,0.0,0.1,0.1,0.1,0.0,0.2,0.3,0.1,0.1,0.0
108,76,1,4.0,0.2,0.6,0.4,0.8,0.9,0.0,0.4,0.5,0.1,0.1,0.0
108,77,1,9.0,0.5,1.3,0.8,1.9,1.9,0.0,1.0,1.2,0.2,0.2,0.0
108,78,1,7.0,0.4,1.0,0.6,1.5,1.5,0.0,0.7,0.9,0.2,0.2,0.0
108,81,1,4.5,0.3,0.4,0.4,0.8,1.4,0.0,0.3,0.4,0.1,0.4,0.0
108,82,1,12.0,0.7,0.9,1.1,2.2,3.7,0.0,0.8,1.1,0.4,1.1,0.0
108,92,1,1.0,0.0,0.0,0.1,0.1,0.1,0.0,0.4,0.0,0.1,0.2,0.0
108,93,1,4.0,0.1,0.1,0.3,0.5,0.5,0.0,1.5,0.1,0.2,0.7,0.0
108,94,1,2.0,0.1,0.1,0.1,0.2,0.2,0.0,0.7,0.1,0.1,0.4,0.0
108,97,1,1.0,0.0,0.1,0.0,0.2,0.2,0.0,0.2,0.1,0.1,0.1,0.0
108,101,1,2.0,0.0,0.1,0.0,0.3,0.5,0.0,0.3,0.3,0.3,0.2,0.0
108,116,1,15.0,0.2,0.8,1.3,1.9,3.2,0.6,3.8,1.3,1.1,0.8,0.0
108,117,1,6.0,0.1,0.3,0.5,0.8,1.3,0.3,1.5,0.5,0.4,0.3,0.0
108,119,1,3.0,0.0,0.2,0.2,0.4,0.6,0.1,0.8,0.3,0.2,0.2,0.0
108,124,1,5.0,0.1,0.6,0.4,0.5,1.2,0.0,0.4,1.0,0.4,0.4,0.0
108,125,1,17.0,0.4,1.9,1.3,1.7,4.1,0.1,1.4,3.3,1.4,1.4,0.0
108,126,1,3.0,0.1,0.2,0.5,0.4,0.5,0.1,0.2,0.6,0.1,0.3,0.0
108,127,1,2.0,0.1,0.1,0.3,0.3,0.3,0.0,0.2,0.4,0.1,0.2,0.0
109,2,1,2.0,0.1,0.0,0.2,0.3,0.5,0.0,0.2,0.6,0.0,0.1,0.0
109,11,1,4.0,0.2,0.3,0.3,0.8,0.8,0.1,0.6,0.6,0.2,0.1,0.0
109,15,1,2.0,0.1,0.1,0.2,0.4,0.4,0.0,0.3,0.3,0.1,0.1,0.0
109,19,1,4.0,0.1,0.4,0.1,0.4,1.2,0.0,0.8,0.2,0.0,0.8,0.0
109,21,1,5.0,0.1,0.3,0.3,0.8,1.1,0.0,0.6,1.0,0.6,0.1,0.1
109,27,1,2.0,0.0,0.1,0.1,0.1,0.6,0.0,0.4,0.5,0.1,0.1,0.0
109,34,1,4.0,0.0,0.2,0.2,0.6,0.8,0.1,0.5,0.8,0.6,0.2,0.0
109,35,1,13.0,0.0,0.6,0.7,2.0,2.7,0.3,1.7,2.5,1.8,0.7,0.0
109,39,1,1.0,0.0,0.1,0.1,0.2,0.3,0.0,0.1,0.2,0.0,0.0,0.0
109,45,1,2.0,0.0,0.1,0.2,0.2,0.6,0.0,0.5,0.2,0.1,0.1,0.0
109,46,1,9.0,0.1,0.6,1.0,2.0,1.8,0.1,0.8,1.2,0.8,0.6,0.0
109,50,1,2.5,0.0,0.2,0.3,0.6,0.5,0.0,0.2,0.3,0.2,0.2,0.0
109,52,1,13.0,0.4,1.5,1.5,2.1,1.4,0.0,1.9,2.3,1.3,0.6,0.0
109,53,1,11.0,0.3,1.3,1.3,1.8,1.1,0.0,1.6,2.0,1.1,0.5,0.0
109,55,1,16.0,0.5,1.9,1.9,2.6,1.6,0.0,2.4,2.8,1.6,0.7,0.0
109,60,1,1.0,0.0,0.0,0.1,0.1,0.2,0.0,0.1,0.3,0.1,0.1,0.0
109,65,1,2.0,0.0,0.0,0.3,0.2,0.2,0.0,0.4,0.5,0.1,0.3,0.0
109,77,1,6.0,0.3,0.9,0.5,1.3,1.3,0.0,0.6,0.8,0.1,0.2,0.0
109,81,1,2.0,0.1,0.1,0.2,0.4,0.6,0.0,0.1,0.2,0.1,0.2,0.0
109,82,1,2.0,0.1,0.1,0.2,0.4,0.6,0.0,0.1,0.2,0.1,0.2,0.0
109,95,1,2.0,0.1,0.1,0.1,0.2,0.2,0.0,0.7,0.1,0.1,0.4,0.0
109,99,1,2.0,0.0,0.1,0.0,0.3,0.5,0.0,0.3,0.3,0.3,0.2,0.0
109,100,1,2.0,0.0,0.1,0.0,0.3,0.5,0.0,0.3,0.3,0.3,0.2,0.0
109,121,1,2.0,0.0,0.2,0.1,0.2,0.5,0.0,0.2,0.4,0.2,0.2,0.0
109,122,1,20.0,0.4,2.3,1.5,2.0,4.8,0.1,1.7,3.9,1.6,1.7,0.0
109,123,0,22.5,1.0,3.0,2.0,3.0,5.0,0.0,3.0,3.0,0.5,2.0,0.0
109,124,1,20.0,0.4,2.3,1.5,2.0,4.8,0.1,1.7,3.9,1.6,1.7,0.0
109,125,1,4.0,0.1,0.5,0.3,0.4,1.0,0.0,0.3,0.8,0.3,0.3,0.0
109,126,1,1.0,0.0,0.1,0.2,0.1,0.2,0.0,0.1,0.2,0.0,0.1,0.0
110,6,1,13.0,0.6,1.0,1.0,2.5,2.5,0.2,2.0,2.0,0.8,0.4,0.0
110,11,1,4.0,0.2,0.3,0.3,0.8,0.8,0.1,0.6,0.6,0.2,0.1,0.0
110,12,1,2.0,0.1,0.1,0.2,0.4,0.4,0.0,0.3,0.3,0.1,0.1,0.0
110,32,1,5.0,0.0,0.2,0.3,0.8,1.0,0.1,0.7,0.9,0.7,0.3,0.0
110,33,1,10.5,0.0,0.5,0.6,1.6,2.1,0.2,1.4,2.0,1.5,0.6,0.0
110,34,1,8.0,0.0,0.4,0.4,1.2,1.7,0.1,1.1,1.5,1.1,0.5,0.0
110,35,1,1.0,0.0,0.0,0.1,0.2,0.2,0.0,0.1,0.2,0.1,0.1,0.0
110,36,1,2.0,0.0,0.3,0.1,0.4,0.5,0.0,0.2,0.5,0.0,0.0,0.0
110,37,1,3.0,0.1,0.4,0.1,0.5,0.8,0.0,0.2,0.7,0.1,0.1,0.0
110,40,1,5.0,0.1,0.7,0.2,0.9,1.3,0.0,0.4,1.2,0.1,0.1,0.0
110,46,1,1.0,0.0,0.1,0.1,0.2,0.2,0.0,0.1,0.1,0.1,0.1,0.0
110,54,1,4.0,0.1,0.5,0.5,0.6,0.4,0.0,0.6,0.7,0.4,0.2,0.0
110,55,0,39.0,0.0,2.0,3.0,4.0,4.0,0.0,8.0,7.0,2.0,9.0,0.0
110,56,1,2.0,0.1,0.1,0.2,0.3,0.4,0.0,0.1,0.5,0.2,0.1,0.0
110,57,1,2.0,0.1,0.1,0.2,0.3,0.4,0.0,0.1,0.5,0.2,0.1,0.0
110,59,1,2.0,0.1,0.1,0.2,0.3,0.4,0.0,0.1,0.5,0.2,0.1,0.0
110,67,1,1.0,0.0,0.1,0.0,0.2,0.1,0.0,0.3,0.2,0.0,0.1,0.0
110,68,1,1.0,0.0,0.1,0.0,0.2,0.1,0.0,0.3,0.2,0.0,0.1,0.0
110,81,1,3.0,0.2,0.2,0.3,0.5,0.9,0.0,0.2,0.3,0.1,0.3,0.0
110,90,1,1.0,0.0,0.0,0.1,0.1,0.1,0.0,0.4,0.0,0.1,0.2,0.0
110,91,1,3.0,0.1,0.1,0.2,0.3,0.4,0.0,1.1,0.1,0.2,0.5,0.0
110,118,1,1.0,0.0,0.1,0.1,0.1,0.2,0.0,0.2,0.1,0.1,0.1,0.0
110,122,1,1.0,0.0,0.1,0.1,0.1,0.2,0.0,0.1,0.2,0.1,0.1,0.0
110,123,1,15.0,0.3,1.7,1.1,1.5,3.6,0.1,1.3,2.9,1.2,1.3,0.0
110,124,0,26.0,1.0,1.5,3.5,3.0,3.0,1.0,5.0,5.0,1.0,2.0,0.0
110,125,1,3.0,0.1,0.3,0.2,0.3,0.7,0.0,0.3,0.6,0.2,0.3,0.0
111,0,1,4.0,0.0,0.3,0.5,0.7,1.1,0.1,0.7,0.2,0.3,0.1,0.0
111,4,1,4.0,0.2,0.1,0.4,0.5,0.9,0.0,0.5,1.1,0.0,0.3,0.0
111,6,1,3.0,0.1,0.2,0.2,0.6,0.6,0.0,0.5,0.5,0.2,0.1,0.0
111,9,1,3.0,0.1,0.2,0.2,0.6,0.6,0.0,0.5,0.5,0.2,0.1,0.0
111,12,1,4.0,0.2,0.3,0.3,0.8,0.8,0.1,0.6,0.6,0.2,0.1,0.0
111,18,1,1.0,0.0,0.1,0.0,0.1,0.3,0.0,0.2,0.1,0.0,0.2,0.0
111,20,1,3.0,0.1,0.2,0.1,0.3,0.9,0.0,0.6,0.2,0.0,0.6,0.0
111,22,1,3.0,0.0,0.2,0.2,0.5,0.7,0.0,0.4,0.6,0.3,0.1,0.0
111,23,1,3.0,0.0,0.2,0.2,0.5,0.7,0.0,0.4,0.6,0.3,0.1,0.0
111,25,1,2.0,0.0,0.1,0.2,0.3,0.4,0.0,0.3,0.4,0.2,0.1,0.0
111,33,1,6.0,0.0,0.3,0.3,0.9,1.3,0.1,0.8,1.1,0.9,0.3,0.0
111,34,1,5.5,0.0,0.3,0.3,0.8,1.2,0.1,0.7,1.0,0.8,0.3,0.0
111,36,1,5.0,0.1,0.7,0.2,0.9,1.3,0.0,0.4,1.2,0.1,0.1,0.0
111,52,1,8.0,0.2,0.9,1.0,1.3,0.8,0.0,1.2,1.4,0.8,0.4,0.0
111,54,1,1.0,0.0,0.1,0.1,0.2,0.1,0.0,0.2,0.2,0.1,0.0,0.0
111,55,1,1.0,0.0,0.1,0.1,0.2,0.1,0.0,0.2,0.2,0.1,0.0,0.0
111,58,1,2.0,0.1,0.1,0.2,0.3,0.4,0.0,0.1,0.5,0.2,0.1,0.0
111,68,1,9.0,0.0,0.6,0.2,1.6,0.8,0.0,3.1,1.9,0.2,0.6,0.0
111,69,1,1.0,0.0,0.1,0.0,0.2,0.1,0.0,0.3,0.2,0.0,0.1,0.0
111,96,1,4.0,0.0,0.3,0.1,0.7,0.9,0.0,0.6,0.5,0.6,0.3,0.0
111,121,1,2.0,0.0,0.2,0.1,0.2,0.5,0.0,0.2,0.4,0.2,0.2,0.0
111,122,1,9.0,0.2,1.0,0.7,0.9,2.1,0.1,0.7,1.8,0.7,0.8,0.0
111,123,0,34.0,2.0,0.0,0.0,4.0,3.0,3.0,6.0,10.0,0.0,6.0,0.0
111,124,0,43.5,0.0,3.5,2.0,7.0,11.0,1.0,6.0,9.0,2.0,2.0,0.0
111,125,1,5.0,0.1,0.6,0.4,0.5,1.2,0.0,0.4,1.0,0.4,0.4,0.0
112,0,1,3.0,0.2,0.4,0.3,0.4,0.7,0.1,0.7,0.1,0.1,0.0,0.0
112,1,1,2.0,0.1,0.1,0.2,0.5,0.4,0.0,0.4,0.2,0.0,0.1,0.0
112,4,1,5.0,0.2,0.2,0.5,1.1,1.1,0.1,1.1,0.6,0.0,0.1,0.0
112,5,1,7.0,0.3,0.3,0.7,1.6,1.5,0.1,1.5,0.8,0.1,0.1,0.0
112,6,1,6.0,0.6,0.2,0.0,2.0,1.1,0.1,0.9,0.6,0.3,0.2,0.0
112,9,1,9.0,0.9,0.2,0.0,3.0,1.6,0.2,1.4,0.9,0.5,0.3,0.0
112,13,1,2.0,0.0,0.3,0.2,0.1,0.6,0.0,0.4,0.2,0.1,0.1,0.0
112,14,1,4.0,0.0,0.6,0.3,0.2,1.3,0.0,0.8,0.5,0.1,0.2,0.0
112,15,1,4.0,0.0,0.6,0.3,0.2,1.3,0.0,0.8,0.5,0.1,0.2,0.0
112,16,1,7.0,0.2,0.3,0.2,0.7,2.0,0.0,0.9,2.0,0.2,0.5,0.0
112,18,1,3.0,0.1,0.1,0.1,0.3,0.8,0.0,0.4,0.9,0.1,0.2,0.0
112,25,1,13.0,0.5,1.4,1.1,1.9,3.6,0.6,2.5,0.8,0.3,0.3,0.0
112,30,1,1.0,0.0,0.1,0.0,0.2,0.2,0.0,0.2,0.1,0.1,0.1,0.0
112,31,1,2.0,0.0,0.0,0.0,0.1,0.2,0.0,0.7,0.8,0.1,0.1,0.0
112,34,1,2.0,0.0,0.0,0.0,0.1,0.2,0.0,0.7,0.8,0.1,0.1,0.0
112,35,1,3.0,0.0,0.0,0.0,0.2,0.3,0.0,1.1,1.1,0.1,0.2,0.0
112,52,1,2.0,0.0,0.2,0.1,0.3,0.4,0.0,0.4,0.3,0.2,0.1,0.0
112,54,1,2.0,0.0,0.2,0.1,0.3,0.4,0.0,0.4,0.3,0.2,0.1,0.0
112,55,1,2.0,0.0,0.2,0.1,0.3,0.4,0.0,0.4,0.3,0.2,0.1,0.0
112,56,1,1.0,0.0,0.1,0.1,0.2,0.2,0.0,0.3,0.1,0.0,0.0,0.0
112,59,1,2.0,0.0,0.1,0.2,0.4,0.4,0.0,0.5,0.3,0.1,0.0,0.0
112,65,1,1.0,0.0,0.1,0.0,0.1,0.3,0.0,0.1,0.2,0.0,0.1,0.1
112,81,1,7.0,0.0,0.0,0.7,0.9,1.7,0.0,1.3,1.5,0.0,0.9,0.0
112,85,1,1.0,0.0,0.0,0.1,0.1,0.3,0.0,0.2,0.2,0.0,0.1,0.0
112,93,1,5.0,0.1,1.0,0.2,0.8,1.0,0.3,0.5,0.7,0.3,0.1,0.0
112,120,1,6.0,0.3,0.3,0.3,0.7,0.9,0.0,1.5,1.3,0.2,0.5,0.0
112,121,1,2.0,0.0,0.1,0.1,0.1,0.3,0.0,0.3,1.0,0.0,0.1,0.0
112,122,0,71.0,5.0,7.0,8.0,11.0,13.0,1.0,9.0,6.0,8.0,3.0,0.0
112,123,1,9.0,0.0,0.3,0.3,0.3,1.6,0.2,1.3,4.5,0.2,0.3,0.0
112,124,1,3.0,0.0,0.1,0.1,0.1,0.5,0.1,0.4,1.5,0.1,0.1,0.0
113,0,1,10.0,0.9,1.3,0.9,1.5,2.3,0.2,2.3,0.2,0.4,0.0,0.0
113,2,1,3.5,0.1,0.1,0.3,0.8,0.8,0.1,0.8,0.4,0.0,0.1,0.0
113,8,1,2.0,0.2,0.0,0.0,0.7,0.4,0.0,0.3,0.2,0.1,0.1,0.0
113,12,1,2.0,0.0,0.3,0.2,0.1,0.6,0.0,0.4,0.2,0.1,0.1,0.0
113,13,1,1.0,0.0,0.2,0.1,0.0,0.3,0.0,0.2,0.1,0.0,0.1,0.0
113,37,1,3.0,0.1,0.5,0.1,0.7,0.4,0.0,0.3,0.4,0.1,0.4,0.0
113,38,1,1.0,0.0,0.2,0.1,0.3,0.1,0.0,0.1,0.1,0.0,0.1,0.0
113,39,1,3.0,0.1,0.5,0.1,0.7,0.4,0.0,0.3,0.4,0.1,0.4,0.0
113,40,1,2.0,0.0,0.3,0.1,0.5,0.2,0.0,0.2,0.3,0.1,0.3,0.0
113,46,1,2.0,0.1,0.2,0.3,0.1,0.5,0.0,0.2,0.4,0.1,0.1,0.0
113,54,1,11.0,0.0,1.2,0.5,1.4,1.9,0.1,2.3,1.6,1.2,0.8,0.0
113,55,1,5.0,0.0,0.5,0.2,0.6,0.9,0.0,1.1,0.7,0.6,0.4,0.0
113,56,1,2.0,0.0,0.1,0.2,0.4,0.4,0.0,0.5,0.3,0.1,0.0,0.0
113,59,1,4.0,0.1,0.2,0.3,0.8,0.8,0.0,1.0,0.5,0.2,0.1,0.0
113,60,1,2.0,0.0,0.1,0.2,0.4,0.4,0.0,0.5,0.3,0.1,0.0,0.0
113,62,1,3.0,0.1,0.3,0.0,0.3,1.0,0.1,0.3,0.4,0.1,0.2,0.2
113,63,1,1.0,0.0,0.1,0.0,0.1,0.3,0.0,0.1,0.2,0.0,0.1,0.1
113,69,1,5.0,0.3,0.0,0.2,0.9,0.5,0.2,0.2,1.5,0.3,0.9,0.0
113,72,1,7.0,0.0,0.6,0.6,0.0,1.4,0.0,0.9,2.6,0.3,0.6,0.0
113,76,1,1.0,0.0,0.0,0.1,0.1,0.3,0.0,0.2,0.2,0.0,0.1,0.0
113,77,1,3.0,0.0,0.0,0.3,0.4,0.7,0.0,0.6,0.6,0.0,0.4,0.0
113,81,1,2.0,0.0,0.0,0.2,0.2,0.5,0.0,0.4,0.4,0.0,0.3,0.0
113,87,1,2.0,0.1,0.2,0.3,0.3,0.6,0.0,0.1,0.2,0.1,0.1,0.0
113,91,1,2.0,0.0,0.4,0.1,0.3,0.4,0.1,0.2,0.3,0.1,0.1,0.0
113,92,1,5.0,0.1,1.0,0.2,0.8,1.0,0.3,0.5,0.7,0.3,0.1,0.0
113,93,1,12.0,0.3,2.4,0.5,1.9,2.4,0.8,1.0,1.6,0.8,0.3,0.0
113,94,1,10.0,0.2,2.0,0.4,1.6,2.0,0.7,0.9,1.3,0.7,0.2,0.0
113,96,1,7.0,0.2,0.3,0.7,1.5,1.0,0.2,1.0,1.9,0.2,0.0,0.0
113,119,1,14.0,0.7,0.7,0.7,1.6,2.1,0.1,3.5,3.0,0.5,1.1,0.0
113,120,1,3.0,0.2,0.2,0.2,0.3,0.4,0.0,0.7,0.6,0.1,0.3,0.0
113,121,1,11.0,0.0,0.3,0.3,0.3,2.0,0.3,1.6,5.5,0.3,0.4,0.0
113,122,1,7.0,0.0,0.2,0.2,0.2,1.3,0.2,1.0,3.5,0.2,0.2,0.0
113,123,1,2.0,0.0,0.1,0.1,0.1,0.3,0.0,0.3,1.0,0.0,0.1,0.0
114,4,1,6.0,0.2,0.2,0.6,1.4,1.3,0.1,1.3,0.7,0.1,0.1,0.0
114,5,1,9.0,0.3,0.4,0.9,2.1,1.9,0.2,1.9,1.0,0.1,0.2,0.0
114,6,1,2.0,0.2,0.0,0.0,0.7,0.4,0.0,0.3,0.2,0.1,0.1,0.0
114,7,1,2.0,0.2,0.0,0.0,0.7,0.4,0.0,0.3,0.2,0.1,0.1,0.0
114,10,1,3.0,0.3,0.1,0.0,1.0,0.5,0.1,0.5,0.3,0.1,0.1,0.0
114,46,1,7.0,0.3,0.7,1.0,0.4,1.8,0.0,0.7,1.3,0.3,0.5,0.0
114,47,1,12.0,0.6,1.1,1.7,0.6,3.1,0.0,1.1,2.3,0.6,0.9,0.0
114,48,1,3.0,0.1,0.3,0.4,0.2,0.8,0.0,0.3,0.6,0.1,0.2,0.0
114,52,1,2.0,0.0,0.2,0.1,0.3,0.4,0.0,0.4,0.3,0.2,0.1,0.0
114,54,1,1.0,0.0,0.1,0.1,0.1,0.2,0.0,0.2,0.1,0.1,0.1,0.0
114,55,1,12.0,0.0,1.3,0.6,1.6,2.1,0.1,2.5,1.7,1.3,0.8,0.0
114,56,1,9.0,0.2,0.4,0.7,1.7,1.7,0.0,2.3,1.3,0.4,0.3,0.0
114,57,1,8.0,0.2,0.3,0.7,1.6,1.6,0.0,2.0,1.1,0.3,0.2,0.0
114,59,1,3.0,0.1,0.1,0.2,0.6,0.6,0.0,0.8,0.4,0.1,0.1,0.0
114,66,1,2.0,0.1,0.0,0.1,0.3,0.2,0.1,0.1,0.6,0.1,0.4,0.0
114,67,1,6.0,0.4,0.0,0.2,1.0,0.6,0.2,0.2,1.9,0.4,1.1,0.0
114,68,1,4.0,0.3,0.0,0.1,0.7,0.4,0.1,0.1,1.3,0.3,0.7,0.0
114,71,1,4.0,0.0,0.3,0.3,0.0,0.8,0.0,0.5,1.5,0.2,0.4,0.0
114,75,1,2.0,0.0,0.2,0.2,0.0,0.4,0.0,0.2,0.7,0.1,0.2,0.0
114,86,1,16.0,0.6,2.0,2.2,2.2,5.3,0.0,0.9,1.6,0.6,0.6,0.0
114,87,1,13.5,0.5,1.7,1.8,1.9,4.5,0.0,0.8,1.3,0.5,0.5,0.0
114,89,1,4.0,0.2,0.5,0.5,0.5,1.3,0.0,0.2,0.4,0.2,0.2,0.0
114,93,1,1.0,0.0,0.2,0.0,0.2,0.2,0.1,0.1,0.1,0.1,0.0,0.0
114,119,1,12.5,0.6,0.6,0.6,1.5,1.9,0.1,3.1,2.7,0.4,1.0,0.0
114,120,1,6.0,0.3,0.3,0.3,0.7,0.9,0.0,1.5,1.3,0.2,0.5,0.0
115,0,1,2.0,0.2,0.2,0.2,0.3,0.5,0.0,0.5,0.0,0.1,0.0,0.0
115,2,1,2.0,0.1,0.1,0.2,0.5,0.4,0.0,0.4,0.2,0.0,0.1,0.0
115,6,1,4.0,0.4,0.1,0.0,1.4,0.7,0.1,0.6,0.4,0.2,0.1,0.0
115,7,1,4.0,0.4,0.1,0.0,1.4,0.7,0.1,0.6,0.4,0.2,0.1,0.0
115,9,1,2.0,0.2,0.0,0.0,0.7,0.4,0.0,0.3,0.2,0.1,0.1,0.0
115,12,1,8.0,0.0,1.3,0.6,0.3,2.6,0.0,1.6,1.0,0.3,0.3,0.0
115,20,1,3.0,0.1,0.1,0.1,0.3,0.8,0.0,0.4,0.9,0.1,0.2,0.0
115,21,1,8.0,0.3,0.9,0.7,1.2,2.2,0.3,1.5,0.5,0.2,0.2,0.0
115,22,1,1.0,0.0,0.1,0.1,0.2,0.3,0.0,0.2,0.1,0.0,0.0,0.0
115,25,1,5.0,0.2,0.5,0.4,0.8,1.4,0.2,1.0,0.3,0.1,0.1,0.0
115,28,1,7.0,0.4,0.5,0.2,1.5,1.5,0.1,1.4,0.4,0.4,0.6,0.0
115,29,1,7.0,0.4,0.5,0.2,1.5,1.5,0.1,1.4,0.4,0.4,0.6,0.0
115,30,1,4.0,0.2,0.3,0.1,0.9,0.9,0.1,0.8,0.2,0.2,0.3,0.0
115,31,1,1.0,0.0,0.0,0.0,0.0,0.1,0.0,0.4,0.4,0.0,0.1,0.0
115,36,1,4.0,0.1,0.6,0.2,1.0,0.5,0.0,0.4,0.5,0.2,0.5,0.0
115,37,1,2.0,0.0,0.3,0.1,0.5,0.2,0.0,0.2,0.3,0.1,0.3,0.0
115,48,1,3.0,0.1,0.3,0.4,0.2,0.8,0.0,0.3,0.6,0.1,0.2,0.0
115,49,1,4.0,0.2,0.4,0.6,0.2,1.0,0.0,0.4,0.7,0.2,0.3,0.0
115,52,1,4.0,0.0,0.4,0.2,0.5,0.7,0.0,0.9,0.6,0.4,0.3,0.0
115,53,1,2.0,0.0,0.2,0.1,0.3,0.4,0.0,0.4,0.3,0.2,0.1,0.0
115,54,1,7.0,0.0,0.8,0.3,0.9,1.2,0.0,1.5,1.0,0.8,0.5,0.0
115,55,1,15.0,0.0,1.6,0.7,1.9,2.6,0.1,3.2,2.1,1.7,1.1,0.0
115,56,1,1.0,0.0,0.1,0.1,0.2,0.2,0.0,0.3,0.1,0.0,0.0,0.0
115,64,1,2.0,0.0,0.2,0.0,0.2,0.7,0.1,0.2,0.3,0.1,0.1,0.1
115,65,1,5.0,0.1,0.5,0.0,0.5,1.7,0.1,0.5,0.8,0.2,0.3,0.3
115,66,1,4.0,0.3,0.0,0.1,0.7,0.4,0.1,0.1,1.3,0.3,0.7,0.0
115,67,1,2.0,0.1,0.0,0.1,0.3,0.2,0.1,0.1,0.6,0.1,0.4,0.0
115,68,1,4.0,0.3,0.0,0.1,0.7,0.4,0.1,0.1,1.3,0.3,0.7,0.0
115,76,1,1.0,0.0,0.0,0.1,0.1,0.3,0.0,0.2,0.2,0.0,0.1,0.0
115,87,1,4.0,0.2,0.5,0.5,0.5,1.3,0.0,0.2,0.4,0.2,0.2,0.0
115,88,1,1.0,0.0,0.1,0.1,0.1,0.3,0.0,0.1,0.1,0.1,0.1,0.0
115,89,1,2.0,0.1,0.2,0.3,0.3,0.6,0.0,0.1,0.2,0.1,0.1,0.0
115,95,1,8.0,0.2,1.6,0.4,1.2,1.6,0.5,0.7,1.1,0.5,0.2,0.0
115,118,1,2.0,0.1,0.1,0.1,0.2,0.3,0.0,0.5,0.4,0.1,0.2,0.0
116,0,1,4.0,0.3,0.5,0.4,0.6,0.9,0.1,0.9,0.1,0.2,0.0,0.0
116,1,1,3.0,0.1,0.1,0.3,0.7,0.6,0.1,0.6,0.4,0.0,0.1,0.0
116,3,1,4.0,0.2,0.2,0.4,0.9,0.8,0.1,0.8,0.5,0.0,0.1,0.0
116,4,1,6.0,0.2,0.2,0.6,1.4,1.3,0.1,1.3,0.7,0.1,0.1,0.0
116,5,1,4.0,0.2,0.2,0.4,0.9,0.8,0.1,0.8,0.5,0.0,0.1,0.0
116,6,1,4.0,0.4,0.1,0.0,1.4,0.7,0.1,0.6,0.4,0.2,0.1,0.0
116,10,1,1.0,0.1,0.0,0.0,0.3,0.2,0.0,0.2,0.1,0.1,0.0,0.0
116,12,1,4.0,0.0,0.6,0.3,0.2,1.3,0.0,0.8,0.5,0.1,0.2,0.0
116,17,1,4.0,0.1,0.2,0.1,0.4,1.1,0.0,0.5,1.2,0.1,0.3,0.0
116,18,1,4.0,0.1,0.2,0.1,0.4,1.1,0.0,0.5,1.2,0.1,0.3,0.0
116,20,1,3.5,0.1,0.2,0.1,0.3,1.0,0.0,0.5,1.0,0.1,0.2,0.0
116,21,1,7.0,0.3,0.7,0.6,1.0,1.9,0.3,1.3,0.5,0.2,0.2,0.0
116,23,1,13.0,0.5,1.4,1.1,1.9,3.6,0.6,2.5,0.8,0.3,0.3,0.0
116,29,1,10.0,0.6,0.7,0.3,2.2,2.2,0.1,1.9,0.6,0.6,0.8,0.0
116,30,1,7.0,0.4,0.5,0.2,1.5,1.5,0.1,1.4,0.4,0.4,0.6,0.0
116,31,1,5.0,0.0,0.0,0.0,0.2,0.5,0.0,1.9,1.9,0.2,0.3,0.0
116,32,1,7.0,0.0,0.0,0.0,0.3,0.7,0.0,2.7,2.7,0.3,0.3,0.0
116,35,1,1.0,0.0,0.0,0.0,0.0,0.1,0.0,0.4,0.4,0.0,0.1,0.0
116,36,1,3.0,0.1,0.5,0.1,0.7,0.4,0.0,0.3,0.4,0.1,0.4,0.0
116,40,1,1.0,0.0,0.2,0.1,0.3,0.1,0.0,0.1,0.1,0.0,0.1,0.0
116,43,1,4.0,0.1,0.6,0.2,1.0,0.5,0.0,0.4,0.5,0.2,0.5,0.0
116,44,1,5.0,0.1,0.8,0.3,1.3,0.6,0.0,0.5,0.6,0.2,0.6,0.0
116,54,1,3.0,0.0,0.3,0.2,0.4,0.5,0.0,0.7,0.4,0.3,0.2,0.0
116,55,1,17.0,0.0,1.8,0.8,2.2,3.0,0.1,3.6,2.4,1.9,1.2,0.0
116,57,1,4.0,0.1,0.2,0.3,0.8,0.8,0.0,1.0,0.5,0.2,0.1,0.0
116,62,1,4.0,0.1,0.4,0.0,0.4,1.4,0.1,0.4,0.6,0.1,0.2,0.3
116,64,1,11.0,0.3,1.0,0.0,1.0,3.8,0.4,1.0,1.7,0.4,0.7,0.7
116,68,1,2.0,0.1,0.0,0.1,0.3,0.2,0.1,0.1,0.6,0.1,0.4,0.0
116,77,1,2.0,0.0,0.0,0.2,0.2,0.5,0.0,0.4,0.4,0.0,0.3,0.0
116,78,1,2.0,0.0,0.0,0.2,0.2,0.5,0.0,0.4,0.4,0.0,0.3,0.0
116,88,1,8.0,0.3,1.0,1.1,1.1,2.6,0.0,0.5,0.8,0.3,0.3,0.0
116,89,1,1.0,0.0,0.1,0.1,0.1,0.3,0.0,0.1,0.1,0.1,0.1,0.0
116,91,1,2.0,0.0,0.4,0.1,0.3,0.4,0.1,0.2,0.3,0.1,0.1,0.0
116,118,1,1.0,0.1,0.1,0.1,0.1,0.1,0.0,0.2,0.2,0.0,0.1,0.0
117,4,1,10.0,0.0,0.4,2.1,0.5,2.1,0.0,2.5,1.9,0.3,0.2,0.0
117,7,1,2.0,0.2,0.1,0.1,0.4,0.4,0.1,0.2,0.4,0.0,0.1,0.0
117,9,1,2.0,0.2,0.1,0.1,0.4,0.4,0.1,0.2,0.4,0.0,0.1,0.0
117,10,1,1.0,0.1,0.0,0.1,0.2,0.2,0.0,0.1,0.2,0.0,0.1,0.0
117,12,1,13.0,0.3,3.3,0.1,2.8,3.0,0.4,1.2,1.2,0.4,0.3,0.0
117,13,1,4.0,0.1,1.0,0.0,0.9,0.9,0.1,0.4,0.4,0.1,0.1,0.0
117,22,1,7.0,0.3,0.4,0.1,1.5,1.3,0.3,0.5,1.9,0.4,0.3,0.0
117,23,1,11.0,0.4,0.7,0.2,2.3,2.1,0.4,0.9,3.0,0.6,0.4,0.0
117,24,1,8.0,0.3,0.5,0.1,1.7,1.5,0.3,0.6,2.2,0.5,0.3,0.0
117,25,1,7.0,0.3,0.4,0.1,1.5,1.3,0.3,0.5,1.9,0.4,0.3,0.0
117,27,1,5.0,0.2,0.8,0.3,0.4,1.4,0.1,0.7,0.5,0.4,0.2,0.0
117,28,1,2.0,0.1,0.3,0.1,0.2,0.6,0.0,0.3,0.2,0.1,0.1,0.0
117,30,1,1.0,0.0,0.2,0.1,0.1,0.3,0.0,0.1,0.1,0.1,0.0,0.0
117,31,1,12.0,0.6,0.6,0.0,2.0,2.2,0.2,2.2,3.2,0.8,0.2,0.0
117,32,1,5.0,0.3,0.3,0.0,0.8,0.9,0.1,0.9,1.3,0.3,0.1,0.0
117,33,1,15.0,0.7,0.7,0.0,2.5,2.8,0.2,2.8,4.0,1.0,0.3,0.0
117,34,1,6.0,0.3,0.3,0.0,1.0,1.1,0.1,1.1,1.6,0.4,0.1,0.0
117,36,1,20.0,0.7,0.3,1.3,4.6,2.6,0.5,3.9,2.6,1.5,2.0,0.0
117,37,1,5.0,0.2,0.1,0.3,1.1,0.6,0.1,1.0,0.7,0.4,0.5,0.0
117,38,1,2.0,0.1,0.0,0.1,0.5,0.3,0.0,0.4,0.3,0.1,0.2,0.0
117,40,1,4.0,0.1,0.1,0.3,0.9,0.5,0.1,0.8,0.5,0.3,0.4,0.0
117,43,1,6.0,0.1,1.0,0.3,1.5,0.7,0.0,0.6,0.8,0.2,0.8,0.0
117,44,1,2.0,0.0,0.3,0.1,0.5,0.2,0.0,0.2,0.3,0.1,0.3,0.0
117,45,1,4.0,0.1,0.6,0.2,1.0,0.5,0.0,0.4,0.5,0.2,0.5,0.0
117,47,1,1.0,0.1,0.1,0.0,0.2,0.1,0.0,0.1,0.3,0.1,0.0,0.0
117,50,1,10.0,1.4,0.7,0.0,2.4,0.7,0.0,1.4,2.7,0.7,0.0,0.0
117,53,1,2.0,0.1,0.2,0.3,0.1,0.5,0.0,0.2,0.4,0.1,0.1,0.0
117,56,1,2.0,0.0,0.2,0.0,0.2,0.7,0.1,0.2,0.3,0.1,0.1,0.1
117,57,1,1.0,0.0,0.1,0.0,0.1,0.3,0.0,0.1,0.2,0.0,0.1,0.1
117,62,1,14.0,0.3,2.0,1.0,1.5,5.8,0.3,1.2,0.0,1.6,0.3,0.0
117,63,1,13.0,0.3,1.9,0.9,1.3,5.4,0.3,1.1,0.0,1.5,0.3,0.0
117,68,1,1.0,0.0,0.1,0.1,0.0,0.2,0.0,0.1,0.4,0.0,0.1,0.0
117,70,1,2.0,0.0,0.2,0.2,0.0,0.4,0.0,0.2,0.7,0.1,0.2,0.0
117,74,1,2.0,0.0,0.2,0.2,0.0,0.4,0.0,0.2,0.7,0.1,0.2,0.0
117,75,1,4.0,0.0,0.3,0.3,0.0,0.8,0.0,0.5,1.5,0.2,0.4,0.0
117,78,1,2.0,0.0,0.0,0.2,0.2,0.5,0.0,0.4,0.4,0.0,0.3,0.0
117,79,1,6.0,0.0,0.0,0.6,0.7,1.5,0.0,1.1,1.3,0.0,0.8,0.0
117,81,1,3.0,0.0,0.0,0.3,0.4,0.7,0.0,0.6,0.6,0.0,0.4,0.0
117,89,1,4.0,0.3,0.4,0.0,0.4,1.4,0.0,0.4,0.6,0.5,0.0,0.0
117,91,1,6.0,0.4,0.6,0.0,0.5,2.0,0.1,0.6,1.0,0.8,0.0,0.0
117,92,1,1.0,0.1,0.1,0.0,0.1,0.3,0.0,0.1,0.2,0.1,0.0,0.0
117,94,1,7.5,0.5,0.8,0.0,0.7,2.5,0.1,0.7,1.2,1.0,0.0,0.0
117,117,1,5.0,0.2,0.3,0.3,0.6,0.7,0.0,1.2,1.1,0.2,0.4,0.0
117,118,1,4.0,0.2,0.2,0.2,0.5,0.6,0.0,1.0,0.9,0.1,0.3,0.0
118,2,1,4.0,0.0,0.1,0.8,0.2,0.9,0.0,1.0,0.8,0.1,0.1,0.0
118,4,1,8.0,0.0,0.3,1.7,0.4,1.7,0.0,2.0,1.5,0.3,0.1,0.0
118,5,1,2.0,0.0,0.1,0.4,0.1,0.4,0.0,0.5,0.4,0.1,0.0,0.0
118,6,1,1.5,0.1,0.0,0.1,0.3,0.3,0.1,0.2,0.3,0.0,0.1,0.0
118,11,1,3.0,0.1,0.7,0.0,0.6,0.7,0.1,0.3,0.3,0.1,0.1,0.0
118,12,1,10.0,0.2,2.5,0.1,2.2,2.3,0.3,0.9,0.9,0.4,0.2,0.0
118,20,1,4.0,0.1,0.2,0.1,0.4,1.1,0.0,0.5,1.2,0.1,0.3,0.0
118,21,1,1.0,0.0,0.1,0.0,0.2,0.2,0.0,0.1,0.3,0.1,0.0,0.0
118,22,1,3.0,0.1,0.2,0.1,0.6,0.6,0.1,0.2,0.8,0.2,0.1,0.0
118,23,1,10.0,0.4,0.6,0.2,2.1,1.9,0.4,0.7,2.7,0.6,0.4,0.0
118,24,1,4.0,0.1,0.2,0.1,0.8,0.8,0.2,0.3,1.1,0.2,0.2,0.0
118,25,1,1.0,0.0,0.1,0.0,0.2,0.2,0.0,0.1,0.3,0.1,0.0,0.0
118,27,1,3.0,0.1,0.5,0.2,0.3,0.9,0.0,0.4,0.3,0.2,0.1,0.0
118,28,1,12.0,0.4,1.9,0.7,1.1,3.4,0.2,1.7,1.3,0.9,0.4,0.0
118,29,1,14.0,0.5,2.2,0.8,1.3,4.0,0.2,2.0,1.5,1.0,0.5,0.0
118,30,1,18.0,0.6,2.9,1.0,1.6,5.2,0.3,2.6,1.9,1.3,0.6,0.0
118,33,1,8.0,0.4,0.4,0.0,1.3,1.5,0.1,1.5,2.1,0.5,0.2,0.0
118,34,1,2.0,0.1,0.1,0.0,0.3,0.4,0.0,0.4,0.5,0.1,0.1,0.0
118,35,1,1.0,0.0,0.0,0.0,0.2,0.2,0.0,0.2,0.3,0.1,0.0,0.0
118,36,1,3.0,0.1,0.0,0.2,0.7,0.4,0.1,0.6,0.4,0.2,0.3,0.0
118,37,1,10.0,0.3,0.2,0.7,2.3,1.3,0.2,2.0,1.3,0.7,1.0,0.0
118,38,1,5.0,0.2,0.1,0.3,1.1,0.6,0.1,1.0,0.7,0.4,0.5,0.0
118,39,1,2.0,0.1,0.0,0.1,0.5,0.3,0.0,0.4,0.3,0.1,0.2,0.0
118,47,1,6.0,0.8,0.4,0.0,1.5,0.4,0.0,0.8,1.7,0.4,0.0,0.0
118,62,1,5.0,0.1,0.7,0.4,0.5,2.1,0.1,0.4,0.0,0.6,0.1,0.0
118,63,1,9.0,0.2,1.3,0.7,0.9,3.7,0.2,0.8,0.0,1.0,0.2,0.0
118,73,1,1.0,0.0,0.1,0.1,0.0,0.2,0.0,0.1,0.4,0.0,0.1,0.0
118,74,1,1.0,0.0,0.1,0.1,0.0,0.2,0.0,0.1,0.4,0.0,0.1,0.0
118,91,1,3.5,0.2,0.4,0.0,0.3,1.2,0.0,0.3,0.6,0.5,0.0,0.0
118,94,1,8.0,0.6,0.8,0.0,0.7,2.7,0.1,0.7,1.3,1.1,0.0,0.0
118,95,1,2.0,0.1,0.2,0.0,0.2,0.7,0.0,0.2,0.3,0.3,0.0,0.0
118,108,1,2.0,0.1,0.2,0.1,0.3,0.3,0.1,0.2,0.4,0.1,0.2,0.0
118,110,1,2.0,0.1,0.2,0.1,0.3,0.3,0.1,0.2,0.4,0.1,0.2,0.0
119,3,1,12.0,0.0,0.4,2.5,0.7,2.5,0.0,3.0,2.3,0.4,0.2,0.0
119,4,0,23.0,0.0,0.0,1.0,5.0,4.0,1.0,3.0,5.0,2.0,2.0,0.0
119,5,1,17.0,0.0,0.6,3.6,0.9,3.6,0.0,4.1,3.3,0.6,0.3,0.0
119,7,1,10.0,0.9,0.3,0.6,1.9,1.9,0.4,1.3,2.1,0.0,0.6,0.0
119,8,1,12.0,1.0,0.4,0.7,2.3,2.3,0.5,1.5,2.5,0.0,0.8,0.0
119,10,1,2.0,0.2,0.1,0.1,0.4,0.4,0.1,0.2,0.4,0.0,0.1,0.0
119,20,1,3.0,0.1,0.1,0.1,0.3,0.8,0.0,0.4,0.9,0.1,0.2,0.0
119,30,1,1.0,0.0,0.2,0.1,0.1,0.3,0.0,0.1,0.1,0.1,0.0,0.0
119,31,1,2.0,0.1,0.1,0.0,0.3,0.4,0.0,0.4,0.5,0.1,0.1,0.0
119,34,1,8.0,0.4,0.4,0.0,1.3,1.5,0.1,1.5,2.1,0.5,0.2,0.0
119,35,1,1.0,0.0,0.0,0.0,0.2,0.2,0.0,0.2,0.3,0.1,0.0,0.0
119,37,1,4.0,0.1,0.1,0.3,0.9,0.5,0.1,0.8,0.5,0.3,0.4,0.0
119,38,1,2.0,0.1,0.0,0.1,0.5,0.3,0.0,0.4,0.3,0.1,0.2,0.0
119,46,1,4.0,0.5,0.3,0.0,1.0,0.3,0.0,0.5,1.1,0.3,0.0,0.0
119,54,1,4.0,0.2,0.4,0.6,0.2,1.0,0.0,0.4,0.7,0.2,0.3,0.0
119,62,1,6.0,0.1,0.9,0.5,0.6,2.5,0.1,0.5,0.0,0.7,0.1,0.0
119,87,1,6.0,0.4,0.6,0.0,0.5,2.0,0.1,0.6,1.0,0.8,0.0,0.0
119,91,1,3.0,0.2,0.3,0.0,0.3,1.0,0.0,0.3,0.5,0.4,0.0,0.0
119,93,1,3.0,0.2,0.3,0.0,0.3,1.0,0.0,0.3,0.5,0.4,0.0,0.0
119,108,1,16.0,0.8,1.8,0.8,2.2,2.2,0.6,1.6,3.0,1.2,1.8,0.0
119,109,1,12.0,0.6,1.3,0.6,1.7,1.7,0.4,1.2,2.3,0.9,1.3,0.0
119,125,1,7.0,0.3,0.4,0.4,0.8,1.0,0.1,1.7,1.5,0.2,0.6,0.0
120,0,1,1.0,0.0,0.1,0.1,0.1,0.2,0.0,0.2,0.2,0.0,0.1,0.0
120,4,1,4.0,0.0,0.1,0.8,0.2,0.9,0.0,1.0,0.8,0.1,0.1,0.0
120,7,1,3.0,0.2,0.1,0.2,0.6,0.6,0.1,0.4,0.6,0.0,0.2,0.0
120,9,1,1.0,0.1,0.0,0.1,0.2,0.2,0.0,0.1,0.2,0.0,0.1,0.0
120,10,1,12.0,1.0,0.4,0.7,2.3,2.3,0.5,1.5,2.5,0.0,0.8,0.0
120,11,1,18.0,0.4,4.5,0.2,3.9,4.1,0.6,1.6,1.7,0.6,0.4,0.0
120,13,1,10.0,0.2,2.5,0.1,2.2,2.3,0.3,0.9,0.9,0.4,0.2,0.0
120,14,1,4.0,0.1,1.0,0.0,0.9,0.9,0.1,0.4,0.4,0.1,0.1,0.0
120,50,1,8.0,1.1,0.6,0.0,1.9,0.6,0.0,1.1,2.2,0.5,0.0,0.0
120,61,1,1.0,0.0,0.2,0.1,0.1,0.4,0.0,0.1,0.0,0.1,0.0,0.0
120,106,1,20.0,1.0,2.2,1.0,2.7,2.8,0.7,2.0,3.8,1.5,2.3,0.0
120,107,1,4.0,0.2,0.4,0.2,0.5,0.5,0.2,0.4,0.8,0.3,0.5,0.0
120,110,1,4.0,0.2,0.4,0.2,0.5,0.5,0.2,0.4,0.8,0.3,0.5,0.0
120,111,1,2.0,0.1,0.2,0.1,0.3,0.3,0.1,0.2,0.4,0.1,0.2,0.0
121,0,1,4.0,0.1,0.3,0.5,0.3,0.9,0.0,0.7,0.8,0.1,0.3,0.0
121,7,1,1.0,0.1,0.0,0.1,0.2,0.2,0.0,0.1,0.2,0.0,0.1,0.0
121,11,1,1.0,0.0,0.3,0.0,0.2,0.2,0.0,0.1,0.1,0.1,0.0,0.0
121,12,1,4.0,0.1,1.0,0.0,0.9,0.9,0.1,0.4,0.4,0.1,0.1,0.0
121,13,1,19.0,0.4,4.8,0.2,4.1,4.3,0.7,1.7,1.7,0.7,0.4,0.0
121,14,1,2.0,0.0,0.5,0.0,0.4,0.5,0.1,0.2,0.2,0.1,0.0,0.0
121,37,1,2.0,0.1,0.0,0.1,0.5,0.3,0.0,0.4,0.3,0.1,0.2,0.0
121,38,1,2.0,0.1,0.0,0.1,0.5,0.3,0.0,0.4,0.3,0.1,0.2,0.0
121,51,1,5.0,0.2,0.5,0.7,0.2,1.3,0.0,0.5,1.0,0.2,0.4,0.0
121,58,1,2.0,0.0,0.2,0.0,0.2,0.7,0.1,0.2,0.3,0.1,0.1,0.1
121,83,1,2.0,0.0,0.0,0.2,0.2,0.5,0.0,0.4,0.4,0.0,0.3,0.0
121,102,1,7.0,0.2,0.3,0.7,1.5,1.0,0.2,1.0,1.9,0.2,0.0,0.0
121,103,1,3.0,0.1,0.1,0.3,0.6,0.4,0.1,0.4,0.9,0.1,0.0,0.0
121,104,1,4.0,0.1,0.2,0.4,0.8,0.6,0.1,0.6,1.1,0.1,0.0,0.0
121,106,1,11.0,0.6,1.2,0.6,1.5,1.5,0.4,1.1,2.1,0.8,1.2,0.0
121,108,1,5.0,0.2,0.6,0.2,0.7,0.7,0.2,0.5,0.9,0.4,0.6,0.0
121,113,1,2.0,0.1,0.2,0.1,0.3,0.3,0.1,0.2,0.4,0.1,0.2,0.0
122,3,1,10.0,0.2,0.5,0.7,1.5,1.5,0.0,2.7,2.1,0.2,0.6,0.0
122,4,1,6.0,0.1,0.3,0.4,0.9,0.9,0.0,1.6,1.3,0.1,0.4,0.0
122,12,1,3.0,0.2,0.3,0.2,0.4,0.6,0.0,0.8,0.2,0.1,0.2,0.0
122,14,1,9.0,0.6,0.9,0.6,1.3,1.7,0.0,2.5,0.7,0.1,0.6,0.0
122,36,1,1.0,0.0,0.1,0.0,0.2,0.2,0.0,0.3,0.1,0.1,0.0,0.0
122,37,1,7.0,0.0,0.4,0.3,1.1,1.6,0.2,1.7,0.5,1.0,0.2,0.0
122,50,1,9.0,0.0,0.3,0.7,1.4,1.6,0.2,1.6,2.3,0.2,0.7,0.0
122,56,1,2.0,0.1,0.2,0.3,0.2,0.4,0.0,0.4,0.2,0.1,0.1,0.0
122,60,1,8.0,0.3,0.9,1.2,0.9,1.4,0.1,1.6,0.9,0.3,0.4,0.0
122,61,1,1.0,0.0,0.1,0.2,0.1,0.2,0.0,0.2,0.1,0.0,0.1,0.0
122,62,1,1.0,0.0,0.1,0.2,0.1,0.2,0.0,0.2,0.1,0.0,0.1,0.0
122,71,1,4.0,0.3,0.1,0.4,0.4,0.6,0.1,0.5,1.1,0.1,0.4,0.0
122,83,1,2.0,0.1,0.3,0.0,0.3,0.5,0.1,0.3,0.3,0.1,0.0,0.0
122,103,1,7.0,0.2,0.6,0.1,1.1,0.8,0.2,1.5,1.2,0.5,0.8,0.0
122,104,1,15.0,0.5,1.3,0.2,2.4,1.7,0.3,3.3,2.6,1.0,1.7,0.0
122,105,1,15.0,0.5,1.3,0.2,2.4,1.7,0.3,3.3,2.6,1.0,1.7,0.0
122,107,1,1.0,0.0,0.0,0.0,0.1,0.1,0.0,0.3,0.2,0.0,0.3,0.0
122,114,1,1.0,0.0,0.0,0.1,0.2,0.2,0.0,0.2,0.3,0.0,0.0,0.0
122,115,1,1.0,0.0,0.0,0.1,0.2,0.2,0.0,0.2,0.3,0.0,0.0,0.0
122,124,1,3.0,0.3,0.2,0.1,0.6,0.9,0.0,0.3,0.3,0.0,0.3,0.0
123,0,1,2.0,0.0,0.2,0.1,0.2,0.4,0.1,0.4,0.3,0.2,0.1,0.0
123,3,1,8.0,0.2,0.4,0.6,1.1,1.1,0.0,2.2,1.7,0.2,0.5,0.0
123,7,1,4.0,0.1,0.5,0.0,0.9,0.8,0.0,0.9,0.7,0.0,0.1,0.0
123,8,1,3.0,0.1,0.3,0.0,0.7,0.6,0.0,0.7,0.5,0.0,0.1,0.0
123,9,1,2.0,0.1,0.2,0.0,0.4,0.4,0.0,0.5,0.3,0.0,0.1,0.0
123,12,1,1.0,0.0,0.1,0.1,0.1,0.2,0.0,0.3,0.1,0.0,0.1,0.0
123,14,1,4.0,0.2,0.4,0.2,0.6,0.8,0.0,1.1,0.3,0.1,0.3,0.0
123,15,1,5.0,0.3,0.5,0.3,0.7,1.0,0.0,1.4,0.4,0.1,0.3,0.0
123,33,1,2.0,0.1,0.1,0.2,0.3,0.3,0.0,0.4,0.4,0.0,0.2,0.0
123,36,1,11.0,0.0,0.6,0.5,1.7,2.5,0.2,2.8,0.8,1.6,0.3,0.0
123,39,1,4.0,0.0,0.2,0.2,0.6,0.9,0.1,1.0,0.3,0.6,0.1,0.0
123,40,1,1.0,0.0,0.1,0.0,0.2,0.2,0.0,0.3,0.1,0.1,0.0,0.0
123,44,1,5.0,0.3,0.6,0.3,0.3,0.9,0.0,0.6,1.4,0.1,0.5,0.0
123,45,1,9.0,0.5,1.1,0.5,0.6,1.6,0.0,1.1,2.5,0.3,0.8,0.0
123,46,1,3.0,0.0,0.1,0.2,0.5,0.5,0.1,0.5,0.8,0.1,0.2,0.0
123,49,1,1.0,0.0,0.0,0.1,0.1,0.2,0.0,0.2,0.3,0.0,0.1,0.0
123,60,1,8.5,0.4,0.9,1.3,0.9,1.5,0.1,1.7,0.9,0.4,0.4,0.0
123,61,1,6.0,0.3,0.6,0.9,0.6,1.0,0.1,1.2,0.7,0.3,0.3,0.0
123,84,1,3.0,0.1,0.4,0.0,0.5,0.6,0.1,0.5,0.5,0.2,0.1,0.0
123,85,1,3.0,0.1,0.4,0.0,0.5,0.6,0.1,0.5,0.5,0.2,0.1,0.0
123,90,1,1.0,0.0,0.1,0.0,0.2,0.2,0.0,0.2,0.2,0.1,0.0,0.0
123,100,1,3.0,0.1,0.3,0.0,0.5,0.3,0.1,0.7,0.5,0.2,0.3,0.0
123,101,1,2.0,0.1,0.2,0.0,0.3,0.2,0.1,0.4,0.4,0.1,0.2,0.0
123,102,1,6.0,0.2,0.5,0.1,1.0,0.7,0.1,1.3,1.0,0.4,0.7,0.0
123,103,1,1.0,0.0,0.1,0.0,0.2,0.1,0.0,0.2,0.2,0.1,0.1,0.0
123,104,1,1.0,0.0,0.1,0.0,0.2,0.1,0.0,0.2,0.2,0.1,0.1,0.0
123,105,1,9.0,0.3,0.8,0.1,1.4,1.0,0.2,2.0,1.6,0.6,1.0,0.0
123,106,1,2.0,0.0,0.0,0.0,0.2,0.1,0.0,0.6,0.4,0.0,0.7,0.0
123,107,1,3.0,0.0,0.0,0.0,0.3,0.2,0.0,0.9,0.6,0.0,1.0,0.0
123,115,1,2.0,0.0,0.1,0.2,0.4,0.3,0.1,0.3,0.5,0.1,0.0,0.0
123,124,1,2.0,0.2,0.1,0.1,0.4,0.6,0.0,0.2,0.2,0.0,0.2,0.0
123,125,1,12.0,1.1,0.8,0.4,2.3,3.9,0.0,1.1,1.2,0.0,1.2,0.0
124,0,1,4.0,0.1,0.3,0.2,0.4,0.8,0.1,0.8,0.7,0.4,0.2,0.0
124,2,1,2.0,0.0,0.1,0.2,0.3,0.3,0.0,0.5,0.4,0.1,0.1,0.0
124,3,1,2.0,0.0,0.1,0.2,0.3,0.3,0.0,0.5,0.4,0.1,0.1,0.0
124,9,1,2.0,0.1,0.2,0.0,0.4,0.4,0.0,0.5,0.3,0.0,0.1,0.0
124,10,1,15.5,0.5,1.8,0.0,3.6,3.0,0.0,3.6,2.5,0.0,0.5,0.0
124,11,1,2.0,0.1,0.2,0.1,0.3,0.4,0.0,0.6,0.2,0.0,0.1,0.0
124,14,1,2.0,0.1,0.2,0.1,0.3,0.4,0.0,0.6,0.2,0.0,0.1,0.0
124,15,1,4.0,0.2,0.4,0.2,0.6,0.8,0.0,1.1,0.3,0.1,0.3,0.0
124,22,1,1.0,0.0,0.0,0.1,0.2,0.2,0.0,0.2,0.2,0.0,0.1,0.0
124,28,1,4.0,0.2,0.1,0.4,0.6,0.6,0.1,0.8,0.7,0.1,0.4,0.0
124,29,1,2.0,0.1,0.1,0.2,0.3,0.3,0.0,0.4,0.4,0.0,0.2,0.0
124,36,1,3.0,0.0,0.2,0.1,0.5,0.7,0.1,0.7,0.2,0.4,0.1,0.0
124,47,1,3.0,0.0,0.1,0.2,0.5,0.5,0.1,0.5,0.8,0.1,0.2,0.0
124,50,1,3.0,0.0,0.1,0.2,0.5,0.5,0.1,0.5,0.8,0.1,0.2,0.0
124,51,1,2.0,0.0,0.0,0.3,0.2,0.7,0.0,0.4,0.2,0.0,0.2,0.0
124,54,1,2.0,0.0,0.0,0.3,0.2,0.7,0.0,0.4,0.2,0.0,0.2,0.0
124,70,1,4.0,0.3,0.1,0.4,0.4,0.6,0.1,0.5,1.1,0.1,0.4,0.0
124,73,1,2.0,0.1,0.1,0.2,0.2,0.3,0.0,0.2,0.6,0.1,0.2,0.0
124,77,1,1.0,0.0,0.1,0.0,0.2,0.2,0.0,0.2,0.2,0.1,0.0,0.0
124,78,1,4.0,0.2,0.5,0.0,0.6,0.9,0.2,0.6,0.6,0.3,0.1,0.0
124,84,1,4.0,0.2,0.5,0.0,0.6,0.9,0.2,0.6,0.6,0.3,0.1,0.0
124,93,1,4.0,0.2,0.5,0.0,0.6,0.9,0.2,0.6,0.6,0.3,0.1,0.0
124,99,1,7.0,0.2,0.6,0.1,1.1,0.8,0.2,1.5,1.2,0.5,0.8,0.0
124,100,1,2.0,0.1,0.2,0.0,0.3,0.2,0.1,0.4,0.4,0.1,0.2,0.0
124,104,1,3.0,0.1,0.3,0.0,0.5,0.3,0.1,0.7,0.5,0.2,0.3,0.0
124,105,1,7.0,0.2,0.6,0.1,1.1,0.8,0.2,1.5,1.2,0.5,0.8,0.0
124,106,1,7.0,0.0,0.0,0.0,0.7,0.4,0.0,2.2,1.5,0.0,2.2,0.0
124,107,1,2.0,0.0,0.0,0.0,0.2,0.1,0.0,0.6,0.4,0.0,0.7,0.0
124,125,1,1.0,0.1,0.1,0.0,0.2,0.3,0.0,0.1,0.1,0.0,0.1,0.0
125,1,1,7.0,0.1,0.4,0.5,1.0,1.0,0.0,1.9,1.5,0.2,0.4,0.0
125,3,1,3.0,0.1,0.2,0.2,0.4,0.4,0.0,0.8,0.6,0.1,0.2,0.0
125,7,1,2.0,0.1,0.2,0.0,0.4,0.4,0.0,0.5,0.3,0.0,0.1,0.0
125,11,1,2.0,0.1,0.2,0.1,0.3,0.4,0.0,0.6,0.2,0.0,0.1,0.0
125,12,1,11.0,0.7,1.1,0.7,1.6,2.1,0.0,3.0,0.9,0.2,0.7,0.0
125,13,1,2.0,0.1,0.2,0.1,0.3,0.4,0.0,0.6,0.2,0.0,0.1,0.0
125,15,1,5.0,0.3,0.5,0.3,0.7,1.0,0.0,1.4,0.4,0.1,0.3,0.0
125,17,1,4.0,0.2,0.1,0.4,0.6,0.6,0.1,0.8,0.7,0.1,0.4,0.0
125,22,1,4.0,0.2,0.1,0.4,0.6,0.6,0.1,0.8,0.7,0.1,0.4,0.0
125,23,1,1.0,0.0,0.0,0.1,0.2,0.2,0.0,0.2,0.2,0.0,0.1,0.0
125,28,1,2.0,0.1,0.1,0.2,0.3,0.3,0.0,0.4,0.4,0.0,0.2,0.0
125,41,1,2.0,0.1,0.2,0.1,0.1,0.4,0.0,0.2,0.6,0.1,0.2,0.0
125,42,1,1.0,0.0,0.1,0.1,0.1,0.2,0.0,0.1,0.3,0.0,0.1,0.0
125,43,1,12.0,0.7,1.4,0.7,0.7,2.2,0.0,1.5,3.3,0.4,1.1,0.0
125,49,1,13.0,0.0,0.4,1.0,2.0,2.3,0.3,2.3,3.3,0.4,1.0,0.0
125,50,1,4.0,0.0,0.1,0.3,0.6,0.7,0.1,0.7,1.1,0.1,0.3,0.0
125,71,1,1.0,0.1,0.0,0.1,0.1,0.2,0.0,0.1,0.3,0.0,0.1,0.0
125,72,1,1.0,0.1,0.0,0.1,0.1,0.2,0.0,0.1,0.3,0.0,0.1,0.0
125,79,1,4.0,0.2,0.5,0.0,0.6,0.9,0.2,0.6,0.6,0.3,0.1,0.0
125,82,1,2.0,0.1,0.3,0.0,0.3,0.5,0.1,0.3,0.3,0.1,0.0,0.0
125,94,1,1.0,0.0,0.1,0.0,0.2,0.2,0.0,0.2,0.2,0.1,0.0,0.0
125,98,1,2.0,0.1,0.2,0.0,0.3,0.2,0.1,0.4,0.4,0.1,0.2,0.0
125,99,1,2.0,0.1,0.2,0.0,0.3,0.2,0.1,0.4,0.4,0.1,0.2,0.0
125,110,1,2.0,0.0,0.0,0.0,0.2,0.1,0.0,0.6,0.4,0.0,0.7,0.0
125,123,1,4.0,0.4,0.2,0.1,0.8,1.3,0.0,0.4,0.4,0.0,0.4,0.0
125,124,1,6.0,0.6,0.4,0.2,1.1,1.9,0.0,0.6,0.6,0.0,0.6,0.0
125,125,0,31.0,1.0,0.0,1.0,9.0,8.0,1.0,1.0,5.0,4.0,1.0,0.0
125,126,1,2.0,0.0,0.1,0.1,0.2,0.5,0.1,0.1,0.7,0.1,0.1,0.0
126,1,1,5.0,0.1,0.3,0.4,0.7,0.7,0.0,1.4,1.0,0.1,0.3,0.0
126,2,1,3.0,0.1,0.2,0.2,0.4,0.4,0.0,0.8,0.6,0.1,0.2,0.0
126,5,1,2.0,0.0,0.1,0.2,0.3,0.3,0.0,0.5,0.4,0.1,0.1,0.0
126,7,1,2.0,0.1,0.2,0.0,0.4,0.4,0.0,0.5,0.3,0.0,0.1,0.0
126,12,1,10.0,0.6,1.0,0.6,1.5,1.9,0.0,2.7,0.8,0.2,0.7,0.0
126,14,1,2.0,0.1,0.2,0.1,0.3,0.4,0.0,0.6,0.2,0.0,0.1,0.0
126,33,1,4.0,0.2,0.1,0.4,0.6,0.6,0.1,0.8,0.7,0.1,0.4,0.0
126,34,1,7.0,0.3,0.1,0.8,1.1,1.1,0.1,1.4,1.2,0.1,0.8,0.0
126,41,1,2.0,0.1,0.2,0.1,0.1,0.4,0.0,0.2,0.6,0.1,0.2,0.0
126,42,1,2.0,0.1,0.2,0.1,0.1,0.4,0.0,0.2,0.6,0.1,0.2,0.0
126,48,1,3.0,0.0,0.1,0.2,0.5,0.5,0.1,0.5,0.8,0.1,0.2,0.0
126,70,1,2.0,0.1,0.1,0.2,0.2,0.3,0.0,0.2,0.6,0.1,0.2,0.0
126,71,1,2.0,0.1,0.1,0.2,0.2,0.3,0.0,0.2,0.6,0.1,0.2,0.0
126,72,1,3.0,0.2,0.1,0.3,0.3,0.4,0.1,0.4,0.8,0.1,0.3,0.0
126,78,1,5.0,0.2,0.7,0.0,0.8,1.1,0.2,0.8,0.8,0.3,0.1,0.0
126,90,1,2.0,0.1,0.3,0.0,0.3,0.5,0.1,0.3,0.3,0.1,0.0,0.0
126,100,1,2.0,0.1,0.2,0.0,0.3,0.2,0.1,0.4,0.4,0.1,0.2,0.0
126,101,1,1.0,0.0,0.1,0.0,0.2,0.1,0.0,0.2,0.2,0.1,0.1,0.0
126,107,1,2.0,0.0,0.0,0.0,0.2,0.1,0.0,0.6,0.4,0.0,0.7,0.0
126,125,1,3.0,0.3,0.2,0.1,0.6,0.9,0.0,0.3,0.3,0.0,0.3,0.0
126,126,1,14.0,0.3,0.6,0.9,1.5,3.4,0.9,0.6,4.6,0.3,0.9,0.0
127,3,1,2.0,0.0,0.2,0.2,0.1,0.5,0.0,0.4,0.4,0.1,0.1,0.0
127,12,1,1.0,0.1,0.1,0.1,0.1,0.1,0.0,0.3,0.1,0.0,0.1,0.0
127,13,1,2.0,0.1,0.1,0.1,0.3,0.3,0.1,0.6,0.2,0.1,0.1,0.0
127,15,1,2.0,0.1,0.1,0.1,0.3,0.3,0.1,0.6,0.2,0.1,0.1,0.0
127,28,1,6.0,0.3,0.1,0.7,0.9,0.9,0.1,1.2,1.0,0.1,0.7,0.0
127,30,1,3.0,0.1,0.1,0.3,0.4,0.5,0.1,0.6,0.5,0.1,0.3,0.0
127,31,1,1.0,0.1,0.1,0.0,0.2,0.2,0.0,0.2,0.1,0.1,0.0,0.0
127,32,1,14.0,0.9,2.2,0.4,2.2,3.0,0.0,3.1,1.3,0.9,0.0,0.0
127,33,1,5.0,0.3,0.8,0.1,0.8,1.1,0.0,1.1,0.5,0.3,0.0,0.0
127,34,1,5.0,0.3,0.8,0.1,0.8,1.1,0.0,1.1,0.5,0.3,0.0,0.0
127,38,1,2.0,0.0,0.1,0.1,0.3,0.5,0.0,0.5,0.1,0.3,0.1,0.0
127,40,1,1.0,0.0,0.1,0.0,0.2,0.2,0.0,0.3,0.1,0.1,0.0,0.0
127,47,1,2.0,0.0,0.0,0.3,0.2,0.7,0.0,0.4,0.2,0.0,0.2,0.0
127,49,1,3.0,0.0,0.0,0.5,0.2,1.0,0.0,0.6,0.4,0.1,0.2,0.0
127,53,1,2.0,0.0,0.0,0.3,0.2,0.7,0.0,0.4,0.2,0.0,0.2,0.0
127,56,1,5.0,0.2,0.5,0.8,0.5,0.9,0.1,1.0,0.6,0.2,0.2,0.0
127,59,1,1.0,0.0,0.1,0.2,0.1,0.2,0.0,0.2,0.1,0.0,0.1,0.0
127,67,1,7.0,0.1,0.4,0.3,1.3,1.3,0.1,0.9,1.3,0.9,0.4,0.0
127,68,1,2.0,0.0,0.1,0.1,0.4,0.4,0.0,0.3,0.4,0.2,0.1,0.0
127,69,1,2.0,0.0,0.1,0.1,0.4,0.4,0.0,0.3,0.4,0.2,0.1,0.0
127,70,1,6.0,0.1,0.4,0.2,1.1,1.1,0.1,0.8,1.1,0.8,0.3,0.0
127,93,1,2.0,0.1,0.3,0.0,0.3,0.5,0.1,0.3,0.3,0.1,0.0,0.0
127,120,1,7.0,0.0,0.4,0.6,0.6,1.4,0.3,1.8,1.3,0.3,0.3,0.0
127,121,1,4.0,0.1,0.2,0.0,1.2,0.7,0.0,0.5,1.1,0.1,0.1,0.0
127,126,1,11.0,0.3,0.9,0.5,1.6,1.8,0.1,2.1,2.3,1.0,0.4,0.0