x,y,imputed,ind,ind_0_3,ind_11_17,ind_18_24,ind_25_39,ind_40_54,ind_4_5,ind_55_64,ind_65_79,ind_6_10,ind_80p,ind_inc
7,0,0,44,2,9,1,9,11,1,3,4,4,0,0
8,0,0,35.5,1,6,3,7,11,2,3,0,2.5,0,0
9,0,1,23,0,1.8,1.5,1.8,5.3,0.2,3.8,5.6,1.5,1.3,0.2
10,0,0,48.5,0,8.5,6,3,18,0,8,1,4,0,0
11,0,1,25,0,1.9,1.7,1.9,5.8,0.3,4.1,6,1.6,1.4,0.3
14,0,1,1,0,0.1,0.1,0.1,0.2,0,0.2,0.2,0.1,0,0
15,0,1,2,0.1,0.1,0.2,0.2,0.4,0,0.5,0.3,0.1,0.1,0
23,0,1,2,0.1,0.2,0.1,0.3,0.4,0.1,0.2,0.3,0.2,0.1,0
34,0,1,2,0,0.1,0.2,0.2,0.4,0,0.5,0.4,0,0.2,0
40,0,1,6,0.4,0,0.2,1.6,0.2,0,1.1,1.3,0.5,0.7,0
41,0,1,2,0.1,0,0.1,0.5,0.1,0,0.4,0.4,0.2,0.2,0
47,0,0,27,1,1,1,6,1,0,3,7,1,6,0
48,0,0,54,1,3,5,2,16,0,9,12,1,4,1
49,0,1,22,0.5,1.5,0.5,1.6,4.1,0,5.6,6.7,0.5,1,0
51,0,0,109,0,5,7,15,17,0,14,43,2,6,0
52,0,0,87.5,2,7.5,6,9,15,0,17,22,3,6,0
53,0,0,97,2,8,11,7,22,2,17,18,5,5,0
54,0,0,99,2,7.5,5,31,18,1,7,17,5.5,5,0
55,0,0,59.5,1,10.5,2,3,15,0,4,15,4,4,1
56,0,0,87.5,2,12.5,7.5,9,24,3,8,10,8.5,3,0
57,0,0,74,3,7,0,15,11,6,8,14,5,5,0
58,0,0,38,1,3,1,4,11,1,8,5,0,4,0
62,0,1,2,0,0.2,0.1,0.1,0.6,0,0.2,0.6,0.1,0.1,0
70,0,1,4,0,0.1,0.7,0.5,0.4,0.1,0.8,0.9,0.2,0.3,0
71,0,1,2,0,0.1,0.3,0.3,0.2,0,0.4,0.4,0.1,0.2,0
72,0,1,5,0,0.1,0.9,0.7,0.5,0.1,1,1,0.3,0.4,0
75,0,1,1,0.1,0.1,0.1,0.3,0.2,0,0.1,0.1,0,0,0
76,0,1,9,0.6,0.6,0.7,2.6,1.9,0,1,1.3,0.3,0,0
79,0,1,6,0.6,0.8,0.1,1.1,1.1,0.3,0.6,0.9,0.4,0.1,0
83,0,1,2,0.2,0.3,0,0.4,0.4,0.1,0.2,0.3,0.1,0,0
93,0,1,3,0,0.3,0.3,0.4,0.7,0.1,0.6,0.3,0.2,0,0.1
94,0,1,1,0.1,0.1,0.1,0.1,0.1,0,0.1,0.2,0.1,0.1,0
100,0,0,45.5,1,1,7,9,12,1,7,3,1.5,3,0
101,0,0,229.5,4,19,17,43,52,3.5,40,29,15,7,0
102,0,0,100,4,11,11,14,16,0,11,17,4,11,1
103,0,0,169.5,6,10.5,16,36,34,5,11,22,13,15,1
104,0,0,156.5,9,6.5,9,31,24,5,21,33,10,7,1
105,0,0,117,3,9,14,21,30,2,15,10,12,1,0
106,0,0,165,8,26,13,34,31,11,20,5,15,2,0
107,0,0,50,3,1,3,10,11,3,3,8,8,0,0
116,0,1,11,0.2,1.1,0.2,2,1.7,0,3.5,0.9,1,0.4,0
123,0,1,1,0,0,0.1,0.1,0.3,0,0.2,0.2,0,0.1,0
124,0,1,8,0.5,0.7,0.7,1.1,2.2,0.1,1.1,1,0.4,0.2,0
125,0,1,2,0.1,0.2,0.2,0.3,0.6,0,0.3,0.2,0.1,0,0
126,0,1,16,0.9,1.3,1.4,2.3,4.4,0.3,2.2,2,0.8,0.4,0
127,0,0,41,0,2,6,2,14,2,9,6,0,0,0
5,1,1,3,0,0.2,0.2,0.2,0.7,0,0.5,0.7,0.2,0.2,0.1
6,1,1,3,0,0.2,0.2,0.2,0.7,0,0.5,0.7,0.2,0.2,0.1
7,1,1,2,0,0.2,0.1,0.2,0.5,0,0.3,0.5,0.1,0.1,0
9,1,1,11,0.6,1.2,1.1,2.1,2.4,0.4,0.7,1.5,0.8,0.2,0
10,1,1,23.5,1.3,2.5,2.4,4.5,5.1,0.9,1.6,3.2,1.7,0.3,0
11,1,0,39,2,5,2,8,8,2,4,5,2,1,0
12,1,1,21,1.1,2.3,2.1,4,4.6,0.8,1.4,2.8,1.6,0.3,0
14,1,0,29,1,3,5,3,4,1,6,5,0,1,0
15,1,1,31,0.5,1.9,3.2,2.1,6.5,0.3,7.3,5.7,1.9,1.6,0
16,1,1,23,0.4,1.4,2.4,1.6,4.8,0.2,5.4,4.2,1.4,1.2,0
26,1,1,5,0,0.7,0.3,0.7,1.1,0,0.8,0.7,0.5,0.2,0
34,1,1,2,0.1,0.2,0.1,0.2,0.5,0,0.5,0.3,0,0.1,0
37,1,1,2,0.1,0.2,0.1,0.2,0.5,0,0.5,0.3,0,0.1,0
40,1,1,1,0,0.1,0.1,0.1,0.3,0,0.2,0.2,0,0,0
47,1,1,7,0.4,0.6,0.5,0.5,1.1,0.3,0.4,2.1,0.1,1,0
48,1,1,22,1.2,1.9,1.6,1.6,3.5,0.8,1.2,6.7,0.4,3.1,0
49,1,1,19,0.8,1.4,1.6,2.2,5.4,0,2.7,3,1.1,0.8,0
50,1,0,722.5,31.5,52.5,42,118,147,15.5,90,121,36,68,1
51,1,0,96.5,3,7.5,11,7,20,2,21,19,3,3,0
52,1,0,106,2,13,13,7,28,0,21,16,5,1,0
53,1,0,42.5,0,2,4,7,15,1,6,2,4.5,1,0
54,1,0,48,0,1.5,3,4,9,1,3,18,4.5,4,0
55,1,0,35,0,3.5,4.5,1,8,0,2,8,2,6,0
56,1,0,45.5,0,2.5,6,3,6,0,10,14,0,4,0
57,1,0,87,3,4,5,14,17,2,14,14,6,8,0
58,1,0,100,8,9.5,7,13,29,4,10,8,10.5,1,0
59,1,0,36,2,3,4,4,8,0,4,7,3,1,0
61,1,1,4,0.1,0.4,0.2,0.7,0.9,0.2,0.4,0.8,0.1,0.2,0
69,1,1,5,0.1,0.5,0.4,0.6,0.9,0.1,1.1,1,0.1,0.2,0
70,1,1,8.5,0.2,0.8,0.7,1,1.6,0.1,1.9,1.6,0.2,0.4,0
74,1,1,15,0,1.2,1,1.3,3.4,0.5,2.9,2.9,0.5,1.3,0
79,1,1,2,0.1,0.2,0.1,0.3,0.4,0.1,0.3,0.4,0,0.1,0
82,1,1,29,0.9,2.8,1.4,5.1,5.6,1.4,4.2,5.2,0.5,1.9,0
83,1,1,8,0.3,0.8,0.4,1.4,1.5,0.4,1.2,1.4,0.1,0.5,0
84,1,1,3,0.1,0.5,0.1,0.3,0.7,0,0.4,0.7,0.2,0,0
88,1,1,11,0.3,1.7,0.3,1.2,2.4,0,1.6,2.4,0.9,0.2,0
89,1,1,15,0.9,1.1,0.7,3.3,3,0.6,0.9,3,1.3,0.2,0
99,1,0,42.5,4.5,3,4,9,5,3,4,8,2,0,0
100,1,0,116.5,7,5.5,8,42,21,6,5,5,10,7,0
101,1,0,107,2,11,7,12,25,2,23,15,2,8,0
102,1,0,78.5,1,1,12,10,20,1,16,10,2.5,5,0
103,1,0,212,15,22,16,55,36,7.5,19,19,16.5,5,1
104,1,0,117.5,3,6.5,6,20,21,3.5,22,24,5.5,6,0
105,1,0,139.5,7,17,8.5,19,35,2,18,10,15,8,0
106,1,0,126,5,10,16,17,41,3,9,14,10,1,0
107,1,0,109,6,12.5,4,26,29,3,2,3,23.5,0,0
108,1,1,4,0,0.2,0.2,0.5,0.5,0.1,1,0.9,0.3,0.3,0
111,1,1,1,0,0.1,0.1,0.1,0.1,0,0.2,0.2,0.1,0.1,0
118,1,1,2,0,0.1,0.3,0.4,0.3,0.1,0.4,0.3,0,0.1,0
119,1,1,2,0,0.1,0.1,0.3,0.5,0,0.3,0.4,0,0.3,0
121,1,1,2,0,0.1,0.1,0.3,0.5,0,0.3,0.4,0,0.3,0
122,1,1,3,0,0.1,0.2,0.5,0.8,0,0.5,0.5,0,0.4,0
123,1,1,4,0,0.2,0.2,0.6,1.1,0.1,0.6,0.7,0,0.5,0
124,1,1,7,0.2,0.7,0.6,0.8,1.4,0,1.1,1.6,0.3,0.3,0
125,1,1,7,0.2,0.7,0.6,0.8,1.4,0,1.1,1.6,0.3,0.3,0
126,1,1,1,0,0.1,0.1,0.1,0.2,0,0.2,0.2,0,0.1,0
127,1,1,12,0.3,1.1,1,1.4,2.4,0.1,1.8,2.8,0.5,0.6,0
8,2,1,7,0,0.5,0.5,0.5,1.6,0.1,1.1,1.7,0.5,0.4,0.1
9,2,1,12,0.7,1.3,1.2,2.3,2.6,0.4,0.8,1.6,0.9,0.2,0
10,2,0,33.5,1,2.5,3,5,8,2,2,10,0,0,0
11,2,0,70,1,14,4,7,21,1,9,9,1,3,0
12,2,0,40,1,5,3,3,7,0,7,9,3,2,0
13,2,1,14,0.8,1.5,1.4,2.7,3,0.5,1,1.9,1,0.2,0
14,2,0,88,4,12.5,8,12,26,1,6,9,5.5,4,0
15,2,0,241,12,26.5,18,53,57,8,14,35,9.5,7,1
16,2,0,81,2,7,5,10,20,1,6,13,10,7,0
17,2,1,8,0.1,0.5,0.8,0.5,1.7,0.1,1.9,1.5,0.5,0.4,0
25,2,1,1,0,0.1,0.1,0.1,0.3,0,0.2,0.1,0.1,0,0
27,2,1,1,0,0.1,0.1,0.1,0.3,0,0.2,0.1,0.1,0,0
41,2,1,5,0,0.6,0.4,0.5,1.6,0,0.9,0.8,0.1,0.1,0
47,2,1,4,0.2,0.4,0.3,0.3,0.6,0.1,0.2,1.2,0.1,0.6,0
48,2,0,101,6,8.5,8,17,18,2.5,13,12,13,3,0
49,2,0,53.5,3,4,8,7.5,12,2,9,6,2,0,0
51,2,0,35,4,3,2,6,5,0,6,9,0,0,0
52,2,0,127,2,4,17,8,30,2,26,23,7,8,0
53,2,0,100,1,5,12,9,21,0,21,22,1,8,0
54,2,0,54,3,3,6.5,12,9,0,8,3,3.5,6,0
55,2,0,68,2,9,8,9,18,1,17,2,0,2,0
56,2,0,35,0,4,3,3,8,0,5,8,3,1,0
57,2,0,68,2,11,12,6,20,1,9,3,4,0,0
58,2,0,42,1,1,2,8,10,0,7,10,3,0,0
59,2,0,31,0,1,6,0,10,2,4,5,1,2,0
60,2,1,13,0.4,1.4,0.6,2.2,2.8,0.6,1.4,2.6,0.4,0.6,0
68,2,1,5,0.1,0.5,0.4,0.6,0.9,0.1,1.1,1,0.1,0.2,0
70,2,1,8.5,0.2,0.8,0.7,1,1.6,0.1,1.9,1.6,0.2,0.4,0
71,2,1,11,0.3,1,0.9,1.3,2.1,0.1,2.4,2.1,0.3,0.5,0
72,2,1,2,0,0.2,0.2,0.2,0.4,0,0.4,0.4,0.1,0.1,0
74,2,1,4,0,0.3,0.3,0.3,0.9,0.1,0.8,0.8,0.1,0.4,0
75,2,1,3,0,0.2,0.2,0.2,0.7,0.1,0.6,0.6,0.1,0.3,0
76,2,1,3,0,0.2,0.2,0.2,0.7,0.1,0.6,0.6,0.1,0.3,0
82,2,1,11,0.4,1.1,0.5,1.9,2.1,0.5,1.6,2,0.2,0.7,0
83,2,1,8,0.3,0.8,0.4,1.4,1.5,0.4,1.2,1.4,0.1,0.5,0
84,2,1,1,0,0.2,0,0.1,0.2,0,0.2,0.2,0.1,0,0
95,2,1,3,0.1,0.1,0.2,0.5,0.6,0.1,0.4,0.7,0.2,0.1,0
96,2,1,3,0.1,0.1,0.2,0.5,0.6,0.1,0.4,0.7,0.2,0.1,0
97,2,1,2,0.1,0.1,0.2,0.3,0.4,0.1,0.2,0.4,0.1,0.1,0
98,2,1,7,0.2,0.2,0.5,1.2,1.4,0.3,0.9,1.5,0.5,0.3,0
99,2,0,37,2,3,3,7,6,1,3,5,2,5,0
100,2,0,27,1,2,1,4,10,0,2,5,2,0,0
101,2,0,150,4,8.5,13.5,12,28,1.5,15,37,5.5,25,0
102,2,0,300.5,24,20.5,24.5,63,61,13.5,31,24,29,10,0
103,2,0,37.5,2,4.5,0,9,7,0,9,3,2,1,0
104,2,0,69.5,5,9.5,1,10,12,1,15,9,3,4,0
105,2,0,141.5,14,8.5,11,37,25,7,14,6,14,4,1
106,2,0,43,2,5,4,9,7,1,6,8,1,0,0
107,2,1,14,0.2,0.6,0.8,1.8,1.8,0.2,3.4,3.2,0.9,1.1,0
115,2,1,4,0.1,0.2,0.6,0.7,0.6,0.1,0.8,0.6,0,0.3,0
117,2,1,8,0.2,0.5,1.1,1.5,1.1,0.2,1.7,1.1,0,0.6,0
118,2,1,6,0.1,0.4,0.8,1.1,0.9,0.1,1.3,0.9,0,0.4,0
119,2,1,7,0.1,0.3,0.4,1,1.9,0.1,1.1,1.3,0,0.8,0
120,2,1,11,0.2,0.5,0.7,1.6,2.9,0.2,1.6,2,0,1.3,0
123,2,1,6,0.1,0.3,0.3,0.9,1.6,0.1,0.9,1.1,0,0.7,0
124,2,1,6,0.1,0.6,0.5,0.7,1.2,0,0.9,1.4,0.3,0.3,0
125,2,1,18,0.4,1.7,1.5,2.2,3.5,0.1,2.7,4.2,0.8,0.9,0
126,2,1,13,0.3,1.2,1.1,1.6,2.5,0.1,2,3,0.6,0.6,0
127,2,1,8,0.2,0.7,0.7,1,1.6,0,1.2,1.9,0.3,0.4,0
10,3,1,11.5,0.6,1.2,1.2,2.2,2.5,0.4,0.8,1.6,0.9,0.1,0
11,3,0,37.5,2,1.5,5,3,12,1,3,6,4,0,0
12,3,0,45.5,1,1,3,7,11,0,9,8,3.5,2,0
13,3,1,27,1.5,2.9,2.7,5.1,5.9,1,1.8,3.7,2,0.4,0
14,3,0,37.5,1,5,5,8,4,0,3,8,2.5,1,0
15,3,0,136,8,12,9,29,25,4.5,21,15,10.5,2,0
16,3,0,72,4,4.5,7.5,11,17,1,11,6,3,7,0
17,3,0,31,3,2,1,10,3,2,3,4,2,1,0
36,3,1,4,0.1,0.4,0.2,0.4,1,0,1,0.6,0,0.3,0
38,3,1,2,0.1,0.2,0.1,0.2,0.5,0,0.5,0.3,0,0.1,0
39,3,1,4,0,0.5,0.3,0.4,1.3,0,0.7,0.6,0.1,0.1,0
41,3,1,4,0,0.5,0.3,0.4,1.3,0,0.7,0.6,0.1,0.1,0
42,3,1,25,0,3.1,2,2.6,7.8,0,4.4,4.1,0.4,0.6,0
43,3,1,2,0,0.2,0.2,0.2,0.6,0,0.4,0.3,0,0.1,0
47,3,1,3,0.2,0.3,0.2,0.2,0.5,0.1,0.2,0.9,0,0.4,0
48,3,1,9,0.5,0.8,0.6,0.6,1.5,0.3,0.5,2.7,0.2,1.3,0
49,3,1,4,0.2,0.3,0.3,0.5,1.1,0,0.6,0.6,0.2,0.2,0
51,3,1,20,0.9,1.4,1.7,2.3,5.7,0,2.9,3.1,1.1,0.9,0
52,3,0,119,4,9,6,20,18,3,24,23,7,5,0
53,3,0,129.5,1,6.5,15,23,22,1,26,26,3,6,0
54,3,1,7,0,0.3,1.1,0.5,1.7,0.1,1,1.5,0.4,0.4,0
55,3,0,145,6,23.5,11,19,43,8,13,5,15.5,1,0
56,3,1,21,0,0.9,3.3,1.5,5.2,0.2,3,4.6,1.1,1.2,0
57,3,0,73,2,4,7,11,12,0,13,17,2,4,1
58,3,1,6,0,0.3,1,0.4,1.5,0,0.9,1.3,0.3,0.3,0
59,3,0,34,1,4,3,3,7,0,7,5,2,2,0
60,3,1,8,0.2,0.9,0.4,1.3,1.7,0.4,0.9,1.6,0.2,0.4,0
61,3,1,5,0.2,0.5,0.2,0.9,1.1,0.2,0.5,1,0.2,0.2,0
73,3,1,2,0,0.2,0.2,0.2,0.4,0,0.4,0.4,0.1,0.1,0
76,3,1,9,0,0.7,0.6,0.8,2.1,0.3,1.7,1.7,0.3,0.8,0
77,3,1,15.5,0,1.2,1.1,1.3,3.5,0.5,3,3,0.5,1.4,0
84,3,1,16.5,0.5,2.6,0.5,1.8,3.6,0,2.3,3.6,1.3,0.3,0
86,3,1,3,0.1,0.5,0.1,0.3,0.7,0,0.4,0.7,0.2,0,0
89,3,1,29,1.8,2.2,1.4,6.4,5.7,1.1,1.8,5.7,2.5,0.4,0
90,3,1,17,1,1.3,0.8,3.8,3.4,0.6,1,3.4,1.5,0.2,0
98,3,1,5,0.1,0.1,0.4,0.9,1,0.2,0.6,1.1,0.4,0.2,0
99,3,1,23,0.6,2.2,1.7,4.5,4.5,0.6,2.8,1.7,2.2,2.2,0
100,3,0,42,2,4,2,5,10,0,3,12,2,2,0
101,3,0,209.5,10.5,16,10,25,35,5,32,57,3,16,0
102,3,0,24,1,0,1,3,1,0.5,8,5,1.5,3,0
103,3,1,4,0.1,0.4,0.3,0.7,0.8,0.1,0.5,0.3,0.4,0.4,0
104,3,0,63.5,2,4.5,3,8,12,0,12,15,4,3,0
105,3,0,54,2,3,4,9,9,2,11,7,6,1,0
106,3,1,14,0.2,0.6,0.8,1.8,1.8,0.2,3.4,3.2,0.9,1.1,0
107,3,1,6,0,0.3,0.3,0.8,0.8,0.1,1.4,1.4,0.4,0.5,0
112,3,1,1.5,0,0.1,0.1,0.2,0.2,0,0.4,0.3,0.1,0.1,0
115,3,1,4.5,0.1,0.3,0.6,0.9,0.6,0.1,1,0.6,0,0.3,0
124,3,1,2,0,0.2,0.2,0.2,0.4,0,0.3,0.5,0.1,0.1,0
125,3,1,2,0,0.2,0.2,0.2,0.4,0,0.3,0.5,0.1,0.1,0
126,3,1,5,0.1,0.5,0.4,0.6,1,0,0.8,1.2,0.2,0.2,0
127,3,1,13,0.3,1.2,1.1,1.6,2.5,0.1,2,3,0.6,0.6,0
11,4,1,27.5,1.5,3,2.8,5.2,6,1,1.9,3.7,2,0.4,0
12,4,0,74,4,8.5,5,10,18,2,11,8,7.5,0,0
13,4,0,57,0,5,6,5,13,1,12,9,3,3,0
14,4,0,61,1,5,9,13,14,0,3,11,1,4,0
15,4,0,73.5,8,6,4,17,10,0.5,5,12,3,8,0
16,4,1,23,0.4,1.4,2.4,1.6,4.8,0.2,5.4,4.2,1.4,1.2,0
17,4,0,63,2,5.5,8.5,7,19,2,8,8,2,1,0
19,4,1,9,0.3,0.4,1,1,2,0,2.2,1.4,0.4,0.3,0
25,4,1,4,0,0.5,0.3,0.5,1,0,0.7,0.5,0.4,0.1,0
26,4,1,16,0,2.1,1.1,2.1,3.8,0,2.7,2.1,1.6,0.5,0
27,4,1,3,0,0.4,0.2,0.4,0.7,0,0.5,0.4,0.3,0.1,0
34,4,1,7,0.2,0.7,0.4,0.7,1.8,0,1.8,1,0,0.4,0
35,4,1,10,0.2,1,0.6,1.1,2.5,0,2.5,1.5,0,0.6,0
36,4,1,1,0,0.1,0.1,0.1,0.2,0,0.3,0.1,0,0.1,0
37,4,1,10,0.2,1,0.6,1.1,2.5,0,2.5,1.5,0,0.6,0
38,4,1,5,0.1,0.5,0.3,0.5,1.3,0,1.3,0.7,0,0.3,0
39,4,1,10,0,1.2,0.8,1.1,3.1,0,1.8,1.6,0.2,0.2,0
40,4,1,10.5,0,1.3,0.9,1.1,3.3,0,1.8,1.7,0.2,0.2,0
41,4,1,10,0,1.2,0.8,1.1,3.1,0,1.8,1.6,0.2,0.2,0
42,4,1,12,0,1.5,1,1.2,3.8,0,2.1,1.9,0.2,0.3,0
43,4,1,2.5,0,0.3,0.2,0.3,0.8,0,0.4,0.4,0,0.1,0
44,4,1,11,0.6,1,0.8,0.8,1.7,0.4,0.6,3.3,0.2,1.6,0
52,4,1,15,0.6,1.1,1.3,1.7,4.3,0,2.1,2.4,0.9,0.6,0
53,4,0,99,1,12,10,8,32,2,13,9,6,6,0
59,4,1,9.5,0.3,1,0.4,1.6,2.1,0.4,1,1.9,0.3,0.5,0
60,4,1,11,0.3,1.2,0.5,1.9,2.4,0.5,1.2,2.2,0.3,0.5,0
62,4,1,10,0.3,1.1,0.5,1.7,2.1,0.4,1.1,2,0.3,0.5,0
77,4,1,1,0,0.1,0.1,0.1,0.2,0,0.2,0.2,0,0.1,0
78,4,1,4,0,0.3,0.3,0.3,0.9,0.1,0.8,0.8,0.1,0.4,0
87,4,1,4,0.1,0.6,0.1,0.4,0.9,0,0.6,0.9,0.3,0.1,0
88,4,1,4.5,0.1,0.7,0.1,0.5,1,0,0.6,1,0.4,0.1,0
89,4,0,86.5,6,6,6,16,17,2.5,20,8,4,1,0
90,4,0,73,2,8,11,6,18,2,12,12,1,1,0
91,4,0,89,2,9,10,9,28,0,13,12,5,1,0
92,4,1,2,0.1,0.2,0.1,0.4,0.4,0.1,0.1,0.4,0.2,0,0
98,4,1,16,0.4,0.4,1.2,2.7,3.1,0.8,1.9,3.5,1.2,0.8,0
99,4,1,6,0.1,0.6,0.4,1.2,1.2,0.2,0.7,0.4,0.6,0.6,0
100,4,0,83,5,7,4,27,13,2,14,3,8,0,0
101,4,0,86,3,4,4,7,11,0,13,35,1,8,0
104,4,1,8,0.1,0.4,0.5,1,1,0.1,1.9,1.8,0.5,0.7,0
105,4,1,19,0.2,0.9,1.1,2.5,2.5,0.3,4.5,4.3,1.2,1.5,0
106,4,1,6,0,0.3,0.3,0.8,0.8,0.1,1.4,1.4,0.4,0.5,0
113,4,1,2,0,0.1,0.1,0.3,0.3,0,0.5,0.4,0.1,0.2,0
123,4,1,4,0,0.2,0.2,0.6,1.1,0.1,0.6,0.7,0,0.5,0
124,4,1,5,0.1,0.5,0.4,0.6,1,0,0.8,1.2,0.2,0.2,0
125,4,1,15,0.3,1.4,1.2,1.8,3,0.1,2.3,3.5,0.7,0.7,0
126,4,1,9,0.2,0.8,0.7,1.1,1.8,0.1,1.4,2.1,0.4,0.4,0
127,4,1,6,0.1,0.6,0.5,0.7,1.2,0,0.9,1.4,0.3,0.3,0
11,5,0,113.5,8,18,12,23,26,1.5,9,4,10,2,0
12,5,0,116,4,11.5,5,17,25,1,38,12,2.5,0,0
13,5,0,91.5,1,7.5,6,9,22,1,31,9,3,2,0
14,5,0,45,2,7,5,5,14,0,4,1,3,3,1
15,5,0,50,2,5,6,9,12,1,4,9,2,0,0
16,5,0,41.5,1,4.5,5,4,10,1,6,8,1,1,0
17,5,0,42.5,1,1.5,7,6,9,0,5,10,1,2,0
18,5,1,30,0.5,1.8,3.1,2.1,6.3,0.3,7,5.5,1.8,1.6,0
19,5,1,13,0.5,0.6,1.5,1.5,2.8,0,3.1,1.9,0.6,0.5,0
20,5,1,24,0.8,1.1,2.8,2.8,5.2,0,5.8,3.6,1.1,0.8,0
21,5,0,38,0,3.5,6,9,7,0,6,4,2.5,0,0
22,5,0,70,1,5,10,5,25,0,13,5,3,3,0
23,5,1,25,0.9,1.1,2.9,2.9,5.5,0,6,3.7,1.1,0.9,0
24,5,0,51,1,4,7,7,12,0,11,4,1,3,1
25,5,0,93.5,3,11,14,12,17,3.5,20,7,6,0,0
26,5,0,49,2,1,6,5,9,1,14,8,3,0,0
27,5,0,86,4,9,8,20,25,5,3,1,11,0,0
36,5,1,1,0,0.1,0.1,0.1,0.2,0,0.3,0.1,0,0.1,0
37,5,1,4,0.1,0.4,0.2,0.4,1,0,1,0.6,0,0.3,0
51,5,1,6,0.3,0.4,0.5,0.7,1.7,0,0.9,0.9,0.3,0.3,0
52,5,1,6,0.3,0.4,0.5,0.7,1.7,0,0.9,0.9,0.3,0.3,0
54,5,1,26,0,1.1,4.1,1.9,6.4,0.2,3.8,5.7,1.3,1.5,0
55,5,1,9,0,0.4,1.4,0.6,2.2,0.1,1.3,2,0.5,0.5,0
61,5,1,3,0.1,0.3,0.1,0.5,0.7,0.1,0.3,0.6,0.1,0.2,0
63,5,1,1.5,0,0.2,0.1,0.2,0.3,0.1,0.2,0.3,0,0.1,0
78,5,1,3,0,0.2,0.2,0.2,0.7,0.1,0.6,0.6,0.1,0.3,0
80,5,1,4,0.1,0.4,0.2,0.7,0.8,0.2,0.6,0.7,0.1,0.2,0
85,5,1,2,0.1,0.3,0.1,0.2,0.4,0,0.3,0.4,0.2,0,0
86,5,1,2,0.1,0.3,0.1,0.2,0.4,0,0.3,0.4,0.2,0,0
87,5,1,17,0.5,2.7,0.5,1.9,3.7,0,2.4,3.7,1.3,0.3,0
89,5,1,10,0.6,0.7,0.5,2.2,2,0.4,0.6,2,0.9,0.1,0
90,5,0,158,6,11,14,27,29,5,28,25,9,4,0
91,5,0,119.5,5,10.5,16,20,21,2,26,8,3,7,1
92,5,1,8,0.5,0.6,0.4,1.7,1.6,0.3,0.5,1.6,0.7,0.1,0
97,5,1,5,0.1,0.1,0.4,0.9,1,0.2,0.6,1.1,0.4,0.2,0
99,5,0,50.5,4,7.5,4,9,13,0,3,5,4,1,0
100,5,0,77,5,12,14,4,24,1,8,5,2,2,0
101,5,1,1,0,0.1,0.1,0.2,0.2,0,0.1,0.1,0.1,0.1,0
102,5,1,7,0.2,0.7,0.5,1.3,1.4,0.2,0.8,0.5,0.7,0.7,0
104,5,1,1,0,0.1,0.1,0.1,0.1,0,0.2,0.2,0.1,0.1,0
106,5,1,9,0.1,0.4,0.5,1.2,1.2,0.1,2.1,2.1,0.6,0.7,0
115,5,1,18,0.4,1.1,2.5,3.4,2.5,0.4,3.8,2.6,0,1.3,0
116,5,0,53,4,1,0,10,7,2,9,16,3,1,0
117,5,0,69,0.5,3.5,10,7,23,1,13,4,5,2,0
119,5,1,2,0,0.1,0.1,0.3,0.5,0,0.3,0.4,0,0.3,0
120,5,1,1,0,0,0.1,0.1,0.3,0,0.2,0.2,0,0.1,0
123,5,1,5,0.1,0.2,0.3,0.7,1.3,0.1,0.8,0.9,0,0.6,0
124,5,0,42.5,3,1.5,4,11,11,3,0,0,8,1,0
125,5,1,10,0.2,0.9,0.8,1.2,2,0.1,1.5,2.4,0.4,0.5,0
126,5,1,10,0.2,0.9,0.8,1.2,2,0.1,1.5,2.4,0.4,0.5,0
127,5,1,15,0.3,1.4,1.2,1.8,3,0.1,2.3,3.5,0.7,0.7,0
12,6,1,24,1.2,1.6,1.9,3.1,5.3,0.6,2.7,6.2,1,0.4,0
14,6,1,9,0.4,0.6,0.7,1.2,2,0.2,1,2.3,0.4,0.2,0
15,6,0,61,2,5,3,6,12,1,13,6,5,8,0
16,6,0,93,4,7,7,15,25,2,18,10,5,0,0
17,6,1,9,0.4,0.6,0.7,1.2,2,0.2,1,2.3,0.4,0.2,0
18,6,1,18,0.9,1.2,1.5,2.3,4,0.4,2,4.7,0.7,0.3,0
19,6,1,22,0.7,2,1.3,3.1,4.8,0.2,3.5,4.8,0.9,0.7,0
20,6,0,70,0,7,8,10,21,1,11,10,1,1,0
21,6,0,50,0,5,8,5,16,0,2,9,4,1,0
22,6,0,80,5,7,9,11,21,1,13,9,4,0,0
23,6,1,19,0.6,1.7,1.1,2.7,4.2,0.2,3,4.2,0.7,0.6,0
24,6,0,35,2,4,1,4,9,1,1,6,5,2,0
25,6,0,83,8,2,7,16,19,2,13,8,8,0,0
26,6,1,21,0.6,2.2,2.2,2.2,5.5,0,2.8,4.4,1.1,0,0
27,6,0,60,5,6,2,18,11,2,5,8,3,0,0
28,6,1,6,0.2,0.6,0.6,0.6,1.6,0,0.8,1.3,0.3,0,0
50,6,1,3,0,0.2,0.3,0.5,0.6,0.1,0.6,0.4,0.1,0.2,0
56,6,1,5,0.4,0.5,0,0.4,1.3,0,0.8,1,0.3,0.3,0
57,6,1,13,1,1.4,0.1,1,3.3,0,2,2.5,0.8,0.9,0
58,6,1,3,0.2,0.3,0,0.2,0.8,0,0.5,0.6,0.2,0.2,0
60,6,1,1,0,0,0.1,0.1,0.3,0,0.1,0.3,0.1,0,0
63,6,1,3,0.1,0.1,0.2,0.4,0.8,0.1,0.4,0.8,0.1,0,0
85,6,1,2,0.1,0.2,0.1,0.4,0.5,0.1,0.2,0.2,0.1,0.1,0
86,6,1,25,1.3,2.5,1.3,4.3,6.6,0.5,2.9,2.8,1.3,1.3,0.2
87,6,1,17,0.8,1.7,0.9,2.9,4.5,0.3,2,1.9,0.9,0.9,0.2
88,6,0,186.5,6.5,11,24.5,58,38,6,4,17,18.5,3,0
89,6,0,55,2,2.5,1,13,12,3,8,2,5.5,5,1
90,6,0,156.5,4,15.5,10,29,39,6,23,19,6,4,1
91,6,0,106,2,8,15,12,25,2,17,11,8,6,0
92,6,1,33,2.3,3,3.2,6.3,7.8,0.6,4,1.7,2.7,1.4,0
96,6,1,3,0.3,0.4,0.2,0.6,0.5,0.1,0.3,0.1,0.4,0.1,0
97,6,1,1,0.1,0.1,0.1,0.2,0.2,0.1,0.1,0,0.1,0,0
99,6,1,15,0.3,1.3,1.9,1.4,3.8,0.3,1,2.6,1.7,0.7,0
100,6,0,44,2,6,2,11,7,3,4,4,5,0,0
101,6,1,9.5,0.1,0.8,1.2,0.9,2.4,0.2,0.6,1.7,1.1,0.5,0
102,6,1,5,0.1,0.4,0.6,0.5,1.3,0.1,0.3,0.9,0.6,0.2,0
103,6,1,2,0,0.2,0.3,0.2,0.5,0,0.1,0.4,0.2,0.1,0
104,6,1,6,0.2,0.6,0.4,1.3,1.1,0.1,1.1,0.6,0.2,0.4,0
105,6,1,13,0.5,1.3,0.9,2.8,2.3,0.3,2.3,1.3,0.5,0.8,0
106,6,1,2,0.1,0.2,0.1,0.4,0.4,0,0.4,0.2,0.1,0.1,0
109,6,1,4,0.2,0.1,0.3,0.6,0.7,0.2,0.7,0.8,0.3,0.1,0
114,6,1,13,0.1,1,1,1.6,3.3,0.7,2.5,1.7,0.4,0.7,0
115,6,1,15,0.2,1.1,1.1,1.8,3.8,0.8,2.9,2,0.5,0.8,0
116,6,0,47,2,2.5,1,7,8,2,4,11,3.5,6,0
117,6,1,10,0.1,0.8,0.8,1.2,2.5,0.5,2,1.3,0.3,0.5,0
119,6,1,6.5,0.2,0.6,0.5,1.2,1.5,0,0.7,1.5,0.2,0.1,0
120,6,1,1,0,0.1,0.1,0.2,0.2,0,0.1,0.2,0.1,0,0
123,6,1,15,0.5,1.4,1.1,2.9,3.4,0,1.6,3.4,0.5,0.2,0
124,6,0,57.5,3,6,5.5,7,18,4,9,3,2,0,0
125,6,1,12,0.3,0.8,0.7,2.1,2.4,0.5,2,1.6,0.8,0.8,0
126,6,1,2,0.1,0.1,0.1,0.4,0.4,0.1,0.3,0.3,0.1,0.1,0
127,6,1,13,0.3,0.9,0.7,2.3,2.6,0.5,2.2,1.7,0.9,0.9,0
14,7,0,36.5,0,1,3,5,5,0,7,12,3.5,0,0
15,7,0,38,0,3,3,4,4,0,9,14,0,1,0
16,7,0,53,0,6,2,5,8,3,9,16,1,3,0
17,7,1,14,0.7,0.9,1.1,1.8,3.1,0.3,1.6,3.7,0.6,0.2,0
18,7,1,10,0.5,0.7,0.8,1.3,2.2,0.2,1.1,2.6,0.4,0.2,0
19,7,0,31,1,2,1,4,5,2,9,5,2,0,0
20,7,0,49,2,5,9,4,12,1,11,4,0,0,1
21,7,0,68,1,9,5,8,14,2,12,10,6,1,0
22,7,0,91,0,7,5,8,21,2,20,20,8,0,0
23,7,0,83,6,3.5,11.5,15,15,2,12,16,2,0,0
24,7,0,84,3,12,13,17,23,2,11,1,2,0,0
25,7,0,63,2,7,4,11,15,2,10,8,4,0,0
48,7,1,4,0,0.3,0.4,0.7,0.9,0.1,0.8,0.5,0.1,0.2,0
50,7,1,5,0,0.4,0.5,0.9,1.1,0.1,0.9,0.7,0.1,0.3,0
53,7,1,2,0,0.2,0.2,0.4,0.4,0,0.4,0.3,0,0.1,0
54,7,1,2,0.2,0.2,0,0.2,0.5,0,0.3,0.4,0.1,0.1,0
55,7,1,5,0.4,0.5,0,0.4,1.3,0,0.8,1,0.3,0.3,0
57,7,1,3,0.2,0.3,0,0.2,0.8,0,0.5,0.6,0.2,0.2,0
59,7,1,2,0,0.1,0.1,0.3,0.5,0.1,0.3,0.5,0.1,0,0
64,7,1,7,0,0.3,0.5,0.8,1.5,0,1.5,1,1.2,0.2,0
69,7,1,4,0,0.2,0.3,0.5,0.8,0,0.8,0.6,0.7,0.1,0
86,7,1,5,0.2,0.5,0.2,0.9,1.3,0.1,0.6,0.6,0.3,0.3,0
87,7,1,3,0.1,0.3,0.2,0.5,0.8,0.1,0.3,0.3,0.2,0.2,0
88,7,0,42,1,2,6,5,11,0,9,5,3,0,0
89,7,0,133,3,12,14,22,33,3,23,10,6,7,0
90,7,0,113.5,5,11,12,15,34,2.5,14,9,8,3,0
91,7,0,69,5,5,12,12,21,3,5,1,4,1,0
92,7,1,10,0.7,0.9,1,1.9,2.4,0.2,1.2,0.5,0.8,0.4,0
93,7,1,2,0.1,0.2,0.2,0.4,0.5,0,0.2,0.1,0.2,0.1,0
94,7,1,12,1.1,1.5,0.8,2.6,2.2,0.5,1.2,0.4,1.5,0.2,0
95,7,1,5,0.5,0.6,0.3,1.1,0.9,0.2,0.5,0.2,0.6,0.1,0
96,7,1,27,2.5,3.4,1.8,5.9,4.9,1.1,2.7,0.9,3.4,0.4,0
97,7,0,65,2,13,3,13,17,2,0,2,13,0,0
98,7,1,11,1,1.4,0.7,2.4,2,0.4,1.1,0.4,1.4,0.2,0
100,7,1,4,0.1,0.3,0.5,0.4,1,0.1,0.3,0.7,0.4,0.2,0
104,7,1,3,0.1,0.3,0.2,0.7,0.5,0.1,0.5,0.3,0.1,0.2,0
105,7,1,2,0.1,0.2,0.1,0.4,0.4,0,0.4,0.2,0.1,0.1,0
106,7,1,3,0.1,0.3,0.2,0.7,0.5,0.1,0.5,0.3,0.1,0.2,0
108,7,1,9,0.3,0.9,0.7,2,1.6,0.2,1.6,0.9,0.3,0.5,0
109,7,1,13,0.6,0.3,0.9,1.9,2.5,0.6,2.5,2.5,0.9,0.3,0
110,7,1,4,0.2,0.1,0.3,0.6,0.7,0.2,0.7,0.8,0.3,0.1,0
114,7,1,3,0,0.2,0.2,0.4,0.7,0.2,0.6,0.4,0.1,0.2,0
117,7,1,2,0,0.1,0.2,0.2,0.5,0.1,0.4,0.3,0.1,0.1,0
122,7,1,1,0,0.1,0.1,0.2,0.2,0,0.1,0.2,0.1,0,0
123,7,1,12,0.4,1.1,0.9,2.3,2.7,0,1.3,2.7,0.4,0.2,0
124,7,0,36,2,3,3,8,6,0,4,3,5,2,0
125,7,1,9,0.2,0.6,0.5,1.6,1.8,0.4,1.5,1.2,0.6,0.6,0
126,7,1,7,0.2,0.5,0.4,1.2,1.4,0.3,1.1,0.9,0.5,0.5,0
127,7,1,2,0.1,0.1,0.1,0.4,0.4,0.1,0.3,0.3,0.1,0.1,0
15,8,1,11,0.5,0.7,0.9,1.4,2.4,0.3,1.3,2.9,0.4,0.2,0
16,8,1,18,0.9,1.2,1.5,2.3,4,0.4,2,4.7,0.7,0.3,0
19,8,1,7,0.2,0.6,0.4,1,1.5,0.1,1.1,1.6,0.3,0.2,0
20,8,1,16,0.5,1.4,1,2.2,3.5,0.2,2.6,3.5,0.6,0.5,0
21,8,1,20,0.6,1.8,1.2,2.8,4.4,0.2,3.2,4.4,0.8,0.6,0
22,8,0,35,0,1,6,3,3,0,10,11,1,0,0
23,8,0,70,13,6,4,16,17,3,3,6,2,0,0
24,8,0,56,4,6,10,6,16,1,4,5,2,2,0
25,8,0,57,3,9,3,9,17,2,8,4,2,0,0
26,8,1,3,0.1,0.3,0.3,0.3,0.8,0,0.4,0.6,0.2,0,0
49,8,1,2,0,0.2,0.2,0.4,0.4,0,0.4,0.3,0,0.1,0
54,8,1,11.5,0.9,1.2,0.1,0.9,2.9,0,1.8,2.2,0.7,0.8,0
55,8,1,11,0.9,1.2,0.1,0.9,2.8,0,1.7,2.1,0.6,0.7,0
56,8,1,3,0.2,0.3,0,0.2,0.8,0,0.5,0.6,0.2,0.2,0
57,8,1,3,0.2,0.3,0,0.2,0.8,0,0.5,0.6,0.2,0.2,0
58,8,1,3.5,0.3,0.4,0,0.3,0.9,0,0.5,0.7,0.2,0.2,0
59,8,1,10,0.2,0.2,0.5,1.5,2.7,0.2,1.5,2.7,0.5,0,0
60,8,1,5,0.1,0.1,0.3,0.7,1.3,0.1,0.7,1.4,0.3,0,0
86,8,1,37.5,1.9,3.8,1.9,6.4,9.9,0.7,4.4,4.2,2,1.9,0.4
87,8,1,37,1.9,3.7,1.9,6.4,9.7,0.7,4.3,4.1,2,1.9,0.4
88,8,1,6,0.3,0.6,0.3,1,1.6,0.1,0.7,0.7,0.3,0.3,0.1
89,8,0,182.5,7,14,17.5,56,39,3,16,16,10,3,1
90,8,0,59,4,3,5,12,19,5,1,0,8,2,0
91,8,0,36,2,4,1,3,12,0,4,6,4,0,0
93,8,0,21,1,0,0,8,4,0,1,5,2,0,0
94,8,0,38,6,0,3,12,5,2,3,1,1,5,0
95,8,1,13,1.2,1.6,0.9,2.8,2.4,0.6,1.3,0.4,1.6,0.2,0
96,8,0,48.5,5.5,6,1,12,7,4,2,6,5,0,0
97,8,1,9,0.8,1.1,0.6,1.9,1.7,0.4,0.9,0.3,1.1,0.2,0
98,8,0,38.5,2,5,0,12,5,1,1,8,4.5,0,0
99,8,1,15,0.3,1.3,1.9,1.4,3.8,0.3,1,2.6,1.7,0.7,0
101,8,1,1,0,0.1,0.1,0.1,0.3,0,0.1,0.2,0.1,0,0
104,8,1,2,0.1,0.2,0.1,0.4,0.4,0,0.4,0.2,0.1,0.1,0
105,8,0,166.5,12.5,14.5,13,53,34,1,11,19,7.5,1,0
106,8,0,38,2,4.5,6,5,12,1,3,0,2.5,2,0
107,8,0,67,2,4,4,14,12,1,11,13,2,4,0
108,8,0,53.5,0,5.5,3,5,11,1,11,11,1,5,0
109,8,0,149.5,16,20,8,37,32,5,7,10,10.5,4,0
110,8,0,52.5,3,2.5,4,11,8,2,5,11,3,3,0
111,8,0,104,8,9,5,24,23,7,8,3,11,6,0
112,8,0,67,3,7,6,14,12,3,9,5,8,0,0
113,8,1,21,1,0.5,1.5,3,4,1,4,4,1.5,0.5,0
114,8,1,22,0.2,1.7,1.7,2.6,5.5,1.2,4.3,2.9,0.7,1.2,0
118,8,1,6,0.1,0.4,0.5,0.7,1.5,0.3,1.2,0.8,0.2,0.3,0
119,8,1,15,0.5,1.4,1.1,2.9,3.4,0,1.6,3.4,0.5,0.2,0
121,8,1,6,0.2,0.6,0.5,1.1,1.3,0,0.7,1.3,0.2,0.1,0
122,8,1,6,0.2,0.6,0.5,1.1,1.3,0,0.7,1.3,0.2,0.1,0
123,8,1,1,0,0.1,0.1,0.2,0.2,0,0.1,0.2,0.1,0,0
124,8,1,5,0.1,0.3,0.3,0.9,1,0.2,0.8,0.7,0.3,0.4,0
125,8,1,7,0.2,0.5,0.4,1.2,1.4,0.3,1.1,0.9,0.5,0.5,0
126,8,1,16.5,0.4,1.2,0.9,2.9,3.3,0.6,2.7,2.2,1.1,1.2,0
21,9,1,3,0.1,0.3,0.2,0.4,0.6,0,0.5,0.7,0.1,0.1,0
22,9,0,31.5,0,3,4,5,8,0,7,4,0.5,0,0
23,9,1,13,0.4,1.2,0.8,1.8,2.8,0.1,2.1,2.9,0.5,0.4,0
25,9,1,6,0.2,0.6,0.6,0.6,1.6,0,0.8,1.3,0.3,0,0
26,9,1,2,0.1,0.2,0.2,0.2,0.5,0,0.3,0.4,0.1,0,0
29,9,1,5,0.1,0.4,0.3,0.6,1.7,0.2,0.4,0.7,0.3,0.3,0
51,9,1,15,0,1.2,1.6,2.7,3.1,0.4,2.8,2,0.4,0.8,0
53,9,1,1,0,0.1,0.1,0.2,0.2,0,0.2,0.1,0,0.1,0
55,9,1,3,0.2,0.3,0,0.2,0.8,0,0.5,0.6,0.2,0.2,0
57,9,1,8,0.6,0.9,0.1,0.6,2,0,1.2,1.6,0.5,0.5,0
58,9,1,2,0.2,0.2,0,0.2,0.5,0,0.3,0.4,0.1,0.1,0
59,9,1,10,0.2,0.2,0.5,1.5,2.7,0.2,1.5,2.7,0.5,0,0
73,9,1,4,0,0.2,0.3,0.5,0.8,0,0.8,0.6,0.7,0.1,0
75,9,1,2,0,0.1,0.2,0.2,0.4,0,0.4,0.3,0.3,0.1,0
86,9,1,2,0.1,0.2,0.1,0.4,0.5,0.1,0.2,0.2,0.1,0.1,0
87,9,1,31,1.6,3.1,1.6,5.3,8.2,0.6,3.6,3.5,1.6,1.6,0.3
88,9,0,49,0,5,7,10,13,1,3,3,3,4,0
89,9,1,6,0.4,0.5,0.6,1.2,1.4,0.1,0.7,0.3,0.5,0.3,0
91,9,1,3,0.2,0.3,0.3,0.6,0.7,0,0.4,0.2,0.2,0.1,0
92,9,1,3.5,0.2,0.3,0.3,0.7,0.8,0.1,0.4,0.2,0.3,0.2,0
93,9,0,134.5,9.5,16,8,31,37,3,6,7,14,3,0
94,9,0,94.5,7,15.5,4,28,18,1.5,9,1,10.5,0,0
95,9,1,8,0.7,1,0.5,1.8,1.5,0.3,0.8,0.3,1,0.1,0
96,9,1,18,1.6,2.3,1.2,3.9,3.3,0.7,1.8,0.6,2.3,0.3,0
97,9,0,64,4,7,5,13,13,4,5,2,9,0,2
98,9,0,65,4,5,9,19,12,2,0,4,10,0,0
103,9,1,1,0,0.1,0.1,0.1,0.3,0,0.1,0.2,0.1,0,0
104,9,1,18,0.6,1.7,1.3,3.9,3.3,0.4,3.3,1.7,0.7,1.1,0
105,9,0,149,10,18,11,28,38,3,19,7,12,3,0
106,9,0,130,7,8,2,27,23,3,15,26,12,7,0
107,9,0,91,7,5.5,4,17,18,2,14,17,3.5,3,0
108,9,0,125,12.5,15,8,24,22,3,15,18,3.5,4,0
109,9,0,100.5,2,12.5,6,18,25,3,10,11,5,8,0
110,9,0,108.5,6,10.5,7,15,23,1,13,17,10,6,0
111,9,0,245.5,20,25,19.5,43,49,10,24,24,20,11,0
112,9,0,175.5,2,17.5,15.5,22,50,3,22,22,9.5,11,1
113,9,0,103.5,4,9.5,5,20,22,4,13,15,10,1,0
114,9,0,33.5,0.5,1,2,5,7,0,9,6,3,0,0
118,9,1,18,0.2,1.4,1.4,2.1,4.5,1,3.5,2.3,0.6,1,0
119,9,1,12,0.4,1.1,0.9,2.3,2.7,0,1.3,2.7,0.4,0.2,0
120,9,1,20,0.7,1.8,1.5,3.8,4.5,0,2.2,4.5,0.7,0.3,0
121,9,1,2,0.1,0.2,0.2,0.4,0.4,0,0.2,0.4,0.1,0,0
122,9,1,23,0.8,2.1,1.7,4.4,5.1,0,2.5,5.1,0.9,0.4,0
123,9,0,28,0,1,2,2,6,0,11,2,2,2,0
124,9,0,29,0,3,1,2,6,0,4,9,3,1,0
125,9,0,65,1,16.5,3.5,4,26,0,2,4,6,2,0
126,9,1,1,0,0.1,0,0.2,0.2,0,0.2,0.1,0.1,0.1,0
127,9,1,10,0.2,0.7,0.6,1.7,2,0.4,1.7,1.3,0.7,0.7,0
29,10,1,2,0,0.2,0.1,0.2,0.7,0.1,0.2,0.3,0.1,0.1,0
32,10,1,2,0,0.2,0.1,0.2,0.7,0.1,0.2,0.3,0.1,0.1,0
55,10,1,5,0.4,0.5,0,0.4,1.3,0,0.8,1,0.3,0.3,0
56,10,1,4,0.3,0.4,0.1,0.3,1,0,0.6,0.8,0.2,0.3,0
58,10,1,18,1.4,1.9,0.2,1.4,4.5,0,2.8,3.5,1.1,1.2,0
59,10,1,4,0.1,0.1,0.2,0.6,1,0.1,0.6,1.1,0.2,0,0
60,10,1,2,0,0.1,0.1,0.3,0.5,0.1,0.3,0.5,0.1,0,0
61,10,1,1,0,0,0.1,0.1,0.3,0,0.1,0.3,0.1,0,0
87,10,1,9,0.4,0.9,0.5,1.5,2.4,0.2,1,1,0.5,0.5,0.1
88,10,1,23,1.2,2.3,1.2,3.9,6,0.5,2.7,2.6,1.2,1.2,0.2
89,10,1,14,1,1.3,1.3,2.7,3.3,0.2,1.7,0.7,1.2,0.6,0
90,10,1,1,0.1,0.1,0.1,0.2,0.2,0,0.1,0.1,0.1,0,0
91,10,1,16,1.1,1.5,1.5,3.1,3.8,0.3,1.9,0.8,1.3,0.7,0
92,10,1,26.5,1.8,2.4,2.5,5.1,6.2,0.5,3.2,1.4,2.2,1.2,0
93,10,0,58.5,2,8.5,1,10,20,0,5,6,6,0,0
94,10,0,184,18,24.5,10.5,57,35,8,4,3,24,0,0
95,10,0,63.5,5,8,5.5,18,13,3,1,1,9,0,0
96,10,1,5,0.5,0.6,0.3,1.1,0.9,0.2,0.5,0.2,0.6,0.1,0
97,10,1,8,0.7,1,0.5,1.8,1.5,0.3,0.8,0.3,1,0.1,0
100,10,1,5,0.1,0.4,0.6,0.5,1.3,0.1,0.3,0.9,0.6,0.2,0
101,10,1,5,0.1,0.4,0.6,0.5,1.3,0.1,0.3,0.9,0.6,0.2,0
104,10,1,25,0.9,2.4,1.8,5.5,4.5,0.6,4.5,2.4,0.9,1.5,0
105,10,0,48.5,3,7.5,1,9,12,0,5,5,6,0,0
106,10,0,225.5,13,34,18,44,54,7,29,6,18.5,2,0
107,10,0,71,0,9,5,9,18,0,11,11,2,6,0
108,10,0,87,6,10,3,20,14,1,7,13,7,6,0
109,10,0,108,4,6,4,19,20,3,22,16,5,8,1
110,10,0,95,6,11,7,20,24,3,6,10,5,3,0
111,10,0,77.5,5,7.5,7,17,14,5,10,2,6,4,0
112,10,0,102,2,7,6,17,16,4,10,19,5,16,0
113,10,0,110,4,13,4,7,32,2,9,26,6,7,0
114,10,0,92.5,4,4,3,22,17,2,7,20,6.5,7,0
115,10,1,3,0,0.2,0.2,0.4,0.7,0.2,0.6,0.4,0.1,0.2,0
118,10,0,36,0,1,2,6,8,3,4,10,1,1,0
119,10,0,39,1,2,2,4,8,0,8,6,2,6,0
120,10,0,30.5,1,3.5,1,3,6,0,1,10,0,5,0
121,10,0,37,1,3,3,5,7,1,5,7,2,2,1
122,10,0,48,3,3,6,7,10,0,7,5,4,3,0
123,10,0,77,3,12,13,5,26,1,7,3,5,2,0
124,10,0,81,0,16,9,2,37,1,1,6,7,2,0
125,10,0,84,4.5,3.5,5,21,15,6,12,7,6,4,0
126,10,1,18,0.4,1.3,1,3.1,3.6,0.7,3,2.4,1.2,1.3,0
127,10,1,4,0.1,0.3,0.2,0.7,0.8,0.1,0.7,0.5,0.3,0.3,0
32,11,1,5,0.1,0.4,0.3,0.6,1.7,0.2,0.4,0.7,0.3,0.3,0
49,11,1,4,0.1,0.2,0.2,0.5,0.7,0.1,0.6,1,0.4,0.2,0
56,11,1,4,0,0.3,0.7,0.3,0.6,0,0.9,1.1,0,0.1,0
58,11,1,2,0,0.1,0.4,0.2,0.3,0,0.5,0.5,0,0,0
65,11,1,4,0,0.2,0.3,0.5,0.8,0,0.8,0.6,0.7,0.1,0
87,11,0,34.5,2,1,0,7,8,0.5,4,9,2,1,0
88,11,0,29,2,2,0,6,7,1,8,1,2,0,0
89,11,1,1,0,0.1,0.1,0.1,0.2,0,0.1,0.3,0,0.1,0
90,11,1,7,0,0.8,0.5,0.7,1.4,0.1,0.9,1.7,0.1,0.8,0
92,11,1,4,0,0.5,0.3,0.4,0.8,0.1,0.5,0.9,0,0.5,0
93,11,0,73,2,19,5,9,24,1,6,2,5,0,0
94,11,0,98,1,15,12,11,23,3,16,6,10,1,0
95,11,0,65.5,5,7.5,6,11,18,1,5,5,7,0,0
96,11,1,3,0,0.1,0.1,0.4,0.6,0.1,0.7,0.7,0.1,0.2,0
98,11,1,2,0,0.1,0,0.3,0.4,0,0.5,0.5,0.1,0.1,0
99,11,1,4,0.2,0.4,0.4,0.6,0.7,0,0.6,0.6,0.3,0.2,0
100,11,1,2,0.1,0.2,0.2,0.3,0.4,0,0.3,0.3,0.1,0.1,0
101,11,1,4.5,0.2,0.4,0.4,0.7,0.8,0.1,0.7,0.7,0.3,0.2,0
104,11,1,2,0,0.3,0.3,0.2,0.5,0,0.1,0.6,0,0,0
105,11,1,22,0,3.1,2.7,1.6,5.9,0.4,1.2,6.3,0,0.4,0.4
106,11,0,121,3.5,7.5,14,24,38,2,14,11,4,3,0
107,11,0,89,3,8,5,15,24,2,8,17,4,3,0
108,11,0,165.5,13,22.5,6,42,36,7.5,12,11,13.5,2,0
109,11,0,137,6,14,9,29,32,6,14,15,9,3,0
110,11,0,93.5,5,6.5,2,20,20,4,6,12,12,6,0
111,11,0,164,7,14,7,28,31,4,27,28,8,10,0
112,11,0,83,6,6,0,19,11,2,6,20,7,6,0
113,11,0,131.5,6,17.5,10,28,27,4,10,12,12,5,0
114,11,0,133.5,7,12.5,9,21,28,1,15,29,6,5,0
115,11,1,2,0,0.2,0.2,0.1,0.4,0,0.4,0.5,0.1,0.1,0
116,11,1,2,0,0.2,0.2,0.1,0.4,0,0.4,0.5,0.1,0.1,0
117,11,1,2,0,0.2,0.2,0.1,0.4,0,0.4,0.5,0.1,0.1,0
118,11,1,17,0.1,1.6,1.5,0.7,3.4,0,3.4,4.5,0.6,1.2,0
119,11,0,52.5,1.5,2,4,4,12,1,7,16,3,1,1
120,11,0,27.5,0,4,3,2,8,0,2,6,0.5,2,0
121,11,1,2,0,0,0.1,0.2,0.3,0,0.3,0.8,0.1,0.1,0.1
122,11,0,51,1,5,6,7,11,1,5,11,1,3,0
123,11,0,110.5,5,10.5,11,22,26,4,8,16,4,4,0
124,11,0,124.5,12,8,14,40,23,5,5,8,5.5,4,0
125,11,0,41.5,2,6.5,6.5,8,9,1.5,4,2,2,0,0
126,11,1,20,1.3,1.3,2.2,3.3,3.8,0.2,1.6,3.6,1.6,1.1,0
127,11,1,9,0.6,0.6,1,1.5,1.7,0.1,0.7,1.6,0.7,0.5,0
9,12,1,2,0.1,0.1,0.2,0.3,0.4,0.1,0.2,0.5,0.1,0,0
10,12,1,3,0.1,0.2,0.2,0.4,0.7,0.1,0.3,0.8,0.1,0.1,0
29,12,1,7,0.2,0.6,0.4,0.8,2.4,0.2,0.6,1,0.4,0.4,0
35,12,1,10,0.4,0.2,1.1,2.5,2.5,0.4,1,0.8,1.1,0,0
52,12,1,5,0.2,0.3,0.3,0.7,0.8,0.1,0.8,1.2,0.4,0.2,0
60,12,1,3,0.1,0.1,0.2,0.4,0.8,0.1,0.4,0.8,0.1,0,0
71,12,1,3,0,0.2,0.2,0.4,0.6,0,0.6,0.4,0.5,0.1,0
87,12,1,1,0,0,0,0.1,0.3,0,0.3,0.2,0,0.1,0
88,12,0,97,1,10.5,8,13,28,1.5,10,13,4,8,0
89,12,0,100.5,6,12,6,18,22,2,10,12,6.5,6,0
90,12,1,9,0,1.1,0.6,0.9,1.8,0.1,1.2,2.1,0.1,1.1,0
91,12,1,19.5,0,2.3,1.3,2,3.9,0.3,2.6,4.6,0.2,2.3,0
92,12,0,523,30,56,31,85,85,20,54,88,60,14,0
93,12,1,7,0,0.8,0.5,0.7,1.4,0.1,0.9,1.7,0.1,0.8,0
94,12,0,158.5,6,16.5,17,29,34,2.5,12,17,15.5,8,1
95,12,0,80.5,9,7,5,16,13,1,12,9,7.5,1,0
96,12,1,4,0.1,0.2,0.1,0.6,0.7,0.1,0.9,0.9,0.2,0.2,0
99,12,0,59,1,5,12,7,17,0,7,5,3,2,0
100,12,0,71,1,10,8,4,24,1,14,4,5,0,0
101,12,0,71.5,8,10,3,17,13,3,4,7,6.5,0,0
102,12,1,17,0.9,1.6,1.6,2.4,3,0.2,2.6,2.7,1.3,0.7,0
103,12,1,17,0.9,1.6,1.6,2.4,3,0.2,2.6,2.7,1.3,0.7,0
104,12,0,83,11,5,9,24,16,4,1,4,5,4,0
105,12,0,262,17.5,33.5,27,71,61,6.5,21,14,8.5,2,0
106,12,0,105.5,4,7.5,8.5,14,30,2,10,17,7.5,5,0
107,12,0,86,1,11,11,8,25,1,11,7,4,7,0
108,12,0,176,8,27.5,15,32,47,0,15,17,11.5,3,0
109,12,0,151,2,14,10,43,25,9,16,16,13,3,0
110,12,0,83.5,5,8.5,3,18,13,0,13,12,4,7,0
111,12,0,379.5,18,27,30,95,85,9,28,44,23.5,20,0
112,12,0,85.5,3,7,6,20,16,0.5,3,13,8,9,0
113,12,0,38,1,6.5,2,5,13,1,5,3,0.5,1,0
114,12,0,23,2,2,0,4,6,0,4,2,1,2,0
115,12,0,33,0,1,4,4,4,0,12,6,0,2,0
116,12,1,10,0.1,0.9,0.9,0.4,2,0,2,2.7,0.3,0.7,0
117,12,1,5,0,0.5,0.4,0.2,1,0,1,1.3,0.2,0.4,0
118,12,0,42,1.5,2,0,4,7,0,7,16,3.5,1,0
119,12,0,41.5,2,4.5,1,4,9,1,7,7,3,3,0
120,12,1,14,0.2,0,0.7,1.5,2.1,0.2,2.1,5.5,0.7,0.8,0.2
121,12,1,6,0.1,0,0.3,0.6,0.9,0.1,0.9,2.4,0.3,0.3,0.1
122,12,0,51,8,3.5,2.5,17,7,1,1,3,6,2,0
123,12,0,112,6,5.5,10,24,18,2,16,17,9.5,4,0
124,12,0,211.5,16,7.5,21,62,30,2,22,31,6,14,0
125,12,0,85,2,11,4,8,13,0,12,24,5,6,0
126,12,0,65.5,3,7,3,9,16,4,6,12,2.5,3,0
4,13,1,4,0.2,0.3,0.3,0.5,0.9,0.1,0.4,1,0.2,0.1,0
32,13,1,8,0.2,0.7,0.5,0.9,2.7,0.2,0.7,1.1,0.5,0.5,0
34,13,1,6,0.2,0.1,0.7,1.5,1.5,0.2,0.6,0.5,0.7,0,0
35,13,1,23,0.9,0.4,2.7,5.7,5.7,0.9,2.2,1.8,2.7,0,0
52,13,1,23,0.7,1.2,1.2,3.2,3.9,0.5,3.6,5.6,2.1,1,0
54,13,1,6,0,0.4,1.1,0.5,1,0,1.3,1.6,0,0.1,0
75,13,1,2,0,0.1,0.2,0.2,0.4,0,0.4,0.3,0.3,0.1,0
87,13,1,11,0,0.4,0.4,1.1,3.3,0,2.9,1.8,0.4,0.7,0
88,13,0,190.5,9.5,20,7,51,34,8.5,25,21,11.5,3,0
89,13,0,169,6.5,16,9,22,43,5,13,37,7.5,10,0
90,13,0,46,2,1,4,4,7,0,7,16,1,4,0
92,13,0,268.5,22,28,19,61,55,12.5,20,20,22,9,0
93,13,0,493,36,62,32,97,81,17,49,47,57,14,1
94,13,0,118,3,16,2,16,20,4,18,21,11,7,0
95,13,0,113,7,10.5,7.5,23,19,3,28,7,5,3,0
96,13,0,39.5,0,1,6,3,8,1,12,5,2.5,1,0
97,13,0,36,1,4,3,9,8,1,6,0,4,0,0
98,13,1,14,0.3,0.6,0.3,2,2.6,0.3,3.2,3.2,0.6,0.9,0
99,13,0,62,1,9,5,3,20,0,12,6,3,3,0
100,13,0,65,0,8,7,2,23,0,2,14,5,3,1
101,13,0,42.5,2,4.5,0,6,7,0,6,11,3,3,0
102,13,1,22,1.2,2,2,3.2,3.9,0.3,3.3,3.5,1.7,0.9,0
103,13,1,18,0.9,1.7,1.7,2.6,3.2,0.2,2.7,2.9,1.4,0.7,0
104,13,1,2,0,0.3,0.3,0.2,0.5,0,0.1,0.6,0,0,0
105,13,0,42,3,5,2,7,14,1,0,5,3,2,0
106,13,0,44,2,0,6,13,6,0,7,5,3,1,1
107,13,0,81,5,3,6,20,19,1,4,7,12,4,0
108,13,0,57.5,1,2.5,5,5,7,0,14,12,4,7,0
109,13,0,95.5,3,8.5,4,18,22,2,15,12,7,4,0
110,13,0,52.5,1,1,5,11,8,1,7,14,0.5,4,0
111,13,0,157,5,7,16,35,34,8,13,22,6,11,0
112,13,0,131,6,8,11,28,19,2,22,25,2,8,0
113,13,0,90,4,7,4,28,15,4,13,7,5,3,0
114,13,1,19,0.2,1.8,1.6,0.8,3.8,0,3.8,5.1,0.6,1.3,0
115,13,0,72,2,3.5,5,15,13,2,15,14,1.5,1,0
116,13,0,55,0,7,6,2,12,0,12,8,5,3,0
117,13,1,1,0,0.1,0.1,0,0.2,0,0.2,0.3,0,0.1,0
118,13,0,46,1,4,4,2,9,0,8,10,3,5,0
119,13,1,21,0.2,0,1,2.2,3.2,0.2,3.3,8.3,1,1.3,0.3
120,13,1,4,0,0,0.2,0.4,0.6,0.1,0.6,1.6,0.2,0.2,0.1
121,13,0,23.5,0,4.5,3,1,8,0,1,4,1,1,0
122,13,0,68,4,8,6,14,5,2,8,11,9,1,0
123,13,0,63.5,5,9.5,3,19,8,2,4,4,7,2,0
124,13,0,189.5,9.5,14,18,42,45,9.5,7,19,14.5,11,0
125,13,0,117.5,5,13.5,10,24,24,0.5,15,15,8.5,2,0
126,13,1,11,0.7,0.7,1.2,1.8,2.1,0.1,0.9,2,0.9,0.6,0
127,13,1,8,0.5,0.5,0.9,1.4,1.5,0.1,0.6,1.4,0.6,0.5,0
8,14,1,1,0.1,0.1,0.1,0.1,0.2,0,0.1,0.3,0,0,0
29,14,1,1,0,0.1,0.1,0.1,0.3,0,0.1,0.1,0.1,0.1,0
33,14,1,3,0.1,0.2,0.2,0.3,1,0.1,0.3,0.4,0.2,0.2,0
35,14,1,4,0.1,0.1,0.5,1,1,0.1,0.4,0.3,0.5,0,0
36,14,1,5,0.2,0.1,0.6,1.2,1.2,0.2,0.5,0.4,0.6,0,0
50,14,1,14,0.5,0.7,0.7,1.9,2.4,0.3,2.2,3.4,1.3,0.6,0
51,14,0,30,1,5.5,1,3,11,1,3,4,0.5,0,0
52,14,1,7,0.2,0.4,0.4,1,1.2,0.1,1.1,1.7,0.6,0.3,0
53,14,1,6,0.2,0.3,0.3,0.8,1,0.1,1,1.5,0.5,0.3,0
54,14,0,50,5,4,0,12,7,0,12,8,2,0,0
55,14,1,16,0,1.1,2.8,1.4,2.5,0,3.6,4.3,0,0.3,0
71,14,1,4,0,0.2,0.3,0.5,0.8,0,0.8,0.6,0.7,0.1,0
73,14,1,5,0,0.2,0.4,0.6,1.1,0,1.1,0.7,0.8,0.1,0
74,14,1,3,0,0.2,0.2,0.4,0.6,0,0.6,0.4,0.5,0.1,0
87,14,1,6,0,0.2,0.2,0.6,1.8,0,1.6,1,0.2,0.4,0
88,14,0,178,4,16.5,8,31,43,7,18,24,10.5,14,2
89,14,0,253,17,15.5,18,57,45,4.5,35.5,29,13.5,18,0
90,14,0,185.5,7,17.5,11,38,36,7,20,23,13,13,0
91,14,0,195.5,10,18,16,30,38,6,25,22,17.5,13,0
92,14,0,110,4,17,8,14,26,3,6,23,7,2,0
93,14,0,136,7,9.5,18,24,29,3,11,21,3.5,10,0
94,14,0,110,8,14,3,23,17,2,9,17,4,13,0
95,14,0,548.5,46,57,26,96,86,24.5,58,81,47,18,9
96,14,0,48,2,3,4,10,8,0,6,13,2,0,0
97,14,0,66.5,4,2,7.5,19,15,2,4,6,5,2,0
98,14,0,68,5,3,4,12,17,0,10,13,1,3,0
99,14,0,46,2,4,4,10,8,1,5,5,3,4,0
100,14,1,23,1.2,2.1,2.1,3.3,4.1,0.3,3.5,3.7,1.8,0.9,0
101,14,1,13,0.7,1.2,1.2,1.9,2.3,0.2,2,2,1,0.5,0
102,14,1,12,0.6,1.1,1.1,1.8,2.1,0.2,1.8,1.9,0.9,0.5,0
103,14,1,3,0.2,0.3,0.3,0.4,0.5,0,0.5,0.5,0.2,0.1,0
105,14,1,12,0,1.7,1.5,0.9,3.2,0.2,0.7,3.4,0,0.2,0.2
107,14,0,23,0,1,0,3,2,0,4,11,0,2,0
108,14,0,64.5,1,10.5,4,10,13,3,9,11,2,1,0
109,14,0,42,1,3,7,6,10,1,9,3,2,0,0
110,14,0,45,1,2.5,6,8,9,1,5,9,1.5,2,0
111,14,0,78,2,7,6,20,16,2,7,8,7,3,0
112,14,0,63,1,9,5,11,13,1,10,11,0,2,0
113,14,1,25,0.7,1.5,1.1,2.5,6.2,0.4,2.9,7.2,0.7,1.8,0
114,14,0,33,1,1,4,4,5,0,3,11,1,3,0
115,14,1,13,0.1,1.2,1.1,0.6,2.6,0,2.6,3.5,0.4,0.9,0
116,14,1,9,0.1,0.8,0.8,0.4,1.8,0,1.8,2.4,0.3,0.6,0
118,14,1,21,0.2,2,1.8,0.9,4.2,0,4.2,5.6,0.7,1.4,0
119,14,1,2,0,0,0.1,0.2,0.3,0,0.3,0.8,0.1,0.1,0.1
120,14,1,7,0.1,0,0.3,0.7,1.1,0.1,1.1,2.8,0.3,0.4,0.1
121,14,1,6,0.1,0,0.3,0.6,0.9,0.1,0.9,2.4,0.3,0.3,0.1
123,14,0,35,0,4,6,1,10,0,2,6,1,5,0
124,14,0,95,6,12,11,17,21,5,10,4,7,2,0
125,14,1,10,0.7,0.7,1.1,1.6,1.9,0.1,0.8,1.8,0.8,0.5,0
126,14,1,5,0.3,0.3,0.6,0.8,0.9,0.1,0.4,0.9,0.4,0.3,0
30,15,1,2,0,0.2,0.1,0.2,0.7,0.1,0.2,0.3,0.1,0.1,0
36,15,1,4,0.1,0.1,0.5,1,1,0.1,0.4,0.3,0.5,0,0
48,15,1,6,0,0.5,0.6,1.1,1.3,0.1,1.1,0.8,0.2,0.3,0
49,15,1,1,0,0.1,0.1,0.1,0.2,0,0.2,0.2,0.1,0,0
50,15,1,15.5,0.5,0.8,0.8,2.1,2.6,0.3,2.5,3.8,1.4,0.7,0
51,15,0,85,3,2,3.5,13,16,1,14,22,5.5,5,0
52,15,1,19,0.6,1,1,2.6,3.2,0.4,3,4.7,1.7,0.8,0
53,15,0,26,1,1,2,2,4,2,3,10,0,1,0
54,15,0,59,3,6,2,9,15,1,7,9,6,1,0
55,15,1,17,0,1.1,3,1.5,2.7,0,3.8,4.5,0,0.4,0
67,15,1,1,0,0.1,0.1,0.1,0.2,0,0.2,0.1,0.2,0,0
72,15,1,1,0,0.1,0.1,0.1,0.2,0,0.2,0.1,0.2,0,0
82,15,1,2,0,0.1,0.2,0.2,0.4,0,0.4,0.3,0.3,0.1,0
87,15,1,12,0,0.4,0.4,1.2,3.6,0,3.2,2,0.4,0.8,0
88,15,0,91.5,3,7,8,9,20,1,10,20,5.5,8,0
89,15,0,313,13,24,30,62,56,11,29,41,26,20,1
90,15,0,246,8,20,17.5,32,66,4,24,40,13.5,21,0
91,15,0,107,4,8,7,28,21,6,7,13,2,11,0
92,15,1,12,0,1.4,0.8,1.2,2.4,0.2,1.6,2.9,0.1,1.4,0
93,15,0,164.5,9,11,6,47,23,2,21,24,6.5,15,0
94,15,0,127.5,5,9.5,17,21,26,2,10,14,7,16,0
95,15,0,164,6,20,7,24,40,7,14,21,13,12,0
96,15,0,38,3,5,3,7,9,1,3,4,2,1,0
97,15,0,125.5,4,9.5,13,20,31,0,17,21,9,1,0
98,15,1,25,0.5,1.1,0.5,3.7,4.7,0.5,5.7,5.7,1,1.6,0
99,15,1,2,0.1,0.2,0.2,0.3,0.4,0,0.3,0.3,0.1,0.1,0
100,15,1,6,0.3,0.5,0.6,0.9,1.1,0.1,0.9,0.9,0.5,0.2,0
101,15,1,8,0.4,0.7,0.8,1.2,1.4,0.1,1.2,1.3,0.6,0.3,0
107,15,1,18,0,2.6,2.3,1.3,4.8,0.3,1,5.1,0,0.3,0.3
108,15,0,67,3,5,5,8,17,0,18,9,1,1,0
109,15,1,25,0.7,1.5,1.1,2.5,6.2,0.4,2.9,7.2,0.7,1.8,0
110,15,1,10,0.3,0.6,0.4,1,2.5,0.1,1.2,2.9,0.3,0.7,0
111,15,1,7,0.2,0.4,0.3,0.7,1.7,0.1,0.8,2.1,0.2,0.5,0
112,15,1,2,0.1,0.1,0.1,0.2,0.5,0,0.2,0.6,0.1,0.1,0
114,15,1,11,0.1,1,0.9,0.5,2.2,0,2.2,2.9,0.4,0.8,0
115,15,1,4,0,0.4,0.3,0.2,0.8,0,0.8,1.1,0.1,0.3,0
120,15,1,2,0,0,0.1,0.2,0.3,0,0.3,0.8,0.1,0.1,0.1
121,15,1,8,0.1,0,0.4,0.9,1.2,0.1,1.2,3.1,0.4,0.5,0.1
122,15,1,12,0.1,0,0.6,1.3,1.9,0.1,1.9,4.7,0.6,0.7,0.1
123,15,0,56,1,5,4,14,12,1,8,6,3,2,0
124,15,1,7,0.5,0.5,0.8,1.2,1.3,0.1,0.5,1.2,0.5,0.4,0
125,15,1,6,0.4,0.4,0.6,1,1.1,0.1,0.5,1.1,0.5,0.3,0
126,15,1,3,0.2,0.2,0.3,0.5,0.6,0,0.3,0.5,0.2,0.2,0
127,15,1,4,0.3,0.3,0.4,0.7,0.8,0,0.3,0.7,0.3,0.2,0
33,16,1,5,0.2,0.2,0.3,1.2,0.5,0.3,1,0.7,0.3,0.3,0
36,16,1,3,0.1,0.2,0.2,0.5,0.5,0,0.6,0.6,0.3,0,0
48,16,0,27,1,2,4,4,4,0,7,5,0,0,0
49,16,0,76.5,0,8,10,6,26,2,4,8,3.5,9,0
50,16,0,70,8,5,4,12,16,0,10,7,3,5,0
51,16,0,72,1,5,7,7,16,1,7,12,9,7,0
52,16,0,97,3,16.5,6,16,24,0,18,3,9.5,1,0
53,16,0,69,4,6,6,11,13,3,14,4,3,5,0
54,16,0,32,0,6,1,2,10,0,5,4,4,0,0
55,16,1,8,0,0.3,0.4,1,1,0,2.3,1.9,0.5,0.6,0
67,16,1,4,0.2,0,0.2,0.8,0.7,0.1,0.9,0.4,0.2,0.5,0
83,16,1,7,0.3,0,0.7,1.7,2.1,0.2,0.4,0.9,0.7,0,0
84,16,1,5,0.2,0.6,0.4,1.1,1.1,0.1,0.2,0.7,0.2,0.3,0.1
87,16,1,6,0.3,0.7,0.5,1.3,1.4,0.1,0.3,0.8,0.2,0.3,0.1
88,16,1,8,0.4,0.9,0.7,1.8,1.8,0.1,0.4,1.1,0.3,0.4,0.1
89,16,0,78,2,4,8,11,15,2,9,11,7,9,0
90,16,0,148.5,7,13.5,8,27,30,2.5,21,18,7.5,14,0
91,16,0,224,6,11.5,9.5,26,31.5,2.5,13,34,10,80,0
92,16,0,126,3,9.5,3,32,17,7.5,11,20,10,13,0
93,16,0,138,4.5,11.5,6,26,33,4,8,14,16,15,0
94,16,0,96,7,3,4,20,17,0.5,14,18,6.5,6,0
95,16,0,43,0,6,3,8,8,3,4,3,4,4,0
96,16,1,3,0,0.4,0.4,0.6,0.6,0.2,0.2,0.1,0.4,0.1,0
99,16,1,2,0,0,0,0.2,0.3,0,0.3,0.9,0,0.3,0
100,16,1,2,0,0,0,0.2,0.3,0,0.3,0.9,0,0.3,0
101,16,1,5,0,0,0,0.5,0.7,0.1,0.7,2.3,0,0.7,0
103,16,1,1,0,0,0,0.1,0.1,0,0.1,0.5,0,0.2,0
107,16,1,9,0.3,0.6,1,1.4,2.7,0.3,1.6,0.6,0.4,0.1,0
108,16,1,7,0.2,0.5,0.8,1.1,2.1,0.2,1.2,0.5,0.3,0.1,0
109,16,1,9,0.3,0.1,1,1,1.7,0.1,2.1,1.7,0.7,0.3,0
110,16,1,6,0.2,0.1,0.7,0.7,1.1,0.1,1.4,1.1,0.4,0.2,0
114,16,1,9,0.1,0.8,0.4,0.8,2.6,0.1,1.4,1.6,0.5,0.6,0.1
115,16,1,22,0.3,2,1,2,6.4,0.3,3.3,3.9,1.1,1.5,0.2
119,16,1,4,0.2,0.5,0.2,0.5,1,0.2,0.3,0.9,0.1,0.1,0
120,16,1,8,0.4,1,0.4,1,2,0.3,0.7,1.8,0.2,0.2,0
121,16,1,23,1.1,2.8,1.3,2.8,5.8,0.8,1.9,5.1,0.6,0.8,0
122,16,1,24,1.1,3,1.3,3,6.1,0.8,2,5.3,0.6,0.8,0
123,16,1,6,0.3,0.7,0.3,0.8,1.5,0.2,0.5,1.3,0.2,0.2,0
124,16,1,9,0.1,1.5,0.8,1.1,2.5,0,0.9,1.2,0.6,0.3,0
27,17,1,5,0.2,0.2,0.3,1.2,0.5,0.3,1,0.7,0.3,0.3,0
32,17,1,1,0,0,0.1,0.2,0.1,0.1,0.2,0.1,0.1,0.1,0
36,17,1,2.5,0.1,0.1,0.2,0.4,0.4,0.1,0.5,0.5,0.2,0,0
38,17,1,2,0.1,0.1,0.2,0.3,0.3,0,0.4,0.4,0.2,0,0
39,17,1,1,0,0,0.1,0.2,0.2,0,0.2,0.2,0.1,0,0
47,17,1,10,0,0.6,1.2,1.5,1.5,0,2.5,1.5,0.6,0.6,0
48,17,0,84,2,10,6,13,16,1,6,16,7,6,1
49,17,0,126.5,10,2.5,11,27,18,4,23,14,9,8,0
50,17,0,284.5,8,32,30,49,65,10.5,31,34,14,11,0
51,17,0,231,11.5,26.5,18,37,51,4,30,30,10,13,0
52,17,0,106.5,2,6.5,15,17,22,5,19,8,7,5,0
53,17,0,62.5,4,2,2,16,10,1,9,11,5.5,2,0
54,17,0,55,1,8.5,3.5,5,15,0,10,7,3,2,0
55,17,1,10,0,0.4,0.4,1.3,1.3,0,2.9,2.4,0.6,0.7,0
57,17,1,3,0,0.1,0.1,0.4,0.4,0,0.9,0.7,0.2,0.2,0
58,17,1,11,0,0.5,0.5,1.4,1.4,0,3.1,2.7,0.6,0.8,0
59,17,1,3,0,0.4,0.1,0.2,0.8,0.1,0.5,0.6,0.1,0.2,0
64,17,1,3,0.1,0,0.2,0.6,0.5,0.1,0.7,0.3,0.1,0.4,0
65,17,1,2,0.1,0,0.1,0.4,0.4,0,0.4,0.2,0.1,0.3,0
71,17,1,6,0.3,0,0.4,1.2,1,0.1,1.3,0.6,0.3,0.8,0
84,17,1,2,0.1,0.2,0.2,0.4,0.5,0,0.1,0.3,0.1,0.1,0
89,17,0,124.5,7,13.5,5,17,25,3,16,18,4,16,0
90,17,0,294,13,25.5,20,72,58,10,27,33,16.5,19,0
91,17,0,356,15,38,19,55,75,8.5,44,48,22.5,28,3
92,17,0,85,6,7,4,13,16,2,15,10,5,7,0
93,17,0,131,5,7,7,20,25,0,18,27,6,16,0
94,17,0,77,2,9,9,12,12,0,13,10,6,4,0
95,17,0,99,3,3.5,11,29,15,2,13,11,3.5,8,0
103,17,1,2,0,0,0,0.2,0.3,0,0.3,0.9,0,0.3,0
104,17,1,4,0.1,0.3,0.4,0.6,1.2,0.1,0.7,0.3,0.2,0.1,0
107,17,1,4,0.1,0.3,0.4,0.6,1.2,0.1,0.7,0.3,0.2,0.1,0
108,17,1,14,0.4,1,1.5,2.1,4.2,0.4,2.5,1,0.7,0.2,0
110,17,1,6,0.2,0.1,0.7,0.7,1.1,0.1,1.4,1.1,0.4,0.2,0
112,17,1,2,0.1,0,0.2,0.2,0.4,0,0.5,0.4,0.1,0.1,0
113,17,1,6,0.2,0.1,0.7,0.7,1.1,0.1,1.4,1.1,0.4,0.2,0
114,17,1,3,0,0.3,0.1,0.3,0.9,0,0.5,0.5,0.2,0.2,0
115,17,1,27,0.4,2.4,1.2,2.4,7.9,0.4,4,4.9,1.4,1.8,0.2
116,17,1,5,0.1,0.4,0.2,0.5,1.5,0.1,0.7,0.9,0.3,0.3,0
120,17,1,4,0.2,0.5,0.2,0.5,1,0.2,0.3,0.9,0.1,0.1,0
121,17,1,1,0.1,0.1,0.1,0.1,0.3,0,0.1,0.2,0,0,0
122,17,1,10.5,0.5,1.3,0.6,1.3,2.6,0.4,0.9,2.3,0.3,0.3,0
123,17,1,10,0.5,1.2,0.6,1.2,2.5,0.4,0.8,2.2,0.3,0.3,0
124,17,1,6.5,0,1.1,0.6,0.8,1.8,0,0.7,0.9,0.4,0.2,0
127,17,1,1,0,0.2,0.1,0.1,0.3,0,0.1,0.1,0.1,0,0
37,18,1,7,0.2,0.4,0.5,1.2,1.2,0.1,1.3,1.4,0.7,0,0
38,18,1,9,0.3,0.5,0.7,1.5,1.5,0.2,1.7,1.8,0.8,0,0
47,18,0,97,1,16,12,8,30,2,23,3,2,0,0
48,18,0,95.5,1,15.5,7,6,32,2,7,12,8,5,0
49,18,0,70,1,2.5,6,7,16,0,15,14,3.5,5,0
50,18,1,9,0.1,0.4,0.6,1.2,1.7,0.1,0.9,2.9,0.1,1,0
51,18,0,97.5,2.5,7,13,11,23,3,19,9,7,3,0
52,18,0,90,5,7,7,6,21,2,10,21,5,6,0
53,18,0,88,2,6,6,18,18,2,14,15,3,4,0
54,18,0,46,1,6,6,2,13,1,7,5,3,2,0
55,18,1,8,0,0.3,0.4,1,1,0,2.3,1.9,0.5,0.6,0
56,18,1,1,0,0,0.1,0.1,0.1,0,0.3,0.2,0.1,0.1,0
57,18,1,2,0,0.1,0.1,0.2,0.3,0,0.6,0.5,0.1,0.1,0
58,18,1,2,0,0.1,0.1,0.2,0.3,0,0.6,0.5,0.1,0.1,0
59,18,1,3,0,0.4,0.1,0.2,0.8,0.1,0.5,0.6,0.1,0.2,0
60,18,1,4,0.1,0.6,0.1,0.3,1,0.1,0.6,0.8,0.2,0.2,0
61,18,1,1,0,0.1,0,0.1,0.3,0,0.2,0.2,0,0.1,0
62,18,1,6,0.1,0.8,0.1,0.5,1.6,0.1,0.9,1.2,0.3,0.4,0
64,18,1,5,0.2,0,0.3,1,0.9,0.1,1.1,0.5,0.2,0.7,0
83,18,1,15,0.7,0,1.5,3.7,4.5,0.4,0.8,1.9,1.5,0,0
84,18,1,5,0.2,0.6,0.4,1.1,1.1,0.1,0.2,0.7,0.2,0.3,0.1
85,18,1,14,0.7,1.7,1.2,3.1,3.1,0.2,0.7,1.9,0.5,0.7,0.2
89,18,0,180,13,17,20,44,26,3.5,15,23,11.5,7,0
90,18,0,335,12.5,28.5,21,86,76,7.5,29,31,23.5,20,0
91,18,0,172.5,9,11.5,17.5,30,28,1.5,22,36,2,15,0
92,18,0,92,6,8.5,7,19,15,0,9,13,4.5,10,0
93,18,0,85,1,1,8,14,18,0,10,20,0,13,0
94,18,0,150.5,12,9,15,30,23,4,21,22,5.5,8,1
95,18,1,34,0,4.9,4.1,6.5,7.3,2.4,2.4,0.8,4,1.6,0
96,18,1,3,0,0.4,0.4,0.6,0.6,0.2,0.2,0.1,0.4,0.1,0
102,18,1,2,0,0,0,0.2,0.3,0,0.3,0.9,0,0.3,0
103,18,1,4,0,0,0,0.4,0.5,0.1,0.6,1.8,0,0.6,0
109,18,1,1,0,0,0.1,0.1,0.2,0,0.3,0.2,0.1,0,0
110,18,1,4,0.1,0.1,0.5,0.5,0.7,0.1,0.9,0.7,0.3,0.1,0
112,18,1,8,0.2,0.1,0.9,0.9,1.5,0.1,1.9,1.5,0.6,0.3,0
113,18,1,6,0.2,0.1,0.7,0.7,1.1,0.1,1.4,1.1,0.4,0.2,0
114,18,1,13,0.2,1.1,0.6,1.2,3.8,0.2,1.9,2.3,0.7,0.9,0.1
115,18,1,5,0.1,0.4,0.2,0.5,1.5,0.1,0.7,0.9,0.3,0.3,0
116,18,1,5,0.1,0.4,0.2,0.5,1.5,0.1,0.7,0.9,0.3,0.3,0
117,18,1,4,0.1,0.3,0.2,0.3,1.2,0.1,0.6,0.7,0.2,0.3,0
118,18,1,2,0,0.2,0.1,0.2,0.6,0,0.3,0.4,0.1,0.1,0
122,18,1,18,0.8,2.2,1,2.2,4.6,0.6,1.5,4,0.5,0.6,0
123,18,1,4,0.2,0.5,0.2,0.5,1,0.2,0.3,0.9,0.1,0.1,0
124,18,1,5,0,0.8,0.4,0.6,1.4,0,0.5,0.7,0.4,0.2,0
125,18,1,7.5,0.1,1.2,0.6,0.9,2.1,0,0.8,1,0.5,0.3,0
38,19,1,7,0.2,0.4,0.5,1.2,1.2,0.1,1.3,1.4,0.7,0,0
46,19,0,41,5,5,2,8,9,1,1,2,5,3,0
47,19,0,60,0,9,1,2,15,2,7,14,6,4,0
48,19,0,54.5,0,6.5,5,4,16,0,5,14,4,0,0
49,19,1,4,0.1,0.2,0.2,0.5,0.7,0.1,0.4,1.3,0.1,0.4,0
50,19,1,1,0,0.1,0.1,0.1,0.2,0,0.1,0.3,0,0.1,0
51,19,1,11.5,0.2,0.5,0.7,1.5,2.1,0.2,1.1,3.7,0.2,1.3,0
52,19,0,39.5,1,3.5,3,9,10,1,4,6,1,1,0
53,19,0,68.5,4,8.5,5,12,18,1,3,10,7,0,0
56,19,1,2,0,0.1,0.1,0.2,0.3,0,0.6,0.5,0.1,0.1,0
57,19,1,3,0,0.1,0.1,0.4,0.4,0,0.9,0.7,0.2,0.2,0
58,19,1,9,0,0.4,0.4,1.1,1.2,0,2.6,2.2,0.5,0.6,0
59,19,1,13,0.1,1.8,0.3,1.1,3.4,0.3,2,2.6,0.6,0.8,0
61,19,1,17,0.2,2.4,0.4,1.4,4.4,0.4,2.6,3.4,0.8,1,0
62,19,0,119,12,10,6,31,24,5,9,10,8,4,0
63,19,1,23,0.3,3.2,0.5,1.9,6,0.5,3.5,4.6,1.1,1.4,0
64,19,1,4,0.2,0,0.2,0.8,0.7,0.1,0.9,0.4,0.2,0.5,0
66,19,1,3,0.1,0,0.2,0.6,0.5,0.1,0.7,0.3,0.1,0.4,0
81,19,1,1,0,0,0.1,0.3,0.3,0,0.1,0.1,0.1,0,0
83,19,0,47,1,8,4,7,12,1,7,4,2,1,0
84,19,0,94.5,1,9,7,16,18,1,17,14,8.5,3,0
85,19,0,365.5,28,44.5,20,76,58,9.5,37,37,45.5,10,0
86,19,0,206,13,21,15,56,42,5.5,15,7,27.5,3,1
87,19,0,34,4,5,0,9,5,1,0,5,4,1,0
88,19,1,19,1,2.2,1.6,4.2,4.2,0.3,1,2.6,0.6,1,0.3
89,19,0,44.5,5,3.5,3,11,7,2,0,6,4,3,0
90,19,0,187,9,7.5,20.5,37,39,4,24,25,13,8,0
91,19,0,273,16,22.5,28,52.5,39,3,31,47,16,18,0
92,19,0,121,5,16.5,8,16,25,4,12,16,6.5,12,0
93,19,0,33,1,3,3,6,4,1,1,11,0,3,0
94,19,0,40,0,2,2,6,9,1,7,7,2,4,0
95,19,1,2,0,0.3,0.2,0.4,0.4,0.1,0.2,0.1,0.2,0.1,0
104,19,1,5,0.1,0.3,0.6,0.8,1.5,0.1,0.9,0.4,0.2,0.1,0
105,19,1,6,0.2,0.4,0.6,0.9,1.8,0.2,1.1,0.4,0.3,0.1,0
112,19,1,5,0.1,0.1,0.6,0.6,0.9,0.1,1.2,0.9,0.4,0.1,0
113,19,1,4,0.1,0.1,0.5,0.5,0.7,0.1,0.9,0.7,0.3,0.1,0
114,19,1,9,0.1,0.8,0.4,0.8,2.6,0.1,1.4,1.6,0.5,0.6,0.1
115,19,1,5,0.1,0.4,0.2,0.5,1.5,0.1,0.7,0.9,0.3,0.3,0
117,19,1,10,0.1,0.9,0.4,0.9,2.9,0.2,1.5,1.8,0.5,0.7,0.1
118,19,1,13,0.2,1.1,0.6,1.2,3.8,0.2,1.9,2.3,0.7,0.9,0.1
119,19,1,5.5,0.2,0.7,0.3,0.7,1.4,0.2,0.5,1.2,0.1,0.2,0
121,19,1,11,0.5,1.3,0.6,1.4,2.8,0.4,0.9,2.4,0.3,0.4,0
122,19,1,11,0.5,1.3,0.6,1.4,2.8,0.4,0.9,2.4,0.3,0.4,0
124,19,1,2,0,0.3,0.2,0.2,0.6,0,0.2,0.3,0.1,0.1,0
125,19,1,6,0.1,1,0.5,0.7,1.7,0,0.6,0.8,0.4,0.2,0
26,20,1,2,0.1,0.1,0.1,0.5,0.2,0.1,0.4,0.3,0.1,0.1,0
38,20,1,3,0.1,0.2,0.2,0.5,0.5,0,0.6,0.6,0.3,0,0
45,20,1,20,0,1.2,2.4,3,3,0,4.9,3.1,1.2,1.2,0
46,20,0,95.5,7,18,5,14,24,2,9,10,5.5,1,0
47,20,0,60,0,9,6,7,21,0,8,3,4,2,0
48,20,1,3,0,0.2,0.4,0.4,0.4,0,0.7,0.5,0.2,0.2,0
49,20,1,7,0.1,0.3,0.4,0.9,1.3,0.1,0.7,2.3,0.1,0.8,0
50,20,1,12,0.2,0.5,0.8,1.5,2.2,0.2,1.2,3.9,0.2,1.3,0
51,20,1,14,0.2,0.6,0.9,1.8,2.6,0.2,1.4,4.5,0.2,1.6,0
52,20,1,10,0.1,0.4,0.6,1.3,1.9,0.1,1,3.3,0.2,1.1,0
53,20,1,2,0,0.1,0.1,0.3,0.4,0,0.2,0.7,0,0.2,0
55,20,1,4,0,0.2,0.2,0.5,0.5,0,1.1,1,0.2,0.3,0
57,20,1,2,0,0.1,0.1,0.2,0.3,0,0.6,0.5,0.1,0.1,0
58,20,1,5,0,0.2,0.2,0.6,0.7,0,1.4,1.2,0.3,0.4,0
59,20,1,9,0.1,1.3,0.2,0.8,2.3,0.2,1.4,1.8,0.4,0.5,0
60,20,0,27,2,1,1,2,8,1,5,3,2,2,0
61,20,1,6,0.1,0.8,0.1,0.5,1.6,0.1,0.9,1.2,0.3,0.4,0
62,20,0,28.5,1,0.5,1,4,4,1,10,4,1,2,0
63,20,0,24.5,0,3.5,3,3,5,0,2,6,1,1,0
65,20,1,6,0.3,0,0.4,1.2,1,0.1,1.3,0.6,0.3,0.8,0
67,20,1,8,0.3,0,0.5,1.6,1.4,0.2,1.7,0.9,0.4,1,0
70,20,1,2,0.1,0,0.1,0.4,0.4,0,0.4,0.2,0.1,0.3,0
82,20,1,14,0.7,0,1.4,3.5,4.2,0.3,0.7,1.8,1.4,0,0
83,20,0,99.5,6,9,5,22,27,8,6,6,7,0,3.5
84,20,0,114,5,17,16,13,37,3,12,1,9,1,0
85,20,0,304.5,24,23.5,32,79,59,11,32,12,28,3,1
86,20,0,175,11.5,17,15,44,38,5.5,18,15,7,4,0
87,20,0,96,5,5,6,17,21,2,11,19,4,6,0
88,20,0,37,2,2,2,5,7,2,4,9,3,1,0
89,20,1,18.5,1.9,0.9,0,3.7,3.1,0.3,3.7,3.1,1.2,0.6,0
90,20,1,2,0.2,0.1,0,0.4,0.3,0.1,0.4,0.3,0.1,0.1,0
91,20,0,29,0,0,2,7,1,0,8,10,0,1,0
92,20,0,210,15,18,12,34,46,9,16,23,20,15,2
93,20,1,9.5,0.9,0.5,0,1.9,1.6,0.2,1.9,1.6,0.6,0.3,0
94,20,0,47,2,7,4,10,12,2,3,2,5,0,0
103,20,1,1,0,0,0,0.1,0.1,0,0.1,0.5,0,0.2,0
104,20,1,4,0.1,0.3,0.4,0.6,1.2,0.1,0.7,0.3,0.2,0.1,0
110,20,1,3,0.1,0,0.3,0.4,0.6,0,0.7,0.6,0.2,0.1,0
112,20,1,7,0.2,0.1,0.8,0.8,1.3,0.1,1.7,1.3,0.5,0.2,0
113,20,1,2,0.1,0,0.2,0.2,0.4,0,0.5,0.4,0.1,0.1,0
116,20,1,2,0,0.2,0.1,0.2,0.6,0,0.3,0.4,0.1,0.1,0
119,20,1,2,0.1,0.2,0.1,0.2,0.5,0.1,0.2,0.4,0.1,0.1,0
120,20,1,7,0.3,0.9,0.4,0.9,1.8,0.2,0.6,1.5,0.2,0.2,0
121,20,1,2,0.1,0.2,0.1,0.2,0.5,0.1,0.2,0.4,0.1,0.1,0
122,20,1,3,0.1,0.4,0.2,0.4,0.7,0.1,0.2,0.7,0.1,0.1,0
124,20,1,6,0.1,1,0.5,0.7,1.7,0,0.6,0.8,0.4,0.2,0
126,20,1,12,0.1,2,1,1.5,3.3,0,1.2,1.7,0.8,0.4,0
20,21,1,3,0.1,0.4,0.2,0.6,0.7,0.1,0.4,0.2,0.3,0,0
21,21,1,13,0.4,1.8,1,2.3,3,0.4,1.8,0.8,1.3,0,0.2
22,21,1,6,0.1,0.8,0.5,1.1,1.4,0.2,0.8,0.4,0.6,0,0.1
23,21,1,4,0.1,0.6,0.3,0.7,0.9,0.1,0.6,0.3,0.4,0,0
25,21,1,4,0.3,0.3,0.4,0.6,1.1,0.1,0.4,0.4,0.2,0.2,0
26,21,1,1,0.1,0.1,0.1,0.1,0.3,0,0.1,0.1,0.1,0,0
29,21,1,9,0.3,0.3,0.6,2.2,0.9,0.5,1.8,1.2,0.6,0.6,0
45,21,1,22,0.2,2.5,2.9,1.5,5.3,0,3.6,3.4,1.9,0.7,0
46,21,0,58,1,12,7,6,16,0,4,6,5,0,1
47,21,0,43,2,4,6,5,11,1,6,5,2,1,0
48,21,1,16,0.2,1.8,2.1,1.1,3.8,0,2.6,2.5,1.4,0.5,0
49,21,1,2.5,0,0.3,0.2,0.2,0.6,0.1,0.4,0.5,0.2,0,0
51,21,1,22,0.3,2.7,2,1.8,5.2,0.5,3.5,4.4,1.3,0.3,0
52,21,1,13,0.2,1.6,1.1,1.1,3.1,0.3,2,2.6,0.8,0.2,0
53,21,1,19,0.3,2.3,1.7,1.6,4.5,0.4,3,3.8,1.1,0.3,0
54,21,1,8,0.2,0.6,0.6,1.4,1.3,0.4,1.6,1.3,0.3,0.3,0
55,21,1,6,0.1,0.5,0.4,1.1,1,0.3,1.2,1,0.2,0.2,0
56,21,1,13,0.3,1,1,2.3,2.2,0.6,2.6,2.2,0.4,0.4,0
59,21,1,1,0.1,0,0.1,0.2,0.1,0,0.1,0.2,0.1,0.1,0
60,21,1,9,0.7,0.4,0.5,1.5,1.1,0.3,1.3,1.6,0.6,0.9,0.1
61,21,1,14.5,1.1,0.6,0.8,2.5,1.8,0.5,2.1,2.6,1,1.4,0.1
62,21,1,2,0.2,0.1,0.1,0.3,0.2,0.1,0.3,0.4,0.1,0.2,0
63,21,1,3,0.2,0.1,0.2,0.5,0.4,0.1,0.4,0.6,0.2,0.3,0
64,21,1,2,0.1,0,0.1,0.5,0.2,0,0.4,0.4,0.1,0.2,0
65,21,1,3,0.1,0.1,0.2,0.7,0.3,0.1,0.6,0.5,0.1,0.3,0
66,21,1,9,0.4,0.2,0.6,2.1,1,0.2,1.7,1.6,0.4,0.8,0
80,21,1,4,0.1,0.5,0,0.5,1.1,0.1,0.7,0.8,0.1,0.1,0
81,21,1,5,0.1,0.7,0.1,0.6,1.3,0.2,0.9,0.9,0.1,0.1,0
82,21,0,53,5,4,3,17,8,0,8,2,5,1,0
83,21,0,82,5,12,5,14,26,2,7,5,5,1,0
84,21,0,151.5,6,16,18,28,32,0,20,10,15.5,6,0
85,21,0,222,15,27,16,42,41,8,32,21,15,5,0
86,21,0,182,8.5,21,13,23,40,4.5,22,39,10,1,0
87,21,0,63,1,4.5,4,11,8,2,13,17,1.5,1,0
88,21,0,72,2,5,10,11,16,0,14,8,5,1,0
89,21,1,22,0.6,2.1,1.1,3.2,4.3,0.5,3.7,3.4,1.5,1.6,0
90,21,1,14,0.4,1.3,0.7,2,2.8,0.3,2.4,2.1,1,1,0
91,21,1,31,0.8,2.9,1.5,4.5,6.2,0.7,5.3,4.8,2.1,2.2,0
92,21,0,41.5,1,3.5,3,9,6,1,4,12,1,1,0
93,21,1,2,0.1,0.2,0.1,0.3,0.4,0.1,0.3,0.3,0.1,0.1,0
94,21,1,3,0.1,0,0.1,0.7,0.8,0.1,0.9,0.2,0.1,0,0
103,21,1,4,0,0,0,0.4,0.5,0.1,0.6,1.8,0,0.6,0
104,21,1,2,0.1,0.1,0.2,0.3,0.6,0.1,0.4,0.1,0.1,0,0
111,21,1,2,0.1,0.1,0.2,0.3,0.6,0.1,0.4,0.1,0.1,0,0
113,21,1,1,0,0.1,0.1,0.2,0.3,0,0.2,0.1,0,0,0
114,21,1,3,0.1,0.1,0.4,0.3,0.8,0,0.4,0.5,0.2,0.2,0
116,21,1,7,0.2,0.3,0.9,0.7,1.9,0,1,1,0.4,0.5,0.1
120,21,1,1,0,0,0.1,0.1,0.3,0,0.1,0.2,0.1,0.1,0
123,21,1,4,0.1,0.2,0.5,0.4,1.1,0,0.6,0.6,0.2,0.3,0
127,21,1,3,0,0.1,0.3,0.8,0.4,0,0.7,0.3,0.1,0.3,0
17,22,1,14,0.8,1.3,1.3,3.3,3.6,0.6,1.2,1.3,0.6,0,0
18,22,1,25,1.4,2.4,2.4,5.8,6.5,1,2.1,2.4,1,0,0
19,22,0,67.5,4,7,4,12,18,3,5,5,4.5,5,0
20,22,0,122.5,5,11.5,6,22,27,3,25,11,6,6,0
21,22,0,101,8,4,5,28,13,5,12,12,10,4,0
22,22,0,65.5,0,5,4,10,19,1.5,9,5,7,5,0
23,22,0,37,2,2,2,8,7,1,2,11,2,0,0
24,22,1,16.5,1.3,1.4,1.8,2.5,4.3,0.2,1.8,1.6,0.9,0.7,0
25,22,1,15,1.1,1.2,1.7,2.3,3.9,0.2,1.7,1.5,0.8,0.6,0
26,22,1,8,0.6,0.7,0.9,1.2,2.1,0.1,0.9,0.8,0.4,0.3,0
32,22,1,3,0.1,0.1,0.2,0.7,0.3,0.2,0.6,0.4,0.2,0.2,0
42,22,1,4,0.1,0.2,0.3,0.7,0.7,0.1,0.7,0.8,0.4,0,0
43,22,1,4,0.1,0.2,0.3,0.7,0.7,0.1,0.7,0.8,0.4,0,0
44,22,1,5,0,0.6,0.7,0.3,1.2,0,0.8,0.8,0.4,0.2,0
45,22,1,4,0,0.5,0.5,0.3,1,0,0.7,0.6,0.3,0.1,0
46,22,0,33,1,0,3,3,6,1,7,7,3,2,0
47,22,1,14.5,0.1,1.7,1.9,0.9,3.5,0,2.4,2.2,1.3,0.5,0
48,22,1,3,0,0.3,0.4,0.2,0.7,0,0.5,0.5,0.3,0.1,0
50,22,1,5,0.1,0.6,0.4,0.4,1.2,0.1,0.8,1,0.3,0.1,0
51,22,0,42,0,5,2,2,11,0,7,8,4,3,0
52,22,1,7,0.1,0.9,0.6,0.6,1.7,0.1,1.1,1.4,0.4,0.1,0
53,22,1,22,0.3,2.7,2,1.8,5.2,0.5,3.5,4.4,1.3,0.3,0
54,22,0,29.5,0,1.5,3,2,6,0,6,7,2,2,0
55,22,0,28,1,1,2,4,4,0,7,5,2,2,0
56,22,0,27,0,3,3,0,10,0,5,4,1,1,0
57,22,1,7,0.2,0.6,0.5,1.2,1.2,0.3,1.4,1.2,0.2,0.2,0
59,22,1,9,0.7,0.4,0.5,1.5,1.1,0.3,1.3,1.6,0.6,0.9,0.1
60,22,1,17,1.3,0.7,1,2.9,2.1,0.6,2.4,3,1.2,1.6,0.2
61,22,1,14,1.1,0.6,0.8,2.4,1.7,0.5,2,2.5,1,1.3,0.1
64,22,1,6,0.3,0.1,0.4,1.4,0.7,0.1,1.2,1,0.3,0.5,0
65,22,1,4,0.2,0.1,0.3,0.9,0.4,0.1,0.8,0.7,0.2,0.3,0
67,22,1,2,0.1,0,0.1,0.5,0.2,0,0.4,0.4,0.1,0.2,0
80,22,1,4,0.1,0.5,0,0.5,1.1,0.1,0.7,0.8,0.1,0.1,0
81,22,1,4,0.1,0.5,0,0.5,1.1,0.1,0.7,0.8,0.1,0.1,0
82,22,1,9,0.2,1.2,0.1,1,2.4,0.4,1.6,1.7,0.2,0.2,0
83,22,0,55,4,2,5,11,10,1,8,8,5,1,0
84,22,0,118.5,5,18.5,8,15,35,5,12,5,13,2,0
85,22,0,250.5,14,38,14,34,62,5,29,27,21.5,6,0
86,22,0,163.5,5,24,13,27,35,8.5,14,19,13,5,0
87,22,0,82.5,4,4.5,7,18,16,1,18,7,5,2,0
88,22,0,160,6,10,14,59,30,2.5,9,16,4.5,9,0
89,22,1,22,0.6,2.1,1.1,3.2,4.3,0.5,3.7,3.4,1.5,1.6,0
90,22,0,32,0,2,2,1,5,1,5,12,1,3,0
91,22,0,55,0,5,3,6,17,3,5,13,3,0,0
92,22,0,34,1,3,2,3,3,0,9,11,2,0,0
93,22,1,2,0.1,0.2,0.1,0.3,0.4,0.1,0.3,0.3,0.1,0.1,0
95,22,1,3,0.1,0,0.1,0.7,0.8,0.1,0.9,0.2,0.1,0,0
97,22,1,4,0.1,0,0.2,1,1.1,0.1,1.1,0.3,0.1,0,0
103,22,1,4,0,0,0,0.4,0.5,0.1,0.6,1.8,0,0.6,0
104,22,1,7.5,0.2,0.5,0.8,1.1,2.3,0.2,1.4,0.5,0.4,0.1,0
113,22,1,2,0.1,0.1,0.2,0.3,0.6,0.1,0.4,0.1,0.1,0,0
114,22,1,1,0,0,0.1,0.1,0.3,0,0.1,0.2,0.1,0.1,0
117,22,1,5,0.2,0.2,0.6,0.5,1.3,0,0.7,0.7,0.3,0.4,0.1
120,22,1,3,0.1,0.1,0.4,0.3,0.8,0,0.4,0.5,0.2,0.2,0
126,22,1,9,0,0.3,0.8,2.4,1.3,0,2.1,1,0.3,0.8,0
127,22,1,1,0,0,0.1,0.3,0.2,0,0.2,0.1,0,0.1,0
16,23,1,11,0.6,1,1.1,2.6,2.9,0.4,0.9,1.1,0.4,0,0
17,23,0,38.5,0,1,6,6,9,1.5,6,5,1,3,0
18,23,0,49.5,2,0,0,12,8,1,7,8,5.5,6,0
19,23,0,66.5,2,7.5,2,12,12,0.5,7,6,8.5,8,1
20,23,0,80.5,4.5,3.5,7,18,20,0,8,11,2.5,6,0
21,23,0,215,7,11.5,18,54,49,2,21,27,10.5,14,1
22,23,0,46,0,3,5,7,10,3,6,9,2,1,0
23,23,1,18.5,0.5,2.6,1.4,3.3,4.3,0.5,2.6,1.2,1.9,0,0.2
24,23,1,4,0.3,0.3,0.4,0.6,1.1,0.1,0.4,0.4,0.2,0.2,0
25,23,0,110.5,1.5,11.5,5.5,20,21,2,15,21,5,8,0
26,23,0,65.5,2,6.5,1,9,13,1,12,14,5,2,0
27,23,1,8,0.6,0.7,0.9,1.2,2.1,0.1,0.9,0.8,0.4,0.3,0
33,23,1,1.5,0,0,0.1,0.4,0.2,0.1,0.3,0.2,0.1,0.1,0
42,23,1,4,0.1,0.2,0.3,0.7,0.7,0.1,0.7,0.8,0.4,0,0
43,23,1,5,0.1,0.3,0.4,0.8,0.9,0.1,0.9,1,0.5,0,0
46,23,1,3,0,0.3,0.4,0.2,0.7,0,0.5,0.5,0.3,0.1,0
48,23,1,16,0.2,1.8,2.1,1.1,3.8,0,2.6,2.5,1.4,0.5,0
49,23,1,2,0,0.3,0.2,0.2,0.5,0,0.3,0.4,0.1,0,0
50,23,1,4,0.1,0.5,0.4,0.3,0.9,0.1,0.6,0.8,0.2,0.1,0
51,23,1,6,0.1,0.7,0.5,0.5,1.4,0.1,1,1.2,0.4,0.1,0
52,23,1,4,0.1,0.5,0.4,0.3,0.9,0.1,0.6,0.8,0.2,0.1,0
53,23,1,15,0.2,1.9,1.3,1.2,3.6,0.3,2.4,3,0.9,0.2,0
54,23,1,23,0.6,1.8,1.7,4.1,3.8,1.1,4.6,3.8,0.7,0.8,0
55,23,0,35,1,3,3,3,2,1,7,13,1,1,0
56,23,1,21,0.5,1.7,1.5,3.7,3.5,1,4.2,3.5,0.7,0.7,0
57,23,1,18,0.5,1.4,1.3,3.2,3,0.8,3.6,3,0.6,0.6,0
58,23,1,20,0.5,1.6,1.4,3.6,3.3,0.9,4,3.3,0.7,0.7,0
59,23,0,23.5,0,2.5,0,2,4,0,4,8,1,2,0
60,23,1,3,0.2,0.1,0.2,0.5,0.4,0.1,0.4,0.6,0.2,0.3,0
61,23,1,2,0.2,0.1,0.1,0.3,0.2,0.1,0.3,0.4,0.1,0.2,0
63,23,1,2,0.2,0.1,0.1,0.3,0.2,0.1,0.3,0.4,0.1,0.2,0
64,23,1,15,0.7,0.3,1,3.6,1.6,0.3,2.9,2.6,0.7,1.3,0
65,23,1,5,0.2,0.1,0.3,1.2,0.6,0.1,1,0.9,0.2,0.4,0
80,23,1,5,0.1,0.7,0.1,0.6,1.3,0.2,0.9,0.9,0.1,0.1,0
81,23,1,9,0.2,1.2,0.1,1,2.4,0.4,1.6,1.7,0.2,0.2,0
82,23,1,2,0,0.3,0,0.2,0.5,0.1,0.4,0.4,0,0.1,0
83,23,1,16,0.4,2.1,0.2,1.8,4.3,0.6,2.8,3,0.4,0.4,0
84,23,0,92,2,10,7,11,28,2,14,10,3,5,0
85,23,0,47,2,2,1,4,7,0,7,23,1,0,0
86,23,0,202.5,17.5,32,15,52,37,6.5,9,9,24.5,0,0
87,23,0,88,0,10,15,9,24,2,12,7,5,4,0
88,23,0,67,4,8,6,9,15,2,4,11,5,3,0
89,23,1,4,0.1,0.4,0.2,0.6,0.8,0.1,0.7,0.6,0.2,0.3,0
90,23,0,76,5,4,9,12,13,3,14,9,4,2,1
96,23,1,8,0.3,0,0.3,1.9,2.2,0.3,2.2,0.5,0.3,0,0
97,23,1,4,0.1,0,0.2,1,1.1,0.1,1.1,0.3,0.1,0,0
98,23,1,3,0.1,0,0.1,0.7,0.8,0.1,0.9,0.2,0.1,0,0
103,23,1,4,0,0,0,0.4,0.5,0.1,0.6,1.8,0,0.6,0
115,23,1,2,0.1,0.1,0.2,0.2,0.5,0,0.3,0.3,0.1,0.2,0
116,23,1,8,0.3,0.3,1,0.8,2.1,0,1.2,1.2,0.4,0.6,0.1
117,23,1,18,0.6,0.8,2.2,1.8,4.8,0,2.6,2.6,1,1.4,0.2
126,23,1,7,0,0.2,0.6,1.9,1,0,1.7,0.8,0.2,0.6,0
16,24,1,23,1.3,2.2,2.2,5.4,6,0.9,1.9,2.2,0.9,0,0
17,24,0,74,2,7.5,6,18,18,0,13,3,4.5,2,0
18,24,0,62,1,5,7,8,11,2,9,7,5,7,0
19,24,0,88.5,4,9.5,10,18,20,2,11,3,5,6,0
20,24,0,19,0,2,0,3,4,0,2,6,0,2,0
21,24,0,52,3.5,3,2,7,7,4.5,9,11,3,2,0
22,24,0,26.5,0,1,0,2,7,1,0,9,4.5,2,0
24,24,1,13,1,1.1,1.4,2,3.4,0.2,1.4,1.3,0.7,0.5,0
25,24,1,3,0.2,0.3,0.3,0.5,0.8,0,0.3,0.3,0.2,0.1,0
26,24,0,38,3,3,2,7,12,0,5,5,0,1,0
31,24,1,3,0.1,0.1,0.2,0.7,0.3,0.2,0.6,0.4,0.2,0.2,0
44,24,1,1,0,0.1,0.1,0.1,0.2,0,0.2,0.2,0.1,0,0
47,24,1,5,0,0.6,0.7,0.3,1.2,0,0.8,0.8,0.4,0.2,0
48,24,1,1,0,0.1,0.1,0.1,0.2,0,0.2,0.2,0.1,0,0
49,24,1,6,0.1,0.7,0.5,0.5,1.4,0.1,1,1.2,0.4,0.1,0
55,24,1,7,0.2,0.6,0.5,1.2,1.2,0.3,1.4,1.2,0.2,0.2,0
56,24,1,8,0.2,0.6,0.6,1.4,1.3,0.4,1.6,1.3,0.3,0.3,0
57,24,0,41,0,2,2,4,4,2,10,14,1,2,0
58,24,0,38,0,0,4,5,6,0,11,6,1,5,0
59,24,0,72.5,7,3,7,22,13,1,10,3,3.5,3,0
63,24,1,1,0.1,0,0.1,0.2,0.1,0,0.1,0.2,0.1,0.1,0
74,24,1,3,0.1,0,0.3,0.7,0.9,0.1,0.2,0.4,0.3,0,0
80,24,1,2,0,0.3,0,0.2,0.5,0.1,0.4,0.4,0,0.1,0
83,24,1,2,0,0.3,0,0.2,0.5,0.1,0.4,0.4,0,0.1,0
84,24,1,37,0,6.3,4.7,2.4,11.8,0,4.7,5.5,0.8,0.8,0
86,24,0,74.5,1,13.5,7,2,32,2,4,6,7,0,0
87,24,0,132,5,18,8,17,44,4,8,17,7,2,2
88,24,0,100,3,18,12,9,34,2,7,4,6,5,0
89,24,1,3,0.1,0.3,0.1,0.4,0.6,0.1,0.5,0.5,0.2,0.2,0
90,24,1,1,0,0.1,0,0.1,0.2,0,0.2,0.2,0.1,0.1,0
91,24,1,1,0,0.1,0,0.1,0.2,0,0.2,0.2,0.1,0.1,0
102,24,1,4,0,0,0,0.4,0.5,0.1,0.6,1.8,0,0.6,0
104,24,1,1,0,0.1,0.1,0.2,0.3,0,0.2,0.1,0,0,0
116,24,1,7,0.2,0.3,0.9,0.7,1.9,0,1,1,0.4,0.5,0.1
117,24,1,4,0.1,0.2,0.5,0.4,1.1,0,0.6,0.6,0.2,0.3,0
122,24,1,3,0.1,0.1,0.4,0.3,0.8,0,0.4,0.5,0.2,0.2,0
127,24,1,2,0,0.1,0.2,0.5,0.3,0,0.5,0.2,0,0.2,0
5,25,1,1,0,0.1,0.1,0.1,0.1,0,0.2,0.3,0,0.1,0
19,25,1,1,0,0.1,0.1,0.2,0.2,0,0.2,0.1,0.1,0,0
20,25,1,18.5,0.5,2.6,1.4,3.3,4.3,0.5,2.6,1.2,1.9,0,0.2
21,25,0,78.5,6,7.5,3,19,16,2,9,10,6,0,0
22,25,1,14,0.3,2,1.1,2.5,3.2,0.4,2,0.9,1.4,0,0.2
46,25,1,1,0,0.1,0.1,0.1,0.2,0,0.2,0.2,0.1,0,0
49,25,1,7,0.1,0.9,0.6,0.6,1.7,0.1,1.1,1.4,0.4,0.1,0
55,25,1,10,0.3,0.8,0.7,1.8,1.6,0.5,2,1.7,0.3,0.3,0
56,25,1,10,0.3,0.8,0.7,1.8,1.6,0.5,2,1.7,0.3,0.3,0
57,25,0,37,2,1,4,5,6,1,9,6,3,0,0
58,25,0,73.5,3,7,8,11,15,2,8,12,1.5,5,1
59,25,0,73.5,4,6.5,4,9,17,4.5,10,8,7.5,2,1
60,25,0,64,2,8,9,9,18,3,8,5,2,0,0
61,25,1,28.5,2.2,1.2,1.6,4.8,3.5,1.1,4,5.1,2,2.7,0.3
71,25,1,3,0.1,0,0.2,0.6,0.5,0.1,0.7,0.3,0.1,0.4,0
80,25,1,10,0.2,1.3,0.1,1.1,2.6,0.4,1.8,1.9,0.3,0.3,0
82,25,1,4.5,0.1,0.6,0.1,0.5,1.2,0.2,0.8,0.8,0.1,0.1,0
83,25,1,3,0.1,0.4,0,0.3,0.8,0.1,0.5,0.6,0.1,0.1,0
84,25,1,10,0,1.7,1.3,0.6,3.2,0,1.3,1.5,0.2,0.2,0
85,25,0,186.5,4,10.5,12,23,33,3,24,55,7,15,0
86,25,0,105,0,6,14,10,25,1,20,25,3,1,0
87,25,0,85,3,5,5,14,7,0,13,28,4,6,0
88,25,0,61.5,5,6,3.5,14,12,2,8,5,6,0,0
89,25,1,3,0.1,0.3,0.1,0.4,0.6,0.1,0.5,0.5,0.2,0.2,0
90,25,1,6,0.2,0.6,0.3,0.9,1.2,0.1,1,0.9,0.4,0.4,0
94,25,1,2,0.1,0,0.1,0.5,0.5,0.1,0.5,0.1,0.1,0,0
96,25,1,2,0.1,0,0.1,0.5,0.5,0.1,0.5,0.1,0.1,0,0
102,25,1,2,0,0,0,0.2,0.3,0,0.3,0.9,0,0.3,0
104,25,1,2,0.1,0.1,0.2,0.3,0.6,0.1,0.4,0.1,0.1,0,0
105,25,1,2,0.1,0.1,0.2,0.3,0.6,0.1,0.4,0.1,0.1,0,0
115,25,1,4,0.1,0.2,0.5,0.4,1.1,0,0.6,0.6,0.2,0.3,0
116,25,1,2,0.1,0.1,0.2,0.2,0.5,0,0.3,0.3,0.1,0.2,0
117,25,1,8,0.3,0.3,1,0.8,2.1,0,1.2,1.2,0.4,0.6,0.1
119,25,1,1,0,0,0.1,0.1,0.3,0,0.1,0.2,0.1,0.1,0
121,25,1,4,0.1,0.2,0.5,0.4,1.1,0,0.6,0.6,0.2,0.3,0
122,25,1,5,0.2,0.2,0.6,0.5,1.3,0,0.7,0.7,0.3,0.4,0.1
124,25,1,5,0,0.2,0.4,1.3,0.7,0,1.2,0.6,0.2,0.4,0
126,25,1,3,0,0.1,0.3,0.8,0.4,0,0.7,0.3,0.1,0.3,0
127,25,1,1,0,0,0.1,0.3,0.2,0,0.2,0.1,0,0.1,0
0,26,1,2,0,0.2,0.1,0.3,0.4,0,0.2,0.5,0.1,0.2,0
20,26,1,19,1,1.3,1.3,3.3,3.6,0.5,3.1,1.3,2.6,1,0
21,26,0,35.5,1,4.5,3,5,10,1,3,4,4,0,0
22,26,1,13,0.7,0.9,0.9,2.3,2.5,0.3,2.1,0.9,1.7,0.7,0
54,26,1,3,0,0.5,0.2,0.6,0.6,0,0.5,0.5,0,0.1,0
55,26,1,8,0,1.2,0.5,1.6,1.8,0,1.4,1.3,0,0.2,0
56,26,0,24,1,1,1,5,1,1,4,4,1,5,0
57,26,0,46,0,5,2,2,18,2,4,8,4,1,0
58,26,0,58,4,4,7,6,11,1,16,4,5,0,0
59,26,0,96,8,10,2,23,14,3,11,11,8,6,0
60,26,1,20,1.5,2,1.2,3.7,4.3,0.8,2,2.4,2,0.1,0
61,26,0,41,1,5,5,4,13,1,3,6,2,1,0
62,26,1,3,0.2,0.3,0.2,0.5,0.7,0.1,0.3,0.4,0.3,0,0
63,26,1,4,0.3,0.4,0.2,0.7,0.9,0.2,0.4,0.5,0.4,0,0
64,26,1,1,0,0.1,0,0.1,0.3,0,0.1,0.2,0.1,0.1,0
65,26,1,2,0.1,0.1,0.1,0.2,0.6,0,0.1,0.4,0.2,0.2,0
66,26,1,2,0.1,0.1,0.1,0.2,0.6,0,0.1,0.4,0.2,0.2,0
70,26,1,5.5,0.3,0.7,0.4,0.8,1.4,0,0.6,0.9,0.1,0.3,0
72,26,1,2,0.1,0.2,0.2,0.3,0.5,0,0.2,0.3,0.1,0.1,0
73,26,1,5,0.3,0.6,0.4,0.7,1.2,0,0.6,0.8,0.1,0.3,0
79,26,1,9,0.5,0,1,1.8,2.3,0,1.3,1.5,0.3,0.3,0
82,26,1,1,0.1,0,0.1,0.2,0.3,0,0.1,0.2,0,0,0
84,26,1,1,0,0,0.1,0.1,0.2,0,0.3,0.2,0,0.1,0
85,26,1,10,0.2,0.2,0.9,0.7,1.6,0,2.7,2.3,0.5,0.9,0
86,26,0,182,13,21,13,41,44,8,14,8,20,0,0
87,26,0,64,1,4,2,15,9,2,12,14,3,2,0
88,26,1,7,0.2,0.2,0.6,0.5,1.1,0,1.9,1.6,0.3,0.6,0
90,26,1,19,0.8,1.1,1.8,2.9,4.7,0.7,2.4,3,1,0.6,0
91,26,1,12,0.5,0.7,1.1,1.8,3,0.4,1.5,1.9,0.7,0.4,0
95,26,1,17,0.6,1.5,2.1,2.1,3.7,0,3.4,2.7,0.3,0.6,0
102,26,1,1,0,0.1,0.1,0.1,0.2,0,0.2,0.2,0.1,0,0
103,26,1,5,0.1,0.5,0.7,0.6,1.1,0,0.7,1,0.2,0.1,0
118,26,1,2,0,0.3,0.1,0.2,0.6,0,0.4,0.2,0.1,0.1,0
120,26,1,4,0.1,0.3,0.4,0.5,1.3,0,0.5,0.6,0.3,0,0
127,26,1,6,0.3,0.6,0.3,0.8,1,0.3,1,1.1,0.2,0.4,0
20,27,1,18,1,1.2,1.2,3.2,3.4,0.5,2.9,1.2,2.4,1,0
21,27,0,69,6,12,4,12,20,1,3,4,6,1,0
37,27,1,6,0.1,0.6,0.4,1.1,1.1,0.6,0.7,0.3,0.7,0.2,0.2
38,27,1,6,0.1,0.6,0.4,1.1,1.1,0.6,0.7,0.3,0.7,0.2,0.2
41,27,1,1,0,0.1,0.1,0.2,0.3,0,0.2,0,0.1,0,0
42,27,1,2,0.1,0.2,0.3,0.3,0.5,0.1,0.3,0.1,0.1,0,0
57,27,0,25.5,1,2,2,6,6,0,2,5,0.5,1,0
58,27,0,68,1,7.5,7,10,18,2,9,7,3.5,3,0
59,27,0,54,3,6,3,9,12,5,6,2,7,1,0
60,27,0,65.5,4,0.5,4,10,7,1,14,20,2,3,0
61,27,0,70,4,10,2,12,14,4,7,11,5,1,0
62,27,1,12,0.9,1.2,0.7,2.2,2.6,0.4,1.2,1.5,1.2,0.1,0
63,27,1,14,1,1.4,0.9,2.6,3,0.5,1.4,1.7,1.4,0.1,0
65,27,1,3,0.1,0.2,0.1,0.3,0.9,0,0.2,0.5,0.3,0.4,0
75,27,1,6,0,0.2,0.7,1.3,2,0,0.5,1.1,0,0.2,0
76,27,1,2,0,0.1,0.2,0.4,0.7,0,0.1,0.4,0,0.1,0
77,27,1,2,0,0.1,0.2,0.4,0.7,0,0.1,0.4,0,0.1,0
79,27,1,5,0.3,0,0.6,1,1.3,0,0.7,0.9,0.1,0.1,0
82,27,1,7,0.4,0,0.8,1.4,1.8,0,1,1.2,0.2,0.2,0
83,27,1,7,0.4,0,0.8,1.4,1.8,0,1,1.2,0.2,0.2,0
84,27,1,2,0,0.1,0.2,0.1,0.3,0,0.5,0.5,0.1,0.2,0
85,27,1,9,0.2,0.2,0.8,0.6,1.4,0,2.5,2.1,0.4,0.8,0
86,27,0,56.5,3,3,4,7,17,0,4,9,4.5,5,0
87,27,0,48,0,5,5,8,13,0,7,6,3,1,0
89,27,1,10,0.4,0.6,1,1.5,2.5,0.4,1.2,1.6,0.5,0.3,0
90,27,1,14,0.6,0.8,1.3,2.1,3.5,0.5,1.7,2.3,0.8,0.4,0
91,27,1,5,0.2,0.3,0.5,0.8,1.2,0.2,0.6,0.8,0.3,0.1,0
111,27,1,5,0.3,0.7,0.3,1.3,1,0.2,0.1,0.2,0.5,0.4,0
116,27,1,4,0,0.7,0.2,0.3,1.2,0,0.8,0.3,0.3,0.2,0
117,27,1,8,0,1.3,0.3,0.7,2.3,0,1.7,0.7,0.7,0.3,0
118,27,1,3,0,0.5,0.1,0.3,0.9,0,0.6,0.3,0.2,0.1,0
120,27,1,7,0.1,0.6,0.6,0.9,2.3,0,0.9,1.1,0.5,0,0
121,27,1,5,0.1,0.4,0.4,0.6,1.7,0,0.6,0.8,0.4,0,0
122,27,1,5,0.1,0.4,0.4,0.6,1.7,0,0.6,0.8,0.4,0,0
123,27,1,15,0.2,1.2,1.3,1.9,5,0,1.9,2.4,1.1,0,0
125,27,1,2,0.1,0.2,0.1,0.3,0.3,0.1,0.3,0.4,0.1,0.1,0
127,27,1,2,0.1,0.2,0.1,0.3,0.3,0.1,0.3,0.4,0.1,0.1,0
21,28,1,24,1.3,1.6,1.6,4.2,4.5,0.7,3.9,1.6,3.3,1.3,0
37,28,1,14,0.3,1.3,1,2.7,2.7,1.3,1.7,0.7,1.7,0.3,0.3
40,28,1,7,0.2,0.6,1,1.2,1.8,0.2,1.2,0.3,0.5,0,0
50,28,1,1,0,0,0,0.3,0.3,0,0.2,0.1,0.1,0,0
56,28,1,2,0,0.3,0.1,0.4,0.5,0,0.4,0.3,0,0,0
57,28,1,14,0,2.2,0.9,2.8,3.1,0,2.5,2.2,0,0.3,0
58,28,0,45,4,4,6,8,6,2,3,5,1,6,0
59,28,0,100.5,5,7,5,27,13,4,16,12,7.5,4,0
60,28,0,157,7.5,24.5,5,36,30,5,18,13,18,0,0
61,28,1,28,2.1,2.8,1.7,5.1,6.1,1,2.8,3.4,2.8,0.2,0
62,28,1,5,0.4,0.5,0.3,0.9,1.1,0.2,0.5,0.6,0.5,0,0
63,28,1,8,0.6,0.8,0.5,1.5,1.7,0.3,0.8,1,0.8,0,0
70,28,1,2,0.1,0.2,0.2,0.3,0.5,0,0.2,0.3,0.1,0.1,0
72,28,1,4,0.2,0.5,0.3,0.6,1,0,0.4,0.7,0.1,0.2,0
76,28,1,2,0,0.1,0.2,0.4,0.7,0,0.1,0.4,0,0.1,0
79,28,1,2,0.1,0,0.2,0.4,0.5,0,0.3,0.3,0.1,0.1,0
84,28,1,3,0,0.1,0.3,0.2,0.5,0,0.8,0.7,0.1,0.3,0
85,28,0,31,3,2,2,4,8,2,4,4,1,1,0
86,28,0,42,3,1,0,16,3,1,7,5,3,3,0
87,28,1,1,0,0,0.1,0.1,0.2,0,0.3,0.2,0,0.1,0
89,28,1,4,0.2,0.2,0.4,0.6,1,0.2,0.5,0.6,0.2,0.1,0
97,28,1,3,0.1,0.3,0.4,0.4,0.6,0,0.6,0.5,0,0.1,0
100,28,1,5,0.1,0.5,0.7,0.6,1.1,0,0.7,1,0.2,0.1,0
101,28,1,10,0.2,1,1.4,1.2,2.2,0,1.4,1.9,0.5,0.2,0
102,28,1,4,0.1,0.4,0.6,0.5,0.8,0,0.6,0.7,0.2,0.1,0
106,28,1,2,0,0.3,0.1,0.4,0.4,0,0.2,0.6,0,0,0
116,28,1,4,0,0.7,0.2,0.3,1.2,0,0.8,0.3,0.3,0.2,0
117,28,1,2,0,0.3,0.1,0.2,0.6,0,0.4,0.2,0.1,0.1,0
120,28,1,8,0.1,0.6,0.7,1,2.7,0,1,1.3,0.6,0,0
121,28,1,2,0,0.1,0.2,0.3,0.7,0,0.3,0.3,0.1,0,0
124,28,1,8,0.5,0.8,0.4,1,1.3,0.4,1.3,1.5,0.3,0.5,0
125,28,1,8,0.5,0.8,0.4,1,1.3,0.4,1.3,1.5,0.3,0.5,0
126,28,1,2,0.1,0.2,0.1,0.3,0.3,0.1,0.3,0.4,0.1,0.1,0
127,28,1,5,0.3,0.5,0.2,0.7,0.8,0.2,0.8,0.9,0.2,0.4,0
40,29,1,20,0.5,1.7,2.9,3.3,5.2,0.7,3.3,1,1.4,0,0
41,29,1,3,0.1,0.3,0.4,0.5,0.8,0.1,0.5,0.1,0.2,0,0
54,29,1,4,0,0.6,0.3,0.8,0.9,0,0.7,0.6,0,0.1,0
56,29,1,12,0,1.9,0.8,2.4,2.6,0,2.1,1.9,0,0.3,0
57,29,0,31,0,4.5,2,2,8,0,9,3,0.5,2,0
58,29,0,66,2,9,3,7,15,0,11,11,2,6,0
59,29,0,71.5,5,4,3,14,12,3,10,13,0.5,7,0
60,29,1,24,1.8,2.4,1.5,4.4,5.2,0.9,2.4,2.9,2.3,0.2,0
63,29,1,4,0.3,0.4,0.2,0.7,0.9,0.2,0.4,0.5,0.4,0,0
65,29,1,3,0.1,0.2,0.1,0.3,0.9,0,0.2,0.5,0.3,0.4,0
70,29,1,4,0.2,0.5,0.3,0.6,1,0,0.4,0.7,0.1,0.2,0
72,29,1,10,0.5,1.2,0.8,1.4,2.5,0,1.1,1.6,0.3,0.6,0
78,29,1,5,0,0.2,0.5,1.1,1.7,0,0.4,0.9,0,0.2,0
79,29,1,1,0.1,0,0.1,0.2,0.3,0,0.1,0.2,0,0,0
82,29,1,3,0.2,0,0.3,0.6,0.8,0,0.4,0.5,0.1,0.1,0
86,29,1,4,0.1,0.1,0.3,0.3,0.6,0,1.1,0.9,0.2,0.4,0
87,29,1,2,0,0.1,0.2,0.1,0.3,0,0.5,0.5,0.1,0.2,0
88,29,1,1,0,0,0.1,0.1,0.2,0,0.3,0.2,0,0.1,0
91,29,1,15.5,0.7,0.9,1.5,2.4,3.8,0.6,1.9,2.5,0.8,0.4,0
92,29,1,27,1.2,1.6,2.5,4.1,6.7,1,3.3,4.3,1.5,0.8,0
93,29,1,4,0.2,0.2,0.4,0.6,1,0.2,0.5,0.6,0.2,0.1,0
99,29,1,7,0.2,0.7,1,0.8,1.5,0,1,1.3,0.3,0.2,0
100,29,0,117,14,11,9,41,16,8,6,1,11,0,0
101,29,1,6,0.1,0.6,0.9,0.7,1.3,0,0.9,1.1,0.3,0.1,0
104,29,1,9,0,1.6,0.3,1.7,1.7,0,1,2.7,0,0,0
106,29,1,3,0,0.5,0.1,0.6,0.6,0,0.3,0.9,0,0,0
116,29,1,1,0,0.2,0,0.1,0.3,0,0.2,0.1,0.1,0,0
120,29,1,7.5,0.1,0.6,0.6,1,2.5,0,1,1.2,0.5,0,0
121,29,1,3,0,0.2,0.3,0.4,1,0,0.4,0.5,0.2,0,0
122,29,1,10,0.1,0.8,0.9,1.3,3.3,0,1.3,1.6,0.7,0,0
123,29,1,2,0,0.1,0.2,0.3,0.7,0,0.3,0.3,0.1,0,0
124,29,1,3,0.2,0.3,0.1,0.4,0.5,0.1,0.5,0.6,0.1,0.2,0
126,29,1,2,0.1,0.2,0.1,0.3,0.3,0.1,0.3,0.4,0.1,0.1,0
36,30,1,7,0.2,0.7,0.5,1.3,1.3,0.7,0.8,0.3,0.8,0.2,0.2
37,30,1,4,0.1,0.4,0.3,0.7,0.7,0.4,0.5,0.2,0.5,0.1,0.1
38,30,1,5,0.1,0.5,0.4,0.9,1,0.5,0.6,0.2,0.6,0.1,0.1
41,30,1,9,0.2,0.8,1.3,1.5,2.4,0.3,1.5,0.4,0.6,0,0
58,30,1,2,0,0.3,0.1,0.4,0.5,0,0.4,0.3,0,0,0
59,30,0,53.5,3,4.5,3,11,14,1,2,6,3,6,0
60,30,1,16,1.2,1.6,1,2.9,3.5,0.6,1.6,1.9,1.6,0.1,0
61,30,1,2,0.2,0.2,0.1,0.4,0.4,0.1,0.2,0.2,0.2,0,0
62,30,1,6,0.5,0.6,0.4,1.1,1.3,0.2,0.6,0.7,0.6,0,0
63,30,1,2,0.2,0.2,0.1,0.4,0.4,0.1,0.2,0.2,0.2,0,0
72,30,1,2,0.1,0.2,0.2,0.3,0.5,0,0.2,0.3,0.1,0.1,0
73,30,1,2,0.1,0.2,0.2,0.3,0.5,0,0.2,0.3,0.1,0.1,0
74,30,1,4,0,0.2,0.4,0.9,1.3,0,0.3,0.7,0,0.2,0
75,30,1,3,0,0.1,0.3,0.7,1,0,0.2,0.6,0,0.1,0
77,30,1,3,0,0.1,0.3,0.7,1,0,0.2,0.6,0,0.1,0
85,30,1,4,0.1,0.1,0.3,0.3,0.6,0,1.1,0.9,0.2,0.4,0
89,30,1,10,0.4,0.6,1,1.5,2.5,0.4,1.2,1.6,0.5,0.3,0
90,30,1,9,0.4,0.5,0.9,1.4,2.2,0.3,1.1,1.4,0.5,0.3,0
91,30,1,8,0.3,0.5,0.8,1.2,2,0.3,1,1.3,0.4,0.2,0
92,30,0,29,1,0.5,6,2,9,0,7,3,0.5,0,0
96,30,1,16,0.6,1.4,2,2,3.4,0,3.1,2.6,0.3,0.6,0
97,30,1,18,0.6,1.6,2.3,2.3,3.9,0,3.5,2.9,0.3,0.6,0
98,30,1,2,0.1,0.2,0.2,0.3,0.4,0,0.4,0.3,0,0.1,0
99,30,0,37,1,1,1,7,4,0,6,16,1,0,0
100,30,0,116.5,15,10.5,10.5,34,23,6.5,6,4,7,0,0
101,30,0,115.5,9,21.5,11,19,34,7,5,2,5,2,0
102,30,1,4,0.1,0.4,0.6,0.5,0.8,0,0.6,0.7,0.2,0.1,0
105,30,1,5,0,0.9,0.2,0.9,0.9,0,0.6,1.5,0,0,0
106,30,1,8,0,1.5,0.3,1.5,1.5,0,0.9,2.3,0,0,0
109,30,1,6,0.4,0.8,0.4,1.6,1.2,0.3,0.1,0.3,0.5,0.4,0
121,30,1,1,0,0.1,0.1,0.1,0.3,0,0.1,0.2,0.1,0,0
124,30,1,4,0.2,0.4,0.2,0.5,0.7,0.2,0.7,0.7,0.1,0.3,0
125,30,1,12,0.7,1.3,0.6,1.5,1.9,0.6,2,2.2,0.4,0.8,0
126,30,1,17,1,1.8,0.8,2.2,2.7,0.8,2.8,3.1,0.6,1.2,0
36,31,1,1,0,0,0,0.2,0.2,0,0.3,0.2,0,0.1,0
37,31,1,4,0.1,0.1,0.1,0.8,0.7,0,1.2,0.8,0.1,0.1,0
42,31,1,2,0.1,0.1,0.2,0.1,0.6,0,0.4,0.2,0.1,0.2,0
59,31,1,11,0,1.1,0.9,1.5,2.7,0.2,1.3,2.7,0.2,0.4,0
60,31,0,33,4,2,0,7,9,0,4,3,4,0,0
63,31,1,13,0,1.3,1,1.8,3.1,0.3,1.6,3.1,0.3,0.5,0
64,31,1,9,0.3,0.5,0.3,1.1,2.7,0,0.6,1.6,0.8,1.1,0
85,31,1,4,0,0.6,0.5,0.4,1.2,0,0.4,0.7,0.1,0.1,0
88,31,1,27,0,4.1,3.5,2.8,7.6,0,2.8,4.8,0.7,0.7,0
89,31,0,80,6,6,6,20,16,3,11,5,4,3,0
90,31,0,33,1,4,2,2,8,0,4,8,2,2,0
91,31,1,2,0,0.1,0.1,0.2,0.4,0.1,0.3,0.5,0,0.3,0
92,31,1,17.5,0.4,1.2,1.3,1.8,3.2,0.7,2.9,3.9,0,2.1,0
93,31,1,4,0.1,0.3,0.3,0.4,0.7,0.2,0.6,0.9,0,0.5,0
94,31,1,1,0,0.1,0.1,0.1,0.2,0,0.1,0.2,0.1,0.1,0
95,31,1,2,0.1,0.2,0.2,0.3,0.4,0,0.3,0.3,0.1,0.1,0
96,31,0,37,3,2,0,8,8,1,8,4,0,3,0
97,31,0,46.5,1,4,3,10,4,0.5,10,8,4,2,0
98,31,0,59,0,4,2,3,10,1,17,14,1,7,0
99,31,0,90.5,1,12,9,9,21,0,10,16,2.5,10,0
100,31,0,73,0,4,9,9,12,0,12,22,3,2,0
101,31,0,49,0,2,6,5,11,2,12,8,1,2,0
102,31,1,2,0.1,0.1,0.1,0.3,0.4,0.1,0.4,0.4,0.1,0,0
103,31,1,5,0.1,0.3,0.4,0.6,1,0.2,1.1,1,0.3,0,0
104,31,1,18,0.6,1,0.7,3.3,2.5,0.7,3,4.6,0.9,0.7,0
105,31,1,26,0.8,1.5,1,4.7,3.6,1,4.4,6.6,1.4,1,0
106,31,1,8,0.3,0.5,0.3,1.5,1.1,0.3,1.3,2,0.4,0.3,0
109,31,1,6,0.4,0.8,0.4,1.6,1.2,0.3,0.1,0.3,0.5,0.4,0
112,31,1,11,0.7,1.5,0.7,2.9,2.2,0.5,0.3,0.5,1,0.7,0
114,31,1,5,0.2,0,0.3,1,0.8,0.1,0.5,1.9,0.2,0,0
124,31,1,1,0,0.1,0,0.2,0.2,0,0.3,0.2,0,0,0
125,31,1,9,0.3,0.8,0.3,1.4,1.4,0,2.2,1.9,0.3,0.1,0.3
127,31,1,10,0.3,0.9,0.3,1.6,1.6,0,2.4,2.1,0.3,0.2,0.3
31,32,1,2,0.1,0.1,0.2,0.3,0.3,0,0.4,0.4,0.2,0,0
35,32,1,2,0,0.1,0.1,0.4,0.3,0,0.6,0.4,0,0.1,0
36,32,1,3,0.1,0.1,0.1,0.6,0.5,0,0.8,0.6,0.1,0.1,0
37,32,1,4,0.1,0.1,0.1,0.8,0.7,0,1.2,0.8,0.1,0.1,0
38,32,1,2,0,0.1,0.1,0.4,0.3,0,0.6,0.4,0,0.1,0
40,32,1,5,0.2,0.3,0.5,0.4,1.6,0,0.9,0.4,0.2,0.5,0
45,32,1,3,0.1,0.1,0,0.8,0.8,0,0.5,0.3,0.3,0.1,0
48,32,1,4,0.2,0.1,0,1.1,1,0,0.6,0.4,0.4,0.2,0
50,32,1,1,0,0.1,0.1,0.1,0.2,0,0.1,0.2,0.1,0.1,0
51,32,1,1,0,0.1,0.1,0.1,0.2,0,0.1,0.2,0.1,0.1,0
52,32,1,4,0,0.4,0.2,0.4,1,0.1,0.6,0.7,0.3,0.3,0
57,32,1,2,0,0.2,0.2,0.3,0.5,0,0.2,0.5,0,0.1,0
62,32,1,2,0,0.2,0.2,0.3,0.5,0,0.2,0.5,0,0.1,0
63,32,1,9,0,0.9,0.7,1.2,2.2,0.2,1.1,2.2,0.2,0.3,0
64,32,1,2,0.1,0.1,0.1,0.2,0.6,0,0.1,0.4,0.2,0.2,0
65,32,1,7,0.2,0.4,0.2,0.9,2.1,0,0.4,1.3,0.6,0.9,0
72,32,1,2,0.1,0.1,0.1,0.2,0.6,0,0.1,0.4,0.2,0.2,0
83,32,1,8,0.8,0.5,1.2,1.4,1.9,0,0.8,0.7,0.4,0.3,0
84,32,1,4,0,0.6,0.5,0.4,1.2,0,0.4,0.7,0.1,0.1,0
85,32,1,4,0,0.6,0.5,0.4,1.2,0,0.4,0.7,0.1,0.1,0
89,32,0,45,0,3,2,5,14,1,1,11,4,4,0
90,32,1,2,0,0.1,0.1,0.2,0.4,0.1,0.3,0.5,0,0.3,0
93,32,1,13,0.3,0.9,0.9,1.3,2.4,0.6,2.1,2.9,0,1.6,0
94,32,1,21,0.7,1.9,2,3.1,4.7,0.2,3.1,3.1,1,1.2,0
96,32,0,29,2,4,0,5,3,1,6,3,3,2,0
97,32,0,43,1,1,4,7,7,0,10,11,1,0,1
98,32,1,16.5,0.5,1.5,1.6,2.4,3.7,0.1,2.4,2.5,0.8,1,0
99,32,0,162.5,4,16,13,20,40,4,25,19,6.5,15,0
100,32,0,68.5,5,5.5,4,10,12,0,18,12,1,1,0
101,32,0,44.5,2,2.5,3,7,8,2,2,9,8,1,0
102,32,1,9,0.2,0.5,0.6,1.1,1.9,0.4,2,1.8,0.5,0,0
103,32,1,9,0.2,0.5,0.6,1.1,1.9,0.4,2,1.8,0.5,0,0
104,32,1,8,0.3,0.5,0.3,1.5,1.1,0.3,1.3,2,0.4,0.3,0
105,32,1,9,0.3,0.5,0.4,1.6,1.2,0.3,1.5,2.3,0.5,0.4,0
106,32,1,8,0.3,0.5,0.3,1.5,1.1,0.3,1.3,2,0.4,0.3,0
107,32,1,2,0.1,0.1,0.1,0.3,0.3,0.1,0.3,0.5,0.1,0.1,0
111,32,1,1,0.1,0.1,0.1,0.3,0.2,0,0,0,0.1,0.1,0
117,32,1,4,0.2,0,0.2,0.8,0.6,0.1,0.4,1.5,0.2,0,0
122,32,1,5,0.2,0,0.3,1,0.8,0.1,0.5,1.9,0.2,0,0
126,32,1,7,0.2,0.6,0.2,1.1,1.1,0,1.7,1.5,0.2,0.1,0.3
127,32,1,3,0.1,0.3,0.1,0.5,0.5,0,0.7,0.6,0.1,0,0.1
37,33,1,3,0.1,0.1,0.1,0.6,0.5,0,0.8,0.6,0.1,0.1,0
40,33,1,2,0.1,0.1,0.2,0.1,0.6,0,0.4,0.2,0.1,0.2,0
44,33,1,4,0.2,0.1,0,1.1,1,0,0.6,0.4,0.4,0.2,0
45,33,1,2,0.1,0,0,0.6,0.5,0,0.3,0.2,0.2,0.1,0
48,33,1,23.5,1.2,0.6,0,6.5,5.9,0,3.6,2.4,2.1,1.2,0
49,33,1,15,0.1,1.4,0.9,1.5,3.6,0.3,2.2,2.7,1.1,1.2,0
50,33,1,8,0.1,0.7,0.5,0.8,1.9,0.1,1.2,1.4,0.6,0.7,0
51,33,1,14,0.1,1.3,0.9,1.4,3.4,0.3,2,2.5,1,1.1,0
52,33,1,20,0.2,1.8,1.3,2,4.9,0.3,2.9,3.6,1.4,1.6,0
69,33,1,1,0,0.1,0,0.1,0.3,0,0.1,0.2,0.1,0.1,0
80,33,1,8,0.8,0.5,1.2,1.4,1.9,0,0.8,0.7,0.4,0.3,0
81,33,1,7,0.7,0.5,1.1,1.2,1.7,0,0.7,0.6,0.3,0.2,0
83,33,1,4,0.4,0.3,0.6,0.7,1,0,0.4,0.3,0.2,0.1,0
93,33,1,2.5,0,0.2,0.2,0.2,0.5,0.1,0.4,0.6,0,0.3,0
94,33,0,60,2,6.5,3,8,19,0,5,13,3.5,0,0
95,33,0,73,5,6,7,15,9,0,13,11,3,4,0
97,33,1,14.5,0.5,1.3,1.4,2.1,3.2,0.1,2.2,2.2,0.7,0.8,0
98,33,0,37,2,2,0,5,7,0,6,9,0,6,0
99,33,1,31,0.9,1.7,2.1,3.9,6.5,1.3,6.9,6,1.7,0,0
100,33,0,98,8.5,5,7,30,16,1.5,13,5,9,3,0
101,33,0,406,18.5,34,36,94,92,10,37,40,28.5,15,1
102,33,0,188,6.5,16.5,18,31,44,6,15,23,12,16,0
103,33,0,40,2,0,3,7,3,0,9,9,0,7,0
104,33,1,24,0.8,1.4,0.9,4.4,3.3,0.9,4.1,6.1,1.2,0.9,0
105,33,1,17,0.5,1,0.7,3.1,2.3,0.6,2.9,4.3,0.9,0.7,0
106,33,1,5,0.2,0.3,0.2,0.9,0.7,0.2,0.8,1.3,0.2,0.2,0
108,33,1,4,0.1,0.2,0.2,0.7,0.5,0.2,0.7,1,0.2,0.2,0
110,33,1,2,0.1,0.3,0.1,0.5,0.4,0.1,0.1,0.1,0.2,0.1,0
117,33,1,2,0.1,0,0.1,0.4,0.3,0,0.2,0.8,0.1,0,0
118,33,1,9,0.4,0,0.5,1.8,1.4,0.2,0.9,3.4,0.4,0,0
119,33,1,2,0.1,0,0.1,0.4,0.3,0,0.2,0.8,0.1,0,0
123,33,1,11,0.5,0,0.6,2.2,1.7,0.3,1.1,4.1,0.5,0,0
126,33,1,10,0.3,0.9,0.3,1.6,1.6,0,2.4,2.1,0.3,0.2,0.3
127,33,1,2,0,0.2,0.1,0.3,0.3,0,0.5,0.4,0.1,0,0.1
18,34,1,5,0.2,0.2,0.3,0.6,0.5,0,1.2,1.5,0.1,0.4,0
36,34,1,1,0,0,0,0.2,0.2,0,0.3,0.2,0,0.1,0
37,34,1,7,0.2,0.2,0.2,1.4,1.1,0,2.1,1.4,0.2,0.2,0
38,34,1,2,0,0.1,0.1,0.4,0.3,0,0.6,0.4,0,0.1,0
39,34,1,11,0.4,0.8,1.2,0.8,3.5,0,1.9,0.8,0.4,1.2,0
40,34,1,1,0,0.1,0.1,0.1,0.3,0,0.2,0.1,0,0.1,0
49,34,1,4,0,0.4,0.2,0.4,1,0.1,0.6,0.7,0.3,0.3,0
50,34,1,10,0.1,0.9,0.6,1,2.4,0.2,1.5,1.8,0.7,0.8,0
51,34,1,17,0.2,1.5,1.1,1.7,4.1,0.3,2.4,3.1,1.2,1.4,0
52,34,1,4,0,0.4,0.2,0.4,1,0.1,0.6,0.7,0.3,0.3,0
58,34,1,7,0,0.7,0.6,1,1.7,0.1,0.8,1.7,0.1,0.3,0
59,34,1,1,0,0.1,0.1,0.2,0.2,0,0.1,0.2,0,0.1,0
69,34,1,1,0,0.1,0,0.1,0.3,0,0.1,0.2,0.1,0.1,0
82,34,1,27,2.7,1.8,4.1,4.6,6.4,0,2.8,2.3,1.4,0.9,0
83,34,1,1,0.1,0.1,0.2,0.2,0.2,0,0.1,0.1,0,0,0
94,34,1,7,0.2,0.6,0.7,1,1.6,0.1,1,1,0.4,0.4,0
95,34,0,89.5,5,4,5,11,15,2,19,15,5,8,0.5
96,34,1,12,0.4,1.1,1.1,1.8,2.6,0.1,1.8,1.8,0.6,0.7,0
97,34,1,11.5,0.4,1,1.1,1.7,2.5,0.1,1.7,1.7,0.6,0.7,0
98,34,1,21,0.7,1.9,2,3.1,4.7,0.2,3.1,3.1,1,1.2,0
99,34,0,68.5,2,4,2,17,16,3,13,5,2.5,4,0
100,34,0,157.5,9,16.5,15,25,33,5,15,13,11,15,0
101,34,0,229,13,13.5,12,52,44,7,23,33,13.5,18,0
102,34,0,111,5,4,4,25,20,1,14,21,7,10,0
103,34,0,81,8,8,4,16,16,0,5,12,4,8,0
104,34,0,25,2,0,1,4,3,1,5,7,2,0,0
110,34,1,4,0.3,0.5,0.3,1,0.8,0.2,0.1,0.2,0.3,0.3,0
111,34,1,2,0.1,0.3,0.1,0.5,0.4,0.1,0.1,0.1,0.2,0.1,0
112,34,1,4,0.3,0.5,0.3,1,0.8,0.2,0.1,0.2,0.3,0.3,0
126,34,1,4,0.1,0.4,0.1,0.6,0.6,0,1,0.8,0.1,0.1,0.2
13,35,1,2,0.1,0.1,0.1,0.2,0.2,0,0.5,0.6,0.1,0.1,0
14,35,1,5,0.2,0.2,0.3,0.6,0.5,0,1.2,1.5,0.1,0.4,0
15,35,0,27,0,1,2,5,9,1,1,7,1,0,0
16,35,1,8,0.4,0.4,0.4,1,0.8,0,1.9,2.3,0.2,0.6,0
17,35,0,48.5,0,1.5,6,7,10,1,6,12,2,3,0
18,35,1,18,0.9,0.9,0.9,2.2,1.7,0,4.4,5.3,0.4,1.3,0
20,35,1,2,0.1,0.1,0.1,0.2,0.2,0,0.5,0.6,0.1,0.1,0
38,35,1,2,0,0.1,0.1,0.4,0.3,0,0.6,0.4,0,0.1,0
42,35,1,7,0.2,0.5,0.7,0.5,2.3,0,1.3,0.5,0.2,0.8,0
48,35,1,2,0.1,0,0,0.6,0.5,0,0.3,0.2,0.2,0.1,0
50,35,1,10,0.1,0.9,0.6,1,2.4,0.2,1.5,1.8,0.7,0.8,0
51,35,1,3,0,0.3,0.2,0.3,0.7,0.1,0.4,0.5,0.2,0.3,0
56,35,1,4,0,0.4,0.3,0.6,0.9,0.1,0.5,0.9,0.1,0.2,0
57,35,1,1,0,0.1,0.1,0.2,0.2,0,0.1,0.2,0,0.1,0
83,35,1,4,0.4,0.3,0.6,0.7,1,0,0.4,0.3,0.2,0.1,0
93,35,1,8,0.1,0.6,0.6,0.8,1.5,0.3,1.3,1.8,0,1,0
94,35,0,48,1,4,4,2,12,1,7,16,1,0,0
95,35,0,39.5,0.5,2,2,4,4,0,8,11,1,7,0
96,35,1,15,0.5,1.4,1.4,2.2,3.3,0.1,2.2,2.2,0.8,0.9,0
97,35,0,53,2,5,4,10,11,1,10,6,3,1,0
98,35,0,44,0,2,4,4,16,1,7,5,0,5,0
99,35,0,81,3,6,6,9,19,2,13,15,5,3,0
100,35,1,16,0.4,0.9,1.1,2,3.3,0.7,3.6,3.1,0.9,0,0
101,35,0,114.5,1,8,7,14,23,3,23,21,5.5,9,0
102,35,0,61.5,2,7.5,1,10,10,2,10,10,4,5,0
103,35,0,136.5,3,13,5,14,28,3,6,49,7.5,8,0
104,35,1,17,0.5,1,0.7,3.1,2.3,0.6,2.9,4.3,0.9,0.7,0
105,35,1,2,0.1,0.1,0.1,0.3,0.3,0.1,0.3,0.5,0.1,0.1,0
106,35,1,4,0.1,0.2,0.2,0.7,0.5,0.2,0.7,1,0.2,0.2,0
107,35,1,2,0.1,0.1,0.1,0.3,0.3,0.1,0.3,0.5,0.1,0.1,0
113,35,1,4,0.3,0.5,0.3,1,0.8,0.2,0.1,0.2,0.3,0.3,0
123,35,1,2,0.1,0,0.1,0.4,0.3,0,0.2,0.8,0.1,0,0
124,35,1,1,0,0.1,0,0.2,0.2,0,0.3,0.2,0,0,0
14,36,1,5,0,0.6,0.5,0,1.6,0,0.3,1.3,0.1,0.6,0
15,36,0,60.5,2,2.5,4,6,16,0,14,11,4,1,0
16,36,0,83,3,12,6,8,21,5,9,9,7,3,0
17,36,0,40,0,5,2,3,12,0,8,4,4,2,0
18,36,1,20.5,0,2.6,2,0,6.5,0,1.3,5.2,0.3,2.6,0
19,36,1,21,0.2,2.3,1.3,3.3,3.3,0.3,3.8,4,1.5,1,0
20,36,0,31,4,1,2,7,8,3,3,2,1,0,0
21,36,1,4,0.1,0.4,0.2,0.6,0.6,0.1,0.7,0.8,0.3,0.2,0
36,36,1,6,0,0.9,0.3,0.8,0.9,0.2,0.6,1.4,0.6,0.3,0
40,36,1,8,0.2,1.3,0.9,0.9,2.3,0,1.6,0.5,0.3,0,0
49,36,1,2,0.1,0.1,0.1,0.3,0.3,0,0.4,0.5,0.1,0.1,0
50,36,1,12,0.7,0.6,0.8,1.5,1.9,0,2.1,3,0.6,0.8,0
51,36,1,3,0.2,0.1,0.2,0.4,0.5,0,0.5,0.8,0.1,0.2,0
55,36,1,4,0.2,0.3,0.5,0.6,0.8,0,0.6,0.5,0.2,0.3,0
57,36,1,1,0,0.1,0.1,0.2,0.2,0,0.2,0.1,0,0.1,0
58,36,1,7,0.3,0.4,0.8,1.1,1.5,0,1.1,0.9,0.4,0.5,0
59,36,1,3,0.1,0.2,0.4,0.5,0.6,0,0.5,0.4,0.1,0.2,0
60,36,1,3,0.1,0.2,0.4,0.5,0.6,0,0.5,0.4,0.1,0.2,0
75,36,1,3,0.1,0,0.2,0.3,0.8,0,0.5,0.7,0.1,0.3,0
93,36,1,4,0.5,0,0.1,0.9,0.2,0,1.1,0.9,0.1,0.2,0
94,36,0,28,0,1,0,2,4,1,12,8,0,0,0
95,36,0,34,1,3,3,6,4,1,9,4,3,0,0
96,36,1,19.5,0.3,2.1,2,1.8,6.8,0.6,2.5,2.3,1.1,0,0
97,36,0,35,1,4,6,3,9,1,2,5,4,0,0
98,36,0,103.5,5,10,8,29,19,3,10,6,10.5,3,0
99,36,1,34,0.8,4.2,3.4,1.3,8.5,0,2.6,8.1,1.7,3.4,0
101,36,0,20.5,0,2.5,1,0,5,0,3,6,0,3,0
102,36,0,32,3,3,2,4,3,0,8,6,1,1,1
103,36,0,95,3,12,5,12,22,1,17,17,0,6,0
104,36,1,7.5,0.4,0.7,0.7,1.2,1.7,0.3,0.7,1.1,0.2,0.5,0
105,36,1,18,1.1,1.7,1.7,2.9,4.1,0.6,1.7,2.6,0.5,1.1,0
106,36,1,13,0.8,1.2,1.2,2.1,3,0.4,1.2,1.9,0.4,0.8,0
123,36,1,3,0.1,0,0.4,0.6,0.7,0.1,0.6,0.2,0.1,0.2,0
13,37,1,2,0.1,0.2,0.2,0.4,0.4,0,0.4,0.1,0.2,0,0
15,37,0,32,0,2,4.5,5,9,2,4,3,1.5,1,0
16,37,0,69,1,5.5,3.5,11,18,3,10,9,7,1,0
17,37,0,108.5,8,11.5,6,21,32,1.5,10,13,2.5,3,0
18,37,0,113,6,7,11,28,18,1,14,18,5,5,0
19,37,1,17,0.2,1.8,1,2.7,2.7,0.2,3.1,3.3,1.2,0.8,0
21,37,1,2,0,0.2,0.1,0.3,0.3,0,0.4,0.4,0.2,0.1,0
22,37,1,2,0,0.2,0.1,0.3,0.3,0,0.4,0.4,0.2,0.1,0
36,37,1,4,0,0.6,0.2,0.5,0.6,0.1,0.4,1,0.4,0.2,0
37,37,1,2,0,0.3,0.1,0.3,0.3,0,0.2,0.5,0.2,0.1,0
39,37,1,7,0.1,1.1,0.8,0.8,2.1,0,1.4,0.4,0.3,0,0
41,37,1,2,0.1,0.3,0.2,0.2,0.6,0,0.4,0.1,0.1,0,0
43,37,1,4,0.1,0.6,0.5,0.5,1.2,0,0.8,0.2,0.1,0,0
44,37,1,2,0.1,0.3,0.2,0.3,0.5,0.1,0.2,0.1,0.1,0.1,0
49,37,1,14,0.9,0.7,0.9,1.8,2.2,0,2.4,3.5,0.7,0.9,0
50,37,0,34,1,2,6,3,9,1,4,6,1,1,0
51,37,1,4,0.2,0.2,0.3,0.5,0.6,0,0.7,1,0.2,0.3,0
52,37,1,3,0.2,0.1,0.2,0.4,0.5,0,0.5,0.8,0.1,0.2,0
53,37,1,1,0.1,0,0.1,0.1,0.2,0,0.2,0.2,0,0.1,0
54,37,1,5,0.2,0.3,0.6,0.8,1,0,0.8,0.7,0.2,0.4,0
55,37,1,3,0.1,0.2,0.4,0.5,0.6,0,0.5,0.4,0.1,0.2,0
56,37,1,2,0.1,0.1,0.2,0.3,0.4,0,0.3,0.3,0.1,0.2,0
57,37,1,5,0.2,0.3,0.6,0.8,1,0,0.8,0.7,0.2,0.4,0
58,37,1,4,0.2,0.3,0.5,0.6,0.8,0,0.6,0.5,0.2,0.3,0
68,37,1,6,0.3,0.3,0.1,1,0.8,0.2,1.1,1.4,0.4,0.4,0
77,37,1,2,0,0,0.2,0.2,0.5,0,0.3,0.5,0.1,0.2,0
94,37,1,15,0.2,1.6,1.6,1.4,5.2,0.5,1.9,1.7,0.9,0,0
95,37,1,10,0.1,1.1,1,0.9,3.5,0.3,1.3,1.2,0.6,0,0
97,37,1,6,0.1,0.7,0.6,0.5,2.1,0.2,0.8,0.7,0.3,0,0
98,37,1,8,0.1,0.9,0.8,0.7,2.8,0.3,1,0.9,0.5,0,0
99,37,1,1,0,0.1,0.1,0,0.3,0,0.1,0.2,0.1,0.1,0
100,37,1,14,0.4,1.8,1.4,0.5,3.5,0,1,3.3,0.7,1.4,0
101,37,1,1,0,0.1,0.1,0,0.3,0,0.1,0.2,0.1,0.1,0
102,37,1,2,0,0.2,0.2,0.1,0.5,0,0.2,0.5,0.1,0.2,0
103,37,1,11,0.3,1.4,1.1,0.4,2.8,0,0.8,2.6,0.5,1.1,0
104,37,1,23,1.4,2.1,2.2,3.7,5.3,0.8,2.1,3.3,0.7,1.4,0
105,37,1,8,0.5,0.7,0.8,1.3,1.8,0.3,0.7,1.2,0.2,0.5,0
111,37,1,2,0.1,0.2,0.1,0.3,0.5,0.1,0.3,0.3,0,0.1,0
118,37,1,2,0.1,0,0.3,0.4,0.4,0.1,0.4,0.1,0.1,0.1,0
127,37,1,4,0.2,0.2,0.4,0.7,0.5,0.1,0.7,0.7,0.2,0.3,0
16,38,0,31,1,4,5,7,7,0,1,4,2,0,0
17,38,0,54,1,6,5,12,10,1,8,9,2,0,0
18,38,0,35,0,2,3,2,6,0,11,6,4,1,0
19,38,1,1,0,0.1,0.1,0.1,0.2,0,0.2,0.2,0.1,0,0
22,38,1,7,0.1,0.8,0.4,1.1,1.1,0.1,1.3,1.3,0.5,0.3,0
35,38,1,2,0,0.3,0.1,0.3,0.3,0,0.2,0.5,0.2,0.1,0
39,38,1,5,0.1,0.8,0.6,0.6,1.4,0,1,0.3,0.2,0,0
41,38,1,6,0.1,0.9,0.7,0.7,1.8,0,1.2,0.4,0.2,0,0
42,38,1,4,0.1,0.6,0.5,0.5,1.2,0,0.8,0.2,0.1,0,0
44,38,1,4,0.2,0.6,0.4,0.6,1,0.2,0.3,0.3,0.2,0.2,0
46,38,1,2,0.1,0.3,0.2,0.3,0.5,0.1,0.2,0.1,0.1,0.1,0
47,38,1,6,0.2,0.9,0.6,0.9,1.5,0.4,0.5,0.4,0.4,0.2,0
48,38,1,9,0.4,1.4,0.9,1.4,2.3,0.5,0.7,0.5,0.5,0.4,0
49,38,0,98,3,17,9,10,27,2,10,10,7,3,0
50,38,0,66,5,2,1,16,2,3,13,15,2,7,0
51,38,0,41,0,2,6,7,11,0,9,3,2,1,0
52,38,1,19,1.2,0.9,1.2,2.4,3,0,3.3,4.9,0.9,1.2,0
53,38,1,5,0.3,0.3,0.3,0.6,0.8,0,0.9,1.3,0.2,0.3,0
54,38,1,7,0.3,0.4,0.8,1.1,1.5,0,1.1,0.9,0.4,0.5,0
55,38,1,7,0.3,0.4,0.8,1.1,1.5,0,1.1,0.9,0.4,0.5,0
56,38,0,40,3,4,2,7,11,1,5,4,0,3,0
57,38,0,54,4,2,2,15,7,4,3,5,11,1,0
58,38,1,4,0.2,0.3,0.5,0.6,0.8,0,0.6,0.5,0.2,0.3,0
59,38,1,4,0.2,0.3,0.5,0.6,0.8,0,0.6,0.5,0.2,0.3,0
60,38,1,4,0.2,0.3,0.5,0.6,0.8,0,0.6,0.5,0.2,0.3,0
73,38,1,2,0.1,0.1,0,0.3,0.3,0.1,0.4,0.5,0.1,0.1,0
77,38,1,1,0,0,0.1,0.1,0.3,0,0.2,0.2,0,0.1,0
79,38,1,1,0.1,0.1,0,0.1,0.2,0.1,0.2,0.2,0,0,0
81,38,1,3,0.2,0.3,0.1,0.3,0.6,0.2,0.5,0.5,0.1,0.2,0
82,38,1,4,0.3,0.3,0.1,0.5,0.8,0.3,0.7,0.7,0.1,0.2,0
98,38,0,33,2,5,0,7,5,0,2,7,2,3,0
99,38,1,2,0,0.2,0.2,0.1,0.5,0,0.2,0.5,0.1,0.2,0
100,38,1,2,0,0.2,0.2,0.1,0.5,0,0.2,0.5,0.1,0.2,0
103,38,1,4,0.1,0.5,0.4,0.2,1,0,0.3,0.9,0.2,0.4,0
105,38,1,13.5,0.8,1.3,1.3,2.2,3.1,0.4,1.3,1.9,0.4,0.8,0
106,38,1,2,0.1,0.2,0.2,0.3,0.4,0.1,0.2,0.3,0.1,0.1,0
114,38,1,2,0.1,0,0.3,0.4,0.4,0.1,0.4,0.1,0.1,0.1,0
126,38,1,4,0.2,0.2,0.4,0.7,0.5,0.1,0.7,0.7,0.2,0.3,0
127,38,1,15,0.6,0.9,1.5,2.7,1.8,0.3,2.4,2.7,0.9,1.2,0
16,39,1,2,0,0.3,0.2,0,0.6,0,0.1,0.5,0,0.3,0
17,39,1,4,0,0.5,0.4,0,1.3,0,0.2,1,0.1,0.5,0
18,39,0,39.5,0,6.5,2,5,13,2,4,2,5,0,0
19,39,1,3,0,0.3,0.2,0.5,0.5,0,0.5,0.6,0.2,0.2,0
37,39,1,5,0,0.8,0.3,0.6,0.8,0.1,0.5,1.1,0.5,0.3,0
38,39,1,5,0,0.8,0.3,0.6,0.8,0.1,0.5,1.1,0.5,0.3,0
40,39,1,5,0.1,0.8,0.6,0.6,1.4,0,1,0.3,0.2,0,0
42,39,1,5,0.1,0.8,0.6,0.6,1.4,0,1,0.3,0.2,0,0
43,39,1,1,0,0.2,0.1,0.1,0.3,0,0.2,0.1,0,0,0
44,39,1,2,0.1,0.3,0.2,0.3,0.5,0.1,0.2,0.1,0.1,0.1,0
46,39,1,1,0,0.1,0.1,0.2,0.2,0.1,0.1,0.1,0.1,0,0
47,39,1,1,0,0.1,0.1,0.2,0.2,0.1,0.1,0.1,0.1,0,0
48,39,1,24,0.9,3.8,2.4,3.8,6.1,1.4,1.9,1.4,1.4,0.9,0
49,39,0,76,4,7,6,14,19,0,9,9,6,2,0
50,39,0,97,1,9,7,13,24,1,20,15,5,2,0
51,39,0,50.5,2,5.5,4,4,20,1,5,8,1,0,0
52,39,0,86,3,18,10,12,22,1,11,3,3,3,0
53,39,0,35,3,1,2,7,5,0,7,4,4,2,0
54,39,0,33,1,4,4,5,10,0,2,5,2,0,0
55,39,0,83,3,7,2,13,20,1,9,21,5,1,1
56,39,0,88,1,7,5,9,20,3,22,16,2,3,0
57,39,0,66,5,4,5,15,18,4,6,2,6,1,0
58,39,1,5.5,0.3,0.3,0.6,0.9,1.1,0,0.9,0.7,0.3,0.4,0
77,39,1,6,0.1,0,0.5,0.6,1.5,0,1,1.4,0.2,0.7,0
79,39,1,2,0.2,0.2,0.1,0.2,0.4,0.2,0.3,0.3,0,0.1,0
80,39,1,5,0.4,0.4,0.2,0.6,1,0.4,0.8,0.8,0.1,0.3,0
85,39,1,6,0.7,0,0.2,1.4,0.2,0,1.6,1.4,0.2,0.3,0
98,39,1,19,0.2,2.1,2,1.7,6.6,0.6,2.5,2.2,1.1,0,0
99,39,0,41.5,3,3,4.5,10,9,0,5,1,6,0,0
102,39,1,1,0,0.1,0.1,0,0.3,0,0.1,0.2,0.1,0.1,0
103,39,1,8,0.2,1,0.8,0.3,2,0,0.6,1.9,0.4,0.8,0
105,39,1,5,0.3,0.5,0.5,0.8,1.1,0.2,0.5,0.7,0.1,0.3,0
106,39,1,3,0.1,0.3,0.3,0.5,0.7,0.1,0.3,0.4,0.1,0.2,0
107,39,1,10,0.6,0.9,1,1.6,2.3,0.3,0.9,1.5,0.3,0.6,0
115,39,1,4,0.1,0,0.6,0.7,0.9,0.2,0.7,0.3,0.2,0.3,0
19,40,1,6,0.1,0.6,0.4,0.9,0.9,0.1,1.1,1.2,0.4,0.3,0
23,40,1,20,0.2,2.2,1.2,3.1,3.1,0.2,3.6,3.9,1.5,1,0
24,40,1,2,0.1,0.2,0.1,0.5,0.5,0,0.2,0.3,0.1,0,0
36,40,1,2,0,0.3,0.1,0.3,0.3,0,0.2,0.5,0.2,0.1,0
37,40,1,2,0,0.3,0.1,0.3,0.3,0,0.2,0.5,0.2,0.1,0
38,40,1,2,0,0.3,0.1,0.3,0.3,0,0.2,0.5,0.2,0.1,0
40,40,1,4,0.1,0.6,0.5,0.5,1.2,0,0.8,0.2,0.1,0,0
48,40,0,26,1,1,1,8,6,1,3,2,1,2,0
49,40,0,73,0,6,7,3,22,0,8,18,4,5,0
50,40,0,94,4,7,7,15,19,1,14,11,13,3,0
51,40,0,51,4,2,1,12,6,4,9,7,3,3,0
52,40,0,88.5,3,11.5,7.5,15,23,2,10,4,10.5,2,0
53,40,0,43,0,1,0,7,9,1,17,4,1,3,0
54,40,0,128,9,13,7,12,24,5,14,21,16,7,0
55,40,0,94,4,10.5,3.5,11,19,4,20,15,4,3,0
56,40,0,99,4,9,6,16,13,2,19,24,5,1,0
57,40,1,8,0.4,0.5,0.9,1.2,1.6,0,1.3,1.1,0.4,0.6,0
74,40,1,8,0.2,0,0.6,0.8,2,0,1.4,1.8,0.3,0.9,0
75,40,0,48,8,3,0,12,9,2,7,2,5,0,0
76,40,1,15,0.3,0,1.2,1.4,3.7,0,2.6,3.5,0.6,1.7,0
77,40,1,17,0.3,0,1.3,1.6,4.3,0,2.9,3.9,0.7,2,0
82,40,1,6,0.5,0.5,0.2,0.7,1.1,0.5,1,1,0.2,0.3,0
98,40,0,56,3,3,5,8,12,0,16,5,4,0,0
99,40,0,54,1,7,2,7,14,1,5,11,4,2,0
106,40,1,12,0.7,1.1,1.2,1.9,2.8,0.4,1.1,1.7,0.4,0.7,0
108,40,1,3,0.1,0.3,0.3,0.5,0.7,0.1,0.3,0.4,0.1,0.2,0
21,41,1,1,0.1,0.1,0.1,0.1,0.2,0,0.2,0.1,0.1,0,0
23,41,1,7,0.4,0.9,0.3,1,1.6,0,1.2,1,0.4,0.2,0
24,41,1,17,1.2,1.9,0.4,3.9,4.1,0.3,1.4,2.6,1.1,0.1,0
25,41,1,10,0.7,1.1,0.2,2.3,2.4,0.2,0.8,1.5,0.7,0.1,0
39,41,1,7,0,1.1,0.3,0.9,1.1,0.2,0.7,1.6,0.7,0.4,0
41,41,1,2,0,0.3,0.1,0.3,0.3,0,0.2,0.5,0.2,0.1,0
44,41,1,3,0.5,0,0.1,0.8,0.2,0,0.3,0.6,0.4,0.1,0
48,41,1,25,3.9,0,0.8,7,1.6,0,2.3,5.5,3.1,0.8,0
49,41,0,74.5,6,5.5,4,13,19,1,11,9,5,1,0
50,41,0,60,2,7,3,3,18,1,11,7,5,3,0
51,41,0,56,4,3,2,8,11,2,11,8,1,6,0
52,41,0,129,14,15,6,21,31,5,9,6,20,2,0
53,41,0,78,1,7,5,12,13,1,7,19,6,7,0
54,41,0,97.5,4.5,12,5,18,22,1,12,8,5,10,0
55,41,0,48,3,4,2,4,7,1,5,16,1,5,0
56,41,0,70,12,3.5,8,23,12,2,2,4,3.5,0,0
57,41,1,6,0.5,1,0.2,1.6,0.3,0.1,0.8,0.8,0.2,0.5,0
66,41,1,2,0.1,0.1,0,0.3,0.3,0.1,0.4,0.5,0.1,0.1,0
67,41,1,7,0.4,0.3,0.1,1.2,0.9,0.2,1.3,1.6,0.5,0.5,0
72,41,1,7,0.4,0.3,0.1,1.2,0.9,0.2,1.3,1.6,0.5,0.5,0
74,41,1,1,0,0.1,0,0.1,0.2,0,0.2,0.2,0.1,0.1,0
75,41,0,31,0,4,2,2,10,1,4,6,1,1,0
76,41,0,52,1.5,8,3,10,11,2,6,4,2.5,3,1
77,41,1,6,0.1,0.3,0.2,0.8,1,0.2,1,1.3,0.3,0.8,0
78,41,1,7,0.2,0.3,0.2,0.9,1.2,0.2,1.2,1.5,0.3,1,0
98,41,1,26.5,1.5,1.5,3,4.5,4.5,0.4,1.5,5.9,3,0.7,0
99,41,0,40,0,6,2,3,13,2,5,5,3,1,0
100,41,1,2,0,0.1,0.4,0.1,0.4,0,0.3,0.5,0,0.2,0
103,41,1,2,0,0.1,0.4,0.1,0.4,0,0.3,0.5,0,0.2,0
104,41,1,19,1,2,1,3,5,0.7,2.3,2.7,0,1.3,0
105,41,1,13,0.7,1.4,0.7,2,3.4,0.5,1.6,1.8,0,0.9,0
107,41,1,6,0.3,0.6,0.3,1,1.6,0.2,0.7,0.9,0,0.4,0
117,41,1,3,0.3,0.3,0.2,0.9,0.6,0,0.3,0,0.2,0.2,0
21,42,1,2,0.1,0.3,0.1,0.3,0.5,0,0.3,0.3,0.1,0,0
23,42,1,26.5,1.3,3.5,1.2,3.7,6.2,0.2,4.6,3.7,1.5,0.6,0
24,42,1,18,1.3,2,0.4,4.1,4.4,0.3,1.4,2.8,1.2,0.1,0
25,42,1,7,0.5,0.8,0.2,1.6,1.7,0.1,0.6,1.1,0.4,0,0
48,42,1,1,0.2,0,0,0.3,0.1,0,0.1,0.2,0.1,0,0
49,42,0,71,2,14,2,9,17,2,10,7,6,2,0
50,42,0,91,5,3.5,6,22,13,4,11,13,4.5,9,0
51,42,0,58.5,1.5,6,8,5,18,2,2,10,5,1,0
52,42,0,85.5,2,12,3,19,16,0,9,12,2.5,10,0
53,42,0,74,0,9.5,6.5,13,12,2,8,14,4,5,0
54,42,0,260.5,15,19.5,17,43,42,6,38,40,13,25,2
55,42,0,170,5,16,11,29,40,2,14,26,14,13,0
56,42,1,17,1.4,2.7,0.5,4.6,0.9,0.4,2.3,2.3,0.5,1.4,0
72,42,0,121.5,3,8.5,7.5,24,21,2,14,15,21.5,5,0
73,42,1,30,1.6,1.3,0.7,4.9,4,1,5.6,6.9,2,2,0
74,42,1,3,0.1,0.2,0.1,0.4,0.5,0.1,0.5,0.6,0.1,0.4,0
75,42,1,7,0.2,0.3,0.2,0.9,1.2,0.2,1.2,1.5,0.3,1,0
76,42,0,20,1,1,1,2,6,0,2,3,1,3,0
80,42,1,5,0.4,0.4,0.2,0.6,1,0.4,0.8,0.8,0.1,0.3,0
99,42,1,5,0,0.4,0.9,0.2,1.1,0,0.7,1.2,0,0.5,0
104,42,1,5,0.3,0.5,0.3,0.8,1.3,0.2,0.6,0.7,0,0.3,0
105,42,1,5,0.3,0.5,0.3,0.8,1.3,0.2,0.6,0.7,0,0.3,0
111,42,1,2,0.2,0.1,0.2,0.5,0.3,0,0.1,0.4,0.2,0,0
113,42,1,5,0.5,0.3,0.5,1.1,0.7,0.1,0.3,0.9,0.5,0.1,0
117,42,1,8.5,0.8,0.8,0.5,2.6,1.8,0,0.8,0,0.7,0.5,0
121,42,1,1,0,0,0.2,0.2,0.2,0,0.2,0.1,0,0.1,0
19,43,1,12,0.6,1.6,0.6,1.6,2.8,0.1,2.1,1.6,0.7,0.3,0
20,43,0,63.5,2,6,7,14,15,3,5,4,4.5,3,0
21,43,0,40,3,0,2,3,10,2,5,4,6,5,0
22,43,1,22,1.1,2.9,1.1,3,5.1,0.2,3.8,3,1.3,0.5,0
23,43,1,20,1,2.6,0.9,2.8,4.7,0.1,3.5,2.8,1.2,0.4,0
24,43,0,56,8,6,0,15,12,5,2,4,4,0,0
25,43,1,8,0.6,0.9,0.2,1.8,1.9,0.1,0.7,1.2,0.5,0.1,0
27,43,1,2,0.1,0.2,0.1,0.5,0.5,0,0.2,0.3,0.1,0,0
29,43,1,2,0.1,0.2,0.1,0.5,0.5,0,0.2,0.3,0.1,0,0
45,43,1,3,0.5,0,0.1,0.8,0.2,0,0.3,0.6,0.4,0.1,0
49,43,0,70,4,5.5,9,11,16,0,6,10,5.5,3,0
50,43,0,106,4,16,6,18,26,2,2,7,19,5,1
51,43,0,24,0,3,1,4,6,0,0,5,0,5,0
52,43,0,163,7,13.5,4,31,22,5.5,28,36,13,3,0
53,43,0,464,25,41,28,118,96,12,41,53,24,25,1
54,43,0,370.5,21,35.5,35.5,68,84,12,45,44,13.5,12,0
55,43,0,115,6.5,10.5,6,28,23,4,6,9,10,12,0
56,43,1,14,1.1,2.3,0.4,3.8,0.7,0.4,1.9,1.9,0.4,1.1,0
61,43,1,4,0.2,0.3,0.5,0.6,0.8,0,0.6,0.5,0.2,0.3,0
71,43,0,31.5,1,1.5,2,7,6,0,3,10,0,1,0
72,43,0,78.5,3,2,6,11,7,0,12,22,3.5,12,0
73,43,0,67,2,3,9,9,13,0,15,10,3,3,0
74,43,0,25.5,1,0,3,7,3,0,5,5,0.5,1,0
75,43,0,48.5,1,5.5,6,4,14,1,5,7,1,4,0
76,43,0,61.5,5,3,6,19,5,2,4,8,4.5,5,0
77,43,0,48,1,3,5,10,9,0,6,9,1,4,0
78,43,1,1,0,0.1,0,0.1,0.2,0,0.2,0.2,0.1,0.1,0
80,43,1,3,0.2,0.3,0.1,0.3,0.6,0.2,0.5,0.5,0.1,0.2,0
81,43,1,1,0.1,0.1,0,0.1,0.2,0.1,0.2,0.2,0,0,0
83,43,1,4,0.3,0.3,0.1,0.5,0.8,0.3,0.7,0.7,0.1,0.2,0
90,43,1,1,0.1,0,0,0.2,0.1,0,0.3,0.2,0,0.1,0
97,43,1,7,0.4,0.4,0.8,1.2,1.2,0.1,0.4,1.5,0.8,0.2,0
98,43,1,2,0.1,0.1,0.2,0.3,0.4,0,0.1,0.5,0.2,0.1,0
99,43,1,6,0,0.4,1.1,0.2,1.3,0,0.9,1.5,0,0.6,0
102,43,1,2,0,0.1,0.4,0.1,0.4,0,0.3,0.5,0,0.2,0
105,43,1,1,0,0.1,0.1,0.2,0.3,0,0.1,0.1,0,0.1,0
106,43,1,6,0.3,0.6,0.3,1,1.6,0.2,0.7,0.9,0,0.4,0
109,43,1,3,0.3,0.2,0.3,0.7,0.4,0,0.2,0.5,0.3,0.1,0
110,43,1,4,0.4,0.2,0.4,0.9,0.6,0.1,0.2,0.7,0.4,0.1,0
19,44,1,9,0.5,1.2,0.4,1.2,2.1,0.1,1.6,1.2,0.5,0.2,0
20,44,0,65.5,3,7,5.5,5,21,0,8,8,6,2,0
21,44,0,64.5,3,1,3,14,9,1,7,16,3.5,7,0
22,44,0,60.5,2,6.5,3,13,15,0,7,5,5,4,0
23,44,1,26,1.3,3.4,1.2,3.6,6.1,0.2,4.5,3.6,1.5,0.6,0
24,44,0,41,3,1,1,5,10,2,9,7,2,1,0
25,44,0,35,2,1,2,7,7,1,5,5,3,2,0
26,44,0,25,0,1,1,0,9,1,5,5,2,1,0
27,44,1,33,2.4,3.7,0.8,7.4,8,0.5,2.7,5.1,2.1,0.3,0
28,44,1,2,0.1,0.2,0.1,0.5,0.5,0,0.2,0.3,0.1,0,0
51,44,0,28,1,4,0,8,4,0,5,3,2,1,0
52,44,0,107.5,9,8,5,25,13,2.5,19,7,10,9,0
53,44,0,63,1,2,7,7,14,2,6,16,5,3,0
54,44,0,56,2,5,2,9,11,1,8,13,2,3,0
55,44,0,29,2,4,1,4,4,0,7,4,2,1,0
59,44,1,2,0.1,0.1,0.2,0.3,0.4,0,0.3,0.3,0.1,0.2,0
71,44,1,6,0.3,0.3,0.1,1,0.8,0.2,1.1,1.4,0.4,0.4,0
72,44,1,20,1.1,0.9,0.5,3.3,2.6,0.7,3.7,4.6,1.3,1.3,0
73,44,0,52,2,4,10,5,18,1,5,5,2,0,0
74,44,0,181,7.5,7,16,54,34,2.5,16,31,8,5,0
75,44,0,298,13,28,15,65,84,3,28,27,25,10,0
76,44,1,14,0.4,0.7,0.4,1.8,2.3,0.4,2.3,3,0.7,1.9,0.1
77,44,1,25,0.7,1.2,0.7,3.2,4.2,0.7,4.2,5.3,1.1,3.5,0.2
78,44,1,14,0.4,0.7,0.4,1.8,2.3,0.4,2.3,3,0.7,1.9,0.1
80,44,1,2,0.2,0.2,0.1,0.2,0.4,0.2,0.3,0.3,0,0.1,0
97,44,0,18.5,1,0,0,6,5,1,3,2,0.5,0,0
99,44,1,6,0,0.4,1.1,0.2,1.3,0,0.9,1.5,0,0.6,0
100,44,1,4,0,0.3,0.7,0.1,0.9,0,0.6,1,0,0.4,0
109,44,1,11,1,0.6,1,2.5,1.6,0.2,0.6,2.1,1.2,0.2,0
110,44,1,9,0.8,0.5,0.8,2,1.3,0.2,0.5,1.7,1,0.2,0
112,44,1,10,0.9,0.6,0.9,2.2,1.5,0.2,0.6,1.8,1.1,0.2,0
113,44,1,3,0.3,0.2,0.3,0.7,0.4,0,0.2,0.5,0.3,0.1,0
114,44,1,13,1.2,1.2,0.8,4,2.8,0,1.2,0,1,0.8,0
122,44,1,2,0.1,0,0.3,0.4,0.4,0.1,0.4,0.1,0.1,0.1,0
123,44,1,4,0.1,0,0.6,0.7,0.9,0.2,0.7,0.3,0.2,0.3,0
125,44,1,2,0.1,0.1,0.2,0.4,0.2,0,0.3,0.4,0.1,0.2,0
19,45,1,12,0.6,1.6,0.6,1.6,2.8,0.1,2.1,1.6,0.7,0.3,0
20,45,0,25,1,1,1,6,3,1,2,9,0,1,0
21,45,0,49.5,1,3.5,3,6,7,2,9,11,2,5,0
22,45,0,52,4,7,2,6,17,1,5,5,5,0,0
23,45,0,59.5,2,13.5,6,4,19,0,4,5,6,0,0
24,45,0,33.5,0,5.5,0,5,8,0,7,4,3,1,0
25,45,0,57.5,2,3.5,1,15,15,2,3,11,4,0,1
26,45,0,39,2,3,6,6,10,0,5,6,1,0,0
27,45,1,23,1.7,2.6,0.5,5.2,5.6,0.4,1.8,3.5,1.5,0.2,0
72,45,1,11,0.6,0.5,0.2,1.8,1.5,0.4,2.1,2.5,0.7,0.7,0
73,45,0,37,1,3,2,6,6,0,8,7,1,3,0
74,45,1,14,0.4,0.7,0.4,1.8,2.3,0.4,2.3,3,0.7,1.9,0.1
75,45,0,161.5,5.5,12,10,32,38,6,17,21,11,9,0
76,45,0,49,5,0.5,3,16,8,1.5,5,2,6,2,0
77,45,1,11,0.3,0.5,0.3,1.4,1.8,0.3,1.9,2.4,0.5,1.5,0.1
78,45,1,5,0.1,0.2,0.2,0.7,0.8,0.1,0.8,1.1,0.2,0.7,0.1
92,45,1,6,0.7,0,0.2,1.4,0.2,0,1.6,1.4,0.2,0.3,0
101,45,1,1,0,0.1,0.2,0,0.2,0,0.1,0.3,0,0.1,0
110,45,1,7,0.6,0.4,0.7,1.6,1,0.1,0.4,1.3,0.8,0.1,0
116,45,1,1,0.1,0.1,0,0.3,0.2,0,0.1,0,0.1,0.1,0
118,45,1,7,0.6,0.7,0.4,2.2,1.5,0,0.7,0,0.5,0.4,0
121,45,1,5,0.2,0,0.7,0.9,1.1,0.2,0.9,0.4,0.2,0.4,0
122,45,1,4,0.1,0,0.6,0.7,0.9,0.2,0.7,0.3,0.2,0.3,0
124,45,1,2,0.1,0.1,0.2,0.4,0.2,0,0.3,0.4,0.1,0.2,0
18,46,1,2,0.1,0.2,0,0.3,0.3,0,0.5,0.5,0.1,0,0
19,46,1,19,1.6,2,0.9,4.5,3,0.5,1.8,2.2,0.5,2,0
21,46,1,21,1.8,2.2,1,4.9,3.3,0.6,2,2.4,0.6,2.2,0
22,46,0,115.5,7.5,8,15,14,32,1,18,12,4,4,0
23,46,0,48,3,11,2,9,14,0,5,0,4,0,0
24,46,1,6,0.5,0.3,0.3,1.3,1.2,0.2,0.8,0.8,0.4,0.2,0
25,46,0,85,3,6,4,21,16,7.5,5,10,10.5,2,0
26,46,0,73,4,11,7,10,20,3,4,7,5,2,0
28,46,1,7,0.6,0.4,0.4,1.5,1.4,0.2,1,0.9,0.4,0.2,0
41,46,1,4,0.3,0.3,0.5,0.7,0.7,0.2,0.6,0.3,0.2,0.2,0
42,46,1,3,0.3,0.2,0.4,0.5,0.5,0.2,0.4,0.3,0.1,0.1,0
43,46,1,3,0.3,0.2,0.4,0.5,0.5,0.2,0.4,0.3,0.1,0.1,0
44,46,1,9,0.1,1.2,0.4,1.8,1.7,0,2.4,0.1,0.9,0.4,0
52,46,1,4,0.1,0.5,0.2,0.8,0.7,0,1,0.1,0.4,0.2,0
55,46,1,4,0.1,0.5,0.2,0.8,0.7,0,1,0.1,0.4,0.2,0
64,46,1,8,0,0.3,0.8,1.3,1.1,0.3,0.5,1.9,0.5,1.3,0
72,46,1,3,0,0.1,0.3,0.5,0.4,0.1,0.2,0.7,0.2,0.5,0
74,46,1,6,0.1,0.6,0.6,0.6,1.5,0.1,0.5,1,0.2,0.8,0
75,46,0,27,0,1,3,2,6,0,8,4,1,2,0
76,46,0,39,1,7,3,4,12,0,4,4,3,1,0
77,46,1,17.5,0.4,1.7,1.8,1.7,4.3,0.4,1.5,3,0.5,2.2,0
78,46,1,14,0.3,1.3,1.5,1.3,3.5,0.3,1.2,2.4,0.4,1.8,0
79,46,1,4,0.2,0.6,0.7,0.4,1.1,0.1,0.4,0.2,0.1,0.2,0
97,46,1,2,0,0.1,0.1,0.1,0.4,0,0.4,0.6,0,0.3,0
99,46,1,6,0,0,0,0.2,1.4,0.1,0.9,2,0,1.4,0
100,46,1,7.5,0,0,0,0.3,1.7,0.1,1.1,2.6,0,1.7,0
105,46,1,2,0,0.2,0.2,0.1,0.5,0,0.2,0.7,0,0.1,0
106,46,1,1,0,0.1,0.1,0,0.2,0,0.1,0.4,0,0.1,0
109,46,1,5,0.2,0.2,0.7,1,1,0.2,0.5,0.6,0.3,0.3,0
111,46,1,2,0.1,0.1,0.3,0.4,0.4,0.1,0.2,0.2,0.1,0.1,0
112,46,1,5.5,0.2,0.2,0.8,1.1,1.2,0.2,0.5,0.7,0.3,0.3,0
116,46,1,16,0,1.3,1.1,1.3,4.8,0.3,2.1,2.9,0.8,1.4,0
119,46,1,2,0,0.2,0.1,0.2,0.6,0.1,0.2,0.4,0.1,0.1,0
18,47,1,8,0.3,0.8,0,1.3,1.1,0,2.1,2.1,0.3,0,0
19,47,0,38,1,1,3,6,6,1,12,4,4,0,0
20,47,0,86,1,18,3,14,24,2,6,8,8,2,0
21,47,1,20,1.7,2.1,0.9,4.7,3.2,0.6,1.9,2.2,0.6,2.1,0
22,47,0,191.5,8,13,20,31,43,6,21,33,9.5,6,1
23,47,0,68,2,4,1,9,12,5,13,14,2,6,0
24,47,0,31,0,3,5,7,7,1,4,2,1,1,0
25,47,0,32.5,1,6,1,2,12,1,4,3,1.5,1,0
26,47,0,50,3,7,5,12,8,1,4,4,4,2,0
27,47,1,6,0.5,0.3,0.3,1.3,1.2,0.2,0.8,0.8,0.4,0.2,0
42,47,1,16,1.4,1,2,2.7,2.7,1,2.4,1.4,0.7,0.7,0
46,47,1,1,0,0.1,0,0.2,0.2,0,0.3,0,0.1,0.1,0
53,47,1,6,0.1,0.8,0.2,1.2,1.1,0,1.6,0.1,0.6,0.3,0
54,47,1,9,0.1,1.2,0.4,1.8,1.7,0,2.4,0.1,0.9,0.4,0
68,47,1,4,0,0.1,0.4,0.7,0.5,0.1,0.3,0.9,0.3,0.7,0
74,47,1,2,0,0.2,0.2,0.2,0.5,0,0.2,0.3,0.1,0.3,0
75,47,1,13,0.3,1.2,1.4,1.2,3.2,0.3,1.1,2.2,0.4,1.7,0
76,47,1,21,0.4,2,2.2,2,5.2,0.4,1.8,3.6,0.7,2.7,0
77,47,1,11,0.2,1,1.2,1.1,2.7,0.2,0.9,1.9,0.4,1.4,0
79,47,1,10,0.4,1.4,1.7,1,2.9,0.2,1,0.6,0.2,0.6,0
80,47,1,5,0.2,0.7,0.8,0.5,1.5,0.1,0.5,0.3,0.1,0.3,0
101,47,1,2,0,0,0,0.1,0.4,0,0.3,0.7,0,0.5,0
111,47,1,13,0.4,0.6,1.9,2.7,2.7,0.4,1.2,1.5,0.8,0.8,0
116,47,1,4,0,0.3,0.3,0.3,1.2,0.1,0.5,0.7,0.2,0.4,0
117,47,1,7,0,0.6,0.5,0.6,2.1,0.1,0.9,1.3,0.3,0.6,0
119,47,1,4,0.1,0.4,0.3,0.3,1.2,0.2,0.3,0.8,0.2,0.2,0
120,47,1,2,0,0.2,0.1,0.2,0.6,0.1,0.2,0.4,0.1,0.1,0
121,47,1,8,0.2,0.9,0.6,0.6,2.5,0.3,0.6,1.5,0.3,0.5,0
127,47,1,1,0.1,0.1,0,0.1,0.2,0,0.2,0.1,0.1,0.1,0
17,48,1,10,0.3,1,0,1.7,1.3,0,2.7,2.7,0.3,0,0
19,48,0,44,2,7,1,7,13,1,3,5,5,0,0
20,48,0,71,2,8,5,14,13,1,13,8,5,2,0
21,48,0,51,1,6,4,8,12,0,8,6,2,4,0
22,48,0,86,7,5,5,14,18,1.5,7,13,9.5,6,0
23,48,0,48,1,6,3,3,11,0,8,13,1,2,0
24,48,1,17,1.3,1,1,3.7,3.3,0.5,2.4,2.2,1.1,0.5,0
25,48,1,8,0.6,0.5,0.5,1.7,1.6,0.2,1.1,1,0.5,0.3,0
26,48,1,13,1,0.7,0.8,2.8,2.5,0.4,1.9,1.7,0.8,0.4,0
27,48,1,12.5,1,0.7,0.7,2.7,2.4,0.4,1.8,1.6,0.8,0.4,0
28,48,1,3,0.2,0.2,0.2,0.6,0.6,0.1,0.4,0.4,0.2,0.1,0
32,48,1,3,0,0.1,0.1,0.5,0.5,0,0.9,0.7,0.1,0.1,0
38,48,1,4,0,0.4,0.2,0.8,0.5,0,0.8,0.8,0.3,0.1,0.1
39,48,1,8,0.7,0.5,1,1.4,1.4,0.5,1.2,0.7,0.3,0.3,0
40,48,1,5,0.4,0.3,0.6,0.9,0.9,0.3,0.8,0.4,0.2,0.2,0
45,48,1,3,0,0.4,0.1,0.6,0.6,0,0.8,0.1,0.3,0.1,0
51,48,1,4,0.1,0.5,0.2,0.8,0.7,0,1,0.1,0.4,0.2,0
62,48,1,3,0,0.4,0.1,0.6,0.6,0,0.8,0.1,0.3,0.1,0
67,48,1,2,0,0.1,0.2,0.3,0.3,0.1,0.1,0.5,0.1,0.3,0
69,48,1,8,0,0.3,0.8,1.3,1.1,0.3,0.5,1.9,0.5,1.3,0
75,48,1,3,0.1,0.3,0.3,0.3,0.7,0.1,0.2,0.5,0.1,0.4,0
77,48,1,7,0.1,0.7,0.7,0.7,1.7,0.2,0.6,1.2,0.2,0.9,0
83,48,1,4,0.2,0.6,0.7,0.4,1.1,0.1,0.4,0.2,0.1,0.2,0
97,48,1,4,0,0.1,0.3,0.1,0.8,0,0.8,1.3,0,0.6,0
103,48,1,2,0,0,0,0.1,0.4,0,0.3,0.7,0,0.5,0
110,48,1,2,0.1,0.1,0.3,0.4,0.4,0.1,0.2,0.2,0.1,0.1,0
113,48,1,2,0.1,0.1,0.3,0.4,0.4,0.1,0.2,0.2,0.1,0.1,0
116,48,1,8,0,0.6,0.5,0.7,2.4,0.1,1.1,1.5,0.4,0.7,0
118,48,1,2,0,0.1,0.1,0.2,0.6,0,0.3,0.4,0.1,0.2,0
123,48,1,5,0.1,0.5,0.4,0.4,1.5,0.2,0.4,1,0.2,0.3,0
127,48,1,5,0.3,0.5,0.2,0.6,1,0.2,0.8,0.5,0.3,0.6,0
19,49,0,62,8,3,0,17,15,5,3,1,9,1,0
20,49,0,85.5,6,6,0,27,15,3,2,7,18.5,1,0
21,49,0,76,7,2.5,4,26,11,4,7,7,6.5,1,0
22,49,0,43.5,1,8.5,7,3,15,2,2,1,2,2,0
23,49,1,11,0.9,1.1,0.5,2.6,1.8,0.3,1,1.3,0.3,1.2,0
24,49,1,6,0.5,0.3,0.3,1.3,1.2,0.2,0.8,0.8,0.4,0.2,0
25,49,1,5,0.4,0.3,0.3,1.1,1,0.1,0.7,0.6,0.3,0.2,0
28,49,1,23,1.8,1.3,1.4,5,4.5,0.7,3.3,2.9,1.4,0.7,0
29,49,1,11,0.2,0.4,0.5,1.7,1.7,0,3.2,2.4,0.4,0.5,0
31,49,0,35,0,1,2,6,9,2,9,1,4,1,0
32,49,1,13,0.2,0.4,0.7,2,2,0,3.7,2.9,0.4,0.7,0
33,49,1,8,0.1,0.3,0.4,1.2,1.2,0,2.3,1.8,0.3,0.4,0
34,49,1,16,0,1.7,0.7,3.1,2.1,0,3.4,3.4,1,0.3,0.3
40,49,1,5,0.4,0.3,0.6,0.9,0.9,0.3,0.8,0.4,0.2,0.2,0
43,49,1,3,0.3,0.2,0.4,0.5,0.5,0.2,0.4,0.3,0.1,0.1,0
45,49,1,3,0,0.4,0.1,0.6,0.6,0,0.8,0.1,0.3,0.1,0
54,49,1,1,0,0.1,0,0.2,0.2,0,0.3,0,0.1,0.1,0
56,49,1,1,0,0.1,0,0.2,0.2,0,0.3,0,0.1,0.1,0
61,49,1,2,0,0.3,0.1,0.4,0.4,0,0.5,0,0.2,0.1,0
82,49,1,11,0.5,1.6,1.8,1.1,3.1,0.2,1.1,0.7,0.2,0.7,0
85,49,1,6,0.7,0,0.2,1.4,0.2,0,1.6,1.4,0.2,0.3,0
97,49,1,7,0,0.2,0.4,0.2,1.4,0,1.5,2.3,0,1,0
99,49,1,2,0,0,0,0.1,0.4,0,0.3,0.7,0,0.5,0
100,49,1,3,0,0,0,0.1,0.7,0.1,0.4,1,0,0.7,0
106,49,1,1,0,0.1,0.1,0,0.2,0,0.1,0.4,0,0.1,0
107,49,1,2,0,0.2,0.2,0.1,0.5,0,0.2,0.7,0,0.1,0
108,49,1,1,0,0.1,0.1,0,0.2,0,0.1,0.4,0,0.1,0
109,49,1,4,0.1,0.2,0.6,0.8,0.8,0.1,0.4,0.5,0.2,0.3,0
118,49,1,4,0,0.3,0.3,0.3,1.2,0.1,0.5,0.7,0.2,0.4,0
120,49,1,4,0.1,0.4,0.3,0.3,1.2,0.2,0.3,0.8,0.2,0.2,0
121,49,1,9.5,0.2,1,0.7,0.7,3,0.4,0.7,1.8,0.4,0.6,0
123,49,1,5,0.1,0.5,0.4,0.4,1.5,0.2,0.4,1,0.2,0.3,0
124,49,1,9,0.6,0.9,0.3,1.1,1.7,0.3,1.4,0.9,0.6,1.2,0
127,49,1,3,0.2,0.3,0.1,0.4,0.5,0.1,0.5,0.3,0.2,0.4,0
19,50,1,16,1.4,1.7,0.7,3.8,2.6,0.4,1.5,1.8,0.4,1.7,0
20,50,0,30.5,2,4,1,6,8,1.5,2,1,4,1,0
21,50,0,92,11,5.5,6,32,15,9.5,3,2,7,1,0
22,50,1,19,1.6,2,0.9,4.5,3,0.5,1.8,2.2,0.5,2,0
24,50,1,4,0.3,0.2,0.2,0.9,0.8,0.1,0.6,0.5,0.3,0.1,0
25,50,1,2,0.2,0.1,0.1,0.4,0.4,0.1,0.3,0.2,0.1,0.1,0
28,50,1,21,1.6,1.2,1.3,4.6,4.1,0.6,3,2.7,1.3,0.6,0
29,50,0,43.5,4,3.5,3,16,6,1,3,0,7,0,0
30,50,1,14,0.3,0.5,0.7,2.1,2.1,0,4,3.1,0.5,0.7,0
31,50,1,5,0.1,0.2,0.2,0.8,0.8,0,1.4,1.1,0.2,0.2,0
32,50,0,134,14,15.5,14,32,21,5,11,2,16.5,0,3
33,50,0,76.5,3,4,6.5,15,19,4,6,9,8,2,0
34,50,1,20,0,2.1,0.8,3.8,2.6,0,4.3,4.3,1.3,0.4,0.4
35,50,1,1,0,0.1,0.1,0.2,0.1,0,0.2,0.2,0.1,0,0
37,50,1,6,0,0.6,0.3,1.1,0.8,0,1.3,1.3,0.4,0.1,0.1
44,50,1,3,0,0.4,0.1,0.6,0.6,0,0.8,0.1,0.3,0.1,0
45,50,1,5,0.1,0.7,0.2,1,0.9,0,1.3,0.1,0.5,0.2,0
51,50,1,4,0.1,0.5,0.2,0.8,0.7,0,1,0.1,0.4,0.2,0
53,50,1,4,0.1,0.5,0.2,0.8,0.7,0,1,0.1,0.4,0.2,0
55,50,1,1,0,0.1,0,0.2,0.2,0,0.3,0,0.1,0.1,0
60,50,1,2,0,0.3,0.1,0.4,0.4,0,0.5,0,0.2,0.1,0
83,50,1,2,0.1,0.3,0.3,0.2,0.6,0,0.2,0.1,0.1,0.1,0
94,50,1,2,0,0.1,0.1,0.1,0.4,0,0.4,0.6,0,0.3,0
99,50,1,4,0,0,0,0.1,0.9,0.1,0.6,1.4,0,0.9,0
105,50,1,4,0.1,0.3,0.4,0.1,1,0.1,0.4,1.4,0,0.2,0
106,50,1,2,0,0.2,0.2,0.1,0.5,0,0.2,0.7,0,0.1,0
116,50,1,3,0,0.2,0.2,0.2,0.9,0,0.4,0.6,0.2,0.3,0
121,50,1,2,0,0.2,0.1,0.2,0.6,0.1,0.2,0.4,0.1,0.1,0
122,50,1,6,0.1,0.6,0.5,0.5,1.9,0.2,0.5,1.2,0.2,0.3,0
123,50,1,4,0.1,0.4,0.3,0.3,1.2,0.2,0.3,0.8,0.2,0.2,0
124,50,1,7,0.4,0.7,0.2,0.9,1.4,0.2,1.1,0.7,0.5,0.9,0
127,50,1,1,0.1,0.1,0,0.1,0.2,0,0.2,0.1,0.1,0.1,0
0,51,0,30,0,3,0,9,4,0,2,4,1,7,0
1,51,1,19.5,0.6,3.1,1.7,1.3,6.5,0.2,2.1,3.4,0.4,0.2,0
4,51,1,4,0.2,0.4,0.4,0.8,0.9,0,0.8,0.2,0.3,0,0
21,51,1,2,0.1,0.2,0,0.3,0.3,0,0.5,0.5,0.1,0,0
22,51,1,4,0.1,0.4,0,0.7,0.5,0,1.1,1.1,0.1,0,0
26,51,1,3,0,0.1,0.1,0.5,0.5,0,0.9,0.7,0.1,0.1,0
29,51,1,9,0.4,0.3,0.3,1.3,1.2,0,1.8,2.4,0.5,0.8,0
30,51,1,17,0.7,0.5,0.6,2.5,2.3,0,3.4,4.5,0.9,1.6,0
31,51,0,36,1,1,2,8,7,1,6,9,1,0,0
32,51,0,133.5,3,10.5,13,28,37,1,11,14,10,5,1
33,51,0,71,1,5,9,16,15,1,15,4,4,1,0
34,51,0,89,8,9,8,21,20,2,7,3,8,3,0
35,51,1,31,3.7,4.5,0.5,7.9,3.7,2.1,1,2.1,5,0.5,0
37,51,0,25,2,0,1,6,3,1,6,3,3,0,0
38,51,1,7,0.8,1,0.1,1.8,0.8,0.5,0.3,0.5,1.1,0.1,0
40,51,1,4,0.2,0.2,0.2,0.7,0.7,0.1,0.8,0.6,0.3,0.2,0
42,51,1,3,0.2,0.2,0.2,0.5,0.5,0.1,0.6,0.4,0.2,0.1,0
44,51,1,3,0.1,0.2,0.3,0.5,0.8,0,0.4,0.4,0.2,0.1,0
45,51,1,27,0.8,2.2,2.8,4.3,6.9,0.2,3.2,3.8,2,0.8,0
81,51,1,4,0.2,0.6,0.7,0.4,1.1,0.1,0.4,0.2,0.1,0.2,0
84,51,1,3,0.4,0,0.1,0.7,0.1,0,0.8,0.7,0.1,0.1,0
94,51,1,18,1.5,1.2,0.7,4.2,3.3,0.4,1.3,2.9,2,0.5,0
95,51,1,2,0.2,0.1,0.1,0.5,0.4,0,0.1,0.3,0.2,0.1,0
101,51,1,1,0,0,0.1,0,0.2,0,0.2,0.3,0,0.2,0
110,51,1,1,0.1,0.1,0,0.2,0.1,0,0.2,0.2,0,0.1,0
112,51,1,11,0.8,0.6,0.4,2.3,1.4,0,2.3,2,0.4,0.8,0
114,51,1,3,0,0.2,0.2,0.2,0.9,0,0.4,0.6,0.2,0.3,0
118,51,1,5,0,0.4,0.3,0.4,1.5,0.1,0.7,0.9,0.3,0.4,0
119,51,1,5,0.1,0.5,0.6,0.5,1.1,0.1,0.4,1.2,0.2,0.3,0
121,51,1,5,0.1,0.5,0.6,0.5,1.1,0.1,0.4,1.2,0.2,0.3,0
122,51,1,7,0.1,0.8,0.9,0.7,1.5,0.1,0.5,1.7,0.3,0.4,0
123,51,1,4,0.1,0.4,0.5,0.4,0.9,0.1,0.3,1,0.1,0.2,0
124,51,1,7,0.1,0.8,0.6,0.6,1.7,0.1,1,1.3,0.3,0.5,0
125,51,1,9,0.2,1.1,0.7,0.8,2.2,0.1,1.3,1.6,0.4,0.6,0
0,52,0,75,2,7,6,4,19,0,12,13,4,8,0
1,52,0,34,2.5,3,1,7,5,0,3,6,0.5,6,0
2,52,1,6,0.2,0.9,0.5,0.4,2,0.1,0.7,1,0.1,0.1,0
3,52,0,38,1,7,4,4,13,1,1,4,3,0,0
4,52,0,51,1,5,5,1,20,0,11,5,3,0,0
5,52,0,54,4,4,7,5,15,1,6,11,1,0,0
20,52,1,1,0,0.1,0,0.2,0.1,0,0.3,0.3,0,0,0
30,52,1,12,0.5,0.4,0.4,1.8,1.6,0,2.4,3.2,0.6,1.1,0
31,52,0,111.5,6,8,9,28,24,7,8,9,4.5,7,1
32,52,0,172.5,13,6.5,13,38,43,5.5,17,16,5.5,14,1
33,52,0,54,0,5,8,9,10,2,5,8,6,1,0
34,52,0,52,0,4,3,4,10,1,11,13,3,3,0
35,52,1,3,0.4,0.4,0,0.8,0.4,0.2,0.1,0.2,0.5,0,0
38,52,1,2,0.3,0.3,0,0.5,0.3,0.1,0.1,0.1,0.3,0,0
43,52,1,1.5,0.1,0.1,0.1,0.3,0.2,0,0.3,0.2,0.1,0.1,0
44,52,0,38.5,2,3,3,7,4,1,8,9,1.5,0,0
45,52,1,20,0.6,1.6,2.1,3.1,5.1,0.2,2.4,2.8,1.5,0.6,0
46,52,1,6,0.2,0.5,0.6,0.9,1.5,0,0.7,0.9,0.5,0.2,0
47,52,1,2,0.1,0.2,0.2,0.3,0.5,0,0.2,0.3,0.1,0.1,0
71,52,1,4,0,0.1,0.4,0.7,0.5,0.1,0.3,0.9,0.3,0.7,0
91,52,1,1,0,0.1,0,0,0.2,0,0.2,0.4,0,0.1,0
93,52,1,8,0,0.9,0.4,0.2,1.6,0,1.4,2.8,0,0.7,0
95,52,1,3,0.2,0.2,0.1,0.7,0.6,0.1,0.2,0.5,0.3,0.1,0
109,52,1,3,0.2,0.2,0.1,0.6,0.4,0,0.7,0.5,0.1,0.2,0
110,52,1,4,0.3,0.2,0.1,0.9,0.5,0,0.9,0.7,0.1,0.3,0
111,52,1,5,0.3,0.3,0.2,1.1,0.6,0,1.1,0.9,0.2,0.3,0
112,52,1,3,0.2,0.2,0.1,0.6,0.4,0,0.7,0.5,0.1,0.2,0
113,52,1,3,0.2,0.2,0.1,0.6,0.4,0,0.7,0.5,0.1,0.2,0
116,52,1,3,0,0.2,0.2,0.2,0.9,0,0.4,0.6,0.2,0.3,0
119,52,1,1,0,0.1,0.1,0.1,0.2,0,0.1,0.3,0,0.1,0
120,52,1,3,0,0.3,0.4,0.3,0.7,0,0.2,0.8,0.1,0.2,0
122,52,1,3,0,0.3,0.4,0.3,0.7,0,0.2,0.8,0.1,0.2,0
123,52,1,8,0.1,0.9,1,0.8,1.8,0.1,0.6,1.9,0.3,0.5,0
124,52,1,6,0.1,0.7,0.5,0.5,1.5,0.1,0.9,1.1,0.2,0.4,0
125,52,1,17,0.3,2,1.4,1.5,4.2,0.2,2.5,3.1,0.7,1.1,0
0,53,0,46,1,7,2,3,13,0,6,8,1,5,0
1,53,0,84.5,2,9,5.5,8,15,0,7,18,3,17,0
2,53,0,37,6,1,1,12,3,3,4,3,3,1,0
3,53,0,69,1,8,4,11,15,3,6,12,8,1,0
4,53,0,62.5,1.5,7,5,11,19,0,7,7,5,0,0
5,53,0,46.5,3,4.5,6,5,17,0,4,5,2,0,0
6,53,1,19.5,1,1.9,1.7,3.7,4.2,0.2,4,1.2,1.6,0,0
7,53,0,40.5,1,4.5,3,7,9,1,5,7,2,1,0
8,53,0,27,0,0,4,5,4,0,4,8,0,2,0
29,53,1,5,0.2,0.1,0.2,0.7,0.7,0,1,1.3,0.3,0.5,0
30,53,0,40,0,6,2,5,13,0,9,1,2,2,0
31,53,0,83.5,3,5.5,11,12,17,2,14,18,1,0,0
32,53,1,2,0.1,0,0.1,0.3,0.3,0,0.4,0.5,0.1,0.2,0
33,53,1,2,0.1,0,0.1,0.3,0.3,0,0.4,0.5,0.1,0.2,0
38,53,1,2,0.3,0.3,0,0.5,0.3,0.1,0.1,0.1,0.3,0,0
39,53,1,4,0.2,0.2,0.2,0.7,0.7,0.1,0.8,0.6,0.3,0.2,0
41,53,1,2,0.1,0.1,0.1,0.3,0.3,0.1,0.4,0.3,0.2,0.1,0
42,53,1,1,0,0.1,0.1,0.2,0.2,0,0.2,0.1,0.1,0,0
43,53,1,2,0.1,0.1,0.1,0.3,0.3,0.1,0.4,0.3,0.2,0.1,0
44,53,1,7,0.2,0.6,0.7,1.1,1.8,0.1,0.8,1,0.5,0.2,0
45,53,1,18,0.5,1.5,1.9,2.8,4.6,0.1,2.2,2.6,1.3,0.5,0
46,53,1,5,0.1,0.4,0.5,0.8,1.3,0,0.6,0.7,0.4,0.2,0
93,53,1,11,0,1.2,0.5,0.2,2.2,0,2,3.9,0,1,0
94,53,1,4,0.3,0.3,0.2,0.9,0.7,0.1,0.3,0.7,0.4,0.1,0
99,53,1,3,0,0.1,0.2,0.1,0.6,0,0.6,1,0,0.4,0
105,53,1,2,0,0.2,0.2,0.1,0.5,0,0.2,0.7,0,0.1,0
109,53,1,3,0.2,0.2,0.1,0.6,0.4,0,0.7,0.5,0.1,0.2,0
110,53,1,4,0.3,0.2,0.1,0.9,0.5,0,0.9,0.7,0.1,0.3,0
113,53,1,4,0.3,0.2,0.1,0.9,0.5,0,0.9,0.7,0.1,0.3,0
116,53,1,1,0,0.1,0.1,0.1,0.3,0,0.1,0.2,0,0.1,0
117,53,1,1,0,0.1,0.1,0.1,0.3,0,0.1,0.2,0,0.1,0
118,53,1,3,0,0.2,0.2,0.2,0.9,0,0.4,0.6,0.2,0.3,0
119,53,1,2,0,0.2,0.3,0.2,0.4,0,0.2,0.5,0.1,0.1,0
121,53,1,3,0,0.3,0.4,0.3,0.7,0,0.2,0.8,0.1,0.2,0
122,53,1,7,0.1,0.8,0.9,0.7,1.5,0.1,0.5,1.7,0.3,0.4,0
123,53,1,10,0.1,1.1,1.2,1,2.2,0.1,0.8,2.5,0.4,0.6,0
125,53,1,9,0.2,1.1,0.7,0.8,2.2,0.1,1.3,1.6,0.4,0.6,0
126,53,1,13,0.2,1.6,1.1,1.2,3.2,0.1,1.9,2.4,0.5,0.8,0
127,53,1,11.5,0.2,1.4,0.9,1.1,2.8,0.1,1.7,2.1,0.5,0.7,0
0,54,0,61,4,4,3,10,16,3,9,4,3,5,0
1,54,1,19.5,0.6,3.1,1.7,1.3,6.5,0.2,2.1,3.4,0.4,0.2,0
2,54,1,25,0.8,3.9,2.2,1.6,8.4,0.3,2.7,4.3,0.5,0.3,0
3,54,0,60,1,9.5,7,9,20,0,4,3,5.5,0,1
4,54,0,49,5,2,1,12,10,3,4,9,3,0,0
5,54,0,36,2,3,2,9,8,2,2,3,5,0,0
6,54,0,71,6,8,3,18,23,2,3,1,6,1,0
7,54,0,41,1,0,1,6,5,1,10,12,2,3,0
8,54,0,39,3,1,3,5,10,0,9,7,0,1,0
22,54,1,3,0.1,0.3,0,0.5,0.4,0,0.8,0.8,0.1,0,0
29,54,1,8,0.3,0.2,0.3,1.2,1.1,0,1.6,2.1,0.4,0.8,0
30,54,0,82,4,11,9,11,19,2,9,9,2,6,0
31,54,0,49,0,5,3,6,12,0,7,10,3,3,0
32,54,1,2,0.1,0,0.1,0.3,0.3,0,0.4,0.5,0.1,0.2,0
38,54,1,1,0.1,0.1,0,0.3,0.1,0.1,0,0.1,0.2,0,0
42,54,1,2,0.1,0.1,0.1,0.3,0.3,0.1,0.4,0.3,0.2,0.1,0
45,54,1,17,0.5,1.4,1.8,2.7,4.3,0.1,2,2.4,1.3,0.5,0
47,54,1,2,0.1,0.2,0.2,0.3,0.5,0,0.2,0.3,0.1,0.1,0
82,54,1,8,0.3,1.1,1.3,0.8,2.3,0.2,0.8,0.5,0.2,0.5,0
91,54,1,3,0,0.3,0.1,0.1,0.6,0,0.5,1.1,0,0.3,0
92,54,1,4,0,0.4,0.2,0.1,0.8,0,0.7,1.4,0,0.4,0
93,54,1,5,0,0.6,0.2,0.1,1,0,0.9,1.8,0,0.4,0
95,54,1,3,0.2,0.2,0.1,0.7,0.6,0.1,0.2,0.5,0.3,0.1,0
96,54,1,9,0.7,0.6,0.4,2.1,1.6,0.2,0.6,1.5,1,0.3,0
97,54,1,9,0.7,0.6,0.4,2.1,1.6,0.2,0.6,1.5,1,0.3,0
98,54,1,3,0.2,0.2,0.1,0.7,0.6,0.1,0.2,0.5,0.3,0.1,0
108,54,1,9,0.2,0.7,1,0.2,2.1,0.2,1,3.1,0,0.5,0
109,54,1,3,0.2,0.2,0.1,0.6,0.4,0,0.7,0.5,0.1,0.2,0
112,54,1,3,0.2,0.2,0.1,0.6,0.4,0,0.7,0.5,0.1,0.2,0
120,54,1,7,0.1,0.8,0.9,0.7,1.5,0.1,0.5,1.7,0.3,0.4,0
121,54,1,5,0.1,0.5,0.6,0.5,1.1,0.1,0.4,1.2,0.2,0.3,0
0,55,1,5,0.2,0.8,0.4,0.3,1.7,0,0.5,0.9,0.1,0.1,0
3,55,1,17.5,0.6,2.7,1.5,1.1,5.9,0.2,1.9,3,0.4,0.2,0
4,55,1,9,0.5,0.9,0.8,1.7,1.9,0.1,1.8,0.6,0.7,0,0
5,55,1,8,0.4,0.8,0.7,1.5,1.7,0.1,1.6,0.5,0.7,0,0
6,55,0,69.5,2,3,5,9,13,1.5,12,16,3,3,2
7,55,1,25,1.3,2.4,2.2,4.7,5.4,0.3,5.1,1.6,2,0,0
8,55,1,11.5,0.6,1.1,1,2.2,2.5,0.1,2.3,0.7,1,0,0
28,55,1,2,0,0.1,0.1,0.3,0.3,0,0.6,0.4,0.1,0.1,0
29,55,1,17,0.7,0.5,0.6,2.5,2.3,0,3.4,4.5,0.9,1.6,0
30,55,0,77,3,2,4,17,12,3,7,18,6,5,0
31,55,1,21,0.9,0.6,0.7,3.1,2.9,0,4.2,5.5,1.1,2,0
37,55,1,13,1.5,1.9,0.2,3.3,1.6,0.9,0.4,0.9,2.1,0.2,0
38,55,0,95.5,6,8,6,16,18,2,9,20,7.5,2,1
39,55,1,20,1,1,1,3.6,3.4,0.8,3.9,2.8,1.7,0.8,0
40,55,0,34,3,3,1,5,7,0,4,3,2,6,0
41,55,1,8,0.4,0.4,0.4,1.5,1.3,0.3,1.6,1.1,0.7,0.3,0
42,55,0,28,3,1,1,5,5,1,1,4,1,6,0
43,55,1,30,1.5,1.5,1.6,5.4,5,1.2,5.8,4.3,2.5,1.2,0
44,55,1,23,0.7,1.9,2.4,3.6,5.8,0.2,2.7,3.3,1.7,0.7,0
45,55,0,58,1,5,1,11,8,2,2,16,4,7,1
46,55,1,4,0.1,0.3,0.4,0.6,1,0.1,0.5,0.6,0.3,0.1,0
67,55,1,1,0,0,0.1,0.2,0.1,0,0.1,0.2,0.1,0.2,0
77,55,1,1,0,0.1,0.2,0.1,0.3,0,0.1,0.1,0,0.1,0
89,55,1,8,0,0.9,0.4,0.2,1.6,0,1.4,2.8,0,0.7,0
90,55,1,2,0,0.2,0.1,0,0.4,0,0.4,0.7,0,0.2,0
92,55,1,3,0,0.3,0.1,0.1,0.6,0,0.5,1.1,0,0.3,0
93,55,0,79.5,5,5,1,17,6,1.5,22,13,9,0,0
94,55,0,56.5,2,8.5,4,9,16,0,1,6,5,5,0
95,55,1,32,2.6,2.1,1.3,7.5,5.8,0.6,2.3,5.2,3.6,1,0
96,55,1,15.5,1.3,1,0.6,3.6,2.9,0.3,1.1,2.5,1.7,0.5,0
99,55,1,15,0,0.4,0.9,0.4,3.1,0,3.1,4.9,0,2.2,0
105,55,1,2,0,0.2,0.2,0.1,0.5,0,0.2,0.7,0,0.1,0
106,55,1,2,0,0.2,0.2,0.1,0.5,0,0.2,0.7,0,0.1,0
107,55,1,2,0,0.2,0.2,0.1,0.5,0,0.2,0.7,0,0.1,0
108,55,1,8,0.2,0.6,0.9,0.2,1.9,0.2,0.9,2.7,0,0.4,0
111,55,1,9,0.7,0.5,0.3,1.9,1.1,0,1.9,1.6,0.3,0.7,0
119,55,1,2,0,0.2,0.3,0.2,0.4,0,0.2,0.5,0.1,0.1,0
120,55,1,5,0.1,0.5,0.6,0.5,1.1,0.1,0.4,1.2,0.2,0.3,0
121,55,1,2,0,0.2,0.3,0.2,0.4,0,0.2,0.5,0.1,0.1,0
122,55,1,2,0,0.2,0.3,0.2,0.4,0,0.2,0.5,0.1,0.1,0
124,55,1,3,0.1,0.4,0.2,0.3,0.7,0,0.4,0.6,0.1,0.2,0
127,55,1,11,0.2,1.3,0.9,1,2.7,0.1,1.6,2,0.5,0.7,0
3,56,1,18.5,1.5,1.1,1.5,5.3,3.8,0,0.7,1.5,1.5,0.8,0.8
4,56,0,51,5,5,0,13,10,4,6,5,1,2,0
5,56,1,3,0.2,0.2,0.3,0.7,0.5,0.1,0.5,0.2,0.1,0.2,0
6,56,1,17,1.4,1.4,1.8,3.7,2.7,0.5,2.7,0.9,0.5,1.4,0
7,56,1,10,0.8,0.8,1.1,2.2,1.6,0.3,1.6,0.5,0.3,0.8,0
13,56,1,1,0.1,0.2,0.1,0.2,0.2,0,0.2,0,0,0,0
16,56,1,3,0.2,0.5,0.3,0.4,0.6,0,0.7,0.1,0.1,0.1,0
28,56,1,5,0.3,0.3,0.3,0.3,1.8,0,0.8,0.9,0,0.3,0
29,56,0,66.5,5,5,6,16,15,2,7,4,3.5,3,0
30,56,0,89,7,9,3,17,17,1,9,17,7,2,0
31,56,1,35,0,4.1,3.4,3.4,8.9,0.7,7.6,3.4,2.8,0.7,0
38,56,1,10,0.3,0,1.3,1.6,1.9,0.3,3.4,0.9,0.3,0,0
39,56,0,118.5,10,9,4.5,24,30,4,11,15,7,4,0
40,56,0,153.5,9,15.5,14,31,27,8,13,16,16,4,0
41,56,0,71,2,10,3,12,16,0,19,4,3,2,0
42,56,0,93,7,9,1,19,20,2,12,8,10,5,0
43,56,0,31.5,0,1,6.5,2,5,1,4,6,1,5,0
44,56,0,47.5,2,2.5,5,6,11,0,9,6,2,4,0
45,56,0,175,16,12,20,34,29,1,20,30,4,9,0
46,56,1,9,0,0.3,0.4,1.4,1.7,0.7,1.7,2.1,0,0.7,0
55,56,1,6,0.1,0.4,0.1,1.1,1,0.1,1.2,1.1,0.2,0.7,0
70,56,1,2,0,0,0.2,0.4,0.3,0,0.3,0.4,0.1,0.3,0
89,56,1,1,0,0.1,0.1,0.1,0.2,0.1,0.1,0.2,0.1,0,0
90,56,1,4,0,0.3,0.3,0.5,0.9,0.2,0.5,0.8,0.4,0.1,0
92,56,1,13,0.2,1.1,0.9,1.5,2.9,0.9,1.5,2.5,1.2,0.3,0
93,56,0,53.5,1,5.5,4,3,14,0.5,10,9,3.5,3,0
94,56,0,76,3,7,3,19,16,1,8,11,6,2,0
95,56,0,38,4,6,1,6,7,0,3,5,4,2,0
96,56,1,29,0.6,2,3.4,3.2,5.3,0.2,5.3,6.1,1.4,1.5,0
97,56,1,1,0,0.1,0.1,0.1,0.2,0,0.2,0.2,0,0.1,0
98,56,0,74,4,9,4,16,20,4,0,2,14,1,0
99,56,1,24.5,0.6,2.6,1.7,3.5,4.1,0.2,3.4,5.4,1.3,1.7,0
100,56,1,4,0.1,0.4,0.3,0.6,0.7,0,0.5,0.9,0.2,0.3,0
101,56,1,1,0,0.1,0.1,0.1,0.2,0,0.1,0.2,0.1,0.1,0
102,56,1,7,0.2,0.7,0.5,1,1.2,0,1,1.5,0.4,0.5,0
103,56,1,3,0.1,0.3,0.2,0.4,0.5,0,0.4,0.7,0.2,0.2,0
104,56,1,4,0.1,0.4,0.2,0.6,0.9,0.2,0.2,0.9,0.4,0.1,0
106,56,1,7,0.2,0.8,0.4,1,1.5,0.3,0.4,1.5,0.8,0.1,0
107,56,1,16,0.5,1.7,1,2.2,3.5,0.7,1,3.5,1.7,0.2,0
120,56,1,7,0.1,1.1,1.1,1.1,1.1,0.1,1.1,0.7,0.3,0.3,0
121,56,1,5,0.1,0.7,0.8,0.8,0.8,0.1,0.8,0.5,0.2,0.2,0
122,56,1,2,0,0.3,0.3,0.3,0.4,0,0.3,0.2,0.1,0.1,0
126,56,1,3,0.1,0.3,0.2,0.5,0.8,0.1,0.5,0.3,0.1,0.1,0
127,56,1,18,0.9,1.6,1.4,2.8,4.6,0.5,2.8,1.6,0.9,0.9,0
1,57,1,1,0.1,0.1,0.1,0.3,0.2,0,0,0.1,0.1,0,0
3,57,1,4,0.3,0.3,0.3,1.1,0.8,0,0.2,0.3,0.3,0.2,0.2
5,57,1,7,0.6,0.6,0.7,1.5,1.1,0.2,1.1,0.4,0.2,0.6,0
13,57,1,2,0.1,0.4,0.2,0.3,0.4,0,0.5,0,0.1,0,0
15,57,1,2,0.1,0.4,0.2,0.3,0.4,0,0.5,0,0.1,0,0
24,57,1,6,0.3,0.3,0.4,0.4,2.2,0,0.9,1.1,0,0.4,0
28,57,1,12,0.7,0.7,0.7,0.7,4.4,0,1.8,2.2,0,0.8,0
29,57,0,39,1,2,3,8,8,0,12,3,0,2,0
30,57,1,16,0,1.9,1.6,1.6,4.1,0.3,3.4,1.6,1.2,0.3,0
36,57,1,6,0.2,0,0.7,0.9,1.1,0.2,2.1,0.6,0.2,0,0
38,57,1,7,0.2,0,0.9,1.1,1.3,0.2,2.4,0.7,0.2,0,0
39,57,0,134,12.5,16,4,39,24,8,8,7,14.5,1,0
40,57,0,51,0,5,4,2,14,1,8,12,3,2,0
41,57,0,43.5,4,6,4,7,11,2,3,1,3.5,2,0
42,57,0,36.5,2,0,4.5,3,5,0,6,12,0,4,0
43,57,1,4,0,0.5,0.4,0.7,0.8,0,0.9,0.4,0,0.3,0
44,57,0,51,3,6.5,0,6,12,1,11,6,3.5,2,0
45,57,1,9,0,0.3,0.4,1.4,1.7,0.7,1.7,2.1,0,0.7,0
68,57,1,1,0,0,0.1,0.2,0.1,0,0.1,0.2,0.1,0.2,0
85,57,1,2,0.1,0.1,0.2,0.2,0.5,0.1,0.2,0.4,0,0.2,0
86,57,1,15,1,0.4,1.7,1.4,3.4,1,1.7,2.7,0.3,1.4,0
89,57,1,1,0,0.1,0.1,0.1,0.2,0.1,0.1,0.2,0.1,0,0
94,57,1,19,0.4,1.3,2.2,2.1,3.5,0.1,3.5,4,0.9,1,0
95,57,1,12,0.3,0.8,1.4,1.3,2.2,0.1,2.2,2.5,0.6,0.6,0
96,57,0,85,3,15.5,3,15,13,2,7,16,8.5,2,0
97,57,0,58,4,1,3,15,7,2,9,8,6,3,0
98,57,1,21,0.5,1.5,2.4,2.3,3.8,0.2,3.8,4.4,1,1.1,0
99,57,0,31,0,0,5,6,9,0,8,1,0,2,0
100,57,1,25,0.6,2.7,1.7,3.6,4.2,0.2,3.4,5.5,1.4,1.7,0
101,57,1,6,0.1,0.7,0.4,0.9,1,0.1,0.8,1.3,0.3,0.4,0
104,57,1,5,0.2,0.5,0.3,0.7,1.1,0.2,0.3,1.1,0.5,0.1,0
108,57,1,2,0.1,0.2,0.1,0.3,0.4,0.1,0.1,0.5,0.2,0,0
118,57,1,1,0,0.1,0,0.2,0.3,0,0.1,0.2,0.1,0,0
119,57,1,1,0,0.1,0.2,0.2,0.2,0,0.2,0.1,0,0,0
120,57,1,5,0.1,0.7,0.8,0.8,0.8,0.1,0.8,0.5,0.2,0.2,0
122,57,1,9,0.1,1.4,1.4,1.4,1.5,0.1,1.4,0.9,0.4,0.4,0
127,57,1,8,0.4,0.7,0.6,1.2,2.1,0.2,1.3,0.7,0.4,0.4,0
0,58,1,1,0.1,0.1,0.1,0.3,0.2,0,0,0.1,0.1,0,0
36,58,1,5,0.1,0,0.6,0.8,0.9,0.2,1.7,0.5,0.2,0,0
38,58,1,4,0.1,0,0.5,0.6,0.8,0.1,1.4,0.4,0.1,0,0
39,58,1,17,0,2.3,1.7,2.8,3.4,0,4,1.7,0,1.1,0
41,58,0,35,1,3,7,4,13,0,1,3,1,2,0
42,58,0,47,1,6,6,9,12,2,1,4,2,4,0
44,58,1,3,0,0.1,0.1,0.5,0.6,0.2,0.6,0.7,0,0.2,0
74,58,1,3,0.1,0.3,0.1,0.4,0.5,0,0.4,0.7,0.2,0.3,0
84,58,1,4,0.3,0.1,0.4,0.4,0.9,0.3,0.4,0.7,0.1,0.4,0
87,58,1,7,0.5,0.2,0.8,0.6,1.6,0.5,0.8,1.3,0.1,0.6,0
91,58,1,3,0,0.3,0.2,0.3,0.7,0.2,0.3,0.6,0.3,0.1,0
92,58,1,6,0.1,0.5,0.4,0.7,1.3,0.4,0.7,1.2,0.5,0.2,0
93,58,1,6,0.1,0.5,0.4,0.7,1.3,0.4,0.7,1.2,0.5,0.2,0
94,58,1,19,0.4,1.3,2.2,2.1,3.5,0.1,3.5,4,0.9,1,0
95,58,1,32,0.7,2.2,3.7,3.5,5.9,0.2,5.9,6.8,1.5,1.6,0
96,58,0,150.5,7,9.5,20,27,36,3,13,19,4,11,1
97,58,0,38,5,1,1,5,9,0,3,7,3,4,0
98,58,0,92,6,9,5,17,18,0,9,14,3,11,0
99,58,0,85,3,6,7,9,18,3,16,11,7,4,1
100,58,0,94.5,2,10.5,2,11,14,2,28,17,5,3,0
101,58,1,24.5,0.6,2.6,1.7,3.5,4.1,0.2,3.4,5.4,1.3,1.7,0
102,58,1,4,0.1,0.4,0.3,0.6,0.7,0,0.5,0.9,0.2,0.3,0
103,58,1,1,0,0.1,0.1,0.1,0.2,0,0.1,0.2,0.1,0.1,0
118,58,1,6,0.1,0.6,0.3,0.9,1.8,0.1,0.6,1,0.4,0.1,0.1
119,58,1,18,0.2,2.7,2.7,2.8,3,0.2,2.8,1.8,0.9,0.9,0
121,58,1,4,0,0.6,0.6,0.6,0.7,0.1,0.6,0.4,0.2,0.2,0
124,58,1,3,0.1,0.3,0.2,0.5,0.8,0.1,0.5,0.3,0.1,0.1,0
125,58,1,5.5,0.3,0.5,0.4,0.8,1.4,0.1,0.9,0.5,0.3,0.3,0
126,58,1,11,0.6,1,0.8,1.7,2.8,0.3,1.7,0.9,0.6,0.6,0
127,58,1,7,0.3,0.6,0.5,1.1,1.8,0.2,1.1,0.6,0.4,0.4,0
17,59,1,3,0.2,0.5,0.3,0.4,0.6,0,0.7,0.1,0.1,0.1,0
41,59,1,9,0,1.2,0.9,1.5,1.8,0,2.1,0.9,0,0.6,0
44,59,1,4,0,0.1,0.2,0.6,0.8,0.3,0.8,0.9,0,0.3,0
68,59,1,1,0,0,0.1,0.2,0.1,0,0.1,0.2,0.1,0.2,0
82,59,1,2,0,0.2,0.1,0.3,0.4,0,0.2,0.5,0.1,0.2,0
83,59,1,1,0,0.1,0,0.2,0.2,0,0.1,0.2,0.1,0.1,0
86,59,1,1,0.1,0,0.1,0.1,0.2,0.1,0.1,0.2,0,0.1,0
87,59,1,2,0.1,0.1,0.2,0.2,0.5,0.1,0.2,0.4,0,0.2,0
88,59,1,6,0.4,0.1,0.7,0.5,1.4,0.4,0.7,1.1,0.1,0.6,0
89,59,1,6.5,0.1,0.5,0.4,0.8,1.4,0.4,0.8,1.3,0.6,0.2,0
94,59,1,2,0.1,0.1,0.2,0.2,0.4,0,0.4,0.4,0.1,0.1,0
95,59,0,53,0,8,6,2,18,2,6,8,2,1,0
96,59,0,210.5,8,19,18,44,43,5,29,25,11.5,8,0
97,59,0,397,28.5,34.5,25,108,78,9.5,42,34,14.5,23,0
98,59,0,81.5,1,10,7,16,15,3,8,11,8,2,0.5
99,59,0,40,0,3,2,5,9,0,13,4,1,3,0
100,59,0,73,4,1,3,11,8,1,18,16,2,8,1
101,59,0,68,0,9,14,8,17,1,7,6,3,3,0
102,59,1,12,0.3,1.3,0.8,1.7,2,0.1,1.7,2.7,0.6,0.8,0
103,59,1,13,0.3,1.4,0.9,1.9,2.2,0.1,1.8,2.8,0.7,0.9,0
109,59,1,4,0.1,0.4,0.2,0.6,0.9,0.2,0.2,0.9,0.4,0.1,0
116,59,1,2,0,0.2,0.1,0.3,0.6,0,0.2,0.4,0.1,0.1,0
120,59,1,2,0,0.3,0.3,0.3,0.4,0,0.3,0.2,0.1,0.1,0
121,59,1,4,0,0.6,0.6,0.6,0.7,0.1,0.6,0.4,0.2,0.2,0
122,59,1,5,0.1,0.7,0.8,0.8,0.8,0.1,0.8,0.5,0.2,0.2,0
123,59,1,5,0.1,0.7,0.8,0.8,0.8,0.1,0.8,0.5,0.2,0.2,0
124,59,1,7,0.3,0.6,0.5,1.1,1.8,0.2,1.1,0.6,0.4,0.4,0
125,59,1,22,1.1,2,1.7,3.4,5.7,0.6,3.4,1.9,1.1,1.1,0
126,59,1,2,0.1,0.2,0.2,0.3,0.5,0,0.3,0.2,0.1,0.1,0
127,59,1,1,0,0.1,0.1,0.2,0.3,0,0.2,0.1,0,0,0
17,60,1,2,0.1,0.4,0.2,0.3,0.4,0,0.5,0,0.1,0,0
48,60,1,1,0,0,0,0.2,0.2,0.1,0.2,0.2,0,0.1,0
49,60,1,12,0.7,1.6,1,2.6,1.8,0.6,1.2,1.4,0.9,0.2,0
86,60,1,3,0.2,0.1,0.3,0.3,0.7,0.2,0.3,0.5,0.1,0.3,0
88,60,1,4,0.3,0.1,0.4,0.4,0.9,0.3,0.4,0.7,0.1,0.4,0
89,60,1,2,0,0.2,0.1,0.2,0.5,0.1,0.2,0.4,0.2,0.1,0
91,60,1,20,0.3,1.7,1.3,2.4,4.4,1.3,2.4,3.9,1.8,0.5,0
92,60,1,9,0.1,0.8,0.6,1,2,0.6,1.1,1.8,0.8,0.2,0
93,60,1,5,0.1,0.4,0.3,0.6,1.1,0.3,0.6,1,0.5,0.1,0
94,60,1,2,0.1,0.1,0.2,0.2,0.4,0,0.4,0.4,0.1,0.1,0
95,60,0,50.5,1,4,6,12,13,1,2,5,4.5,2,0
96,60,0,141.5,1,9.5,16,22,34,6,7,21,12,13,0
97,60,0,439,23.5,34,33.5,93,107,6.5,54,43,31.5,13,0
98,60,0,190,10,15,10.5,45,40,8.5,14,25,8,13,1
99,60,0,104.5,2,9.5,7,17,23,1,15,17,7,6,0
100,60,0,103,4,16,7,15,30,2,4,16,7,2,0
101,60,0,20,0,2,0,4,3,0,5,4,1,1,0
102,60,1,5,0.1,0.5,0.4,0.7,0.8,0,0.7,1.1,0.3,0.4,0
103,60,1,1,0,0.1,0.1,0.1,0.2,0,0.1,0.2,0.1,0.1,0
104,60,1,2,0.1,0.2,0.1,0.3,0.4,0.1,0.1,0.5,0.2,0,0
105,60,1,2,0.1,0.2,0.1,0.3,0.4,0.1,0.1,0.5,0.2,0,0
109,60,1,1,0,0.1,0.1,0.1,0.2,0.1,0.1,0.2,0.1,0,0
112,60,1,7,0.2,0.8,0.4,1,1.5,0.3,0.4,1.5,0.8,0.1,0
117,60,1,4,0,0.4,0.2,0.6,1.2,0,0.4,0.7,0.3,0.1,0.1
118,60,1,5.5,0.1,0.5,0.3,0.9,1.6,0.1,0.5,0.9,0.4,0.1,0.1
121,60,1,9,0.1,1.4,1.4,1.4,1.5,0.1,1.4,0.9,0.4,0.4,0
122,60,1,3,0,0.5,0.5,0.5,0.5,0,0.5,0.3,0.1,0.1,0
124,60,1,2,0.1,0.2,0.2,0.3,0.5,0,0.3,0.2,0.1,0.1,0
125,60,1,7,0.3,0.6,0.5,1.1,1.8,0.2,1.1,0.6,0.4,0.4,0
126,60,1,8,0.4,0.7,0.6,1.2,2.1,0.2,1.3,0.7,0.4,0.4,0
4,61,1,3,0.2,0.5,0.3,0.4,0.6,0,0.7,0.1,0.1,0.1,0
14,61,1,3,0.2,0.5,0.3,0.4,0.6,0,0.7,0.1,0.1,0.1,0
22,61,1,7,0.4,1.2,0.7,1,1.4,0.1,1.6,0.1,0.3,0.2,0
48,61,1,11,0.6,1.5,0.9,2.4,1.7,0.5,1.1,1.3,0.8,0.2,0
49,61,1,6,0.4,0.8,0.5,1.3,0.9,0.3,0.6,0.7,0.4,0.1,0
50,61,1,2,0.1,0.3,0.2,0.4,0.3,0.1,0.2,0.2,0.2,0,0
80,61,1,2,0,0.2,0.1,0.3,0.4,0,0.2,0.5,0.1,0.2,0
85,61,1,1,0,0,0.1,0.1,0.2,0,0.2,0.2,0.1,0.1,0
86,61,1,5,0,0.1,0.4,0.8,0.8,0,1.2,0.9,0.4,0.4,0
87,61,1,3,0,0.1,0.2,0.5,0.5,0,0.8,0.5,0.2,0.2,0
90,61,1,2,0.1,0.2,0.1,0.4,0.4,0,0.2,0.3,0.1,0.1,0.1
91,61,1,14,0.6,1.3,0.9,2.9,3,0.2,1.2,1.8,1.1,0.6,0.4
92,61,1,2,0.1,0.2,0.1,0.4,0.4,0,0.2,0.3,0.1,0.1,0.1
94,61,1,5,0.1,0.5,0.5,0.7,1.3,0,0.5,0.7,0.1,0.5,0.1
95,61,0,65.5,2,8.5,5,14,16,4,5,6,3,2,0
96,61,0,138.5,8,11.5,11,23,31,3,14,10,9,18,0
97,61,0,92,5,13.5,5,22,12,1,8,12,9.5,4,0
98,61,0,128,7,9,15,21,25,1,14,17,11,8,0
99,61,0,89,5,8,10,21,21,1,11,5,3,2,2
100,61,0,26,0,3,1,0,8,0,4,6,1,3,0
101,61,0,33.5,2,5,1,8,5,1.5,1,7,1,2,0
102,61,1,4,0.1,0.4,0.3,0.7,1.1,0.1,0.3,0.6,0.2,0.2,0
103,61,1,1,0,0.1,0.1,0.2,0.3,0,0.1,0.1,0,0.1,0
107,61,1,5,0.3,0.3,0.3,0.9,1.1,0.1,0.7,0.5,0.5,0.3,0
109,61,1,6,0.2,0.6,0.4,0.8,1.3,0.3,0.4,1.3,0.6,0.1,0
114,61,1,3,0,0.3,0.2,0.5,0.9,0,0.3,0.5,0.2,0.1,0
116,61,1,3,0,0.3,0.2,0.5,0.9,0,0.3,0.5,0.2,0.1,0
117,61,1,5,0,0.5,0.3,0.8,1.5,0.1,0.5,0.8,0.3,0.1,0.1
118,61,1,9,0.1,0.9,0.5,1.4,2.7,0.1,0.9,1.5,0.6,0.2,0.1
119,61,1,1,0,0.2,0,0.1,0.3,0,0.2,0.1,0.1,0,0
123,61,1,4,0,0.6,0.1,0.6,1.1,0.1,0.7,0.4,0.2,0.2,0
124,61,1,6,0.2,0.4,0.4,1.2,1.4,0.2,0.6,1,0.2,0.3,0.1
125,61,1,14,0.5,0.8,1,2.9,3.1,0.5,1.4,2.3,0.6,0.8,0.1
126,61,1,17,0.6,1,1.2,3.5,3.8,0.6,1.7,2.8,0.7,0.9,0.2
127,61,1,5,0.2,0.3,0.4,1,1.1,0.2,0.5,0.8,0.2,0.3,0
1,62,1,1,0,0.1,0.1,0.1,0.3,0,0.1,0.2,0,0.1,0
27,62,1,3,0.2,0.2,0.2,0.2,1.1,0,0.4,0.5,0,0.2,0
51,62,1,6,0.4,0.8,0.5,1.3,0.9,0.3,0.6,0.7,0.4,0.1,0
86,62,1,1,0,0,0.1,0.1,0.2,0,0.2,0.2,0.1,0.1,0
87,62,1,6,0,0.2,0.4,1,1,0,1.5,1,0.4,0.5,0
89,62,1,5,0.2,0.5,0.3,1,1.1,0.1,0.4,0.6,0.4,0.2,0.2
90,62,1,8,0.4,0.8,0.5,1.6,1.7,0.1,0.7,1,0.6,0.4,0.2
91,62,1,3,0.1,0.3,0.2,0.6,0.7,0.1,0.2,0.4,0.2,0.1,0.1
92,62,1,7,0.3,0.7,0.4,1.4,1.5,0.1,0.6,0.9,0.6,0.3,0.2
93,62,1,4,0.2,0.4,0.2,0.8,0.9,0.1,0.3,0.5,0.3,0.2,0.1
94,62,1,13,0.2,1.2,1.4,1.8,3.3,0,1.4,1.8,0.3,1.4,0.2
95,62,1,19,0.3,1.8,2,2.6,4.9,0,2,2.6,0.5,2,0.3
96,62,0,38.5,2,1.5,0,6,7,0,9,12,1,0,0
98,62,0,43,0,5,2,2,8,0,9,9,5,3,0
99,62,1,12,0.4,1.3,0.9,2,3.3,0.2,0.9,1.7,0.5,0.7,0.1
100,62,1,22,0.7,2.5,1.6,3.6,6,0.4,1.7,3,1,1.4,0.1
101,62,1,29,0.9,3.3,2.1,4.8,7.9,0.6,2.2,4,1.3,1.8,0.1
102,62,1,11,0.3,1.2,0.8,1.8,3,0.2,0.9,1.5,0.5,0.7,0.1
103,62,1,5,0.1,0.6,0.4,0.8,1.4,0.1,0.4,0.7,0.2,0.3,0
104,62,1,6,0.3,0.3,0.3,1.1,1.3,0.2,0.8,0.6,0.7,0.4,0
107,62,1,2,0.1,0.1,0.1,0.4,0.4,0.1,0.3,0.2,0.2,0.1,0
108,62,1,3,0.1,0.2,0.2,0.6,0.6,0.1,0.4,0.3,0.3,0.2,0
109,62,1,4,0.1,0.4,0.2,0.6,0.9,0.2,0.2,0.9,0.4,0.1,0
111,62,1,4,0.1,0.4,0.2,0.6,0.9,0.2,0.2,0.9,0.4,0.1,0
115,62,1,1,0,0.1,0,0.2,0.3,0,0.1,0.2,0.1,0,0
117,62,1,6,0.1,0.6,0.3,0.9,1.8,0.1,0.6,1,0.4,0.1,0.1
118,62,1,9,0.1,0.9,0.5,1.4,2.7,0.1,0.9,1.5,0.6,0.2,0.1
120,62,1,8,0.1,1.2,0.2,1.2,2.1,0.2,1.3,0.9,0.5,0.3,0
122,62,1,4,0,0.6,0.1,0.6,1.1,0.1,0.7,0.4,0.2,0.2,0
123,62,1,15,0.1,2.3,0.4,2.2,4,0.3,2.5,1.6,1,0.6,0
124,62,1,5,0.2,0.3,0.4,1,1.1,0.2,0.5,0.8,0.2,0.3,0
127,62,1,9,0.3,0.5,0.6,1.9,2,0.3,0.9,1.5,0.4,0.5,0.1
50,63,1,6,0.4,0.8,0.5,1.3,0.9,0.3,0.6,0.7,0.4,0.1,0
51,63,1,5,0.3,0.7,0.4,1.1,0.7,0.2,0.5,0.6,0.4,0.1,0
61,63,1,4,0.1,0.3,0.1,0.8,0.6,0.1,0.8,0.7,0.1,0.4,0
63,63,1,11,0.2,0.7,0.3,2.1,1.8,0.2,2.1,2,0.4,1.2,0
67,63,1,2,0,0,0.2,0.4,0.3,0,0.3,0.4,0.1,0.3,0
74,63,1,6,0.2,0.5,0.2,0.9,1.1,0,0.7,1.5,0.4,0.5,0
78,63,1,5,0.1,0.5,0.1,0.8,0.9,0,0.6,1.2,0.3,0.5,0
89,63,1,6,0.2,0.6,0.4,1.2,1.3,0.1,0.5,0.8,0.5,0.2,0.2
91,63,1,3,0.1,0.3,0.2,0.6,0.7,0.1,0.2,0.4,0.2,0.1,0.1
92,63,1,26,1.1,2.5,1.6,5.3,5.6,0.5,2.1,3.4,2,1.1,0.8
93,63,1,17.5,0.7,1.7,1.1,3.6,3.8,0.3,1.4,2.3,1.4,0.7,0.5
94,63,0,30,3,0,0,10,2,3,3,6,3,0,0
95,63,0,91,14,6,6,28,11,2,8,5,8,3,0
96,63,0,71,11,7,6,18,14,6,1,4,4,0,0
98,63,1,15,0.2,1.4,1.6,2,3.9,0,1.6,2.1,0.4,1.6,0.2
101,63,1,20,0.6,2.3,1.4,3.3,5.4,0.4,1.6,2.8,0.9,1.2,0.1
102,63,1,20,0.6,2.3,1.4,3.3,5.4,0.4,1.6,2.8,0.9,1.2,0.1
103,63,1,6,0.2,0.7,0.4,1,1.6,0.1,0.5,0.8,0.3,0.4,0
104,63,1,10,0.5,0.5,0.5,1.9,2.2,0.3,1.4,0.9,1.1,0.7,0
105,63,1,2,0.1,0.1,0.1,0.4,0.4,0.1,0.3,0.2,0.2,0.1,0
106,63,1,5,0.3,0.3,0.3,0.9,1.1,0.1,0.7,0.5,0.5,0.3,0
107,63,1,9,0.5,0.5,0.5,1.7,1.9,0.2,1.2,0.9,1,0.6,0
108,63,1,4,0.2,0.2,0.2,0.8,0.9,0.1,0.5,0.4,0.4,0.3,0
114,63,1,6.5,0.1,0.6,0.4,1,1.9,0.1,0.7,1.1,0.4,0.1,0.1
117,63,1,2,0,0.2,0.1,0.3,0.6,0,0.2,0.4,0.1,0.1,0
118,63,1,6,0.1,0.6,0.3,0.9,1.8,0.1,0.6,1,0.4,0.1,0.1
119,63,1,2,0,0.3,0.1,0.3,0.5,0.1,0.3,0.2,0.1,0.1,0
120,63,1,2,0,0.3,0.1,0.3,0.5,0.1,0.3,0.2,0.1,0.1,0
121,63,1,3,0,0.5,0.1,0.4,0.8,0.1,0.5,0.3,0.2,0.1,0
122,63,1,1,0,0.2,0,0.1,0.3,0,0.2,0.1,0.1,0,0
123,63,1,11,0.1,1.7,0.3,1.6,2.9,0.2,1.9,1.2,0.7,0.4,0
125,63,1,4,0.1,0.2,0.3,0.8,0.9,0.2,0.4,0.7,0.2,0.2,0
126,63,1,3,0.1,0.2,0.2,0.6,0.7,0.1,0.3,0.5,0.1,0.2,0
127,63,1,7,0.2,0.4,0.5,1.4,1.6,0.3,0.7,1.1,0.3,0.4,0.1
4,64,1,5,0.3,0.9,0.5,0.7,1,0.1,1.1,0.1,0.2,0.1,0
5,64,1,14.5,0.9,2.5,1.5,2,2.9,0.3,3.2,0.3,0.6,0.3,0
26,64,1,5,0.3,0.3,0.3,0.3,1.8,0,0.8,0.9,0,0.3,0
49,64,1,4,0.2,0.5,0.3,0.9,0.6,0.2,0.4,0.5,0.3,0.1,0
52,64,1,2,0.1,0.3,0.2,0.4,0.3,0.1,0.2,0.2,0.2,0,0
56,64,1,3,0,0.2,0.1,0.6,0.5,0.1,0.6,0.5,0.1,0.3,0
58,64,1,3.5,0,0.2,0.1,0.7,0.6,0.1,0.7,0.6,0.1,0.4,0
60,64,1,2,0,0.1,0.1,0.4,0.3,0,0.4,0.4,0.1,0.2,0
61,64,1,8,0.1,0.5,0.2,1.6,1.3,0.1,1.6,1.4,0.3,0.9,0
63,64,1,4,0.1,0.3,0.1,0.8,0.6,0.1,0.8,0.7,0.1,0.4,0
65,64,1,1,0,0,0.1,0.2,0.1,0,0.1,0.2,0.1,0.2,0
66,64,1,1,0,0,0.1,0.2,0.1,0,0.1,0.2,0.1,0.2,0
72,64,1,9,0.2,0.1,0.7,1.7,1.3,0,1.3,1.8,0.6,1.3,0
73,64,1,7,0.2,0.1,0.6,1.3,1,0,1,1.3,0.5,1,0
74,64,1,2,0,0.2,0.1,0.3,0.4,0,0.2,0.5,0.1,0.2,0
77,64,1,4,0.1,0.4,0.1,0.6,0.7,0,0.5,1,0.2,0.4,0
78,64,1,4,0.1,0.4,0.1,0.6,0.7,0,0.5,1,0.2,0.4,0
83,64,1,4,0.1,0.4,0.1,0.6,0.7,0,0.5,1,0.2,0.4,0
85,64,1,2,0,0.1,0.2,0.3,0.3,0,0.5,0.3,0.1,0.2,0
86,64,1,5,0,0.1,0.4,0.8,0.8,0,1.2,0.9,0.4,0.4,0
87,64,1,2,0,0.1,0.2,0.3,0.3,0,0.5,0.3,0.1,0.2,0
89,64,1,9,0.4,0.9,0.5,1.8,1.9,0.2,0.7,1.2,0.7,0.4,0.3
90,64,1,14,0.6,1.3,0.9,2.9,3,0.2,1.2,1.8,1.1,0.6,0.4
91,64,1,23,1,2.2,1.4,4.7,4.9,0.4,1.9,3,1.8,1,0.7
92,64,1,24,1,2.3,1.5,4.9,5.2,0.4,2,3.1,1.9,1,0.7
93,64,1,10,0.4,1,0.6,2,2.2,0.2,0.8,1.3,0.8,0.4,0.3
94,64,0,63.5,3,4.5,5,6,21,1,2,8,6,7,0
95,64,0,77,8,5.5,8,22,16,2,5,4,4.5,2,0
96,64,0,37.5,7,1,2,21,2,3,0,0,1.5,0,0
101,64,1,21,0.6,2.4,1.5,3.5,5.7,0.4,1.6,2.9,1,1.3,0.1
102,64,0,45,1,5,4,8,9,1,7,4,5,1,0
103,64,1,20,0.6,2.3,1.4,3.3,5.4,0.4,1.6,2.8,0.9,1.2,0.1
105,64,1,2,0.1,0.1,0.1,0.4,0.4,0.1,0.3,0.2,0.2,0.1,0
108,64,1,7,0.4,0.4,0.4,1.3,1.5,0.2,0.9,0.7,0.7,0.5,0
110,64,1,1,0,0.1,0.1,0.1,0.2,0.1,0.1,0.2,0.1,0,0
115,64,1,2,0,0.2,0.1,0.3,0.6,0,0.2,0.4,0.1,0.1,0
117,64,1,5,0,0.5,0.3,0.8,1.5,0.1,0.5,0.8,0.3,0.1,0.1
118,64,1,2,0,0.2,0.1,0.3,0.6,0,0.2,0.4,0.1,0.1,0
120,64,1,13,0.1,2,0.4,1.9,3.4,0.3,2.2,1.4,0.8,0.5,0
121,64,1,5,0.1,0.8,0.2,0.7,1.3,0.1,0.8,0.5,0.3,0.2,0
122,64,1,3,0,0.5,0.1,0.4,0.8,0.1,0.5,0.3,0.2,0.1,0
123,64,1,1,0,0.2,0,0.1,0.3,0,0.2,0.1,0.1,0,0
124,64,1,11,0.4,0.6,0.8,2.3,2.5,0.4,1.1,1.8,0.4,0.6,0.1
19,65,1,4,0.2,0.7,0.4,0.6,0.8,0.1,0.9,0.1,0.1,0.1,0
26,65,1,2,0.1,0.1,0.1,0.1,0.8,0,0.3,0.4,0,0.1,0
50,65,1,4,0.2,0.5,0.3,0.9,0.6,0.2,0.4,0.5,0.3,0.1,0
52,65,1,2,0.1,0.3,0.2,0.4,0.3,0.1,0.2,0.2,0.2,0,0
58,65,1,5,0.1,0.3,0.1,1,0.8,0.1,1,0.9,0.1,0.6,0
59,65,1,10,0.2,0.6,0.2,2,1.6,0.2,2,1.8,0.3,1.1,0
62,65,1,3,0,0.2,0.1,0.6,0.5,0.1,0.6,0.5,0.1,0.3,0
63,65,1,2,0,0.1,0.1,0.4,0.3,0,0.4,0.4,0.1,0.2,0
64,65,1,2,0,0,0.2,0.4,0.3,0,0.3,0.4,0.1,0.3,0
66,65,1,4,0.1,0.1,0.3,0.8,0.5,0,0.5,0.8,0.3,0.6,0
67,65,1,5,0.1,0.1,0.4,1,0.7,0,0.7,1,0.3,0.7,0
68,65,1,1,0,0,0.1,0.2,0.1,0,0.1,0.2,0.1,0.2,0
85,65,1,3,0,0.1,0.2,0.5,0.5,0,0.8,0.5,0.2,0.2,0
87,65,1,8,0,0.2,0.6,1.3,1.4,0,1.9,1.4,0.6,0.6,0
88,65,1,5,0,0.1,0.4,0.8,0.8,0,1.2,0.9,0.4,0.4,0
89,65,1,8,0.4,0.8,0.5,1.6,1.7,0.1,0.7,1,0.6,0.4,0.2
91,65,1,4.5,0.2,0.4,0.3,0.9,1,0.1,0.4,0.6,0.3,0.2,0.1
92,65,1,15,0.6,1.4,0.9,3.1,3.2,0.3,1.2,1.9,1.2,0.7,0.5
93,65,1,26,1.1,2.5,1.6,5.3,5.6,0.5,2.1,3.4,2,1.1,0.8
94,65,0,67,9,4,1,32,4,7,0,4,6,0,0
95,65,0,56,6,3,3,19,9,5,2,3,6,0,0
96,65,1,7,0.1,0.7,0.7,0.9,1.8,0,0.8,0.9,0.2,0.8,0.1
97,65,1,12,0.2,1.1,1.3,1.6,3.1,0,1.3,1.6,0.3,1.3,0.2
98,65,1,3,0,0.3,0.3,0.4,0.8,0,0.3,0.4,0.1,0.3,0.1
101,65,1,8,0.2,0.9,0.6,1.3,2.2,0.2,0.6,1.1,0.4,0.5,0
102,65,1,7,0.2,0.8,0.5,1.2,1.9,0.2,0.5,1,0.3,0.4,0
103,65,1,9,0.3,1,0.6,1.5,2.5,0.2,0.7,1.2,0.4,0.6,0
104,65,1,5,0.3,0.3,0.3,0.9,1.1,0.1,0.7,0.5,0.5,0.3,0
105,65,1,14,0.8,0.8,0.8,2.6,3,0.4,1.9,1.3,1.5,0.9,0
116,65,1,8,0.1,0.8,0.5,1.3,2.3,0.1,0.8,1.3,0.5,0.2,0.1
117,65,1,1,0,0.1,0,0.2,0.3,0,0.1,0.2,0.1,0,0
118,65,1,2,0,0.2,0.1,0.3,0.6,0,0.2,0.4,0.1,0.1,0
119,65,1,3,0,0.5,0.1,0.4,0.8,0.1,0.5,0.3,0.2,0.1,0
120,65,1,11,0.1,1.7,0.3,1.6,2.9,0.2,1.9,1.2,0.7,0.4,0
121,65,1,7,0.1,1.1,0.2,1,1.8,0.1,1.2,0.8,0.4,0.3,0
122,65,1,1,0,0.2,0,0.1,0.3,0,0.2,0.1,0.1,0,0
123,65,1,7,0.1,1.1,0.2,1,1.8,0.1,1.2,0.8,0.4,0.3,0
125,65,1,4,0.1,0.2,0.3,0.8,0.9,0.2,0.4,0.7,0.2,0.2,0
126,65,1,5,0.2,0.3,0.4,1,1.1,0.2,0.5,0.8,0.2,0.3,0
16,66,1,3,0.1,0.5,0,0.8,0.2,0.2,0.6,0.2,0.3,0.1,0
17,66,1,2,0.1,0.3,0,0.6,0.1,0.1,0.4,0.1,0.2,0.1,0
25,66,1,2,0,0.1,0.1,0.4,0.6,0,0.3,0.3,0.1,0.1,0
26,66,1,1,0,0.1,0.1,0.2,0.3,0,0.1,0.2,0,0,0
59,66,1,5,0.3,0.6,0.3,0.7,0.8,0.1,0.8,0.8,0.2,0.4,0
60,66,1,11,0.7,1.4,0.6,1.5,1.9,0.2,1.7,1.7,0.4,0.9,0
62,66,1,2,0.1,0.3,0.1,0.3,0.3,0,0.3,0.3,0.1,0.2,0
63,66,1,7,0.4,0.9,0.4,1,1.2,0.1,1.1,1.1,0.2,0.6,0
66,66,1,4,0.1,0.3,0.5,0.2,1,0.1,0.8,0.8,0.1,0.1,0
67,66,1,5,0.1,0.4,0.6,0.3,1.2,0.1,1,1,0.2,0.1,0
69,66,1,2,0,0,0.1,0.3,0.3,0,0.5,0.4,0.1,0.3,0
70,66,1,2,0,0,0.1,0.3,0.3,0,0.5,0.4,0.1,0.3,0
75,66,1,5,0,0.4,0.5,0.6,1.1,0.3,0.5,0.9,0.3,0.4,0
76,66,1,3,0,0.2,0.3,0.4,0.7,0.2,0.3,0.5,0.2,0.2,0
77,66,1,2,0,0.1,0.2,0.3,0.5,0.1,0.2,0.4,0.1,0.1,0
85,66,1,5,0.2,0.7,0.1,0.8,0.9,0.1,0.7,0.7,0.3,0.5,0
86,66,1,17,0.8,2.4,0.4,2.7,3.1,0.4,2.4,2.4,0.8,1.6,0
87,66,1,1,0.1,0.1,0,0.2,0.2,0,0.1,0.1,0.1,0.1,0
96,66,1,3,0.3,0.2,0.2,0.6,0.6,0.1,0.3,0.3,0.2,0.2,0
97,66,1,5,0.5,0.3,0.3,1,1,0.2,0.6,0.6,0.2,0.3,0
98,66,1,18,1.7,1,1.1,3.6,3.6,0.9,2.1,2.1,0.9,1,0
99,66,1,2,0.2,0.1,0.1,0.4,0.4,0.1,0.2,0.3,0.1,0.1,0
104,66,1,3,0.2,0.1,0.2,0.3,0.7,0.1,0.2,0.8,0.1,0.3,0
105,66,1,2,0.1,0.1,0.1,0.2,0.5,0,0.2,0.5,0.1,0.2,0
106,66,1,2,0.1,0.1,0.1,0.2,0.5,0,0.2,0.5,0.1,0.2,0
115,66,1,2,0.1,0.1,0.2,0.4,0.3,0,0.2,0.4,0.1,0.2,0
116,66,1,4,0.2,0.3,0.4,0.8,0.6,0.1,0.4,0.8,0.1,0.3,0
117,66,1,10,0.4,0.7,1.1,1.9,1.5,0.3,1.1,1.9,0.3,0.8,0
118,66,1,5,0.2,0.3,0.6,0.9,0.8,0.1,0.6,1,0.1,0.4,0
119,66,1,10,0.8,0.4,0.6,2.4,2,0,1.3,1.4,0.6,0.5,0
121,66,1,16,1.3,0.7,1,3.8,3.1,0,2.1,2.2,1,0.8,0
125,66,1,6,0.1,0.4,0.5,0.6,1.4,0,0.7,1.5,0,0.8,0
126,66,1,3,0.1,0.2,0.2,0.3,0.7,0,0.3,0.8,0,0.4,0
127,66,1,5,0.1,0.3,0.4,0.5,1.2,0,0.5,1.3,0,0.7,0
4,67,1,3.5,0.3,0.1,0.1,0.9,0.6,0.1,0.6,0.5,0,0.3,0
12,67,1,1,0.1,0,0,0.3,0.2,0,0.2,0.1,0,0.1,0
18,67,1,2,0.1,0.3,0,0.6,0.1,0.1,0.4,0.1,0.2,0.1,0
21,67,1,1,0,0.1,0,0.3,0.1,0.1,0.2,0.1,0.1,0,0
23,67,1,3,0.1,0.5,0,0.8,0.2,0.2,0.6,0.2,0.3,0.1,0
25,67,1,4,0,0.3,0.3,0.8,1.3,0,0.5,0.6,0.1,0.1,0
40,67,1,2,0,0.2,0.2,0.3,0.6,0,0.3,0.2,0.2,0,0
41,67,1,43,0.7,5.1,3.7,6.1,13,0,5.5,4.1,4.8,0,0
42,67,1,8,0.1,1,0.7,1.1,2.4,0,1,0.8,0.9,0,0
58,67,1,3,0.1,0.2,0.1,0.5,0.7,0.1,0.3,0.6,0.3,0.1,0
60,67,1,2,0.1,0.3,0.1,0.3,0.3,0,0.3,0.3,0.1,0.2,0
61,67,1,11,0.7,1.4,0.6,1.5,1.9,0.2,1.7,1.7,0.4,0.9,0
63,67,1,5,0.3,0.6,0.3,0.7,0.8,0.1,0.8,0.8,0.2,0.4,0
64,67,1,14,0.2,1,1.8,0.8,3.5,0.2,2.8,2.9,0.4,0.3,0.1
65,67,1,6,0.1,0.4,0.8,0.4,1.5,0.1,1.2,1.2,0.2,0.1,0
66,67,1,20,0.3,1.4,2.5,1.2,4.9,0.3,4,4.2,0.6,0.4,0.2
68,67,1,6,0.1,0.4,0.8,0.4,1.5,0.1,1.2,1.2,0.2,0.1,0
69,67,1,7,0.1,0,0.3,0.9,1,0,1.8,1.5,0.4,1,0
71,67,1,3,0.1,0,0.1,0.4,0.4,0,0.8,0.6,0.2,0.4,0
87,67,1,4,0.2,0.5,0.1,0.6,0.7,0.1,0.6,0.6,0.2,0.4,0
97,67,1,3,0.3,0.2,0.2,0.6,0.6,0.1,0.3,0.3,0.2,0.2,0
100,67,1,2,0.2,0.1,0.1,0.4,0.4,0.1,0.2,0.3,0.1,0.1,0
106,67,1,2,0.1,0.1,0.1,0.2,0.5,0,0.2,0.5,0.1,0.2,0
111,67,1,3,0.2,0.1,0.3,0.6,0.6,0,0.4,0.4,0.2,0.2,0
112,67,1,6,0.3,0.1,0.6,1.2,1.2,0,0.9,0.9,0.4,0.4,0
114,67,1,2,0.1,0.1,0.2,0.4,0.3,0,0.2,0.4,0.1,0.2,0
115,67,1,11,0.5,0.8,1.2,2.1,1.7,0.3,1.2,2.1,0.3,0.8,0
116,67,1,6.5,0.3,0.5,0.7,1.2,1,0.2,0.7,1.2,0.2,0.5,0
117,67,1,6,0.3,0.4,0.7,1.1,0.9,0.1,0.7,1.1,0.2,0.5,0
118,67,1,4,0.2,0.3,0.4,0.8,0.6,0.1,0.4,0.8,0.1,0.3,0
119,67,1,8,0.6,0.3,0.5,1.9,1.6,0,1.1,1.1,0.5,0.4,0
120,67,1,11,0.9,0.4,0.7,2.6,2.1,0,1.5,1.5,0.7,0.6,0
121,67,1,4,0.3,0.2,0.3,1,0.8,0,0.5,0.5,0.2,0.2,0
126,67,1,2,0,0.1,0.2,0.2,0.5,0,0.2,0.5,0,0.3,0
127,67,1,1,0,0.1,0.1,0.1,0.2,0,0.1,0.3,0,0.1,0
7,68,1,1.5,0.1,0,0,0.4,0.3,0,0.3,0.2,0,0.2,0
11,68,1,2,0.1,0.1,0.1,0.5,0.3,0.1,0.3,0.3,0,0.2,0
24,68,1,2,0,0.1,0.1,0.4,0.6,0,0.3,0.3,0.1,0.1,0
25,68,1,4,0,0.3,0.3,0.8,1.3,0,0.5,0.6,0.1,0.1,0
41,68,1,10,0.2,1.2,0.9,1.4,3,0,1.3,0.9,1.1,0,0
42,68,0,66.5,0,3.5,3,9,9,1,25,12,1,3,0
60,68,1,18,1.1,2.3,1,2.5,3.1,0.3,2.8,2.8,0.6,1.5,0
61,68,1,2,0.1,0.3,0.1,0.3,0.3,0,0.3,0.3,0.1,0.2,0
62,68,1,4,0.2,0.5,0.2,0.6,0.7,0.1,0.6,0.6,0.2,0.3,0
63,68,1,2,0.1,0.3,0.1,0.3,0.3,0,0.3,0.3,0.1,0.2,0
64,68,1,8,0.1,0.6,1,0.5,2,0.1,1.6,1.7,0.2,0.2,0
65,68,1,12.5,0.2,0.9,1.6,0.7,3,0.2,2.5,2.6,0.4,0.3,0.1
66,68,1,22,0.3,1.5,2.8,1.3,5.4,0.3,4.4,4.6,0.7,0.5,0.2
71,68,1,3,0.1,0,0.1,0.4,0.4,0,0.8,0.6,0.2,0.4,0
72,68,1,2,0,0,0.1,0.3,0.3,0,0.5,0.4,0.1,0.3,0
74,68,1,2,0,0.1,0.2,0.3,0.5,0.1,0.2,0.4,0.1,0.1,0
76,68,1,4,0,0.3,0.4,0.5,1,0.2,0.4,0.7,0.2,0.3,0
91,68,1,2,0.1,0.3,0,0.3,0.4,0,0.3,0.3,0.1,0.2,0
101,68,1,1,0.1,0.1,0.1,0.2,0.2,0,0.1,0.1,0,0.1,0
102,68,1,12,1.2,0.6,0.8,2.4,2.4,0.6,1.4,1.4,0.6,0.6,0
104,68,1,5,0.3,0.2,0.3,0.5,1.1,0.1,0.4,1.3,0.2,0.6,0
105,68,1,2,0.1,0.1,0.1,0.2,0.5,0,0.2,0.5,0.1,0.2,0
111,68,1,5,0.2,0.1,0.5,1,1,0,0.7,0.7,0.4,0.4,0
113,68,1,9,0.4,0.2,0.9,1.7,1.8,0,1.3,1.3,0.7,0.7,0
115,68,1,5,0.2,0.3,0.6,0.9,0.8,0.1,0.6,1,0.1,0.4,0
116,68,1,2,0.1,0.1,0.2,0.4,0.3,0,0.2,0.4,0.1,0.2,0
119,68,1,3,0.2,0.1,0.2,0.7,0.6,0,0.4,0.4,0.2,0.2,0
120,68,1,2,0.1,0.1,0.1,0.5,0.4,0,0.3,0.3,0.1,0.1,0
122,68,1,11,0.9,0.4,0.7,2.6,2.1,0,1.5,1.5,0.7,0.6,0
123,68,1,7,0.6,0.3,0.4,1.7,1.4,0,0.9,0.9,0.4,0.4,0
126,68,1,1,0,0.1,0.1,0.1,0.2,0,0.1,0.3,0,0.1,0
127,68,1,1,0,0.1,0.1,0.1,0.2,0,0.1,0.3,0,0.1,0
21,69,1,1,0,0.1,0,0.3,0.1,0.1,0.2,0.1,0.1,0,0
23,69,1,4,0.1,0.6,0,1.2,0.3,0.2,0.8,0.3,0.4,0.1,0
24,69,1,9,0,0.6,0.6,1.7,2.9,0,1.2,1.4,0.3,0.3,0
25,69,0,203,19,20,9,46,40,7,15,18,20,9,0
26,69,0,38.5,1,5.5,0,4,14,0,4,5,2,3,0
27,69,1,9,0,0.6,0.6,1.7,2.9,0,1.2,1.4,0.3,0.3,0
48,69,1,17,0.3,1.7,3.1,1.4,5.3,0,2.2,2.2,0.5,0.3,0
49,69,1,4,0.1,0.4,0.7,0.3,1.3,0,0.5,0.5,0.1,0.1,0
57,69,1,1.5,0.1,0.1,0,0.2,0.4,0,0.2,0.3,0.1,0.1,0
60,69,1,13.5,0.8,1.7,0.7,1.9,2.3,0.3,2.1,2.1,0.5,1.1,0
62,69,1,6,0.4,0.8,0.3,0.8,1.1,0.1,0.9,0.9,0.2,0.5,0
65,69,1,4,0.1,0.3,0.5,0.2,1,0.1,0.8,0.8,0.1,0.1,0
66,69,1,4,0.1,0.3,0.5,0.2,1,0.1,0.8,0.8,0.1,0.1,0
67,69,1,4,0.1,0.3,0.5,0.2,1,0.1,0.8,0.8,0.1,0.1,0
68,69,1,1,0,0.1,0.1,0.1,0.3,0,0.2,0.2,0,0,0
70,69,1,2,0,0,0.1,0.3,0.3,0,0.5,0.4,0.1,0.3,0
71,69,1,2,0,0,0.1,0.3,0.3,0,0.5,0.4,0.1,0.3,0
72,69,1,1,0,0,0,0.1,0.1,0,0.3,0.2,0.1,0.2,0
73,69,1,10,0.2,0,0.4,1.2,1.5,0,2.5,2.1,0.6,1.5,0
81,69,1,2,0,0.1,0.2,0.3,0.5,0.1,0.2,0.4,0.1,0.1,0
92,69,1,1,0.1,0.1,0,0.2,0.2,0,0.1,0.1,0.1,0.1,0
95,69,1,3,0.3,0.2,0.2,0.6,0.6,0.1,0.3,0.3,0.2,0.2,0
96,69,1,4,0.4,0.2,0.2,0.8,0.8,0.2,0.5,0.5,0.2,0.2,0
101,69,1,8,0.8,0.4,0.5,1.6,1.6,0.4,0.9,1,0.4,0.4,0
102,69,1,10,1,0.5,0.6,2,2,0.5,1.2,1.2,0.5,0.5,0
103,69,1,6,0.6,0.3,0.4,1.2,1.2,0.3,0.7,0.7,0.3,0.3,0
104,69,1,4,0.2,0.2,0.2,0.4,0.9,0.1,0.3,1.1,0.1,0.5,0
106,69,1,4,0.2,0.2,0.2,0.4,0.9,0.1,0.3,1.1,0.1,0.5,0
107,69,1,12,0.7,0.5,0.7,1.1,2.8,0.2,0.9,3.2,0.5,1.4,0
108,69,1,2,0.1,0.1,0.1,0.2,0.5,0,0.2,0.5,0.1,0.2,0
113,69,1,6,0.3,0.1,0.6,1.2,1.2,0,0.9,0.9,0.4,0.4,0
114,69,1,5,0.2,0.3,0.6,0.9,0.8,0.1,0.6,1,0.1,0.4,0
115,69,1,6.5,0.3,0.5,0.7,1.2,1,0.2,0.7,1.2,0.2,0.5,0
120,69,1,5,0.4,0.2,0.3,1.2,1,0,0.7,0.7,0.3,0.2,0
122,69,1,4,0.3,0.2,0.3,1,0.8,0,0.5,0.5,0.2,0.2,0
124,69,1,1,0,0.1,0.1,0.1,0.2,0,0.1,0.3,0,0.1,0
125,69,1,4,0.1,0.3,0.4,0.4,0.9,0,0.4,1,0,0.5,0
126,69,1,5,0.1,0.3,0.4,0.5,1.2,0,0.5,1.3,0,0.7,0
6,70,1,2,0.1,0.1,0.1,0.5,0.3,0.1,0.3,0.3,0,0.2,0
15,70,1,4,0.1,0.6,0,1.2,0.3,0.2,0.8,0.3,0.4,0.1,0
19,70,0,39,5,3,0,12,8,4,2,0,5,0,0
23,70,1,11,0.3,1.8,0,3.2,0.7,0.7,2.1,0.7,1.1,0.4,0
24,70,0,79,7,8,5,15,13,3,9,6,11,2,0
25,70,0,74,6,7.5,10,14,12,3,8,6,4.5,3,0
26,70,0,51.5,1,4.5,4,4,10,0,7,11,2,8,0
27,70,0,37,2,3,0,8,9,1,2,5,5,2,0
35,70,1,37,0,1.4,3.8,16.1,5.7,3.3,0,1.9,4.8,0,0
36,70,1,2,0,0.1,0.2,0.9,0.3,0.2,0,0.1,0.2,0,0
46,70,1,6,0.1,0.6,1.1,0.5,1.8,0,0.8,0.8,0.2,0.1,0
47,70,0,57.5,3,13.5,1,10,16,1,4,0,6,3,0
48,70,1,28,0.5,2.7,5,2.3,8.7,0,3.7,3.7,0.9,0.5,0
49,70,1,4,0.1,0.4,0.7,0.3,1.3,0,0.5,0.5,0.1,0.1,0
50,70,1,2,0,0.2,0.3,0.2,0.6,0,0.3,0.3,0.1,0,0
57,70,1,2,0.1,0.1,0.1,0.3,0.5,0,0.2,0.4,0.2,0.1,0
59,70,1,8,0.5,1,0.4,1.1,1.4,0.2,1.2,1.2,0.3,0.7,0
60,70,1,2,0.1,0.3,0.1,0.3,0.3,0,0.3,0.3,0.1,0.2,0
61,70,1,7,0.4,0.9,0.4,1,1.2,0.1,1.1,1.1,0.2,0.6,0
62,70,1,3,0.2,0.4,0.2,0.4,0.5,0,0.5,0.5,0.1,0.2,0
63,70,1,1,0.1,0.1,0,0.1,0.2,0,0.2,0.2,0,0.1,0
64,70,1,9,0.1,0.6,1.2,0.5,2.2,0.1,1.8,1.9,0.3,0.2,0.1
67,70,1,6,0.1,0.4,0.8,0.4,1.5,0.1,1.2,1.2,0.2,0.1,0
68,70,1,9,0.1,0.6,1.2,0.5,2.2,0.1,1.8,1.9,0.3,0.2,0.1
69,70,1,3,0.1,0,0.1,0.4,0.4,0,0.8,0.6,0.2,0.4,0
70,70,1,5,0.1,0,0.2,0.6,0.7,0,1.3,1.1,0.3,0.7,0
71,70,1,3,0.1,0,0.1,0.4,0.4,0,0.8,0.6,0.2,0.4,0
72,70,1,2,0,0,0.1,0.3,0.3,0,0.5,0.4,0.1,0.3,0
73,70,1,1,0,0,0,0.1,0.1,0,0.3,0.2,0.1,0.2,0
79,70,1,5,0,0.4,0.5,0.6,1.1,0.3,0.5,0.9,0.3,0.4,0
80,70,1,4,0,0.3,0.4,0.5,1,0.2,0.4,0.7,0.2,0.3,0
81,70,1,2,0,0.1,0.2,0.3,0.5,0.1,0.2,0.4,0.1,0.1,0
85,70,1,3,0.1,0.4,0.1,0.5,0.6,0.1,0.4,0.4,0.1,0.3,0
87,70,1,2,0.1,0.3,0,0.3,0.4,0,0.3,0.3,0.1,0.2,0
102,70,1,11,1,0.6,0.7,2.2,2.2,0.6,1.2,1.3,0.6,0.6,0
103,70,1,7,0.6,0.4,0.4,1.4,1.4,0.4,0.8,0.8,0.4,0.4,0
104,70,1,7,0.4,0.3,0.4,0.7,1.6,0.1,0.5,1.9,0.3,0.8,0
106,70,1,4,0.2,0.2,0.2,0.4,0.9,0.1,0.3,1.1,0.1,0.5,0
108,70,1,3,0.2,0.1,0.2,0.3,0.7,0.1,0.2,0.8,0.1,0.3,0
112,70,1,8,0.4,0.2,0.8,1.5,1.5,0,1.2,1.2,0.6,0.6,0
113,70,1,4,0.2,0.1,0.4,0.7,0.8,0,0.6,0.6,0.3,0.3,0
115,70,1,3,0.1,0.2,0.3,0.6,0.5,0.1,0.3,0.6,0.1,0.2,0
116,70,1,4,0.2,0.3,0.4,0.8,0.6,0.1,0.4,0.8,0.1,0.3,0
118,70,1,3,0.1,0.2,0.3,0.6,0.5,0.1,0.3,0.6,0.1,0.2,0
119,70,1,2,0.1,0.1,0.1,0.5,0.4,0,0.3,0.3,0.1,0.1,0
120,70,1,4,0.3,0.2,0.3,1,0.8,0,0.5,0.5,0.2,0.2,0
121,70,1,2,0.1,0.1,0.1,0.5,0.4,0,0.3,0.3,0.1,0.1,0
122,70,1,6,0.5,0.2,0.4,1.4,1.2,0,0.8,0.8,0.4,0.3,0
123,70,1,2,0.1,0.1,0.1,0.5,0.4,0,0.3,0.3,0.1,0.1,0
124,70,1,2,0,0.1,0.2,0.2,0.5,0,0.2,0.5,0,0.3,0
125,70,1,4,0.1,0.3,0.4,0.4,0.9,0,0.4,1,0,0.5,0
6,71,1,3,0.1,0.4,0.3,0.5,0.6,0,0.4,0.3,0.1,0.3,0
14,71,1,3,0.1,0.7,0.3,0.3,0.9,0.1,0.1,0.3,0.1,0.1,0
16,71,1,6,0.1,1.4,0.5,0.7,1.8,0.3,0.2,0.5,0.3,0.2,0
17,71,0,110,16,10,4,31,17,9,3,0,18,0,2
19,71,1,11,0.4,1.5,0.8,1.5,2.6,0,1.1,2.3,0.4,0.4,0
20,71,0,25,0,2,0,3,2,0,7,4,1,6,0
21,71,0,28,0,6,1,8,6,0,3,3,0,1,0
22,71,1,15,0.6,2,1.1,2,3.5,0,1.5,3.1,0.6,0.6,0
23,71,1,31,1.2,4.1,2.3,4.1,7.3,0,3.2,6.4,1.2,1.2,0
24,71,0,72.5,4,8.5,7,13,15,4,8,3,4,6,0
25,71,1,26,0,1.8,2.2,3.3,7.3,0,4.4,5.5,0.7,0.8,0
27,71,1,19,0,1.4,1.6,2.4,5.4,0,3.2,4,0.5,0.5,0
28,71,1,22,0,1.6,1.9,2.8,6.2,0,3.7,4.6,0.6,0.6,0
36,71,1,9,0.5,0.9,0.6,1.4,1.6,0.1,1.3,1.8,0.3,0.5,0
37,71,1,1,0,0.1,0.1,0.2,0.2,0,0.1,0.2,0,0.1,0
38,71,1,4,0.2,0.4,0.3,0.6,0.7,0,0.6,0.8,0.2,0.2,0
39,71,1,10,0.3,0.6,0.7,1.6,1.8,0.2,1.8,2.1,0.6,0.3,0
42,71,1,12,0.4,0.8,0.8,1.9,2.1,0.2,2.1,2.5,0.8,0.4,0
44,71,1,1,0,0.1,0.1,0.1,0.2,0,0.3,0.2,0,0,0
46,71,0,169,8,9,11,37,34,5.5,23,25,11.5,5,0
47,71,0,199.5,9,19.5,17,42,37,6.5,19,21,12.5,16,0
48,71,0,59,0,6,7,3,24,0,11,6,0,2,0
49,71,1,4,0.1,0.4,0.3,0.6,0.9,0.1,0.5,0.8,0.2,0.1,0
50,71,1,3,0.1,0.3,0.2,0.4,0.7,0,0.4,0.6,0.2,0.1,0
51,71,1,4,0.1,0.4,0.3,0.6,0.9,0.1,0.5,0.8,0.2,0.1,0
53,71,1,5.5,0.2,0.6,0.4,0.8,1.3,0,0.7,1,0.3,0.2,0
58,71,1,11,0.5,0.6,0.2,1.8,2.7,0.2,1.1,2.4,1.1,0.4,0
60,71,1,10,0.5,0.7,0.9,1.3,2.2,0.2,1.1,1.7,1.1,0.3,0
61,71,1,3,0.1,0.2,0.3,0.4,0.7,0.1,0.3,0.5,0.3,0.1,0
62,71,1,3,0.1,0.2,0.3,0.4,0.7,0.1,0.3,0.5,0.3,0.1,0
65,71,1,9,0.1,0.6,0.5,1,1.9,0.1,1.2,2.5,0.5,0.5,0.1
66,71,1,2,0,0.2,0.1,0.2,0.4,0,0.3,0.6,0.1,0.1,0
67,71,1,4,0.1,0.3,0.2,0.4,0.8,0.1,0.5,1.1,0.2,0.2,0.1
69,71,1,5,0.3,0.3,0.3,0.9,0.9,0.1,0.8,1,0.3,0.1,0
72,71,1,8,0.5,0.5,0.5,1.4,1.5,0.2,1.3,1.6,0.4,0.1,0
75,71,1,9,0.5,1.4,0.9,0.7,1.8,0.2,1.6,1.2,0.2,0.5,0
76,71,1,7,0.4,1.1,0.7,0.5,1.4,0.2,1.2,0.9,0.2,0.4,0
79,71,1,8,0,0.6,0.8,1,1.9,0.4,0.8,1.5,0.4,0.6,0
94,71,1,4,0.2,0.3,0.5,1,0.8,0.1,0.4,0.5,0.1,0.1,0
95,71,1,6,0.3,0.4,0.7,1.5,1.2,0.1,0.7,0.7,0.2,0.2,0
96,71,1,2,0.1,0.2,0.2,0.5,0.4,0,0.2,0.2,0.1,0.1,0
97,71,1,2,0.1,0.2,0.2,0.5,0.4,0,0.2,0.2,0.1,0.1,0
98,71,1,6,0.3,0.4,0.7,1.5,1.2,0.1,0.7,0.7,0.2,0.2,0
99,71,1,2,0.1,0.2,0.2,0.3,0.4,0,0.2,0.3,0.1,0.2,0
102,71,1,12,0.5,0.9,1.1,1.9,2.7,0,1.3,2,0.4,1.1,0.1
106,71,1,5,0,0.4,0.7,0.3,1.8,0.1,0.8,0.8,0.1,0,0
107,71,1,1,0,0.1,0.1,0.1,0.3,0,0.2,0.2,0,0,0
110,71,1,2,0.1,0.2,0.2,0.4,0.4,0,0.2,0.3,0.1,0.1,0
111,71,1,6,0.4,0.6,0.6,1.3,1.1,0,0.7,1,0.2,0.1,0
112,71,1,2,0.1,0.2,0.2,0.4,0.4,0,0.2,0.3,0.1,0.1,0
113,71,1,4,0.2,0.4,0.4,0.8,0.8,0,0.5,0.7,0.1,0.1,0
114,71,1,4,0,0.5,0.3,0.2,0.9,0.1,0.9,0.7,0.1,0.3,0
115,71,1,6,0.1,0.8,0.4,0.3,1.3,0.1,1.3,1.1,0.2,0.4,0
116,71,1,6,0.1,0.8,0.4,0.3,1.3,0.1,1.3,1.1,0.2,0.4,0
121,71,1,1,0,0,0.1,0.2,0.2,0,0.2,0.2,0,0.1,0
122,71,1,3,0,0.1,0.1,0.6,0.6,0,0.7,0.7,0.1,0.1,0
123,71,1,2,0,0.1,0.1,0.4,0.4,0,0.4,0.4,0.1,0.1,0
6,72,1,3,0.1,0.4,0.3,0.5,0.6,0,0.4,0.3,0.1,0.3,0
7,72,1,3,0.1,0.4,0.3,0.5,0.6,0,0.4,0.3,0.1,0.3,0
15,72,1,14,0.2,3.2,1.3,1.5,4.3,0.6,0.5,1.3,0.6,0.5,0
17,72,1,22,0.4,5.1,1.9,2.3,6.7,1,0.8,2,1,0.8,0
18,72,1,6,0.1,1.4,0.5,0.7,1.8,0.3,0.2,0.5,0.3,0.2,0
19,72,1,2,0.1,0.2,0.1,0.3,0.5,0,0.2,0.4,0.1,0.1,0
23,72,1,23,0.9,3,1.7,3,5.4,0,2.4,4.8,0.9,0.9,0
24,72,0,58,1,6,3,5,9,2,11,15,1,5,0
26,72,1,2,0,0.1,0.2,0.2,0.6,0,0.3,0.4,0.1,0.1,0
28,72,1,1,0,0.1,0.1,0.1,0.3,0,0.2,0.2,0,0,0
36,72,1,4,0.2,0.4,0.3,0.6,0.7,0,0.6,0.8,0.2,0.2,0
37,72,1,18,0.9,1.9,1.2,2.8,3.2,0.2,2.5,3.7,0.7,0.9,0
39,72,1,9,0.3,0.6,0.6,1.4,1.6,0.1,1.6,1.9,0.6,0.3,0
40,72,1,3,0.1,0.2,0.2,0.5,0.5,0.1,0.5,0.6,0.2,0.1,0
41,72,1,2,0.1,0.1,0.1,0.3,0.4,0,0.4,0.4,0.1,0.1,0
42,72,1,3,0.1,0.2,0.2,0.5,0.5,0.1,0.5,0.6,0.2,0.1,0
45,72,1,3,0.1,0.2,0.2,0.3,0.5,0,1,0.5,0.1,0.1,0
46,72,0,237,15,18,16,50,48,13,18,25,16,18,0
47,72,0,313.5,15,36,28,60,67,7,29,37,18.5,16,0
48,72,0,30.5,2,0.5,2,4,4,0,3,11,1,2,1
49,72,1,13,0.4,1.4,1,1.9,3,0.1,1.7,2.5,0.6,0.4,0
52,72,1,3,0.1,0.3,0.2,0.4,0.7,0,0.4,0.6,0.2,0.1,0
53,72,1,8,0.3,0.8,0.6,1.2,1.8,0.1,1,1.5,0.4,0.3,0
57,72,1,4,0.2,0.2,0.1,0.7,1,0.1,0.4,0.8,0.4,0.1,0
58,72,1,2,0.1,0.1,0.1,0.3,0.5,0,0.2,0.4,0.2,0.1,0
59,72,1,2,0.1,0.1,0.2,0.3,0.4,0.1,0.2,0.3,0.2,0.1,0
60,72,1,2,0.1,0.1,0.2,0.3,0.4,0.1,0.2,0.3,0.2,0.1,0
61,72,1,9,0.4,0.6,0.8,1.2,2,0.2,1,1.5,1,0.3,0
64,72,1,1,0,0.1,0.1,0.1,0.2,0,0.1,0.3,0,0.1,0
70,72,1,8,0.5,0.5,0.5,1.4,1.5,0.2,1.3,1.6,0.4,0.1,0
71,72,1,2,0.1,0.1,0.1,0.4,0.4,0.1,0.3,0.4,0.1,0,0
72,72,1,6,0.4,0.4,0.4,1,1.1,0.2,0.9,1.2,0.3,0.1,0
73,72,1,5,0.3,0.3,0.3,0.9,0.9,0.1,0.8,1,0.3,0.1,0
74,72,1,7,0.4,1.1,0.7,0.5,1.4,0.2,1.2,0.9,0.2,0.4,0
75,72,1,4,0.2,0.6,0.4,0.3,0.9,0.1,0.7,0.5,0.1,0.2,0
77,72,1,6,0.3,0.9,0.6,0.5,1.2,0.1,1.1,0.8,0.2,0.3,0
84,72,1,1,0.1,0.1,0,0.2,0.2,0,0.1,0.1,0.1,0.1,0
94,72,1,17,0.8,1.2,2.1,4.2,3.3,0.2,1.9,2.1,0.6,0.6,0
95,72,1,3,0.2,0.2,0.4,0.7,0.6,0,0.3,0.4,0.1,0.1,0
96,72,1,5,0.2,0.4,0.6,1.2,1,0.1,0.5,0.6,0.2,0.2,0
97,72,1,2,0.1,0.2,0.2,0.5,0.4,0,0.2,0.2,0.1,0.1,0
98,72,1,18,0.9,1.3,2.2,4.4,3.5,0.2,2,2.2,0.6,0.7,0
100,72,1,9,0.4,0.7,0.8,1.4,2,0,1,1.5,0.3,0.8,0.1
102,72,1,9,0.4,0.7,0.8,1.4,2,0,1,1.5,0.3,0.8,0.1
103,72,1,10,0.4,0.7,0.9,1.6,2.2,0,1.1,1.7,0.4,0.9,0.1
104,72,0,59,5,4,1,14,13,3,3,8,7,1,0
105,72,0,55,1,2,8,3,8,0,15,15,0,3,0
106,72,1,3.5,0,0.3,0.4,0.2,1.2,0.1,0.6,0.6,0.1,0,0
107,72,1,2,0,0.2,0.3,0.1,0.7,0,0.3,0.3,0.1,0,0
109,72,1,7,0.4,0.7,0.7,1.5,1.3,0.1,0.8,1.2,0.2,0.1,0
115,72,1,9,0.1,1.2,0.7,0.5,1.9,0.1,1.9,1.6,0.3,0.7,0
116,72,1,27,0.2,3.6,2,1.5,5.9,0.3,5.9,4.8,0.8,2,0
117,72,1,8,0.1,1.1,0.6,0.5,1.7,0.1,1.7,1.4,0.2,0.6,0
122,72,1,2,0,0.1,0.1,0.4,0.4,0,0.4,0.4,0.1,0.1,0
124,72,1,23,0.9,0.4,3.2,5.9,3.2,0.9,4.5,1.8,0.4,1.8,0
4,73,1,7,0.3,0.9,0.8,1.2,1.4,0,0.9,0.8,0.1,0.6,0
7,73,1,6,0.2,0.8,0.7,1,1.2,0,0.8,0.7,0.1,0.5,0
11,73,1,6.5,0.5,0.2,0.2,1.7,1.1,0.1,1.1,0.9,0.1,0.6,0
24,73,1,1,0,0.1,0.1,0.1,0.3,0,0.2,0.2,0,0,0
36,73,1,11,0.6,1.1,0.7,1.7,2,0.1,1.5,2.3,0.4,0.6,0
37,73,1,13,0.7,1.3,0.8,2,2.3,0.2,1.8,2.7,0.5,0.7,0
41,73,1,2,0.1,0.1,0.1,0.3,0.4,0,0.4,0.4,0.1,0.1,0
44,73,1,1,0,0.1,0.1,0.1,0.2,0,0.3,0.2,0,0,0
45,73,1,8,0.2,0.5,0.5,0.9,1.3,0,2.7,1.3,0.4,0.2,0
46,73,0,62,3,4,2,16,11,3,7,7,6,3,0
47,73,0,57.5,2,8.5,6,8,14,0,7,7,0,5,0
48,73,0,49,2,2,3,11,7,3,12,7,2,0,0
49,73,1,13,0.4,1.4,1,1.9,3,0.1,1.7,2.5,0.6,0.4,0
57,73,1,9,0.4,0.5,0.2,1.5,2.2,0.2,0.9,1.9,0.9,0.3,0
58,73,1,7,0.4,0.4,0.1,1.2,1.7,0.1,0.7,1.5,0.7,0.2,0
59,73,1,3,0.1,0.2,0.3,0.4,0.7,0.1,0.3,0.5,0.3,0.1,0
60,73,1,1,0.1,0.1,0.1,0.1,0.2,0,0.1,0.2,0.1,0,0
61,73,1,5,0.3,0.3,0.5,0.7,1.1,0.1,0.5,0.8,0.5,0.2,0
62,73,1,3,0.1,0.2,0.3,0.4,0.7,0.1,0.3,0.5,0.3,0.1,0
64,73,1,6,0.1,0.4,0.3,0.7,1.2,0.1,0.8,1.7,0.3,0.3,0.1
65,73,1,9,0.1,0.6,0.5,1,1.9,0.1,1.2,2.5,0.5,0.5,0.1
71,73,1,8,0.5,0.5,0.5,1.4,1.5,0.2,1.3,1.6,0.4,0.1,0
72,73,1,19,1.1,1.3,1.3,3.3,3.5,0.5,3,3.8,0.9,0.3,0
73,73,1,12,0.7,0.8,0.8,2.1,2.2,0.3,1.9,2.4,0.6,0.2,0
74,73,1,4,0.2,0.6,0.4,0.3,0.9,0.1,0.7,0.5,0.1,0.2,0
86,73,1,4,0.2,0.5,0.1,0.6,0.7,0.1,0.6,0.6,0.2,0.4,0
94,73,1,2,0.1,0.2,0.2,0.5,0.4,0,0.2,0.2,0.1,0.1,0
99,73,1,15,0.7,1.1,1.3,2.3,3.3,0,1.7,2.6,0.6,1.3,0.1
101,73,1,11,0.5,0.8,1,1.7,2.4,0,1.2,1.9,0.4,1,0.1
102,73,1,14,0.6,1,1.2,2.2,3.1,0,1.6,2.4,0.5,1.3,0.1
103,73,0,42,9,1,4,10,5,0,5,5,0,2,1
104,73,0,91.5,2,9.5,1,17,17,5,17,11,9,2,1
105,73,0,80,6,6,3,19,11,5,11,8,5,6,0
107,73,1,15,0,1.3,2,0.8,5.3,0.3,2.5,2.5,0.3,0,0
108,73,1,27,0,2.3,3.5,1.5,9.6,0.5,4.5,4.6,0.5,0,0
109,73,1,7,0.4,0.7,0.7,1.5,1.3,0.1,0.8,1.2,0.2,0.1,0
110,73,1,2,0.1,0.2,0.2,0.4,0.4,0,0.2,0.3,0.1,0.1,0
116,73,1,6,0.1,0.8,0.4,0.3,1.3,0.1,1.3,1.1,0.2,0.4,0
117,73,1,3,0,0.4,0.2,0.2,0.7,0,0.7,0.5,0.1,0.2,0
122,73,1,3,0,0.1,0.1,0.6,0.6,0,0.7,0.7,0.1,0.1,0
124,73,1,5,0.2,0.1,0.7,1.2,0.7,0.2,1,0.4,0.1,0.4,0
1,74,1,17,0,2.8,1.4,2,6.8,0.3,0.9,1.1,1.7,0,0
2,74,0,34,5,3,0,10,4,3,2,2,3,2,0
3,74,1,12,0,2,1,1.4,4.8,0.2,0.6,0.8,1.2,0,0
4,74,0,80,4,5,5,17,18,2,9,9,5,6,0
5,74,0,63,2,6.5,4,5,19,0.5,9,10,4,3,0
6,74,0,190.5,10,17.5,9,35,42,4,23,30,12,7,1
7,74,0,71.5,9,7.5,4,16,13,1,4,4,3,10,0
8,74,1,11,0.4,1.4,1.2,1.9,2.3,0,1.4,1.2,0.2,1,0
10,74,1,7,0.5,0.2,0.2,1.8,1.2,0.1,1.2,1,0.1,0.7,0
11,74,1,9,0.7,0.2,0.2,2.4,1.5,0.2,1.5,1.3,0.1,0.9,0
15,74,1,5,0.1,1.2,0.4,0.5,1.5,0.2,0.2,0.5,0.2,0.2,0
22,74,1,8,0.3,1,0.6,1.1,1.9,0,0.8,1.7,0.3,0.3,0
36,74,1,2,0.1,0.2,0.1,0.3,0.4,0,0.3,0.4,0.1,0.1,0
37,74,1,5,0.2,0.5,0.3,0.8,0.9,0.1,0.7,1,0.2,0.3,0
38,74,1,5,0.2,0.5,0.3,0.8,0.9,0.1,0.7,1,0.2,0.3,0
39,74,1,7,0.2,0.5,0.5,1.1,1.2,0.1,1.2,1.5,0.5,0.2,0
41,74,1,7,0.2,0.5,0.5,1.1,1.2,0.1,1.2,1.5,0.5,0.2,0
46,74,0,29,2,1,0,7,3,0,11,1,3,1,0
47,74,1,14,0.4,0.8,0.8,1.5,2.3,0,4.7,2.3,0.8,0.4,0
48,74,0,41,0,5,4,3,10,0,11,5,2,1,0
49,74,1,14,0.4,1.5,1.1,2.1,3.2,0.1,1.8,2.7,0.7,0.4,0
50,74,1,1,0,0.1,0.1,0.2,0.2,0,0.1,0.2,0.1,0,0
51,74,1,2,0.1,0.2,0.2,0.3,0.4,0,0.2,0.4,0.1,0.1,0
53,74,1,8,0.3,0.8,0.6,1.2,1.8,0.1,1,1.5,0.4,0.3,0
57,74,1,3,0.1,0.2,0.1,0.5,0.7,0.1,0.3,0.6,0.3,0.1,0
58,74,1,3,0.1,0.2,0.1,0.5,0.7,0.1,0.3,0.6,0.3,0.1,0
61,74,1,3,0.1,0.2,0.3,0.4,0.7,0.1,0.3,0.5,0.3,0.1,0
62,74,1,3,0.1,0.2,0.3,0.4,0.7,0.1,0.3,0.5,0.3,0.1,0
63,74,1,13,0.6,0.9,1.2,1.7,2.9,0.3,1.4,2.2,1.4,0.4,0
64,74,1,10,0.1,0.7,0.6,1.1,2.1,0.1,1.4,2.7,0.5,0.6,0.1
65,74,1,3,0,0.2,0.2,0.3,0.6,0,0.4,0.8,0.2,0.2,0.1
66,74,1,7,0.1,0.5,0.4,0.8,1.4,0.1,0.9,1.9,0.4,0.4,0.1
68,74,1,3,0,0.2,0.2,0.3,0.6,0,0.4,0.8,0.2,0.2,0.1
69,74,1,9,0.5,0.6,0.6,1.6,1.7,0.2,1.4,1.8,0.4,0.2,0
70,74,1,6,0.4,0.4,0.4,1,1.1,0.2,0.9,1.2,0.3,0.1,0
71,74,1,9,0.5,0.6,0.6,1.6,1.7,0.2,1.4,1.8,0.4,0.2,0
72,74,1,10,0.6,0.7,0.7,1.7,1.8,0.2,1.6,2,0.5,0.2,0
73,74,1,6,0.4,0.4,0.4,1,1.1,0.2,0.9,1.2,0.3,0.1,0
81,74,1,1,0,0.1,0.1,0.1,0.2,0,0.1,0.2,0.1,0.1,0
95,74,1,6,0.3,0.4,0.7,1.5,1.2,0.1,0.7,0.7,0.2,0.2,0
98,74,1,4,0.2,0.3,0.5,1,0.8,0.1,0.4,0.5,0.1,0.1,0
99,74,1,12,0.5,0.9,1.1,1.9,2.7,0,1.3,2,0.4,1.1,0.1
100,74,1,6,0.3,0.5,0.5,0.9,1.3,0,0.7,1,0.2,0.5,0.1
101,74,1,20,0.9,1.5,1.8,3.1,4.4,0,2.2,3.4,0.7,1.8,0.2
102,74,0,30,0,0,1,7,3,1,4,5,1,8,0
103,74,0,50,0,8,5,6,12,2,2,4,2,9,0
104,74,0,274,12,22.5,18.5,41,61,10,31,37,18,20,3
105,74,0,116.5,11,4.5,10,24,19,4,27,7,6,4,0
106,74,0,33.5,1,2,2.5,9,7,1,0,5,6,0,0
107,74,0,56,2,7,3,12,10,4,7,6,3,2,0
108,74,0,80,5,8,10,15,14,1.5,4,15,5.5,2,0
109,74,1,20,1.3,1.9,1.9,4.2,3.8,0.2,2.3,3.4,0.6,0.4,0
110,74,1,4,0.2,0.4,0.4,0.8,0.8,0,0.5,0.7,0.1,0.1,0
111,74,1,2,0.1,0.2,0.2,0.4,0.4,0,0.2,0.3,0.1,0.1,0
112,74,1,6,0.4,0.6,0.6,1.3,1.1,0,0.7,1,0.2,0.1,0
113,74,1,8,0.5,0.8,0.8,1.7,1.5,0.1,0.9,1.3,0.2,0.2,0
114,74,1,5,0,0.7,0.4,0.3,1.1,0,1.1,0.9,0.1,0.4,0
115,74,1,2,0,0.3,0.1,0.1,0.4,0,0.4,0.4,0.1,0.2,0
116,74,1,3,0,0.4,0.2,0.2,0.7,0,0.7,0.5,0.1,0.2,0
117,74,1,16,0.1,2.1,1.2,0.9,3.5,0.1,3.5,2.9,0.5,1.2,0
118,74,1,9,0.1,1.2,0.7,0.5,1.9,0.1,1.9,1.6,0.3,0.7,0
119,74,1,7.5,0,0.2,0.2,1.5,1.5,0,1.7,1.7,0.2,0.5,0
120,74,1,1,0,0,0.1,0.2,0.2,0,0.2,0.2,0,0.1,0
122,74,1,2,0,0.1,0.1,0.4,0.4,0,0.4,0.4,0.1,0.1,0
123,74,1,1,0,0,0.1,0.2,0.2,0,0.2,0.2,0,0.1,0
125,74,1,3,0.1,0.1,0.4,0.8,0.4,0.1,0.6,0.2,0.1,0.2,0
1,75,1,28,0,4.7,2.3,3.2,11.2,0.5,1.4,1.9,2.8,0,0
2,75,0,39,0,4,4,5,11,0,11,3,1,0,0
3,75,0,51.5,5,5.5,5,8,11,0,8,4,5,0,0
4,75,0,66,1,9.5,5,10,14,2,8,11,3.5,2,0
5,75,0,72,7,6,8,18,11,2,6,5,7,2,0
6,75,1,21,0.8,2.7,2.3,3.5,4.3,0,2.7,2.3,0.4,2,0
7,75,0,99,8,8.5,3,28,18,3,14,7,6.5,3,0
8,75,0,29,0,1,2,2,3,0,8,6,1,6,0
9,75,0,62,6,5,1,15,16,2,2,7,7,1,0
10,75,0,27,1,2.5,1,9,5,1,4,2,0.5,1,0
11,75,1,9,0.7,0.2,0.2,2.4,1.5,0.2,1.5,1.3,0.1,0.9,0
22,75,1,16,0.6,2.1,1.2,2.1,3.8,0,1.7,3.3,0.6,0.6,0
36,75,1,3,0.2,0.3,0.2,0.5,0.5,0,0.4,0.6,0.1,0.2,0
37,75,1,3,0.2,0.3,0.2,0.5,0.5,0,0.4,0.6,0.1,0.2,0
41,75,1,3,0.1,0.2,0.2,0.5,0.5,0.1,0.5,0.6,0.2,0.1,0
43,75,1,4,0.1,0.3,0.3,0.6,0.7,0.1,0.7,0.8,0.3,0.1,0
45,75,1,6,0.2,0.3,0.3,0.7,1,0,2,1,0.3,0.2,0
46,75,1,3,0.1,0.2,0.2,0.3,0.5,0,1,0.5,0.1,0.1,0
49,75,1,6,0.2,0.6,0.5,0.9,1.4,0,0.8,1.1,0.3,0.2,0
50,75,1,4,0.1,0.4,0.3,0.6,0.9,0.1,0.5,0.8,0.2,0.1,0
51,75,1,7,0.2,0.7,0.6,1,1.6,0.1,0.9,1.3,0.4,0.2,0
52,75,1,3,0.1,0.3,0.2,0.4,0.7,0,0.4,0.6,0.2,0.1,0
53,75,1,2,0.1,0.2,0.2,0.3,0.4,0,0.2,0.4,0.1,0.1,0
56,75,1,3,0.1,0.2,0.1,0.5,0.7,0.1,0.3,0.6,0.3,0.1,0
58,75,1,12,0.6,0.7,0.2,2,2.9,0.2,1.2,2.6,1.2,0.4,0
59,75,1,10,0.5,0.7,0.9,1.3,2.2,0.2,1.1,1.7,1.1,0.3,0
60,75,1,4,0.2,0.3,0.4,0.5,0.9,0.1,0.4,0.7,0.4,0.1,0
61,75,1,19,1,1.3,1.7,2.5,4.2,0.5,2.1,3.1,2,0.6,0
62,75,1,5,0.3,0.3,0.5,0.7,1.1,0.1,0.5,0.8,0.5,0.2,0
63,75,1,23,1.1,1.5,2.1,3,5.1,0.6,2.5,3.8,2.5,0.8,0
64,75,1,3,0,0.2,0.2,0.3,0.6,0,0.4,0.8,0.2,0.2,0.1
65,75,1,2,0,0.2,0.1,0.2,0.4,0,0.3,0.6,0.1,0.1,0
67,75,1,11,0.1,0.8,0.6,1.2,2.3,0.1,1.5,3,0.6,0.6,0.2
68,75,1,3,0,0.2,0.2,0.3,0.6,0,0.4,0.8,0.2,0.2,0.1
69,75,1,1,0.1,0.1,0.1,0.2,0.2,0,0.1,0.2,0,0,0
70,75,1,2,0.1,0.1,0.1,0.4,0.4,0.1,0.3,0.4,0.1,0,0
71,75,1,2,0.1,0.1,0.1,0.4,0.4,0.1,0.3,0.4,0.1,0,0
73,75,1,2,0.1,0.1,0.1,0.4,0.4,0.1,0.3,0.4,0.1,0,0
75,75,1,2,0.1,0.3,0.2,0.2,0.4,0,0.4,0.3,0,0.1,0
82,75,1,1,0,0.1,0.1,0.1,0.2,0,0.1,0.2,0.1,0.1,0
90,75,1,3,0.1,0.4,0.1,0.5,0.6,0.1,0.4,0.4,0.1,0.3,0
94,75,1,3,0.2,0.2,0.4,0.7,0.6,0,0.3,0.4,0.1,0.1,0
97,75,1,2,0.1,0.2,0.2,0.5,0.4,0,0.2,0.2,0.1,0.1,0
99,75,1,2,0.1,0.2,0.2,0.3,0.4,0,0.2,0.3,0.1,0.2,0
100,75,1,13,0.6,1,1.1,2,2.9,0,1.4,2.2,0.5,1.2,0.1
101,75,0,24,1,1,0,4,3,1,4,5,1,4,0
102,75,0,56,2,3,4,5,16,1,6,10,5,4,0
103,75,0,33,3,1,1,8,4,1,8,2,2,3,0
104,75,0,210.5,9,23.5,13,35,40,3,24,37,6,20,0
105,75,0,148.5,8.5,11,12,45,29,3.5,14,10,9.5,5,1
106,75,0,77,3,3.5,3,19,16,2,13,11,2.5,4,0
107,75,0,92.5,4,9.5,5,20,18,4,10,13,6,3,0
108,75,0,81,2,6,2,10,17,1,17,19,5,2,0
109,75,0,208.5,16,29,4,52,42,10,11,8,34.5,2,0
110,75,1,11,0.7,1,1,2.3,2.1,0.1,1.3,1.9,0.4,0.2,0
111,75,1,4,0.2,0.4,0.4,0.8,0.8,0,0.5,0.7,0.1,0.1,0
112,75,1,4,0.2,0.4,0.4,0.8,0.8,0,0.5,0.7,0.1,0.1,0
113,75,1,6,0.4,0.6,0.6,1.3,1.1,0,0.7,1,0.2,0.1,0
116,75,1,2,0,0.3,0.1,0.1,0.4,0,0.4,0.4,0.1,0.2,0
120,75,1,4,0,0.1,0.1,0.8,0.8,0,0.9,0.9,0.1,0.3,0
121,75,1,4,0,0.1,0.1,0.8,0.8,0,0.9,0.9,0.1,0.3,0
122,75,1,3.5,0,0.1,0.1,0.7,0.7,0,0.8,0.8,0.1,0.2,0
123,75,1,1,0,0,0.1,0.2,0.2,0,0.2,0.2,0,0.1,0
125,75,1,8,0.3,0.2,1.1,2,1.1,0.3,1.6,0.6,0.2,0.6,0
2,76,0,33,1,3,1,7,7,1,4,2,5,2,0
3,76,0,71.5,2,4.5,6,10,13,3,25,4,3,1,0
4,76,0,72,2,3,7,7,9,1,22,12,1,8,0
5,76,0,60,4,7.5,6.5,4,18,0,3,9,2,6,0
6,76,0,113.5,5,8,6,21,22,2,13,14,6.5,16,0
7,76,0,97.5,4,1.5,5,30,19,0,6,21,7,4,0
8,76,0,174.5,9,17.5,9,50,25,2,18,22,8,14,0
9,76,0,53,1,3,2,7,7,1,7,13,2,10,0
10,76,0,120,5,16,20,15,31,4,11,7,8,3,0
11,76,0,130,12.5,12,9,33,31,5.5,12,4,10,1,0
12,76,0,66,5,5,11,11,15,0,5,6,4,4,0
21,76,1,6,0.7,0.3,0.9,0.9,0.6,0.3,0.3,1,0.6,0.4,0
37,76,1,2,0.1,0.2,0.2,0.2,0.6,0,0.3,0.3,0.1,0,0
38,76,1,6,0.2,0.6,0.5,0.5,2,0.1,0.9,0.8,0.3,0.1,0
40,76,1,4,0.1,0.5,0.2,0.4,0.9,0.1,0.4,1,0.2,0.2,0
41,76,1,5,0.1,0.7,0.3,0.5,1.2,0.1,0.5,1.2,0.2,0.2,0
42,76,1,5,0.1,0.7,0.3,0.5,1.2,0.1,0.5,1.2,0.2,0.2,0
46,76,1,1,0,0.2,0,0,0.4,0,0.1,0.2,0,0.1,0
47,76,1,2,0,0.4,0.1,0,0.7,0,0.2,0.4,0.1,0.1,0
50,76,1,24.5,1.1,1.5,1.6,3.3,4.5,0.6,4.3,5.5,1.3,0.8,0
51,76,1,2,0.1,0.1,0.1,0.3,0.4,0,0.3,0.5,0.1,0.1,0
52,76,1,3,0.1,0.2,0.2,0.4,0.5,0.1,0.5,0.7,0.2,0.1,0
53,76,1,2,0.1,0.1,0.1,0.3,0.4,0,0.3,0.5,0.1,0.1,0
56,76,1,7,0.3,0.3,0.5,0.9,0.8,0.1,1.2,1.9,0.1,0.9,0
58,76,1,13,0.6,0.6,1,1.6,1.4,0.3,2.3,3.5,0.1,1.6,0
59,76,1,8,0.4,0.7,0.3,0.7,1.4,0.2,1.2,1.6,0.6,0.7,0.2
60,76,1,17,0.9,1.4,0.7,1.4,3,0.4,2.6,3.4,1.3,1.4,0.5
61,76,1,4.5,0.2,0.4,0.2,0.4,0.8,0.1,0.7,0.9,0.3,0.4,0.1
62,76,1,2,0.1,0.2,0.1,0.2,0.3,0,0.3,0.4,0.1,0.2,0.1
63,76,1,8,0.4,0.7,0.3,0.7,1.4,0.2,1.2,1.6,0.6,0.7,0.2
64,76,1,9.5,0,1,0.8,0.5,2.3,0,1.3,2.4,0.5,0.7,0
65,76,1,11,0,1.2,0.9,0.6,2.6,0,1.5,2.8,0.6,0.8,0
67,76,1,2,0,0.2,0.2,0.1,0.5,0,0.3,0.5,0.1,0.1,0
68,76,1,7,0,0.7,0.6,0.4,1.7,0,1,1.7,0.4,0.5,0
69,76,1,4,0.2,0.3,0.2,0.5,0.9,0.1,0.3,1,0.2,0.3,0
70,76,1,2,0.1,0.1,0.1,0.2,0.5,0,0.2,0.5,0.1,0.2,0
72,76,1,6,0.2,0.5,0.3,0.7,1.4,0.1,0.5,1.4,0.4,0.5,0
75,76,1,10,0.6,1.4,0.4,2.8,1.5,0,0.7,1.5,1.1,0,0
82,76,1,17.5,2.5,0.3,1.8,4.3,3.1,0,1.8,1.9,0.6,0.6,0.6
91,76,1,7,0,0.5,0.3,1,1.8,0.3,1.3,0.8,0,1,0
97,76,1,4,0,0.3,0.4,0.4,0.9,0.1,0.5,0.9,0.3,0.2,0
98,76,0,19,1,0,0,4,2,0,6,6,0,0,0
99,76,0,31.5,1,5.5,1,2,10,0,4,5,0,3,0
100,76,1,13,0.2,1,0.9,1.6,2.8,0.2,2.3,2.2,0.7,1.1,0
101,76,1,26,0.4,1.9,1.8,3.2,5.7,0.5,4.7,4.3,1.4,2.1,0
102,76,0,28,0,4,2,1,4,0,4,10,2,1,0
103,76,0,31,0,4,0,3,6,0,5,7,2,4,0
104,76,0,69,2,9,1,12,17,1,10,8,4,4,1
105,76,0,219,25,15.5,8,78,29,17,6,8,31.5,1,0
106,76,0,212,23.5,17,11,57,32,15,10,12,31.5,0,3
107,76,1,12,0.1,1.3,1.1,1.3,2.8,0.1,1.7,2.6,0.6,0.4,0
108,76,0,82.5,2,6,4,15,23,1,12,12,5.5,1,1
109,76,0,142.5,13,21,4,38,26,6,9,10,12.5,2,1
110,76,1,30,1.1,1.1,1.6,7.4,3.9,1.5,2.8,4.8,4.3,1.5,0
111,76,1,1,0,0,0.1,0.2,0.1,0.1,0.1,0.2,0.1,0.1,0
112,76,1,3,0.1,0.1,0.2,0.7,0.4,0.1,0.3,0.5,0.4,0.2,0
119,76,1,4,0.3,0.1,0.2,0.3,0.8,0,0.7,1,0.2,0.4,0
122,76,1,3,0.2,0.1,0.2,0.2,0.6,0,0.5,0.7,0.2,0.3,0
123,76,1,3,0.2,0.1,0.2,0.2,0.6,0,0.5,0.7,0.2,0.3,0
124,76,1,2,0.1,0.2,0.1,0.5,0.4,0,0.3,0.1,0.2,0.1,0
125,76,1,2,0.1,0.2,0.1,0.5,0.4,0,0.3,0.1,0.2,0.1,0
127,76,1,3,0.1,0.3,0.1,0.8,0.6,0,0.5,0.1,0.4,0.1,0
3,77,1,2,0,0.3,0.2,0.1,0.6,0,0.3,0.3,0.2,0,0
4,77,0,47,4,6,2,5,16,2,4,3,5,0,0
5,77,0,85,3,9,5,8,16,2,10,24,3,5,0
6,77,0,101,0,14,2,4,24,2,6,31,6,12,0
7,77,0,35,2,2,3,5,8,1,7,6,0,1,0
8,77,0,122.5,6,10,13,27,25,0,13,16,9.5,3,0
9,77,0,65.5,5,3.5,3,15,14,1,11,10,0,3,0
10,77,0,87.5,8,7,7,18,23,2,13,6,3.5,0,0
11,77,0,73,2,13,5,11,23,0,8,7,3,1,0
12,77,0,83.5,3.5,9,6,17,22,3,10,5,8,0,0
16,77,1,9,0.4,0.8,1.2,1.2,1.9,0,2.1,0.8,0.4,0.2,0
21,77,1,19,2.3,0.9,2.8,2.8,1.9,0.9,0.9,3.2,1.9,1.4,0
40,77,1,3,0,0.4,0.2,0.3,0.7,0.1,0.3,0.8,0.1,0.1,0
41,77,1,3,0,0.4,0.2,0.3,0.7,0.1,0.3,0.8,0.1,0.1,0
42,77,1,9,0.2,1.2,0.5,0.9,2.1,0.2,0.9,2.3,0.3,0.4,0
44,77,1,4,0,0.7,0.2,0,1.4,0.1,0.4,0.8,0.2,0.2,0
47,77,1,8,0,1.4,0.4,0,2.8,0.2,0.8,1.6,0.4,0.4,0
50,77,1,6,0.3,0.4,0.4,0.8,1.1,0.1,1,1.4,0.3,0.2,0
51,77,1,4,0.2,0.3,0.3,0.5,0.7,0.1,0.7,0.9,0.2,0.1,0
52,77,1,6.5,0.3,0.4,0.4,0.9,1.2,0.2,1.1,1.5,0.3,0.2,0
53,77,1,3.5,0.2,0.2,0.2,0.5,0.6,0.1,0.6,0.8,0.2,0.1,0
55,77,1,4,0.2,0.2,0.3,0.5,0.4,0.1,0.7,1.1,0,0.5,0
57,77,1,6,0.3,0.3,0.5,0.7,0.6,0.1,1.1,1.6,0.1,0.7,0
61,77,1,8,0.4,0.7,0.3,0.7,1.4,0.2,1.2,1.6,0.6,0.7,0.2
62,77,1,16,0.8,1.3,0.7,1.3,2.8,0.3,2.5,3.2,1.3,1.3,0.5
64,77,1,11,0,1.2,0.9,0.6,2.6,0,1.5,2.8,0.6,0.8,0
65,77,0,52,2,6.5,2,7,19,3,5,5,2.5,0,0
66,77,0,40,6,2,1,17,5,3,0,0,6,0,0
72,77,1,8,0.3,0.6,0.3,1,1.9,0.2,0.6,1.9,0.5,0.7,0
73,77,0,53.5,9,5,1,16,8,5,2,2,5.5,0,0
74,77,1,17,1.1,2.4,0.7,4.7,2.6,0,1.1,2.6,1.8,0,0
75,77,1,14.5,0.9,2,0.6,4.1,2.2,0,0.9,2.2,1.6,0,0
82,77,1,1,0.2,0,0.1,0.3,0.2,0,0.1,0.1,0,0,0
85,77,1,1,0,0.1,0.1,0.1,0.3,0,0.3,0.1,0,0,0
87,77,1,5,0,0.4,0.4,0.6,1.3,0.1,1.6,0.4,0.2,0,0
90,77,1,13,0,1,0.5,1.9,3.4,0.5,2.4,1.4,0,1.9,0
91,77,1,5,0,0.4,0.2,0.7,1.3,0.2,0.9,0.6,0,0.7,0
95,77,1,4,0,0.3,0.4,0.4,0.9,0.1,0.5,0.9,0.3,0.2,0
96,77,1,8,0,0.5,0.9,0.9,1.8,0.1,1,1.8,0.6,0.4,0
97,77,1,5,0,0.3,0.5,0.5,1.2,0.1,0.6,1.2,0.4,0.2,0
98,77,0,29,0,3,6,2,7,0,1,8,1,1,0
99,77,1,23,0.4,1.7,1.6,2.9,5,0.4,4.1,3.8,1.2,1.9,0
100,77,1,22,0.4,1.6,1.5,2.7,4.8,0.4,3.9,3.7,1.2,1.8,0
101,77,1,13,0.2,1,0.9,1.6,2.8,0.2,2.3,2.2,0.7,1.1,0
103,77,1,16,0.3,1.2,1.1,2,3.5,0.3,2.9,2.6,0.8,1.3,0
104,77,0,36,3,0,2,9,3,1,4,10,2,2,0
105,77,0,36,4,4,3,6,6,1,6,3,2,0,1
106,77,1,15,0.1,1.7,1.4,1.7,3.5,0.1,2.1,3.2,0.7,0.5,0
107,77,0,39,1,3,5,6,11,1,7,4,1,0,0
108,77,0,72,2,7,2,19,13,1,6,11,10,1,0
109,77,0,130,5,18,10,15,38,3,20,6,13,2,0
110,77,1,12,0.4,0.4,0.7,3,1.6,0.6,1.1,1.9,1.7,0.6,0
112,77,1,3,0.1,0.1,0.2,0.7,0.4,0.1,0.3,0.5,0.4,0.2,0
118,77,1,1,0,0.1,0.1,0.1,0.3,0,0.2,0.2,0,0,0
119,77,1,5,0.4,0.1,0.3,0.4,1,0,0.8,1.2,0.3,0.5,0
120,77,1,6,0.5,0.2,0.3,0.5,1.1,0,1,1.5,0.3,0.6,0
124,77,1,2,0.1,0.2,0.1,0.5,0.4,0,0.3,0.1,0.2,0.1,0
5,78,0,25,0,0,0,3,2,0,4,14,0,2,0
6,78,0,73,2,3.5,2,7,15,3,9,28,2.5,1,0
7,78,0,50,3,4,10,9,6,1,8,6,2,1,0
8,78,0,24,0,1,2,0,5,0,2,4,1,9,0
9,78,1,3,0,0.3,0.2,0.8,0.2,0.1,0.8,0.3,0.3,0,0
10,78,0,78.5,6,6,9,9,15,2,11,7,4.5,9,0
11,78,0,105.5,4,15.5,6,20,27,1,9,9,10,4,0
12,78,0,95,2,8.5,8,27,18,5,9,4,12.5,0,1
13,78,1,5,0,0.5,0.3,1.3,0.4,0.2,1.3,0.5,0.5,0,0
21,78,1,7,0.9,0.3,1,1,0.7,0.3,0.4,1.2,0.7,0.5,0
37,78,1,2,0.1,0.2,0.2,0.2,0.6,0,0.3,0.3,0.1,0,0
41,78,1,2,0,0.3,0.1,0.2,0.5,0,0.2,0.5,0.1,0.1,0
42,78,1,1,0,0.1,0.1,0.1,0.2,0,0.1,0.3,0,0.1,0
44,78,1,4,0,0.7,0.2,0,1.4,0.1,0.4,0.8,0.2,0.2,0
48,78,1,8,0,1.4,0.4,0,2.8,0.2,0.8,1.6,0.4,0.4,0
52,78,1,5,0.2,0.3,0.3,0.7,0.9,0.1,0.9,1.1,0.3,0.2,0
54,78,1,4,0.2,0.2,0.3,0.5,0.4,0.1,0.7,1.1,0,0.5,0
55,78,1,19,0.8,0.9,1.5,2.3,2.1,0.4,3.4,5.1,0.2,2.3,0
57,78,1,3,0.1,0.1,0.3,0.4,0.3,0.1,0.5,0.8,0,0.4,0
58,78,1,1,0,0.1,0.1,0.1,0.1,0,0.2,0.3,0,0.1,0
59,78,1,1,0,0.1,0,0.1,0.2,0,0.2,0.2,0.1,0.1,0
60,78,1,1,0,0.1,0,0.1,0.2,0,0.2,0.2,0.1,0.1,0
61,78,1,4,0.2,0.3,0.2,0.3,0.7,0.1,0.6,0.8,0.3,0.4,0.1
62,78,1,8,0.4,0.7,0.3,0.7,1.4,0.2,1.2,1.6,0.6,0.7,0.2
63,78,1,1,0,0.1,0,0.1,0.2,0,0.2,0.2,0.1,0.1,0
64,78,1,1,0,0.1,0.1,0.1,0.2,0,0.1,0.2,0.1,0.1,0
65,78,0,30,1,1,1,5,3,2,7,7,1,2,0
66,78,0,37,0,8,1,3,14,3,2,2,4,0,0
68,78,1,7,0,0.7,0.6,0.4,1.7,0,1,1.7,0.4,0.5,0
72,78,1,15,0.6,1.2,0.6,1.8,3.6,0.3,1.2,3.6,0.9,1.2,0
73,78,0,56,5,3,4,17,17,2,0,0,8,0,0
74,78,0,46,0,5,4,3,16,2,4,4,6,2,0
75,78,0,144,4,15,13,19,37,3,20,20,10,3,0
76,78,0,206.5,11,20,10,39,38,9,34,19,13.5,13,0
77,78,1,2,0.1,0.3,0.1,0.6,0.3,0,0.1,0.3,0.2,0,0
85,78,1,2,0,0.2,0.2,0.2,0.5,0,0.6,0.2,0.1,0,0
96,78,1,10,0,0.6,1.1,1.1,2.3,0.1,1.2,2.3,0.8,0.5,0
97,78,1,4,0,0.3,0.4,0.4,0.9,0.1,0.5,0.9,0.3,0.2,0
98,78,1,15,0,0.9,1.6,1.7,3.5,0.2,1.8,3.5,1.1,0.7,0
99,78,1,2,0,0.2,0.1,0.3,0.4,0,0.4,0.3,0.1,0.2,0
100,78,1,10,0.2,0.7,0.7,1.2,2.2,0.2,1.8,1.7,0.5,0.8,0
103,78,0,47,3,4,2,12,7,0,5,7,3,4,0
104,78,1,14,0.1,1.6,1.3,1.6,3.2,0.1,1.9,3,0.7,0.5,0
105,78,0,45,2,3,3,6,13,1,6,7,2,2,0
106,78,0,34,0,2,3,1,7,0,12,7,2,0,0
107,78,0,58,0,8,3,2,19,2,8,10,2,4,0
108,78,0,121,9,14,10,34,22,6,9,5,11,1,0
109,78,0,246,34.5,26,7,78,40,16,6,5,32.5,1,0
110,78,1,3,0.1,0.1,0.2,0.7,0.4,0.1,0.3,0.5,0.4,0.2,0
111,78,1,1,0,0,0.1,0.2,0.1,0.1,0.1,0.2,0.1,0.1,0
112,78,1,14,0.5,0.5,0.8,3.5,1.8,0.7,1.3,2.2,2,0.7,0
113,78,1,3,0.1,0.1,0.2,0.7,0.4,0.1,0.3,0.5,0.4,0.2,0
6,79,1,15,0.9,1.3,0.3,2.9,2.2,1,1,3.5,1.6,0.3,0
7,79,0,41.5,2,5.5,2,12,5,2,4,7,2,0,0
8,79,0,57,1,9,6,2,18,1,7,8,2,3,0
9,79,0,75,2,8,6,6,19,2,11,12,3,6,0
10,79,0,42,2,2,1,5,9,1,4,10,2,6,0
11,79,0,30,0,3,1,3,7,0,1,8,1,6,0
12,79,0,104.5,9,8.5,6.5,23,23,3.5,12,6,9,4,0
13,79,0,74,9,7,2,32,8,3,6,1,6,0,0
21,79,1,2,0.2,0.1,0.3,0.3,0.2,0.1,0.1,0.3,0.2,0.2,0
35,79,1,1,0,0.1,0.1,0.1,0.3,0,0.2,0.1,0.1,0,0
36,79,1,6,0.2,0.6,0.5,0.5,2,0.1,0.9,0.8,0.3,0.1,0
37,79,1,7,0.3,0.7,0.5,0.5,2.3,0.1,1.1,1,0.4,0.1,0
40,79,1,4,0.1,0.5,0.2,0.4,0.9,0.1,0.4,1,0.2,0.2,0
42,79,1,4,0.1,0.5,0.2,0.4,0.9,0.1,0.4,1,0.2,0.2,0
47,79,1,6,0,1.1,0.3,0,2.1,0.1,0.6,1.2,0.3,0.3,0
52,79,1,16,0.7,1,1.1,2.1,3,0.4,2.8,3.6,0.8,0.5,0
53,79,1,9,0.4,0.5,0.6,1.2,1.7,0.2,1.6,2,0.5,0.3,0
55,79,1,2,0.1,0.1,0.2,0.2,0.2,0,0.4,0.5,0,0.3,0
56,79,1,2,0.1,0.1,0.2,0.2,0.2,0,0.4,0.5,0,0.3,0
57,79,1,5,0.2,0.2,0.4,0.6,0.6,0.1,0.9,1.3,0.1,0.6,0
59,79,1,4,0.2,0.3,0.2,0.3,0.7,0.1,0.6,0.8,0.3,0.4,0.1
61,79,1,2,0.1,0.2,0.1,0.2,0.3,0,0.3,0.4,0.1,0.2,0.1
62,79,1,1,0,0.1,0,0.1,0.2,0,0.2,0.2,0.1,0.1,0
63,79,1,2,0.1,0.2,0.1,0.2,0.3,0,0.3,0.4,0.1,0.2,0.1
65,79,0,63.5,4,6.5,9,11,16,0,6,6,0,5,0
66,79,1,3,0,0.3,0.2,0.2,0.7,0,0.4,0.8,0.2,0.2,0
70,79,1,3,0.1,0.2,0.1,0.4,0.7,0.1,0.2,0.7,0.2,0.3,0
72,79,1,7,0.3,0.5,0.3,0.8,1.7,0.1,0.6,1.7,0.4,0.6,0
73,79,0,54.5,3,4.5,4,11,10,3,9,4,4,2,0
74,79,0,56.5,1,7,6,7,18,0,9,5,2.5,1,0
75,79,0,68,5,3,5,12,14,2,8,7,6,6,0
76,79,0,306,11,31,25.5,53,73,7,46,23,27.5,9,0
77,79,1,2,0.1,0.3,0.1,0.6,0.3,0,0.1,0.3,0.2,0,0
83,79,1,1,0.2,0,0.1,0.3,0.2,0,0.1,0.1,0,0,0
85,79,1,1,0,0.1,0.1,0.1,0.3,0,0.3,0.1,0,0,0
88,79,1,2,0,0.2,0.2,0.2,0.5,0,0.6,0.2,0.1,0,0
90,79,1,2,0,0.1,0.1,0.3,0.5,0.1,0.4,0.2,0,0.3,0
95,79,1,2,0,0.1,0.2,0.2,0.5,0,0.2,0.5,0.2,0.1,0
96,79,1,13,0,0.8,1.4,1.4,3,0.2,1.6,3,1,0.6,0
97,79,1,2,0,0.1,0.2,0.2,0.5,0,0.2,0.5,0.2,0.1,0
98,79,1,11,0,0.7,1.2,1.2,2.6,0.1,1.3,2.6,0.8,0.5,0
99,79,1,12,0.2,0.9,0.8,1.5,2.6,0.2,2.2,2,0.6,1,0
100,79,1,9,0.1,0.7,0.6,1.1,2,0.2,1.6,1.5,0.5,0.7,0
102,79,1,17,0.3,1.3,1.2,2.1,3.7,0.3,3,2.8,0.9,1.4,0
103,79,1,18,0.3,1.4,1.2,2.2,3.9,0.3,3.2,3,1,1.5,0
104,79,1,25,0.2,2.8,2.3,2.8,5.8,0.2,3.5,5.3,1.2,0.9,0
105,79,1,2,0,0.2,0.2,0.2,0.5,0,0.3,0.4,0.1,0.1,0
107,79,1,6,0,0.7,0.5,0.7,1.4,0.1,0.8,1.3,0.3,0.2,0
108,79,0,71,1,8,7,5,20,0,14,5,4,7,0
109,79,0,73,9,3,3,26,9,2,6,4,6,5,0
110,79,1,11,0.4,0.4,0.6,2.7,1.4,0.6,1,1.7,1.6,0.6,0
111,79,1,4,0.1,0.2,0.2,1,0.5,0.2,0.4,0.6,0.6,0.2,0
112,79,1,4,0.1,0.2,0.2,1,0.5,0.2,0.4,0.6,0.6,0.2,0
113,79,1,12.5,0.4,0.5,0.7,3.1,1.6,0.6,1.2,2,1.8,0.6,0
114,79,1,6,0,0.6,0.4,0.8,1.8,0.1,1,1.3,0,0,0
121,79,1,2,0.2,0,0.1,0.2,0.4,0,0.3,0.5,0.1,0.2,0
126,79,1,1,0,0.1,0,0.3,0.2,0,0.2,0,0.1,0.1,0
5,80,1,4,0.2,0.3,0.1,0.8,0.6,0.3,0.3,0.9,0.4,0.1,0
6,80,1,7,0.4,0.6,0.2,1.3,1,0.5,0.5,1.6,0.7,0.2,0
7,80,1,21,1.3,1.8,0.5,4,3.1,1.3,1.4,4.9,2.2,0.5,0
8,80,0,82,6,4,10,16,18,0,7,15,3,3,0
9,80,0,46,0,3,4,1,10,0,5,20,0,3,0
10,80,0,55.5,1,5,7,4,18,0,11,6,2.5,1,0
11,80,0,126.5,7,10.5,13,22,27,2,17,14,8,6,0
12,80,1,34.5,0,3.3,2.4,8.9,2.4,1.6,8.9,3.3,3.7,0,0
13,80,0,39,4,6,1,16,4,1.5,1,0,3.5,2,0
20,80,1,2,0.2,0.1,0.3,0.3,0.2,0.1,0.1,0.3,0.2,0.2,0
21,80,1,5,0.6,0.2,0.7,0.7,0.5,0.2,0.3,0.9,0.5,0.4,0
34,80,1,11,0.4,1.1,0.8,0.9,3.6,0.2,1.7,1.5,0.6,0.2,0
36,80,1,3,0.1,0.3,0.2,0.2,1,0,0.5,0.4,0.2,0.1,0
37,80,1,3,0.1,0.3,0.2,0.2,1,0,0.5,0.4,0.2,0.1,0
38,80,1,11,0.4,1.1,0.8,0.9,3.6,0.2,1.7,1.5,0.6,0.2,0
39,80,1,6,0.1,0.8,0.4,0.6,1.4,0.1,0.6,1.5,0.2,0.3,0
41,80,1,1,0,0.1,0.1,0.1,0.2,0,0.1,0.3,0,0.1,0
43,80,1,4,0.1,0.5,0.2,0.4,0.9,0.1,0.4,1,0.2,0.2,0
48,80,1,7,0,1.2,0.4,0,2.4,0.2,0.7,1.4,0.3,0.4,0
50,80,1,3,0.1,0.2,0.2,0.4,0.5,0.1,0.5,0.7,0.2,0.1,0
51,80,1,6,0.3,0.4,0.4,0.8,1.1,0.1,1,1.4,0.3,0.2,0
52,80,1,2,0.1,0.1,0.1,0.3,0.4,0,0.3,0.5,0.1,0.1,0
53,80,1,5,0.2,0.3,0.3,0.7,0.9,0.1,0.9,1.1,0.3,0.2,0
54,80,1,4,0.2,0.2,0.3,0.5,0.4,0.1,0.7,1.1,0,0.5,0
56,80,1,7,0.3,0.3,0.5,0.9,0.8,0.1,1.2,1.9,0.1,0.9,0
57,80,1,7,0.3,0.3,0.5,0.9,0.8,0.1,1.2,1.9,0.1,0.9,0
58,80,1,6,0.3,0.3,0.5,0.7,0.6,0.1,1.1,1.6,0.1,0.7,0
59,80,1,8,0.4,0.7,0.3,0.7,1.4,0.2,1.2,1.6,0.6,0.7,0.2
62,80,1,1,0,0.1,0,0.1,0.2,0,0.2,0.2,0.1,0.1,0
64,80,0,339,43,18.5,19,119,53,22,21,6,34.5,3,0
65,80,0,39,3,3,4,10,9,2,4,0,4,0,0
66,80,1,5,0,0.5,0.4,0.3,1.2,0,0.7,1.3,0.3,0.3,0
67,80,1,3,0,0.3,0.2,0.2,0.7,0,0.4,0.8,0.2,0.2,0
68,80,1,12,0,1.3,1,0.7,2.8,0,1.7,3,0.7,0.8,0
69,80,1,5,0.2,0.4,0.2,0.6,1.2,0.1,0.4,1.2,0.3,0.4,0
72,80,0,53.5,2,8,6,6,20,1,3,2,5.5,0,0
73,80,0,121.5,5,11.5,4,24,27,3,8,12,14,12,1
74,80,0,164.5,8.5,13,12,20,27,0,32,44,6,2,0
75,80,0,158.5,8,15.5,4,32,27,4,28,23,11,6,0
76,80,0,35,0,3,1,4,12,1,5,5,1,3,0
77,80,1,1,0.1,0.1,0,0.3,0.1,0,0.1,0.2,0.1,0,0
78,80,0,76,2,11,3,5,23,2,13,9,8,0,0
79,80,0,72.5,3,8,7,20,14,4,2,3,11.5,0,0
81,80,1,4,0.6,0.1,0.4,1,0.7,0,0.4,0.4,0.1,0.1,0.2
83,80,1,5,0.7,0.1,0.5,1.2,0.9,0,0.5,0.5,0.2,0.2,0.2
86,80,1,4,0,0.3,0.3,0.5,1,0.1,1.3,0.4,0.1,0,0
95,80,1,3,0,0.2,0.3,0.3,0.7,0,0.4,0.7,0.2,0.2,0
97,80,1,1,0,0.1,0.1,0.1,0.2,0,0.1,0.2,0.1,0.1,0
99,80,1,8,0.1,0.6,0.6,1,1.8,0.1,1.4,1.3,0.4,0.7,0
100,80,1,23,0.4,1.7,1.6,2.9,5,0.4,4.1,3.8,1.2,1.9,0
101,80,1,1,0,0.1,0.1,0.1,0.2,0,0.2,0.2,0,0.1,0
102,80,1,7,0.1,0.5,0.5,0.9,1.5,0.1,1.2,1.2,0.4,0.6,0
103,80,1,14,0.2,1.1,1,1.7,3.1,0.2,2.5,2.3,0.8,1.1,0
104,80,1,30,0.3,3.3,2.8,3.3,6.9,0.3,4.2,6.4,1.4,1.1,0
105,80,1,2,0,0.2,0.2,0.2,0.5,0,0.3,0.4,0.1,0.1,0
107,80,1,2,0,0.2,0.2,0.2,0.5,0,0.3,0.4,0.1,0.1,0
108,80,0,66,3.5,10.5,2,10,19,2,5,9,4,1,0
109,80,1,21,0.8,0.8,1.1,5.1,2.7,1.1,2,3.3,3,1.1,0
110,80,1,12,0.4,0.4,0.7,3,1.6,0.6,1.1,1.9,1.7,0.6,0
111,80,1,1,0,0,0.1,0.2,0.1,0.1,0.1,0.2,0.1,0.1,0
113,80,1,3,0.1,0.1,0.2,0.7,0.4,0.1,0.3,0.5,0.4,0.2,0
119,80,1,14,1.1,0.4,0.8,1.1,2.6,0,2.3,3.4,0.8,1.5,0
2,81,1,7,0,0.9,0.7,0.5,2.4,0,0.9,0.9,0.7,0,0
8,81,1,65.5,2.9,3.9,1,14.5,11.6,2.9,13.6,7.8,7.3,0,0
9,81,0,40,0,3,1,0,14,0,6,14,1,1,0
10,81,1,41,0,6.3,1.6,5.5,8.7,1.6,9.5,3.1,3.1,1.6,0
11,81,0,57.5,0,1.5,6,5,15,0,15,11,4,0,0
19,81,1,2,0.1,0.2,0.2,0.3,0.4,0,0.5,0.2,0.1,0,0
20,81,1,4,0.2,0.3,0.5,0.5,0.9,0,1,0.3,0.2,0.1,0
34,81,1,3,0.1,0.1,0.1,0.3,0.6,0,0.6,0.9,0.1,0.2,0
35,81,1,3,0.1,0.1,0.1,0.3,0.6,0,0.6,0.9,0.1,0.2,0
37,81,1,4,0.1,0.1,0.2,0.5,0.8,0,0.8,1.2,0.1,0.2,0
39,81,1,5,0.3,0.5,0.3,1.1,1.1,0.2,0.6,0.6,0.3,0,0
41,81,1,7,0.5,0.7,0.4,1.5,1.5,0.3,0.8,0.8,0.5,0,0
42,81,1,11,0.7,1.1,0.7,2.4,2.3,0.5,1.3,1.3,0.7,0,0
48,81,1,2,0,0,0.2,0.1,0.4,0,0.3,0.8,0,0.2,0
49,81,1,2,0.1,0.1,0.2,0.3,0.4,0,0.3,0.3,0.1,0.2,0
51,81,1,4,0.2,0.3,0.4,0.5,0.7,0.1,0.6,0.7,0.2,0.3,0
52,81,1,17,0.6,1,1.7,2.3,3.1,0.2,2.7,2.9,1,1.5,0
53,81,1,4,0.2,0.3,0.4,0.5,0.7,0.1,0.6,0.7,0.2,0.3,0
54,81,1,6,0.2,0.6,0.5,1,1.7,0.1,0.8,0.6,0.3,0.2,0
55,81,1,4,0.1,0.4,0.3,0.7,1.2,0.1,0.5,0.4,0.2,0.1,0
57,81,1,2,0.1,0.2,0.2,0.3,0.6,0,0.2,0.2,0.1,0.1,0
58,81,1,5,0.2,0.4,0.4,0.9,1.4,0.1,0.6,0.5,0.3,0.2,0
60,81,1,4,0.1,0.3,0.3,0.5,1.1,0.1,0.2,0.7,0.4,0.3,0
61,81,1,2,0,0.2,0.1,0.2,0.6,0.1,0.1,0.4,0.2,0.1,0
64,81,1,12,0.6,1.2,1.1,1.5,2.4,0.1,1.9,2.1,0.4,0.7,0
65,81,1,27,1.3,2.8,2.5,3.3,5.5,0.2,4.2,4.6,1,1.6,0
66,81,1,24,1.2,2.5,2.2,3,4.9,0.1,3.7,4.1,0.9,1.4,0
68,81,1,4,0.2,0.4,0.4,0.5,0.8,0,0.6,0.7,0.2,0.2,0
69,81,1,3,0,0.4,0.4,0.2,0.6,0,0.5,0.4,0.1,0.4,0
71,81,0,29,0,0,2,7,3,2,4,7,1,3,0
72,81,0,36,1,3.5,2,4,3,0,6,12,1.5,3,0
73,81,0,73.5,2,3.5,7,15,10,1,3,21,6,5,0
74,81,0,87,1,7,12,8,14,1,17,17,2,8,0
75,81,0,72,2,4,4,13,15,1,15,9,7,2,0
76,81,0,93,7,6,5,22,22,1,11,9,5,5,0
77,81,0,75,3,7.5,8,9,19,0.5,4,16,2,5,1
78,81,0,56,4,7,6,9,14,1,9,3,1,2,0
79,81,1,20,1.4,1.4,1.7,5,3.6,0.5,1.7,2.8,0.2,1.7,0
80,81,1,2,0.1,0.1,0.2,0.5,0.4,0,0.2,0.3,0,0.2,0
94,81,1,2,0.1,0.1,0.1,0.3,0.3,0.1,0.3,0.4,0.2,0.1,0
96,81,1,2,0.1,0.1,0.1,0.3,0.3,0.1,0.3,0.4,0.2,0.1,0
97,81,1,3,0.2,0.1,0.1,0.5,0.5,0.1,0.5,0.7,0.2,0.1,0
99,81,1,14,0.7,0.5,0.7,2.4,2.4,0.4,2.1,3.2,1.1,0.5,0
100,81,1,14,0.7,0.5,0.7,2.4,2.4,0.4,2.1,3.2,1.1,0.5,0
101,81,1,9,0.5,0.4,0.4,1.5,1.5,0.3,1.3,2,0.7,0.4,0
102,81,1,4,0.2,0.1,0.2,0.7,0.7,0.1,0.6,0.9,0.3,0.2,0
103,81,1,11,0.6,0.4,0.5,1.9,1.9,0.3,1.6,2.5,0.9,0.4,0
104,81,1,6,0.1,0.7,0.2,1.2,0.9,0.1,2,0.6,0.1,0.1,0
106,81,1,3,0,0.3,0.1,0.6,0.4,0.1,1,0.3,0.1,0.1,0
107,81,1,1,0,0.1,0.1,0.2,0.2,0,0.3,0.1,0,0,0
108,81,1,16,0.3,1.8,0.6,3.2,2.4,0.3,5.3,1.5,0.3,0.3,0
111,81,1,2,0.1,0.1,0.1,0.1,0.3,0,0.6,0.5,0,0.2,0
121,81,1,9,0,0.8,0.6,1.3,2.7,0.2,1.5,1.9,0,0,0
122,81,1,7,0,0.6,0.5,1,2.1,0.2,1.1,1.5,0,0,0
1,82,1,2,0,0.3,0.2,0.1,0.6,0,0.3,0.3,0.2,0,0
2,82,1,3,0,0.4,0.3,0.2,1,0,0.4,0.4,0.3,0,0
8,82,1,2,0.1,0.1,0,0.5,0.4,0.1,0.4,0.2,0.2,0,0
10,82,0,91.5,6,11.5,9,16,28,1.5,3,8,8.5,0,0
11,82,0,116,14,7,2,34,22,5,10,7,13,2,0
12,82,1,4,0,0.6,0.2,0.5,0.8,0.2,0.9,0.3,0.3,0.2,0
26,82,1,4,0.1,0.3,0.1,0.6,0.6,0,0.8,0.9,0.3,0.3,0
34,82,1,4,0.1,0.1,0.2,0.5,0.8,0,0.8,1.2,0.1,0.2,0
36,82,1,2,0,0.1,0.1,0.2,0.4,0,0.4,0.6,0.1,0.1,0
39,82,1,1,0.1,0.1,0.1,0.2,0.2,0,0.1,0.1,0.1,0,0
42,82,1,10.5,0.7,1,0.6,2.3,2.2,0.4,1.3,1.3,0.7,0,0
44,82,1,5,0,0,0.6,0.2,1.1,0,0.8,1.9,0,0.4,0
49,82,1,6,0.2,0.4,0.6,0.8,1.1,0.1,0.9,1,0.4,0.5,0
51,82,1,14,0.5,0.8,1.4,1.9,2.6,0.2,2.2,2.4,0.8,1.2,0
52,82,1,7,0.3,0.4,0.7,0.9,1.3,0.1,1.1,1.2,0.4,0.6,0
54,82,1,5,0.2,0.4,0.4,0.9,1.4,0.1,0.6,0.5,0.3,0.2,0
55,82,1,15,0.5,1.4,1.2,2.6,4.3,0.3,1.9,1.4,0.9,0.5,0
56,82,1,8,0.3,0.7,0.6,1.4,2.3,0.2,1,0.7,0.5,0.3,0
57,82,1,5,0.2,0.4,0.4,0.9,1.4,0.1,0.6,0.5,0.3,0.2,0
59,82,1,11,0.1,0.9,0.8,1.2,3.1,0.3,0.6,2,1.2,0.8,0
60,82,1,7,0.1,0.6,0.5,0.8,1.9,0.2,0.4,1.2,0.8,0.5,0
62,82,1,2,0,0.2,0.1,0.2,0.6,0.1,0.1,0.4,0.2,0.1,0
65,82,0,65,0,9,7,11,16,1,6,8,6,1,0
66,82,1,22,1.1,2.3,2,2.7,4.5,0.1,3.4,3.8,0.8,1.3,0
67,82,1,8,0.4,0.8,0.7,1,1.6,0,1.3,1.4,0.3,0.5,0
69,82,1,7.5,0,0.9,0.9,0.4,1.6,0,1.3,1,0.4,1,0
70,82,1,7,0,0.8,0.8,0.4,1.5,0,1.2,1,0.3,1,0
71,82,0,71,2,11,10,7,19,3,10,2,5,2,0
72,82,0,117,5,16.5,11,15,24,1,14,15,4.5,11,0
73,82,0,73.5,5,5,4.5,13,18,2,19,4,0,3,0
74,82,0,105,6,7,8.5,19,21,5,11,21,4.5,2,0
75,82,0,49,4,4,4,9,7,0,2,12,2,5,0
76,82,0,72,1,7,6,5,21,1,5,14,10,2,0
77,82,0,136.5,9.5,7,12,34,26,3,11,11,16,5,2
78,82,1,6,0.1,0.6,0.2,0.8,1.4,0,0.3,1.8,0.6,0.2,0
79,82,1,13,0.9,0.9,1.1,3.2,2.3,0.3,1.1,1.9,0.2,1.1,0
81,82,1,17,1.2,1.2,1.4,4.3,3.1,0.4,1.4,2.4,0.2,1.4,0
82,82,1,3,0.2,0.2,0.2,0.8,0.5,0.1,0.3,0.4,0,0.3,0
84,82,1,3,0,0.2,0.3,0.3,0.8,0.1,0.9,0.3,0.1,0,0
86,82,1,1,0,0.1,0.1,0.1,0.3,0,0.3,0.1,0,0,0
87,82,1,2,0,0.2,0.2,0.2,0.5,0,0.6,0.2,0.1,0,0
88,82,1,1,0,0.1,0.1,0.1,0.3,0,0.3,0.1,0,0,0
91,82,1,2,0,0.2,0.2,0.2,0.5,0,0.6,0.2,0.1,0,0
95,82,1,2,0.1,0.1,0.1,0.3,0.3,0.1,0.3,0.4,0.2,0.1,0
96,82,1,5,0.2,0.2,0.2,0.9,0.9,0.2,0.7,1.1,0.4,0.2,0
99,82,1,7,0.4,0.3,0.3,1.2,1.2,0.2,1,1.6,0.5,0.3,0
100,82,1,3,0.2,0.1,0.1,0.5,0.5,0.1,0.5,0.7,0.2,0.1,0
101,82,1,2,0.1,0.1,0.1,0.3,0.3,0.1,0.3,0.4,0.2,0.1,0
102,82,1,13.5,0.7,0.5,0.6,2.3,2.3,0.4,2,3.1,1.1,0.5,0
103,82,1,5,0.2,0.2,0.2,0.9,0.9,0.2,0.7,1.1,0.4,0.2,0
104,82,1,7,0.1,0.8,0.3,1.4,1.1,0.1,2.3,0.7,0.1,0.1,0
107,82,1,2,0,0.2,0.1,0.4,0.3,0,0.7,0.2,0,0.1,0
108,82,1,3,0,0.3,0.1,0.6,0.4,0.1,1,0.3,0.1,0.1,0
109,82,1,5,0.2,0.4,0.2,0.3,0.7,0,1.5,1.3,0,0.4,0
111,82,1,8,0.3,0.7,0.3,0.5,1.1,0,2.3,2.1,0,0.7,0
125,82,1,9,0.3,0.9,0.3,2.4,1.8,0,1.5,0.3,1.2,0.3,0
11,83,1,1,0,0.2,0,0.1,0.2,0,0.2,0.1,0.1,0.1,0
33,83,1,3,0.1,0.2,0.1,0.5,0.4,0,0.6,0.7,0.2,0.2,0
34,83,1,5,0.1,0.1,0.3,0.6,1,0,1,1.5,0.1,0.3,0
35,83,1,1,0,0,0.1,0.1,0.2,0,0.2,0.3,0,0.1,0
36,83,1,6,0.2,0.2,0.3,0.7,1.1,0,1.2,1.8,0.2,0.3,0
39,83,1,3,0.2,0.3,0.2,0.7,0.6,0.1,0.3,0.4,0.2,0,0
40,83,1,1,0.1,0.1,0.1,0.2,0.2,0,0.1,0.1,0.1,0,0
41,83,1,14,0.9,1.4,0.8,3.1,3,0.6,1.6,1.7,0.9,0,0
42,83,1,4,0.3,0.4,0.2,0.9,0.8,0.2,0.5,0.5,0.2,0,0
44,83,1,2,0,0,0.2,0.1,0.4,0,0.3,0.8,0,0.2,0
46,83,1,1,0,0,0.1,0,0.2,0,0.2,0.4,0,0.1,0
47,83,1,3,0,0,0.4,0.1,0.6,0,0.5,1.1,0,0.3,0
52,83,1,10,0.4,0.6,1,1.3,1.8,0.1,1.6,1.7,0.6,0.9,0
53,83,1,1,0,0.1,0.1,0.1,0.2,0,0.1,0.2,0.1,0.1,0
55,83,1,6,0.2,0.6,0.5,1,1.7,0.1,0.8,0.6,0.3,0.2,0
56,83,1,6,0.2,0.6,0.5,1,1.7,0.1,0.8,0.6,0.3,0.2,0
58,83,1,6,0.2,0.6,0.5,1,1.7,0.1,0.8,0.6,0.3,0.2,0
59,83,1,5,0.1,0.4,0.3,0.6,1.4,0.1,0.3,0.9,0.6,0.3,0
62,83,1,3,0.1,0.3,0.2,0.3,0.8,0.1,0.2,0.5,0.3,0.2,0
63,83,1,2,0,0.2,0.1,0.2,0.6,0.1,0.1,0.4,0.2,0.1,0
65,83,0,36.5,3,1,2,12,6,2,3,3,3.5,1,0
66,83,1,8,0.4,0.8,0.7,1,1.6,0,1.3,1.4,0.3,0.5,0
67,83,1,8,0.4,0.8,0.7,1,1.6,0,1.3,1.4,0.3,0.5,0
69,83,1,12,0,1.4,1.4,0.7,2.6,0,2.1,1.6,0.6,1.6,0
70,83,0,27.5,0.5,2,1,2,5,1,4,4,1,7,0
71,83,0,99,0,8,5,13,17,3,16,18,8,11,0
72,83,0,76,3,8,4,19,8,2,7,16,4,5,0
73,83,0,85,2,8,8,8,16,1,13,16,2,11,0
74,83,0,130.5,7,9.5,10,22,27,3,11,19,10,12,0
75,83,0,97,4,12,3,18,19,4,17,7,6,7,0
76,83,0,194,6,16,10,30,34,6,29,36,11,16,0
77,83,1,33,0.8,3.4,0.8,4.2,7.6,0,1.7,10.2,3.4,0.9,0
78,83,0,61.5,1,6.5,3,8,12,1,11,13,4,2,0
79,83,0,71.5,3,2,4,10,8,2,15,23,4,0,0.5
80,83,1,18,1.3,1.3,1.5,4.5,3.2,0.4,1.5,2.6,0.2,1.5,0
82,83,1,2,0.1,0.1,0.2,0.5,0.4,0,0.2,0.3,0,0.2,0
90,83,1,3,0,0.2,0.3,0.3,0.8,0.1,0.9,0.3,0.1,0,0
101,83,1,5,0.2,0.2,0.2,0.9,0.9,0.2,0.7,1.1,0.4,0.2,0
106,83,1,1,0,0.1,0.1,0.2,0.2,0,0.3,0.1,0,0,0
107,83,1,3,0,0.3,0.1,0.6,0.4,0.1,1,0.3,0.1,0.1,0
108,83,1,8,0.1,0.9,0.3,1.6,1.2,0.1,2.7,0.7,0.2,0.2,0
109,83,1,4,0.2,0.3,0.2,0.2,0.6,0,1.1,1.1,0,0.3,0
113,83,1,4,0.2,0.3,0.2,0.2,0.6,0,1.1,1.1,0,0.3,0
118,83,1,2,0,0.2,0.1,0.3,0.6,0.1,0.3,0.4,0,0,0
12,84,1,1,0,0.2,0,0.1,0.2,0,0.2,0.1,0.1,0.1,0
23,84,1,5,0.2,0.4,0.7,0.7,1.1,0,1.2,0.4,0.2,0.1,0
25,84,1,5.5,0.2,0.5,0.2,0.8,0.8,0,1,1.3,0.3,0.4,0
33,84,1,3,0.1,0.2,0.1,0.5,0.4,0,0.6,0.7,0.2,0.2,0
34,84,1,4,0.1,0.1,0.2,0.5,0.8,0,0.8,1.2,0.1,0.2,0
35,84,1,2,0,0.1,0.1,0.2,0.4,0,0.4,0.6,0.1,0.1,0
39,84,1,6,0.4,0.6,0.4,1.3,1.3,0.2,0.7,0.7,0.4,0,0
40,84,1,14,0.9,1.4,0.8,3.1,3,0.6,1.6,1.7,0.9,0,0
41,84,1,9,0.6,0.9,0.5,2,1.9,0.4,1,1.1,0.6,0,0
46,84,1,2,0,0,0.2,0.1,0.4,0,0.3,0.8,0,0.2,0
47,84,1,3,0,0,0.4,0.1,0.6,0,0.5,1.1,0,0.3,0
49,84,1,2,0.1,0.1,0.2,0.3,0.4,0,0.3,0.3,0.1,0.2,0
51,84,1,2,0.1,0.1,0.2,0.3,0.4,0,0.3,0.3,0.1,0.2,0
52,84,1,3,0.1,0.2,0.3,0.4,0.5,0,0.5,0.5,0.2,0.3,0
58,84,1,2,0.1,0.2,0.2,0.3,0.6,0,0.2,0.2,0.1,0.1,0
59,84,1,2,0,0.2,0.1,0.2,0.6,0.1,0.1,0.4,0.2,0.1,0
60,84,1,22,0.3,1.8,1.5,2.5,6.1,0.6,1.2,4,2.5,1.5,0
62,84,1,2,0,0.2,0.1,0.2,0.6,0.1,0.1,0.4,0.2,0.1,0
64,84,1,14,0.7,1.5,1.3,1.7,2.8,0.1,2.2,2.4,0.5,0.8,0
65,84,0,80,2,4,4,7,11,2,14,27,1,7,1
66,84,0,56.5,2,10.5,3,7,13,2,7,5,7,0,0
67,84,1,21,1,2.2,1.9,2.6,4.3,0.1,3.3,3.6,0.8,1.2,0
68,84,1,3,0.1,0.3,0.3,0.4,0.6,0,0.5,0.5,0.1,0.2,0
69,84,1,8,0,0.9,0.9,0.5,1.7,0,1.4,1.1,0.4,1.1,0
70,84,0,87,1,6,7,8,19,0,11,19,3,11,2
71,84,0,40,2,1,2,6,5,1,5,9,2,7,0
73,84,0,179,5,9,28,44,24,4,25,19,8,10,3
74,84,0,56,1,2.5,5.5,5,9,3.5,15,10,0.5,4,0
75,84,0,95,6,8,4,19,11,3,12,17,4,11,0
76,84,0,125,4,12,5,18,22,2,23,27,3,9,0
77,84,0,114.5,2,9.5,6,16,16,2,4,41,5,13,0
78,84,0,108,5,8,5,9,18,2,13,33,3,12,0
79,84,0,125,3,9.5,7,18,19,2,27,31,6.5,2,0
80,84,1,4,0.3,0.3,0.3,1,0.7,0.1,0.3,0.6,0.1,0.3,0
81,84,1,2,0.1,0.1,0.2,0.5,0.4,0,0.2,0.3,0,0.2,0
99,84,1,2,0.1,0.1,0.1,0.3,0.3,0.1,0.3,0.4,0.2,0.1,0
100,84,1,6,0.3,0.2,0.3,1,1,0.2,0.9,1.4,0.5,0.2,0
102,84,1,1,0.1,0,0,0.2,0.2,0,0.2,0.2,0.1,0,0
103,84,1,5,0.2,0.2,0.2,0.9,0.9,0.2,0.7,1.1,0.4,0.2,0
109,84,1,3,0.1,0.2,0.1,0.2,0.4,0,0.9,0.8,0,0.3,0
110,84,1,1,0,0.1,0,0.1,0.1,0,0.3,0.3,0,0.1,0
112,84,1,2,0.1,0.1,0.1,0.1,0.3,0,0.6,0.5,0,0.2,0
113,84,1,8,0.3,0.7,0.3,0.5,1.1,0,2.3,2.1,0,0.7,0
114,84,1,2,0,0.2,0.1,0.3,0.6,0.1,0.3,0.4,0,0,0
115,84,1,4,0,0.4,0.3,0.6,1.2,0.1,0.6,0.8,0,0,0
12,85,1,5,0,0.8,0.2,0.7,1,0.2,1.1,0.4,0.4,0.2,0
23,85,1,26,1.1,2.3,3.4,3.4,5.6,0,6.2,2.3,1.1,0.6,0
24,85,1,45,1.4,3.8,1.4,7,6.3,0,8.4,10.4,2.8,3.5,0
25,85,0,110.5,7,10.5,9,27,28,10,7,3,8,1,0
26,85,0,72,0,10,12,7,15,2,13,7,5,1,0
33,85,1,4,0.1,0.3,0.1,0.6,0.6,0,0.8,0.9,0.3,0.3,0
36,85,1,2,0,0.1,0.1,0.2,0.4,0,0.4,0.6,0.1,0.1,0
39,85,1,14,0.9,1.4,0.8,3.1,3,0.6,1.6,1.7,0.9,0,0
41,85,1,13.5,0.9,1.3,0.8,3,2.9,0.6,1.6,1.6,0.8,0,0
42,85,1,1,0.1,0.1,0.1,0.2,0.2,0,0.1,0.1,0.1,0,0
43,85,1,4,0.3,0.4,0.2,0.9,0.8,0.2,0.5,0.5,0.2,0,0
46,85,1,2,0,0,0.2,0.1,0.4,0,0.3,0.8,0,0.2,0
48,85,1,4,0,0,0.5,0.2,0.8,0,0.7,1.5,0,0.3,0
49,85,1,3,0.1,0.2,0.3,0.4,0.5,0,0.5,0.5,0.2,0.3,0
50,85,1,2,0.1,0.1,0.2,0.3,0.4,0,0.3,0.3,0.1,0.2,0
52,85,1,5,0.2,0.3,0.5,0.7,0.9,0.1,0.8,0.8,0.3,0.4,0
54,85,1,1,0,0.1,0.1,0.2,0.3,0,0.1,0.1,0.1,0,0
58,85,1,16,0.5,1.5,1.3,2.8,4.6,0.4,2,1.5,0.9,0.5,0
60,85,1,10,0.1,0.8,0.7,1.1,2.8,0.3,0.6,1.8,1.1,0.7,0
64,85,1,7,0.3,0.7,0.7,0.9,1.4,0,1.1,1.2,0.3,0.4,0
65,85,0,174.5,2,6.5,16.5,25,35,1.5,31,30,10,17,0
66,85,0,160.5,13,7.5,10,41,24,5,23,28,3,6,0
67,85,1,15,0.7,1.6,1.4,1.8,3,0.1,2.3,2.6,0.6,0.9,0
68,85,1,13.5,0.7,1.4,1.2,1.7,2.7,0.1,2.1,2.3,0.5,0.8,0
69,85,1,14,0,1.6,1.6,0.8,3,0,2.5,1.9,0.7,1.9,0
70,85,0,110,9,5,7,15,22,5,15,18,6,8,0
71,85,0,41,1,6,2,10,9,3,3,1,2,4,0
72,85,0,54,2,8,6,9,10,0,6,5,3,5,0
73,85,0,124,5,9,6.5,24,29,2,17,8,13.5,10,0
74,85,0,48,3,5,3,5,13,0,6,8,1,4,0
75,85,0,51,2,9,2,3,12,1,6,12,3,1,0
76,85,0,38,1,4,2,6,7,0,7,6,0,5,0
77,85,0,79,0.5,6.5,8,11,14,0,6,23,3,7,0
78,85,0,123,5,7.5,8,22,20,4,12,27,4.5,13,0
79,85,0,146,8,21,11,19,30,5.5,10,22,13.5,6,0
80,85,1,3,0.2,0.2,0.2,0.8,0.5,0.1,0.3,0.4,0,0.3,0
85,85,1,5,0,0.4,0.4,0.6,1.3,0.1,1.6,0.4,0.2,0,0
86,85,1,3,0,0.2,0.3,0.3,0.8,0.1,0.9,0.3,0.1,0,0
97,85,1,5,0.2,0.2,0.2,0.9,0.9,0.2,0.7,1.1,0.4,0.2,0
99,85,1,4,0.2,0.1,0.2,0.7,0.7,0.1,0.6,0.9,0.3,0.2,0
103,85,1,4,0.2,0.1,0.2,0.7,0.7,0.1,0.6,0.9,0.3,0.2,0
104,85,1,4,0.1,0.4,0.1,0.8,0.6,0.1,1.3,0.4,0.1,0.1,0
110,85,1,2,0.1,0.1,0.1,0.1,0.3,0,0.6,0.5,0,0.2,0
111,85,1,4,0.2,0.3,0.2,0.2,0.6,0,1.1,1.1,0,0.3,0
112,85,1,6,0.2,0.5,0.2,0.4,0.9,0,1.7,1.6,0,0.5,0
114,85,1,2,0,0.2,0.1,0.3,0.6,0.1,0.3,0.4,0,0,0
115,85,1,6,0,0.6,0.4,0.8,1.8,0.1,1,1.3,0,0,0
120,85,1,2,0,0.2,0.1,0.3,0.6,0.1,0.3,0.4,0,0,0
121,85,1,2,0,0.2,0.1,0.3,0.6,0.1,0.3,0.4,0,0,0
16,86,1,1,0,0.1,0.1,0,0.3,0,0.2,0.3,0,0,0
17,86,1,4,0,0.3,0.3,0.2,1,0.1,0.7,1.1,0.2,0.1,0
23,86,1,19,1.9,1.5,0.8,2.7,3,0.8,3,3.4,0.8,1.1,0
24,86,0,44,2,6,4,5,14,1,3,6,1,2,0
25,86,0,40.5,1,1,4,7,3,1,5,11,2.5,5,0
26,86,0,189,7,22,14,39,47,4,18,15,14,9,0
28,86,1,4,0.2,0.4,0.7,0.7,1.4,0,0.5,0,0.1,0,0
34,86,1,3,0.1,0.2,0.2,0.4,0.6,0,0.7,0.6,0.1,0.1,0
36,86,1,7,0.2,0.5,0.4,0.9,1.4,0,1.6,1.4,0.4,0.2,0
37,86,1,2,0,0.2,0.1,0.3,0.4,0,0.5,0.4,0.1,0,0
38,86,1,3,0.1,0.2,0.2,0.4,0.6,0,0.7,0.6,0.1,0.1,0
39,86,1,6,0.2,0.3,0.4,1.1,0.8,0.2,1.4,1.1,0.2,0.3,0
41,86,1,4,0.1,0.2,0.3,0.7,0.5,0.1,0.9,0.8,0.2,0.2,0
43,86,1,3,0.1,0.1,0.2,0.5,0.4,0.1,0.7,0.6,0.1,0.2,0
48,86,1,1,0,0.1,0.1,0.1,0.3,0,0.2,0.2,0,0,0
49,86,1,6,0,0.4,0.4,0.6,1.7,0,1.3,1.1,0.2,0.3,0
50,86,1,5,0,0.3,0.3,0.5,1.5,0,1.1,0.9,0.2,0.2,0
53,86,1,1,0,0.1,0.1,0.1,0.3,0,0.2,0.2,0,0,0
54,86,1,3,0.3,0.2,0.1,0.6,0.4,0,0.3,0.6,0.3,0.2,0
55,86,1,4,0.4,0.3,0.1,0.7,0.6,0.1,0.4,0.8,0.4,0.2,0
63,86,1,4,0,0.6,0.2,0.6,0.7,0.1,0.5,0.4,0.7,0.2,0
64,86,1,11,0.7,0.6,0.1,1.2,2.2,0,1.7,2.2,0.8,1.5,0
65,86,0,287,19,31,17,47,48,13,33,34,33,11,1
66,86,0,535,32,68.5,24,92,88,14,58,83,52.5,22,1
67,86,1,2,0.1,0.1,0,0.2,0.4,0,0.3,0.4,0.2,0.3,0
68,86,1,4,0.3,0.2,0,0.5,0.8,0,0.6,0.8,0.3,0.5,0
69,86,1,16,0.3,2.1,1.4,1.4,3.1,0.3,2.3,3.4,0.3,1.4,0
70,86,0,98,7,3,7,27,16,3,14,17,1,3,0
71,86,0,142.5,10,7.5,9,35,33,6,13,13,11,4,1
72,86,0,70.5,2,6,8,11,14,2,8,10,1.5,8,0
73,86,0,146,2.5,16,10,17,30,5,19,27,8.5,10,1
74,86,0,52,4,5,2,4,9,0,8,12,2,6,0
76,86,0,192,5,40,15,26,45,8,23,10,19,1,0
77,86,0,33.5,2,3,1,7,5,3,7,1,3.5,1,0
78,86,0,161.5,3,9.5,5,23,21,2,29,53,8,8,0
79,86,0,98.5,3,5.5,4,13,17,1,14,27,5,9,0
80,86,1,6,0,0.3,0.5,1,1.2,0,1.4,1,0.4,0.2,0
83,86,1,6,0,0.3,0.5,1,1.2,0,1.4,1,0.4,0.2,0
85,86,1,3,0,0.3,0.3,0.1,1.4,0.1,0.4,0.3,0,0.1,0
102,86,1,3,0,0.2,0.3,0.3,0.7,0,0.5,0.5,0.2,0.3,0
105,86,1,20,0.8,2.8,0.9,2.4,5.2,0.4,2.4,3,0.6,1.5,0
106,86,1,13,0.6,1.8,0.6,1.5,3.3,0.3,1.5,2,0.4,1,0
107,86,1,5,0.2,0.7,0.2,0.6,1.3,0.1,0.6,0.7,0.2,0.4,0
109,86,1,3,0.1,0.2,0.2,0.2,1.1,0.1,0,0.8,0.3,0,0
111,86,1,5,0.2,0.3,0.3,0.4,1.7,0.2,0,1.4,0.5,0,0
112,86,1,10,0.3,0.7,0.7,0.7,3.5,0.3,0,2.8,1,0,0
113,86,1,2,0.1,0.1,0.1,0.1,0.7,0.1,0,0.6,0.2,0,0
114,86,1,8,0,0.6,0.6,2.3,1.7,0.3,1.7,0.3,0.5,0,0
115,86,1,4,0,0.3,0.3,1.1,0.9,0.1,0.9,0.1,0.3,0,0
116,86,1,4,0,0.3,0.3,1.1,0.9,0.1,0.9,0.1,0.3,0,0
118,86,1,1,0,0.1,0.1,0.3,0.2,0,0.2,0,0.1,0,0
119,86,1,3,0.1,0.2,0.1,0.5,0.3,0.1,1.2,0.1,0.2,0.2,0
120,86,1,4,0.1,0.3,0.2,0.6,0.4,0.1,1.6,0.1,0.3,0.3,0
121,86,1,3,0.1,0.2,0.1,0.5,0.3,0.1,1.2,0.1,0.2,0.2,0
10,87,1,4,0,0.4,0.5,0,0.8,0,0.9,0.8,0.1,0.5,0
11,87,1,3,0,0.3,0.3,0,0.6,0,0.7,0.6,0.1,0.4,0
15,87,1,4,0,0.3,0.3,0.2,1,0.1,0.7,1.1,0.2,0.1,0
16,87,1,2,0,0.1,0.2,0.1,0.5,0,0.4,0.6,0.1,0,0
25,87,1,20,1,2.2,3.4,3.4,6.8,0,2.5,0,0.7,0,0
26,87,0,48,0,5,5,2,11,0,14,6,3,2,0
27,87,1,10,0.5,1.1,1.7,1.7,3.4,0,1.2,0,0.4,0,0
38,87,1,2,0,0.2,0.1,0.3,0.4,0,0.5,0.4,0.1,0,0
39,87,1,12,0.4,0.6,0.9,2.1,1.6,0.3,2.7,2.3,0.5,0.6,0
41,87,1,6.5,0.2,0.3,0.5,1.1,0.9,0.2,1.5,1.2,0.3,0.3,0
42,87,1,8,0.3,0.4,0.6,1.4,1.1,0.2,1.8,1.5,0.3,0.4,0
52,87,1,2,0,0.1,0.1,0.2,0.6,0,0.4,0.4,0.1,0.1,0
53,87,1,2,0,0.1,0.1,0.2,0.6,0,0.4,0.4,0.1,0.1,0
55,87,1,4,0.4,0.3,0.1,0.7,0.6,0.1,0.4,0.8,0.4,0.2,0
57,87,1,7,0.7,0.6,0.1,1.3,1,0.1,0.7,1.4,0.7,0.4,0
62,87,1,6,0.1,0.8,0.3,0.8,1,0.2,0.8,0.7,1,0.3,0
64,87,1,4,0.3,0.2,0,0.5,0.8,0,0.6,0.8,0.3,0.5,0
65,87,0,106.5,3,5.5,6,14,17,1,20,24,2,14,0
66,87,0,232.5,10,12,15.5,38,32,7,29,42,11,36,0
67,87,0,56,0,0,8,5,4,0,13,19,0,7,0
69,87,1,40.5,0.7,5.4,3.6,3.6,7.9,0.7,5.7,8.6,0.7,3.6,0
70,87,0,207.5,9,9.5,11,47,45,1.5,25,37,10.5,12,0
71,87,0,177,3,10,7.5,25,34,2,34,36,7.5,18,0
72,87,0,70.5,4,4.5,1,10,15,1,11,12,3,9,0
73,87,0,401,21,39.5,23,69,82,13.5,38,40,43,32,0
74,87,1,24,1.4,1.4,3.1,2.7,7.1,1,1.7,2.7,1.5,1.4,0
75,87,0,314.5,21,27.5,27.5,68,62,11,39,28,21.5,9,0
76,87,0,129,3,10,16,16,31,1,18,19,5,10,0
77,87,0,91,1,13,7,10,25,1,14,11,6,3,0
78,87,0,26,0,1,1,2,6,1,5,7,2,1,0
79,87,1,22,0,1.1,1.9,3.8,4.2,0,4.9,3.8,1.5,0.8,0
80,87,1,4,0,0.2,0.3,0.7,0.8,0,0.9,0.7,0.3,0.1,0
82,87,1,3,0,0.1,0.3,0.5,0.6,0,0.7,0.5,0.2,0.1,0
96,87,1,3,0.2,0.2,0.2,0.6,0.4,0.1,0.3,0.5,0.2,0.3,0
97,87,1,2,0.1,0.1,0.2,0.4,0.3,0.1,0.2,0.3,0.1,0.2,0
101,87,1,5,0,0.3,0.4,0.5,1.2,0,0.9,0.9,0.4,0.4,0
102,87,1,18.5,0,1,1.6,2,4.3,0,3.2,3.2,1.6,1.6,0
105,87,1,14,0.6,2,0.6,1.7,3.6,0.3,1.7,2.1,0.4,1,0
106,87,1,13,0.6,1.8,0.6,1.5,3.3,0.3,1.5,2,0.4,1,0
107,87,1,6,0.3,0.8,0.3,0.7,1.5,0.1,0.7,0.9,0.2,0.5,0
109,87,1,2,0.1,0.1,0.1,0.1,0.7,0.1,0,0.6,0.2,0,0
117,87,1,2,0,0.1,0.2,0.6,0.4,0.1,0.4,0.1,0.1,0,0
118,87,1,4,0,0.3,0.3,1.1,0.9,0.1,0.9,0.1,0.3,0,0
120,87,1,2,0.1,0.1,0.1,0.3,0.2,0.1,0.8,0.1,0.1,0.1,0
121,87,1,4,0.1,0.3,0.2,0.6,0.4,0.1,1.6,0.1,0.3,0.3,0
122,87,1,3,0.1,0.2,0.1,0.5,0.3,0.1,1.2,0.1,0.2,0.2,0
9,88,1,3,0,0.3,0.3,0,0.6,0,0.7,0.6,0.1,0.4,0
10,88,0,50,4,11,4,6,14,2,2,3,4,0,0
11,88,1,23,0,2.2,2.8,0,4.5,0,5.6,4.5,0.6,2.8,0
15,88,1,3,0,0.2,0.2,0.2,0.8,0.1,0.5,0.8,0.1,0.1,0
24,88,1,4,0.2,0.4,0.7,0.7,1.4,0,0.5,0,0.1,0,0
27,88,1,3,0.2,0.3,0.5,0.5,1,0,0.4,0,0.1,0,0
38,88,1,4,0.1,0.3,0.2,0.5,0.8,0,1,0.8,0.2,0.1,0
39,88,1,9,0.3,0.5,0.7,1.6,1.2,0.2,2,1.7,0.3,0.5,0
46,88,1,3,0,0.2,0.2,0.3,0.9,0,0.6,0.6,0.1,0.1,0
49,88,1,8,0,0.5,0.5,0.8,2.3,0,1.7,1.5,0.3,0.4,0
52,88,1,3,0,0.2,0.2,0.3,0.9,0,0.6,0.6,0.1,0.1,0
53,88,1,1,0,0.1,0.1,0.1,0.3,0,0.2,0.2,0,0,0
54,88,1,3,0.3,0.2,0.1,0.6,0.4,0,0.3,0.6,0.3,0.2,0
55,88,1,5,0.5,0.4,0.1,0.9,0.7,0.1,0.5,1,0.5,0.3,0
56,88,1,6,0.6,0.5,0.1,1.1,0.8,0.1,0.6,1.2,0.6,0.4,0
59,88,1,1,0,0.1,0.1,0.1,0.2,0,0.1,0.1,0.2,0.1,0
60,88,1,1,0,0.1,0.1,0.1,0.2,0,0.1,0.1,0.2,0.1,0
61,88,0,46.5,1.5,5,6,11,12,1.5,6,1,1.5,1,0
62,88,0,39.5,2,4,2,7,12,1,6,1,4.5,0,0
63,88,1,11,0.2,1.5,0.5,1.6,1.9,0.3,1.4,1.2,1.9,0.5,0
64,88,1,6,0.4,0.3,0.1,0.7,1.2,0,0.9,1.2,0.4,0.8,0
65,88,0,30,2,0,0,9,5,0,3,7,1,3,0
66,88,0,184.5,5,12.5,15,28,30,2,19,38,8,27,0
67,88,0,238.5,13,18,16,49,43,3,29,40,2.5,25,0
68,88,0,70,0,5,5,7,27,1,8,8,2,7,0
69,88,0,112.5,3,8.5,15,23,19,1,16,9,7,3,8
70,88,0,143,5,7.5,8,39,33,3,16,14,11.5,6,0
71,88,0,130,7,8,4,26,21,3,15,27,3,16,0
72,88,0,69,3,6,4,9,13,3,12,12,3,4,0
73,88,0,75.5,1,3,2,12,11,4,17,17,2.5,6,0
74,88,0,56,2,2,2,9,7,1,10,14,4,5,0
75,88,0,26.5,0,0,3.5,1,7,0,1,7,0,7,0
76,88,0,42,0,5,4,5,12,1,2,6,3,3,1
77,88,1,6,0.3,0.3,0.8,0.7,1.8,0.3,0.4,0.7,0.4,0.3,0
79,88,1,7,0,0.4,0.6,1.2,1.3,0,1.6,1.2,0.5,0.2,0
82,88,1,3,0,0.1,0.3,0.5,0.6,0,0.7,0.5,0.2,0.1,0
96,88,1,4,0.3,0.2,0.3,0.8,0.5,0.2,0.5,0.6,0.3,0.3,0
98,88,1,5,0.4,0.3,0.4,0.9,0.6,0.2,0.6,0.8,0.4,0.4,0
99,88,1,5,0,0.3,0.4,0.5,1.2,0,0.9,0.9,0.4,0.4,0
102,88,1,9,0,0.5,0.8,1,2.1,0,1.5,1.5,0.8,0.8,0
106,88,1,2,0.1,0.3,0.1,0.2,0.5,0,0.2,0.3,0.1,0.2,0
107,88,1,9,0.4,1.2,0.4,1.1,2.3,0.2,1.1,1.3,0.3,0.7,0
112,88,1,3,0.1,0.2,0.2,0.2,1.1,0.1,0,0.8,0.3,0,0
113,88,1,4,0.1,0.3,0.3,0.3,1.4,0.1,0,1.1,0.4,0,0
118,88,1,2,0,0.1,0.2,0.6,0.4,0.1,0.4,0.1,0.1,0,0
122,88,1,4,0.1,0.3,0.2,0.6,0.4,0.1,1.6,0.1,0.3,0.3,0
10,89,0,61,1,2,9,3,14,0,16,12,1,3,0
11,89,0,120.5,1,13.5,8,14,25,3,18,16,8,14,0
13,89,1,8,0,0.8,1,0,1.5,0,1.9,1.6,0.2,1,0
14,89,1,5,0,0.3,0.4,0.3,1.3,0.1,0.9,1.4,0.2,0.1,0
15,89,1,4,0,0.3,0.3,0.2,1,0.1,0.7,1.1,0.2,0.1,0
38,89,1,1,0,0.1,0.1,0.1,0.2,0,0.2,0.2,0.1,0,0
39,89,1,2,0.1,0.1,0.1,0.3,0.3,0.1,0.4,0.4,0.1,0.1,0
40,89,1,16.5,0.5,0.9,1.2,2.9,2.2,0.4,3.7,3.1,0.7,0.9,0
41,89,1,2,0.1,0.1,0.1,0.3,0.3,0.1,0.4,0.4,0.1,0.1,0
42,89,1,4,0.1,0.2,0.3,0.7,0.5,0.1,0.9,0.8,0.2,0.2,0
46,89,1,4,0,0.2,0.2,0.4,1.2,0,0.8,0.8,0.2,0.2,0
48,89,1,6,0,0.4,0.4,0.6,1.7,0,1.3,1.1,0.2,0.3,0
52,89,1,2,0,0.1,0.1,0.2,0.6,0,0.4,0.4,0.1,0.1,0
54,89,1,2,0.2,0.2,0,0.4,0.3,0,0.2,0.4,0.2,0.1,0
57,89,1,5,0.5,0.4,0.1,0.9,0.7,0.1,0.5,1,0.5,0.3,0
58,89,1,2,0.2,0.2,0,0.4,0.3,0,0.2,0.4,0.2,0.1,0
60,89,1,12,0.2,1.7,0.5,1.7,2.1,0.4,1.5,1.3,2,0.6,0
61,89,0,49,0,5,3,6,14,2,5,10,2,2,0
62,89,0,45.5,0,3,5.5,9,13,0,7,4,3,1,0
63,89,0,81.5,5,9.5,6,19,14,1,6,15,5,1,0
64,89,1,18,1.2,1,0.2,2,3.6,0,2.8,3.6,1.2,2.4,0
65,89,0,46.5,1,2.5,3,8,13,1,3,10,2,3,0
66,89,0,187,2,9.5,7.5,26,30,1,30,36,9,36,0
67,89,0,191,10,19,19,36,45,2,19,22,8,11,0
68,89,0,342,9,24,40,76,73.5,2,40,48,11.5,17,1
69,89,0,281,12,23.5,32.5,54,64,8.5,34,23,15.5,14,0
70,89,0,368,15,38.5,32,69,83,7,38,52,11.5,22,0
71,89,0,186,3,12,10,28,28,0,29,44,2,30,0
72,89,0,203,9.5,16.5,17,39,34,4,27,32,8,16,0
73,89,0,76.5,3,6,5,14,12,3,5,12,4.5,10,2
75,89,1,2,0.1,0.1,0.3,0.2,0.6,0.1,0.2,0.2,0.1,0.1,0
76,89,1,17,1,1,2.2,1.9,5,0.7,1.2,1.9,1.1,1,0
77,89,1,8,0.4,0.5,1,0.9,2.4,0.3,0.6,0.9,0.5,0.5,0
78,89,1,4,0.2,0.2,0.5,0.4,1.2,0.2,0.3,0.5,0.3,0.2,0
79,89,1,2,0,0.1,0.2,0.3,0.4,0,0.5,0.3,0.1,0.1,0
84,89,1,7,0,0.6,0.6,0.3,3.4,0.3,0.9,0.6,0,0.3,0
102,89,1,4,0,0.2,0.3,0.4,1,0,0.7,0.7,0.3,0.4,0
104,89,1,2,0.1,0.3,0.1,0.2,0.5,0,0.2,0.3,0.1,0.2,0
106,89,1,5,0.2,0.7,0.2,0.6,1.3,0.1,0.6,0.7,0.2,0.4,0
118,89,1,3,0,0.2,0.2,0.9,0.6,0.1,0.7,0.1,0.2,0,0
9,90,0,38,3,3,2,15,8,2,2,0,3,0,0
10,90,0,41,2,4,2,5,6,1,7,8,0,6,0
11,90,0,89,1,16,8,8,27,1,12,5,4,7,0
12,90,0,100.5,5,6,11,16,22,5,16,9,4.5,6,0
13,90,0,42.5,2,1,2,11,6,1,6,8,1.5,4,0
14,90,1,31.5,0,2.3,2.3,1.7,8.1,0.6,5.8,8.7,1.4,0.6,0
23,90,1,2,0.2,0.2,0.1,0.3,0.3,0.1,0.3,0.3,0.1,0.1,0
42,90,1,2,0.1,0.1,0.1,0.3,0.3,0.1,0.4,0.4,0.1,0.1,0
46,90,1,1,0,0.1,0.1,0.1,0.3,0,0.2,0.2,0,0,0
48,90,1,2,0,0.1,0.1,0.2,0.6,0,0.4,0.4,0.1,0.1,0
49,90,1,1,0,0.1,0.1,0.1,0.3,0,0.2,0.2,0,0,0
55,90,1,9,0.9,0.7,0.1,1.7,1.3,0.1,0.9,1.8,0.9,0.6,0
56,90,1,4,0.4,0.3,0.1,0.7,0.6,0.1,0.4,0.8,0.4,0.2,0
57,90,1,2,0.2,0.2,0,0.4,0.3,0,0.2,0.4,0.2,0.1,0
58,90,1,7,0.7,0.6,0.1,1.3,1,0.1,0.7,1.4,0.7,0.4,0
59,90,1,10,0.2,1.4,0.5,1.4,1.7,0.3,1.2,1.1,1.7,0.5,0
60,90,1,12,0.2,1.7,0.5,1.7,2.1,0.4,1.5,1.3,2,0.6,0
61,90,1,7,0.1,1,0.3,1,1.2,0.2,0.9,0.8,1.2,0.3,0
62,90,0,104,1,15,9,15,29,1,18,9,5,1,1
63,90,0,86,5,8.5,6,18,15,4,16,2,8.5,3,0
64,90,0,296,23,23.5,26,134,50,11,1,2,25.5,0,0
65,90,0,103,1,5.5,5,13,20,2,11,26,3.5,16,0
66,90,0,118,9,15,7,27,12,6,7,16,10,9,0
67,90,0,201.5,3,16,19,48,39,1,22,28,10.5,15,0
68,90,0,384,10.5,25.5,46,88,100,3.5,42,41,15.5,11,1
69,90,0,295,7.5,20,30.5,64,60,6.5,42,36,4.5,24,0
70,90,0,270,3,15,20,35,64,6.5,23,51,14.5,37,1
71,90,0,161.5,6.5,10.5,12,25,39,4,18,25,11.5,9,1
72,90,0,166.5,9,14.5,12,29,33,3,23,21,13,8,1
73,90,0,69.5,0,3.5,2,2,12,1,10,21,3,15,0
74,90,0,73,5,6.5,2,15,9,2,9,12,4.5,8,0
75,90,1,4,0.2,0.2,0.5,0.4,1.2,0.2,0.3,0.5,0.3,0.2,0
76,90,1,5.5,0.3,0.3,0.7,0.6,1.7,0.2,0.4,0.6,0.4,0.3,0
81,90,1,5,0,0.3,0.4,0.9,0.9,0,1.1,0.9,0.3,0.2,0
83,90,0,81,4.5,10.5,8,31,15,2,3,0,7,0,0
84,90,1,4,0,0.3,0.3,0.2,1.9,0.2,0.5,0.4,0,0.2,0
96,90,1,9,0.7,0.5,0.7,1.7,1.1,0.4,1,1.4,0.7,0.8,0
97,90,1,4,0.3,0.2,0.3,0.8,0.5,0.2,0.5,0.6,0.3,0.3,0
102,90,1,2,0,0.1,0.2,0.2,0.5,0,0.3,0.3,0.2,0.2,0
104,90,1,4,0.2,0.5,0.2,0.5,1,0.1,0.5,0.6,0.1,0.3,0
8,91,1,4,0.1,0.2,0.4,0.3,0.9,0,0.4,0.9,0.2,0.6,0
9,91,0,46,9,6,2,12,5,0,6,2,3,1,0
10,91,0,31,1,1,0,6,5,0,6,6,4,2,0
11,91,0,67,2,7,8,10,20,3,9,3,4,1,0
12,91,0,104.5,7,14,6,17,20,3,12,7,10.5,8,0
13,91,0,47,0,5,3,8,12,2,3,6,4,4,0
14,91,1,17,1.7,1.3,0.7,2.4,2.7,0.7,2.7,3.1,0.7,1,0
40,91,1,5,0.1,0.4,0.3,0.6,1,0,1.2,1,0.3,0.1,0
43,91,1,3,0.1,0.2,0.2,0.4,0.6,0,0.7,0.6,0.1,0.1,0
45,91,1,7.5,0,1.3,0.4,1.2,1.8,0,0.3,1.5,0.3,0.7,0
46,91,1,8,0,1.4,0.5,1.2,1.9,0,0.3,1.6,0.3,0.8,0
47,91,1,2,0,0.3,0.1,0.3,0.5,0,0.1,0.4,0.1,0.2,0
49,91,1,3,0.1,0.2,0.4,0.3,1.2,0,0.1,0.4,0.1,0.2,0
50,91,1,4,0.1,0.3,0.5,0.4,1.6,0,0.2,0.5,0.2,0.2,0
52,91,1,3,0.1,0.2,0.4,0.3,1.2,0,0.1,0.4,0.1,0.2,0
53,91,1,1,0,0.1,0.1,0.1,0.4,0,0.1,0.1,0,0.1,0
54,91,1,4,0.2,0.3,0.2,0.7,0.9,0.1,0.6,0.5,0.2,0.3,0
59,91,1,2,0.1,0.3,0.1,0.2,0.2,0,0.2,0.5,0.1,0.3,0
61,91,1,5,0.2,0.7,0.2,0.6,0.6,0.1,0.5,1.2,0.3,0.6,0
62,91,0,90,2,16,7,6,24,0,9,15,5,6,0
63,91,0,275,26,27,16,63,35,17,27,25,29,10,0
64,91,0,332,22,53.5,28.5,52,75,12,22,23,28,16,0
65,91,0,58,4,2,1,10,4,3,3,8,4,19,0
66,91,1,19,0.5,1,3,1.5,4,0,2.5,2.5,1,3,0
67,91,0,87,4,3.5,6.5,9,18,0,14,21,3,8,0
68,91,0,212,7,17.5,18,29,42,4,27,34,10.5,23,0
69,91,0,157,4,9,11,24,31,3,23,34,3,15,0
70,91,0,147,6,18,5,19,29,5.5,20,23,5.5,15,1
71,91,0,136,7.5,19.5,10,26,20,4.5,9,14,10.5,14,1
72,91,0,207.5,12,13,17,33,36,7.5,19,30,16,24,0
73,91,0,69,4,2,4,10,9,0,9,16,2,13,0
74,91,0,113,9,7,2,20,23,2,26,14,5,5,0
75,91,1,13,0.4,1.5,1,1.5,2.9,0,2.2,2.1,0.5,0.9,0
76,91,1,6,0.2,0.7,0.5,0.7,1.3,0,1,1,0.2,0.4,0
77,91,1,4,0.1,0.5,0.3,0.5,0.9,0,0.7,0.6,0.1,0.3,0
78,91,1,9,0.3,1.1,0.7,1.1,2,0,1.5,1.4,0.3,0.6,0
96,91,1,10,0.7,0.5,0.8,1.9,1.3,0.5,1.1,1.5,0.8,0.9,0
101,91,1,5,0.4,0.3,0.4,0.9,0.6,0.2,0.6,0.8,0.4,0.4,0
102,91,1,7,0.5,0.4,0.5,1.3,0.9,0.4,0.8,1.1,0.5,0.6,0
103,91,1,4,0.3,0.2,0.3,0.8,0.5,0.2,0.5,0.6,0.3,0.3,0
111,91,1,2,0,0.2,0.2,0.3,0.6,0,0.1,0.5,0,0.1,0
121,91,1,5,0.1,0.4,0.2,0.8,0.6,0.1,2,0.1,0.3,0.4,0
8,92,1,5,0.1,0.3,0.5,0.3,1.1,0.1,0.5,1.1,0.3,0.7,0
9,92,1,7,0.1,0.4,0.8,0.4,1.6,0.1,0.7,1.5,0.4,1,0
10,92,1,2,0.1,0.1,0.2,0.1,0.5,0,0.2,0.4,0.1,0.3,0
11,92,1,7,0.1,0.4,0.8,0.4,1.6,0.1,0.7,1.5,0.4,1,0
12,92,0,88.5,10,4,3,20,21,4,6,8,7.5,5,0
13,92,1,11,0.2,0.6,1.2,0.7,2.5,0.1,1.1,2.4,0.6,1.6,0
42,92,1,7,0.2,0.5,0.4,0.9,1.4,0,1.6,1.4,0.4,0.2,0
46,92,1,4,0,0.7,0.2,0.6,0.9,0,0.2,0.8,0.2,0.4,0
47,92,1,7,0,1.2,0.4,1.1,1.6,0,0.3,1.4,0.3,0.7,0
50,92,1,2,0.1,0.1,0.3,0.2,0.8,0,0.1,0.2,0.1,0.1,0
52,92,1,3,0.1,0.2,0.4,0.3,1.2,0,0.1,0.4,0.1,0.2,0
53,92,1,2,0.1,0.1,0.3,0.2,0.8,0,0.1,0.2,0.1,0.1,0
57,92,1,2,0.1,0.2,0.1,0.3,0.5,0,0.3,0.3,0.1,0.1,0
59,92,1,1,0,0.2,0.1,0.1,0.1,0,0.1,0.2,0.1,0.1,0
60,92,1,12,0.5,1.7,0.5,1.6,1.4,0.2,1.1,2.8,0.6,1.6,0
61,92,1,9,0.3,1.3,0.4,1.2,1.1,0.1,0.8,2.1,0.5,1.2,0
62,92,1,9,0.3,1.3,0.4,1.2,1.1,0.1,0.8,2.1,0.5,1.2,0
63,92,0,60,1,5,8,3,11,0,11,11,6,4,0
64,92,0,174,13,22,11.5,24,30,7,12,23,18.5,13,0
65,92,0,38.5,1,7,2.5,6,8,0,6,4,2,2,0
66,92,1,19,0.5,1,3,1.5,4,0,2.5,2.5,1,3,0
67,92,0,158.5,1,8.5,13,37,20,1,19,43,2,14,0
68,92,0,51,3,4,2,7,7,1,8,13,1,5,0
69,92,0,316,19,22,11,49,58,7,39,71,21,19,0
70,92,0,78,3,10,7,10,19,2,7,6,9,5,0
71,92,0,164,11,24,16,29,33,5,12,13,16,5,0
72,92,0,147,4,10,8,32,22,6.5,23,23,14.5,4,0
73,92,0,113,6,13,7,11,24,0,20,14,9,9,0
74,92,0,89.5,7,11,6,11,15,3,12,14,5.5,5,0
75,92,0,43,1,1,4,4,5,1,10,9,4,4,0
76,92,1,10,0.3,1.2,0.8,1.2,2.2,0,1.7,1.6,0.4,0.6,0
79,92,1,3,0.1,0.2,0.2,0.2,0.4,0,0.4,1.1,0.2,0.2,0
80,92,1,2,0.1,0.1,0.1,0.1,0.3,0,0.3,0.7,0.1,0.2,0
81,92,1,4,0.1,0.3,0.2,0.3,0.6,0,0.6,1.4,0.2,0.3,0
84,92,1,2,0,0.1,0.1,0.4,0.4,0,0.3,0.3,0.1,0.3,0
93,92,1,1,0,0.1,0.1,0,0.5,0,0.1,0.1,0,0.1,0
99,92,1,1,0.1,0,0.1,0.2,0.1,0,0.1,0.2,0.1,0.1,0
102,92,1,2,0.1,0.1,0.2,0.4,0.3,0.1,0.2,0.3,0.1,0.2,0
104,92,1,4,0,0.5,0.4,0.6,1.1,0,0.2,0.9,0.1,0.2,0
106,92,1,5,0,0.6,0.5,0.8,1.4,0,0.2,1.2,0.1,0.2,0
108,92,1,5,0,0.6,0.5,0.8,1.4,0,0.2,1.2,0.1,0.2,0
109,92,1,2,0,0.2,0.2,0.3,0.6,0,0.1,0.5,0,0.1,0
110,92,1,4,0,0.5,0.4,0.6,1.1,0,0.2,0.9,0.1,0.2,0
113,92,1,2,0,0.2,0.2,0.3,0.6,0,0.1,0.5,0,0.1,0
124,92,1,2,0.1,0.1,0.1,0.4,0.5,0,0.4,0.2,0.1,0.1,0
8,93,1,4,0.1,0.2,0.4,0.3,0.9,0,0.4,0.9,0.2,0.6,0
9,93,1,5,0.1,0.3,0.5,0.3,1.1,0.1,0.5,1.1,0.3,0.7,0
11,93,1,6,0.1,0.3,0.7,0.4,1.4,0.1,0.6,1.3,0.3,0.8,0
12,93,1,7,0.1,0.4,0.8,0.4,1.6,0.1,0.7,1.5,0.4,1,0
45,93,1,3,0,0.5,0.2,0.5,0.7,0,0.1,0.6,0.1,0.3,0
46,93,1,4.5,0,0.8,0.3,0.7,1,0,0.2,0.9,0.2,0.4,0
50,93,1,3,0.1,0.2,0.4,0.3,1.2,0,0.1,0.4,0.1,0.2,0
51,93,1,2,0.1,0.1,0.3,0.2,0.8,0,0.1,0.2,0.1,0.1,0
55,93,1,2,0.1,0.2,0.1,0.3,0.5,0,0.3,0.3,0.1,0.1,0
56,93,1,8,0.4,0.6,0.4,1.4,1.8,0.2,1.3,1,0.4,0.5,0
57,93,1,2,0.1,0.2,0.1,0.3,0.5,0,0.3,0.3,0.1,0.1,0
58,93,1,18,0.8,1.4,0.8,3.1,4.1,0.4,2.9,2.3,1,1.2,0
59,93,1,5,0.2,0.7,0.2,0.6,0.6,0.1,0.5,1.2,0.3,0.6,0
60,93,1,2,0.1,0.3,0.1,0.2,0.2,0,0.2,0.5,0.1,0.3,0
61,93,1,2,0.1,0.3,0.1,0.2,0.2,0,0.2,0.5,0.1,0.3,0
62,93,0,67,4,9.5,8,5,22,1,5,8,2.5,2,0
63,93,0,39,1,2,4,2,11,0,6,8,1,4,0
64,93,0,41,1,0,1,5,7,0,7,10,0,10,0
65,93,0,93,1,11.5,14.5,11,23,0,10,16,3,3,0
66,93,0,88,5,7,5,17,21,3,10,7,5,8,0
67,93,0,76,3,16,6,11,14,4,7,6,5,4,0
68,93,0,128.5,9.5,8,4,54,17,5,6,13,9,3,0
69,93,0,135.5,6,13,15.5,30,22,4.5,19,12,8.5,5,0
70,93,0,291,15,35,18,42,50,12,37,48,21,11,2
71,93,0,30.5,2,1,4,4,7,1,8,3,0.5,0,0
72,93,0,110,5,12,17,10,27,2,16,10,9,2,0
73,93,0,28,0,1,2,4,4,0,5,10,2,0,0
74,93,0,31,1,3,5,1,11,1,2,1,2,4,0
75,93,0,102,4,8.5,9,18,26,3,19,7,5.5,2,0
76,93,1,2,0.1,0.2,0.2,0.2,0.5,0,0.3,0.3,0.1,0.1,0
77,93,1,3,0.1,0.3,0.2,0.4,0.7,0,0.5,0.5,0.1,0.2,0
78,93,1,8,0.2,0.9,0.7,0.9,1.8,0,1.4,1.3,0.3,0.5,0
80,93,1,11,0.3,0.8,0.6,0.8,1.6,0,1.6,4,0.5,0.8,0
81,93,1,6,0.2,0.4,0.3,0.4,0.9,0,0.9,2.2,0.3,0.4,0
85,93,1,2,0,0.1,0.1,0.4,0.4,0,0.3,0.3,0.1,0.3,0
86,93,1,5,0,0.3,0.3,1,1.1,0,0.8,0.6,0.2,0.7,0
87,93,1,5,0,0.3,0.3,1,1.1,0,0.8,0.6,0.2,0.7,0
96,93,1,4,0.3,0.2,0.3,0.8,0.5,0.2,0.5,0.6,0.3,0.3,0
106,93,1,1,0,0.1,0.1,0.2,0.3,0,0,0.2,0,0.1,0
108,93,1,2,0,0.2,0.2,0.3,0.6,0,0.1,0.5,0,0.1,0
109,93,1,4,0,0.5,0.4,0.6,1.1,0,0.2,0.9,0.1,0.2,0
111,93,1,5,0,0.6,0.5,0.8,1.4,0,0.2,1.2,0.1,0.2,0
122,93,1,7,0.1,0.5,0.3,1.1,0.8,0.2,2.8,0.2,0.5,0.5,0
124,93,1,2,0.1,0.1,0.1,0.4,0.5,0,0.4,0.2,0.1,0.1,0
9,94,1,9,0.2,0.5,1,0.6,2,0.1,0.9,1.9,0.5,1.3,0
10,94,1,3,0.1,0.2,0.3,0.2,0.7,0,0.3,0.6,0.2,0.4,0
11,94,1,1,0,0.1,0.1,0.1,0.2,0,0.1,0.2,0.1,0.1,0
14,94,1,3,0.3,0.2,0.1,0.4,0.5,0.1,0.5,0.6,0.1,0.2,0
41,94,1,2,0,0.2,0.1,0.3,0.4,0,0.5,0.4,0.1,0,0
46,94,1,5,0,0.9,0.3,0.8,1.1,0,0.2,1,0.2,0.5,0
48,94,1,5,0,0.9,0.3,0.8,1.1,0,0.2,1,0.2,0.5,0
52,94,1,4,0.1,0.3,0.5,0.4,1.6,0,0.2,0.5,0.2,0.2,0
54,94,1,6,0.3,0.5,0.3,1,1.4,0.1,1,0.7,0.3,0.4,0
55,94,1,10,0.4,0.8,0.5,1.7,2.3,0.2,1.6,1.2,0.6,0.7,0
56,94,1,3,0.1,0.2,0.1,0.5,0.7,0.1,0.5,0.4,0.2,0.2,0
58,94,1,2,0.1,0.2,0.1,0.3,0.5,0,0.3,0.3,0.1,0.1,0
60,94,1,4,0.2,0.6,0.2,0.5,0.5,0,0.4,0.9,0.2,0.5,0
61,94,1,2,0.1,0.3,0.1,0.2,0.2,0,0.2,0.5,0.1,0.3,0
62,94,0,67,5,7,8,12,16,1,13,2,3,0,0
63,94,0,53,2,6,7,5,16,1,7,5,4,0,0
64,94,0,62.5,0,4.5,10,0,21,0,16,8,1,2,0
65,94,0,98.5,5,6.5,10,14,19,2,11,18,8,5,0
66,94,0,70,2,3,4,14,9,1,7,18,3,9,0
67,94,0,61,3,7,6,7,12,3,7,7,2,7,0
68,94,0,86.5,4,11,5,12,21,1,10,7,9,5,1.5
69,94,0,299,23,32,14,57,40,12,40,47,26,8,0
70,94,0,43,1,4,5,12,5,0,9,5,2,0,0
71,94,1,15,0.5,0.5,0,1,1.5,0,3.5,4.5,0.5,3,0
72,94,1,3,0.1,0.1,0,0.2,0.3,0,0.7,0.9,0.1,0.6,0
75,94,0,64,4.5,7,5,11,16,2,5,4,7.5,2,0
76,94,1,28,0.8,3.3,2.3,3.3,6.2,0,4.7,4.5,1,1.9,0
77,94,1,6,0.2,0.7,0.5,0.7,1.3,0,1,1,0.2,0.4,0
78,94,1,3,0.1,0.3,0.2,0.4,0.7,0,0.5,0.5,0.1,0.2,0
80,94,1,2,0.1,0.1,0.1,0.1,0.3,0,0.3,0.7,0.1,0.2,0
81,94,1,7,0.2,0.5,0.4,0.5,1,0,1,2.6,0.3,0.5,0
85,94,1,3,0,0.2,0.2,0.6,0.6,0,0.5,0.4,0.1,0.4,0
86,94,1,5,0,0.3,0.3,1,1.1,0,0.8,0.6,0.2,0.7,0
87,94,1,3,0,0.2,0.2,0.6,0.6,0,0.5,0.4,0.1,0.4,0
88,94,1,4,0,0.3,0.3,0.8,0.9,0,0.6,0.5,0.1,0.5,0
93,94,1,2,0,0.2,0.2,0.1,0.9,0.1,0.2,0.2,0,0.1,0
102,94,1,2,0.1,0.1,0.2,0.4,0.3,0.1,0.2,0.3,0.1,0.2,0
110,94,1,4,0,0.5,0.4,0.6,1.1,0,0.2,0.9,0.1,0.2,0
112,94,1,3,0,0.4,0.3,0.5,0.8,0,0.1,0.7,0.1,0.1,0
123,94,1,6,0.1,0.4,0.3,1,0.7,0.1,2.4,0.2,0.4,0.4,0
124,94,1,3,0.1,0.1,0.1,0.6,0.9,0,0.7,0.3,0.1,0.1,0
125,94,1,8,0.3,0.3,0.3,1.7,2.3,0,1.7,0.8,0.3,0.3,0
126,94,1,1,0,0,0.1,0.2,0.3,0,0.2,0.1,0,0.1,0
127,94,1,5,0.2,0.2,0.2,1,1.4,0,1.1,0.5,0.2,0.2,0
8,95,1,9,0.2,0.5,1,0.6,2,0.1,0.9,1.9,0.5,1.3,0
9,95,1,1,0,0.1,0.1,0.1,0.2,0,0.1,0.2,0.1,0.1,0
10,95,1,5,0.1,0.3,0.5,0.3,1.1,0.1,0.5,1.1,0.3,0.7,0
11,95,1,6,0.1,0.3,0.7,0.4,1.4,0.1,0.6,1.3,0.3,0.8,0
14,95,1,6,0.6,0.5,0.2,0.8,1,0.2,1,1.1,0.2,0.4,0
15,95,1,1,0.1,0.1,0,0.1,0.2,0,0.2,0.2,0,0.1,0
18,95,1,2,0.2,0.2,0.1,0.3,0.3,0.1,0.3,0.3,0.1,0.1,0
46,95,1,5,0,0.9,0.3,0.8,1.1,0,0.2,1,0.2,0.5,0
49,95,1,3,0.1,0.2,0.4,0.3,1.2,0,0.1,0.4,0.1,0.2,0
50,95,1,5,0.1,0.4,0.7,0.5,2,0,0.2,0.6,0.2,0.3,0
52,95,1,7,0.2,0.5,1,0.7,2.8,0,0.3,0.8,0.3,0.4,0
54,95,1,6,0.3,0.5,0.3,1,1.4,0.1,1,0.7,0.3,0.4,0
55,95,1,5,0.2,0.4,0.2,0.9,1.1,0.1,0.8,0.6,0.3,0.4,0
57,95,1,9,0.4,0.7,0.4,1.6,2.1,0.2,1.4,1.1,0.5,0.6,0
58,95,1,11,0.5,0.9,0.5,1.9,2.5,0.2,1.7,1.4,0.6,0.8,0
59,95,1,2,0.1,0.3,0.1,0.2,0.2,0,0.2,0.5,0.1,0.3,0
60,95,1,2,0.1,0.3,0.1,0.2,0.2,0,0.2,0.5,0.1,0.3,0
61,95,1,7,0.3,1,0.3,0.9,0.8,0.1,0.6,1.7,0.4,0.9,0
63,95,1,12,0.5,1.7,0.5,1.6,1.4,0.2,1.1,2.8,0.6,1.6,0
64,95,0,57,0,12,9,4,17,1,4,7,3,0,0
65,95,0,151.5,6,17.5,15,24,34,3,21,12,13,6,0
66,95,0,119,1,5,4,31,22,2,10,27,6,11,0
67,95,0,331.5,40,41.5,16,72.5,59,8,39,24,27.5,4,0
68,95,0,468,38,45,25,92,76,22,61,62,34,13,0
69,95,0,136,9,15,6,22,26,6,17,18,15,2,0
70,95,1,4,0.1,0.1,0,0.3,0.4,0,1,1.2,0.1,0.8,0
71,95,1,8,0.2,0.3,0,0.5,0.8,0,1.9,2.4,0.3,1.6,0
75,95,1,14,0.4,1.6,1.1,1.7,3.1,0,2.4,2.3,0.5,0.9,0
76,95,1,23,0.7,2.7,1.9,2.7,5.1,0,3.9,3.7,0.8,1.5,0
77,95,1,3,0.1,0.3,0.2,0.4,0.7,0,0.5,0.5,0.1,0.2,0
78,95,1,4,0.1,0.5,0.3,0.5,0.9,0,0.7,0.6,0.1,0.3,0
79,95,1,4,0.1,0.3,0.2,0.3,0.6,0,0.6,1.4,0.2,0.3,0
80,95,1,2,0.1,0.1,0.1,0.1,0.3,0,0.3,0.7,0.1,0.2,0
86,95,1,2,0,0.1,0.1,0.4,0.4,0,0.3,0.3,0.1,0.3,0
91,95,1,4,0,0.3,0.3,0.2,1.9,0.2,0.5,0.4,0,0.2,0
93,95,1,2,0,0.2,0.2,0.1,0.9,0.1,0.2,0.2,0,0.1,0
94,95,1,5,0.4,0.3,0.4,0.9,0.6,0.2,0.6,0.8,0.4,0.4,0
95,95,1,6,0.4,0.3,0.5,1.1,0.8,0.3,0.7,0.9,0.5,0.5,0
102,95,1,6,0.4,0.3,0.5,1.1,0.8,0.3,0.7,0.9,0.5,0.5,0
121,95,1,2,0.1,0.1,0.1,0.3,0.2,0.1,0.8,0.1,0.1,0.1,0
125,95,1,7,0.2,0.2,0.3,1.5,2,0,1.5,0.8,0.2,0.3,0
7,96,1,1,0,0.1,0.1,0.1,0.2,0,0.1,0.2,0.1,0.1,0
8,96,1,8,0.1,0.6,0.5,0.8,1.8,0.3,0.8,1.6,0.4,1.1,0
9,96,1,14.5,0.4,0.7,1.1,2.2,2.2,0,3.7,2.2,1.3,0.7,0
18,96,1,5,0,0.4,0,0.7,0.8,0,0.8,1,0.4,0.9,0
44,96,1,1,0,0,0,0.3,0.2,0,0.2,0.3,0,0,0
45,96,1,2,0,0,0.1,0.5,0.4,0,0.3,0.6,0,0.1,0
50,96,1,2,0.1,0.2,0.1,0.3,0.4,0,0.3,0.4,0.1,0.1,0
52,96,1,2,0.1,0.2,0.1,0.3,0.4,0,0.3,0.4,0.1,0.1,0
54,96,1,5,0.1,0.8,0.3,0.8,1,0.3,0.3,0.4,0.4,0.6,0
55,96,1,2,0,0.3,0.1,0.3,0.4,0.1,0.1,0.2,0.2,0.3,0
56,96,1,5,0.1,0.8,0.3,0.8,1,0.3,0.3,0.4,0.4,0.6,0
57,96,1,9,0.2,1.4,0.5,1.4,1.8,0.5,0.5,0.8,0.8,1.1,0
59,96,1,3,0.1,0.3,0.2,0.6,0.8,0.1,0.6,0.2,0,0.1,0
60,96,1,6,0.2,0.6,0.4,1.1,1.6,0.2,1.1,0.4,0.1,0.3,0
62,96,1,2,0.1,0.2,0.1,0.4,0.5,0.1,0.4,0.1,0,0.1,0
63,96,1,11,0.3,1.2,0.7,2,2.9,0.3,2,0.9,0.2,0.5,0
64,96,0,36,1,6,4,4,9,2,5,1,1,3,0
65,96,0,90,7,9,6,18,16,2,14,8,9,1,0
66,96,0,83.5,4,11.5,5,16,15,3,9,11,6,2,1
67,96,0,300,24,43,28,56,54,11,18,30,27,8,1
68,96,0,209,15,23,13,37,30,9,25,22,25,10,0
69,96,0,514.5,50,35,41,92,69,19,78,75,38.5,17,0
70,96,1,18,0.7,1.5,1.3,1.7,3.3,0.4,1.8,5.9,0.7,0.7,0
71,96,1,8,0.3,0.7,0.6,0.8,1.4,0.2,0.8,2.6,0.3,0.3,0
72,96,1,8,0.3,0.7,0.6,0.8,1.4,0.2,0.8,2.6,0.3,0.3,0
75,96,1,4,0.1,0.5,0.3,0.3,0.9,0,0.7,0.7,0.1,0.4,0
76,96,1,8,0.1,0.9,0.7,0.7,1.8,0,1.4,1.4,0.3,0.7,0
77,96,1,5,0,0.6,0.4,0.4,1.1,0,0.9,0.9,0.2,0.5,0
78,96,1,4,0.1,0.5,0.3,0.3,0.9,0,0.7,0.7,0.1,0.4,0
79,96,1,1,0,0.1,0.1,0.1,0.2,0,0.2,0.1,0,0.2,0
81,96,1,2,0,0.2,0.1,0.1,0.4,0,0.5,0.2,0.1,0.4,0
82,96,1,2,0,0.2,0.1,0.1,0.4,0,0.5,0.2,0.1,0.4,0
83,96,1,1,0,0.1,0.1,0.1,0.2,0,0.2,0.1,0,0.2,0
84,96,1,1,0,0,0.1,0.3,0.3,0,0.1,0.1,0.1,0,0
93,96,1,2,0.1,0.2,0.2,0.4,0.3,0.1,0.3,0.3,0.1,0,0
94,96,1,3,0.1,0.1,0.1,0.5,0.6,0,0.6,0.6,0.2,0.2,0
95,96,1,1,0,0,0,0.2,0.2,0,0.2,0.2,0.1,0.1,0
103,96,1,5,0.2,0.2,0.2,0.8,1,0,1,1,0.3,0.3,0
108,96,1,4,0.1,0.3,0.3,0.6,1.2,0,0.6,0.7,0,0.2,0
109,96,1,1,0,0.1,0.1,0.1,0.3,0,0.2,0.2,0,0,0
113,96,1,3,0.1,0.3,0.3,0.4,0.9,0,0.4,0.5,0,0.1,0
117,96,1,3,0.2,0.3,0.3,0.4,0.6,0,0.4,0.4,0.1,0.3,0
119,96,1,1,0,0.1,0,0.2,0.2,0,0.1,0.2,0.1,0.1,0
120,96,1,3,0.1,0.2,0.1,0.6,0.5,0,0.4,0.5,0.3,0.3,0
121,96,1,7,0.3,0.4,0.3,1.3,1.1,0.1,1,1.2,0.6,0.7,0
122,96,1,12,0.5,0.7,0.5,2.2,1.9,0.2,1.8,2,1.1,1.1,0
123,96,1,3,0.1,0.2,0.1,0.6,0.5,0,0.4,0.5,0.3,0.3,0
124,96,1,4,0.2,0.3,0.3,0.3,0.8,0.1,0.7,0.7,0.2,0.4,0
125,96,1,7,0.3,0.4,0.6,0.6,1.4,0.1,1.2,1.3,0.3,0.8,0
126,96,1,5,0.2,0.3,0.4,0.4,1,0.1,0.9,0.9,0.2,0.6,0
7,97,1,5,0.1,0.4,0.3,0.5,1.1,0.2,0.5,1,0.2,0.7,0
8,97,1,10,0.2,0.7,0.6,1,2.2,0.4,1,2.1,0.5,1.3,0
16,97,1,2,0,0.2,0,0.3,0.3,0,0.3,0.4,0.1,0.4,0
17,97,1,10,0,0.7,0,1.5,1.6,0,1.7,2,0.7,1.8,0
18,97,1,3,0,0.2,0,0.4,0.5,0,0.5,0.6,0.2,0.6,0
42,97,1,4,0.3,0.3,0.2,1.6,0.7,0,0.3,0.3,0.3,0,0
47,97,1,5,0.1,0,0.1,1.3,1,0.1,0.8,1.4,0,0.2,0
48,97,1,4,0.1,0,0.1,1,0.8,0.1,0.6,1.2,0,0.1,0
50,97,1,3,0.1,0.3,0.2,0.4,0.6,0.1,0.4,0.6,0.1,0.2,0
53,97,1,2,0.1,0.2,0.1,0.3,0.4,0,0.3,0.4,0.1,0.1,0
62,97,1,11,0.3,1.2,0.7,2,2.9,0.3,2,0.9,0.2,0.5,0
63,97,1,3,0.1,0.3,0.2,0.6,0.8,0.1,0.6,0.2,0,0.1,0
64,97,0,57,4,6,2,23,8,2,3,0,9,0,0
65,97,0,40,3,7,0,14,7,2,2,0,5,0,0
66,97,0,414.5,17.5,42,29,85,78,15,43,43,37,25,0
67,97,0,154.5,11,17.5,9,40,31,6,10,15,9,6,0
68,97,0,118,3,18.5,12,14,23,8.5,9,12,13,4,1
69,97,1,1,0,0.1,0.1,0.1,0.2,0,0.1,0.3,0,0.1,0
70,97,1,9,0.3,0.8,0.7,0.9,1.6,0.2,0.9,3,0.3,0.3,0
71,97,1,2,0.1,0.2,0.1,0.2,0.4,0,0.2,0.6,0.1,0.1,0
72,97,1,3,0.1,0.3,0.2,0.3,0.5,0.1,0.3,1,0.1,0.1,0
76,97,1,4,0.1,0.5,0.3,0.3,0.9,0,0.7,0.7,0.1,0.4,0
77,97,1,2,0,0.2,0.2,0.2,0.4,0,0.3,0.4,0.1,0.2,0
78,97,1,9.5,0.1,1.1,0.8,0.8,2.1,0,1.7,1.7,0.3,0.9,0
79,97,1,3,0,0.3,0.2,0.2,0.6,0.1,0.7,0.3,0.1,0.5,0
80,97,1,5,0.1,0.5,0.3,0.3,1,0.1,1.1,0.6,0.1,0.9,0
81,97,1,5,0.1,0.5,0.3,0.3,1,0.1,1.1,0.6,0.1,0.9,0
82,97,1,4,0.1,0.4,0.2,0.3,0.8,0.1,0.9,0.4,0.1,0.7,0
85,97,1,6,0.2,0.2,0.3,1.5,1.5,0.1,0.7,0.6,0.6,0.2,0.1
86,97,1,3,0.1,0.1,0.1,0.8,0.8,0,0.4,0.3,0.3,0.1,0
87,97,1,6.5,0.2,0.3,0.3,1.7,1.7,0.1,0.7,0.6,0.6,0.2,0.1
89,97,1,5,0.3,0.5,0.4,0.9,0.9,0.2,0.9,0.7,0.2,0,0
91,97,1,2,0.1,0.2,0.2,0.4,0.3,0.1,0.3,0.3,0.1,0,0
93,97,1,8,0.5,0.9,0.6,1.5,1.4,0.2,1.4,1.2,0.2,0.1,0
94,97,1,1,0,0,0,0.2,0.2,0,0.2,0.2,0.1,0.1,0
98,97,1,3,0.1,0.1,0.1,0.5,0.6,0,0.6,0.6,0.2,0.2,0
102,97,1,5,0.2,0.2,0.2,0.8,1,0,1,1,0.3,0.3,0
104,97,1,2,0,0.2,0.2,0.3,0.6,0,0.3,0.3,0,0.1,0
109,97,1,3,0.1,0.3,0.3,0.4,0.9,0,0.4,0.5,0,0.1,0
113,97,1,1,0,0.1,0.1,0.1,0.3,0,0.2,0.2,0,0,0
121,97,1,2,0.1,0.1,0.1,0.4,0.3,0,0.3,0.3,0.2,0.2,0
122,97,1,4,0.1,0.2,0.2,0.7,0.6,0.1,0.6,0.7,0.4,0.4,0
123,97,1,8,0.3,0.5,0.3,1.5,1.3,0.2,1.2,1.3,0.7,0.7,0
124,97,1,3,0.1,0.2,0.3,0.3,0.6,0,0.5,0.6,0.1,0.3,0
125,97,1,12,0.6,0.7,1,1,2.5,0.2,2.1,2.2,0.4,1.3,0
126,97,0,28.5,1,1.5,3,5,8,1,1,5,1,2,0
127,97,1,9,0.4,0.6,0.8,0.8,1.9,0.1,1.5,1.6,0.3,1,0
3,98,1,5,0,0.5,0.5,0.5,1.2,0.1,1.5,0.3,0.4,0,0
7,98,1,7,0.1,0.5,0.4,0.7,1.6,0.3,0.7,1.5,0.3,0.9,0
8,98,1,10,0.2,0.7,0.6,1,2.2,0.4,1,2.1,0.5,1.3,0
10,98,1,2,0,0.1,0.2,0.3,0.3,0,0.5,0.3,0.2,0.1,0
15,98,1,2,0,0.2,0,0.3,0.3,0,0.3,0.4,0.1,0.4,0
16,98,1,1,0,0.1,0,0.1,0.1,0,0.2,0.2,0.1,0.2,0
17,98,1,15,0,1.1,0,2.2,2.4,0,2.5,3,1.1,2.7,0
18,98,1,4,0,0.3,0,0.6,0.6,0,0.7,0.8,0.3,0.7,0
46,98,1,2,0,0,0.1,0.5,0.4,0,0.3,0.6,0,0.1,0
50,98,1,8,0.4,0.8,0.5,1.1,1.5,0.2,1.1,1.6,0.2,0.6,0
51,98,1,2,0.1,0.2,0.1,0.3,0.4,0,0.3,0.4,0.1,0.1,0
52,98,1,3,0.1,0.3,0.2,0.4,0.6,0.1,0.4,0.6,0.1,0.2,0
62,98,1,5,0.2,0.5,0.3,0.9,1.3,0.2,0.9,0.4,0.1,0.2,0
63,98,1,5,0.2,0.5,0.3,0.9,1.3,0.2,0.9,0.4,0.1,0.2,0
64,98,1,11,0.7,1.5,0,1.9,1.9,0,0.8,3,0.4,0.8,0
65,98,0,34,1,3,0,3,9,1,6,3,3,5,0
66,98,0,318,43,36.5,33.5,77,51,14.5,20,11,23.5,8,0
67,98,0,178.5,19,20,13,48,24,8.5,14,11,18,2,1
72,98,0,30.5,2,1,2,9,3,1,9,2,1.5,0,0
73,98,1,10,0.4,0.8,0.7,1,1.8,0.2,1,3.3,0.4,0.4,0
74,98,1,7,0.1,0.8,0.6,0.6,1.6,0,1.2,1.2,0.2,0.7,0
75,98,1,12,0.1,1.4,1,1,2.7,0.1,2.1,2.1,0.4,1.1,0
77,98,1,5,0,0.6,0.4,0.4,1.1,0,0.9,0.9,0.2,0.5,0
78,98,1,2,0,0.2,0.2,0.2,0.4,0,0.3,0.4,0.1,0.2,0
79,98,1,4,0.1,0.4,0.2,0.3,0.8,0.1,0.9,0.4,0.1,0.7,0
80,98,1,7,0.1,0.8,0.4,0.5,1.4,0.1,1.6,0.8,0.1,1.2,0
81,98,1,1,0,0.1,0.1,0.1,0.2,0,0.2,0.1,0,0.2,0
85,98,1,15,0.4,0.7,0.7,3.9,3.9,0.2,1.7,1.5,1.4,0.4,0.2
86,98,1,2,0.1,0.1,0.1,0.5,0.5,0,0.2,0.2,0.2,0.1,0
87,98,1,3,0.1,0.1,0.1,0.8,0.8,0,0.4,0.3,0.3,0.1,0
89,98,1,15,0.9,1.7,1.2,2.7,2.6,0.5,2.6,2.2,0.5,0.1,0
90,98,1,19,1.1,2.1,1.5,3.5,3.3,0.6,3.3,2.9,0.6,0.1,0
91,98,1,10,0.6,1.1,0.8,1.8,1.7,0.3,1.8,1.5,0.3,0.1,0
92,98,1,6,0.4,0.7,0.5,1.1,1,0.2,1,0.9,0.2,0,0
93,98,1,2,0.1,0.2,0.2,0.4,0.3,0.1,0.3,0.3,0.1,0,0
94,98,1,4,0.2,0.2,0.2,0.6,0.8,0,0.8,0.8,0.2,0.2,0
95,98,1,6,0.2,0.3,0.2,1,1.2,0.1,1.2,1.1,0.3,0.4,0
96,98,1,5,0.2,0.2,0.2,0.8,1,0,1,1,0.3,0.3,0
97,98,1,12,0.5,0.6,0.5,1.9,2.4,0.1,2.4,2.3,0.6,0.7,0
98,98,1,8.5,0.3,0.4,0.4,1.4,1.7,0.1,1.7,1.6,0.4,0.5,0
103,98,1,3,0.1,0.1,0.1,0.5,0.6,0,0.6,0.6,0.2,0.2,0
104,98,1,2,0,0.2,0.2,0.3,0.6,0,0.3,0.3,0,0.1,0
106,98,1,2,0,0.2,0.2,0.3,0.6,0,0.3,0.3,0,0.1,0
124,98,1,8,0.4,0.5,0.7,0.7,1.6,0.1,1.4,1.4,0.3,0.9,0
125,98,1,8,0.4,0.5,0.7,0.7,1.6,0.1,1.4,1.4,0.3,0.9,0
126,98,0,50.5,2,7.5,2,13,12,0,3,2,6,3,0
127,98,0,59,2,6,4,8,9,1,10,11,1,7,0
4,99,1,2,0,0.2,0.1,0.2,0.4,0.1,0.2,0.4,0.1,0.3,0
6,99,1,3,0.1,0.2,0.2,0.3,0.7,0.1,0.3,0.6,0.1,0.4,0
7,99,1,4,0.1,0.3,0.2,0.4,0.9,0.2,0.4,0.8,0.2,0.5,0
8,99,1,3,0.1,0.2,0.2,0.3,0.7,0.1,0.3,0.6,0.1,0.4,0
9,99,1,1,0,0,0.1,0.1,0.2,0,0.3,0.2,0.1,0,0
15,99,1,2,0,0.2,0,0.3,0.3,0,0.3,0.4,0.1,0.4,0
16,99,1,1,0,0.1,0,0.1,0.1,0,0.2,0.2,0.1,0.2,0
18,99,0,28,2,2,2,7,4,0,3,6,1,1,0
19,99,0,80.5,3,3,2,22,13,4,11,8,8.5,6,0
20,99,1,10,0,0.6,1.2,2.1,2.2,0,1.5,1.8,0,0.6,0
21,99,1,3,0,0.2,0.4,0.6,0.6,0,0.5,0.5,0,0.2,0
43,99,1,3,0.2,0.2,0.1,1.2,0.5,0,0.3,0.3,0.2,0,0
49,99,1,4,0.2,0.4,0.3,0.5,0.8,0.1,0.5,0.8,0.1,0.3,0
51,99,1,4,0.2,0.4,0.3,0.5,0.8,0.1,0.5,0.8,0.1,0.3,0
52,99,1,5,0.2,0.5,0.3,0.7,1,0.1,0.7,1,0.1,0.4,0
53,99,1,3,0.1,0.3,0.2,0.4,0.6,0.1,0.4,0.6,0.1,0.2,0
54,99,1,1,0,0.2,0,0.2,0.2,0,0.1,0.1,0.1,0.1,0
58,99,1,3,0,0.5,0.1,0.5,0.6,0.1,0.2,0.3,0.3,0.4,0
60,99,1,3,0.1,0.3,0.2,0.6,0.8,0.1,0.6,0.2,0,0.1,0
61,99,1,4,0.1,0.4,0.3,0.7,1.1,0.1,0.7,0.3,0.1,0.2,0
62,99,1,6,0.2,0.6,0.4,1.1,1.6,0.2,1.1,0.4,0.1,0.3,0
64,99,1,3,0.2,0.4,0,0.5,0.5,0,0.2,0.9,0.1,0.2,0
65,99,0,78,4,6,11,11,17,1,10,11,5,2,0
66,99,0,335,25,25,23,57,55,13,43,60,24,10,0
67,99,1,5,0.3,0.7,0,0.9,0.9,0,0.3,1.4,0.2,0.3,0
69,99,1,2,0.1,0.2,0.1,0.2,0.4,0,0.2,0.6,0.1,0.1,0
71,99,1,16,0.6,1.4,1.2,1.5,2.9,0.4,1.5,5.3,0.6,0.6,0
73,99,1,5,0.2,0.4,0.4,0.5,0.9,0.1,0.5,1.6,0.2,0.2,0
76,99,1,1,0,0.1,0.1,0.1,0.2,0,0.2,0.2,0,0.1,0
80,99,1,8,0.1,0.9,0.5,0.5,1.6,0.1,1.8,0.9,0.2,1.4,0
81,99,1,2,0,0.2,0.1,0.1,0.4,0,0.5,0.2,0.1,0.4,0
86,99,1,17,0.5,0.7,0.7,4.4,4.4,0.2,2,1.7,1.6,0.5,0.3
87,99,1,12,0.3,0.5,0.5,3.1,3.1,0.2,1.4,1.2,1.1,0.4,0.2
89,99,1,10,0.6,1.1,0.8,1.8,1.7,0.3,1.8,1.5,0.3,0.1,0
90,99,1,9.5,0.6,1,0.7,1.7,1.7,0.3,1.7,1.4,0.3,0.1,0
92,99,0,49,3,7,0,10,12,1,5,5,5,1,0
93,99,1,18,1.1,2,1.4,3.3,3.1,0.6,3.1,2.7,0.6,0.1,0
94,99,1,9,0.4,0.4,0.4,1.4,1.8,0.1,1.8,1.7,0.5,0.5,0
95,99,1,4,0.2,0.2,0.2,0.6,0.8,0,0.8,0.8,0.2,0.2,0
96,99,1,11,0.4,0.5,0.4,1.8,2.2,0.1,2.2,2.1,0.6,0.7,0
97,99,1,10,0.4,0.5,0.4,1.6,2,0.1,2,1.9,0.5,0.6,0
104,99,1,5,0.1,0.4,0.4,0.7,1.5,0,0.8,0.9,0,0.2,0
105,99,1,2,0,0.2,0.2,0.3,0.6,0,0.3,0.3,0,0.1,0
106,99,1,1,0,0.1,0.1,0.1,0.3,0,0.2,0.2,0,0,0
108,99,1,1,0,0.1,0.1,0.1,0.3,0,0.2,0.2,0,0,0
111,99,1,2,0,0.2,0.2,0.3,0.6,0,0.3,0.3,0,0.1,0
114,99,1,8,0.6,0.8,0.7,1,1.5,0,1.2,1.2,0.4,0.6,0
115,99,1,2,0.1,0.2,0.2,0.2,0.4,0,0.3,0.3,0.1,0.2,0
120,99,1,3,0.1,0.2,0.1,0.6,0.5,0,0.4,0.5,0.3,0.3,0
122,99,1,1,0,0.1,0,0.2,0.2,0,0.1,0.2,0.1,0.1,0
123,99,1,2,0.1,0.1,0.1,0.4,0.3,0,0.3,0.3,0.2,0.2,0
124,99,1,6,0.3,0.4,0.5,0.5,1.2,0.1,1,1.1,0.2,0.7,0
125,99,1,15,0.7,0.9,1.3,1.3,3.1,0.2,2.6,2.7,0.6,1.6,0
126,99,0,63,1,13,6,10,19,1,3,3,4,3,0
127,99,0,66.5,0,5.5,2,10,14,4,6,13,2,10,0
0,100,1,16,0,1.7,1.7,1.7,3.8,0.4,4.6,0.8,1.3,0,0
1,100,1,2,0,0.2,0.2,0.2,0.5,0,0.6,0.1,0.2,0,0
3,100,1,2,0,0.2,0.2,0.2,0.5,0,0.6,0.1,0.2,0,0
5,100,1,11,0.2,0.8,0.6,1.1,2.4,0.5,1.1,2.3,0.5,1.5,0
6,100,1,2,0,0.2,0.1,0.2,0.4,0.1,0.2,0.4,0.1,0.3,0
7,100,1,2,0,0.2,0.1,0.2,0.4,0.1,0.2,0.4,0.1,0.3,0
16,100,1,2,0,0.2,0,0.3,0.3,0,0.3,0.4,0.1,0.4,0
17,100,1,8,0,0.6,0,1.2,1.3,0,1.3,1.6,0.6,1.4,0
18,100,0,28,0,3,3,4,8,1,3,4,1,1,0
19,100,0,143.5,8,7,10,29,30,1.5,14,24,7,13,0
20,100,0,38,1,3,0,12,8,0,6,5,2,1,0
21,100,1,20,0,1.2,2.4,4.3,4.3,0,3,3.6,0,1.2,0
40,100,1,2,0.1,0.2,0.1,0.8,0.3,0,0.2,0.2,0.1,0,0
47,100,1,4,0.1,0,0.1,1,0.8,0.1,0.6,1.2,0,0.1,0
50,100,1,2,0.1,0.2,0.1,0.3,0.4,0,0.3,0.4,0.1,0.1,0
51,100,1,16,0.7,1.6,0.9,2.1,3.1,0.5,2.1,3.3,0.5,1.2,0
52,100,1,8,0.4,0.8,0.5,1.1,1.5,0.2,1.1,1.6,0.2,0.6,0
53,100,1,4,0.2,0.4,0.3,0.5,0.8,0.1,0.5,0.8,0.1,0.3,0
55,100,1,3,0,0.5,0.1,0.5,0.6,0.1,0.2,0.3,0.3,0.4,0
59,100,1,3,0.1,0.3,0.2,0.6,0.8,0.1,0.6,0.2,0,0.1,0
61,100,1,1,0,0.1,0.1,0.2,0.3,0,0.2,0.1,0,0,0
63,100,1,2,0.1,0.2,0.1,0.4,0.5,0.1,0.4,0.1,0,0.1,0
64,100,1,2,0.1,0.3,0,0.3,0.4,0,0.1,0.6,0.1,0.1,0
65,100,0,35,2,6,4,3,10,0,4,4,1,1,0
66,100,1,6,0.4,0.8,0,1,1.1,0,0.4,1.7,0.2,0.4,0
68,100,1,2,0.1,0.3,0,0.3,0.4,0,0.1,0.6,0.1,0.1,0
74,100,1,3,0,0.4,0.2,0.3,0.7,0,0.5,0.5,0.1,0.3,0
75,100,1,12,0.1,1.4,1,1,2.7,0.1,2.1,2.1,0.4,1.1,0
76,100,1,4,0.1,0.5,0.3,0.3,0.9,0,0.7,0.7,0.1,0.4,0
77,100,1,2,0,0.2,0.2,0.2,0.4,0,0.3,0.4,0.1,0.2,0
78,100,1,1,0,0.1,0.1,0.1,0.2,0,0.2,0.2,0,0.1,0
79,100,1,5,0.1,0.5,0.3,0.3,1,0.1,1.1,0.6,0.1,0.9,0
80,100,1,1,0,0.1,0.1,0.1,0.2,0,0.2,0.1,0,0.2,0
81,100,1,6,0.1,0.7,0.4,0.4,1.1,0.1,1.3,0.7,0.1,1.1,0
82,100,1,5,0.1,0.5,0.3,0.3,1,0.1,1.1,0.6,0.1,0.9,0
85,100,1,4,0.1,0.2,0.2,1,1,0,0.5,0.4,0.4,0.1,0.1
91,100,1,11,0.7,1.2,0.9,2,1.9,0.3,1.9,1.7,0.3,0.1,0
92,100,1,9,0.5,1,0.7,1.6,1.6,0.3,1.6,1.3,0.3,0.1,0
93,100,0,44,3,5,2,8,6,1,7,6,4,2,0
94,100,0,82,7,2,4,17,13,2,17,10,4,6,0
95,100,0,31,0,2,1,5,6,1,5,5,2,4,0
96,100,0,99,2,11,13,11,25,0,19,5,7,6,0
98,100,1,4,0.2,0.2,0.2,0.6,0.8,0,0.8,0.8,0.2,0.2,0
99,100,1,4,0.2,0.2,0.2,0.6,0.8,0,0.8,0.8,0.2,0.2,0
100,100,1,1,0,0,0,0.2,0.2,0,0.2,0.2,0.1,0.1,0
105,100,1,2,0,0.2,0.2,0.3,0.6,0,0.3,0.3,0,0.1,0
113,100,1,1,0,0.1,0.1,0.1,0.3,0,0.2,0.2,0,0,0
115,100,1,3,0.2,0.3,0.3,0.4,0.6,0,0.4,0.4,0.1,0.3,0
119,100,1,4,0.1,0.2,0.2,0.7,0.6,0.1,0.6,0.7,0.4,0.4,0
120,100,1,7,0.3,0.4,0.3,1.3,1.1,0.1,1,1.2,0.6,0.7,0
121,100,1,2,0.1,0.1,0.1,0.4,0.3,0,0.3,0.3,0.2,0.2,0
122,100,1,23,0.9,1.3,0.9,4.3,3.7,0.4,3.4,3.9,2.1,2.1,0
123,100,1,25,0.9,1.4,0.9,4.7,4,0.5,3.8,4.2,2.3,2.3,0
124,100,1,3,0.1,0.2,0.3,0.3,0.6,0,0.5,0.6,0.1,0.3,0
125,100,0,30,4,5,0,7,4,1,5,3,1,0,0
126,100,0,29,1,1,1,4,4,0,1,14,0,3,0
127,100,0,68,5,5,4,10,12,2,10,10,5,5,0
0,101,1,25,0.7,1.2,2.3,2.7,5.8,0.9,4.2,4.5,0.9,1.8,0
1,101,1,5,0.1,0.2,0.5,0.5,1.2,0.2,0.8,0.9,0.2,0.4,0
3,101,1,23,0.6,1.1,2.1,2.5,5.4,0.8,3.8,4.2,0.9,1.6,0
4,101,1,9,0.8,0.9,0.9,1.3,1.1,0.3,1.2,1.3,0.6,0.6,0
5,101,1,13,1.1,1.3,1.3,2,1.6,0.4,1.8,1.8,0.8,0.9,0
8,101,1,2,0.2,0.2,0.2,0.3,0.2,0.1,0.3,0.3,0.1,0.1,0
16,101,1,2,0.1,0.1,0.1,0.4,0.4,0,0.4,0.3,0.1,0.1,0
17,101,1,2,0.1,0.1,0.1,0.4,0.4,0,0.4,0.3,0.1,0.1,0
18,101,1,13,0.4,0.8,0.7,2.4,2.4,0,2.8,2,0.7,0.8,0
19,101,1,20,0.8,2.4,1.2,3.3,4.1,0,2.9,2.9,1.6,0.8,0
20,101,1,17,0.7,2.1,1,2.8,3.5,0,2.4,2.4,1.4,0.7,0
43,101,1,5,0.4,0.4,0.2,2,0.8,0,0.4,0.4,0.4,0,0
48,101,1,8,0.2,0,0.2,2.1,1.6,0.2,1.2,2.3,0,0.2,0
51,101,1,1,0,0.1,0.2,0.1,0.3,0,0.2,0.1,0,0,0
52,101,1,2,0,0.2,0.4,0.1,0.6,0,0.3,0.3,0,0.1,0
59,101,1,2,0,0,0.3,0.2,0.5,0,0.4,0.5,0,0.1,0
63,101,1,4,0,0.1,0.5,0.4,0.9,0,0.8,1.1,0.1,0.1,0
64,101,1,6,0.2,0.5,0.6,0.7,1.1,0,1,0.8,0.4,0.7,0
65,101,1,4,0.1,0.3,0.4,0.5,0.7,0,0.7,0.5,0.3,0.5,0
73,101,1,3,0.1,0.2,0.3,0.4,0.5,0,0.5,0.4,0.2,0.4,0
75,101,1,2,0,0.2,0.1,0.3,0.6,0.1,0.1,0.4,0.1,0.1,0
76,101,1,2,0,0.2,0.1,0.3,0.6,0.1,0.1,0.4,0.1,0.1,0
77,101,1,18,0.3,2,0.9,2.6,4.9,0.3,1.2,3.8,1.1,0.9,0
78,101,1,3,0.1,0.3,0.1,0.4,0.8,0.1,0.2,0.6,0.2,0.2,0
79,101,1,9,0.2,0.6,0.3,1,1.2,0,2,2,0.4,1.3,0
81,101,1,9.5,0.2,0.6,0.4,1,1.3,0,2.1,2.1,0.4,1.4,0
82,101,1,4,0.1,0.2,0.2,0.4,0.5,0,0.9,0.9,0.2,0.6,0
83,101,1,2,0.1,0.1,0.1,0.2,0.3,0,0.4,0.4,0.1,0.3,0
84,101,1,1,0.1,0.1,0.1,0.1,0.2,0,0.1,0.2,0,0.1,0
85,101,1,4,0.3,0.2,0.6,0.4,0.8,0.1,0.5,0.7,0,0.4,0
86,101,1,4,0.3,0.2,0.6,0.4,0.8,0.1,0.5,0.7,0,0.4,0
87,101,1,7.5,0.5,0.5,1.1,0.7,1.6,0.2,0.9,1.3,0,0.7,0
91,101,0,48,0,10,5,8,13,0,7,1,3,1,0
92,101,0,93.5,8,1,4,23,9,3.5,15,23,5,2,0
93,101,0,50,1,6,2,2,17,1,8,6,5,2,0
94,101,0,88.5,5,8,8,19,16,0,15,12,5.5,0,0
95,101,0,131,6,14,8,29,20,4,10,21,13,6,0
96,101,0,72.5,1,6.5,5.5,11,17,4,10,10,3.5,4,0
97,101,0,30,0,4,0,6,5,2,4,3,4,2,0
98,101,1,22,0.5,3.3,1.4,2.5,5.8,0.5,2.2,2.2,2.8,0.8,0
99,101,1,8,0.2,0.9,0.6,0.7,2.2,0.1,1.2,1.1,0.4,0.6,0
100,101,1,25,0.6,2.9,1.9,2.1,7,0.3,3.7,3.4,1.2,1.9,0
101,101,1,8,0.2,0.9,0.6,0.7,2.2,0.1,1.2,1.1,0.4,0.6,0
102,101,1,3,0.1,0.4,0.2,0.3,0.8,0,0.5,0.4,0.1,0.2,0
103,101,1,7,0.2,0.8,0.5,0.6,2,0.1,1,1,0.3,0.5,0
104,101,1,4,0.2,0.3,0.3,0.4,0.6,0.1,0.5,1,0.3,0.3,0
106,101,1,11,0.5,1,0.7,1.2,1.7,0.3,1.5,2.7,0.7,0.7,0
121,101,1,6,0.4,0.6,0.5,0.8,1.1,0,0.9,0.9,0.3,0.5,0
123,101,1,6,0.4,0.6,0.5,0.8,1.1,0,0.9,0.9,0.3,0.5,0
124,101,1,1,0.1,0.1,0,0.1,0.2,0,0.2,0.2,0,0.1,0
126,101,0,28,0,5,0,4,7,1,4,4,2,1,0
127,101,0,42,2,3,2,11,10,1,7,3,2,1,0
0,102,0,32,0,0,4,2,9,0,5,9,1,2,0
1,102,1,11,0.3,0.5,1,1.2,2.6,0.4,1.8,2,0.4,0.8,0
3,102,1,17.5,0.5,0.8,1.6,1.9,4.1,0.6,2.9,3.2,0.7,1.2,0
4,102,0,70,6,4,5,15,15,6.5,2,7,9.5,0,0
5,102,1,2.5,0.2,0.3,0.2,0.4,0.3,0.1,0.3,0.3,0.2,0.2,0
8,102,1,1,0.1,0.1,0.1,0.2,0.1,0,0.1,0.1,0.1,0.1,0
10,102,1,4,0.1,0.2,0.3,0.6,0.6,0,1,0.6,0.4,0.2,0
16,102,1,17,0.4,1.1,0.9,3.2,3.2,0,3.6,2.6,0.9,1.1,0
17,102,0,71,6,6,5,7,12,1,17,5,4,8,0
18,102,0,69.5,3.5,6,3,11,14,3,12,15,1,1,0
19,102,0,69,2,4,12,6,15,2,16,5,4,3,0
47,102,1,2,0,0,0.1,0.5,0.4,0,0.3,0.6,0,0.1,0
51,102,1,11,0,0.9,2.2,0.7,3.3,0,1.8,1.3,0.2,0.6,0
52,102,1,6,0,0.5,1.2,0.4,1.8,0,1,0.7,0.1,0.3,0
61,102,1,2,0,0,0.3,0.2,0.5,0,0.4,0.5,0,0.1,0
62,102,1,3,0,0.1,0.4,0.3,0.7,0,0.6,0.8,0,0.1,0
65,102,1,3,0.1,0.2,0.3,0.4,0.5,0,0.5,0.4,0.2,0.4,0
66,102,1,9,0.3,0.7,0.9,1,1.6,0.1,1.5,1.2,0.6,1.1,0
68,102,1,1,0,0.1,0.1,0.1,0.2,0,0.2,0.1,0.1,0.1,0
69,102,1,1,0,0.1,0.1,0.1,0.2,0,0.2,0.1,0.1,0.1,0
72,102,1,3,0.1,0.2,0.3,0.4,0.5,0,0.5,0.4,0.2,0.4,0
73,102,1,4,0.1,0.3,0.4,0.5,0.7,0,0.7,0.5,0.3,0.5,0
74,102,1,3,0.1,0.3,0.1,0.4,0.8,0.1,0.2,0.6,0.2,0.2,0
75,102,1,7,0.1,0.8,0.3,1,1.9,0.1,0.5,1.5,0.5,0.3,0
76,102,1,10,0.2,1.1,0.5,1.5,2.7,0.2,0.6,2.1,0.6,0.5,0
78,102,1,9,0.1,1,0.4,1.3,2.5,0.2,0.6,1.9,0.6,0.4,0
79,102,1,2,0.1,0.1,0.1,0.2,0.3,0,0.4,0.4,0.1,0.3,0
80,102,1,5,0.1,0.3,0.2,0.6,0.7,0,1.1,1.1,0.2,0.7,0
88,102,1,3,0.2,0.2,0.4,0.3,0.6,0.1,0.4,0.5,0,0.3,0
89,102,1,1,0.1,0.1,0.1,0.2,0.3,0,0.1,0,0.1,0,0
91,102,1,19,1.2,2.1,2.6,3.6,5.7,0.4,1,0.7,1.2,0.5,0
92,102,0,115,8,17,6,20,24,4,8,12,8,8,0
93,102,0,95,3.5,7.5,6,21,22,5.5,9,6,9.5,5,0
94,102,0,62.5,2,6,3,14,11,3,9,7,3.5,4,0
95,102,0,93,6,9,4,20,12,5,13,9,8,7,0
96,102,0,108.5,5,11,6,26,13,4,14,13,12.5,4,0
97,102,1,22,0.5,3.3,1.4,2.5,5.8,0.5,2.2,2.2,2.8,0.8,0
98,102,0,33,0,5,4,0,10,0,4,7,1,2,0
99,102,0,32,0,2,2,3,8,0,10,1,3,3,0
100,102,0,32,1,3.5,3,7,7,2,0,5,1.5,2,0
101,102,1,5,0.1,0.6,0.4,0.4,1.4,0.1,0.7,0.7,0.2,0.4,0
102,102,1,3,0.1,0.4,0.2,0.3,0.8,0,0.5,0.4,0.1,0.2,0
103,102,1,9,0.2,1.1,0.7,0.8,2.5,0.1,1.3,1.2,0.4,0.7,0
104,102,1,1,0,0.1,0.1,0.1,0.2,0,0.1,0.2,0.1,0.1,0
105,102,1,6,0.3,0.5,0.4,0.7,0.9,0.1,0.8,1.5,0.4,0.4,0
116,102,1,1,0.1,0.1,0.1,0.1,0.2,0,0.1,0.2,0,0.1,0
121,102,1,5,0.4,0.5,0.5,0.7,0.9,0,0.7,0.7,0.2,0.4,0
122,102,1,8,0.6,0.8,0.7,1,1.5,0,1.2,1.2,0.4,0.6,0
126,102,0,29,0,4,0,10,7,1,3,1,1,2,0
127,102,1,8,0.5,0.7,0.2,0.8,1.9,0.3,1.2,1.7,0.2,0.5,0
0,103,1,22,0.6,1.1,2,2.3,5.1,0.8,3.7,4,0.8,1.6,0
1,103,1,11,0.3,0.5,1,1.2,2.6,0.4,1.8,2,0.4,0.8,0
2,103,1,2,0,0.1,0.2,0.2,0.5,0.1,0.3,0.4,0.1,0.1,0
3,103,1,20.5,0.6,1,1.9,2.2,4.8,0.7,3.4,3.7,0.8,1.4,0
4,103,1,37,3.2,3.8,3.6,5.6,4.4,1.2,5.2,5.2,2.4,2.4,0
5,103,1,3,0.3,0.3,0.3,0.4,0.4,0.1,0.4,0.4,0.2,0.2,0
8,103,1,2,0.2,0.2,0.2,0.3,0.2,0.1,0.3,0.3,0.1,0.1,0
14,103,1,5,0.1,0.3,0.3,0.9,0.9,0,1.1,0.8,0.3,0.3,0
15,103,1,22,0.6,1.4,1.2,4.1,4.1,0,4.7,3.3,1.2,1.4,0
16,103,0,34.5,0,1,0.5,5,4,0,6,7,0,11,0
17,103,1,18,0.5,1.1,1,3.4,3.4,0,3.8,2.7,1,1.1,0
19,103,1,12,0.5,1.5,0.7,2,2.4,0,1.7,1.7,1,0.5,0
35,103,1,3,0.2,0.2,0.1,1.2,0.5,0,0.3,0.3,0.2,0,0
38,103,1,5,0.4,0.4,0.2,2,0.8,0,0.4,0.4,0.4,0,0
47,103,1,3,0.1,0,0.1,0.8,0.6,0.1,0.4,0.8,0,0.1,0
51,103,1,9,0,0.7,1.8,0.6,2.7,0,1.5,1.1,0.1,0.5,0
52,103,1,5,0,0.4,1,0.3,1.5,0,0.8,0.6,0.1,0.3,0
53,103,1,9,0,0.7,1.8,0.6,2.7,0,1.5,1.1,0.1,0.5,0
58,103,1,4,0.1,0.6,0.2,0.6,0.8,0.2,0.2,0.4,0.4,0.5,0
59,103,1,4,0,0.1,0.5,0.4,0.9,0,0.8,1.1,0.1,0.1,0
61,103,1,2,0,0,0.3,0.2,0.5,0,0.4,0.5,0,0.1,0
62,103,1,2,0,0,0.3,0.2,0.5,0,0.4,0.5,0,0.1,0
63,103,1,6,0,0.1,0.8,0.6,1.4,0,1.2,1.6,0.1,0.2,0
64,103,1,18,0.7,1.5,1.8,2.1,3.2,0.2,2.9,2.4,1.1,2.1,0
66,103,1,5,0.2,0.4,0.5,0.6,0.9,0,0.8,0.7,0.3,0.6,0
67,103,1,5,0.2,0.4,0.5,0.6,0.9,0,0.8,0.7,0.3,0.6,0
68,103,1,1,0,0.1,0.1,0.1,0.2,0,0.2,0.1,0.1,0.1,0
76,103,1,4,0.1,0.4,0.2,0.6,1.1,0.1,0.3,0.8,0.2,0.2,0
77,103,1,4,0.1,0.4,0.2,0.6,1.1,0.1,0.3,0.8,0.2,0.2,0
80,103,1,16,0.4,1,0.6,1.8,2.2,0,3.5,3.5,0.7,2.3,0
81,103,1,8,0.2,0.5,0.3,0.9,1.1,0,1.7,1.8,0.3,1.2,0
82,103,1,4,0.1,0.2,0.2,0.4,0.5,0,0.9,0.9,0.2,0.6,0
83,103,1,2,0.1,0.1,0.1,0.2,0.3,0,0.4,0.4,0.1,0.3,0
84,103,1,6,0.4,0.4,0.9,0.6,1.3,0.1,0.7,1,0,0.6,0
86,103,1,2,0.2,0.1,0.3,0.2,0.4,0.1,0.2,0.3,0,0.2,0
90,103,1,18,1.1,2,2.5,3.4,5.4,0.3,1,0.7,1.1,0.5,0
92,103,1,6,0.4,0.7,0.8,1.1,1.8,0.1,0.3,0.2,0.4,0.2,0
93,103,1,7,0.4,0.8,1,1.3,2.1,0.1,0.4,0.3,0.4,0.2,0
94,103,1,20,0.5,3,1.2,2.2,5.3,0.5,2,2,2.5,0.8,0
95,103,0,96.5,7,5,6,28,15,3,11,13,3.5,4,1
96,103,0,174.5,4.5,14,9,37,47,3,16,24,10,10,0
97,103,0,55,2,5.5,3.5,7,9,1,13,5,4,5,0
98,103,1,16,0.4,2.4,1,1.8,4.2,0.4,1.6,1.6,2,0.6,0
99,103,0,46,0,1,4,2,13,0,10,13,3,0,0
100,103,1,29,0.7,3.4,2.2,2.4,8.1,0.3,4.3,4,1.4,2.2,0
102,103,1,13,0.3,1.5,1,1.1,3.6,0.2,1.9,1.8,0.6,1,0
103,103,1,2,0,0.2,0.1,0.2,0.6,0,0.3,0.3,0.1,0.2,0
104,103,1,1,0,0.1,0.1,0.1,0.2,0,0.1,0.2,0.1,0.1,0
106,103,1,4,0.2,0.3,0.3,0.4,0.6,0.1,0.5,1,0.3,0.3,0
118,103,1,3,0.2,0.3,0.3,0.4,0.6,0,0.4,0.4,0.1,0.3,0
119,103,1,4,0.3,0.4,0.4,0.5,0.7,0,0.6,0.6,0.2,0.3,0
120,103,1,7,0.5,0.7,0.7,0.9,1.3,0,1,1,0.3,0.6,0
121,103,1,2,0.1,0.2,0.2,0.2,0.4,0,0.3,0.3,0.1,0.2,0
122,103,1,6,0.4,0.6,0.5,0.8,1.1,0,0.9,0.9,0.3,0.5,0
123,103,1,1,0.1,0.1,0.1,0.1,0.2,0,0.1,0.2,0,0.1,0
124,103,1,2,0.1,0.2,0.1,0.2,0.5,0.1,0.3,0.4,0,0.1,0
126,103,1,7,0.4,0.6,0.2,0.7,1.7,0.3,1,1.5,0.2,0.4,0
127,103,1,4,0.2,0.3,0.1,0.4,1,0.2,0.6,0.8,0.1,0.3,0
0,104,1,13,0.4,0.6,1.2,1.4,3,0.4,2.2,2.4,0.5,0.9,0
1,104,1,1,0,0.1,0.1,0.1,0.2,0,0.2,0.2,0,0.1,0
2,104,1,7,0.2,0.3,0.6,0.7,1.6,0.3,1.2,1.3,0.3,0.5,0
3,104,0,32,1,3,1,6,9,0,4,6,1,1,0
4,104,0,56.5,4,5,8,15,6,2,6,2,6.5,2,0
5,104,1,4,0.3,0.4,0.4,0.6,0.5,0.1,0.6,0.6,0.2,0.3,0
6,104,1,4,0.3,0.4,0.4,0.6,0.5,0.1,0.6,0.6,0.2,0.3,0
9,104,1,3,0.1,0.1,0.2,0.4,0.5,0,0.8,0.5,0.3,0.1,0
12,104,1,1,0,0,0.1,0.1,0.2,0,0.3,0.2,0.1,0,0
14,104,1,8,0.2,0.5,0.5,1.5,1.5,0,1.7,1.2,0.4,0.5,0
15,104,0,54,0,9,4,5,16,0,6,10,1,3,0
16,104,0,45,1,2,0,6,10,2,12,6,2,4,0
47,104,1,8,0.2,0,0.2,2.1,1.6,0.2,1.2,2.3,0,0.2,0
51,104,1,17,0,1.4,3.4,1.1,5.1,0,2.8,2.1,0.2,0.9,0
57,104,1,5,0.1,0.8,0.3,0.8,1,0.3,0.3,0.4,0.4,0.6,0
59,104,1,2,0,0,0.3,0.2,0.5,0,0.4,0.5,0,0.1,0
60,104,1,10,0,0.2,1.3,1,2.3,0,1.9,2.7,0.2,0.4,0
61,104,1,2,0,0,0.3,0.2,0.5,0,0.4,0.5,0,0.1,0
62,104,1,8,0,0.2,1.1,0.8,1.8,0,1.5,2.2,0.1,0.3,0
64,104,1,2,0.1,0.2,0.2,0.2,0.4,0,0.3,0.3,0.1,0.2,0
67,104,1,6,0.2,0.5,0.6,0.7,1.1,0,1,0.8,0.4,0.7,0
68,104,1,6,0.2,0.5,0.6,0.7,1.1,0,1,0.8,0.4,0.7,0
69,104,1,7,0.3,0.6,0.7,0.8,1.3,0.1,1.1,0.9,0.4,0.8,0
80,104,1,7,0.2,0.4,0.3,0.8,0.9,0,1.5,1.6,0.3,1,0
81,104,1,1,0,0.1,0,0.1,0.1,0,0.2,0.2,0.1,0.2,0
88,104,1,3,0.2,0.2,0.4,0.3,0.6,0.1,0.4,0.5,0,0.3,0
89,104,1,14.5,0.9,1.6,2,2.8,4.3,0.3,0.8,0.5,0.9,0.4,0
91,104,1,4,0.3,0.4,0.5,0.8,1.2,0.1,0.2,0.1,0.3,0.1,0
92,104,1,8,0.5,0.9,1.1,1.5,2.4,0.2,0.4,0.3,0.5,0.2,0
93,104,0,73.5,3,11,5,13,16,4,9,5,7.5,0,0
94,104,0,30.5,1,1,1.5,10,11,0,1,4,1,0,0
95,104,0,55,1,7,1,7,13,0,9,11,1,5,0
96,104,0,73,2,8.5,0,10,12,2,8,12,7.5,11,0
97,104,0,53,6,3,3,7,6,2,14,10,0,2,0
98,104,0,58,3,4,10,9,11,0,12,6,1,2,0
99,104,0,49,2,1,5,7,9,4,8,5,3,5,0
100,104,0,71,6,3.5,0,16,15,1,12,10,6.5,1,0
101,104,1,25,0.6,2.9,1.9,2.1,7,0.3,3.7,3.4,1.2,1.9,0
102,104,1,10,0.2,1.1,0.8,0.8,2.8,0.1,1.5,1.4,0.5,0.8,0
103,104,1,8,0.2,0.9,0.6,0.7,2.2,0.1,1.2,1.1,0.4,0.6,0
104,104,1,5,0.2,0.5,0.3,0.6,0.8,0.1,0.7,1.2,0.3,0.3,0
105,104,1,8,0.4,0.7,0.5,0.9,1.2,0.2,1.1,2,0.5,0.5,0
117,104,1,1,0.1,0.1,0.1,0.1,0.2,0,0.1,0.2,0,0.1,0
119,104,1,2,0.1,0.2,0.2,0.2,0.4,0,0.3,0.3,0.1,0.2,0
120,104,1,6,0.4,0.6,0.5,0.8,1.1,0,0.9,0.9,0.3,0.5,0
121,104,1,15,1.1,1.5,1.4,1.9,2.8,0,2.2,2.2,0.7,1.2,0
122,104,1,10,0.7,1,0.9,1.3,1.8,0,1.5,1.5,0.5,0.8,0
123,104,1,3,0.2,0.3,0.3,0.4,0.6,0,0.4,0.4,0.1,0.3,0
124,104,1,3,0.2,0.3,0.1,0.3,0.7,0.1,0.4,0.6,0.1,0.2,0
125,104,1,8.5,0.5,0.7,0.3,0.8,2.1,0.3,1.3,1.8,0.2,0.5,0
127,104,1,8,0.5,0.7,0.2,0.8,1.9,0.3,1.2,1.7,0.2,0.5,0
0,105,0,35,2,6,4,4,6,0,5,7,1,0,0
1,105,0,33,0,2,1,2,7,0,9,6,1,5,0
2,105,0,47,0,4,7,5,7,1,15,3,2,3,0
4,105,1,3,0.3,0.3,0.3,0.4,0.4,0.1,0.4,0.4,0.2,0.2,0
5,105,1,4,0.3,0.4,0.4,0.6,0.5,0.1,0.6,0.6,0.2,0.3,0
6,105,1,2,0.2,0.2,0.2,0.3,0.2,0.1,0.3,0.3,0.1,0.1,0
8,105,1,6,0.5,0.6,0.6,0.9,0.7,0.2,0.8,0.9,0.4,0.4,0
10,105,1,2,0,0.1,0.2,0.3,0.3,0,0.5,0.3,0.2,0.1,0
11,105,1,5,0.1,0.2,0.4,0.8,0.8,0,1.3,0.8,0.4,0.2,0
13,105,1,7,0.2,0.3,0.5,1.1,1.1,0,1.8,1.1,0.6,0.3,0
14,105,1,9,0.2,0.5,0.5,1.7,1.7,0,1.9,1.4,0.5,0.6,0
15,105,0,24,0,0,2,0,3,0,5,12,0,2,0
16,105,1,16,0.4,1,0.9,3,3,0,3.4,2.4,0.9,1,0
50,105,1,7,0,0.6,1.4,0.5,2.1,0,1.1,0.8,0.1,0.4,0
51,105,1,7,0,0.6,1.4,0.5,2.1,0,1.1,0.8,0.1,0.4,0
55,105,1,9,0.2,1.4,0.5,1.4,1.8,0.5,0.5,0.8,0.8,1.1,0
56,105,1,8,0.2,1.3,0.4,1.3,1.6,0.4,0.4,0.7,0.7,1,0
57,105,1,2,0,0.3,0.1,0.3,0.4,0.1,0.1,0.2,0.2,0.3,0
60,105,1,5,0,0.1,0.7,0.5,1.1,0,1,1.3,0.1,0.2,0
64,105,1,8,0.3,0.7,0.8,0.9,1.4,0.1,1.3,1.1,0.5,0.9,0
66,105,1,6,0.2,0.5,0.6,0.7,1.1,0,1,0.8,0.4,0.7,0
67,105,1,4,0.1,0.3,0.4,0.5,0.7,0,0.7,0.5,0.3,0.5,0
69,105,1,7,0.3,0.6,0.7,0.8,1.3,0.1,1.1,0.9,0.4,0.8,0
70,105,1,2,0.1,0.2,0.2,0.2,0.4,0,0.3,0.3,0.1,0.2,0
80,105,1,9,0.2,0.6,0.3,1,1.2,0,2,2,0.4,1.3,0
81,105,1,3,0.1,0.2,0.1,0.3,0.4,0,0.7,0.7,0.1,0.4,0
85,105,1,9,0.6,0.5,1.3,0.9,2,0.2,1.1,1.5,0,0.9,0
87,105,1,2,0.2,0.1,0.3,0.2,0.4,0.1,0.2,0.3,0,0.2,0
89,105,1,6,0.4,0.7,0.8,1.1,1.8,0.1,0.3,0.2,0.4,0.2,0
90,105,1,26.5,1.7,2.9,3.6,5.1,7.9,0.5,1.4,1,1.7,0.7,0
91,105,0,43,0,7,4,8,11,0,5,2,4,2,0
92,105,0,221.5,13,22,13,56,45,5,26,13,24.5,2,2
93,105,0,92.5,5,7.5,9,15,22,1,17,7,7,2,0
94,105,0,89,6,12,4,18,24,2,8,4,7,4,0
95,105,0,65,2,5.5,5,12,20,3,5,5,5.5,2,0
96,105,0,37,1,4,1,7,10,0,7,3,3,1,0
97,105,0,94,1,12,7,13,25,2,16,11,5,2,0
98,105,0,62,1,7,4,6,17,2,6,8,10,1,0
99,105,0,42.5,1,8,6,3,14,1,2,3,4.5,0,0
100,105,1,7,0.2,0.8,0.5,0.6,2,0.1,1,1,0.3,0.5,0
101,105,1,6.5,0.2,0.7,0.5,0.5,1.8,0.1,1,0.9,0.3,0.5,0
106,105,1,5,0.2,0.5,0.3,0.6,0.8,0.1,0.7,1.2,0.3,0.3,0
119,105,1,5,0.4,0.5,0.5,0.7,0.9,0,0.7,0.7,0.2,0.4,0
122,105,1,2,0.1,0.2,0.2,0.2,0.4,0,0.3,0.3,0.1,0.2,0
125,105,1,4,0.2,0.3,0.1,0.4,1,0.2,0.6,0.8,0.1,0.3,0
0,106,1,3,0.1,0.4,0.1,0.5,0.7,0.1,0.4,0.3,0.3,0.1,0
1,106,1,25,0.6,3.2,1,3.9,5.8,0.7,3.6,2.9,2.6,0.7,0
10,106,1,4,0,0.4,0.1,0.5,1.1,0.1,0.6,0.8,0.2,0.2,0
38,106,1,4,0.1,0.7,0.3,0.7,1,0.1,0.3,0.2,0.3,0.3,0
39,106,1,3,0.1,0.5,0.2,0.5,0.7,0.1,0.3,0.2,0.2,0.2,0
47,106,1,2,0.1,0.3,0.1,0.1,0.5,0.1,0.2,0.4,0.1,0.1,0
53,106,1,6.5,0.2,0.6,0.6,0.8,1.2,0.1,1.2,1.3,0.2,0.3,0
54,106,1,14,0.3,1.2,1.4,2.4,3.8,0.4,1.5,1.4,1.1,0.5,0
55,106,1,24,0.6,2,2.5,4.1,6.4,0.6,2.6,2.3,2,0.9,0
56,106,1,21,0.5,1.7,2.2,3.6,5.6,0.5,2.3,2.1,1.7,0.8,0
57,106,1,7,0.2,0.6,0.7,1.2,1.9,0.2,0.7,0.7,0.6,0.2,0
58,106,1,8,0.2,0.7,0.8,1.4,2.1,0.2,0.9,0.8,0.6,0.3,0
63,106,1,5,0.5,0.2,0.4,1.3,0.7,0.2,0.7,0.5,0.1,0.4,0
66,106,1,5,0,0.3,0.6,0.4,1.1,0,1,1.4,0.1,0.1,0
67,106,1,9,0,0.6,1,0.6,2.1,0,1.8,2.5,0.2,0.2,0
69,106,1,7,0.4,0.8,0,0.8,2.1,0,1.2,1.5,0,0.2,0
70,106,1,2,0.1,0.2,0,0.2,0.6,0,0.4,0.4,0,0.1,0
71,106,1,5,0.3,0.6,0,0.6,1.5,0,0.9,1,0,0.1,0
73,106,1,2,0.1,0.2,0,0.2,0.6,0,0.4,0.4,0,0.1,0
83,106,1,13,0.6,0.9,1.1,1.8,2.7,0.5,1.8,2.1,0.6,0.9,0
84,106,1,2,0,0,0.2,0.2,0.5,0.1,0.3,0.4,0.2,0.1,0
85,106,1,2,0,0,0.2,0.2,0.5,0.1,0.3,0.4,0.2,0.1,0
88,106,1,3,0,0.1,0.4,0.3,0.7,0.2,0.4,0.5,0.2,0.2,0
90,106,1,4,0.2,0.6,0.3,0.7,1,0,0.5,0.3,0.3,0.1,0
92,106,0,49,5,3,6,14,6,2,1,9,1,2,0
93,106,0,35,2,1,3,9,7,2,7,3,1,0,0
94,106,0,111,5,19,7,15,34,1,12,7,10,1,0
95,106,0,90.5,2.5,16,9,13,23,1,8,10,7,1,0
96,106,0,64,0,3,6,11,13,2,15,8,4,2,0
97,106,0,73.5,1,6,8,10,16,2,9,14,3.5,4,0
98,106,0,39.5,3.5,3.5,2,11,8,1,4,3,2.5,1,0
100,106,1,16,1,0.8,1,3.3,2.5,0,3.9,1.9,0.4,1.2,0
101,106,1,5,0.3,0.3,0.3,1,0.8,0,1.2,0.6,0.1,0.4,0
102,106,1,10,0.6,0.5,0.6,2.1,1.6,0,2.4,1.2,0.3,0.7,0
105,106,1,2,0.1,0.2,0.1,0.4,0.5,0.1,0.1,0.4,0,0.1,0
118,106,1,4,0.1,0.3,0.3,0.6,1.2,0,0.6,0.7,0,0.2,0
120,106,1,8,0.2,0.7,0.7,1.2,2.4,0,1.2,1.3,0,0.3,0
121,106,1,2,0,0.2,0.2,0.3,0.6,0,0.3,0.3,0,0.1,0
42,107,1,10,0.3,1.6,0.8,1.8,2.4,0.3,0.8,0.5,0.8,0.7,0
43,107,1,1,0,0.2,0.1,0.2,0.2,0,0.1,0,0.1,0.1,0
48,107,1,6,0.2,0.9,0.2,0.5,1.4,0.2,0.7,1.2,0.2,0.5,0
53,107,1,5,0.1,0.4,0.5,0.6,0.9,0.1,0.9,1,0.2,0.3,0
54,107,1,22,0.5,1.8,2.3,3.7,5.9,0.6,2.4,2.2,1.8,0.8,0
55,107,0,33,1,0,2,12,3,2,3,8,2,0,0
56,107,1,22.5,0.5,1.9,2.3,3.8,6.1,0.6,2.4,2.2,1.9,0.8,0
57,107,0,28,0,1,2,1,7,1,7,4,1,4,0
58,107,0,25,1,1,0,5,2,2,2,12,0,0,0
63,107,1,3,0.3,0.2,0.2,0.8,0.4,0.1,0.4,0.3,0.1,0.2,0
66,107,1,13,0,0.9,1.5,0.9,2.9,0,2.7,3.5,0.3,0.3,0
67,107,1,1,0,0.1,0.1,0.1,0.2,0,0.2,0.3,0,0,0
70,107,1,3,0.2,0.3,0,0.4,0.9,0,0.5,0.6,0,0.1,0
71,107,1,6,0.3,0.7,0,0.7,1.8,0,1.1,1.2,0,0.2,0
73,107,1,1,0.1,0.1,0,0.1,0.3,0,0.2,0.2,0,0,0
82,107,1,3,0.1,0.2,0.3,0.4,0.6,0.1,0.4,0.5,0.2,0.2,0
84,107,1,2,0,0,0.2,0.2,0.5,0.1,0.3,0.4,0.2,0.1,0
86,107,1,8,0,0.2,1,0.8,1.9,0.5,1,1.5,0.6,0.5,0
88,107,1,5,0,0.1,0.6,0.5,1.3,0.3,0.6,0.9,0.4,0.3,0
89,107,1,7,0.3,1,0.6,1.1,1.8,0.1,0.9,0.5,0.5,0.2,0
90,107,1,8,0.4,1.1,0.7,1.3,2,0.1,1,0.5,0.6,0.3,0
91,107,1,16,0.7,2.3,1.4,2.6,4,0.2,2.1,1,1.2,0.5,0
92,107,1,6,0.3,0.8,0.5,1,1.5,0.1,0.8,0.4,0.4,0.2,0
93,107,0,48,1,7,3,6,14,2,5,5,3,2,0
94,107,0,71,2,6.5,9,11,17,1.5,9,6,5,4,0
95,107,1,17,1.4,1.2,0.4,2.4,3.7,0.4,2.9,3.3,0.6,0.7,0
96,107,1,29,2.4,2,0.7,4.2,6.3,0.7,4.9,5.6,1,1.2,0
97,107,1,9,0.8,0.6,0.2,1.3,2,0.2,1.5,1.7,0.3,0.4,0
98,107,1,4,0.3,0.3,0.1,0.6,0.9,0.1,0.7,0.8,0.1,0.1,0
101,107,1,4,0.2,0.2,0.3,0.8,0.6,0,1,0.5,0.1,0.3,0
102,107,1,2,0.1,0.1,0.1,0.4,0.3,0,0.5,0.2,0.1,0.2,0
105,107,1,4,0.2,0.4,0.3,0.7,0.9,0.2,0.2,0.8,0.1,0.2,0
106,107,1,1,0.1,0.1,0.1,0.2,0.2,0,0,0.2,0,0.1,0
124,107,1,2,0.1,0.2,0.3,0.4,0.3,0.1,0.2,0.2,0.1,0.1,0
6,108,1,16,0,2,3.1,0.3,3.8,0,2.7,3.4,0,0.7,0
9,108,1,2,0,0.2,0.1,0.2,0.5,0.1,0.3,0.4,0.1,0.1,0
10,108,1,3,0,0.3,0.1,0.3,0.8,0.1,0.4,0.6,0.2,0.2,0
37,108,1,2,0.1,0.3,0.2,0.3,0.5,0.1,0.2,0.1,0.1,0.1,0
39,108,1,4,0.1,0.7,0.3,0.7,1,0.1,0.3,0.2,0.3,0.3,0
46,108,1,4,0.1,0.6,0.2,0.3,0.9,0.1,0.5,0.8,0.2,0.3,0
53,108,1,20,0.5,1.7,1.8,2.5,3.6,0.2,3.8,4.1,0.7,1.1,0
54,108,0,42,5,3.5,0,13,3,1,1,10,4.5,1,0
55,108,0,23,0,0,0,1,4,0,2,9,2,5,0
56,108,1,23,0.5,1.9,2.4,3.9,6.2,0.6,2.5,2.3,1.9,0.8,0
57,108,1,5,0.1,0.4,0.5,0.9,1.4,0.1,0.5,0.5,0.4,0.2,0
58,108,1,1,0,0.1,0.1,0.2,0.3,0,0.1,0.1,0.1,0,0
67,108,1,5,0,0.3,0.6,0.4,1.1,0,1,1.4,0.1,0.1,0
69,108,1,3,0.2,0.3,0,0.4,0.9,0,0.5,0.6,0,0.1,0
71,108,1,3,0.2,0.3,0,0.4,0.9,0,0.5,0.6,0,0.1,0
79,108,1,2,0.1,0.1,0.2,0.3,0.4,0.1,0.3,0.3,0.1,0.1,0
84,108,1,7,0,0.1,0.9,0.7,1.7,0.4,0.9,1.3,0.6,0.4,0
85,108,1,12,0,0.3,1.5,1.2,2.9,0.7,1.5,2.2,1,0.7,0
90,108,1,38,1.6,5.4,3.3,6.2,9.5,0.4,5,2.5,2.9,1.2,0
91,108,0,30,1,5,3,7,7,1,1,0,2,3,0
92,108,1,8,0.4,1.1,0.7,1.3,2,0.1,1,0.5,0.6,0.3,0
93,108,1,5,0.2,0.7,0.4,0.8,1.2,0.1,0.7,0.3,0.4,0.2,0
94,108,1,11,0.9,0.7,0.3,1.6,2.4,0.3,1.8,2.1,0.4,0.5,0
95,108,1,8,0.7,0.5,0.2,1.1,1.8,0.2,1.3,1.6,0.3,0.3,0
96,108,1,17,1.4,1.2,0.4,2.4,3.7,0.4,2.9,3.3,0.6,0.7,0
98,108,1,3,0.2,0.2,0.1,0.4,0.7,0.1,0.5,0.6,0.1,0.1,0
99,108,1,3,0.2,0.1,0.2,0.6,0.5,0,0.7,0.4,0.1,0.2,0
101,108,1,3,0.2,0.1,0.2,0.6,0.5,0,0.7,0.4,0.1,0.2,0
102,108,1,3,0.2,0.1,0.2,0.6,0.5,0,0.7,0.4,0.1,0.2,0
103,108,1,2,0.1,0.1,0.1,0.4,0.3,0,0.5,0.2,0.1,0.2,0
104,108,1,6,0.4,0.5,0.4,1.1,1.4,0.3,0.3,1.2,0.1,0.3,0
105,108,1,3,0.2,0.3,0.2,0.5,0.7,0.1,0.2,0.6,0,0.2,0
106,108,1,7,0.4,0.6,0.5,1.3,1.6,0.3,0.4,1.4,0.1,0.4,0
108,108,1,4,0.2,0.4,0.3,0.7,0.9,0.2,0.2,0.8,0.1,0.2,0
110,108,1,11,0.7,1,0.7,2,2.5,0.5,0.6,2.2,0.2,0.6,0
124,108,1,15,0.7,1.8,2.1,2.9,2.5,0.3,1.8,1.8,0.4,0.7,0
125,108,1,15,0.7,1.8,2.1,2.9,2.5,0.3,1.8,1.8,0.4,0.7,0
6,109,1,21,0,2.7,4,0.4,4.9,0,3.6,4.5,0,0.9,0
7,109,1,2,0,0.3,0.4,0,0.5,0,0.3,0.4,0,0.1,0
8,109,1,8,0,1,1.5,0.2,1.9,0,1.4,1.7,0,0.3,0
9,109,1,1,0,0.1,0,0.1,0.3,0,0.1,0.2,0.1,0.1,0
40,109,1,1,0,0.2,0.1,0.2,0.2,0,0.1,0,0.1,0.1,0
46,109,1,7,0.3,1.1,0.3,0.5,1.6,0.3,0.8,1.3,0.3,0.5,0
47,109,1,1,0,0.2,0.1,0.1,0.2,0,0.1,0.2,0,0.1,0
51,109,1,1,0,0.1,0.1,0.1,0.2,0,0.2,0.2,0,0.1,0
52,109,1,6,0.2,0.5,0.5,0.8,1.1,0.1,1.1,1.2,0.2,0.3,0
53,109,1,18,0.5,1.5,1.6,2.3,3.2,0.2,3.4,3.7,0.6,1,0
54,109,1,15,0.4,1.2,1.6,2.6,4,0.4,1.6,1.5,1.2,0.5,0
61,109,1,2,0.2,0.1,0.1,0.5,0.3,0.1,0.3,0.2,0.1,0.1,0
62,109,1,2,0.2,0.1,0.1,0.5,0.3,0.1,0.3,0.2,0.1,0.1,0
65,109,1,4,0,0.3,0.4,0.3,0.9,0,0.8,1.1,0.1,0.1,0
66,109,1,3,0,0.2,0.3,0.2,0.7,0,0.6,0.8,0.1,0.1,0
67,109,1,4,0,0.3,0.4,0.3,0.9,0,0.8,1.1,0.1,0.1,0
77,109,1,2,0.1,0.1,0.2,0.3,0.4,0.1,0.3,0.3,0.1,0.1,0
83,109,1,8,0.4,0.5,0.6,1.1,1.7,0.3,1.1,1.3,0.4,0.6,0
85,109,1,8,0,0.2,1,0.8,1.9,0.5,1,1.5,0.6,0.5,0
97,109,1,11,0.9,0.7,0.3,1.6,2.4,0.3,1.8,2.1,0.4,0.5,0
98,109,1,10,0.8,0.7,0.3,1.4,2.2,0.3,1.7,1.9,0.3,0.4,0
99,109,1,5,0.3,0.3,0.3,1,0.8,0,1.2,0.6,0.1,0.4,0
100,109,1,2,0.1,0.1,0.1,0.4,0.3,0,0.5,0.2,0.1,0.2,0
102,109,1,16,1,0.8,1,3.3,2.5,0,3.9,1.9,0.4,1.2,0
103,109,1,3,0.2,0.1,0.2,0.6,0.5,0,0.7,0.4,0.1,0.2,0
105,109,1,4,0.2,0.4,0.3,0.7,0.9,0.2,0.2,0.8,0.1,0.2,0
107,109,1,1,0.1,0.1,0.1,0.2,0.2,0,0,0.2,0,0.1,0
109,109,1,1,0.1,0.1,0.1,0.2,0.2,0,0,0.2,0,0.1,0
2,110,1,3,0.1,0.4,0.1,0.5,0.7,0.1,0.4,0.3,0.3,0.1,0
26,110,1,1,0.1,0.1,0,0.4,0.1,0,0.1,0.1,0.1,0,0
27,110,1,2,0.1,0.2,0.1,0.8,0.3,0,0.2,0.2,0.1,0,0
36,110,1,1,0,0.2,0.1,0.2,0.2,0,0.1,0,0.1,0.1,0
41,110,1,6,0.2,1,0.5,1,1.4,0.2,0.5,0.3,0.5,0.4,0
47,110,1,4,0.1,0.6,0.2,0.3,0.9,0.1,0.5,0.8,0.2,0.3,0
48,110,1,2,0.1,0.3,0.1,0.1,0.5,0.1,0.2,0.4,0.1,0.1,0
49,110,1,5,0.1,0.4,0.5,0.6,0.9,0.1,0.9,1,0.2,0.3,0
51,110,1,13,0.4,1.1,1.2,1.6,2.3,0.1,2.4,2.7,0.5,0.7,0
52,110,1,20,0.5,1.7,1.8,2.5,3.6,0.2,3.8,4.1,0.7,1.1,0
53,110,1,17,0.5,1.4,1.5,2.1,3.1,0.2,3.2,3.5,0.6,0.9,0
54,110,1,28,0.7,2.3,2.9,4.8,7.5,0.7,3,2.8,2.3,1,0
55,110,1,3,0.1,0.3,0.3,0.5,0.8,0.1,0.3,0.3,0.2,0.1,0
70,110,1,2,0.1,0.2,0,0.2,0.6,0,0.4,0.4,0,0.1,0
99,110,1,4,0.2,0.2,0.3,0.8,0.6,0,1,0.5,0.1,0.3,0
101,110,1,4,0.2,0.2,0.3,0.8,0.6,0,1,0.5,0.1,0.3,0
104,110,1,2,0.1,0.2,0.1,0.4,0.5,0.1,0.1,0.4,0,0.1,0
105,110,1,16.5,1,1.5,1.1,3,3.7,0.7,0.9,3.4,0.3,0.9,0
106,110,1,10,0.7,0.9,0.7,1.8,2.3,0.4,0.5,2,0.2,0.5,0
108,110,1,5,0.3,0.5,0.3,0.9,1.1,0.2,0.3,1,0.1,0.3,0
6,111,1,1,0,0.1,0,0.1,0.3,0,0.1,0.2,0.1,0.1,0
7,111,1,1,0,0.1,0,0.1,0.3,0,0.1,0.2,0.1,0.1,0
21,111,1,7,0,0.6,0.2,0.8,1.9,0.2,1,1.5,0.4,0.4,0
41,111,1,5,0.2,0.8,0.4,0.9,1.2,0.2,0.4,0.2,0.4,0.3,0
48,111,1,4,0,0,0.6,0,0.8,0,0.5,1.5,0.3,0.3,0
49,111,1,12,0.4,1.3,0.5,2,2.6,0.5,1.8,2,0.6,0.3,0
50,111,1,1,0,0.1,0,0.2,0.2,0,0.2,0.2,0.1,0,0
51,111,0,49,5,3,3,14,11,0,5,4,3,1,0
52,111,1,13.5,0.5,1.5,0.5,2.2,2.9,0.5,2.1,2.2,0.7,0.4,0
53,111,0,42,2,1,2,2,5,0,11,10,1,8,0
54,111,0,62,1,6,3,5,12,1,8,14,7,5,0
55,111,0,53.5,1,5.5,3.5,4,16,1,9,7,2.5,4,0
56,111,1,12,0.3,0.8,1.1,1.5,2.6,0.4,1.1,2.4,0.4,1.4,0
57,111,1,14,0.4,0.9,1.2,1.8,3,0.5,1.3,2.8,0.5,1.6,0
58,111,1,18,0.5,1.1,1.6,2.3,3.9,0.7,1.6,3.6,0.7,2,0
59,111,1,5,0.5,0.2,0.4,1.3,0.7,0.2,0.7,0.5,0.1,0.4,0
66,111,1,11,0.5,1,0.7,1,2.1,0.5,1.2,2.1,0.9,1,0
67,111,1,4,0.2,0.3,0.3,0.3,0.8,0.2,0.4,0.8,0.3,0.4,0
70,111,1,5,0.2,0.4,0.3,0.4,1,0.2,0.6,1,0.4,0.5,0
71,111,1,3,0.1,0.3,0.2,0.3,0.6,0.1,0.3,0.6,0.2,0.3,0
88,111,1,3,0.1,0.2,0.1,0.7,0.6,0,0.2,0.6,0.1,0.4,0
89,111,1,10,0,0.6,1.1,1.7,2,0.3,2.6,1.1,0.6,0,0
90,111,1,3,0,0.2,0.3,0.5,0.6,0.1,0.8,0.3,0.2,0,0
91,111,1,4,0,0.2,0.5,0.7,0.8,0.1,1,0.5,0.2,0,0
101,111,0,44,4,7,2,9,7,0,8,4,2,1,0
102,111,1,5,0.4,0.2,0.1,1.3,1.1,0.2,0.8,0.6,0,0.3,0
105,111,1,7,0.3,0.8,0.7,0.9,1.7,0.3,0.9,0.7,0.5,0.2,0
106,111,1,26,1,3,2.8,3.4,6.2,1.1,3.2,2.8,1.7,0.8,0
107,111,0,32,4,1,1,5,7,1,3,5,5,0,0
0,112,1,3,0.1,0.4,0.1,0.5,0.7,0.1,0.4,0.3,0.3,0.1,0
5,112,1,2,0,0.2,0.1,0.2,0.5,0.1,0.3,0.4,0.1,0.1,0
21,112,1,1,0,0.1,0,0.1,0.3,0,0.1,0.2,0.1,0.1,0
23,112,1,1,0,0.1,0,0.1,0.3,0,0.1,0.2,0.1,0.1,0
44,112,1,5,0,0,0.8,0,1,0,0.7,1.8,0.3,0.4,0
47,112,1,7,0,0,1.2,0,1.4,0,0.9,2.6,0.4,0.5,0
48,112,1,4,0,0,0.6,0,0.8,0,0.5,1.5,0.3,0.3,0
49,112,1,10,0.4,1.1,0.4,1.6,2.2,0.4,1.5,1.7,0.5,0.2,0
50,112,1,14,0.5,1.5,0.6,2.3,3,0.5,2.2,2.3,0.7,0.4,0
51,112,0,115,6.5,7,14,24,24,1,13,11,7.5,7,0
52,112,0,80,3,5,6,16,10,2,13,14,4,6,1
53,112,0,46,1,3,5,12,6,2,6,3,3,5,0
54,112,0,50,2,6,1,7,9,0,15,5,1,3,1
55,112,0,52,3,5,2,10,8,4,9,9,2,0,0
56,112,0,40,1,3,7,6,14,0,5,3,1,0,0
62,112,1,1,0.1,0.1,0.1,0.3,0.1,0,0.1,0.1,0,0.1,0
66,112,1,3,0.1,0.3,0.2,0.3,0.6,0.1,0.3,0.6,0.2,0.3,0
78,112,1,2,0.1,0.1,0.2,0.3,0.4,0.1,0.3,0.3,0.1,0.1,0
80,112,1,12.5,0.3,0.9,0.8,1.5,2.7,0.3,1.8,2.4,0.9,0.8,0.1
81,112,1,6,0.2,0.4,0.4,0.7,1.3,0.2,0.9,1.1,0.4,0.4,0
85,112,1,2,0.1,0.1,0.1,0.4,0.4,0,0.1,0.4,0.1,0.3,0
87,112,0,31,1,9,1,3,13,0,3,0,1,0,0
88,112,0,43,3,3,3,8,14,1,5,2,3,1,0
89,112,0,20,0,0,1,0,5,0,6,2,1,5,0
101,112,1,12,0.9,0.6,0.3,3,2.7,0.6,1.8,1.5,0,0.6,0
102,112,1,6,0.4,0.3,0.2,1.5,1.3,0.3,0.9,0.8,0,0.3,0
105,112,1,8,0.3,0.9,0.9,1,1.9,0.3,1,0.9,0.5,0.3,0
106,112,1,17,0.7,2,1.8,2.2,4,0.7,2.1,1.8,1.1,0.6,0
107,112,0,62.5,0,11,0,9,14,4,8,6,7.5,3,0
108,112,1,18,0.7,2.1,1.9,2.4,4.3,0.7,2.2,1.9,1.2,0.6,0
110,112,1,2.5,0.2,0.2,0.2,0.5,0.6,0.1,0.1,0.5,0,0.1,0
4,113,1,4,0,0.4,0.1,0.5,1.1,0.1,0.6,0.8,0.2,0.2,0
5,113,1,7,0,0.6,0.2,0.8,1.9,0.2,1,1.5,0.4,0.4,0
36,113,1,4,0.1,0.7,0.3,0.7,1,0.1,0.3,0.2,0.3,0.3,0
39,113,1,4,0.1,0.7,0.3,0.7,1,0.1,0.3,0.2,0.3,0.3,0
40,113,1,6,0.2,1,0.5,1,1.4,0.2,0.5,0.3,0.5,0.4,0
45,113,1,3,0,0,0.5,0,0.6,0,0.4,1.1,0.2,0.2,0
48,113,1,2,0,0,0.3,0,0.4,0,0.3,0.7,0.1,0.2,0
50,113,0,28,1,2,2,8,3,0,4,6,1,1,0
51,113,0,241,9,20,22,53,51,6.5,32,26,12.5,9,0
52,113,0,315,12.5,28,31,73,59,5,37,42,11.5,13,3
53,113,0,28,0,0,3,2,5,0,4,8,0,6,0
54,113,1,20,0.5,1.3,1.8,2.5,4.3,0.7,1.8,4,0.8,2.3,0
55,113,0,94,3,7,8,14,20,1,22,11,4,4,0
56,113,0,72.5,3,6.5,6,18,15,2,10,4,7,0,1
57,113,1,2,0,0.1,0.2,0.3,0.4,0.1,0.2,0.4,0.1,0.2,0
59,113,1,6,0.5,0.3,0.5,1.6,0.8,0.3,0.8,0.5,0.2,0.5,0
60,113,1,14,1.3,0.7,1.1,3.7,1.9,0.6,1.9,1.3,0.4,1.1,0
67,113,1,3,0.1,0.3,0.2,0.3,0.6,0.1,0.3,0.6,0.2,0.3,0
68,113,1,2,0.1,0.2,0.1,0.2,0.4,0.1,0.2,0.4,0.1,0.2,0
73,113,1,2,0.1,0.2,0.1,0.2,0.4,0.1,0.2,0.4,0.1,0.2,0
76,113,1,8,0.4,0.5,0.6,1.1,1.7,0.3,1.1,1.3,0.4,0.6,0
77,113,1,15,0.7,1.1,1.2,2.1,3.1,0.5,2.1,2.4,0.7,1.1,0
78,113,1,4,0.2,0.3,0.3,0.6,0.8,0.1,0.6,0.6,0.2,0.3,0
79,113,1,23,0.6,1.6,1.6,2.7,4.9,0.6,3.3,4.4,1.6,1.6,0.1
80,113,1,5,0.1,0.4,0.3,0.6,1.1,0.1,0.7,1,0.4,0.3,0
81,113,1,13,0.4,0.9,0.9,1.5,2.8,0.3,1.8,2.5,0.9,0.9,0.1
82,113,1,7.5,0.2,0.5,0.5,0.9,1.6,0.2,1.1,1.4,0.5,0.5,0.1
83,113,1,2,0.1,0.2,0.1,0.2,0.4,0.1,0.3,0.4,0.1,0.1,0
85,113,1,4,0.1,0.2,0.1,0.9,0.8,0,0.3,0.8,0.2,0.6,0
86,113,1,10,0.3,0.6,0.4,2.3,1.9,0,0.7,1.9,0.5,1.4,0
87,113,0,84,3,4,8,12,25,2,14,8,7,1,0
88,113,0,67.5,4,10.5,3,9,14,0,12,12,3,0,0
99,113,1,11,0.8,0.5,0.3,2.7,2.5,0.5,1.7,1.4,0,0.6,0
105,113,1,1,0.1,0.1,0.1,0.1,0.2,0.1,0.1,0.1,0.1,0,0
106,113,1,8,0.3,0.9,0.9,1,1.9,0.3,1,0.9,0.5,0.3,0
107,113,0,42,7,5,0,15,4,3,1,2,5,0,0
109,113,1,8,0.5,0.7,0.5,1.5,1.8,0.4,0.4,1.7,0.1,0.4,0
118,113,1,1,0,0.1,0.1,0.1,0.3,0,0.2,0.2,0,0,0
0,114,1,3,0.1,0.4,0.1,0.5,0.7,0.1,0.4,0.3,0.3,0.1,0
1,114,1,1,0,0.1,0.1,0.2,0.2,0,0.2,0.1,0.1,0,0
36,114,1,6,0.2,1,0.5,1,1.4,0.2,0.5,0.3,0.5,0.4,0
41,114,1,3,0.1,0.5,0.2,0.5,0.7,0.1,0.3,0.2,0.2,0.2,0
45,114,1,4,0,0,0.6,0,0.8,0,0.5,1.5,0.3,0.3,0
46,114,1,1,0,0,0.1,0,0.2,0,0.1,0.4,0.1,0.1,0
49,114,1,28,1.1,3,1.1,4.6,6.1,1.1,4.3,4.6,1.4,0.7,0
50,114,0,88,3,6,7,14,14,3,10,16,6,9,0
51,114,0,123,4,6,17,25,23,0.5,14,14,6.5,13,0
52,114,0,116.5,4,9.5,8,22,24,2,8,21,3,15,0
53,114,0,31,0,0,1,9,2,1,6,5,1,6,0
54,114,0,39,2,2,5,5,8,2,7,3,2,3,0
55,114,0,90,2,6,7,21,16,7,11,8,8,4,0
56,114,0,63,5,2,3,13,19,1,3,8,5,4,0
57,114,1,13,0.3,0.8,1.2,1.6,2.8,0.5,1.2,2.6,0.5,1.5,0
58,114,0,42.5,6,2.5,1,19,3,2,1,3,5,0,0
59,114,1,5,0.5,0.2,0.4,1.3,0.7,0.2,0.7,0.5,0.1,0.4,0
60,114,1,10,0.9,0.5,0.8,2.6,1.4,0.4,1.4,0.9,0.3,0.8,0
61,114,1,4,0.4,0.2,0.3,1,0.5,0.2,0.6,0.4,0.1,0.3,0
68,114,1,2,0.1,0.2,0.1,0.2,0.4,0.1,0.2,0.4,0.1,0.2,0
77,114,1,8,0.4,0.5,0.6,1.1,1.7,0.3,1.1,1.3,0.4,0.6,0
78,114,1,21,1,1.5,1.7,2.9,4.4,0.7,2.9,3.4,1,1.5,0
79,114,1,25.5,0.7,1.8,1.7,3,5.5,0.6,3.6,4.9,1.8,1.7,0.2
80,114,1,21,0.6,1.5,1.4,2.5,4.5,0.5,3,4,1.5,1.4,0.1
81,114,1,12,0.3,0.9,0.8,1.4,2.6,0.3,1.7,2.3,0.8,0.8,0.1
82,114,1,9,0.3,0.6,0.6,1.1,1.9,0.2,1.3,1.7,0.6,0.6,0.1
83,114,1,10,0.3,0.7,0.7,1.2,2.1,0.2,1.4,1.9,0.7,0.7,0.1
84,114,1,6,0.2,0.4,0.2,1.4,1.1,0,0.4,1.2,0.3,0.8,0
85,114,1,9,0.3,0.6,0.3,2,1.7,0,0.6,1.7,0.5,1.3,0
86,114,0,35,1,2,5,6,10,1,1,4,3,2,0
87,114,0,94,5,17,5,17,28,2,9,6,5,0,0
88,114,1,6.5,0.2,0.4,0.2,1.5,1.2,0,0.5,1.3,0.3,0.9,0
89,114,1,5,0,0.3,0.6,0.8,1,0.1,1.3,0.6,0.3,0,0
90,114,1,3,0,0.2,0.3,0.5,0.6,0.1,0.8,0.3,0.2,0,0
91,114,1,1,0,0.1,0.1,0.2,0.2,0,0.2,0.1,0.1,0,0
99,114,1,4,0.3,0.2,0.1,1,0.9,0.2,0.6,0.5,0,0.2,0
104,114,1,2,0.1,0.2,0.2,0.3,0.5,0.1,0.2,0.2,0.1,0.1,0
105,114,1,3,0.1,0.4,0.3,0.4,0.7,0.1,0.4,0.3,0.2,0.1,0
106,114,1,5,0.2,0.6,0.5,0.7,1.2,0.2,0.6,0.5,0.3,0.2,0
107,114,1,8,0.3,0.9,0.9,1,1.9,0.3,1,0.9,0.5,0.3,0
108,114,1,9,0.4,1,0.9,1.2,2.1,0.4,1.1,1,0.6,0.3,0
3,115,1,5,0.1,0.7,0.2,0.8,1.2,0.1,0.7,0.6,0.5,0.1,0
41,115,1,1,0,0.2,0.1,0.2,0.2,0,0.1,0,0.1,0.1,0
43,115,1,1,0,0.2,0.1,0.2,0.2,0,0.1,0,0.1,0.1,0
49,115,0,48,6,4,3,10,11,2,2,5,3,2,0
50,115,0,95,10,6,6,28,12,4,3,11,9,6,0
51,115,0,72,2,9,1,15,15,4,5,9,9,3,0
52,115,0,68,1.5,5.5,6,9,13,0,9,14,5,5,0
53,115,0,68.5,5,6.5,7,11,16,3,6,5,3,6,0
54,115,0,73,2,7,7,9,14,3,18,7,3,3,0
55,115,0,42,2,2,6,3,8,0,10,5,1,5,0
56,115,0,47,0,3,6,2,7,1,10,14,1,3,0
59,115,1,1,0.1,0.1,0.1,0.3,0.1,0,0.1,0.1,0,0.1,0
60,115,1,7,0.7,0.3,0.5,1.8,1,0.3,1,0.7,0.2,0.5,0
68,115,1,10,0.4,0.9,0.6,0.9,1.9,0.4,1.1,2,0.9,0.9,0
70,115,1,1,0,0.1,0.1,0.1,0.2,0,0.1,0.2,0.1,0.1,0
80,115,1,3,0.1,0.2,0.2,0.4,0.6,0.1,0.4,0.6,0.2,0.2,0
81,115,0,49,1,8,2,6,17,2,2,6,3,2,0
82,115,0,64,3,3,3,10,13,3,9,13,3,4,0
83,115,1,13,0.4,0.9,0.9,1.5,2.8,0.3,1.8,2.5,0.9,0.9,0.1
84,115,1,16,0.5,1,0.6,3.6,3.1,0,1.1,3.1,0.8,2.2,0
85,115,0,32,2,3,2,10,5,1,1,2,4,2,0
86,115,0,41,0,0,8,3,7,0,4,12,0,7,0
87,115,0,67,3,9,6,15,18,4,6,1,5,0,0
88,115,1,1,0,0.1,0,0.2,0.2,0,0.1,0.2,0.1,0.1,0
89,115,1,9,0,0.5,1,1.6,1.8,0.3,2.3,1,0.5,0,0
103,115,1,2,0.2,0.1,0,0.5,0.4,0.1,0.3,0.3,0,0.1,0
104,115,1,2,0.1,0.2,0.2,0.3,0.5,0.1,0.2,0.2,0.1,0.1,0
105,115,1,8,0.3,0.9,0.9,1,1.9,0.3,1,0.9,0.5,0.3,0
109,115,1,5,0.3,0.5,0.3,0.9,1.1,0.2,0.3,1,0.1,0.3,0
0,116,1,4,0,0.1,0,0.9,0.6,0.2,0.9,1,0.3,0,0
1,116,1,2,0,0,0,0.5,0.3,0.1,0.5,0.5,0.1,0,0
28,116,1,8,0.2,0.7,0,1.7,1.9,0.5,0.3,1.2,1.2,0.3,0
29,116,1,4,0,0.3,0.6,0.6,1,0,1,0.2,0.3,0,0
31,116,1,4,0,0.3,0.6,0.6,1,0,1,0.2,0.3,0,0
41,116,1,3,0.1,0.3,0.2,0.5,0.7,0.1,0.3,0.4,0.3,0.1,0
46,116,1,4,0.1,0.2,0.2,1,0.8,0.1,0.4,0.9,0.2,0.1,0
48,116,0,24,0,2,1,4,3,0,3,7,0,4,0
49,116,0,96,9.5,6,3,35,6,3.5,10,9,7,6,1
50,116,0,77,4,11.5,3,25,14,6,2,1,10.5,0,0
51,116,1,16,1.1,0.8,0.9,2.5,1.4,0,1.8,5.2,0.7,1.6,0
52,116,0,43,3,1,2,7,7,2,15,5,1,0,0
53,116,0,45,0,4,2,5,11,1,12,5,2,3,0
54,116,0,63,1,5,3,9,16,1,10,4,5,9,0
55,116,0,37.5,0,2,2,2,7,0,8,11,1.5,4,0
56,116,1,5,0.2,0.6,0.4,0.5,1.1,0,0.8,1,0.1,0.3,0
57,116,1,6,0.3,0.7,0.5,0.7,1.3,0,0.9,1.2,0.1,0.3,0
59,116,1,2,0.1,0.2,0.1,0.3,0.3,0,0.2,0.5,0.2,0.1,0
67,116,1,5,0,0.2,0.1,0.8,0.7,0.1,0.8,1.5,0.5,0.2,0.1
72,116,1,4,0,0.2,0.1,0.6,0.5,0.1,0.6,1.2,0.4,0.2,0.1
82,116,0,30.5,2,4,2,11,5,0,0,2,3.5,1,0
83,116,0,40,4,3,0,7,9,0,4,6,3,4,0
84,116,0,75.5,6.5,11,4,18,17,5,3,7,3,1,0
85,116,0,186,3,16,18,22,48,2,36,22,11,7,1
86,116,0,30.5,0,3,2,3,5,0,6,10,0.5,1,0
90,116,1,1,0,0.1,0.1,0.2,0.1,0,0.2,0.3,0,0,0
106,116,1,8,0,0.3,0.3,1.7,1,0.3,2,0.7,1,0.7,0
108,116,1,3,0,0.1,0.1,0.6,0.4,0.1,0.7,0.3,0.4,0.3,0
109,116,1,1,0.1,0.1,0.1,0.1,0.3,0,0.1,0.2,0,0,0
0,117,1,20,0,0.5,0,4.6,2.8,0.9,4.7,5.1,1.4,0,0
28,117,1,5,0.1,0.5,0,1.1,1.2,0.3,0.1,0.8,0.8,0.1,0
30,117,1,4,0,0.3,0.6,0.6,1,0,1,0.2,0.3,0,0
38,117,1,1,0.1,0.1,0.1,0.2,0.2,0,0.1,0.1,0.1,0,0
41,117,1,8,0.4,0.8,0.6,1.3,1.8,0.2,0.8,1,0.7,0.4,0
45,117,1,7.5,0.2,0.5,0.3,1.8,1.5,0.2,0.8,1.7,0.3,0.2,0
46,117,1,2,0.1,0.1,0.1,0.5,0.4,0,0.2,0.4,0.1,0.1,0
47,117,1,1,0,0.1,0.1,0.2,0.2,0,0.1,0.2,0.1,0,0
48,117,0,53,1,5,5,8,11,2,9,5,3,4,0
49,117,0,92.5,7,7.5,9,16,17,3.5,9,6,6.5,11,0
50,117,0,100,4,18,5,18,29,3,3,2,14,4,0
51,117,1,13,0.9,0.7,0.7,2,1.1,0,1.5,4.2,0.6,1.3,0
53,117,1,9,0.6,0.5,0.5,1.4,0.8,0,1,2.9,0.4,0.9,0
54,117,1,18,0.9,2.1,1.4,2,3.9,0.1,2.7,3.6,0.3,1,0
55,117,0,71,2,5,6,13,12,4,15,10,2,2,0
56,117,1,12,0.6,1.4,0.9,1.3,2.6,0.1,1.8,2.4,0.2,0.7,0
57,117,1,7,0.3,0.8,0.6,0.8,1.5,0,1.1,1.4,0.1,0.4,0
58,117,1,4,0.2,0.5,0.3,0.4,0.9,0,0.6,0.8,0.1,0.2,0
61,117,1,5,0.2,0.4,0.3,0.8,0.8,0.1,0.5,1.2,0.4,0.3,0
63,117,1,5,0.2,0.4,0.3,0.8,0.8,0.1,0.5,1.2,0.4,0.3,0
64,117,1,8,0,0.4,0.3,1.2,1.1,0.1,1.2,2.4,0.8,0.4,0.1
69,117,1,5,0,0.2,0.1,0.8,0.7,0.1,0.8,1.5,0.5,0.2,0.1
70,117,1,10,0,0.5,0.3,1.5,1.4,0.2,1.5,2.9,1,0.5,0.2
82,117,1,2,0,0,0.1,0.2,0.5,0.1,0.4,0.6,0.1,0,0
83,117,0,128.5,8,13,12,19,32,2,14,7,14.5,5,2
84,117,0,73,3,7.5,2,12,14,2.5,8,12,4,8,0
85,117,0,169,7,15,14,39,33,1,19,26,9,6,0
86,117,0,46,3,4.5,6,11,12,1,0,8,0.5,0,0
87,117,0,29,1,2,2,6,6,0,5,3,3,1,0
88,117,0,50,3,7,2,13,9,3,1,3,9,0,0
89,117,0,60,3,7,6,10,17,7,4,2,3,1,0
90,117,1,4,0.1,0.4,0.2,0.7,0.4,0.1,0.6,1.1,0.2,0.2,0
91,117,1,10,0.2,1,0.6,1.7,1,0.2,1.6,2.9,0.4,0.4,0
92,117,1,10,0.2,1,0.6,1.7,1,0.2,1.6,2.9,0.4,0.4,0
93,117,1,5,0.1,0.5,0.3,0.9,0.5,0.1,0.8,1.4,0.2,0.2,0
103,117,1,3,0.2,0.3,0.2,0.3,0.7,0.2,0.6,0.3,0.2,0,0
109,117,1,10,0.6,0.6,0.6,1.5,2.7,0.1,0.8,2.2,0.4,0.5,0
23,118,1,2,0,0,0.2,0.5,0.6,0.1,0.2,0.2,0.2,0,0
24,118,1,4,0.1,0.4,0,0.9,1,0.2,0.1,0.6,0.6,0.1,0
29,118,1,4,0,0.3,0.6,0.6,1,0,1,0.2,0.3,0,0
30,118,1,29,0,1.9,4.5,4.5,7.8,0,7.1,1.3,1.9,0,0
46,118,1,10,0.3,0.7,0.5,2.4,2,0.2,1.1,2.2,0.4,0.2,0
47,118,1,19,0.6,1.3,0.8,4.6,3.8,0.4,2.1,4.2,0.8,0.4,0
48,118,0,79,7,8.5,5,17,17,2,3,6,11.5,1,1
49,118,1,11,0.8,0.5,0.6,1.7,0.9,0,1.3,3.6,0.5,1.1,0
50,118,0,49,0,5,2,4,10,3,8,13,2,2,0
51,118,0,33,2,4,1,4,7,0,6,5,3,1,0
54,118,1,4,0.2,0.5,0.3,0.4,0.9,0,0.6,0.8,0.1,0.2,0
55,118,1,8,0.4,0.9,0.6,0.9,1.7,0.1,1.2,1.6,0.1,0.5,0
57,118,1,13.5,0.6,1.6,1.1,1.5,2.9,0.1,2,2.7,0.2,0.8,0
58,118,1,12,0.6,1.4,0.9,1.3,2.6,0.1,1.8,2.4,0.2,0.7,0
60,118,1,10,0.4,0.8,0.6,1.6,1.7,0.2,1,2.3,0.8,0.6,0
63,118,1,4,0.2,0.3,0.2,0.7,0.7,0.1,0.4,0.9,0.3,0.2,0
68,118,1,5,0,0.2,0.1,0.8,0.7,0.1,0.8,1.5,0.5,0.2,0.1
70,118,1,4,0,0.2,0.1,0.6,0.5,0.1,0.6,1.2,0.4,0.2,0.1
82,118,1,6,0,0.2,0.2,0.5,1.5,0.4,1.1,1.7,0.4,0,0
83,118,0,34,0,2,3,4,6,0,8,7,1,3,0
84,118,0,65.5,1,5,1.5,11,10,2,9,18,6,2,0
85,118,0,92.5,7,8.5,6,30,11,4,10,5,8,3,0
86,118,1,2,0,0.2,0,0.3,0.3,0.1,0.3,0.5,0.1,0.2,0
87,118,1,2,0,0.2,0,0.3,0.3,0.1,0.3,0.5,0.1,0.2,0
88,118,1,23,0.3,2.1,0,4,3.7,0.6,3.1,5.9,1.1,2.2,0
89,118,0,33,0,3,4,2,11,0,5,4,2,2,0
90,118,1,7,0.1,0.7,0.4,1.2,0.7,0.2,1.1,2,0.3,0.3,0
91,118,1,7,0.1,0.7,0.4,1.2,0.7,0.2,1.1,2,0.3,0.3,0
92,118,0,27,0,4,2,2,5,0,3,4,3,4,0
93,118,1,18,0.4,1.7,1,3.1,1.8,0.4,2.9,5.2,0.7,0.8,0
94,118,1,2,0.1,0.2,0.2,0.2,0.5,0.1,0.4,0.2,0.1,0,0
102,118,1,6,0.4,0.6,0.4,0.6,1.4,0.4,1.2,0.6,0.4,0,0
103,118,1,5,0.3,0.5,0.4,0.5,1.2,0.3,1,0.5,0.3,0,0
109,118,1,3,0.2,0.2,0.2,0.5,0.8,0,0.2,0.6,0.1,0.2,0
110,118,1,10,0.6,0.6,0.6,1.5,2.7,0.1,0.8,2.2,0.4,0.5,0
111,118,1,22,1.4,1.4,1.4,3.3,5.9,0.3,1.7,4.7,0.8,1.1,0
1,119,1,4,0,0.1,0,0.9,0.6,0.2,0.9,1,0.3,0,0
18,119,1,1,0,0,0.1,0.2,0.3,0.1,0.1,0.1,0.1,0,0
29,119,0,27.5,2,1,2,6,5,0,3,4,3.5,1,0
30,119,0,63,3,9,0,18,15,5,0,3,5,5,0
43,119,1,1,0.1,0.1,0.1,0.2,0.2,0,0.1,0.1,0.1,0,0
46,119,1,2,0.1,0.1,0.1,0.5,0.4,0,0.2,0.4,0.1,0.1,0
48,119,0,54,4,9,1,12,16,3,5,1,3,0,0
49,119,1,11.5,0.8,0.6,0.7,1.8,1,0,1.3,3.7,0.5,1.1,0
50,119,1,3,0.2,0.1,0.2,0.5,0.3,0,0.3,1,0.1,0.3,0
51,119,1,6,0.4,0.3,0.3,0.9,0.5,0,0.7,2,0.3,0.6,0
58,119,1,28,1.3,3.2,2.2,3,6.1,0.2,4.3,5.7,0.4,1.6,0
61,119,1,4,0.2,0.3,0.2,0.7,0.7,0.1,0.4,0.9,0.3,0.2,0
63,119,1,2,0.1,0.2,0.1,0.3,0.3,0,0.2,0.5,0.2,0.1,0
68,119,1,2,0,0.1,0.1,0.3,0.3,0,0.3,0.6,0.2,0.1,0
73,119,1,2,0,0.1,0.1,0.3,0.3,0,0.3,0.6,0.2,0.1,0
81,119,1,2,0,0,0.1,0.2,0.5,0.1,0.4,0.6,0.1,0,0
82,119,1,18,0,0.5,0.6,1.7,4.5,1.1,3.4,5.1,1.1,0,0
83,119,0,29,0,3,2,0,7,0,5,7,1,4,0
84,119,0,27.5,1,1,1,5,2,0.5,12,3,1,1,0
85,119,1,13,0.2,1.2,0,2.3,2.1,0.4,1.7,3.3,0.6,1.2,0
86,119,1,1,0,0.1,0,0.2,0.2,0,0.1,0.3,0,0.1,0
88,119,1,12,0.2,1.1,0,2.1,1.9,0.3,1.6,3.1,0.6,1.1,0
89,119,0,55,0,3,3,10,8,1,11,9,5,5,0
90,119,1,23,0.5,2.2,1.3,4,2.3,0.5,3.7,6.6,0.9,1,0
91,119,1,4,0.1,0.4,0.2,0.7,0.4,0.1,0.6,1.1,0.2,0.2,0
92,119,1,12,0.2,1.2,0.7,2.1,1.2,0.3,1.9,3.4,0.5,0.5,0
93,119,1,4,0.1,0.4,0.2,0.7,0.4,0.1,0.6,1.1,0.2,0.2,0
94,119,1,1,0,0.1,0.1,0.1,0.2,0.1,0.2,0.1,0.1,0,0
104,119,1,7,0,0.3,0.3,1.4,0.9,0.3,1.7,0.6,0.9,0.6,0
109,119,1,10,0.6,0.6,0.6,1.5,2.7,0.1,0.8,2.2,0.4,0.5,0
111,119,1,5,0.3,0.3,0.3,0.8,1.3,0.1,0.4,1.1,0.2,0.2,0
113,119,1,1,0.1,0.1,0.1,0.1,0.3,0,0.1,0.2,0,0,0
127,119,1,3,0.1,0.1,0.1,0.3,0.5,0.1,0.5,0.9,0,0.3,0.1
2,120,1,4,0,0.1,0,0.9,0.6,0.2,0.9,1,0.3,0,0
3,120,1,3,0,0.1,0,0.7,0.4,0.1,0.7,0.8,0.2,0,0
18,120,1,2,0,0,0.2,0.5,0.6,0.1,0.2,0.2,0.2,0,0
27,120,1,2,0,0.2,0,0.4,0.5,0.1,0.1,0.3,0.3,0.1,0
28,120,1,14,0.4,1.3,0,3,3.4,0.9,0.4,2.1,2.1,0.4,0
29,120,0,88,7.5,7,4,14,19,4,7,7,5.5,13,0
30,120,0,91.5,5,8.5,6,17,24,1,10,12,6,2,0
38,120,1,4,0.2,0.4,0.3,0.7,0.9,0.1,0.4,0.5,0.3,0.2,0
48,120,0,53,3,12,5,11,14,1,0,0,7,0,0
49,120,1,1,0.1,0,0.1,0.2,0.1,0,0.1,0.3,0,0.1,0
58,120,1,21,1,2.4,1.7,2.3,4.5,0.2,3.2,4.2,0.3,1.2,0
59,120,1,12,0.5,1,0.7,2,2,0.2,1.2,2.7,1,0.7,0
63,120,1,5,0.2,0.4,0.3,0.8,0.8,0.1,0.5,1.2,0.4,0.3,0
66,120,1,4,0,0.2,0.1,0.6,0.5,0.1,0.6,1.2,0.4,0.2,0.1
67,120,1,4,0,0.2,0.1,0.6,0.5,0.1,0.6,1.2,0.4,0.2,0.1
68,120,1,11.5,0,0.5,0.3,1.8,1.6,0.2,1.8,3.4,1.2,0.5,0.2
81,120,0,26,0,2,1,3,3,0,7,10,0,0,0
82,120,1,2,0,0,0.1,0.2,0.5,0.1,0.4,0.6,0.1,0,0
83,120,1,2,0,0,0.1,0.2,0.5,0.1,0.4,0.6,0.1,0,0
84,120,1,4,0.1,0.4,0,0.7,0.6,0.1,0.5,1,0.2,0.4,0
85,120,1,2,0,0.2,0,0.3,0.3,0.1,0.3,0.5,0.1,0.2,0
86,120,1,7.5,0.1,0.7,0,1.3,1.2,0.2,1,1.9,0.4,0.7,0
88,120,1,8,0.1,0.7,0,1.4,1.3,0.2,1.1,2,0.4,0.8,0
89,120,1,13,0.3,1.3,0.7,2.2,1.3,0.3,2.1,3.7,0.5,0.6,0
90,120,1,13,0.3,1.3,0.7,2.2,1.3,0.3,2.1,3.7,0.5,0.6,0
93,120,1,8,0.2,0.8,0.4,1.4,0.8,0.2,1.3,2.3,0.3,0.3,0
94,120,1,6,0.4,0.6,0.4,0.6,1.4,0.4,1.2,0.6,0.4,0,0
104,120,1,4,0,0.2,0.2,0.8,0.5,0.2,1,0.3,0.5,0.3,0
105,120,1,2,0,0.1,0.1,0.4,0.2,0.1,0.5,0.2,0.2,0.2,0
109,120,1,15,0.9,0.9,1,2.3,4,0.2,1.1,3.2,0.6,0.8,0
110,120,1,2,0.1,0.1,0.1,0.3,0.6,0,0.2,0.4,0.1,0.1,0
2,121,1,14,0.9,0.3,1.4,2.9,1.4,0,2.6,2.9,1.6,0,0
3,121,1,2,0.1,0.1,0.2,0.4,0.2,0,0.4,0.4,0.2,0,0
8,121,1,1,0,0.1,0.1,0.1,0.2,0,0.2,0.2,0,0.1,0
28,121,1,4,0.1,0.2,0.6,0.6,0.9,0,0.8,0.6,0.1,0.1,0
29,121,0,64,0,3,4,3,18,2,7,14,6,7,0
35,121,1,2,0,0.2,0.1,0.3,0.5,0,0.5,0.3,0.1,0,0
40,121,1,3,0.1,0.3,0.2,0.5,0.7,0.1,0.3,0.4,0.3,0.1,0
43,121,1,5,0.3,0.5,0.4,0.9,1.1,0.1,0.5,0.6,0.4,0.2,0
45,121,1,10,0.2,0.7,0.7,0.9,1.6,0.2,1.5,3,0.1,1,0.1
47,121,1,7,0.2,0.5,0.5,0.6,1.1,0.2,1,2.1,0.1,0.7,0
48,121,1,20.5,0.5,1.3,1.4,1.9,3.2,0.5,3,6.2,0.3,2,0.2
49,121,1,4,0.1,0.4,0.3,0.5,1,0.2,0.6,0.5,0.3,0.1,0
57,121,1,5,0,0.7,0.1,0.7,1,0.1,1.2,0.8,0.4,0,0
58,121,0,33,1,4,2,6,7,0,6,1,1,5,0
59,121,1,23,1.2,1.3,1.5,3.1,5.2,0.5,3.3,4.1,1.8,1,0
63,121,1,4,0.2,0.2,0.3,0.5,0.9,0.1,0.6,0.7,0.3,0.2,0
68,121,1,3,0.2,0.1,0.1,0.7,0.3,0,0.7,0.7,0.2,0,0
79,121,1,2,0,0.2,0.3,0.4,0.4,0,0.2,0.4,0.1,0,0
81,121,1,3,0,0.3,0.4,0.7,0.6,0,0.3,0.6,0.1,0,0
86,121,1,5,0.1,0.3,0.2,0.3,1,0.1,1.3,1,0.1,0.6,0
87,121,1,15,0.2,1,0.6,1,2.9,0.2,3.9,3,0.4,1.8,0
88,121,0,46,1,6,4,9,13,0,5,5,1,2,0
89,121,1,25,0.7,1.8,1.2,3.4,5.1,0.7,4.4,5.8,0.9,1,0
93,121,1,14,0.4,1,0.7,1.9,2.9,0.4,2.4,3.3,0.5,0.5,0
106,121,1,3,0.2,0.2,0.3,0.4,0.6,0.1,0.6,0.5,0,0.1,0
107,121,1,2,0.1,0.1,0.2,0.3,0.4,0.1,0.4,0.3,0,0.1,0
109,121,1,3,0.2,0.2,0.3,0.4,0.6,0.1,0.6,0.5,0,0.1,0
110,121,1,1,0.1,0.1,0.1,0.1,0.2,0,0.2,0.2,0,0,0
111,121,1,1,0.1,0.1,0.1,0.1,0.2,0,0.2,0.2,0,0,0
127,121,1,1,0,0.1,0,0.1,0.2,0,0.2,0.3,0,0.1,0
2,122,1,2,0.1,0.1,0.2,0.4,0.2,0,0.4,0.4,0.2,0,0
3,122,1,2,0.1,0.1,0.2,0.4,0.2,0,0.4,0.4,0.2,0,0
6,122,1,1,0,0.1,0.1,0.1,0.2,0,0.2,0.2,0,0.1,0
12,122,1,12,0.5,0.9,0.8,1.7,3.2,0.4,1.6,0.6,1.6,0.7,0
16,122,1,2,0,0,0.2,0.5,0.6,0.1,0.2,0.2,0.2,0,0
28,122,1,2,0,0.1,0.3,0.3,0.4,0,0.4,0.3,0.1,0.1,0
29,122,0,27.5,1.5,0,1,9,4,2,4,2,4,0,0
36,122,1,5,0.1,0.4,0.3,0.6,1.2,0,1.3,0.7,0.3,0.1,0
37,122,1,6,0.1,0.5,0.3,0.8,1.4,0,1.6,0.8,0.3,0.2,0
39,122,1,5,0.3,0.5,0.4,0.9,1.1,0.1,0.5,0.6,0.4,0.2,0
40,122,1,6,0.3,0.6,0.5,1,1.4,0.1,0.6,0.7,0.5,0.3,0
41,122,1,6,0.3,0.6,0.5,1,1.4,0.1,0.6,0.7,0.5,0.3,0
44,122,1,4,0.1,0.3,0.3,0.4,0.6,0.1,0.6,1.2,0,0.4,0
45,122,1,5,0.1,0.3,0.3,0.5,0.8,0.1,0.7,1.5,0.1,0.5,0.1
47,122,1,1,0,0.1,0.1,0.1,0.2,0,0.1,0.3,0,0.1,0
48,122,1,10,0.2,0.7,0.7,0.9,1.6,0.2,1.5,3,0.1,1,0.1
49,122,1,9,0.2,0.9,0.7,1.2,2.2,0.6,1.3,1.2,0.6,0.1,0
57,122,1,6,0,0.8,0.2,0.8,1.3,0.1,1.4,1,0.4,0,0
58,122,1,3,0,0.4,0.1,0.4,0.6,0.1,0.7,0.5,0.2,0,0
59,122,1,8,0.4,0.5,0.5,1.1,1.8,0.2,1.2,1.4,0.6,0.3,0
60,122,1,4,0.2,0.2,0.3,0.5,0.9,0.1,0.6,0.7,0.3,0.2,0
61,122,1,3,0.2,0.2,0.2,0.4,0.7,0.1,0.4,0.5,0.2,0.1,0
62,122,1,2,0.1,0.1,0.1,0.3,0.4,0,0.3,0.4,0.2,0.1,0
63,122,1,1,0.1,0.1,0.1,0.1,0.2,0,0.1,0.2,0.1,0,0
64,122,1,5,0.3,0.2,0.2,1.1,0.5,0.1,1.1,1.1,0.3,0.1,0
65,122,1,5,0.3,0.2,0.2,1.1,0.5,0.1,1.1,1.1,0.3,0.1,0
68,122,1,6,0.4,0.2,0.3,1.3,0.6,0.1,1.3,1.3,0.4,0.1,0
75,122,1,2,0,0.2,0.3,0.4,0.4,0,0.2,0.4,0.1,0,0
76,122,1,6,0,0.7,0.9,1.3,1.1,0,0.7,1.1,0.2,0,0
86,122,1,7,0.1,0.4,0.3,0.5,1.4,0.1,1.8,1.4,0.2,0.8,0
87,122,1,25,0.3,1.6,1,1.7,4.9,0.3,6.6,4.9,0.7,3,0
88,122,1,6,0.1,0.4,0.2,0.4,1.2,0.1,1.6,1.2,0.1,0.7,0
89,122,1,4,0.1,0.3,0.2,0.6,0.8,0.1,0.7,0.9,0.1,0.2,0
93,122,1,3,0.1,0.2,0.2,0.4,0.6,0.1,0.5,0.7,0.1,0.1,0
94,122,1,2,0.1,0.2,0.2,0.2,0.5,0.1,0.4,0.2,0.1,0,0
106,122,1,10,0.7,0.7,1,1.3,2,0.3,2,1.7,0,0.3,0
2,123,1,13,0.8,0.3,1.3,2.7,1.3,0,2.4,2.7,1.5,0,0
10,123,1,4,0.2,0.3,0.3,0.6,1.1,0.1,0.5,0.2,0.5,0.2,0
12,123,1,29.5,1.2,2.2,2.1,4.1,8,1,3.9,1.4,3.9,1.7,0
13,123,0,38,6,4,2,9,10,0,5,1,1,0,0
14,123,1,10,0.2,0.2,0.8,2.6,2.8,0.8,0.8,0.8,0.8,0.2,0
17,123,1,3,0.1,0.1,0.2,0.8,0.9,0.2,0.2,0.2,0.2,0.1,0
18,123,1,2,0,0,0.2,0.5,0.6,0.1,0.2,0.2,0.2,0,0
28,123,1,17,0.3,0.9,2.5,2.5,3.7,0,3.4,2.8,0.3,0.6,0
29,123,1,21,0.9,1.9,0,4.8,2.9,0,6.7,2.9,0,0.9,0
38,123,0,47,5,4,4,7,14,2,3,2,4,2,0
40,123,1,2,0.1,0.2,0.2,0.3,0.4,0,0.2,0.3,0.2,0.1,0
43,123,1,4,0.2,0.4,0.3,0.7,0.9,0.1,0.4,0.5,0.3,0.2,0
44,123,1,3,0.1,0.2,0.2,0.3,0.5,0.1,0.4,0.9,0,0.3,0
48,123,1,8,0.2,0.5,0.5,0.7,1.3,0.2,1.2,2.4,0.1,0.8,0.1
49,123,1,23,0.6,2.3,1.7,3.1,5.6,1.4,3.4,3.1,1.5,0.3,0
56,123,1,3,0,0.4,0.1,0.4,0.6,0.1,0.7,0.5,0.2,0,0
57,123,1,5,0,0.7,0.1,0.7,1,0.1,1.2,0.8,0.4,0,0
58,123,1,11,0,1.5,0.3,1.5,2.3,0.2,2.6,1.8,0.8,0,0
59,123,1,14,0.7,0.8,0.9,1.9,3.2,0.3,2,2.5,1.1,0.6,0
60,123,0,34,1,2,9,2,15,0,0,4,1,0,0
61,123,1,23,1.2,1.3,1.5,3.1,5.2,0.5,3.3,4.1,1.8,1,0
62,123,1,10,0.5,0.6,0.6,1.3,2.3,0.2,1.5,1.8,0.8,0.4,0
63,123,1,10,0.5,0.6,0.6,1.3,2.3,0.2,1.5,1.8,0.8,0.4,0
65,123,0,44.5,4.5,2.5,0,18,3,0,6,5,4.5,1,0
66,123,1,22.5,1.3,0.8,1.1,5,2.4,0.2,5.1,5.1,1.3,0.2,0
68,123,1,1,0.1,0,0.1,0.2,0.1,0,0.2,0.2,0.1,0,0
69,123,1,8,0.3,0.5,0.6,1.2,1.7,0.4,0.5,1.4,1.4,0,0
72,123,1,11,0.4,0.7,0.9,1.6,2.3,0.5,0.7,1.9,2,0,0
74,123,1,14,0,1.5,2.1,3.1,2.6,0,1.6,2.6,0.5,0,0
86,123,1,5,0.1,0.3,0.2,0.3,1,0.1,1.3,1,0.1,0.6,0
87,123,1,8,0.1,0.5,0.3,0.5,1.6,0.1,2.1,1.6,0.2,1,0
89,123,1,2,0,0.1,0.1,0.3,0.4,0.1,0.3,0.5,0.1,0.1,0
93,123,1,4,0.1,0.3,0.2,0.6,0.8,0.1,0.7,0.9,0.1,0.2,0
94,123,1,5,0.3,0.5,0.4,0.5,1.2,0.3,1,0.5,0.3,0,0
107,123,1,3,0.2,0.2,0.3,0.4,0.6,0.1,0.6,0.5,0,0.1,0
113,123,1,5,0.3,0.3,0.5,0.7,1,0.2,1,0.8,0,0.2,0
2,124,1,2,0.1,0.1,0.2,0.4,0.2,0,0.4,0.4,0.2,0,0
3,124,1,10.5,0.6,0.2,1.1,2.2,1.1,0,1.9,2.2,1.2,0,0
5,124,1,6,0.1,0.9,0.5,0.5,1.5,0.1,0.9,1.1,0,0.4,0
6,124,1,10,0.2,1.6,0.8,0.8,2.5,0.2,1.6,1.7,0,0.6,0
7,124,1,11,0.2,1.7,0.9,0.9,2.8,0.2,1.7,1.9,0,0.7,0
10,124,1,10,0.4,0.8,0.7,1.4,2.7,0.3,1.3,0.5,1.3,0.6,0
11,124,1,2,0.1,0.1,0.1,0.3,0.5,0.1,0.3,0.1,0.3,0.1,0
12,124,1,11,0.5,0.8,0.8,1.5,3,0.4,1.5,0.5,1.4,0.6,0
13,124,0,33,3,5,5,4,13,0,1,2,0,0,0
22,124,1,3,0.1,0.1,0.2,0.8,0.9,0.2,0.2,0.2,0.2,0.1,0
28,124,1,15,0.3,0.8,2.2,2.2,3.3,0,3,2.4,0.3,0.5,0
36,124,1,1,0,0.1,0.1,0.1,0.2,0,0.3,0.1,0.1,0,0
37,124,1,8,0.2,0.6,0.4,1.1,1.9,0,2.1,1.1,0.4,0.2,0
38,124,0,49,1,8,2,5,7,3,11,6,2,4,0
39,124,1,11,0.6,1.1,0.9,1.8,2.5,0.3,1,1.4,0.9,0.5,0
42,124,1,13.5,0.7,1.3,1.1,2.2,3.1,0.3,1.3,1.7,1.2,0.6,0
43,124,1,10,0.5,1,0.8,1.7,2.2,0.2,0.9,1.3,0.9,0.5,0
44,124,1,2,0.1,0.1,0.1,0.2,0.3,0.1,0.3,0.6,0,0.2,0
45,124,1,5,0.1,0.3,0.3,0.5,0.8,0.1,0.7,1.5,0.1,0.5,0.1
47,124,1,1,0,0.1,0.1,0.1,0.2,0,0.1,0.3,0,0.1,0
48,124,1,2,0.1,0.1,0.1,0.2,0.3,0.1,0.3,0.6,0,0.2,0
49,124,1,21,0.5,2.1,1.5,2.8,5.2,1.3,3.1,2.8,1.4,0.3,0
50,124,1,2,0.1,0.2,0.1,0.3,0.5,0.1,0.3,0.3,0.1,0,0
57,124,1,5,0,0.7,0.1,0.7,1,0.1,1.2,0.8,0.4,0,0
58,124,1,2,0,0.3,0.1,0.3,0.4,0,0.5,0.3,0.1,0,0
59,124,1,11.5,0.6,0.7,0.7,1.5,2.6,0.3,1.7,2,0.9,0.5,0
60,124,1,11,0.5,0.6,0.7,1.5,2.5,0.3,1.6,1.9,0.9,0.5,0
61,124,1,2,0.1,0.1,0.1,0.3,0.4,0,0.3,0.4,0.2,0.1,0
62,124,1,12,0.6,0.7,0.8,1.6,2.7,0.3,1.7,2.1,1,0.5,0
63,124,1,21,1.1,1.2,1.4,2.8,4.7,0.5,3,3.7,1.7,0.9,0
64,124,1,2,0.1,0.1,0.1,0.4,0.2,0,0.5,0.5,0.1,0,0
65,124,1,2,0.1,0.1,0.1,0.4,0.2,0,0.5,0.5,0.1,0,0
67,124,1,13,0.8,0.5,0.6,2.9,1.4,0.1,2.9,2.9,0.8,0.1,0
68,124,1,19,1.1,0.6,0.9,4.3,2,0.2,4.3,4.3,1.1,0.2,0
69,124,1,7,0.3,0.5,0.5,1,1.5,0.3,0.5,1.2,1.2,0,0
70,124,1,17,0.7,1.1,1.3,2.5,3.6,0.8,1.1,2.9,3,0,0
87,124,1,3,0,0.2,0.1,0.2,0.6,0,0.8,0.6,0.1,0.4,0
89,124,1,6,0.2,0.4,0.3,0.8,1.2,0.2,1.1,1.4,0.2,0.2,0
90,124,1,2,0,0.1,0.1,0.3,0.4,0.1,0.3,0.5,0.1,0.1,0
92,124,1,4,0.1,0.3,0.2,0.6,0.8,0.1,0.7,0.9,0.1,0.2,0
93,124,1,7,0.2,0.5,0.4,1,1.4,0.2,1.2,1.6,0.2,0.3,0
113,124,1,2,0.1,0.1,0.2,0.3,0.4,0.1,0.4,0.3,0,0.1,0
115,124,1,5,0.4,0.7,0.1,1,1.4,0,0.7,0,0.6,0.1,0
3,125,1,3,0.2,0.1,0.3,0.6,0.3,0,0.6,0.6,0.3,0,0
5,125,1,7,0.1,1.1,0.6,0.6,1.8,0.1,1.1,1.2,0,0.4,0
6,125,0,32,1,3,2,4,7,0,9,2,2,2,0
7,125,1,10,0.2,1.6,0.8,0.8,2.5,0.2,1.6,1.7,0,0.6,0
8,125,1,5,0.1,0.8,0.4,0.4,1.2,0.1,0.8,0.9,0,0.3,0
9,125,1,4,0.2,0.3,0.3,0.6,1.1,0.1,0.5,0.2,0.5,0.2,0
10,125,1,27,1.1,2,1.9,3.8,7.3,0.9,3.6,1.3,3.6,1.5,0
11,125,0,28,2,1,2,4,6,0,4,6,2,1,0
12,125,1,22,0.9,1.6,1.5,3.1,6,0.7,2.9,1.1,2.9,1.3,0
13,125,0,28,0,0,2,8,4,1,5,6,1,1,0
14,125,1,2,0,0,0.2,0.5,0.6,0.1,0.2,0.2,0.2,0,0
15,125,1,4,0.1,0.1,0.3,1,1.2,0.3,0.3,0.3,0.3,0.1,0
20,125,1,8,0.2,0.2,0.6,2.1,2.3,0.6,0.6,0.6,0.6,0.2,0
28,125,1,17,0.3,0.9,2.5,2.5,3.7,0,3.4,2.8,0.3,0.6,0
29,125,1,1,0.1,0.1,0,0.2,0.1,0,0.3,0.1,0,0.1,0
35,125,1,4,0.1,0.3,0.2,0.5,1,0,1.1,0.5,0.2,0.1,0
37,125,1,12,0.3,1,0.6,1.6,2.8,0,3.2,1.6,0.6,0.3,0
38,125,0,62,4,2,6,9,13,2,9,14,1,2,0
39,125,1,4,0.2,0.4,0.3,0.7,0.9,0.1,0.4,0.5,0.3,0.2,0
40,125,0,44,7,4,0,15,1,4,2,5,6,0,0
41,125,1,14,0.7,1.4,1.1,2.3,3.2,0.3,1.3,1.8,1.2,0.7,0
42,125,1,22,1.2,2.1,1.8,3.7,5,0.5,2,2.8,1.9,1,0
43,125,1,25.5,1.4,2.5,2,4.2,5.8,0.6,2.4,3.2,2.2,1.2,0
44,125,0,26,0,0,0,6,2,0,1,15,0,2,0
45,125,0,29,0,0,2,5,3,0,8,11,0,0,0
46,125,0,36,0,3,3,1,14,2,4,6,2,1,0
47,125,1,23,0.5,1.5,1.5,2.1,3.6,0.6,3.4,7,0.3,2.3,0.2
48,125,1,20,0.5,1.3,1.3,1.8,3.1,0.5,3,6.1,0.2,2,0.2
49,125,0,50,1,1,6,9,13,2,10,7,1,0,0
50,125,1,20.5,0.5,2,1.5,2.8,5,1.3,3,2.8,1.4,0.2,0
51,125,1,2,0.1,0.2,0.1,0.3,0.5,0.1,0.3,0.3,0.1,0,0
54,125,1,2,0,0.3,0.1,0.3,0.4,0,0.5,0.3,0.1,0,0
57,125,1,1,0,0.1,0,0.2,0.2,0,0.2,0.2,0.1,0,0
60,125,1,2,0.1,0.1,0.1,0.3,0.4,0,0.3,0.4,0.2,0.1,0
61,125,1,2,0.1,0.1,0.1,0.3,0.4,0,0.3,0.4,0.2,0.1,0
63,125,1,23,1.2,1.3,1.5,3.1,5.2,0.5,3.3,4.1,1.8,1,0
65,125,1,5,0.3,0.2,0.2,1.1,0.5,0.1,1.1,1.1,0.3,0.1,0
66,125,1,2,0.1,0.1,0.1,0.4,0.2,0,0.5,0.5,0.1,0,0
67,125,1,17,1,0.6,0.8,3.8,1.8,0.2,3.8,3.8,1,0.2,0
68,125,0,26,2,1.5,3,6,6,0,1,5,1.5,0,0
69,125,1,7,0.3,0.5,0.5,1,1.5,0.3,0.5,1.2,1.2,0,0
70,125,1,17,0.7,1.1,1.3,2.5,3.6,0.8,1.1,2.9,3,0,0
71,125,1,7,0.3,0.5,0.5,1,1.5,0.3,0.5,1.2,1.2,0,0
73,125,1,2,0.1,0.1,0.2,0.3,0.4,0.1,0.1,0.3,0.4,0,0
88,125,1,2,0,0.1,0.1,0.1,0.4,0,0.5,0.4,0.1,0.3,0
89,125,1,14.5,0.4,1,0.7,2,3,0.4,2.5,3.4,0.5,0.6,0
90,125,1,8.5,0.2,0.6,0.4,1.2,1.7,0.3,1.5,2,0.3,0.3,0
92,125,1,1,0,0.1,0.1,0.1,0.2,0,0.2,0.2,0,0.1,0
93,125,1,8,0.2,0.6,0.4,1.1,1.6,0.2,1.4,1.9,0.3,0.3,0
6,126,1,7,0.3,0.7,0.3,1.2,1.3,0.1,1.4,1,0.4,0.3,0
7,126,0,31,1,3,1,4,8,0,3,7,4,0,0
8,126,1,17,0.7,1.6,0.7,3,3.2,0.2,3.5,2.5,0.9,0.7,0
9,126,0,34,1,2,3,4,9,1,7,3,2,2,0
10,126,0,39.5,0,5,2,5,7,0,8,9,0.5,3,0
11,126,0,61,1,5,4,8,13,1.5,9,13,3.5,3,0
12,126,1,4,0.1,0.4,0.1,0.5,0.5,0.1,1.3,0.6,0.1,0.3,0
13,126,0,26,1,0,0,4,3,0,11,4,3,0,0
14,126,0,53,1,5.5,7.5,9,16,2,7,1,3,1,0
15,126,1,12,0,1.6,0.6,0.3,3.2,0,2.5,2.9,0.6,0.3,0
16,126,1,3,0,0.4,0.2,0.1,0.8,0,0.6,0.7,0.1,0.1,0
19,126,1,3,0,0.3,0.1,0,0.6,0,0.6,1.1,0.1,0.2,0
33,126,1,2,0.1,0.2,0.2,0.3,0.4,0,0.2,0.3,0.2,0.1,0
36,126,1,4,0,0.2,0.4,0.8,1.1,0.2,0.6,0.3,0.2,0.1,0.1
37,126,1,3,0,0.2,0.3,0.6,0.8,0.2,0.4,0.2,0.1,0.1,0.1
38,126,1,23,0,1.5,2.4,4.4,6.3,1.5,3.4,1.5,1,0.5,0.5
39,126,1,5,0.2,0.3,0.4,0.6,1.3,0,0.8,0.7,0.3,0.4,0
40,126,0,45.5,2,1,5,10,6,1,11,7,1.5,0,1
41,126,1,20,0.8,1.2,1.8,2.3,5.1,0,3.3,2.8,1.2,1.5,0
42,126,1,18,0.7,1,1.6,2.1,4.6,0,3,2.6,1,1.4,0
43,126,0,88,6.5,11,7,23,12,5.5,9,3,6,5,0
44,126,0,41,4,3,2,11,6,0,0,10,2,3,0
45,126,0,42.5,1,2,2,5,9,1,7,10,3.5,2,0
46,126,1,12,0.1,0.8,0.6,1,2.3,0,3.3,3.6,0,0.3,0
47,126,1,7,0.1,0.5,0.3,0.6,1.3,0,1.9,2.1,0,0.2,0
48,126,1,6,0.1,0.4,0.3,0.5,1.1,0,1.6,1.8,0,0.2,0
49,126,1,7,0.1,0.5,0.3,0.6,1.3,0,1.9,2.1,0,0.2,0
64,126,1,8,0.2,1.1,0.6,1.2,1.9,0.1,1,1.3,0.5,0.1,0
65,126,1,9,0.2,1.2,0.7,1.3,2.2,0.1,1.1,1.5,0.6,0.1,0
66,126,1,2,0.1,0.3,0.2,0.3,0.5,0,0.2,0.3,0.1,0,0
67,126,1,24,0.6,3.3,1.8,3.5,5.9,0.3,3,3.8,1.5,0.3,0
68,126,0,55,3,7,3,12,15,2,5,3,5,0,0
69,126,0,35.5,0,2.5,1,7,5,1,8,7,2,2,0
70,126,1,12,0.2,0.6,0.3,1.4,2.1,0.2,2.3,3.5,0.8,0.6,0
71,126,1,15,0.2,0.7,0.4,1.7,2.7,0.3,2.9,4.4,1,0.7,0
88,126,1,2,0.1,0,0.1,0.3,0.5,0,0.4,0.5,0,0.1,0
91,126,1,3,0.1,0,0.2,0.5,0.7,0,0.6,0.8,0,0.1,0
94,126,1,3,0.1,0.3,0.1,0.4,0.9,0.1,0.5,0.1,0.4,0.1,0
95,126,1,4,0.1,0.4,0.1,0.6,1.3,0.1,0.7,0.1,0.5,0.1,0
109,126,1,8,0.7,1.1,0.2,1.6,2.2,0,1.1,0,0.9,0.2,0
123,126,1,11,0.4,0.4,0.4,1.9,2.9,0.2,0.6,1.7,1,1.5,0
0,127,1,2,0,0.2,0,0.1,0.5,0,0.3,0.5,0.2,0.2,0
1,127,1,2,0,0.2,0,0.1,0.5,0,0.3,0.5,0.2,0.2,0
2,127,1,3,0.1,0.3,0.1,0.2,0.7,0,0.4,0.8,0.2,0.2,0
6,127,1,10,0.4,1,0.4,1.8,1.9,0.1,2,1.5,0.5,0.4,0
7,127,1,15,0.6,1.4,0.6,2.6,2.9,0.2,3.1,2.2,0.8,0.6,0
8,127,0,61,2,5,4,6,13,0,13,14,3,1,0
9,127,0,55,3,5,3,7,11,0,12,8,3,3,0
10,127,0,76.5,0,8,10.5,9,20,0,10,8,6,5,0
11,127,0,37,2,4,2,7,8,0,10,3,0,1,0
13,127,1,4,0.1,0.4,0.1,0.5,0.5,0.1,1.3,0.6,0.1,0.3,0
14,127,1,4,0,0.5,0.2,0.1,1.1,0,0.8,1,0.2,0.1,0
16,127,1,10,0,1.3,0.5,0.3,2.6,0,2.1,2.4,0.5,0.3,0
18,127,1,1,0,0.1,0.1,0,0.3,0,0.2,0.2,0.1,0,0
19,127,1,2,0,0.2,0.1,0,0.4,0,0.4,0.7,0.1,0.1,0
36,127,1,8,0,0.5,0.9,1.5,2.2,0.5,1.2,0.5,0.3,0.2,0.2
38,127,1,2,0,0.1,0.2,0.4,0.6,0.1,0.3,0.1,0.1,0,0.1
39,127,0,125.5,10,5.5,9,33,17,3,14,17,11,6,0
40,127,1,20,0.8,1.2,1.8,2.3,5.1,0,3.3,2.8,1.2,1.5,0
44,127,1,11.5,0.2,0.8,0.6,0.9,2.2,0,3.1,3.4,0,0.3,0
45,127,1,18,0.2,1.2,0.9,1.5,3.4,0,4.9,5.4,0,0.5,0
46,127,1,12,0.1,0.8,0.6,1,2.3,0,3.3,3.6,0,0.3,0
66,127,1,3,0.1,0.4,0.2,0.5,0.7,0,0.4,0.5,0.2,0,0
67,127,1,14,0.3,1.9,1,2.1,3.5,0.2,1.7,2.2,0.9,0.2,0
68,127,0,27,1,0,0,2,6,0,8,6,0,4,0
69,127,1,29,0.5,1.4,0.7,3.3,5.2,0.5,5.6,8.5,1.9,1.4,0
70,127,0,27,1,3,2,4,3,0,4,6,1,3,0
71,127,1,15,0.2,0.7,0.4,1.7,2.7,0.3,2.9,4.4,1,0.7,0
92,127,1,4,0.1,0,0.3,0.6,0.9,0,0.8,1.1,0,0.2,0
93,127,1,2,0.1,0,0.1,0.3,0.5,0,0.4,0.5,0,0.1,0
94,127,1,7,0.1,0.8,0.3,1,2.2,0.1,1.2,0.3,0.9,0.1,0
