x,y,imputed,ind,ind_0_3,ind_11_17,ind_18_24,ind_25_39,ind_40_54,ind_4_5,ind_55_64,ind_65_79,ind_6_10,ind_80p,ind_inc
79,9,2,62,2.7,5.4,3.9,11.1,11.9,0.5,8.4,8.9,2.8,5.9,0.5
79,107,1,1,0.1,0.1,0.1,0.3,0.1,0,0,0.1,0.1,0.1,0
79,69,2,62,5.1,2.9,0.6,14.5,7.2,2.1,8.2,9.5,3.2,6.6,2.1
79,68,3,38,1.7,1.3,0.9,6.9,6.3,1.7,3.4,3.8,3.4,6.9,1.7
79,36,1,4,0,0.3,0.2,0.8,0.8,0,0.5,0.8,0.2,0,0.4
79,11,0,25,1,3,1,4,3,1,4,6,1,1,0
79,7,1,9,0.2,0.9,0.6,0.8,2.7,0,0.9,1.3,0.6,0.6,0.4
79,41,1,23,1.2,4.5,1.2,2,6.1,0.8,3.2,0.4,0.8,2.4,0.4
79,10,3,93,3.3,8.3,5.2,12.3,15.6,1.6,21.9,8.5,4.3,8.8,3.2
79,40,1,5,0.2,1,0.3,0.4,1.3,0.2,0.7,0.1,0.2,0.5,0.1
79,6,1,2,0.1,0.2,0.1,0.2,0.6,0,0.2,0.3,0.1,0.1,0.1
55,117,1,8,0,0.4,0.2,0.8,1.2,0.2,2.2,1.2,0,1.2,0.6
55,66,1,1,0,0,0,0.1,0.3,0,0.2,0.3,0,0.1,0
55,62,1,9,0,0,0.7,1.2,1.9,0.4,1.4,1.9,0.8,0.5,0.2
55,20,3,7,0.3,0.7,0.3,1.4,1.4,0,1.4,0.7,0.1,0.4,0.3
55,64,2,14,0.4,1.5,0.9,1.4,3.6,0.5,2,1.4,1,0.9,0.4
55,6,1,10,0,0.6,0.8,1.3,1.8,0.2,1.5,2.2,0.2,1.3,0.1
55,56,1,12,0.3,1.4,0.2,1.6,2.6,0.2,1.8,2.3,1.1,0.5,0
55,69,1,3,0,0.1,0,0.3,0.7,0,0.6,0.9,0,0.3,0.1
55,63,1,130,8.4,8.5,5.7,30.1,22.2,3.4,17.7,17,6.8,7.8,2.4
55,65,1,10.5,0,0.4,0,0.9,2.5,0,1.9,3.2,0.1,1.1,0.4
55,29,1,2,0.1,0.2,0.1,0.4,0.4,0,0.4,0.2,0,0.1,0.1
55,55,1,4,0.1,0.5,0.1,0.5,0.8,0,0.6,0.8,0.4,0.2,0
82,14,1,4,0.2,0.2,0.4,0.5,0.6,0,0.8,0.6,0.2,0.4,0.1
88,59,3,69,3.6,2.4,6.1,12.1,12.6,1,17.6,9.7,3,0.4,0.5
88,40,2,70,3.3,5.3,1.1,9.6,15,2.3,18.6,7.7,4.1,0.8,2.2
88,60,3,13,0.5,1.3,0.1,1.4,3,0.3,2.1,2.5,1.3,0.1,0.4
88,53,1,4,0.1,0,0,0.7,0.5,0.1,0.7,1.5,0.3,0.1,0
88,32,1,1,0.1,0,0.1,0.2,0.2,0,0.2,0.2,0,0,0
88,28,1,4,0,0.5,0.1,0.7,1.1,0.2,0.5,0.7,0.1,0,0.1
88,79,4,52,4.1,4.7,1.2,15.6,8.4,1.7,6.1,4.7,3.6,1.9,0
88,80,1,17,0.4,0.4,0.5,3.6,5,1.4,2.7,1.4,0.7,0.9,0
88,31,1,3,0.3,0.1,0.3,0.7,0.5,0,0.4,0.5,0.1,0,0.1
88,29,2,8,0,1.1,0.2,1.4,2.1,0.5,0.9,1.4,0.2,0,0.2
24,8,1,1,0,0.1,0.1,0.1,0.3,0,0.2,0.2,0,0,0
24,99,1,10,0,1,1.6,0.4,3,0.1,0.6,2.3,1,0,0
24,116,3,36,1,3,3.2,2.6,8.4,0.6,9,4.8,0.6,2.2,0.6
24,98,3,37,0,3.6,6.1,1.5,11.1,0.5,2.1,8.5,3.6,0,0
24,93,2,39,0,0,2.2,2,6.9,0.2,6.7,12.8,3.2,5,0
24,115,2,21.5,0.6,1.8,1.9,1.6,5.1,0.3,5.4,2.9,0.3,1.3,0.3
24,92,1,13,0,0,0.4,0,1.9,0.4,1.5,6.1,0.4,2.3,0
24,74,1,2,0.2,0.1,0.1,0.6,0.3,0,0.3,0.2,0.2,0,0
124,24,2,6,0.4,0.3,0.3,1.1,1,0,0.6,1.2,0.5,0.3,0.3
124,33,1,3,0,0.1,0,0.3,0.3,0,0.9,1,0,0.4,0
124,27,1,1,0,0.1,0,0.2,0.2,0,0.2,0.2,0,0.1,0
124,110,1,13,0,0.5,0,0.4,2.5,0,1.5,6.6,0,1.5,0
124,32,1,7,0,0.2,0,0.7,0.7,0,2.1,2.4,0,0.9,0
124,23,2,11,0.7,0.6,0.4,2,1.8,0.2,1.3,2.2,0.9,0.4,0.5
65,48,3,73,6,6.1,3.6,17.7,11.7,0.2,10.1,6.2,2.3,8.1,1
65,47,2,98,5.5,7.2,4.5,21.9,16.6,0.3,14,8.6,8.3,9.5,1.6
65,8,1,5,0.7,0.7,0,1,0.8,0,0.5,0.5,0.3,0.5,0
65,31,1,4,0.3,0.3,0.1,0.9,0.6,0,0.4,1,0.3,0.1,0
65,36,2,20,1.2,0.6,1.4,2.8,3.8,0,5.3,1.6,1.4,1.4,0.5
86,46,1,1,0,0.2,0,0.2,0.2,0,0.1,0.1,0,0.1,0.1
86,47,4,53,1,8.4,2.8,8.2,11.3,1.1,7.7,4.9,2.5,2.7,2.4
86,53,2,61,1.9,3.6,3,10.3,15.7,2,10.9,5,6.2,1.4,1
86,1,1,4,0.2,0.4,0.1,0.5,0.8,0.1,0.6,0.7,0.2,0.3,0.1
86,110,3,41,2.1,2.1,3.7,5.3,9.3,0.5,8.6,3.2,2.4,2.8,1
86,52,3,53,1.7,5.3,2.1,6.8,17.6,0,10,4.1,2.4,0.9,2.1
86,111,2,20,1.4,1.4,0.6,4.2,4.2,0.6,2,1.4,3.2,1,0
86,100,1,9,0.1,0.4,0.5,0.9,1.9,0.4,1,1.7,0.4,0.9,0.8
86,54,1,20,0.6,2.1,0.8,2.5,6.6,0,3.8,1.6,0.9,0.3,0.8
23,3,1,2,0.2,0.2,0.1,0.2,0.3,0,0.4,0.2,0.1,0.3,0
23,2,1,7,0.5,0.8,0.4,0.8,1,0,1.5,0.8,0.4,0.8,0
23,99,2,46,0,3.8,6.3,4.3,10.4,0.1,7.5,9.8,0.8,3,0
23,116,1,3,0.1,0.3,0.3,0.2,0.7,0,0.8,0.4,0,0.2,0
23,98,2,160,9,11.3,14.3,26.6,34.2,5.2,23.8,17.3,7.3,8,3
23,97,1,4,0,0.4,0.7,0.2,1.2,0,0.2,0.9,0.4,0,0
23,95,1,4,0.3,0.2,0.4,0.7,0.8,0.2,0.5,0.3,0.3,0.3,0
30,82,3,15,0.6,1.8,0.8,1.2,4.6,0.1,2.2,1.5,0.3,0.8,1.1
30,73,1,3,0.2,0.2,0,0.3,0.5,0.1,0.8,0.3,0.2,0.2,0.2
30,80,2,25,1.1,3.1,1.1,2.8,8,0.2,3.3,2.6,0.2,1.3,1.3
30,121,1,6,0.4,0.1,0.1,1.1,0.7,0,0.8,1.5,0.1,1.1,0.1
30,120,2,2,0.2,0,0,0.4,0.2,0,0.2,0.6,0,0.4,0
30,92,3,25,1.2,1.8,1.4,2.5,4.9,0.7,3.9,6.3,0.6,1.7,0
30,94,2,17,0.9,1.1,0.5,2.2,3.3,0.8,2.2,4.3,0.6,1,0.1
30,91,0,108,3,14,7,9,26,2,9,23,6,8,1
30,81,1,136,5.4,11.4,5.9,19.7,24.4,2,25.8,22.1,6.4,10.7,2.2
30,87,1,5,0.2,0.6,0.1,0.6,1.3,0.1,0.6,0.6,0.5,0.3,0.1
30,111,2,12,0.6,1,0.2,1.8,2.6,0.4,2.2,1.6,0.2,0.6,0.8
30,119,1,2,0,0,0.1,0.5,0.2,0,0.4,0.6,0.1,0.1,0
30,72,1,15,1,0.8,0,1.7,2.7,0.7,3.9,1.7,0.7,1,0.8
30,93,1,6,0.3,0.4,0.1,0.9,1.1,0.3,0.7,1.5,0.3,0.3,0.1
30,46,1,5,0.1,0.7,0.3,0.2,1.2,0.1,1,0.8,0.3,0.3,0
120,82,2,26,1.9,1.2,0.8,4.3,4.8,1.1,4.3,4.8,1.1,0.5,1.2
120,32,1,4,0,0.4,0,0.3,0.8,0,0.6,1.2,0.2,0.3,0.2
120,68,2,15.5,0.8,2.3,0.4,2.8,3.4,0.3,1.9,2,0.5,1,0.1
120,110,1,9,0.3,0.9,0.1,1.3,1.6,0.1,1,2.2,0.2,1.2,0.1
120,72,2,6,0.3,0.9,0.1,1.1,1.3,0.1,0.8,0.8,0.2,0.4,0
120,120,1,2,0.1,0.1,0.1,0.4,0.4,0,0.2,0.4,0.1,0.2,0
120,61,1,2,0.1,0.3,0,0.4,0.4,0,0.3,0.3,0.1,0.1,0
120,80,1,2,0.1,0.1,0.1,0.3,0.4,0.1,0.3,0.4,0.1,0,0.1
120,112,2,10,0.4,1,0,1.5,1.8,0.1,1.1,2.5,0.2,1.3,0.1
120,83,2,5,0.4,0.2,0.1,0.9,0.9,0.2,0.9,0.9,0.2,0,0.3
120,67,1,8,0.4,1.2,0.2,1.4,1.7,0.2,1,1,0.3,0.5,0.1
80,4,3,38,1.9,3.3,0.7,4.5,7.9,1.3,5.9,6.6,2,2.6,1.3
80,40,3,92,5,10.8,4.6,13.6,22,3,11.8,8.5,4.6,6.1,2
80,41,0,69.5,2,7.5,2,9,15,1,18,3,5,4,3
80,53,4,82.5,2.3,5.9,6.3,10.5,21.7,0.9,10.6,17,3.2,2.4,1.7
80,72,4,66,3.3,5.8,3.3,15.7,11.6,2.1,10.3,7.5,3.1,3.3,0
80,68,2,2,0,0,0,0.4,0.4,0,0.2,0.2,0.2,0.4,0.2
80,69,1,11,0.5,0.4,0.2,2,1.8,0.5,1,1.1,1,2,0.5
80,10,1,14,0.6,0.6,1.4,1.7,2.3,0.1,2.9,2,0.6,1.5,0.3
80,52,1,2,0,0.1,0.1,0.3,0.5,0,0.3,0.5,0.1,0,0.1
80,54,1,12,0.7,1.1,1.2,1.2,3.2,0,1.5,2.2,0.2,0.5,0.2
100,17,2,22,0,2.2,0,3.5,3.6,0,6.2,1.7,2.2,1.7,0.9
100,86,2,19,0.8,2.2,0.6,3.3,5.3,0,2.2,1.6,0.6,1.6,0.8
100,54,1,4,0,0.2,0.3,0.4,0.8,0,1.1,0.4,0.2,0.5,0.1
100,16,1,3,0,0.3,0,0.5,0.5,0,0.9,0.2,0.3,0.2,0.1
100,75,1,1,0.1,0,0,0.2,0.1,0,0.1,0.2,0,0.3,0
100,74,1,2,0,0,0.1,0.5,0.1,0.1,0.4,0.4,0.1,0.3,0
100,85,2,20,0.9,2.3,0.6,3.5,5.5,0,2.3,1.7,0.6,1.7,0.9
123,24,3,93,5.6,5.9,3.3,20.6,17.8,1.7,11.9,11.3,10.3,2.3,2.3
123,47,1,5,0,0.5,0.1,0.7,1,0,0.7,1.5,0.3,0.2,0
123,48,3,69,2,4.5,1.9,10.3,17,1,7.3,16.5,6.7,1.8,0
123,126,2,45,0.6,0.4,5.6,8.2,5.2,0,8.8,8.8,2.6,2.8,2
123,110,1,125,7,12.4,6,16.6,24,3,15.3,30.4,3,7.3,0
123,25,1,7,0.2,0.6,0.3,1,1.5,0.1,1.4,1.3,0.3,0.3,0
123,125,2,15,1,0.5,1.1,3.3,3.3,0,1.1,2.6,1,1.1,0
123,26,2,10,0.4,0.8,0.4,1.4,2.2,0.2,2,1.8,0.4,0.4,0
123,20,1,2,0.1,0.1,0.1,0.4,0.3,0,0.2,0.4,0.2,0.1,0.1
123,111,1,2,0,0.1,0,0.1,0.4,0,0.2,1,0,0.2,0
0,31,2,12,0.1,1.1,0,2.2,2,0.7,2.5,1.2,1,1.2,0
0,3,1,13,0.5,1.6,1.1,1.1,4.3,0,0.9,2.3,0.5,0.5,0.2
0,32,2,21,0.3,1.8,0,3.8,3.6,1.2,4.3,2.1,1.8,2.1,0
0,4,1,11,0.4,1.4,0.9,0.9,3.6,0,0.8,2,0.4,0.5,0.1
0,120,4,32,0.4,2.2,0.9,4.7,6.3,0.8,3.8,7.9,1.7,3.3,0
0,71,3,21,0.5,1.7,1.2,2.3,4.4,0,4.2,4.1,0.8,1.6,0.2
0,126,2,50,2.3,0.5,1.8,3.5,7.7,1,13.7,13.5,1.6,3.4,1
0,121,2,10,0.1,0.6,0.3,1.5,2,0.3,1.2,2.5,0.5,1,0
0,69,4,31,1.6,1.7,0,3.9,4.8,0.8,6.3,5.5,0,6.4,0
0,70,3,57,1.9,2.3,6,6.7,12.8,0,9.9,8.4,1.1,5.6,2.3
0,57,3,26,1.7,2.3,1.4,5.2,3.8,0,3.9,5.2,1.7,0.8,0
0,58,2,24.5,1.6,2.1,1.4,4.9,3.6,0,3.7,4.9,1.6,0.7,0
116,79,1,76,2,8.6,7,12.2,18.2,1,15.1,5.1,3.6,3.1,0.1
116,5,1,2,0,0.1,0.1,0.1,0.6,0,0.5,0.2,0,0.4,0
116,80,2,25,0,3.3,1.6,3.3,6.5,0,3.8,4.9,1.1,0.5,0
116,63,3,40,0.7,1.8,2.2,4.4,9.1,0,10.6,7.6,2.2,0.7,0.7
116,7,1,60,3,3.7,1,14.3,10.6,3.4,3,14.7,3.1,3.2,0
116,81,2,11,0,1.5,0.7,1.5,2.8,0,1.7,2.1,0.5,0.2,0
116,8,1,13,0,0.8,0,2.7,3.4,1.1,0,2.3,1.9,0.8,0
116,55,1,1,0,0,0,0.2,0.2,0,0.3,0.2,0,0.1,0
116,121,1,2,0.2,0.3,0.1,0.3,0.4,0,0.3,0.2,0.2,0,0
116,52,1,3,0.1,0,0.1,0.5,0.7,0,0.8,0.5,0,0.2,0.1
116,6,3,17,0,0.5,0.5,1,4.8,0.5,4.4,1.4,0,3.9,0
29,87,2,91,1.1,6.5,2.1,8.2,24.9,1.1,17.6,17,3.2,4.9,4.4
29,89,2,14,0.7,1.6,0.3,1.6,3.7,0.3,1.6,1.7,1.4,0.7,0.4
29,86,2,14,0,0.5,0,0,2.8,0,2.8,5.6,0,1.7,0.6
29,73,3,56,2.4,1.8,1,6,9.4,2.8,13.4,8.2,2.8,5.4,2.8
29,95,1,64.5,2,5.8,3.7,6.3,9.9,1.3,15.9,12,0,6.3,1.3
29,80,3,31,1.6,3.7,1.1,3.8,10.3,0.4,3.8,3.5,0,1.6,1.2
29,120,2,9,0.6,0.2,0.2,1.6,1,0,1.2,2.2,0.1,1.6,0.3
29,92,0,503.5,13,32,41,70,96,8,100,80,22.5,40,1
29,94,2,42,2.2,2.8,0.8,6.2,7.8,2.2,4.5,10.7,2,2.2,0.6
29,91,2,242.5,12.2,13.7,15.4,39.3,50.7,6.7,21.9,52,11,17.6,2
29,119,2,9,0,0,0.3,2.2,0.9,0.3,1.7,2.7,0.4,0.5,0
29,93,1,1,0,0.1,0,0.1,0.2,0.1,0.1,0.3,0,0.1,0
29,81,2,92,6.2,4.1,4.9,13.1,18.3,0.4,11.1,21.8,0,9.2,2.9
29,72,1,31.5,2.3,0.2,1,5.4,6.7,3.2,6,2.5,0.7,3.3,0.2
29,112,1,48,3,2.3,6.3,9.6,6.5,1.6,9.2,3.2,2.3,3,1
29,90,1,3,0.1,0.2,0.2,0.3,0.6,0.1,0.5,0.7,0.1,0.2,0
29,111,3,51,1.2,1.6,2.5,10.3,8.5,1.9,8.2,9.9,1.4,4.2,1.3
29,96,1,1,0,0.1,0.1,0,0.2,0,0.3,0.1,0,0.1,0.1
71,91,2,10,0,0.6,0.8,1,1.6,0,1,2.8,0.4,1.2,0.6
71,65,3,27,0.3,1.9,1.3,2.8,7.2,0,3.7,5.7,1.9,1.3,0.9
71,120,1,1,0,0.1,0.1,0.1,0.3,0,0.2,0.2,0,0,0
71,92,1,3,0,0.2,0.2,0.3,0.5,0,0.3,0.8,0.1,0.4,0.2
76,46,4,60,4.9,7.4,2.3,8.3,16.4,0,4.1,7.4,5.8,0,3.4
76,103,1,2,0.1,0.1,0.1,0.1,0.4,0.1,0.4,0.5,0,0.1,0.1
76,76,1,3,0,0.4,0.5,0.5,0.6,0.1,0.4,0.1,0.3,0.1,0
76,47,2,6,0.5,0.7,0.3,0.8,1.7,0,0.4,0.7,0.6,0,0.3
76,81,1,4,0,0,0,0.6,1.3,0,0.9,0.6,0,0.4,0.2
76,57,3,100,8.1,7,4.3,19,17.1,3.3,13.2,12.5,4.8,7.5,3.2
76,56,2,16,0.4,2.1,0.3,3.3,3.1,0.5,1.6,3.3,0.7,0.7,0
76,58,1,4,0.4,0.1,0,1,0.4,0.1,0.5,0.6,0.3,0.4,0.2
98,108,2,62,2,6.7,7,4.7,13.4,1.5,6.2,9.3,1.5,5.1,4.6
98,85,2,21,0.9,2.4,0.6,3.7,5.8,0,2.4,1.8,0.6,1.8,1
98,109,1,11,0.4,1.5,0.4,1.1,2.6,0.2,1.3,2.2,0.2,0.4,0.7
98,66,1,25,0.8,3.1,1.5,3.9,9.4,0,2.3,1.6,0.8,0,1.6
98,68,3,34,0.8,2.4,0,5,5,1.2,5.1,10,0.4,3.3,0.8
98,67,2,14,0.4,1.4,0.4,2.1,3.6,0.3,1.7,2.4,0.3,0.7,0.7
98,55,1,2,0,0.1,0.2,0.2,0.4,0,0.5,0.2,0.1,0.3,0
98,42,1,5,0.2,0.1,0.7,0.3,1.4,0,1.7,0.4,0.1,0,0.1
46,5,1,4,0.2,0.3,0.1,0.5,0.6,0,0.5,0.8,0.3,0.7,0
46,88,2,108,2.3,12.9,6.4,13.2,28.5,2.2,12.8,10.5,10.5,5.4,3.3
46,89,2,54.5,1.2,7,5.2,3.5,14.2,0.5,9.9,6.7,2.8,1.3,2.2
46,115,1,6,0.3,0.4,0.6,1.1,1.6,0.3,0.3,0.9,0.3,0.1,0.1
59,48,1,52,0.2,7.9,1.4,4.3,8.8,0,8.9,7.7,3.2,8.7,0.9
59,72,1,2,0.2,0.2,0,0.4,0,0,0.5,0.4,0.2,0.1,0
59,47,1,1,0,0.1,0.1,0,0.2,0,0.3,0.2,0,0,0.1
59,127,1,2,0,0.1,0.2,0.3,0.4,0,0.3,0.3,0.1,0.2,0.1
59,126,1,10,0,0.5,1.1,1.3,2.2,0.2,1.3,1.3,0.5,0.9,0.7
59,88,1,2,0,0.3,0.3,0.1,0.5,0,0.4,0.1,0,0.2,0.1
59,49,2,31,0.1,1.8,2.1,1.2,4.2,0,6.2,10.9,0.2,3.5,0.8
59,100,1,4,0.1,0.3,0.3,0.6,0.7,0.1,0.7,0.8,0.1,0.3,0
59,22,1,5,0.5,0,0,1.7,0.5,0,0.2,1.7,0,0.2,0.2
31,84,1,6,0.2,0.7,0.4,0.4,1.7,0,0.9,0.5,0.2,0.4,0.6
31,82,2,14,0.5,1.7,1.1,0.8,4,0,2,1.2,0.5,0.8,1.4
31,81,1,3,0.1,0.4,0.2,0.2,0.8,0,0.4,0.3,0.1,0.2,0.3
31,46,4,36,0.5,5,2.5,1.5,9,0.5,7,5.5,2,2.5,0
31,47,2,9,0.1,1.2,0.7,0.3,2.2,0.1,1.8,1.4,0.5,0.7,0
31,45,1,5,0.1,0.7,0.3,0.2,1.2,0.1,1,0.8,0.3,0.3,0
15,10,1,4,0.1,0.3,0.2,0.5,0.8,0,0.9,0.8,0.1,0.3,0
15,8,1,2,0.2,0.1,0.2,0.3,0.4,0,0.2,0.5,0.1,0,0
15,11,3,9,0.1,0.6,0.6,1.2,1.8,0,2.1,1.8,0.2,0.6,0
15,9,2,7,0.9,0.5,0.6,1.2,1.2,0.1,0.6,1.6,0.3,0,0
15,113,1,6,0.4,0.5,0.1,0.6,1.1,0.1,1.2,1.3,0.2,0.3,0.2
15,76,3,27,0,2.4,0.9,4.9,4.1,0.6,4.4,4.1,2.7,2.7,0.2
15,114,2,16,1.1,1.4,0.2,1.6,2.9,0.2,3.3,3.4,0.5,0.9,0.5
15,52,2,12,0,0,1.2,0.8,2.7,0.4,1.5,3,0.4,1.2,0.8
15,39,1,1,0,0.1,0,0.2,0.2,0,0.2,0.1,0.1,0.1,0
15,75,2,7,0,0.7,0.2,1.2,1,0.2,1.2,1.1,0.7,0.7,0
15,94,2,22,0,1.6,2.1,1.3,5.1,0,4.7,5.1,0,1.7,0.4
15,97,1,3,0,0.2,0.3,0.2,0.7,0,0.6,0.7,0,0.2,0.1
15,41,1,2,0.1,0,0,0.3,0.2,0.1,0.4,0.5,0.1,0.2,0.1
15,95,1,17,0,1.3,1.7,1,3.9,0,3.6,3.9,0,1.3,0.3
63,60,2,16,0.5,2,1,0,5.7,0.6,0,4.6,0,1.6,0
63,72,1,14,0,0.7,0.4,2.6,2.7,0,2.7,2.7,1.3,0.9,0
63,61,2,14,0.5,1.7,0.9,0,4.9,0.5,0,4.1,0,1.4,0
63,39,2,6,0.4,0.2,0.4,0.8,1.2,0,1.6,0.4,0.4,0.4,0.2
63,35,0,298,17,27,22,44,68,10,36,26,20,22,6
63,34,1,195,8.7,14.7,15.9,41.1,37.4,5,24.6,22,13.7,9.9,2
63,36,2,195.5,7.5,14.7,14.8,35.4,45.6,5,29.5,21.9,7.7,11.8,1.6
63,2,2,26,1.6,2.8,1,3.6,5.7,0.3,4,3.5,1.2,2.3,0
63,93,3,13,0,1.5,1.3,0.4,4.1,0,1.3,2,0,2,0.4
63,3,1,1,0.1,0.1,0,0.2,0.2,0,0.1,0.1,0.1,0.1,0
63,26,1,1,0.1,0,0,0.4,0.1,0,0,0.4,0,0,0
75,48,2,58,4.3,3.1,5.3,12.6,10.1,1.3,15.3,3.5,0.8,0.1,1.6
75,47,2,160.5,14.4,17.7,8.5,37.3,26.4,3,16.8,11.9,15.7,8.3,0.5
75,109,2,12,0.5,1.1,0.8,1.1,3.1,0,2.4,1.6,0.5,0.9,0
75,56,2,34,2.2,2.2,1,8.7,2.4,1,7.4,6.5,1.2,1.3,0.1
75,80,3,59,2.4,4.7,1.7,9.5,9.3,0,14.2,11.6,2.7,1.5,1.4
75,108,1,11,0.5,1,0.7,1,2.8,0,2.2,1.5,0.5,0.8,0
75,46,1,74,4.1,6.5,0.2,13.8,19,1.2,9,5.5,6.2,2,6.5
75,112,2,13,0.4,0.8,1,1.4,1.6,0.6,2,2.4,0.8,1.6,0.4
75,81,3,11,0.2,0.4,0.1,1.8,2.7,0,2.4,2.1,0.1,0.8,0.4
75,57,2,30,1.5,3.1,0.3,6.6,4.9,0.8,3.3,5.7,1.5,1.8,0.5
75,100,1,3,0.1,0.4,0.2,0.3,0.5,0.1,0.4,0.6,0.1,0.3,0
25,95,2,84,7,5.2,8.7,13.9,17.3,3.4,11.3,6,6,5.2,0
25,92,1,120,0.7,7.4,7,10.7,25.5,0.4,19.4,33.5,1.4,10,4
25,116,1,2,0.1,0.2,0.2,0.1,0.5,0,0.5,0.3,0,0.1,0
25,91,1,197.5,4.3,18.1,10,18.3,50.5,1.6,30.6,45.5,5.6,11,2
25,115,2,3,0.1,0.3,0.3,0.2,0.7,0,0.8,0.4,0,0.2,0
25,94,0,52,0,5,1,6,8,1,16,13,2,0,0
25,93,1,15,0,0,0.4,0,2.2,0.4,1.8,7.1,0.4,2.7,0
43,107,4,47,0.7,4.9,1.4,6.3,11.1,2,3.4,8.3,2.1,3.4,3.4
43,99,2,12,0,0.3,0.3,2.1,0.8,0,4.4,2.8,0.2,1.1,0
43,66,2,27,0.7,2.3,1.4,4.4,6.6,0.7,0.7,9.5,0,0.7,0
43,106,1,4,0.1,0.4,0.1,0.5,0.9,0.2,0.3,0.7,0.2,0.3,0.3
43,58,2,12,0,1.2,0.8,0.4,2,0,2,2.8,0.8,1.2,0.8
43,67,1,7,0.2,0.6,0.4,1.1,1.7,0.2,0.2,2.4,0,0.2,0
43,123,1,4,0.1,0.5,0.1,0.6,0.7,0.2,0.5,0.6,0.2,0.3,0.2
43,100,2,109,3.5,7.1,5.7,16.6,19.7,3.7,15.8,17.3,8.1,9,2.5
43,59,2,16,0,1.6,1,0.6,2.6,0,2.7,3.8,1,1.6,1.1
43,124,1,18,0.6,2.1,0.4,2.7,3.3,0.7,2.3,2.7,0.9,1.5,0.8
43,71,1,3,0.2,0.3,0.2,0.4,0.8,0,0.8,0.2,0,0.1,0
43,27,4,40,1.7,2.5,0.9,7,4.3,0,4.3,15.7,0,2.6,1
111,51,1,72,1,6.9,1.7,11.5,18.1,1,13.1,11.1,2.2,3.7,1.7
111,52,0,115.5,3,10.5,4,23,18,2,24,18,8,4,1
111,127,1,91,6.1,9.4,6.2,19.6,13,5.1,7.5,10.6,4.5,8,1
111,121,2,87,5.6,6.7,3.6,16.4,16.2,5.2,7.9,10.8,6.9,7.7,0
111,122,1,200,6,18.6,13.2,33.7,49.9,4.5,20.9,31.2,14,4.5,3.5
111,76,2,23,0,2.3,0,2.3,8.1,1.3,4,3.6,0.5,0,0.9
111,102,1,3,0,0,0.1,0.4,0.5,0,0.6,0.5,0.2,0.6,0.1
111,77,1,5,0,0.5,0,0.5,1.7,0.3,0.9,0.8,0.1,0,0.2
111,103,2,182.5,5,8.4,10.8,24.1,41.8,0.5,27.6,38.8,10.1,13.6,1.8
111,19,1,5,0.3,0.4,0.3,0.6,1.3,0.2,0.3,0.7,0.5,0.3,0.1
111,106,1,9,0.2,0.5,1,1.5,2.7,0,1.3,0.5,0.7,0.3,0.3
111,123,1,17,0.6,2.6,0.7,2.6,3.9,0.3,2.2,1.3,1.1,0.3,1.4
111,104,0,102,4,9,3,12,23,0,20,16,5,9,1
111,75,1,5,0,0.5,0,0.5,1.7,0.3,0.9,0.8,0.1,0,0.2
111,111,2,5,0.2,0.4,0.1,0.7,0.8,0.2,0.7,0.8,0.6,0.4,0.1
111,105,1,84,2.7,6.5,10,14.5,14.7,1.5,14.3,10.5,3.7,4.3,1.3
5,50,1,4,0.4,0.2,0.4,0.8,0.5,0.1,0.5,0.6,0.5,0,0
5,51,4,18,0.8,1.5,1.2,2.8,4.2,0.3,1.6,2.5,1.5,1.4,0.2
5,53,1,6,0.1,0.6,0.3,0.8,1.7,0.1,0.4,0.8,0.4,0.7,0.1
5,104,2,4,0,0.5,0.4,0.3,1.1,0,0.8,0.4,0,0.5,0
5,112,3,72,2.2,7.8,3.4,9.6,16,0.6,8.3,13.9,4.7,3.5,2
5,111,2,84,4.9,8.6,2.6,14.2,18.6,0.3,13.3,10.5,7.6,2.4,1
5,64,1,3,0.1,0.2,0,0.4,0.5,0.1,0.6,0.5,0,0.6,0
92,53,1,231.5,19.7,18,13.5,66.4,36.8,9.4,20.2,14.6,24.5,6.4,2
92,67,3,104,1,9.8,7.8,11,30.6,3,19.4,9.5,3,8,0.9
92,77,1,3,0.2,0.3,0.1,0.9,0.5,0.1,0.3,0.3,0.2,0.1,0
92,66,1,33.5,0,1.2,2.2,6.2,6.7,0.5,2.4,12.1,0,1.1,1.1
92,54,1,122,4.1,10.4,4.9,20.2,23.4,5.2,19.7,20.9,8,4.2,1
92,68,2,16,0,1.6,0.8,1.6,4.8,0,4.4,1.2,0.8,0.8,0
92,124,4,51,2.9,8.9,1.4,9.7,8.1,3.7,6,3.7,6.6,0,0
92,118,1,2,0.1,0,0.2,0.3,0.3,0,0.4,0.4,0.2,0.1,0
92,63,1,3,0.1,0.3,0,0.3,0.7,0.1,0.5,0.6,0.3,0,0.1
92,52,1,142.5,14.2,9,7,54,20.8,4.7,11,7.2,12.4,0.2,2
92,101,1,20.5,0.9,2.7,2.7,1.8,5,0,0.9,3.2,1.1,1.8,0.4
92,100,1,4,0.2,0.5,0.5,0.3,1,0,0.2,0.6,0.2,0.4,0.1
35,14,1,110,1.9,10.9,3.1,15.3,21.4,3.6,19.7,19.7,6.2,8.2,0
35,15,2,5,0.2,0.3,0.3,1,1,0.2,0.8,0.8,0,0.4,0
35,13,2,37,0.5,0.5,1.9,2.9,8.5,0.5,7.4,2.9,0,11.9,0
35,23,2,23,1.2,2,0.9,2.9,5.1,0.2,4.1,2.9,1.4,2.3,0
35,24,2,22,1.1,1.9,1,2.7,4.8,0.2,4,2.8,1.3,2.2,0
35,99,1,3,0.2,0,0.3,0.4,0.4,0.1,0.6,0.7,0.2,0.1,0
35,101,2,58,3.1,2.5,1.3,13.6,7.8,2,5.6,12,5.3,3.6,1.2
35,88,1,7,0.2,0.9,0.5,0.4,2,0,1.1,0.6,0.2,0.4,0.7
35,98,2,5,0.3,0,0.5,0.6,0.7,0.2,1,1.2,0.3,0.2,0
35,100,2,58,2.2,0.4,3.7,11.7,9.1,3.1,11.6,9,0.3,6.5,0.4
35,33,0,32,1,2,1,3,7,0,13,2,0,3,0
35,37,1,3,0.2,0.1,0.2,0.5,0.6,0.1,0.5,0.6,0.1,0.1,0
35,34,3,39,2.6,2.7,1.7,6.6,8.4,0.8,6.2,5.1,0.8,3.6,0.5
109,56,3,65,2.8,5.6,1.6,13.7,9.7,2,14.4,8.8,2.2,2,2.2
109,113,3,22,0.6,0,1.3,2.2,2.2,0.7,5.7,7.1,0,2.2,0
109,48,1,109,0.5,3.5,5.3,5.4,21.2,1.2,27,32.7,2.5,7.7,2
109,51,2,92,3.7,4.9,1.7,17,13.5,1.3,6.1,27.5,5.1,8.9,2.3
109,78,2,3,0,0.1,0.1,0.3,0.3,0,0.8,0.8,0,0.6,0
109,108,1,7,0.2,0.4,0.8,1.1,2.1,0,1,0.4,0.6,0.2,0.2
109,62,2,5,0.2,0.2,0.3,0.6,1.6,0,1.7,0.2,0.2,0,0
109,117,2,79,0.4,6.2,3.9,12.3,23.5,2.2,6.6,10.8,6.1,6.8,0.2
109,53,3,84,1.3,7.4,4.2,8.6,15.8,0.9,23.2,17.4,2.3,1.3,1.6
109,14,2,10.5,0.7,0.8,0.7,1.2,2.7,0.5,0.7,1.4,1.1,0.5,0.2
109,82,2,36,0.6,3.5,3.2,5.5,13.1,0,1.3,4.9,1.9,1,1
109,106,1,10,0,1,1,0.3,2.6,0,2,1,0.3,1.5,0.3
109,118,2,86,4.1,8.2,4.7,12.8,20.1,1,8.5,10.1,7.4,7.1,2
109,47,1,2,0,0.3,0.3,0.3,0.3,0,0.5,0.1,0.1,0,0.1
109,72,2,25,1.2,0.8,1.2,3,7,0.2,2.8,4.8,0.6,3.4,0
109,81,1,38.5,1,5.6,2.1,4.1,11.4,1,3,7.1,0.1,1,2.1
109,49,0,69,2,8,4,9,20,0,11,7,6,0,2
109,97,2,10,0.3,1.8,0.3,1.6,2.2,0.2,2,0.5,0.2,0.7,0.2
109,71,1,224,7.1,27.1,14.2,35.8,62.2,3.1,21.5,22.7,23,5.3,2
109,50,2,261.5,14.9,36.1,21.9,50.2,64.2,7.7,35.1,11,17,1.7,1.7
109,104,0,126.5,11,8.5,5,31,22,2.5,14,15,8.5,9,0
109,28,1,5,0.1,0.4,0.2,0.9,0.8,0.1,0.9,0.6,0.6,0.3,0.1
109,55,3,22,1.3,1.9,0.4,4.2,4.2,0,3.8,3.3,0.7,1.5,0.7
109,57,1,10,0.6,0.8,0.2,1.9,1.9,0,1.7,1.5,0.4,0.6,0.4
109,96,1,19,0.6,3.6,0.6,3.1,4.3,0.3,3.7,0.9,0.3,1.3,0.3
109,54,1,3,0.1,0.2,0.1,0.5,0.4,0.1,0.8,0.5,0.1,0.1,0.1
109,77,2,9,0,0.3,0.3,1.2,0.9,0,2.4,2.1,0,1.8,0
109,13,2,6,0.4,0.5,0.4,0.6,1.5,0.3,0.4,0.8,0.6,0.3,0.2
109,79,1,4,0,0.1,0.1,0.5,0.4,0,1.1,1,0,0.8,0
109,100,1,2,0.1,0.4,0.2,0.3,0.5,0.1,0.2,0.1,0.1,0,0
109,70,1,30,3,1.1,0,13.1,3.4,0,4.1,0.1,4.1,1.1,0
109,105,0,164.5,3.5,3,10,24,20,5,38,36,5,20,0
125,31,1,21,0.7,1.9,1.5,3,4.9,0.4,3,1.1,1.1,1.9,1.5
125,32,1,85,3.2,5.9,3.3,17.7,15.7,2.6,10.7,10.8,6.8,3.9,4.4
125,33,1,66,4,5.7,2,10,10,0,13,9.6,2,9.7,0
83,14,1,9,0.4,0.4,0.9,1.1,1.4,0.1,1.8,1.3,0.4,1,0.2
83,101,1,3,0,0.2,0.2,0.3,0.6,0.1,0.3,0.6,0.1,0.3,0.3
68,53,2,12,0,1.3,0.9,1.7,2.1,0.4,2.1,2.6,0.4,0.5,0
68,100,2,19,1.1,1.1,2.3,2.3,2.8,0,2.8,5.6,0,0.5,0.5
68,36,1,6,0,0.5,0.2,1.2,1.3,0,0.8,1.3,0.2,0,0.5
68,123,1,13,0,1.5,1.1,0.7,3.8,0,2.8,2.1,0.2,0.6,0.2
68,51,1,2,0,0.2,0.1,0.4,0.3,0,0.3,0.4,0.1,0.2,0
68,52,1,3,0.1,0.2,0.1,0.6,0.4,0.1,0.4,0.6,0.2,0.3,0
68,40,1,6,0.2,0.6,0.2,1,1.2,0.2,1.2,0.6,0.2,0,0.6
68,101,1,15,0.9,0.9,1.8,1.8,2.2,0,2.2,4.4,0,0.4,0.4
32,104,3,7,0,0.4,0.1,0.6,1.7,0,1.7,1.4,0.4,0.6,0.1
32,88,1,3,0.1,0.3,0.1,0.3,0.8,0.1,0.4,0.4,0.3,0.1,0.1
32,46,4,13,0.1,1.8,0.8,0.6,3.2,0.2,2.6,2,0.7,1,0
127,82,2,87,5.4,6,4.4,14.9,14.6,2.7,12.2,17.7,2.4,6.7,0
127,21,2,55.5,0.4,1.4,5.3,2.8,13.6,0,5.4,18.8,0,6.8,1
127,81,2,3,0.3,0,0.3,0.8,0.1,0,0.3,0.4,0.3,0.5,0
127,20,1,5,0.4,0.3,0.6,0.7,1.3,0,0.3,0.7,0.1,0.6,0
127,9,1,6,0.2,0.4,0.3,1.3,1.1,0,0.8,0.9,0.5,0.4,0.1
127,22,1,2,0.2,0.1,0.2,0.3,0.5,0,0.1,0.3,0,0.3,0
81,40,1,20,0.4,1.7,1.7,2.5,5,0.8,3.8,0,1.2,2.5,0.4
81,4,2,7,0.3,0.6,0.1,0.8,1.4,0.3,1.1,1.3,0.4,0.4,0.3
81,53,1,6,0,0.3,0.4,0.9,1.6,0.1,0.8,1.4,0.3,0.1,0.1
81,72,2,7,0.3,0.7,0.4,1.6,1.2,0.2,1.1,0.8,0.3,0.4,0
81,41,1,3,0.1,0.2,0.2,0.4,0.7,0.1,0.6,0,0.2,0.4,0.1
87,54,2,9,0.3,0.9,0.4,1.1,3,0,1.7,0.7,0.4,0.1,0.4
87,53,2,51.5,2.6,2.9,1.8,8.4,15.3,2,10.5,3.5,2.4,1.3,0.8
87,32,1,3,0,0.3,0.1,0.6,0.6,0,0.4,0.6,0.1,0,0.3
87,80,1,3,0.2,0.3,0.1,0.5,0.3,0,0.7,0.7,0.1,0.1,0
87,100,3,67,1.5,3.6,3.9,8.2,13.7,1.3,9.7,9.9,1.3,9.2,4.7
87,79,1,22,1.1,1.9,1.1,5.2,3.9,0.7,3.4,2.5,1,1.2,0
87,101,2,26.5,0.4,1.4,1.5,2.6,5.6,1.1,3,4.9,1.1,2.6,2.3
87,111,1,20,1.4,1.4,0.7,4.1,4.1,0.7,2.1,1.4,3.1,1,0
112,52,1,1,0,0.1,0,0.1,0.3,0,0.3,0.1,0,0,0.1
112,60,1,2,0.1,0.1,0.1,0.2,0.6,0,0.7,0.1,0.1,0,0
112,127,1,154,5.8,24,10.7,33.2,28.7,3.8,17.3,10.2,12.3,8,0
112,1,3,43.5,1.6,2.7,2.4,9.2,7.7,0,6.1,6.1,3.9,3.1,0.7
112,122,2,37,2,4.1,2.2,5.7,6.3,0.6,4.2,5.5,3.4,1.9,1.1
112,39,1,3,0.1,0.3,0.2,0.5,0.9,0.1,0.3,0.2,0.2,0.1,0.1
112,124,2,17,0.5,2.6,0.7,2.7,3.9,0.3,2.2,1.3,1.1,0.3,1.4
112,103,1,30,1,1,0.1,3.3,9.3,0,1.4,7.3,3.1,2.4,1.1
112,2,1,41.5,1.1,2.7,1.2,5.6,9.5,0,2.4,6.4,3.3,9.2,0.1
112,121,3,21,1.5,1.8,1.5,3.2,2.8,0.4,2.2,4,2.1,1.5,0
112,50,1,2,0,0.2,0.1,0.1,0.5,0,0.5,0.3,0.1,0.1,0.1
112,123,3,32,1.1,4.9,1.3,5,7.3,0.5,4.2,2.4,2.1,0.5,2.7
112,38,2,8,0.3,0.8,0.6,1.3,2.5,0.2,0.9,0.5,0.4,0.3,0.2
112,43,1,2,0.1,0.2,0.1,0.2,0.5,0,0.2,0.6,0,0,0.1
62,61,2,65,3,7.6,3.7,10.8,13.9,0,9.4,5.4,5.6,3.7,1.9
62,40,3,16,0,1.2,0,1.3,1.3,0,5.8,1.7,0.6,4.1,0
62,62,1,2,0,0.2,0.1,0.1,0.5,0,0.3,0.3,0.2,0.2,0.1
62,60,1,2,0,0.2,0.1,0.1,0.5,0,0.3,0.3,0.2,0.2,0.1
62,39,3,35,0.6,2.8,1.1,5.2,6.7,0,6.2,6.3,2.2,2.8,1.1
62,41,1,2,0,0.1,0,0.2,0.2,0,0.7,0.2,0.1,0.5,0
62,35,3,75,1.9,5.1,2,14.1,7,2,8.9,17,4.9,10.1,2
62,34,3,95.5,0.7,8.7,5.1,15.2,15.9,1.8,17.1,17.1,5.9,5.2,2.8
62,33,1,144,5.1,12.5,7.6,17.7,33.6,6.1,15.1,27.5,7.4,7.3,4.1
62,27,1,1,0.1,0,0,0.4,0.1,0,0,0.4,0,0,0
62,38,3,14,0.2,1.2,0.4,2,2.7,0,2.4,2.5,1,1.2,0.4
62,37,1,13,0.2,1.1,0.4,1.9,2.5,0,2.3,2.3,0.8,1.1,0.4
62,36,0,41,5,3,0,9,7,1,4,9,1,2,0
62,87,2,34,1.4,4.4,1,4.4,9.2,1,2.2,4.4,2.9,1.9,1.2
62,32,1,7,0.1,0.5,0.6,0.7,1.6,0.1,1.1,1.5,0.4,0.3,0.1
117,62,2,8,0.1,0.3,0.5,0.8,1.8,0,2.1,1.6,0.5,0.1,0.2
117,32,2,48,0.3,3.7,2.6,4.1,18.2,0.1,6.8,7.4,2.3,1.3,1.2
117,79,1,15,0.5,1,0.5,2.5,3.5,0,2,1,1.5,1.5,1
117,34,1,2,0.1,0.2,0.2,0.3,0.6,0,0.2,0.1,0.1,0.1,0.1
117,118,1,4,0.1,0.3,0.1,0.6,0.6,0.2,0.6,0.6,0.5,0.3,0.1
117,80,1,3,0,0.4,0.2,0.4,0.8,0,0.4,0.6,0.1,0.1,0
117,81,1,7,0,0.9,0.5,0.9,1.8,0,1.1,1.4,0.3,0.1,0
117,33,2,88,3.7,9.4,7.1,11.7,24.8,0.6,12,6.3,3.7,5.1,3.6
117,119,1,3,0.1,0.2,0.1,0.4,0.5,0.1,0.4,0.5,0.4,0.2,0.1
117,5,1,4,0,0.1,0.1,0.2,1.2,0.1,1,0.4,0,0.9,0
56,62,1,3,0,0,0.2,0.4,0.6,0.1,0.5,0.6,0.3,0.2,0.1
56,64,3,18.5,0,0,1.5,2.5,3.8,0.9,2.9,3.8,1.7,1,0.4
56,44,1,1,0,0.2,0,0.1,0.2,0,0.1,0.2,0,0.1,0.1
56,17,1,3,0,0.3,0.1,0.6,0.6,0,0.4,0.6,0.1,0,0.3
56,28,2,18,1,1.6,0.7,3.4,3.6,0.2,3.6,1.6,0.6,1,0.7
56,56,2,112.5,1.9,10.1,3.6,22.7,20.2,5.6,14.2,20.6,6.2,7.4,0
56,63,2,5,0,0,0.4,0.7,1,0.2,0.8,1,0.5,0.3,0.1
56,57,2,42.5,1.1,5,0.7,5.8,8.9,0.7,6.4,8.2,3.9,1.8,0
56,65,1,2,0,0.1,0,0.1,0.5,0,0.4,0.6,0,0.2,0.1
56,29,0,88,4,5,2,17,14,3,15,16,5,6,1
115,62,3,47,2.4,3.7,4,6,11.3,0,8.3,4.9,2.8,2.4,1.2
115,79,1,54,1.5,2.9,1.5,13.3,11.3,5,8.9,4.9,2.4,1.4,0.9
115,63,4,80,2.6,3.6,5,11.7,17.3,0,16.2,15.9,4.5,2.3,0.9
115,17,1,4,0.2,0.2,0.2,0.9,0.9,0.1,0.7,0.2,0.4,0.2,0
115,7,1,12,0,0.3,0.4,0.7,3.4,0.3,3.1,1,0,2.8,0
115,16,1,16,0.6,0.8,0.6,3.8,3.8,0.3,2.7,1,1.4,0.8,0.2
115,33,1,3,0.1,0.3,0.2,0.5,0.9,0.1,0.3,0.2,0.2,0.1,0.1
115,55,1,1,0,0,0,0.2,0.2,0,0.3,0.2,0,0.1,0
115,54,1,1,0,0,0,0.2,0.2,0,0.3,0.2,0,0.1,0
17,22,2,4,0.4,0.4,0.2,0.8,0.6,0,0.6,0.6,0.2,0.2,0
17,21,2,21.5,2,1.8,0.8,3.9,3.2,0.4,3.6,3.2,1.1,1.5,0
17,76,2,25,0,2.1,0.8,4.6,3.8,0.5,4.1,3.8,2.5,2.5,0.3
17,104,1,9,0.8,1.3,0.4,1.1,2.3,0,1.1,0.4,0.4,1,0.2
17,101,2,69,3.1,5.2,4.9,10.3,18.6,1,9.1,10.7,4,1.4,0.7
17,87,1,2,0.1,0.2,0.1,0.4,0.4,0,0.2,0.3,0.2,0,0.1
17,40,3,64,4.8,0,0.6,12.4,8.1,1.2,11.6,12.5,3.8,7.7,1.3
17,86,1,73,3.5,3.5,4.7,16.4,12.1,0.5,12.7,7.9,6.5,4.5,0.7
17,100,3,87,1.6,8.8,9.3,8.5,22.8,0,17.4,13,3,0.5,2.1
17,103,1,136,2.5,8.9,8.3,17.8,35.5,3.5,21.8,13.3,11.7,9.6,3.1
17,102,1,5,0.4,0.8,0.2,0.6,1.3,0,0.7,0.2,0.2,0.5,0.1
17,75,2,10,0,0.8,0.4,1.8,1.6,0.2,1.6,1.6,1,1,0
17,39,1,14,0.3,0.9,0.6,2.1,3.2,0,2.7,1.8,0.9,1.5,0
94,77,2,11,0.8,0.5,0.5,2.2,1.7,0.2,1.4,1.8,0.8,1.1,0
94,60,1,2,0,0,0.1,0.6,0.7,0.1,0.1,0,0.2,0.1,0.1
94,76,2,13,1,0.6,0.5,2.4,2,0.3,1.8,2.1,1,1.3,0
94,84,4,34,1,2.8,0,9.4,5.6,1.8,3.8,6.6,2,1,0
94,85,1,10.5,0.3,0.3,0.3,2.2,3.1,0.8,1.7,0.8,0.4,0.6,0
94,61,1,4,0.1,0.1,0.2,1.2,1.4,0.2,0.1,0,0.5,0.1,0.1
94,7,2,14,0.7,0.7,0.3,2.3,2.3,0.3,1.3,4,0.7,1.4,0
94,42,1,2,0.1,0.2,0.1,0.2,0.5,0,0.2,0.3,0.2,0.1,0.1
94,106,1,2,0.1,0.2,0.3,0.2,0.5,0,0.1,0.3,0.1,0.2,0
94,23,1,2,0,0.3,0.1,0.3,0.5,0.1,0.2,0.3,0.1,0,0.1
77,103,3,34,1.1,2.1,2.1,1.1,7.6,1.1,6.5,8.6,0,2.7,1.1
77,75,1,137.5,2,10,7.8,25.5,35.2,8.3,16.2,17.3,11.9,2.3,1
77,46,1,2,0.2,0.2,0.1,0.3,0.6,0,0.1,0.2,0.2,0,0.1
77,76,2,20,0,3,3.6,3.1,4.2,0.6,2.5,0.6,1.8,0.6,0
77,9,3,89,5.5,7.8,7,19.3,18.6,2.7,3.7,12.4,8.3,2.7,1
77,102,3,43,1.6,3.9,2.6,2.7,8.3,1.3,7.3,9.9,0.5,3.8,1.1
77,74,0,41,4,3.5,1,10,9,0.5,5,4,3,1,0
77,47,1,5,0.4,0.6,0.2,0.7,1.4,0,0.3,0.6,0.5,0,0.3
77,56,1,9,0.3,1.2,0.1,1.8,1.7,0.3,0.9,1.9,0.4,0.4,0
77,57,1,2,0,0.3,0,0.4,0.4,0.1,0.2,0.4,0.1,0.1,0
77,10,2,93,8,3,4,18,11,2,17,16,6,6,2
77,8,1,26,2.9,1.8,0.7,8.6,3.6,1.8,1.1,2.2,2.2,1.1,0
89,30,3,83,4.4,8.9,5.5,15.6,16.9,0.8,13.1,9.1,6.8,0,1.9
89,59,1,9,0.5,0.1,0.6,1.8,1.7,0.3,2,1.4,0.3,0.1,0.2
89,61,1,98,3.2,7.4,2,16.5,22.9,3.1,9.7,21.7,7.4,0,4.1
89,40,2,126,9.3,9.7,2.2,24.6,25.9,1.3,15.5,19.8,11.6,3.9,2.2
89,60,1,87,4,5.6,2.3,11.9,20.7,4.5,12.2,13.7,6.3,3.3,2.5
89,79,3,32,2.6,2.9,0.7,9.6,5.2,1.1,3.7,2.9,2.2,1.1,0
89,28,1,3,0,0.4,0.1,0.5,0.8,0.2,0.3,0.5,0.1,0,0.1
89,80,2,7,0.1,0.1,0.2,1.5,2.1,0.6,1.1,0.6,0.3,0.4,0
89,39,2,72,1.9,6.7,4.7,12.2,15.3,4.6,10.5,4.7,6.7,3.7,1
89,29,0,171.5,8,14.5,8,26,37,2,20,23,7,22,4
89,32,1,2,0.2,0,0.2,0.5,0.4,0,0.3,0.3,0.1,0,0
54,67,1,49,1,7.1,5,6.1,14.5,1,1.4,4.6,2,6.2,0.1
54,5,1,28,3,1.1,4.2,7.3,1.4,0,3.3,5.4,0,1.3,1
54,65,1,46,0,4.3,1,6.7,9.9,0,12.5,6.4,2.1,0.8,2.3
54,66,2,19,0,0.7,0,1.6,4.6,0,3.5,5.7,0.2,1.9,0.8
54,6,1,36,1,0.9,1.2,3.9,2.6,0.3,10.3,9.3,0.4,5.9,0.2
54,64,3,92,3.5,7.4,3.5,10.9,20.4,5.5,14,12.4,5.9,7,1.5
54,110,1,6,0.1,0.2,0.2,1.2,0.7,0,1,1.4,0.7,0.5,0
54,63,1,77,4.7,3.5,4.1,12.8,10.3,1.7,7.8,19.6,4.4,7.4,0.7
84,46,1,2,0,0.3,0.2,0.2,0.6,0.1,0.3,0.1,0.1,0.1,0
84,49,1,3,0.1,0.4,0.2,0.3,0.9,0.1,0.4,0.2,0.1,0.2,0.1
84,4,1,5,0.2,0.4,0.1,0.6,1,0.2,0.8,0.9,0.3,0.3,0.2
36,22,1,6,0.3,0.5,0.2,0.8,1.3,0,1.1,0.8,0.4,0.6,0
36,14,2,43,0.1,5.2,1.4,3.1,11.3,0.1,9,4.1,3,4.7,1
36,23,1,81,5.3,8.1,5.1,9.2,16.5,0.2,12.4,11.2,1.5,9.5,2
36,24,2,26,1.3,2.2,1.1,3.3,5.8,0.2,4.6,3.3,1.6,2.6,0
36,13,1,7,0.2,0.2,0.4,1.3,1.5,0.2,1.1,1.3,0,0.8,0
36,86,1,3,0.1,0.4,0.2,0.2,0.8,0,0.4,0.3,0.1,0.2,0.3
36,97,1,2,0.1,0,0.2,0.2,0.3,0.1,0.4,0.5,0.1,0.1,0
36,120,2,13,0.9,0.3,0.3,2.3,1.4,0,1.7,3.2,0.3,2.3,0.3
36,101,1,6,0.1,0.4,0.1,0.5,1.4,0,1.4,1.2,0.3,0.5,0.1
36,119,2,10,0,1.3,0.5,0.5,2.4,0.1,1.6,1.9,0.4,1.1,0.2
36,88,1,2,0.1,0.2,0.1,0.1,0.6,0,0.3,0.2,0.1,0.1,0.2
36,34,1,12,0.8,1.3,0.3,1.9,2.9,0.2,1.9,0.8,0,1.6,0.3
36,33,1,12,0.8,1.3,0.3,1.9,2.9,0.2,1.9,0.8,0,1.6,0.3
49,117,1,2,0,0.1,0,0.2,0.3,0,0.6,0.3,0,0.3,0.2
49,69,2,2,0,0.2,0,0.6,0.4,0,0.2,0.2,0.2,0.2,0
49,68,1,149,4.3,9.4,7.4,26.9,28.1,4.1,30,21.5,6.7,7.4,3.2
49,93,3,58,1.3,2.7,2.4,10.6,15.9,0,5.2,10.9,2.5,5.5,1
49,67,1,84,1,5.4,1.4,12.4,16.5,2,14.8,15.4,6.4,8.7,0
49,94,1,2,0.1,0.1,0,0.4,0.6,0,0.1,0.4,0.1,0.2,0
49,92,1,3,0.1,0.2,0.1,0.5,0.9,0,0.2,0.6,0.1,0.3,0
49,110,1,2,0,0.1,0.2,0.3,0.5,0,0.4,0.3,0.1,0.1,0
49,127,2,45,1.2,4,2.8,7.6,5,1,11.8,3.2,2.2,6,0.2
49,126,1,6,0.1,0.7,0.6,0.5,1.5,0.1,0.6,0.9,0.1,0.7,0.2
91,127,2,6,0.3,0.3,0.4,0.8,1.1,0,1.2,1,0.2,0.6,0.1
91,40,1,3,0.1,0.3,0.2,0.3,0.8,0.1,0.3,0.4,0.2,0.1,0.2
91,53,1,47,0.7,2.4,2.4,12.3,6.4,2.1,5.3,5.4,3.9,3.1,3
91,124,2,15,0.9,2.7,0.5,2.8,2.4,1,1.7,1,2,0,0
91,117,4,84,2.6,1.9,5.6,15.9,13.2,2.6,14.5,16.5,5,6.2,0
91,102,1,1,0,0.1,0,0.2,0.2,0,0.1,0.1,0.1,0.2,0
91,52,2,107,2.1,7.6,4.6,12.3,31.5,3.2,14.7,13.3,4.4,11.3,2
91,51,1,13,0.4,0,0,2.2,1.7,0.4,2.2,4.8,0.9,0.4,0
91,103,1,2,0,0.2,0.1,0.3,0.5,0,0.2,0.2,0.1,0.3,0.1
91,104,3,33,0,2.7,0.9,5.5,8.3,0,3.6,3.7,1.9,5.5,0.9
91,38,1,4,0.1,0.4,0.4,0.8,0.7,0.3,0.4,0.3,0.3,0.3,0
91,54,1,9,1,0.6,0.6,2,2.2,0.1,0.4,0.6,1.3,0.2,0
91,67,1,3,0,0.3,0.2,0.3,0.9,0,0.8,0.2,0.1,0.2,0
126,32,2,77,3.3,9.8,0.8,10.8,19.5,3.5,9.3,7.4,4.5,5,3.1
126,21,3,35,2.8,2.3,4.1,5.2,8.9,0,2.3,4.7,0.6,4.1,0
126,20,1,12,1,0.8,1.4,1.8,3,0,0.8,1.6,0.2,1.4,0
126,33,2,120,3.8,8.9,5.2,20.5,21,4.5,19,20.8,4.1,12.2,0
126,82,1,5,0.4,0,0.4,1.3,0.3,0.1,0.5,0.8,0.4,0.8,0
85,127,1,2,0,0.2,0.1,0.1,0.5,0.1,0.4,0,0.1,0.2,0.3
85,46,2,60,0.7,6.4,5.9,4.6,17.9,1.5,8.4,6.1,3.5,4.2,0.8
85,3,1,4,0.2,0.4,0.1,0.5,0.8,0.1,0.6,0.7,0.2,0.3,0.1
85,47,1,15,0.2,2.5,0.7,2.5,3,0.3,2.2,1.5,0.7,0.7,0.7
85,111,1,2,0.1,0.1,0.1,0.4,0.4,0.1,0.2,0.2,0.3,0.1,0
34,15,1,3,0.1,0.2,0.2,0.6,0.6,0.1,0.5,0.5,0,0.2,0
34,14,2,17,0.9,0.9,1,3.4,3.4,0.6,2.7,2.7,0.2,1.2,0
34,13,1,7,0.4,0.4,0.4,1.4,1.4,0.2,1.1,1.1,0.1,0.5,0
34,99,2,21,1.3,0,2,2.6,2.6,0.7,4.6,5.2,1.3,0.7,0
34,95,1,1,0.1,0,0.1,0.1,0.1,0,0.2,0.3,0.1,0,0
34,100,3,43,0.8,1.7,4.1,2.6,8.4,0.8,4.3,16,0.8,1.7,1.8
34,34,2,21,1.4,0.5,1.4,3.8,3.9,0.5,3.4,4.3,0.9,0.9,0
11,13,3,19,0.2,2.3,0.6,1.3,4,0.3,3.4,3.5,1.3,1.3,0.8
11,17,1,3,0,0.2,0.2,0.4,0.6,0,0.7,0.6,0.1,0.2,0
11,14,1,4,0,0.5,0.1,0.3,0.8,0.1,0.7,0.7,0.3,0.3,0.2
11,12,1,8,0.1,0.9,0.2,0.6,1.7,0.1,1.4,1.5,0.6,0.6,0.3
11,23,1,4,0,0,0.5,0.2,1.4,0,0.7,0.9,0,0.3,0
11,4,1,2,0.1,0.1,0,0.4,0.3,0,0.7,0.1,0.1,0.2,0
11,5,1,5,0,0.1,0.1,0.8,0.9,0.2,1.6,0.4,0.3,0.6,0
11,125,2,56,4,3.7,2.7,11.3,5.3,2.7,11,6.6,3.3,4.7,0.7
11,77,2,9,0.1,0.9,0.8,1.1,2.2,0.2,1.2,0.7,0.4,0.9,0.5
11,84,2,10,0.7,0.8,0.4,1.9,2.2,0.2,0.9,1.5,0.8,0.2,0.4
11,104,1,8,0.2,0.6,0.4,1.5,1.9,0.1,1.2,0.8,0.7,0.4,0.2
11,86,3,19,0.3,2.4,1.3,2.1,4.2,0.2,3,3,1.5,0.6,0.4
11,85,2,89,2.4,7.5,5.4,12.4,11.6,1.3,18.2,16.3,7.7,4.7,1.5
11,92,3,62.5,3,2.5,5.6,11,11.2,2.2,12.3,8.9,4.1,1.5,0.2
11,124,1,13,0.7,1,1,2,2.5,0,0.8,2,0.9,1.4,0.7
11,103,2,41,0.4,4.3,5.8,3,10.8,0.2,4.3,3.5,1.5,5.8,1.4
11,102,2,14,0.4,1,0.7,2.8,3.3,0.2,2.1,1.3,1.2,0.7,0.3
11,93,3,35,2.7,3.5,1.4,6.2,5.5,0.6,5.6,4.8,0.6,3.5,0.6
11,94,1,4,0.3,0.4,0.2,0.7,0.6,0.1,0.6,0.5,0.1,0.4,0.1
19,20,1,2,0,0.1,0.1,0.3,0.5,0,0.4,0.3,0.1,0.2,0
19,80,2,56,3.7,6.4,3,11.5,12.9,0,10.1,3.2,2.7,2.5,0
19,79,3,32,2.8,1.6,1.6,9.3,5.4,0,4.3,2.8,3.8,0,0.4
19,66,1,23,1,1.5,1.5,2,6.5,0,2.5,3,1,3.5,0.5
19,101,2,25,0.4,1.3,0.9,6.9,4.7,0.9,3.5,3.1,2.4,0.4,0.5
19,102,2,11.5,0,0.6,0.6,1.4,1.8,0.1,1.4,3.2,0.8,1.3,0.3
19,100,1,20,0.3,1,0.7,5.6,3.8,0.7,2.8,2.4,1.9,0.4,0.4
19,67,2,10,0.4,1.5,0.9,1.2,2.9,0,0.5,1.3,0.4,0.8,0.1
19,103,1,15,0,0.7,0.7,1.5,2.3,0,1.9,4.5,1.1,1.9,0.4
101,74,2,112,4.8,8.3,1.7,19.4,15.7,4.6,18.2,24.2,3.9,10.4,0.8
101,100,3,49,2.6,5.1,2.7,12,8.6,0.9,4.3,6.8,1.7,4.3,0
101,115,1,2,0.1,0.2,0.3,0.2,0.5,0,0.1,0.3,0.1,0.2,0
101,55,1,2,0,0.1,0.2,0.2,0.4,0,0.5,0.2,0.1,0.3,0
101,53,1,10,0,0.5,0.8,1,2,0,2.6,1,0.5,1.3,0.3
101,75,1,45,2.3,2.6,0,10.7,8.3,0.1,12.6,4.7,0.5,3.1,0.1
101,101,1,3,0.2,0.3,0.2,0.7,0.5,0,0.3,0.4,0.1,0.3,0
26,4,2,45,1.9,5.5,0.7,7.5,12.9,1,3.8,7.5,2.7,1.5,0
26,3,1,5,0.4,0.6,0.2,0.6,0.7,0,1.1,0.6,0.2,0.6,0
26,5,1,1,0,0.1,0.1,0.1,0.3,0,0.2,0.2,0,0,0
26,95,1,146,5.3,13.2,7.4,30.7,24.8,4.2,20.5,17.3,19.3,3.3,0
26,90,2,5,0.2,0.6,0,0.7,0.6,0.2,1,1.2,0.2,0.3,0
26,94,1,319.5,10.7,26.1,15.7,51,45.3,9.6,50,59.6,17.9,31.9,1.7
26,92,0,229,14,23,19,38,39,5.5,27,36,13.5,14,0
26,121,1,1,0.1,0,0.1,0.1,0.3,0,0.2,0.1,0,0.1,0
26,93,1,14,0.5,2.5,0.5,1.8,2.1,0.3,1.8,1.6,1.2,1.2,0.5
26,91,1,229.5,5.4,14.8,6,24.3,26.8,5.5,36.2,65.6,6,33.9,5
26,89,1,3,0,0.2,0,0.4,0.6,0,0.8,0.5,0.1,0.4,0
66,48,1,79,3.3,8.3,1.6,11.9,21.9,1.9,11.3,2.9,7.8,8.1,0
66,70,1,20.5,1.7,2.2,0,3.9,0.5,0,5,4.4,2.2,0.6,0
66,18,2,56,2.3,5.3,3.3,6.8,11.5,0,8.1,8,4.5,5.5,0.7
66,47,2,91.5,4.5,3.6,6.6,17.5,15.5,1.8,14.8,11.4,4.3,9.2,2.3
66,39,1,3,0.2,0.1,0.2,0.4,0.6,0,0.8,0.2,0.2,0.2,0.1
66,46,1,9,0.2,0.2,0.7,1.8,1.9,0.2,0.9,1.2,0.7,0.7,0.5
66,36,1,4,0.2,0.1,0.3,0.6,0.7,0,1.1,0.3,0.3,0.3,0.1
66,69,1,9,0,0.7,0.3,1,0.3,0,3.2,2.9,0,0.3,0.3
66,19,1,2,0.1,0.1,0.1,0.4,0.3,0,0.4,0.2,0.3,0.1,0
66,98,2,8,0.8,0.2,0.8,2,1.6,0.4,0.8,0.4,0.8,0,0.2
38,24,1,3,0.1,0.2,0.1,0.5,0.3,0,0.3,1.2,0,0.2,0.1
38,12,1,8,0.2,1.7,0,0.2,2.7,0,0.9,1.3,0.4,0.6,0
38,114,2,17,0.7,1.2,1.6,3.2,4.5,0.8,0.9,2.4,0.9,0.4,0.4
38,120,1,8,0.5,0.9,0.6,1.1,1.7,0.1,1.4,0.6,0.6,0.4,0.1
38,107,1,2,0.1,0.2,0.1,0.2,0.4,0,0.3,0.3,0.1,0.2,0.1
38,93,2,20,0.8,1.4,1.4,4,4,0.3,2,2.5,0.8,2,0.8
38,94,1,4,0.1,0.3,0.3,0.8,0.8,0,0.4,0.5,0.2,0.4,0.2
38,119,1,15,0.7,1.1,1.4,2.9,3.9,0.7,0.7,2.1,0.7,0.4,0.4
38,115,1,4,0.2,0.3,0.4,0.7,1,0.2,0.2,0.6,0.2,0.1,0.1
38,82,1,14,0.2,1.6,1,1.6,3.6,0,0.6,2.8,0.6,2,0
38,102,1,3,0.1,0.3,0.2,0.4,0.6,0,0.4,0.4,0.1,0.4,0.1
38,81,1,7,0.1,0.8,0.5,0.8,1.8,0,0.3,1.4,0.3,1,0
38,53,3,32,0.3,0.4,2,5.8,5.8,0,4.4,7.4,3,2.4,0.5
38,44,1,6,0.1,0.7,0.1,0.7,1.3,0,0.6,1.4,0.3,0.8,0
38,54,1,39,0,5,2,4.1,9.1,1,8.3,6.3,1,1.1,1.1
38,33,2,5,0,0.5,0.5,0.3,0.7,0,1.1,1.3,0.2,0.4,0
38,37,1,2,0,0.2,0.2,0.1,0.3,0,0.4,0.5,0.1,0.2,0
38,55,1,2,0,0.1,0.1,0.1,0.4,0,0.3,0.6,0.1,0.3,0
27,5,2,66.5,0.9,2.4,5.9,5.8,18.4,0.9,12.7,12.7,1.9,4.9,0
27,4,1,52,4.9,5.4,1.6,5.4,9.7,1,3.6,12.4,1.6,6.4,0
27,3,1,3,0.2,0.4,0.1,0.4,0.4,0,0.6,0.4,0.1,0.4,0
27,97,1,3,0.3,0.2,0.3,0.5,0.6,0.1,0.4,0.2,0.2,0.2,0
27,89,2,5,0,0.4,0,0.6,1,0,1.3,0.9,0.2,0.6,0
27,87,3,21.5,0,1.4,0,2.8,4.3,0,5.6,3.5,1,2.9,0
27,121,2,5,0.4,0.2,0.3,0.7,1.3,0.1,0.9,0.5,0.1,0.5,0
27,120,1,4,0.3,0.2,0.2,0.6,1,0.1,0.7,0.4,0.1,0.4,0
27,93,0,416.5,13,38,28.5,54,96,7,59,57,18,33,13
27,91,2,57,0.3,3.2,1,8.5,13.2,1.3,5.1,14.4,4.4,4.6,1
27,90,1,3,0.1,0.4,0,0.4,0.4,0.1,0.6,0.7,0.1,0.2,0
27,94,1,51,0.8,5.3,0.8,7.2,6.5,0.6,10.2,9.8,3,3,3.8
27,92,0,349,11,22,18,50,82,7,39,53,17,46,4
27,88,1,1,0,0.1,0,0.1,0.2,0,0.3,0.2,0,0.1,0
93,84,1,2,0.1,0.2,0,0.5,0.3,0.1,0.2,0.4,0.1,0.1,0
93,77,4,67.5,4.7,2.8,3.5,12,15.6,0.8,10.4,9.2,3.8,4.7,0
93,76,3,41,3.1,2,1.8,7.8,6.3,0.8,5.5,6.7,3.1,3.9,0
93,53,2,7,0.4,0.1,0.5,1.4,1.3,0.2,1.6,1.1,0.2,0.1,0.1
93,103,1,4,0.2,0.5,0.5,0.3,1,0,0.2,0.6,0.2,0.4,0.1
93,100,1,1,0,0.1,0.1,0.1,0.2,0,0.1,0.2,0.1,0.1,0
93,124,1,3,0.2,0.5,0.1,0.6,0.5,0.2,0.3,0.2,0.4,0,0
93,101,2,8,0.4,1,1.1,0.7,2,0,0.4,1.2,0.4,0.7,0.1
93,54,1,5,0.2,0.1,0.3,1,0.9,0.2,1.1,0.8,0.2,0.1,0.1
93,67,1,5,0.4,0.5,0,1.2,1,0.2,0,0.7,0.5,0,0.5
60,95,3,24,0.5,1.6,2,4.6,4.6,0.5,2.5,5.6,1.1,0.5,0.5
60,87,2,73,1.8,10.3,8.3,4.8,20.7,0,8.1,7.7,2,8.5,0.8
60,41,1,2,0,0.1,0,0.2,0.2,0,0.7,0.2,0.1,0.5,0
60,124,2,9,0,0,0.9,0.9,1.4,0.3,2.4,0.6,1.2,0.6,0.7
60,88,2,17,0.7,2.3,0.5,2.3,4.5,0.4,1.1,2.3,1.4,0.9,0.6
60,56,1,3,0.1,0.1,0.2,0.4,0.6,0,0.4,0.7,0.2,0.1,0.2
60,99,2,16,0.4,1,1.4,3,3,0.4,1.6,3.7,0.7,0.4,0.4
60,55,4,27,0.9,1,1.7,3.4,6,0,3.6,6,1.7,1,1.7
60,123,1,1,0,0,0.1,0.1,0.1,0,0.3,0.1,0.1,0.1,0.1
60,98,1,4,0.1,0.2,0.3,0.8,0.8,0.1,0.4,0.9,0.2,0.1,0.1
60,94,1,17,0,2.1,1.6,0.5,5.3,0,1.6,2.7,0,2.7,0.5
60,42,1,2,0,0.1,0,0.2,0.2,0,0.7,0.2,0.1,0.5,0
60,86,0,35,1,0,3,3,6,1,10,6,2,1,2
60,43,1,2,0,0.1,0,0.2,0.2,0,0.7,0.2,0.1,0.5,0
28,87,2,100,1.8,5.1,1.4,8.2,22.7,3.4,22.2,19.2,3.7,7.9,4.4
28,86,1,27,0,0.1,3,1,8.8,0,5.8,7.6,0,0.5,0.2
28,120,1,4,0.3,0.1,0.1,0.7,0.4,0,0.5,1,0.1,0.7,0.1
28,95,1,95,4,4.6,7.3,9.7,24.8,3.7,22.8,8.9,1,4.6,3.6
28,89,0,98.5,4,11,6,15,24,1,21,3,5.5,5,3
28,90,2,269,13.1,26.2,18.5,42.2,62.4,8.2,35.2,30,23.3,7.9,2
28,93,1,179.5,11.2,11.7,6.1,22.4,43.6,5.2,20.3,32.7,9.1,17.2,0
28,119,2,5,0,0,0.2,1.2,0.5,0.1,1,1.5,0.2,0.3,0
28,94,2,47,0.5,1.6,3.3,9.5,13.9,0.5,5.1,5.5,2.5,4.5,0.1
28,69,1,3,0.2,0.2,0,0.3,0.5,0.1,0.8,0.3,0.2,0.2,0.2
28,92,0,641,11.5,38,46,119,122,8.5,96,114,25,48,13
28,91,1,72.5,1.2,3.8,6.2,12.4,21.8,0.1,14.6,7,1.1,4.3,0
28,111,1,2,0.1,0.2,0,0.3,0.4,0.1,0.4,0.3,0,0.1,0.1
61,99,1,1,0,0.1,0.1,0.2,0.2,0,0.1,0.2,0.1,0,0
61,87,3,54,2.2,7,2,6.7,14.4,1.5,3.9,6.9,4.3,3.1,2
61,124,1,2,0,0,0.2,0.2,0.3,0.1,0.5,0.1,0.3,0.1,0.2
61,40,2,3,0,0.2,0,0.3,0.3,0,1.1,0.3,0.1,0.7,0
61,112,1,2,0.1,0.2,0.1,0.3,0.4,0,0.3,0.4,0.1,0.1,0
61,89,2,22,0.9,2.9,0.6,2.9,5.9,0.6,1.5,2.9,1.8,1.2,0.8
61,33,1,4,0,0.3,0.3,0.4,0.9,0.1,0.6,0.9,0.2,0.2,0.1
61,88,2,119.5,1.8,16.8,8.4,24.8,30.8,2.2,11.8,8.8,9.1,2.4,2.6
61,123,1,6,0,0,0.6,0.6,1,0.2,1.6,0.4,0.8,0.4,0.4
61,95,1,2,0,0.1,0.2,0.4,0.4,0,0.2,0.5,0.1,0,0.1
61,111,2,4,0.2,0.4,0.2,0.6,0.8,0,0.6,0.8,0.2,0.2,0
64,94,1,2,0,0.2,0.2,0.1,0.6,0,0.2,0.3,0,0.3,0.1
64,24,3,18,1.8,0,0,6.2,1.9,0,0.6,6.3,0,0.6,0.6
64,1,2,64,0.4,5.4,5.7,4.5,16.5,0.2,9.5,13.1,1.6,6.1,1
64,47,1,4,0.3,0.2,0.1,1.1,0.4,0,1,0.2,0.4,0.1,0.2
64,72,1,47.5,2,5.5,2.4,9.2,9.2,1,5.2,8.2,4.1,0.7,0
64,35,1,2,0.1,0.1,0.1,0.3,0.4,0,0.5,0.2,0.1,0.1,0.1
64,36,3,26,1.5,0.8,1.8,3.7,4.9,0,7,2.1,1.8,1.8,0.6
64,0,1,29,1.2,2.7,2.4,3.8,6.7,1.1,1.2,4,0.3,5.6,0
64,71,1,6,0,0.3,0.2,1.1,1.1,0,1.1,1.2,0.6,0.4,0
64,2,3,50,3,5.4,1.9,6.9,11.1,0.4,7.7,6.8,2.4,4.4,0
64,23,2,2,0.2,0,0,0.8,0.2,0,0,0.8,0,0,0
12,15,1,2,0,0.1,0.1,0.3,0.4,0,0.5,0.4,0,0.2,0
12,13,1,162.5,4.2,19,12.4,17.9,38.7,5.2,21.4,18.4,9.9,12.9,2.5
12,14,3,63.5,1.2,5.6,1.6,10.5,8.5,0.3,9.8,15,3.5,6.5,1
12,12,1,6,0.1,0.7,0.2,0.4,1.3,0.1,1.1,1.1,0.4,0.4,0.2
12,6,1,8,0,0.2,0.2,1.3,1.5,0.4,2.6,0.5,0.4,0.9,0
12,5,3,30,0,0.8,0.8,4.8,5.6,1.4,9.8,2,1.4,3.4,0
12,4,1,3,0.2,0.1,0,0.5,0.5,0,1,0.2,0.1,0.4,0
12,21,1,1,0,0,0.1,0,0.4,0,0.2,0.2,0,0.1,0
12,84,1,7,0.5,0.5,0.3,1.3,1.5,0.2,0.6,1.1,0.5,0.2,0.3
12,85,3,47,1,5.7,3.2,5.2,10.4,0.6,7.3,7.4,3.7,1.5,1
12,92,3,60,2.6,5.5,2.7,9.4,11.3,1.8,9.1,12.3,2.6,1.6,1.1
12,125,1,2,0,0.2,0,0.2,0.3,0,0.5,0.4,0.1,0.2,0.1
12,124,3,30.5,1.5,2.4,2.4,4.7,6,0,1.9,4.7,2.1,3.2,1.6
12,105,1,5,0,0.3,0,0.9,0.9,0.2,1.1,0.9,0.3,0.3,0.1
12,123,1,14,0.7,1.1,1.1,2.2,2.7,0,0.9,2.2,1,1.4,0.7
12,69,1,1,0.1,0,0.1,0.3,0.2,0,0.1,0.1,0.1,0,0
12,103,2,48,0.5,4.5,4.1,8.6,9.7,2.2,6.9,6.9,1.9,2.1,0.6
12,93,1,1,0.1,0.1,0,0.2,0.2,0,0.2,0.1,0,0.1,0
12,102,1,5,0.1,0.4,0.3,0.9,1.2,0.1,0.7,0.5,0.4,0.3,0.1
12,86,1,3,0.1,0.4,0.2,0.3,0.6,0,0.5,0.5,0.2,0.1,0.1
12,91,1,2,0.2,0.1,0,0.6,0.1,0.1,0.3,0.4,0.1,0.1,0
110,113,2,73,1.2,8.8,2.1,10,11.6,1.2,10.5,13.6,5.8,5.7,2.5
110,127,2,3,0,0.7,0.2,0.4,0.6,0.1,0.4,0.3,0.3,0,0
110,51,1,130.5,5.1,25.3,12.1,25.6,26.7,4.6,5.3,7.2,17.4,0.1,1.1
110,106,3,40,0.3,3.6,4.2,2.6,10.9,0,7.5,3.6,1.6,4.7,1
110,116,2,7,0.3,0.7,0.5,0.9,2.2,0.2,0.4,0.4,0.7,0.5,0.2
110,66,1,6,0.2,0.2,0.5,0.7,2,0,2,0.2,0.2,0,0
110,122,3,16.5,0.7,2.2,0.8,2.6,3.4,0.3,2,1.7,1.2,0.6,1
110,76,1,14,0,1.4,0,1.4,4.9,0.8,2.5,2.2,0.3,0,0.5
110,112,1,3,0.1,0.2,0.1,0.4,0.5,0.1,0.4,0.5,0.4,0.2,0.1
110,103,2,200,4.9,25.4,13.7,23.5,30.2,3.9,27.8,48.9,14.7,7,0
110,102,1,2,0,0,0.1,0.3,0.3,0,0.4,0.3,0.1,0.4,0.1
110,49,3,140,4.2,15,13.9,16.5,36.9,2.1,24.5,9.9,10.2,2.4,4.4
110,44,1,3,0.1,0.4,0.1,0.3,0.7,0,0.3,0.9,0,0,0.2
110,77,3,21,0.5,1.1,0.6,2.7,4.1,0.2,4.2,5.3,0.4,1.7,0.2
110,71,1,9,0.2,0.9,0.3,1.1,3.3,0.2,0.8,1,0.7,0.5,0
110,25,3,8,0.1,0.7,0.3,1.5,1.3,0.1,1.5,0.9,0.9,0.5,0.2
110,50,2,18,0.6,1.9,0.6,3.8,4.3,0.3,1.9,1.4,2.1,0.8,0.3
110,117,1,2,0.1,0.2,0.2,0.2,0.6,0.1,0.1,0.1,0.2,0.1,0.1
110,104,0,209,3,24,12,24,50,3,18,42,15,18,0
110,52,2,12,0.3,1.1,0.5,1.9,3,0.1,2,1.1,1.1,0.6,0.3
110,101,1,1,0,0.2,0.1,0.2,0.3,0,0.1,0,0.1,0,0
110,105,0,288.5,4,27.5,10,41,49,5,61,51,19,18,3
110,48,0,33,1,3,3,2,9,1,10,1,1,0,2
2,3,1,6,0.2,0.7,0.5,0.5,2,0,0.4,1.1,0.2,0.3,0.1
2,4,1,16,0.6,2,1.3,1.3,5.3,0,1.1,2.8,0.7,0.7,0.2
2,97,4,22.5,1.4,3.1,0.7,4.1,6.2,0,0.8,2.1,0.6,3.5,0
2,125,1,42,0.3,1.3,0.8,4.5,7.4,0,6.5,9.3,3.5,8.4,0
2,117,2,14,0.5,1,0.5,1.8,1.8,0.7,3.8,1.8,0.5,0.8,0.8
2,126,3,31,1.1,0.3,1.4,4.3,6.4,1,7.8,4.7,0.3,3.7,0
2,118,2,26,0.9,1.9,0.9,3.3,3.3,1.4,7.2,3.4,0.9,1.4,1.4
2,98,1,10,0.6,1.4,0.3,1.9,2.8,0,0.3,0.9,0.3,1.5,0
2,88,1,2,0,0.2,0.1,0.3,0.4,0,0.4,0.4,0.1,0.1,0
18,21,1,3,0.1,0.2,0.1,0.4,0.7,0,0.6,0.4,0.2,0.3,0
18,40,1,7,0,0,0.7,0.4,1.6,0.2,0.9,1.8,0.2,0.7,0.5
18,101,1,5,0.1,0.2,0.2,1.4,0.9,0.2,0.7,0.6,0.5,0.1,0.1
18,53,1,1,0,0,0.1,0.1,0.2,0,0.1,0.3,0,0.1,0.1
18,103,1,75.5,2,7,2.1,8.1,21.2,2.5,9.1,15.3,4.1,4.1,0
18,56,1,4,0,0,0.4,0.3,0.9,0.1,0.5,1,0.1,0.4,0.3
18,79,1,19,1.6,1,1,5.5,3.2,0,2.6,1.6,2.2,0,0.3
18,80,1,2,0.1,0.3,0,0.2,0.7,0,0.2,0.2,0.1,0.2,0
18,102,3,49,1,3.9,2.9,5.6,11.9,1.2,7.3,6.6,5.4,2.8,0.4
18,81,1,3,0.1,0.5,0,0.3,1,0,0.3,0.4,0.1,0.3,0
44,8,3,40.5,1.1,1.5,0.6,4.1,4.1,0.3,3.5,15.7,1.4,8.2,0
44,97,2,55.5,4.3,3,1.3,12.4,11.6,0,10.1,4.5,4.4,3.6,0.3
44,123,3,78,1.5,10.1,3.9,8.6,18.1,1.6,8.6,11.6,5.3,6.8,1.9
44,66,1,1,0,0.1,0.1,0.2,0.2,0,0,0.4,0,0,0
44,107,2,17,0.3,1.7,0.5,2.2,4,0.7,1.3,3,0.7,1.3,1.3
44,122,1,4,0.1,0.5,0.1,0.6,0.7,0.2,0.5,0.6,0.2,0.3,0.2
44,98,2,11,0,0.2,0.3,2,0.7,0,4,2.6,0.2,1,0
44,100,1,12,0.6,0.9,0.3,1.4,2.3,0.3,1.1,1.7,0.8,2,0.6
44,70,1,1,0.1,0.1,0.1,0.1,0.2,0,0.3,0.1,0,0,0
44,124,2,17,0.6,2,0.4,2.5,3,0.6,2.2,2.5,1,1.5,0.7
44,71,1,3,0.2,0.3,0.2,0.4,0.8,0,0.8,0.2,0,0.1,0
44,27,1,3,0.1,0.2,0.1,0.5,0.3,0,0.3,1.2,0,0.2,0.1
20,99,1,2,0.2,0.1,0.2,0.3,0.4,0.1,0.3,0.2,0.1,0.1,0
20,66,2,84,1.2,8.7,6.1,8.7,20.8,1.3,12.6,10,3.9,9.2,1.5
20,101,2,69.5,2.7,7.4,2.8,4.9,17.6,1.2,11.4,11.3,3.9,5.9,0.4
20,80,1,10,0.2,1.7,0,1,3.4,0,1.2,1.2,0.3,1,0
20,86,4,29,1.3,2.6,1.6,4.5,6.1,0.3,4.2,6.4,1,1,0
20,67,2,139.5,6.5,14,11.3,17.2,29.5,2.7,13.1,18,8.7,16.7,1.8
20,68,2,8,0.2,1.3,0.7,0.9,2.1,0.1,0.5,1,0.4,0.7,0.1
20,100,2,85,6.9,5.6,4.5,18.1,15.9,2.7,6.1,12.9,5.7,6.4,0.2
119,32,2,6,0,0.7,0.1,0.5,1.2,0,1,1.5,0.2,0.6,0.2
119,31,2,80.5,0,4.2,4,2,13,0,18.3,26.3,1.7,5.3,5.7
119,30,2,15,0,1.6,0,1,3,0,2.3,4.3,0.7,1.4,0.7
119,117,2,21,0.1,0.7,0.6,4.3,2.6,1,5.4,4,1,1.3,0
119,118,1,2,0.1,0.2,0.1,0.2,0.5,0,0.2,0.4,0,0.3,0
119,82,2,12,0.9,0.6,0.4,2,2.2,0.5,2,2.2,0.5,0.1,0.6
119,116,1,2,0,0.1,0.1,0.4,0.2,0.1,0.5,0.4,0.1,0.1,0
119,34,1,1,0,0.1,0.1,0.2,0.2,0,0.2,0.1,0,0.1,0
119,83,2,21,1.5,1,0.7,3.5,3.8,0.9,3.5,3.8,1,0.3,1
3,125,1,11,0.7,0.7,0.5,1,2.4,0,1.4,2.1,0.4,0.7,1.1
3,126,1,36,3.2,5.2,0.2,6.4,12.9,0,2.5,1.8,3.1,0.3,0.4
3,112,1,2,0.1,0.2,0.1,0.3,0.4,0,0.1,0.4,0.2,0.2,0
3,101,1,3,0,0.4,0.3,0.2,0.8,0,0.6,0.3,0,0.4,0
58,127,4,75,0,5,5.5,8,19,1.7,12.4,10.6,1.4,6.5,4.9
58,66,1,1,0,0.1,0.1,0,0.4,0,0,0.3,0,0.1,0
58,48,1,18,0.3,1.1,1.7,0.3,3.3,0,4.7,4.4,0.3,0.8,1.1
58,103,3,43,1.5,3.5,2.9,6.9,7.5,0.5,6.9,8.9,1.5,2.9,0
58,28,1,2,0.2,0,0,0.7,0.2,0,0,0.7,0,0.1,0.1
58,102,2,17,0.5,1.3,1.2,2.7,2.9,0.3,2.8,3.5,0.6,1.2,0
58,12,1,4,0.3,0.3,0.3,0.8,0.5,0,0.7,0.3,0.5,0.2,0.1
58,57,1,1,0,0,0.1,0.1,0.2,0,0.1,0.2,0.1,0.1,0.1
58,104,1,2,0.1,0.2,0.1,0.3,0.4,0,0.3,0.4,0.1,0.1,0
58,49,1,19,0.3,1.1,1.7,0.3,3.5,0,5,4.7,0.3,0.9,1.2
16,10,3,34,0.6,2.3,1.8,4.8,6.7,0,8,6.8,0.6,2.4,0
16,22,3,18,1.7,1.4,0.6,3.4,2.6,0.4,3,2.6,1,1.3,0
16,9,1,11,1.3,0.8,0.9,1.9,1.9,0.2,0.9,2.5,0.6,0,0
16,21,1,32,1,1.9,0.4,5.1,4.6,1.2,10.8,4.6,0.6,1.8,0
16,101,1,2,0.1,0.2,0.2,0.3,0.6,0,0.3,0.3,0,0,0
16,113,3,20,1.4,1.7,0.3,2,3.6,0.3,4.1,4.3,0.6,1.1,0.6
16,104,2,25,2.1,3.7,1.1,3.2,6.4,0,3.2,1.1,1,2.7,0.5
16,76,1,42,2,0.1,1,4.2,9.1,0,5.2,9.2,2.1,7.1,2
16,85,1,1,0.1,0.1,0,0.2,0.2,0,0.1,0.2,0.1,0,0
16,87,2,23,1.7,1.8,0.9,4.2,5.1,0.6,2,3.5,1.7,0.6,0.9
16,52,1,2,0,0,0.2,0.1,0.4,0.1,0.3,0.5,0.1,0.2,0.1
16,40,2,55,3.1,0,1.4,11.2,3.5,1.7,11,11.1,2.1,9.2,0.7
16,116,2,5,0,0,0.5,0,0.5,0,2,1,0,0.7,0.3
16,114,3,29,2,2.5,0.4,2.9,5.3,0.4,6.1,6.1,0.8,1.7,0.8
16,86,1,38,1.2,1.2,2.6,3.9,12.5,0.4,3.5,5.5,1.2,2.4,3.6
16,39,2,42,0.5,1.6,1.1,4.7,9.9,1,6.8,6.1,3.6,6.7,0
16,100,1,7,0.2,0.7,0.6,1,2,0,1.1,1.1,0,0.1,0.2
16,115,3,26,0,0,2.6,0,2.6,0,10.8,5,0,3.4,1.6
16,103,1,2,0.2,0.3,0.1,0.2,0.5,0,0.3,0.1,0.1,0.2,0
16,75,3,17,0,1.5,0.5,3.1,2.5,0.4,2.8,2.6,1.7,1.7,0.2
70,17,3,8,0.2,0.8,0.3,0.2,2.1,0,1.6,1.9,0.3,0.3,0.3
70,65,1,2,0,0.2,0.1,0.2,0.5,0,0.3,0.4,0.1,0.1,0.1
70,122,1,12,0,1.4,1,0.7,3.5,0,2.6,1.9,0.2,0.5,0.2
70,123,1,8,0,0.9,0.7,0.5,2.3,0,1.7,1.3,0.1,0.4,0.1
70,34,1,2,0,0.2,0.1,0.4,0.4,0,0.2,0.4,0.1,0,0.2
78,68,2,13,0.5,0.4,0.3,2.3,2.2,0.6,1.2,1.3,1.2,2.4,0.6
78,106,2,31,1.2,3.4,1.4,6,5.6,1,1,4.6,5.4,1.4,0
78,76,1,2,0.1,0.2,0.1,0.5,0.3,0.1,0.3,0.2,0.1,0.1,0
78,107,2,27,2.2,2.2,2.2,6.5,3.6,0.7,0.7,3.7,3,2.2,0
78,9,2,118,4.4,6.5,6,14.3,22.5,2,20.6,22.2,2.9,16,0.6
78,8,1,5,0.1,0.5,0.3,0.4,1.5,0,0.6,0.8,0.3,0.3,0.2
78,103,1,5,0.4,0.4,0.4,1.2,0.7,0.1,0.1,0.7,0.6,0.4,0
78,10,1,85,3.5,3.5,4.2,7.4,10,0.1,12.5,22.7,3.5,16.3,1.3
78,7,1,3,0.1,0.3,0.2,0.3,0.9,0,0.3,0.4,0.2,0.2,0.1
4,116,1,5,0.2,0.3,0.2,0.6,0.6,0.3,1.4,0.6,0.2,0.3,0.3
4,111,2,25,1.4,3.1,2.7,3.1,5.8,0.8,0.9,5.8,1.4,0,0
4,112,4,59,3.8,5.8,4.6,8,13.2,1.6,2.7,13.2,3.8,2.3,0
4,114,1,7,0.5,0.5,0.4,1,1.5,0.2,0.4,1.5,0.5,0.5,0
4,110,1,3,0.1,0.4,0.3,0.4,0.7,0.1,0.1,0.7,0.2,0,0
4,101,2,11,0,1.5,1.1,0.7,2.7,0,2.3,1.1,0,1.6,0
4,115,1,4,0.1,0.3,0.2,0.5,0.5,0.2,1.1,0.5,0.2,0.2,0.2
72,15,2,46,0.3,2.1,1.6,2.3,14.2,0,11.7,7.6,2.6,2.6,1
72,92,2,2,0,0,0.2,0.2,0.4,0,0.2,0.6,0,0.2,0.2
72,116,3,24,1.5,4.1,0.3,3.6,3.3,0.9,2.1,4.2,1.6,2.4,0
72,91,3,51,0,5.2,1.6,7.4,10.7,1,4.4,10.1,5.8,3.5,1.3
72,14,1,7,0.4,0.4,0.1,1.5,1.3,0.4,0.7,0.9,0.4,0.9,0
72,64,3,22,0.2,1.6,1,2.3,5.9,0,3.1,4.6,1.6,1,0.7
72,16,3,35,0.5,3.9,1.2,0.7,9.6,0,6.7,8.5,1.1,1.2,1.6
72,65,3,35,0.3,2.5,1.7,3.6,9.4,0,5,7.2,2.5,1.7,1.1
72,90,1,2,0,0.1,0.2,0.2,0.3,0,0.2,0.6,0.1,0.2,0.1
72,117,2,35,2.3,6,0.6,5.3,4.8,1.2,3,6,2.3,3.5,0
72,45,1,2,0,0.2,0.1,0.3,0.4,0.1,0.4,0.2,0.1,0,0.2
41,10,1,9,0.2,1.9,0,0.2,3,0,1.1,1.5,0.4,0.7,0
41,71,1,85,0.1,5,4.2,5.1,19.3,2,20.3,13.7,4.2,11.1,0
41,60,1,175.5,6,10.5,14,29.6,29.3,2,29.7,30.7,12,11.7,0
41,66,1,48,1,6.6,1.6,10.6,4.8,2,5.2,9.8,1.9,4.2,0.3
41,77,1,6.5,0.5,0.6,0.5,0.7,1.7,0,1.7,0.5,0,0.3,0
41,82,2,72,2.3,5.1,4.4,7.9,13.1,0,20.4,11.7,2.6,3.5,1
41,62,1,5,0.3,0.7,0,0.6,1.1,0,0.9,0.9,0.3,0.2,0
41,67,2,41.5,2,6,2.3,5.7,11.5,0,5.1,4.4,1.7,1.5,1.3
41,72,2,27,1.2,0.6,2.3,1.7,4.8,0,3.5,8.8,2.3,1.8,0
41,73,1,3,0.2,0.3,0.2,0.4,0.8,0,0.8,0.2,0,0.1,0
41,79,1,9,0.7,0.8,0.7,1,2.4,0,2.4,0.7,0,0.3,0
41,61,0,85,3,8,7,15,11,4,15,14,2,5,1
41,65,1,3,0,0.4,0.1,0.4,0.5,0,0.5,0.6,0.2,0.3,0
41,81,0,26,0,2,0,2,5,1,5,8,0,3,0
41,35,1,10,0.2,0.4,0.4,1.2,2.7,0,0.4,2.3,1.6,0.4,0.4
41,36,1,1,0,0,0,0.1,0.3,0,0,0.2,0.2,0.1,0.1
52,103,3,57,2,5.8,1.6,10.1,14.8,2,4.1,8.9,3,3.2,1.5
52,102,1,2,0,0.2,0,0.2,0.5,0,0.3,0.5,0,0.2,0.1
52,114,1,22,0.5,1.4,1.9,2.7,5.5,0.3,3.9,3.6,1.4,0.8,0
52,5,4,43,1.7,1.7,2.5,3.6,4.3,0,7.3,14.6,1.3,4.7,1.3
52,116,1,1,0,0,0,0.1,0.1,0,0.3,0.2,0,0.2,0.1
52,87,1,3,0.2,0,0.2,0.4,0.5,0.1,0.8,0.1,0,0.6,0.1
52,115,2,10,0,0.4,0.2,1,1.4,0.2,2.8,1.6,0,1.6,0.8
52,22,1,1,0,0.1,0.1,0.1,0.3,0,0.2,0.1,0,0.1,0
108,62,1,53,2.4,1.5,0.9,8.3,8,2,18,8.5,0.4,3,0
108,53,2,76.5,0.5,6.2,1.7,12.8,11.4,0.3,18.5,15,4,4.5,1.6
108,28,3,86,6.6,9,3.1,17.8,17.1,1.6,10.2,7.2,7.1,5.4,0.9
108,82,1,71,2.4,3.4,5.7,9.3,17.5,0,10.7,13,2,7,0
108,27,1,2,0,0.2,0.1,0.4,0.3,0,0.4,0.2,0.2,0.1,0.1
108,51,2,5,0.2,0.5,0.2,1,1.2,0.1,0.5,0.4,0.6,0.2,0.1
108,48,1,142.5,3.4,6.9,5.2,16.5,17.6,0.2,25.4,45.7,4.4,13.5,3.7
108,79,1,92,4,8.2,5.2,16,17.7,2,6.9,21.6,3,7.4,0
108,56,1,15,0.8,1.3,0.3,2.8,2.8,0,2.5,2.3,0.6,1,0.6
108,78,0,241.5,8,10.5,24,44,42,3.5,54,27,9.5,18,1
108,89,2,35,0,8,0,5,12,1,2,3,4,0,0
108,14,2,87,8.4,6.7,4.4,19.2,13.5,2.7,6.4,12.8,8.6,3.7,0.6
108,81,0,69,2,2,5.5,9,18,1.5,14,11,3,2,1
108,117,1,7,0.3,0.8,0.5,0.8,2.2,0.1,0.4,0.5,0.7,0.5,0.2
108,47,2,17,0.6,0.6,0.3,3.9,2.5,0.3,2.2,4.1,0.6,0.8,1.1
108,36,1,3,0.1,0.3,0.2,0.5,0.9,0.1,0.3,0.2,0.2,0.1,0.1
108,52,2,183,7.3,11.9,8.1,21.9,33,3.5,37.2,39.7,6.8,10.9,2.7
108,118,1,17,0.7,1.9,1.3,2,5.4,0.4,0.9,1.1,1.8,1.1,0.4
108,29,4,71,1.2,5.9,2.3,13.4,12.2,1.2,12.2,8.2,8,4.7,1.7
108,49,1,112.5,0.3,12.8,4.2,12.3,17.5,1.2,38.3,20.5,1.3,2.5,1.6
108,77,1,353,9.1,25.2,17.4,51.9,67.8,4.5,43.5,86.9,21.1,24.6,1
108,71,1,55,2.4,7.5,1.9,9.2,16.1,2.5,7.3,4.7,2,1.4,0
108,72,1,6,0.1,0.6,0.2,0.8,2.2,0.1,0.5,0.7,0.5,0.3,0
108,55,3,14,0.8,1.2,0.2,2.6,2.6,0,2.4,2.1,0.6,0.9,0.6
108,57,4,61.5,2.1,1.1,2,10.4,14.7,0,15.2,9.8,0.5,3.5,2.2
108,50,1,206.5,5.3,16.1,13.8,18.1,40.4,2.2,67.1,21.8,6.1,5.4,10.2
108,96,1,53.5,1.7,7,0.7,7.5,13.9,0.3,8.2,9,0.4,3.4,1.4
108,76,1,6,0.3,0.3,0.2,0.8,1.2,0,0.9,1.9,0.2,0.2,0
108,61,1,2,0.1,0.1,0.1,0.2,0.6,0,0.7,0.1,0.1,0,0
108,97,3,49,2,2.5,2.4,6.8,8.7,1.3,10.9,4.7,1.3,8.2,0.2
108,54,3,29,0.8,2.1,1.3,4.6,4.1,0.5,7.5,5.3,0.8,0.9,1.1
108,13,1,57,2.2,5.2,7.2,7.3,18.8,0.1,7.2,3.4,3.3,1.2,1.1
108,98,1,15,1.4,0.4,0,4.1,1.8,0.9,3.2,1.8,0.9,0.5,0
108,58,1,2,0.1,0,0.1,0.3,0.5,0,0.5,0.3,0,0.1,0.1
95,60,2,14,0.7,1.2,1,2.8,3.6,0.2,2,0.9,0.6,0.5,0.5
95,62,1,13,0.3,0.3,0.7,3.9,4.6,0.7,0.3,0,1.4,0.4,0.4
95,61,1,211,11.2,32.2,8.5,54.7,41.2,5.5,12.2,16,25,1.2,3.3
95,9,1,2,0.1,0.1,0.1,0.3,0.3,0,0.2,0.6,0.1,0.2,0
95,7,4,74,1.5,8.2,1.2,12.9,11.5,2.3,9.5,17.1,5,4.8,0
95,5,1,3,0.1,0.1,0.1,0.5,0.5,0.1,0.3,0.9,0.1,0.3,0
107,53,0,378.5,11,34.5,18,50,74,9,66,64,16,30,6
107,48,3,74,1.6,3.6,3.4,4.4,9.9,1,7.3,24.9,1.3,15.9,0.7
107,15,2,45,6.3,2,4.3,12.3,8.2,2,2.3,4.7,1.7,0.9,0.3
107,62,1,124.5,4.1,10.7,3.1,16.5,17.4,2.1,28.2,22.3,4,15.1,1
107,51,2,154,10,15,15,29,38,3.5,13,11,5.5,7,7
107,52,1,332.5,13,31.8,23.5,62.1,78.5,3,53.5,42.1,12,12,1
107,14,3,34,1.4,1.6,1.4,5.7,6,0.9,9.1,6.1,0.9,0.9,0
107,49,0,803,16,37,28,81,125,12,178,214,18,82,12
107,56,1,118.5,7,12.7,3,15.1,25.4,2,9.1,27.1,5,9,3.1
107,77,1,144.5,8.7,15.7,6.7,22.4,34.1,4.3,15.5,10.5,5.5,18.7,2.4
107,78,1,214,7.7,23.2,8.7,27.9,45.4,3.2,28,39.4,7.5,19,4
107,47,1,17,0.2,1.3,0.5,0.5,3.5,0,2.6,4.9,0.5,2.8,0.2
107,89,1,158.5,6.9,22.4,7.8,29.9,40.9,7.1,14.8,6,9.8,8.7,4.2
107,36,2,71,5.2,9.2,5.7,6.5,14.7,3,3.8,10.3,3.3,8.7,0.6
107,63,1,13,0.7,1.4,0.6,3.2,2.6,0.7,1.1,1.9,0.4,0.4,0
107,35,1,9,0.2,0.9,0.5,0.4,2,0,1.4,2.5,0.2,0.5,0.4
107,79,2,25,1.9,0.6,1.9,2.7,6.6,0.6,2.7,4,1.3,2.7,0
107,28,1,19,1.6,0.8,1.6,1.6,3.9,0,2.4,4.7,1.6,0.8,0
107,54,0,402,19,33,12,61,87,9,60,60,27,23,11
107,58,2,141,4,7,8.2,9,22.6,3,35.4,38.4,7,5.4,1
107,92,1,2,0.1,0.2,0.1,0.3,0.6,0,0.1,0.2,0.2,0.2,0
107,29,2,39,0.3,6.2,0.5,4.5,10,0,8.6,4.3,4.4,0.2,0
107,87,1,4,0.3,0.3,0.2,0.9,0.9,0.2,0.2,0.5,0.2,0.3,0
107,57,1,99,3.6,0.6,3.3,9,9.9,0,20.6,39.8,3.6,8.6,0
107,55,0,393.5,11,33.5,26,52,81,7,63,71,23,25,1
107,76,2,5,0.1,0.5,0.1,0.4,1,0.1,1.1,1.1,0.3,0.2,0.1
107,97,1,15,0,2.1,0.4,1.4,4.5,0,3.5,1,1.4,0.7,0
107,96,1,41,1,4.8,0.1,3.6,9.8,0,11.4,7.4,0.6,2.3,0
107,50,0,638.5,18,51,32.5,87,142,11,100,96,37,49,15
107,45,1,6,0.2,0.3,0.5,0.2,1.3,0,1.3,1.2,0.2,0.5,0.3
107,88,1,67.5,4.1,5.6,4.3,10.5,16.6,0.3,6.3,12.9,2.3,2.5,2.1
107,37,1,9,0.2,0.9,0.5,0.4,2,0,1.4,2.5,0.2,0.5,0.4
107,98,1,3,0,0.4,0.1,0.3,0.9,0,0.7,0.2,0.3,0.1,0
107,13,1,9,0.4,0.5,0.4,1.5,1.6,0.2,2.4,1.6,0.2,0.2,0
113,15,1,9,0.4,0.4,0.4,2.1,2.1,0.2,1.5,0.5,0.8,0.5,0.1
113,41,1,167,7.8,12.5,5,31.3,30.3,5,21,26.6,15,9.5,3
113,36,1,6,0.3,0.4,0.3,1.3,1.3,0.3,0.9,0.6,0.3,0.1,0.2
113,38,3,90.5,3.6,8.3,5.8,14,29,2.7,10.3,9.3,1.8,3.8,1.9
113,127,1,56,3.8,7.7,3.3,9.5,6.3,1.3,7.4,10.8,2.8,3.1,0
113,37,2,157,3.6,9.5,11.6,23.1,35.3,6.6,20.8,28.2,5.6,7.8,4.9
113,126,1,24,3.2,1.3,0.7,6.5,0.7,0.7,2.6,3.2,3.2,1.9,0
113,42,1,59,4.1,4.7,3.1,10.2,12,1,8.2,13.6,0,0,2.1
113,2,2,23,0.3,2.9,1.2,2.9,5.4,0.4,3.7,4.5,0.5,1.2,0
113,16,2,105,3,4.8,3.5,22.5,14.6,3.2,23,11.1,10.2,8.8,0.3
113,1,0,72,0,12,3,15,21,4,2,4,8,1,2
113,122,1,28.5,2.3,3.8,1.8,4.8,5.8,0,3.8,2.8,3.1,0,0.3
113,123,1,220,10.8,13.9,15.4,36.7,36.5,5,36.9,34.2,11.4,15,4.2
113,124,1,35,2.4,2.4,1.1,7.1,5.7,1,7.4,3.8,1.9,2,0.2
113,40,2,18,0.6,1.3,0,1.9,3.7,0,2.6,4.8,0.9,1.3,0.9
113,3,1,2,0,0.3,0.1,0.3,0.5,0,0.3,0.4,0,0.1,0
51,103,2,10,0,1,0.2,0.7,2.8,0,1.5,2.5,0,0.8,0.5
51,4,1,2,0.1,0.1,0.1,0.2,0.2,0,0.3,0.7,0,0.2,0.1
51,21,3,112,3.4,9.1,4.1,16.1,25.2,5.5,15.2,14.1,10,6.7,2.6
51,5,2,22,1,1,1.2,1.8,2.2,0,3.7,7.5,0.6,2.4,0.6
51,20,1,8,0.1,0.6,0.6,0.6,2,0.1,1.8,0.8,0.2,0.9,0.3
51,25,1,2,0.1,0.2,0.1,0.4,0.4,0,0.4,0.2,0,0.1,0.1
51,19,1,2,0,0.2,0.1,0.4,0.4,0,0.2,0.4,0.1,0,0.2
51,22,2,24,0.2,1.8,1.8,1.8,6,0.3,5.4,2.4,0.6,2.8,0.9
73,15,4,34,2,2.2,0.8,7.6,6,2,3.4,4,2,4,0
73,101,4,46,2,6.3,2.7,5.1,7,1.2,6.3,8.9,1.2,4.6,0.7
73,117,3,49,0.8,4.5,2.9,5.5,10.6,0.9,1.9,11.4,3.8,5.8,0.9
73,116,2,3,0,0.5,0.2,0.6,0.3,0.1,0.1,0.6,0.2,0.3,0.1
73,14,0,21,2,0,0,4,3,0,5,5,2,0,0
73,53,1,4,0.1,0.3,0.1,0.9,0.5,0.1,0.5,0.9,0.2,0.4,0
73,36,1,2,0,0.2,0.1,0.4,0.4,0,0.2,0.4,0.1,0,0.2
73,16,2,9,0.5,0.6,0.2,2,1.6,0.6,0.9,1,0.6,1,0
73,102,1,3,0.1,0.4,0.2,0.3,0.5,0.1,0.4,0.6,0.1,0.3,0
73,112,1,9,0.3,0.5,0.7,1,1.1,0.4,1.4,1.7,0.5,1.1,0.3
73,22,1,1,0,0.1,0.1,0.2,0.2,0,0.1,0.2,0,0,0.1
73,111,1,2,0.1,0.1,0.2,0.2,0.2,0.1,0.3,0.4,0.1,0.2,0.1
1,3,4,23,0.9,2.9,2,2,7.5,0,1.7,4,0.9,0.9,0.2
1,31,2,93,0.4,5.6,1,10.7,13.2,2.7,27.6,15.1,5.6,9.1,2
1,32,1,73,0.1,4.6,4,7.3,11.2,1.4,19.4,12.7,2.6,9.7,0
1,4,1,80.5,3.2,9,3.3,10.3,18.3,1,12.3,7.7,8.2,5.2,2
1,120,1,7,0.1,0.5,0.2,1,1.4,0.2,0.8,1.7,0.4,0.7,0
1,126,3,13,0.3,0.3,0.7,0.6,2.3,0,3.6,3.3,0.6,1.3,0
1,121,1,1,0,0.1,0,0.1,0.2,0,0.1,0.3,0.1,0.1,0
1,114,1,6,0.2,0.4,0.2,0.8,0.8,0.3,1.7,0.8,0.2,0.3,0.3
1,127,1,2,0,0.1,0.1,0.1,0.4,0,0.5,0.5,0.1,0.2,0
1,70,2,11,0.8,0.5,1.6,1.6,1.8,0,1.1,1.8,0.3,0.9,0.6
105,53,0,592,22.5,25.5,89.5,176,98,5,66,52,25.5,22,10
105,46,1,243,12.2,26.4,11.7,45.2,37.8,2,34.8,47.6,11.2,10.7,3.4
105,65,0,189,2,18,9,13,50,2,27,55,6,6,1
105,48,0,366.5,25,64.5,31,58,62,12,53,27,21,11,2
105,51,1,361.5,10.5,17.6,17.1,53,53.6,6,71,61.4,11.5,51.5,8.3
105,49,0,465.5,17,28.5,28,78,93,8,59,57,21,70,6
105,64,3,74,4.9,5.7,1.4,15.4,10.3,4.1,12,16.8,2.4,1,0
105,56,1,266.5,10,23.6,9.5,38.7,57,6.2,41.2,37.7,11.7,22.5,8.4
105,66,2,37,0.8,5.2,1.2,4.8,9.5,0.8,4.2,3.2,4.9,1.6,0.8
105,54,1,206,2,20.2,22.5,34.9,47.5,1,32.5,22.9,5.5,8,9
105,109,1,15,0.7,1.5,0.4,1.5,2.5,0.4,2.6,3.6,0,1.1,0.7
105,76,2,10,0.4,0.8,0.4,0.6,2,0.2,2.2,2.2,0.6,0.4,0.2
105,52,0,485,13,33,32,72.5,94,8,77,69,21.5,50,15
105,90,2,13,0.5,1.2,0.8,1.7,3.7,0.2,0.8,1.1,1.6,1.3,0.1
105,47,0,524.5,27,41,27,79,85,11,75,119,28.5,28,4
105,89,2,64,2.7,5.9,2.7,9.9,20.2,1,7.3,7.9,2.7,3.7,0
105,37,2,28,0.5,2.8,1.7,1.1,6.3,0,4.4,7.7,0.5,1.7,1.3
105,108,0,49,1,3,5,5,10,0,17,6,0,2,0
105,110,1,1,0,0.1,0.1,0.1,0.2,0,0.1,0.2,0.1,0.1,0
105,55,3,327,8,17,27.9,66,70.3,6.2,42.9,48.8,11.2,26.9,1.8
105,57,0,210.5,11,16.5,8,43,45,8,13,31,19,12,4
105,45,1,2,0,0.1,0.1,0.1,0.2,0,0.4,0.8,0,0.3,0
105,50,0,962.5,34.5,74.5,67,148,153,25,137,169,47.5,100,7
105,88,2,15,0.6,1.9,0.4,2.6,3.8,0.2,1.4,2.2,0.4,1.4,0.1
105,98,1,7,0,1,0.2,0.7,2.1,0,1.6,0.5,0.6,0.3,0
105,58,1,12,1.3,1,0.7,2.3,2.3,0.4,1.3,2.3,0,0,0.4
105,97,1,5,0,0.7,0.1,0.5,1.5,0,1.2,0.3,0.5,0.2,0
103,51,0,705,33,67.5,50,136,133,19.5,88,86,40,43,9
103,48,2,18,0,1.1,0,1.1,2.6,0.5,1.1,9.5,1,1.1,0
103,53,0,346,20,27,27,79,79,5,40,30,21,11,7
103,75,1,19,0.6,1.6,0.7,1.3,3.9,0.3,4.3,4.3,1,0.7,0.3
103,46,2,6,0,0.2,0.3,0.4,0.5,0,1.3,2.4,0,0.8,0.1
103,92,1,41,3.7,1.5,2,7.3,4.8,0.3,6.1,9.4,2.1,3.7,0.1
103,54,0,485,24.5,14,45.5,126,85,13.5,68,50,22.5,27,9
103,45,1,149,1,10.7,10.1,13.4,37.8,2,30.3,19.9,10,8.5,5.3
103,100,2,23,1.1,2.2,0.6,2.3,3.9,0.6,3.9,5.6,0,1.7,1.1
103,81,2,24.5,1.3,2,1.3,4.8,5,0.4,4.4,3,1.6,0,0.7
103,52,1,299,10.6,24.3,8.6,66.7,51.3,7,43.6,45,25.1,14.1,2.7
103,80,1,55,1.9,4.3,3.9,11.1,10.3,1.2,9.9,5,4,2,1.4
103,50,1,165.5,5,7.9,6.9,18,28.4,1,37,43.6,4.5,11.5,1.7
103,99,1,6,0,0.8,0.1,0.6,1.8,0,1.4,0.4,0.6,0.3,0
103,49,1,61,4,8.2,4,9.2,8.6,2.1,8.3,6.1,6.2,0.3,4
103,93,1,80,3.1,7.3,4.6,12.5,20.4,1.5,4.6,10.1,8.2,7.5,0.2
47,88,2,16,0.1,1.9,2.1,0.6,4.1,0.6,2.8,1.7,0.8,0.2,1.1
47,68,1,2,0,0.2,0.1,0.3,0.5,0,0.1,0.7,0,0.1,0
47,47,1,3,0.1,0.3,0.1,0.4,0.6,0,0.3,0.7,0.1,0.4,0
97,108,1,3,0.1,0.4,0.4,0.3,0.7,0,0.1,0.4,0.2,0.3,0.1
97,113,2,12,0,1.1,0,2,2.1,0.5,1.1,3.1,0,2.1,0
97,60,2,25,1.2,2.2,1.9,5,6.5,0.4,3.6,1.6,1,0.8,0.8
97,62,1,100,4.1,15.1,4.2,15.9,33,4.1,6.1,4,13.3,0.1,0.1
97,77,3,35,3.4,1.1,0.9,5.5,6.9,0.6,6.7,6.3,2.3,0.7,0.6
97,64,1,3,0.1,0.1,0.2,0.9,1,0.1,0.1,0,0.3,0.1,0.1
97,66,1,16,0,2.8,0.5,2.8,5.2,0.4,1.9,0.5,1.4,0,0.5
97,67,2,46.5,2.5,6.2,0.5,10,11.8,1.3,2.1,4.8,4.1,0,3.2
97,54,2,3,0.2,0,0.2,0.6,0.6,0.1,0.7,0.5,0.1,0,0
97,55,1,2,0.1,0,0.1,0.4,0.4,0.1,0.5,0.3,0.1,0,0
97,61,2,34,1.6,3,2.6,6.8,8.8,0.7,4.9,2.3,1.3,1,1
97,78,1,33,2.2,3.1,2,4.3,9.4,0,2.4,4.4,0.2,5,0
106,46,0,111.5,3,11,9,19,23,1,15,15,6.5,9,0
106,48,1,479.5,34.6,31.6,53.2,149.2,77.6,12,40.1,37.2,29.7,8.2,6.1
106,53,0,592.5,27,50,64.5,120,101,9.5,66,54,26.5,54,20
106,15,2,33,0.6,4.1,2.7,4.7,10.8,0,4.7,1.4,1.3,2,0.7
106,62,3,90,2.2,8.4,3.2,12,22.8,3.2,15.4,11.6,8.1,2.1,1
106,44,1,9,0.4,0.2,1.2,0.6,2.5,0,3.1,0.6,0.2,0,0.2
106,79,1,4,0.3,0.1,0.3,0.4,1.1,0.1,0.4,0.7,0.2,0.4,0
106,51,0,378.5,13,29,25.5,51,77,7,66,53,14,26,17
106,52,0,541.5,12,48.5,55,91,103,7,73,72,25,44,11
106,65,2,21,0.2,3.3,0.9,1.9,5.6,0.2,3.5,1.4,1.4,2.3,0.3
106,49,0,258,15,21,26,41,54,4,29,43,12,12,1
106,77,0,178,6,22.5,2,36,48,4,8,14,28.5,5,4
106,56,1,522,23,39.3,35.7,109.2,95.1,8.5,87.8,62,37,20,4.4
106,14,3,35,1.3,1.8,1.3,5.9,6.3,0.8,9.4,6.3,0.9,1,0
106,47,1,323.5,15.3,18.6,36.9,52.3,65.5,9,38.5,52.1,14.8,15.9,4.6
106,76,1,52,8.1,6.4,1.1,16.3,10.8,1.1,2.9,1.9,2.2,0.1,1.1
106,36,2,113,7.8,13.9,6.4,17.6,19,0,13.2,19,2.8,10.4,2.9
106,89,2,43,3.7,3.7,1.6,9.6,9.6,2,1.6,5.8,1.6,3.3,0.5
106,80,2,11,0.6,0.9,0.6,2.2,2.2,0.2,2,1.3,0.7,0,0.3
106,66,2,21,0.3,3.3,0.8,1.9,5.5,0.3,3.6,1.4,1.4,2.2,0.3
106,35,1,31,1,3.1,2.1,4,7.2,0,5.2,7.3,1,0.1,0
106,54,0,627.5,15,34.5,37.5,97,119,5.5,71,132,19,85,12
106,108,1,3,0.1,0.3,0.1,0.3,0.5,0.1,0.5,0.7,0,0.2,0.2
106,63,2,18.5,1,2,0.8,4.5,3.7,1,1.6,2.7,0.6,0.6,0
106,55,1,370.5,13,26.9,28.6,81.8,67.2,4,29.5,47.2,9,54,9.3
106,42,1,9,0.4,0.2,1.2,0.6,2.5,0,3.1,0.6,0.2,0,0.2
106,45,2,11,0.3,0.6,0.9,0.3,2.4,0,2.4,2.2,0.3,1,0.6
106,86,1,4,0.1,0.6,0.1,0.6,1,0,0.5,0.6,0.1,0.4,0
106,67,3,19,0.2,3,0.7,1.8,5,0.2,3.3,1.3,1.2,2,0.3
106,88,1,23,2,2,0.9,5.1,5.1,1.1,0.9,3.1,0.9,1.7,0.2
106,57,1,214,15.2,18.2,7.5,40,46.3,11,20.9,21.8,18.2,12.9,2
106,50,0,367.5,9,39.5,23,69,63,11,63,43,18,28,1
106,37,0,77,2,4,2,7,12,1,18,26,1,2,2
106,98,1,1,0,0.1,0,0.1,0.3,0,0.2,0.1,0.1,0.1,0
106,58,1,2,0,0,0.1,0,0.3,0,0.2,1.2,0,0.2,0
42,99,2,19,0.3,1.8,1.2,3.6,4.2,0,3.6,0.6,2.2,1.2,0.3
42,67,3,28,0,3.1,0.6,3.9,5.4,0,4.9,5,1.3,3.1,0.7
42,59,2,40,0,5.5,0.5,6.7,11.1,0,3.8,7.6,1.3,3.5,0
42,58,2,57,0,2.6,1.6,6.6,7.1,0,15.8,18.5,0.3,4.5,0
42,69,1,10,0,0.8,0,1.7,2.1,0,2.1,1.7,0,1.2,0.4
42,80,1,1,0,0.1,0,0.2,0.3,0,0.2,0.1,0.1,0,0
42,97,1,4,0.1,0.4,0.2,0.7,0.9,0,0.8,0.1,0.5,0.2,0.1
42,72,1,1,0.1,0.1,0.1,0.1,0.2,0,0.3,0.1,0,0,0
42,100,2,36,0.8,3.5,2.6,4.4,7.1,0,5.3,5.3,1.8,4.4,0.8
42,71,0,48,4,2,5,13,6,3,6,2,4,3,0
42,70,2,47,3.8,1.4,1.5,12.1,6.9,0,4.2,8.5,7.5,1.1,0
42,16,1,2,0.1,0.4,0,0.1,0.7,0,0.2,0.3,0.1,0.1,0
10,25,1,3,0,0,0.4,0.1,1,0,0.5,0.7,0,0.3,0
10,24,1,1,0,0,0.1,0,0.4,0,0.2,0.2,0,0.1,0
10,125,3,20,0.1,1.5,0.7,2.5,3.1,0.3,4.7,4.3,0.9,1.5,0.4
10,77,3,69,1.2,6.8,6,8.1,17.6,0.7,9.7,6.6,3.1,6.2,3
10,78,1,4,0.1,0.4,0.4,0.7,1,0.1,0.5,0.3,0.3,0.1,0.1
10,101,1,3,0.2,0,0.1,0.9,0.6,0,0.6,0.3,0.2,0.1,0
10,107,2,54,0.6,2.7,0.4,10.1,10.1,1.9,12.2,8.6,3,3.2,1.2
10,76,2,23,0.5,2.3,2.1,2.3,6.5,0,3.4,2.9,0.9,1.6,0.5
10,102,1,15,0.4,1.2,0.8,2.7,3.5,0.2,2.2,1.4,1.4,0.8,0.4
10,108,2,14,0.6,0.6,0.4,2.8,2.8,0.2,3.2,1.2,1,0.8,0.4
33,6,1,2,0.1,0.1,0.1,0.3,0.3,0,0.2,0.4,0.1,0.4,0
33,87,1,5,0.2,0.6,0.4,0.3,1.4,0,0.7,0.4,0.2,0.3,0.5
39,10,1,31,0.1,0.1,2,1.6,10,0,4.2,8,0.4,4.6,0
39,11,2,30,0.4,0.9,0,3.5,5.7,0,7.1,6.2,2.6,3.6,0
39,9,2,5,0.2,0.3,0.2,0.7,0.7,0,0.6,1,0.3,1,0
39,12,2,16,0.2,1.4,0,1.4,3.8,0,3.2,3.1,1.2,1.7,0
39,82,3,94.5,2.7,9,3.7,11.7,17.4,1,16,22.6,3.1,7.3,0
39,60,2,7,0.5,0.9,0,0.7,1.6,0,1.2,1.2,0.5,0.4,0
39,80,1,2,0,0.2,0.2,0.2,0.5,0,0.1,0.4,0.1,0.3,0
39,93,3,61,2.2,3.1,3.1,9.9,9.9,1.5,12,9.8,3.2,5,1.3
39,81,2,30,0.4,3.4,2.2,3.4,7.7,0,1.3,6,1.3,4.3,0
39,94,2,59.5,1.7,2.1,5.2,10.4,9.4,0.3,10.7,14.1,2.2,2.7,0.7
39,88,1,5,0,0.6,0.7,0.2,1.3,0.2,0.9,0.5,0.2,0.1,0.3
39,53,3,63,1.3,5.5,3,5.8,16.9,0,13.7,6.7,3,6.5,0.6
39,54,0,170,9,13,7,16,36,2,27,38,7,13,2
39,44,2,14,0.3,1.7,0.3,1.7,2.9,0,1.3,3.2,0.7,1.9,0
39,55,2,13,0,0.6,0.6,0.7,2.5,0,2.1,4.3,0.4,1.8,0
39,43,2,20,0.5,2.4,0.5,2.4,4.1,0,1.9,4.6,0.9,2.7,0
53,98,1,2,0.1,0.1,0,0.4,0.6,0,0.1,0.4,0.1,0.2,0
53,67,1,58.5,1,3.2,2.5,4.3,14,1,10.7,13.2,3,4.4,1.2
53,4,1,4,0.2,0.2,0.2,0.3,0.4,0,0.7,1.4,0.1,0.4,0.1
53,5,2,35,0,2.1,2.8,4.4,6.1,0.8,5.3,7.7,0.9,4.5,0.4
53,114,2,29,0.8,0.8,0.8,5.8,3.4,0,5,6.6,3.4,2.4,0
53,87,2,22,1.6,0,1.7,2.5,3.4,0.9,5.9,0.9,0,4.2,0.9
53,6,3,24,0,1.4,1.9,3,4.2,0.6,3.6,5.3,0.6,3.1,0.3
53,115,1,17,0,0.8,0.4,1.7,2.5,0.4,4.7,2.6,0,2.6,1.3
53,88,1,1,0.1,0,0.1,0.1,0.2,0,0.3,0,0,0.2,0
57,127,1,10,0,1.3,1,0.6,3.9,0,0.7,1.6,0.6,0.3,0
57,28,1,36,0.3,3.4,3.2,7.9,9,1.1,3,4.4,2.2,1.3,0.2
57,45,3,40,0,2,2,4,10,0,9,3,4.9,5.1,0
57,103,3,37,4,0.9,1,10,7.1,0.9,5,3,0,4.1,1
57,44,3,51,2,7.8,0,6.9,7.8,0,6.9,11.7,2,3.9,2
57,64,1,1,0,0,0.1,0.1,0.2,0,0.2,0.2,0.1,0.1,0
57,56,2,26,0.7,3.1,0.4,3.5,5.4,0.4,4,5,2.4,1.1,0
57,116,1,1,0,0,0,0.1,0.1,0,0.3,0.2,0,0.2,0.1
57,26,2,8,0.4,0.7,0.3,1.5,1.6,0.1,1.6,0.7,0.3,0.5,0.3
57,29,3,37,1.9,3.3,1.4,7,7.5,0.4,7.5,3.3,1.3,1.9,1.5
90,40,4,86.5,5,8.9,3.6,11.9,22.4,1.1,9.5,11.7,6.2,2.5,3.7
90,61,3,50,2,5.2,0.6,5.8,11.4,1,8.4,9.3,4.7,0.6,1
90,62,1,1,0.1,0.1,0,0.1,0.2,0,0.2,0.2,0.1,0,0
90,117,2,11,0.4,0.1,1.1,1.8,1.6,0.3,2.1,2.1,0.8,0.7,0
90,127,2,6,0.4,0.2,0.4,0.8,1,0,1.2,1,0.2,0.6,0.2
90,51,0,30,1,2,2,5,4,1,8,4,2,1,0
90,52,1,5,0.2,0,0,0.8,0.7,0.2,0.8,1.8,0.3,0.2,0
90,29,2,17.5,0,2.3,0.5,3,4.5,1,2,3.1,0.5,0,0.6
90,41,2,17,1,1.7,0.7,2.3,4.4,0.3,1.9,2.3,1.2,0.5,0.7
90,7,1,5,0.2,0.3,0.1,0.8,0.8,0.1,0.5,1.4,0.3,0.5,0
50,120,1,2,0,0.3,0.2,0.1,0.8,0,0.1,0.3,0.1,0.1,0
50,67,2,21,0.2,0.8,0.8,1.7,3.1,0.1,3.8,7.9,1,1.5,0.1
50,68,2,11,0.5,0.6,0.6,3,1.7,0.2,1.6,0.8,1.1,0.6,0.3
50,93,3,28,1,1.8,0.3,4.8,8.4,0,1.8,5.8,1.3,2.8,0
50,118,1,1,0,0,0,0.1,0.1,0,0.3,0.2,0,0.2,0.1
50,21,2,75,2,3.2,6.2,15.2,15.6,1,6.4,13.2,6,6.2,0
50,20,0,23,0,1,0,6,3,1,7,0,1,4,0
50,22,2,4,0,0.3,0.3,0.3,1.1,0.1,0.9,0.4,0.1,0.4,0.1
99,85,2,89,6.1,5.3,3.1,23.5,15.8,8,6.3,4.3,12.1,4.3,0.2
99,109,3,13,0.4,1.7,0.6,1.3,3,0.2,1.5,2.6,0.3,0.6,0.8
99,86,1,3,0.1,0.3,0.1,0.5,0.8,0,0.4,0.3,0.1,0.3,0.1
99,89,1,3,0.1,0.3,0.1,0.5,0.8,0,0.4,0.3,0.1,0.3,0.1
99,42,1,5,0.2,0.1,0.7,0.3,1.4,0,1.7,0.4,0.1,0,0.1
69,53,1,16,0,1.7,1.1,2.3,2.8,0.6,2.9,3.4,0.6,0.6,0
69,124,1,4,0,0.5,0.3,0.2,1.2,0,0.9,0.6,0,0.2,0.1
69,122,1,7,0,0.8,0.6,0.4,2.1,0,1.5,1.1,0.1,0.3,0.1
69,52,2,114,3.8,8.7,2.8,26.1,14.8,2.8,11.8,23.1,9.1,10,1
69,123,3,48,1,3.5,2,3.3,14.4,0,10.9,6.6,1.2,4.9,0.2
67,48,1,4,0.1,0.1,0.1,0.8,0.8,0.2,0.7,0.2,0.4,0.6,0
67,46,1,11,0.3,0.3,0.8,2.3,2.3,0.3,1.1,1.4,0.8,0.8,0.6
67,17,0,38,7,4,3,9,8,3,2,0,2,0,0
67,70,1,14.5,1.2,1.6,0,2.7,0.4,0,3.5,3.1,1.6,0.4,0
67,69,2,42,0,3.3,1.7,5,2.7,0,12.8,13.1,1,1.7,0.7
67,19,1,4,0.3,0.3,0.3,0.8,0.5,0,0.7,0.3,0.5,0.2,0.1
67,18,1,55,2.1,0.1,4.1,7.2,11.1,0,9.2,12.1,0.1,7,2
67,101,1,11,0.4,0.9,0.7,1.8,1.9,0.1,1.8,2.3,0.4,0.7,0
67,97,2,21,1.9,0.5,2.4,5.3,4.3,0.9,2.4,0.9,1.9,0,0.5
67,98,1,15,1.4,0.3,1.7,3.7,3.1,0.7,1.7,0.7,1.4,0,0.3
67,100,1,4,0.1,0.3,0.3,0.6,0.7,0.1,0.7,0.8,0.1,0.3,0
114,15,1,15,0.6,0.7,0.6,3.6,3.6,0.3,2.5,0.9,1.3,0.7,0.2
114,62,1,29,1.8,1.3,2.2,6.1,5.7,0,2.6,6.2,1.8,1.3,0
114,17,2,6,0.3,0.3,0.3,1.4,1.4,0.1,1,0.3,0.6,0.3,0
114,41,2,14,0.5,1,0,1.5,2.8,0,2,3.7,0.7,1.1,0.7
114,16,1,124,14.6,6.7,4.6,31.6,15.6,2.3,17.5,12.9,5.3,10.7,2.2
114,63,0,39,2,5,2,4,13,1,1,4,7,0,0
114,37,2,6,0.3,0.3,0.2,1.2,1.7,0.3,0.7,0.7,0.2,0.2,0.2
114,42,2,74,1.6,7.6,0.7,6.3,16.6,0,17.4,15.3,4.4,2,2.1
114,123,2,9,0.8,1.2,0.5,1.5,1.8,0,1.2,0.9,1,0,0.1
114,1,3,31,0.6,3.8,1.6,3.9,7.2,0.6,5,6.1,0.6,1.6,0
114,61,1,4,0.2,0.2,0.3,0.8,0.8,0,0.4,0.9,0.2,0.2,0
114,40,1,2,0.1,0.1,0,0.2,0.4,0,0.3,0.5,0.1,0.2,0.1
114,124,1,32.5,2.6,4.3,2,5.5,6.7,0,4.4,3.2,3.5,0,0.3
114,38,1,2,0.1,0.1,0,0.4,0.7,0.1,0.2,0.3,0,0,0.1
14,4,2,27,1.7,0.8,0,5.1,4.3,0,9.2,1.7,0.8,3.4,0
14,5,2,67,5.6,7.1,4.6,12.1,13.2,1.6,8.6,9.7,1.5,2,1
14,94,1,3,0,0.2,0.3,0.2,0.7,0,0.6,0.7,0,0.2,0.1
14,52,1,3,0,0,0.3,0.2,0.7,0.1,0.4,0.7,0.1,0.3,0.2
14,95,1,3,0,0.2,0.3,0.2,0.7,0,0.6,0.7,0,0.2,0.1
9,125,3,25,0.3,1.8,1.8,4,2.8,0,5,5.7,1.4,1.8,0.4
9,77,3,20,0.3,2,1.7,1.5,5.1,0,3.1,2.3,0.5,2.5,1
9,99,3,37,0.7,4,1.7,8.8,7.2,2.5,4,4.8,2.5,0.8,0
9,107,1,52.5,2,0.1,1,11.4,10.4,1.1,9.4,8.4,3.6,4.1,1
9,101,1,2,0.1,0,0.1,0.6,0.4,0,0.4,0.2,0.1,0.1,0
9,72,1,2,0,0.2,0.1,0.1,0.4,0,0.3,0.2,0,0.5,0.2
9,98,1,9,0.2,1,0.4,2.1,1.7,0.6,1,1.2,0.6,0.2,0
9,108,3,44,1.1,3.2,0.8,7.9,10.9,1.4,6.7,3.2,1.9,6.4,0.5
9,100,1,39,3.3,0,0.7,10.8,5.4,0,8.4,7.4,1.3,1.7,0
9,76,2,31.5,0.7,3.2,2.9,3.3,8.9,0,4.6,3.9,1.2,2.1,0.7
9,124,1,3,0.1,0.2,0.2,0.5,0.6,0,0.2,0.5,0.2,0.3,0.2
45,8,2,10,0.5,0.7,0.2,1.3,1.4,0.1,1.2,2.1,0.7,1.8,0
45,89,3,9,0.1,1,1.2,0.3,2.3,0.3,1.7,0.9,0.5,0.1,0.6
45,97,2,65,1.3,4,5.3,13,8.7,1,14,7.7,5.4,4.3,0.3
45,123,1,1,0,0.1,0,0.2,0.2,0,0.1,0.2,0.1,0.1,0
45,124,2,5.5,0.2,0.6,0.1,0.8,1,0.2,0.7,0.8,0.3,0.5,0.3
45,98,1,17,0,0.4,0.4,3.1,1.1,0,6.2,3.9,0.4,1.5,0
45,53,1,2,0,0.2,0.1,0.1,0.3,0,0.3,0.5,0.1,0.2,0.2
48,69,1,7,0.3,0.4,0.4,1.9,1.1,0.1,1,0.5,0.7,0.4,0.2
48,67,0,59,0,15,3,7,12,3,6,7,5,1,0
48,111,4,47,1.2,2.9,4.2,5.9,11.7,0.5,8.2,7.7,2.9,1.8,0
48,110,3,9,0.2,0.6,0.8,1.1,2.2,0.1,1.6,1.5,0.6,0.3,0
48,68,2,27,1.4,1.6,1.4,7.5,4.2,0.4,3.7,1.8,2.6,1.4,1
48,93,1,9,0.3,0.6,0.1,1.5,2.7,0,0.6,1.9,0.4,0.9,0
48,127,1,8,0.1,1,0.8,0.7,2,0.1,0.8,1.3,0.1,0.9,0.2
104,53,2,391.5,15.2,37.7,32.2,72.6,78.7,5,44.3,49.2,20.8,25.3,10.5
104,51,0,602,20,51.5,23,78,119,13,92,84,41.5,67,13
104,48,0,841,48,56.5,81.5,170,165,23,102,102,62,27,4
104,46,2,168,1,19,12,7,35.5,1,37,40,6.5,3.5,5.5
104,54,2,131,4.3,4,4.3,28.6,25.1,5,17.1,23.8,6.5,6.5,5.8
104,44,1,2,0.1,0.1,0.3,0.1,0.5,0,0.7,0.1,0,0,0.1
104,63,1,5,0.4,0.3,0,0.9,0.4,0.3,1.1,1.4,0.2,0,0
104,52,0,461.5,14,43,32.5,77,103,9,63,53,19,30,18
104,47,0,160.5,9,15.5,10,33,30,6,16,21,15,3,2
104,92,2,80.5,1,8,7.3,11,20.3,1.8,11.3,2.8,7.7,7.1,2.2
104,93,3,95,4.5,9.8,3.1,15.4,21.3,2.6,9.1,11.7,6,9.2,2.3
104,45,0,223,7,11,14,35,39,1,30,67,7,10,2
104,57,2,34,2.2,2.8,1.9,5.2,7.4,0.8,6,5.2,0.3,1,1.2
104,64,1,8,0.6,0.4,0,1.5,0.7,0.4,1.8,2.3,0.3,0,0
104,55,3,8,0,0.7,0.4,0.7,2,0.1,2.1,0.8,0.3,0.5,0.4
104,80,1,21,1.2,1.7,1.2,4,4.3,0.3,3.8,2.6,1.3,0,0.6
104,56,1,2,0,0.2,0.1,0.2,0.5,0,0.5,0.2,0.1,0.1,0.1
104,65,1,17,0.4,2.2,0.4,2.6,4.4,0.4,1.3,1.8,3.1,0,0.4
104,49,1,248,17,24.2,22,42.7,55.8,7.3,28.7,26.4,14.2,5.7,4
104,50,0,496,14,39,38,70,97,4,82,85,27,36,4
104,58,1,4,0.4,0.3,0.2,0.8,0.8,0.1,0.5,0.8,0,0,0.1
37,19,1,7,0.4,0.4,0.4,1.4,1.4,0.2,1.1,1.1,0.1,0.5,0
37,13,1,4,0.1,0.1,0.3,0.7,0.9,0.1,0.6,0.7,0,0.5,0
37,24,2,11,0.6,1,0.5,1.3,2.4,0.1,2,1.4,0.6,1.1,0
37,23,1,5,0.3,0.4,0.2,0.6,1.1,0.1,0.9,0.6,0.3,0.5,0
37,114,3,21,0,0,0.5,5.2,2.2,0.5,4.1,6.3,1.1,1.1,0
37,120,2,5,0.3,0.1,0.1,0.9,0.5,0,0.7,1.2,0.1,0.9,0.2
37,115,1,10,0,1.3,0.5,0.5,2.4,0.1,1.6,1.9,0.3,1.2,0.2
37,119,2,59.5,2,4.9,2.1,8.1,10.3,0.3,11.7,12.2,0.8,6.6,0.5
37,102,3,28,0.5,1.7,0.5,2.3,6.6,0,6.6,5.5,1.5,2.3,0.5
37,44,1,4,0,0.5,0.3,0.2,1,0.1,0.8,0.6,0.2,0.3,0
37,30,1,2,0.1,0.1,0.1,0.4,0.4,0,0.3,0.4,0.1,0.1,0
118,32,0,195.5,4,15,13,25,45,3,29,34,7.5,13,7
118,117,3,88.5,2,5.4,1.9,15,21.2,3.3,11.3,12.6,3.9,10.9,1
118,31,2,6,0,0.6,0,0.4,1.2,0,1,1.8,0.2,0.6,0.2
118,33,2,24,1,2,2.1,4.6,5.6,0.5,5.1,1,0.5,1.6,0
118,118,1,37,3.7,2.7,1.4,8,5.4,0,3.7,5.7,2,4.4,0
7,28,1,77,4.4,3.5,3.3,16,8.6,2.3,9.2,15,0.8,13.9,0
7,29,1,24,0.6,0.9,0.4,4.8,2.6,0.4,5.2,4.8,1.3,3,0
7,23,1,4,0.1,0.1,0.1,0.8,0.4,0.1,0.9,0.8,0.2,0.5,0
7,6,3,63.5,0.7,6.9,7.1,6.1,17.3,0,4.5,13.6,2.4,4.9,0
7,27,1,7,0.2,0.2,0.1,1.4,0.8,0.1,1.5,1.4,0.4,0.9,0
7,126,1,10,0.6,0.6,0.5,1,2.2,0,1.3,1.9,0.3,0.6,1
7,113,3,56.5,2,4.8,5.1,6.6,12.6,0.6,9.1,8.6,3.6,3.4,0.1
7,114,1,62.5,6.7,6.3,1,12.8,9.8,4.5,8.4,4,6,2.9,0.1
7,52,2,25,1.1,2.1,1.7,4,5.6,0.5,2.2,3.5,2.1,1.9,0.3
7,112,2,16,1.3,1.2,0.8,3,2.5,0.5,2.1,2.9,0.8,0.9,0
7,53,1,9,0.1,0.9,0.4,1.2,2.6,0.1,0.6,1.2,0.6,1.1,0.2
7,127,1,4.5,0.3,0.3,0.2,0.4,1,0,0.6,0.9,0.1,0.3,0.4
7,57,3,46,0,3,0.6,3.5,19.2,0.6,3.8,9.4,4.3,1.6,0
7,108,1,3,0,0.4,0.3,0.2,0.8,0,0.6,0.3,0,0.4,0
7,111,1,4,0.4,0.2,0.2,0.8,0.6,0.1,0.5,0.9,0.2,0.1,0
96,113,1,41,0,2.9,6,2.9,8.9,0.5,6,9.9,0,1.9,2
96,60,0,77,4,5,2,11,13,2,25,9,1,4,1
96,62,1,31,1.5,2.7,2.4,6.2,8,0.6,4.5,2.1,1.2,0.9,0.9
96,64,1,3,0.1,0.1,0.2,0.9,1,0.1,0.1,0,0.3,0.1,0.1
96,78,2,18,1.9,0.6,0.3,2.8,3.2,0.3,3.5,3.5,1.3,0.3,0.3
96,7,3,65.5,1.8,9.3,0.4,14.2,12,1.2,6.6,9.7,4.5,4.8,1
96,61,0,211,6,18,6,24,57,2,31,38,11,9,9
96,54,1,3,0.2,0,0.2,0.6,0.6,0.1,0.7,0.5,0.1,0,0
96,8,1,3,0,0.4,0,0.8,0.5,0.1,0.5,0.4,0.2,0.1,0
96,77,2,6,0.6,0.2,0.1,0.9,1.1,0,1.2,1.2,0.5,0.1,0.1
96,92,1,3,0.1,0.1,0.1,0.6,0.9,0.2,0.5,0.2,0.1,0.2,0
74,48,2,10,0.2,0.9,0.2,1.2,1.9,0.2,2.1,1.9,1.1,0.3,0
74,47,2,90,3.4,9.9,4.6,9.5,16.8,1.6,13.1,14.3,3.9,11.4,1.5
74,109,1,15,0.7,1.4,0.9,1.4,3.9,0,2.9,2,0.7,1.1,0
74,36,1,1,0,0.1,0.1,0.2,0.2,0,0.1,0.2,0,0,0.1
74,101,2,4,0.2,0.5,0.3,0.4,0.7,0.1,0.5,0.8,0.1,0.4,0
74,82,1,2,0.1,0.2,0.1,0.3,0.2,0,0.4,0.5,0.1,0.1,0
74,112,3,33,1,2,2.5,3.6,4.1,1.5,5.1,6.1,2,4.1,1
74,80,1,2,0.1,0.2,0.1,0.3,0.2,0,0.4,0.5,0.1,0.1,0
74,108,2,28,1.3,2.5,1.7,2.5,7.2,0,5.6,3.8,1.3,2.1,0
74,46,1,1,0,0.1,0.1,0.2,0.2,0,0.2,0.1,0,0,0.1
74,6,1,6,0.7,0.4,0.2,2,0.8,0.4,0.2,0.5,0.5,0.3,0
74,96,2,15,0,0.8,1.2,1.6,2.5,0,1.6,4.2,0.6,1.7,0.8
74,111,2,8,0.3,0.5,0.6,0.8,1,0.3,1.3,1.4,0.5,1,0.3
102,99,2,34,0,4,2,2,6,0,10,5,0,4,1
102,51,2,319.5,15,25,17.3,75.5,66.4,7.5,42.3,36.3,20,13.5,0.7
102,75,3,67,3.7,2.8,2,8.1,10.8,0.8,13.2,12.2,2,8.6,2.8
102,44,2,14,0.6,0.3,1.9,0.9,3.9,0,4.8,1,0.3,0,0.3
102,73,1,2,0,0,0.1,0.5,0.1,0.1,0.4,0.4,0.1,0.3,0
102,80,2,33,0,4,0,8,6,0,6,4,4,1,0
102,100,2,122.5,4.3,12.5,12.3,24.2,26.9,0.6,17.4,11.7,1.1,11.5,0
102,46,1,4,0.3,0.5,0.3,0.7,0.9,0,0.5,0.5,0.1,0.2,0
102,37,1,3,0,0.3,0.2,0.1,0.7,0,0.5,0.8,0.1,0.2,0.1
102,53,2,10,0,0.6,0.8,1,2,0,2.6,1,0.5,1.3,0.2
102,54,1,11,0,0.6,0.8,1.1,2.3,0,2.8,1.1,0.6,1.4,0.3
102,45,2,104,6.7,10,7.7,14.3,21.1,1,13.5,21.5,4.3,3.9,0
102,52,1,4,0,0.3,0.5,0.3,1.1,0.3,0.5,0.5,0,0.3,0.2
102,50,1,61,2,2.2,1.2,13.2,16.6,0.1,8.2,12.2,4,1.2,0.1
102,74,1,6,0.1,0.1,0.2,1.5,0.2,0.2,1.1,1.1,0.4,1,0.1
102,93,4,83,3,10.5,4.9,10.1,19,2,12,8.9,9.5,2,1.1
6,29,1,2,0.1,0.1,0,0.4,0.2,0,0.4,0.4,0.1,0.3,0
6,6,2,12,0.2,1.1,0.8,1.9,2.7,0,0.6,3.5,0.1,1.1,0
6,108,2,7,0,0.9,0.7,0.5,1.8,0,1.4,0.7,0,1,0
6,114,4,54,3.9,5.5,2.3,9.2,9.2,1.2,8.3,7.2,2.3,4.6,0.3
6,53,2,13,0.2,1.3,0.7,1.7,3.6,0.2,0.9,1.7,0.9,1.5,0.3
6,79,1,1,0.1,0,0.1,0.1,0.2,0,0.1,0.2,0,0.1,0.1
6,51,3,54,2.6,3.6,3.1,6.3,8.7,0.5,7.7,15.8,3.7,1,1
6,113,3,51,3.7,5.3,2.2,8.7,8.7,1.1,7.8,6.8,2.2,4.3,0.2
6,52,2,69,0.8,2.8,5,6.2,15.1,1.2,7.3,13.8,4.2,11.5,1.1
6,56,1,3,0,0,0.1,0.4,0.8,0.1,0.3,1,0.2,0.1,0
6,112,1,2,0.2,0.2,0.1,0.3,0.3,0,0.3,0.3,0.1,0.2,0
6,127,1,2,0.1,0.1,0.1,0.2,0.4,0,0.3,0.4,0.1,0.1,0.2
6,57,2,8,0,0,0.2,1.2,2,0.2,0.9,2.6,0.6,0.3,0
6,64,1,3,0.1,0.2,0,0.4,0.5,0.1,0.6,0.5,0,0.6,0
6,109,1,1,0,0.1,0.1,0.1,0.3,0,0.2,0.1,0,0.1,0
40,10,3,20,0.4,1.4,0,2,4.6,0,4.1,3.9,1.5,2.1,0
40,11,2,101.5,2.3,7.3,5,12.3,24.3,6,10.6,15.2,7.6,10.9,0
40,12,1,7,0.1,0.2,0,0.8,1.3,0,1.7,1.5,0.6,0.8,0
40,62,1,3,0.2,0.4,0,0.3,0.7,0,0.5,0.5,0.2,0.2,0
40,82,1,215.5,9.6,16.4,14.1,41.8,40.3,4,39.4,29.5,8.8,9.6,2
40,60,1,86,2,17,3,5.6,25.3,2,4.7,19.7,4,2.7,0
40,83,2,8,0.2,0.8,0.3,1,1.3,0,1.6,1.9,0.3,0.6,0
40,85,1,6,0.1,0.7,0.8,0.2,1.5,0.2,1.1,0.6,0.3,0.1,0.4
40,80,1,16,0.2,1.8,1.2,1.8,4.1,0,0.7,3.2,0.7,2.3,0
40,67,2,69.5,3,6.7,5.4,25.8,13.6,2,5.3,2.5,3.3,1.6,0.3
40,81,1,215.5,7.6,17.2,6.1,30.5,52.9,4,32.6,43.3,11.2,10.1,0
40,61,0,120.5,6,11.5,10,20,26,4,19,14,9,0,1
40,53,1,6,0.2,0.4,0,0.5,0.5,0,1.8,1.8,0,0.4,0.4
40,35,2,35.5,0.3,2.7,2.8,3.2,7,0,5.1,8.7,3,2.1,0.6
40,52,2,9,0.3,0.6,0,0.7,0.8,0,2.7,2.7,0,0.6,0.6
22,3,2,20,0.7,1.4,0.7,3.9,2.1,0,4.6,4.3,1,1,0.3
22,4,2,54,0.9,3.9,3,6.2,9.9,0,12.1,10.7,1.4,4.4,1.5
22,35,1,2,0,0.1,0.1,0.3,0.5,0,0.4,0.3,0.1,0.2,0
13,14,1,4,0.1,0.3,0.2,0.5,0.8,0,0.9,0.8,0.1,0.3,0
13,5,1,102,3,12.5,4.7,8.4,24.4,0.1,18.7,15.8,3.4,9,2
13,79,1,5,0,0.4,0.2,0.9,0.8,0.1,0.8,0.8,0.5,0.5,0
13,105,1,1,0.1,0,0,0.3,0.2,0,0.2,0.1,0.1,0,0
13,92,1,2,0,0.1,0.2,0.1,0.5,0,0.4,0.5,0,0.2,0
13,123,1,11,0.6,0.8,0.9,1.7,2.1,0,0.7,1.7,0.8,1.1,0.6
13,91,1,2,0,0.1,0.2,0.1,0.5,0,0.4,0.5,0,0.2,0
21,3,2,10,0.4,0.7,0.4,2,1,0,2.3,2.1,0.5,0.5,0.1
21,101,2,15,0.8,1.4,0.4,1.4,4.2,0.6,2.6,1.6,1.4,0.4,0.2
21,86,3,41,1.8,3.5,2.4,6.5,8.8,0.6,5.8,9.4,1.1,1.1,0
21,116,1,2,0.1,0.2,0.2,0.1,0.5,0,0.5,0.3,0,0.1,0
21,67,3,28,0.7,3.5,1.6,4.8,5.1,0.9,3.8,3.8,2.7,1.1,0
21,100,2,13,0.6,1.3,0.3,1.3,3.6,0.5,2.3,1.4,1.2,0.3,0.2
121,109,3,11,0.4,0.9,0.2,1.6,1.7,0.5,1.6,1.7,1.3,0.9,0.2
121,48,1,64,4,3.5,5.3,11.3,13,0,7.8,11.7,2.9,2,2.5
121,110,4,39,1.4,3.9,0.3,5.7,6.9,0.6,4.3,9.6,0.9,5.1,0.3
121,69,2,20,1.1,3,0.5,3.6,4.3,0.4,2.5,2.5,0.7,1.3,0.1
121,68,2,99.5,9.3,7.4,5.1,23.2,18.9,1.4,7.9,14.9,2.8,6.4,2.2
121,112,1,23,0.9,2.3,0.2,3.3,4.1,0.3,2.5,5.7,0.5,3,0.2
121,61,1,2,0.1,0.3,0,0.4,0.4,0,0.3,0.3,0.1,0.1,0
121,16,1,4,0.1,0.2,0.2,0.8,0.7,0,0.6,0.6,0.4,0.3,0.1
121,23,1,3,0.1,0.4,0.2,0.5,0.7,0,0.4,0.4,0.2,0,0.1
121,24,1,3,0.1,0.4,0.2,0.5,0.7,0,0.4,0.4,0.2,0,0.1
121,111,1,139,4.5,11.2,13.1,21.7,19.1,5.2,20.3,27.9,6.3,8.6,1.1
121,67,2,16,0.9,2.4,0.3,2.9,3.4,0.2,2.1,2.1,0.6,1,0.1
122,109,1,1,0,0.1,0,0.1,0.2,0,0.2,0.2,0.1,0.1,0
122,32,2,21,0.9,1.8,1.8,4.1,4.9,0.4,4.5,0.9,0.4,1.3,0
122,47,2,25.5,0,3,2.7,2.7,7,0,3.2,4.3,2.1,0,0.5
122,24,2,133.5,7.3,9.8,9.9,20.5,26.4,4.6,16.3,22.7,10.9,4,1.1
122,68,2,84.5,5.3,4.9,4.6,20.1,19.3,4.1,9.8,2.8,11.2,1.4,1
122,48,0,61,4,7,4,5,15,1,3,12,3,7,0
122,112,2,4,0.1,0.4,0,0.6,0.7,0.1,0.4,1.1,0.1,0.5,0
122,110,1,91,6.7,10.1,10,13.9,18.1,3.1,8.7,7.5,7.1,5.8,0
122,126,1,1,0,0,0.1,0.2,0.2,0,0.1,0.2,0.1,0.1,0
122,25,3,37,1.3,3.4,1.3,5.4,8.1,0.7,7.4,6.7,1.3,1.4,0
122,111,2,141.5,5.1,8.2,2.2,20.9,17.8,1.9,18.9,41.6,3.1,18.6,3.2
122,23,2,30,1.4,3.9,1.8,5.3,7.1,0.4,4,3.6,1.8,0,0.7
122,67,1,12.5,0.7,1.9,0.3,2.2,2.7,0.2,1.6,1.6,0.4,0.8,0.1
8,28,2,13,0,0,1.7,0.6,4.6,0,2.2,2.8,0,1.1,0
8,23,1,1,0,0,0.1,0,0.4,0,0.2,0.2,0,0.1,0
8,125,1,6,0.1,0.4,0.4,1,0.7,0,1.2,1.4,0.3,0.4,0.1
8,109,3,30,1.4,1.4,0.9,5.9,5.9,0.5,6.9,2.6,2.2,1.6,0.7
8,126,3,30,0.4,2.1,2.2,4.7,3.3,0,6,6.9,1.7,2.2,0.5
8,78,1,1,0,0.1,0.1,0,0.2,0,0.2,0.1,0,0.2,0.1
8,62,1,5,0.4,0.3,0.3,1.4,0.8,0,0.7,0.4,0.6,0,0.1
8,106,1,1,0,0.1,0,0.2,0.2,0,0.2,0.2,0,0.1,0
8,108,1,10,0.5,0.5,0.3,1.9,2,0.2,2.3,0.9,0.7,0.5,0.2
8,57,1,2,0,0,0.2,0.1,0.4,0.1,0.3,0.5,0.1,0.2,0.1
